#scan	iMeasureCycle=1	iMux=0	time=0.138	N=482	LocalTime=31/10/2023 14:59:48
#VGate(V)	IGate(A)	time(s)	VDrain(V)	IDrain(A)	time(s)
-60	-1.3302E-06	0.275367	0.0800021	-2.1341E-10	0.275367
-59.5	-1.2049E-06	0.449722	0.0800004	-1.1E-10	0.449722
-59	-7.3027E-07	0.589127	0.0799995	8.202E-11	0.589127
-58.5	-4.9221E-06	0.764086	0.0800237	2.077E-10	0.764086
-58	-3.5667E-06	0.905329	0.0799968	3.0343E-10	0.905329
-57.5001	-2.71751E-06	1.067599	0.0799892	4.797E-10	1.067599
-57	-3.90362E-06	1.234482	0.0799943	7.83E-11	1.234482
-56.5	-2.05292E-06	1.372956	0.0800049	-1.919E-11	1.372956
-56	-1.5898E-06	1.551153	0.0800008	5.22E-11	1.551153
-55.5	-4.07741E-07	1.69254	0.0800004	-7.47E-12	1.69254
-55	-4.59818E-07	1.87335	0.0799997	6.96E-12	1.87335
-54.5	-4.85352E-07	2.023213	0.0800003	1.1E-11	2.023213
-54	-4.49854E-07	2.172931	0.08	3.71E-12	2.172931
-53.5	-7.59726E-07	2.356718	0.0800009	8.943E-11	2.356718
-53	-3.51439E-07	2.506525	0.0800004	-4.47E-12	2.506525
-52.5	-4.68099E-07	2.656299	0.0799989	-2.656E-11	2.656299
-52	-6.1452E-07	2.858161	0.0800001	-8.18E-11	2.858161
-51.5	-2.11734E-07	2.999622	0.0799996	-1.399E-11	2.999622
-51	-4.1452E-07	3.176953	0.080004	3.582E-11	3.176953
-50.5	-2.12293E-07	3.36648	0.0799998	-2.149E-11	3.36648
-50	-1.74029E-06	3.543054	0.0799978	-3.33E-11	3.543054
-49.5	-3.0035E-07	3.681465	0.0799992	-2.071E-11	3.681465
-49	-1.51151E-06	3.870734	0.0799995	3.9E-11	3.870734
-48.5	-2.72048E-07	4.010373	0.0800003	-2.701E-11	4.010373
-48	-2.43434E-07	4.16641	0.0800008	-6.565E-11	4.16641
-47.5	-2.57307E-07	4.346593	0.0799998	-4.85E-11	4.346593
-47	-2.92013E-07	4.502652	0.0799997	-5.886E-11	4.502652
-46.5	-2.8241E-07	4.658567	0.0800001	-5.409E-11	4.658567
-46	-2.2197E-07	4.849344	0.0799997	-5.14E-11	4.849344
-45.5	-3.3276E-07	5.011359	0.08	-3.62E-11	5.011359
-45	-2.14442E-07	5.152797	0.0799998	-4.537E-11	5.152797
-44.5	-1.945E-07	5.306109	0.0800002	-4.064E-11	5.306109
-44	-1.5813E-07	5.480151	0.0800002	-5.38E-11	5.480151
-43.5	-6.013E-07	5.63121	0.0800013	-1.012E-10	5.63121
-43	-2.54922E-07	5.772594	0.080001	-6.721E-11	5.772594
-42.5	-2.2693E-07	5.951699	0.0799999	-5.66E-11	5.951699
-42	-1.44827E-07	6.093097	0.08	-5.02E-11	6.093097
-41.5	-1.42284E-07	6.242852	0.08	-5.107E-11	6.242852
-41	-1.43577E-07	6.399008	0.08	-4.84E-11	6.399008
-40.5	-1.55145E-06	6.564522	0.0800237	5.82E-11	6.564522
-40	-1.56045E-07	6.706005	0.0800001	-4.757E-11	6.706005
-39.5	-1.39063E-07	6.879671	0.0799999	-4.681E-11	6.879671
-39	-2.0307E-07	7.029512	0.0800001	-3.316E-11	7.029512
-38.5	-6.98229E-08	7.196688	0.0800002	-3.83E-11	7.196688
-38	-1.48961E-07	7.389777	0.0800004	-2.257E-11	7.389777
-37.5	-9.5646E-08	7.572592	0.08	-2.8E-12	7.572592
-37	-8.6065E-08	7.738097	0.0799996	-4.26E-11	7.738097
-36.5	-1.08148E-07	7.935229	0.0799988	-1.687E-11	7.935229
-36	-7.7871E-08	8.084989	0.0800001	1.97E-12	8.084989
-35.5	-2.26671E-06	8.238165	0.0799928	-1.7143E-10	8.238165
-34.9999	-4.77531E-08	8.407969	0.0799999	2.1E-11	8.407969
-34.5	-5.9428E-08	8.563787	0.08	4.181E-11	8.563787
-34	-5.2997E-08	8.741993	0.0799997	6.85E-11	8.741993
-33.5	-5.699E-08	8.91668	0.0799999	6.8E-11	8.91668
-33	-6.012E-07	9.095268	0.0800245	6E-11	9.095268
-32.5	-4.29679E-07	9.236628	0.0799991	1.9427E-10	9.236628
-32	-1.04036E-06	9.422499	0.0799895	2.69E-10	9.422499
-31.5	-2.4255E-07	9.56552	0.0799998	3.6393E-10	9.56552
-31	-1.94107E-07	9.715396	0.08	4.555E-10	9.715396
-30.5	-1.807E-07	9.927503	0.0800031	6.212E-10	9.927503
-30	-1.37378E-07	10.068994	0.0799996	7.9193E-10	10.068994
-29.5	-1.3212E-07	10.242677	0.08	1.0275E-09	10.242677
-29	-6.23553E-08	10.39847	0.0800001	1.3019E-09	10.39847
-28.4999	-5.36326E-08	10.54831	0.0799991	1.64466E-09	10.54831
-28	-2.2858E-08	10.71659	0.0800003	2.0231E-09	10.71659
-27.5001	-1.59757E-08	10.89647	0.0799999	2.55255E-09	10.89647
-27.0001	-2.48865E-08	11.046414	0.0800004	3.24235E-09	11.046414
-26.5	-7.84E-08	11.228806	0.0799999	2.47E-09	11.228806
-26	-7.13804E-08	11.411254	0.0799998	3.94645E-09	11.411254
-25.5	-1.07584E-06	11.5795	0.0800004	4.331E-09	11.5795
-25.0001	-1.18872E-05	11.738476	0.079605	6.0525E-09	11.738476
-24.5	-5.0337E-07	11.916106	0.079984	8.0779E-09	11.916106
-24	-2.5051E-06	12.067539	0.0799998	9.56E-09	12.067539
-23.5	-3.9695E-07	12.211008	0.0800013	1.3113E-08	12.211008
-23	-2.15237E-07	12.371065	0.08	1.64611E-08	12.371065
-22.5	-7.2242E-07	12.518308	0.0799979	2.11946E-08	12.518308
-22	-4.62463E-06	12.668141	0.0799923	2.79327E-08	12.668141
-21.5	-2.60218E-06	12.791627	0.0799973	3.30578E-08	12.791627
-21	-3.06453E-06	12.91525	0.0800019	4.10607E-08	12.91525
-20.5	-2.71212E-06	13.062661	0.0799928	4.86754E-08	13.062661
-20	-3.4461E-06	13.213348	0.0800006	5.575E-08	13.213348
-19.5001	-3.311E-06	13.41912	0.0799948	5.775E-08	13.41912
-19	-3.12126E-07	13.565281	0.0800008	7.22541E-08	13.565281
-18.5	-4.30719E-07	13.717573	0.079999	8.69541E-08	13.717573
-18	-5.99401E-07	13.880225	0.0799999	1.03321E-07	13.880225
-17.5	-6.45804E-07	14.003795	0.0800001	1.21475E-07	14.003795
-17	-5.9313E-07	14.127279	0.0800001	1.42258E-07	14.127279
-16.5	-5.04963E-07	14.25086	0.0799999	1.65413E-07	14.25086
-16	-4.45045E-07	14.376112	0.0800002	1.9147E-07	14.376112
-15.5002	-2.18031E-05	14.535212	0.0799975	2.5929E-07	14.535212
-15.0002	-8.1247E-06	14.685633	0.080014	2.67955E-07	14.685633
-14.4998	-1.2387E-06	14.830814	0.0799984	2.7503E-07	14.830814
-14	-2.91684E-05	14.96509	0.0799986	3.94549E-07	14.96509
-13.5	-2.71192E-05	15.088595	0.0800024	4.35297E-07	15.088595
-13	-2.497E-05	15.212098	0.08	4.81247E-07	15.212098
-12.5	-2.38219E-05	15.36018	0.0800002	5.33384E-07	15.36018
-12	-2.39895E-05	15.483757	0.0799999	5.93557E-07	15.483757
-11.5	-2.17654E-05	15.607294	0.0799991	6.47744E-07	15.607294
-11.0002	-4.78092E-05	15.752502	0.0800005	8.0697E-07	15.752502
-10.5	-1.78087E-05	15.900956	0.0800001	7.6883E-07	15.900956
-10	-2.72146E-05	16.027431	0.0800002	8.8082E-07	16.027431
-9.5	-2.26762E-05	16.150943	0.0800002	9.40678E-07	16.150943
-9	-1.74139E-05	16.277839	0.0799999	9.986E-07	16.277839
-8.5	-1.62213E-05	16.401434	0.0800003	1.07684E-06	16.401434
-8	-1.44521E-05	16.524987	0.08	1.15675E-06	16.524987
-7.5	-1.24925E-05	16.648531	0.0800005	1.2363E-06	16.648531
-7	-1.10277E-05	16.772112	0.0800002	1.32214E-06	16.772112
-6.5	-9.19604E-06	16.898548	0.0800001	1.4084E-06	16.898548
-6	-8.4131E-06	17.022097	0.0799998	1.50292E-06	17.022097
-5.5	-7.70385E-06	17.14559	0.08	1.59908E-06	17.14559
-5	-6.37366E-06	17.269185	0.0799999	1.69413E-06	17.269185
-4.5	-5.11507E-06	17.39272	0.08	1.7913E-06	17.39272
-4	-3.77955E-06	17.516316	0.0799998	1.88923E-06	17.516316
-3.5	-2.81246E-06	17.63989	0.0799999	1.9911E-06	17.63989
-3	-2.104E-06	17.763428	0.0799999	2.09661E-06	17.763428
-2.5	-1.36541E-06	17.886953	0.08	2.20154E-06	17.886953
-2	-7.46085E-07	18.013414	0.08	2.31045E-06	18.013414
-1.5	-2.94803E-07	18.13693	0.08	2.42232E-06	18.13693
-1	-8.9845E-08	18.260527	0.08	2.53517E-06	18.260527
-0.5	-8.2449E-09	18.407486	0.08	2.64873E-06	18.407486
0	2.90924E-09	18.557342	0.0799999	2.76684E-06	18.557342
0.4999	9.9221E-10	18.707176	0.0800002	2.88156E-06	18.707176
1	1.43645E-09	18.885751	0.0800002	2.99666E-06	18.885751
1.5	6.78215E-09	19.03568	0.0800002	3.11328E-06	19.03568
1.9999	6.9356E-10	19.185488	0.0799998	3.23209E-06	19.185488
2.5	6.549E-10	19.335329	0.08	3.35188E-06	19.335329
2.9999	5.3684E-10	19.498333	0.08	3.46825E-06	19.498333
3.4999	4.1148E-10	19.648258	0.0799999	3.58701E-06	19.648258
4	4.4206E-10	19.798133	0.08	3.70397E-06	19.798133
4.5	4.2699E-10	19.948073	0.08	3.82495E-06	19.948073
4.9999	4.5168E-10	20.098311	0.0800001	3.94188E-06	20.098311
5.4999	4.5065E-10	20.248117	0.0800001	4.05921E-06	20.248117
5.9999	4.4528E-10	20.41288	0.0800001	4.17424E-06	20.41288
6.4999	4.3313E-10	20.562717	0.0800001	4.29144E-06	20.562717
6.9999	4.2704E-10	20.712587	0.08	4.41031E-06	20.712587
7.5	4.0968E-10	20.88801	0.0799999	4.52188E-06	20.88801
8	4.2665E-10	21.037896	0.0800001	4.63796E-06	21.037896
8.5	4.9286E-10	21.187727	0.0799999	4.75331E-06	21.187727
9	4.9846E-10	21.337663	0.08	4.86721E-06	21.337663
9.4999	5.2518E-10	21.504419	0.0800001	4.98055E-06	21.504419
9.9999	5.4007E-10	21.654257	0.0799999	5.09777E-06	21.654257
10.4999	5.7781E-10	21.804131	0.0800001	5.21266E-06	21.804131
10.9999	5.191E-10	21.954082	0.08	5.32438E-06	21.954082
11.4999	5.4637E-10	22.10395	0.08	5.43586E-06	22.10395
11.9999	5.5346E-10	22.253697	0.08	5.54907E-06	22.253697
12.4999	5.7475E-10	22.417942	0.0799999	5.6592E-06	22.417942
12.9999	7.3957E-10	22.567775	0.0799999	5.76783E-06	22.567775
13.5001	8.3093E-10	22.717707	0.08	5.87971E-06	22.717707
14	8.9343E-10	22.889494	0.0800001	5.9876E-06	22.889494
14.4999	8.5591E-10	23.039415	0.0799999	6.09744E-06	23.039415
15	8.8563E-10	23.189202	0.0800001	6.20243E-06	23.189202
15.4999	9.1007E-10	23.338999	0.0799998	6.31087E-06	23.338999
15.9999	9.3316E-10	23.50942	0.08	6.41535E-06	23.50942
16.4999	9.7759E-10	23.659268	0.0799999	6.52006E-06	23.659268
17	1.11269E-09	23.809158	0.0799999	6.62514E-06	23.809158
17.4999	1.20025E-09	23.959115	0.0800001	6.72993E-06	23.959115
18	1.25132E-09	24.109039	0.08	6.83198E-06	24.109039
18.5	1.3322E-09	24.258786	0.0800001	6.93608E-06	24.258786
18.9999	1.67584E-09	24.423077	0.08	7.03686E-06	24.423077
19.5	1.84135E-09	24.572943	0.0799998	7.13847E-06	24.572943
20	2.33059E-09	24.722769	0.0800001	7.24056E-06	24.722769
20.5	2.63381E-09	24.894522	0.0799999	7.33864E-06	24.894522
21	3.51058E-09	25.044428	0.08	7.43782E-06	25.044428
21.5	3.51649E-09	25.194427	0.0800001	7.5377E-06	25.194427
21.9999	4.058E-09	25.344433	0.08	7.63498E-06	25.344433
22.5	4.73888E-09	25.513672	0.0799999	7.73306E-06	25.513672
23	5.24215E-09	25.66372	0.08	7.82941E-06	25.66372
23.4999	5.70718E-09	25.813741	0.0799999	7.92966E-06	25.813741
24	5.96527E-09	25.963775	0.0800001	8.02458E-06	25.963775
24.5	6.33711E-09	26.114662	0.08	8.12059E-06	26.114662
25	6.95755E-09	26.264646	0.0800002	8.21725E-06	26.264646
25.5	6.40921E-09	26.428301	0.0799999	8.31199E-06	26.428301
26	6.93204E-09	26.578361	0.0800003	8.40659E-06	26.578361
26.4999	7.06398E-09	26.728414	0.0799998	8.49838E-06	26.728414
26.9999	8.05677E-09	26.903658	0.08	8.59189E-06	26.903658
27.4999	8.27918E-09	27.053748	0.08	8.68335E-06	27.053748
27.9999	8.03225E-09	27.20374	0.08	8.77396E-06	27.20374
28.5	7.54727E-09	27.353778	0.0800001	8.86543E-06	27.353778
28.9999	7.84379E-09	27.519807	0.0799999	8.95755E-06	27.519807
29.4999	9.18586E-09	27.669892	0.0799999	9.04846E-06	27.669892
29.9999	8.78245E-09	27.819949	0.0799999	9.13783E-06	27.819949
30.5	9.29478E-09	27.970148	0.0799999	9.22788E-06	27.970148
30.9999	9.31012E-09	28.120216	0.08	9.31669E-06	28.120216
31.5	9.39288E-09	28.270224	0.0799998	9.40606E-06	28.270224
31.9999	9.24687E-09	28.433898	0.0799999	9.49626E-06	28.433898
32.4999	9.3044E-09	28.584196	0.0800001	9.5814E-06	28.584196
32.9999	9.2385E-09	28.728242	0.0800001	9.67058E-06	28.728242
33.4999	9.666E-09	28.851758	0.0800001	9.75652E-06	28.851758
33.9999	1.03885E-08	28.996138	0.08	9.84416E-06	28.996138
34.4999	1.03196E-08	29.11965	0.08	9.93081E-06	29.11965
34.9999	1.10069E-08	29.243131	0.0800001	1.001831E-05	29.243131
35.4999	1.12484E-08	29.366662	0.08	1.010517E-05	29.366662
35.9999	1.1857E-08	29.497175	0.08	1.019044E-05	29.497175
36.4999	1.16101E-08	29.620775	0.0799999	1.027518E-05	29.620775
36.9999	1.16606E-08	29.744289	0.0800001	1.036023E-05	29.744289
37.4999	1.22274E-08	29.867777	0.08	1.044396E-05	29.867777
37.9999	1.19867E-08	30.001567	0.0799999	1.05205E-05	30.001567
38.4999	1.29764E-08	30.12506	0.0800001	1.06054E-05	30.12506
38.9999	1.24943E-08	30.248517	0.0799999	1.06916E-05	30.248517
39.4999	1.3009E-08	30.396168	0.08	1.07734E-05	30.396168
39.9999	1.31809E-08	30.519757	0.0800001	1.08581E-05	30.519757
40.4999	1.34883E-08	30.643335	0.08	1.09403E-05	30.643335
40.9999	1.47063E-08	30.766836	0.0799999	1.10258E-05	30.766836
41.4999	1.80638E-08	30.9089	0.0800001	1.1109E-05	30.9089
41.9999	6.45187E-08	31.03264	0.0800001	1.11997E-05	31.03264
42.4999	9.24294E-08	31.176717	0.0800001	1.12891E-05	31.176717
43	9.9241E-08	31.306433	0.08	1.1376E-05	31.306433
43.5	9.645E-08	31.429951	0.08	1.14562E-05	31.429951
44	9.5643E-08	31.553545	0.08	1.15395E-05	31.553545
44.5	9.4811E-08	31.677382	0.08	1.16202E-05	31.677382
45	9.4937E-08	31.800904	0.0799999	1.17035E-05	31.800904
45.5	9.3974E-08	31.92443	0.08	1.17861E-05	31.92443
46	9.2179E-08	32.048209	0.08	1.18665E-05	32.048209
46.5	9.279E-08	32.171689	0.0800001	1.19475E-05	32.171689
47	9.41E-08	32.295286	0.08	1.20297E-05	32.295286
47.5	9.3874E-08	32.418799	0.0799999	1.2108E-05	32.418799
48	9.3997E-08	32.542403	0.08	1.21852E-05	32.542403
48.5	9.1949E-08	32.665967	0.08	1.22674E-05	32.665967
49	8.8388E-08	32.789476	0.0800002	1.2344E-05	32.789476
49.5	9.3643E-08	32.917711	0.0800001	1.24229E-05	32.917711
50	9.2738E-08	33.041332	0.08	1.25033E-05	33.041332
50.5	9.2457E-08	33.164848	0.0799999	1.2577E-05	33.164848
51	9.226E-08	33.288348	0.0799999	1.26581E-05	33.288348
51.5	9.5485E-08	33.418608	0.0799998	1.27344E-05	33.418608
52	9.6513E-08	33.542212	0.0800001	1.28092E-05	33.542212
52.5	9.6107E-08	33.66578	0.0800001	1.28868E-05	33.66578
53	9.6181E-08	33.789332	0.0799999	1.29645E-05	33.789332
53.5	9.8341E-08	33.915534	0.08	1.30412E-05	33.915534
54	9.9911E-08	34.039163	0.0800001	1.31142E-05	34.039163
54.5	9.9098E-08	34.162661	0.08	1.31879E-05	34.162661
55	1.01918E-07	34.286262	0.08	1.32657E-05	34.286262
55.5	9.7463E-08	34.420749	0.0800001	1.33429E-05	34.420749
56	1.00246E-07	34.544356	0.08	1.34136E-05	34.544356
56.5	1.00061E-07	34.667932	0.08	1.34957E-05	34.667932
57	9.8391E-08	34.791595	0.0800001	1.35615E-05	34.791595
57.5	1.024E-07	34.922074	0.0799998	1.36356E-05	34.922074
58	1.02185E-07	35.045681	0.08	1.37078E-05	35.045681
58.5	1.00302E-07	35.169185	0.08	1.37802E-05	35.169185
59	9.8828E-08	35.292642	0.0799999	1.38538E-05	35.292642
59.5	1.03068E-07	35.423327	0.0800001	1.39277E-05	35.423327
60	9.8652E-08	35.546909	0.08	1.40027E-05	35.546909
60	9.9446E-08	35.670508	0.08	1.39914E-05	35.670508
59.5	9.5427E-08	35.794027	0.0799999	1.39028E-05	35.794027
59	9.5534E-08	35.919764	0.0800001	1.38156E-05	35.919764
58.5	9.5525E-08	36.043358	0.0799999	1.37281E-05	36.043358
58	9.4372E-08	36.166847	0.08	1.36382E-05	36.166847
57.5	9.3249E-08	36.290431	0.0800001	1.35507E-05	36.290431
57	9.1114E-08	36.425047	0.0800001	1.34568E-05	36.425047
56.5	9.0598E-08	36.548667	0.08	1.33696E-05	36.548667
56	8.91871E-08	36.689719	0.0800001	1.3279E-05	36.689719
55.5	9.18262E-08	36.813233	0.0800001	1.31897E-05	36.813233
55	8.82975E-08	36.93674	0.08	1.31023E-05	36.93674
54.5001	8.81757E-08	37.060334	0.0799998	1.30104E-05	37.060334
54	8.96558E-08	37.183819	0.0800002	1.2922E-05	37.183819
53.5	8.77789E-08	37.307417	0.0800001	1.28331E-05	37.307417
53	8.74452E-08	37.430939	0.0799999	1.27432E-05	37.430939
52.5	8.65632E-08	37.554546	0.08	1.26525E-05	37.554546
52	8.90908E-08	37.678132	0.0800001	1.25655E-05	37.678132
51.5	8.56605E-08	37.801672	0.0799998	1.24794E-05	37.801672
51	8.67823E-08	37.92847	0.0799998	1.23873E-05	37.92847
50.5	8.44075E-08	38.052062	0.08	1.22948E-05	38.052062
50	8.65483E-08	38.175594	0.0799999	1.22098E-05	38.175594
49.5001	8.67901E-08	38.299065	0.08	1.21188E-05	38.299065
49.0001	8.71253E-08	38.429244	0.0800002	1.20269E-05	38.429244
48.5	8.77994E-08	38.55285	0.08	1.19385E-05	38.55285
48.0001	8.34763E-08	38.676425	0.0799999	1.18404E-05	38.676425
47.5	8.52463E-08	38.799901	0.0799999	1.17513E-05	38.799901
47	8.42267E-08	38.93046	0.08	1.16594E-05	38.93046
46.5001	8.39206E-08	39.054059	0.08	1.15681E-05	39.054059
46	8.31254E-08	39.177563	0.08	1.14765E-05	39.177563
45.5	8.31097E-08	39.301015	0.0800001	1.13838E-05	39.301015
45	7.9734E-08	39.431382	0.0799999	1.12881E-05	39.431382
44.5	7.92413E-08	39.554996	0.08	1.11986E-05	39.554996
44	7.9263E-08	39.678567	0.08	1.11066E-05	39.678567
43.5	7.83028E-08	39.802071	0.0800001	1.10119E-05	39.802071
43	7.23332E-08	39.928139	0.08	1.09188E-05	39.928139
42.5	7.51295E-08	40.051743	0.08	1.08276E-05	40.051743
42	7.50084E-08	40.175208	0.08	1.07338E-05	40.175208
41.5001	7.26509E-08	40.298702	0.0799999	1.064E-05	40.298702
41	7.41319E-08	40.433532	0.0799999	1.05469E-05	40.433532
40.5001	7.51097E-08	40.557111	0.08	1.04523E-05	40.557111
40	7.03337E-08	40.680677	0.0800001	1.03556E-05	40.680677
39.5001	7.41081E-08	40.804148	0.08	1.02616E-05	40.804148
39	7.06147E-08	40.934306	0.08	1.0167E-05	40.934306
38.5001	7.07001E-08	41.057916	0.0800001	1.00745E-05	41.057916
38	7.12939E-08	41.181403	0.08	9.9792E-06	41.181403
37.5	7.09716E-08	41.30491	0.0799999	9.8822E-06	41.30491
37	7.14033E-08	41.435745	0.0799999	9.7909E-06	41.435745
36.5	6.59907E-08	41.559402	0.0799999	9.6948E-06	41.559402
36	5.82255E-08	41.68298	0.0799999	9.5995E-06	41.68298
35.5	5.07861E-08	41.806502	0.0799999	9.502E-06	41.806502
35	3.44217E-08	41.932535	0.0799999	9.4083E-06	41.932535
34.5	2.53183E-08	42.056145	0.0800001	9.3105E-06	42.056145
34	2.19742E-08	42.179624	0.0799999	9.2169E-06	42.179624
33.5	1.96919E-08	42.303115	0.0799999	9.1164E-06	42.303115
33	1.78087E-08	42.433467	0.08	9.0186E-06	42.433467
32.5	1.60779E-08	42.559645	0.08	8.92792E-06	42.559645
32	1.55759E-08	42.683205	0.0799998	8.82892E-06	42.683205
31.5	1.49785E-08	42.806693	0.0799999	8.72715E-06	42.806693
31	1.41561E-08	42.934295	0.0800001	8.62846E-06	42.934295
30.5	1.30894E-08	43.057981	0.0800002	8.5246E-06	43.057981
30	1.24555E-08	43.181469	0.0799999	8.42718E-06	43.181469
29.5	1.2378E-08	43.304957	0.0799999	8.32774E-06	43.304957
29	1.2132E-08	43.435594	0.0799999	8.22548E-06	43.435594
28.5	1.14452E-08	43.559216	0.0800001	8.12244E-06	43.559216
28	1.11715E-08	43.682775	0.08	8.02118E-06	43.682775
27.5	1.09862E-08	43.806302	0.0799999	7.91744E-06	43.806302
27	1.09196E-08	43.936448	0.0800001	7.81463E-06	43.936448
26.5	1.06228E-08	44.060073	0.08	7.70941E-06	44.060073
26	1.06106E-08	44.183573	0.08	7.60551E-06	44.183573
25.5	1.09973E-08	44.307067	0.0799999	7.49787E-06	44.307067
25	1.02437E-08	44.437647	0.08	7.39452E-06	44.437647
24.5	9.7168E-09	44.561267	0.0800001	7.28975E-06	44.561267
24	9.1633E-09	44.684832	0.0800002	7.17884E-06	44.684832
23.5	8.7624E-09	44.808316	0.0800001	7.0711E-06	44.808316
23	8.06434E-09	44.957873	0.08	6.964E-06	44.957873
22.5	7.36254E-09	45.107969	0.0799999	6.85468E-06	45.107969
21.9999	6.99202E-09	45.257926	0.0799999	6.74576E-06	45.257926
21.5	5.08227E-09	45.442293	0.0799999	6.63866E-06	45.442293
21	6.32426E-09	45.592174	0.0799999	6.52643E-06	45.592174
20.4999	5.95145E-09	45.742178	0.08	6.41479E-06	45.742178
20	6.02259E-09	45.891955	0.0800001	6.30404E-06	45.891955
19.5	6.00264E-09	46.058214	0.0800001	6.1912E-06	46.058214
18.9999	5.70404E-09	46.208002	0.0799999	6.07607E-06	46.208002
18.5	5.76284E-09	46.357912	0.08	5.96142E-06	46.357912
18	5.28942E-09	46.507756	0.08	5.84615E-06	46.507756
17.5	4.97283E-09	46.659325	0.08	5.73026E-06	46.659325
16.9999	4.49007E-09	46.809197	0.08	5.61718E-06	46.809197
16.5	4.30248E-09	46.969655	0.0799998	5.49917E-06	46.969655
16	4.06636E-09	47.119581	0.0800001	5.38206E-06	47.119581
15.5	3.86245E-09	47.269408	0.0799998	5.26404E-06	47.269408
14.9999	3.82039E-09	47.449242	0.0800001	5.14748E-06	47.449242
14.4999	3.72464E-09	47.599145	0.0799999	5.02805E-06	47.599145
13.9999	1.83981E-09	47.749124	0.08	4.90899E-06	47.749124
13.5001	2.01283E-09	47.898924	0.08	4.79041E-06	47.898924
13	1.71977E-09	48.064308	0.0800001	4.66961E-06	48.064308
12.4999	1.56608E-09	48.214105	0.0800001	4.5485E-06	48.214105
12	1.27131E-09	48.364056	0.0799999	4.42773E-06	48.364056
11.5	1.15035E-09	48.513976	0.08	4.30418E-06	48.513976
10.9999	1.06796E-09	48.665325	0.08	4.18233E-06	48.665325
10.5	5.6289E-10	48.815157	0.0800001	4.05829E-06	48.815157
9.9999	3.2599E-10	48.979644	0.0799999	3.93296E-06	48.979644
9.4999	1.5521E-10	49.129751	0.0799998	3.8118E-06	49.129751
9	-1.891E-11	49.279588	0.08	3.68906E-06	49.279588
8.4999	-9.106E-11	49.46397	0.08	3.56362E-06	49.46397
8	-1.6212E-10	49.614016	0.08	3.43962E-06	49.614016
7.5	-2.6024E-10	49.76395	0.0800001	3.31531E-06	49.76395
6.9999	-3.5506E-10	49.913962	0.08	3.19091E-06	49.913962
6.4999	-1.6067E-10	50.06835	0.0799999	3.06651E-06	50.06835
6	-1.6444E-10	50.218135	0.08	2.94179E-06	50.218135
5.4999	-1.7771E-10	50.368026	0.0800001	2.81622E-06	50.368026
5	-1.8153E-10	50.517854	0.08	2.69265E-06	50.517854
4.4999	-1.9828E-10	50.669355	0.0799999	2.5694E-06	50.669355
4	-1.8936E-10	50.819194	0.08	2.44981E-06	50.819194
3.5	-1.9708E-10	50.984461	0.0799999	2.32874E-06	50.984461
3	-2.1045E-10	51.134471	0.08	2.20978E-06	51.134471
2.5	-2.1354E-10	51.284388	0.0800001	2.09262E-06	51.284388
1.9999	-2.0213E-10	51.468434	0.08	1.97795E-06	51.468434
1.4999	-2.1754E-10	51.618573	0.0799998	1.8651E-06	51.618573
1	-2.109E-10	51.768518	0.08	1.75233E-06	51.768518
0.4999	-2.1677E-10	51.918283	0.08	1.64358E-06	51.918283
0	-2.1247E-10	52.091277	0.0800001	1.5362E-06	52.091277
-0.5	-2.2774E-10	52.24112	0.0800001	1.43188E-06	52.24112
-1.0001	-2.3017E-10	52.391041	0.08	1.32876E-06	52.391041
-1.5	-2.3169E-10	52.540901	0.0800001	1.22805E-06	52.540901
-2	-2.3219E-10	52.690845	0.0799999	1.13051E-06	52.690845
-2.5	-2.4676E-10	52.840592	0.0799999	1.03612E-06	52.840592
-3.0001	-2.695E-10	52.990601	0.0800002	9.4526E-07	52.990601
-3.5001	-2.9871E-10	53.143367	0.0799999	8.58623E-07	53.143367
-4.0001	-9.804E-10	53.293177	0.08	7.76256E-07	53.293177
-4.5	-1.79395E-09	53.480294	0.0800001	6.98438E-07	53.480294
-5	-2.81806E-09	53.630292	0.0799999	6.25024E-07	53.630292
-5.5	-1.45909E-08	53.80836	0.0799998	5.56698E-07	53.80836
-6	-8.3564E-09	53.965374	0.08	4.92349E-07	53.965374
-6.5	-5.24154E-09	54.103978	0.0800001	4.33267E-07	54.103978
-7.0001	-4.77784E-09	54.254012	0.0800001	3.78281E-07	54.254012
-7.5	-1.5269E-08	54.39793	0.08	3.28748E-07	54.39793
-8	-1.06625E-08	54.521453	0.0799999	2.82572E-07	54.521453
-8.5	-1.16191E-08	54.645	0.08	2.40411E-07	54.645
-9	-8.8909E-09	54.768499	0.08	2.03675E-07	54.768499
-9.5001	-7.06284E-09	54.907004	0.08	1.70202E-07	54.907004
-10.0001	-6.69E-09	55.080556	0.08	1.42198E-07	55.080556
-10.5001	-6.22958E-09	55.23033	0.08	1.17347E-07	55.23033
-11.0001	-4.7831E-09	55.380258	0.08	9.6342E-08	55.380258
-11.5	-3.33301E-09	55.547429	0.0800007	7.87481E-08	55.547429
-12	-3.11059E-09	55.717705	0.0799981	6.43458E-08	55.717705
-12.5	-8.8204E-09	55.861564	0.0799992	5.26062E-08	55.861564
-13	-7.6503E-09	56.028333	0.0800006	4.27452E-08	56.028333
-13.5	-6.69011E-09	56.166807	0.0800006	3.47704E-08	56.166807
-14	-5.87286E-09	56.31664	0.0799993	2.84462E-08	56.31664
-14.5	-5.44105E-09	56.498	0.0799992	2.2923E-08	56.498
-15	-6.80806E-09	56.647913	0.0800014	1.84587E-08	56.647913
-15.5	-1.9542E-08	56.791748	0.0800281	1.45759E-08	56.791748
-16	-2.27918E-08	56.991628	0.0799993	1.10916E-08	56.991628
-16.5	-4.18123E-05	57.147295	0.0800008	1.595E-08	57.147295
-17	-2.56629E-05	57.288012	0.0800339	9.8753E-09	57.288012
-17.5	-2.65331E-05	57.411552	0.0799636	5.9632E-09	57.411552
-18	-2.07694E-05	57.535094	0.0799603	3.3031E-09	57.535094
-18.5	-1.92126E-05	57.701981	0.0799963	2.748E-09	57.701981
-19	-2.33922E-05	57.825571	0.0799877	2.5574E-09	57.825571
-19.5002	-1.3858E-05	58.019363	0.0799049	4.5164E-09	58.019363
-20	-3.20378E-05	58.189854	0.079988	1.5602E-09	58.189854
-20.5	-2.20777E-05	58.313364	0.0799942	-5.08E-10	58.313364
-21	-2.29728E-05	58.476057	0.0799898	-5.084E-10	58.476057
-21.5	-2.08101E-05	58.614561	0.080009	5.1547E-10	58.614561
-22	-2.07041E-05	58.793017	0.079998	6.018E-10	58.793017
-22.5	-1.77171E-05	58.978726	0.0799979	6.773E-10	58.978726
-23	-1.69648E-05	59.145735	0.08001	4.724E-10	59.145735
-23.5	-1.70563E-05	59.284155	0.0799914	4.4531E-10	59.284155
-24	-1.59455E-05	59.433948	0.0799914	1.4777E-10	59.433948
-24.5	-1.53991E-05	59.620592	0.0800036	2.98E-11	59.620592
-25	-1.6515E-05	59.759138	0.0800008	2.7581E-10	59.759138
-25.5	-1.67007E-05	59.908859	0.0799737	7.2673E-10	59.908859
-26	-1.49691E-05	60.058886	0.0799955	2.6431E-10	60.058886
-26.5	-1.25342E-05	60.20871	0.0800004	7.6539E-10	60.20871
-27	-1.05712E-05	60.35879	0.0799994	2.2334E-10	60.35879
-27.5	-8.6989E-06	60.537451	0.0799997	4.837E-10	60.537451
-28	-8.3361E-06	60.700588	0.0800004	1.448E-10	60.700588
-28.5	-8.19177E-06	60.841788	0.0799887	2.421E-10	60.841788
-29	-1.17991E-05	61.012676	0.079998	7.003E-11	61.012676
-29.5001	-7.739E-06	61.162534	0.0799993	3.6041E-10	61.162534
-30	-1.21109E-05	61.312297	0.0800052	2.0422E-10	61.312297
-30.5	-1.10781E-05	61.498799	0.0799978	1.1674E-10	61.498799
-31	-1.10482E-05	61.648583	0.0799984	6.836E-11	61.648583
-31.5	-7.54948E-06	61.801116	0.0799971	1.3171E-10	61.801116
-32	-8.6603E-06	62.034846	0.0799996	2.52E-10	62.034846
-32.5	-6.273E-06	62.176043	0.080001	1.6322E-10	62.176043
-33	-5.76579E-06	62.325801	0.079999	3.9159E-10	62.325801
-33.5	-1.90888E-06	62.521103	0.0799993	1.0278E-10	62.521103
-34	-1.5302E-06	62.703559	0.0799957	2.072E-10	62.703559
-34.5	-7.4536E-07	62.844807	0.0799989	1.162E-10	62.844807
-35	-5.95327E-07	63.017523	0.0799999	1.2079E-10	63.017523
-35.5	-8.91912E-07	63.173462	0.0799972	9.122E-11	63.173462
-36	-7.9354E-07	63.354971	0.0800002	1.435E-10	63.354971
-36.5	-1.16016E-05	63.53269	0.0799914	4.54E-10	63.53269
-37	-7.94257E-07	63.674152	0.0799997	6.853E-11	63.674152
-37.5	-1.38044E-06	63.829592	0.0800003	1.6017E-10	63.829592
-38	-1.02543E-06	64.017047	0.0799976	1.9303E-10	64.017047
-38.5	-8.7552E-07	64.166915	0.0799997	1.1567E-10	64.166915
-39	-1.02472E-06	64.316749	0.0800002	1.3391E-10	64.316749
-39.5	-1.19025E-06	64.506797	0.08	1.1198E-10	64.506797
-40	-1.27872E-06	64.685073	0.0800005	9.52E-11	64.685073
-40.5	-1.0643E-06	64.823566	0.0799996	1.2971E-10	64.823566
-41	-1.71668E-06	65.015947	0.0800085	1.9069E-10	65.015947
-41.5	-7.8965E-07	65.190236	0.0799924	1.3721E-10	65.190236
-42	-8.35547E-07	65.342872	0.0799999	1.0576E-10	65.342872
-42.5	-1.03736E-06	65.524344	0.0799998	1.1102E-10	65.524344
-43	-1.00216E-06	65.674148	0.0799996	8.468E-11	65.674148
-43.5	-8.54378E-07	65.826844	0.0800004	9.792E-11	65.826844
-44	-9.6298E-07	66.019077	0.0800001	9.864E-11	66.019077
-44.5	-9.7326E-07	66.169123	0.0800004	8.141E-11	66.169123
-45	-7.8931E-07	66.318893	0.0800009	1.0375E-10	66.318893
-45.5	-9.54954E-07	66.510721	0.0800002	1.1131E-10	66.510721
-46	-2.64911E-06	66.664349	0.0799992	2.4025E-10	66.664349
-46.5	-1.80637E-06	66.814182	0.0800086	3.8308E-10	66.814182
-47	-1.61522E-06	66.981135	0.0800015	3.636E-11	66.981135
-47.5	-1.25931E-06	67.131023	0.0800057	2.3398E-10	67.131023
-48	-1.49732E-06	67.309206	0.0799988	9.9E-11	67.309206
-48.5	-1.65693E-06	67.447589	0.0799977	1.0307E-10	67.447589
-49	-9.2868E-07	67.612056	0.0799993	1.9739E-10	67.612056
-49.5	-8.70414E-07	67.764985	0.0799998	1.2647E-10	67.764985
-50.0001	-3.15099E-06	67.91824	0.0800055	6.7645E-10	67.91824
-50.5	-4.09774E-06	68.084453	0.0799978	4.88E-11	68.084453
-51	-6.98641E-07	68.225927	0.0799999	1.1206E-10	68.225927
-51.5	-8.1176E-07	68.385702	0.0800007	1.164E-10	68.385702
-52	-8.2292E-07	68.548413	0.08	9.26E-11	68.548413
-52.5	-7.7112E-07	68.706619	0.0800001	1.009E-10	68.706619
-53	-1.02059E-06	68.869512	0.0800002	1.289E-10	68.869512
-53.5	-6.3886E-07	69.055544	0.0799996	1.0606E-10	69.055544
-54	-7.8208E-07	69.227762	0.0799999	5.08E-11	69.227762
-54.5	-6.76221E-07	69.369154	0.0800002	1.0781E-10	69.369154
-55	-8.29849E-07	69.52734	0.0800003	1.2408E-10	69.52734
-55.5	-1.28833E-06	69.704825	0.0799977	2.258E-11	69.704825
-56	-9.2955E-07	69.858323	0.0799999	1.0967E-10	69.858323
-56.5	-7.08927E-07	70.035297	0.0800004	1.1146E-10	70.035297
-57	-9.2912E-07	70.20849	0.0800015	1.663E-10	70.20849
-57.5	-9.287E-07	70.359338	0.0799999	7.22E-11	70.359338
-58	-7.0282E-07	70.53036	0.0800003	7.85E-11	70.53036
-58.5	-6.66179E-07	70.671818	0.0799998	8.519E-11	70.671818
-59	-8.1669E-07	70.82512	0.0799999	9.408E-11	70.82512
-59.5	-1.15393E-06	70.992241	0.0800129	8.939E-11	70.992241
-60	-1.26825E-06	71.142062	0.0799991	1.328E-10	71.142062
