#scan	iMeasureCycle=1	iMux=0	time=0.127	N=202	LocalTime=21/12/2023 10:18:42
#VGate(V)	IGate(A)	time(s)	VDrain(V)	IDrain(A)	time(s)
5	4.79683E-09	0.2812	-0.500001	-1.05012E-08	0.2812
4.89999	3.7723E-09	0.431413	-0.500001	-1.15864E-08	0.431413
4.8	3.33549E-09	0.581123	-0.500001	-1.31497E-08	0.581123
4.7	3.09195E-09	0.730903	-0.500001	-1.5113E-08	0.730903
4.59999	2.93102E-09	0.880738	-0.500001	-1.74083E-08	0.880738
4.49999	2.82143E-09	1.030581	-0.500001	-2.00746E-08	1.030581
4.39999	2.74485E-09	1.180432	-0.500001	-2.31421E-08	1.180432
4.3	2.79274E-09	1.363273	-0.500001	-2.66891E-08	1.363273
4.2	2.64851E-09	1.513215	-0.500001	-3.05832E-08	1.513215
4.1	2.60423E-09	1.66312	-0.5	-3.49839E-08	1.66312
3.99999	2.64669E-09	1.844435	-0.500001	-4.00105E-08	1.844435
3.9	2.54732E-09	1.994349	-0.500001	-4.55509E-08	1.994349
3.8	2.5127E-09	2.144274	-0.500001	-5.17594E-08	2.144274
3.69999	2.49265E-09	2.294085	-0.5	-5.85582E-08	2.294085
3.59999	2.47966E-09	2.461981	-0.500001	-6.61231E-08	2.461981
3.5	2.4561E-09	2.611722	-0.500001	-7.44415E-08	2.611722
3.39999	2.43103E-09	2.761646	-0.500001	-8.36848E-08	2.761646
3.3	2.40811E-09	2.911457	-0.500001	-9.38848E-08	2.911457
3.2	2.39303E-09	3.067647	-0.5	-1.05021E-07	3.067647
3.1	2.35735E-09	3.217518	-0.5	-1.17472E-07	3.217518
3.00001	2.3459E-09	3.379188	-0.5	-1.31188E-07	3.379188
2.9	2.29938E-09	3.529059	-0.5	-1.46222E-07	3.529059
2.8	2.27488E-09	3.679022	-0.5	-1.62728E-07	3.679022
2.7	2.24203E-09	3.861375	-0.5	-1.80696E-07	3.861375
2.6	2.20061E-09	4.011259	-0.5	-2.00388E-07	4.011259
2.49999	2.15689E-09	4.161124	-0.5	-2.21789E-07	4.161124
2.40001	2.11319E-09	4.3109	-0.5	-2.4497E-07	4.3109
2.29999	2.07386E-09	4.466885	-0.5	-2.7008E-07	4.466885
2.2	2.02239E-09	4.616641	-0.5	-2.97447E-07	4.616641
2.1	1.97607E-09	4.766504	-0.5	-3.2701E-07	4.766504
1.99999	1.92175E-09	4.916317	-0.5	-3.58979E-07	4.916317
1.89999	1.86609E-09	5.066493	-0.5	-3.93447E-07	5.066493
1.79999	1.80145E-09	5.216295	-0.5	-4.30253E-07	5.216295
1.7	1.72524E-09	5.376356	-0.5	-4.69344E-07	5.376356
1.59999	1.65146E-09	5.526165	-0.5	-5.10998E-07	5.526165
1.49999	1.57126E-09	5.675977	-0.5	-5.55037E-07	5.675977
1.4	1.48451E-09	5.850002	-0.5	-6.01154E-07	5.850002
1.3	1.39008E-09	5.999926	-0.5	-6.49985E-07	5.999926
1.2	1.27232E-09	6.149857	-0.5	-7.01267E-07	6.149857
1.09999	1.15613E-09	6.29967	-0.5	-7.54203E-07	6.29967
1	1.02152E-09	6.472732	-0.5	-8.092E-07	6.472732
0.89999	8.8819E-10	6.622497	-0.5	-8.66337E-07	6.622497
0.8	7.3918E-10	6.772339	-0.5	-9.25388E-07	6.772339
0.7	5.7452E-10	6.922178	-0.5	-9.86127E-07	6.922178
0.6	4.0427E-10	7.075443	-0.5	-1.04801E-06	7.075443
0.49999	2.1251E-10	7.225249	-0.5	-1.10931E-06	7.225249
0.39999	1.401E-11	7.381952	-0.5	-1.17017E-06	7.381952
0.29999	-1.9871E-10	7.531842	-0.5	-1.2294E-06	7.531842
0.2	-4.1551E-10	7.681673	-0.5	-1.28546E-06	7.681673
0.09999	-6.492E-10	7.855799	-0.5	-1.33822E-06	7.855799
-1E-05	-8.6248E-10	8.005654	-0.5	-1.3861E-06	8.005654
-0.1	-1.11343E-09	8.155565	-0.5	-1.4307E-06	8.155565
-0.19999	-1.3647E-09	8.305437	-0.5	-1.47152E-06	8.305437
-0.3	-1.61353E-09	8.476579	-0.5	-1.50923E-06	8.476579
-0.40001	-1.87104E-09	8.626359	-0.5	-1.54433E-06	8.626359
-0.5	-2.13109E-09	8.77621	-0.5	-1.57706E-06	8.77621
-0.60001	-2.39317E-09	8.926063	-0.5	-1.60774E-06	8.926063
-0.70001	-2.65184E-09	9.076426	-0.5	-1.63689E-06	9.076426
-0.80001	-2.89566E-09	9.226497	-0.5	-1.66423E-06	9.226497
-0.9	-3.1281E-09	9.386409	-0.5	-1.69005E-06	9.386409
-1.00001	-3.38776E-09	9.536284	-0.5	-1.71472E-06	9.536284
-1.1	-3.63512E-09	9.686108	-0.5	-1.73841E-06	9.686108
-1.20001	-3.85069E-09	9.860386	-0.5	-1.76114E-06	9.860386
-1.3	-4.09685E-09	10.01029	-0.5	-1.78233E-06	10.01029
-1.40001	-4.34176E-09	10.160163	-0.5	-1.80321E-06	10.160163
-1.5	-4.57717E-09	10.309969	-0.5	-1.82221E-06	10.309969
-1.60001	-4.80448E-09	10.481304	-0.5	-1.84149E-06	10.481304
-1.70001	-5.05352E-09	10.63113	-0.5	-1.85971E-06	10.63113
-1.80001	-5.29274E-09	10.781006	-0.5	-1.87718E-06	10.781006
-1.90001	-5.53168E-09	10.93085	-0.5	-1.89454E-06	10.93085
-2.00001	-5.76489E-09	11.081226	-0.5	-1.91029E-06	11.081226
-2.10001	-6.01164E-09	11.231309	-0.5	-1.92577E-06	11.231309
-2.20001	-6.22845E-09	11.39131	-0.5	-1.94083E-06	11.39131
-2.3	-6.46845E-09	11.541182	-0.5	-1.95557E-06	11.541182
-2.40001	-6.71109E-09	11.690977	-0.5	-1.9695E-06	11.690977
-2.50001	-6.91484E-09	11.865367	-0.5	-1.98318E-06	11.865367
-2.6	-7.16558E-09	12.015279	-0.5	-1.99622E-06	12.015279
-2.7	-7.41191E-09	12.165226	-0.5	-2.00875E-06	12.165226
-2.80001	-7.67864E-09	12.315013	-0.5	-2.02122E-06	12.315013
-2.9	-7.90584E-09	12.486234	-0.5	-2.03354E-06	12.486234
-3	-8.16167E-09	12.63599	-0.5	-2.04521E-06	12.63599
-3.1	-8.4286E-09	12.785876	-0.5	-2.05655E-06	12.785876
-3.20001	-8.7216E-09	12.929725	-0.5	-2.06748E-06	12.929725
-3.3	-9.0048E-09	13.073667	-0.5	-2.07779E-06	13.073667
-3.4	-9.2807E-09	13.217467	-0.5	-2.08821E-06	13.217467
-3.5	-9.5066E-09	13.390026	-0.5	-2.09844E-06	13.390026
-3.60001	-9.8144E-09	13.533941	-0.5	-2.10789E-06	13.533941
-3.7	-1.0116E-08	13.677826	-0.5	-2.11714E-06	13.677826
-3.8	-1.0412E-08	13.821688	-0.5	-2.12583E-06	13.821688
-3.9	-1.07077E-08	13.984812	-0.5	-2.135E-06	13.984812
-4	-1.10075E-08	14.12868	-0.5	-2.1428E-06	14.12868
-4.1	-1.13269E-08	14.272628	-0.5	-2.15113E-06	14.272628
-4.2	-1.1637E-08	14.416658	-0.5	-2.15893E-06	14.416658
-4.30001	-1.19528E-08	14.560544	-0.5	-2.16676E-06	14.560544
-4.4	-1.22846E-08	14.70438	-0.5	-2.17438E-06	14.70438
-4.50001	-1.25718E-08	14.872922	-0.5	-2.18146E-06	14.872922
-4.6	-1.29219E-08	15.016885	-0.5	-2.18895E-06	15.016885
-4.7	-1.32681E-08	15.160744	-0.5	-2.195E-06	15.160744
-4.8	-1.36264E-08	15.304621	-0.5	-2.20196E-06	15.304621
-4.9	-1.39915E-08	15.44846	-0.5	-2.20787E-06	15.44846
-5	-1.4351E-08	15.592348	-0.5	-2.21419E-06	15.592348
-5	-1.4164E-08	15.715843	-0.5	-2.2137E-06	15.715843
-4.9	-1.3367E-08	15.892856	-0.5	-2.20632E-06	15.892856
-4.79999	-1.27249E-08	16.036762	-0.5	-2.19883E-06	16.036762
-4.70001	-1.21192E-08	16.180667	-0.5	-2.19121E-06	16.180667
-4.6	-1.15753E-08	16.324508	-0.5	-2.18374E-06	16.324508
-4.5	-1.10651E-08	16.489664	-0.5	-2.17574E-06	16.489664
-4.4	-1.05572E-08	16.633515	-0.5	-2.1676E-06	16.633515
-4.3	-1.00864E-08	16.777391	-0.5	-2.15909E-06	16.777391
-4.2	-9.6317E-09	16.921265	-0.5	-2.15104E-06	16.921265
-4.1	-9.1905E-09	17.065125	-0.5	-2.14187E-06	17.065125
-4.00001	-8.78636E-09	17.214957	-0.5	-2.13273E-06	17.214957
-3.9	-8.41527E-09	17.395273	-0.5	-2.12355E-06	17.395273
-3.8	-8.00814E-09	17.545122	-0.5	-2.11356E-06	17.545122
-3.70001	-7.59121E-09	17.695011	-0.5	-2.1044E-06	17.695011
-3.6	-7.21494E-09	17.84501	-0.5	-2.09387E-06	17.84501
-3.50001	-6.83653E-09	17.999617	-0.5	-2.0839E-06	17.999617
-3.39999	-6.44865E-09	18.149525	-0.5	-2.07305E-06	18.149525
-3.30001	-6.08744E-09	18.299394	-0.5	-2.0623E-06	18.299394
-3.2	-5.72355E-09	18.449268	-0.5	-2.05106E-06	18.449268
-3.1	-5.35518E-09	18.599682	-0.5	-2.03968E-06	18.599682
-3.00001	-5.01281E-09	18.7498	-0.5	-2.02776E-06	18.7498
-2.9	-4.68793E-09	18.910093	-0.5	-2.01507E-06	18.910093
-2.80001	-4.32978E-09	19.059928	-0.5	-2.00279E-06	19.059928
-2.7	-4.00841E-09	19.209834	-0.5	-1.98873E-06	19.209834
-2.6	-3.72129E-09	19.385144	-0.5	-1.97583E-06	19.385144
-2.5	-3.39715E-09	19.535041	-0.5	-1.9616E-06	19.535041
-2.4	-3.08663E-09	19.684846	-0.5	-1.94728E-06	19.684846
-2.30001	-2.77326E-09	19.834692	-0.5	-1.93236E-06	19.834692
-2.2	-2.48881E-09	20.004512	-0.5	-1.91695E-06	20.004512
-2.10001	-2.19253E-09	20.154497	-0.5	-1.90122E-06	20.154497
-2.00001	-1.90737E-09	20.30427	-0.5	-1.88494E-06	20.30427
-1.90001	-1.62663E-09	20.454194	-0.5	-1.86799E-06	20.454194
-1.8	-1.35221E-09	20.60455	-0.5	-1.84987E-06	20.60455
-1.70001	-1.07853E-09	20.754642	-0.5	-1.83176E-06	20.754642
-1.6	-8.3524E-10	20.914792	-0.5	-1.81263E-06	20.914792
-1.50001	-5.6965E-10	21.064717	-0.5	-1.79338E-06	21.064717
-1.4	-3.1952E-10	21.214613	-0.5	-1.77238E-06	21.214613
-1.30001	-1.1604E-10	21.389997	-0.5	-1.75117E-06	21.389997
-1.20001	1.3928E-10	21.539877	-0.5	-1.72864E-06	21.539877
-1.10001	3.7227E-10	21.68973	-0.5	-1.70564E-06	21.68973
-1.00001	5.8797E-10	21.839566	-0.5	-1.68153E-06	21.839566
-0.9	7.9831E-10	22.010339	-0.5	-1.6563E-06	22.010339
-0.80001	9.9925E-10	22.160223	-0.5	-1.62957E-06	22.160223
-0.7	1.20216E-09	22.310089	-0.5	-1.60137E-06	22.310089
-0.60001	1.40309E-09	22.45992	-0.5	-1.57161E-06	22.45992
-0.5	1.58411E-09	22.610332	-0.5	-1.53976E-06	22.610332
-0.4	1.76071E-09	22.760363	-0.5	-1.50684E-06	22.760363
-0.3	1.93219E-09	22.919716	-0.5	-1.4707E-06	22.919716
-0.19999	2.08769E-09	23.069551	-0.5	-1.43251E-06	23.069551
-0.10001	2.24368E-09	23.219437	-0.5	-1.39109E-06	23.219437
-1E-05	2.35111E-09	23.395076	-0.5	-1.34621E-06	23.395076
0.09999	2.48064E-09	23.544938	-0.5	-1.29723E-06	23.544938
0.19999	2.60127E-09	23.694785	-0.5	-1.2439E-06	23.694785
0.3	2.7103E-09	23.844635	-0.5	-1.18743E-06	23.844635
0.39999	2.78558E-09	24.014199	-0.5	-1.12815E-06	24.014199
0.49999	2.86855E-09	24.164078	-0.5	-1.06682E-06	24.164078
0.59999	2.94927E-09	24.313877	-0.5	-1.00496E-06	24.313877
0.7	3.00802E-09	24.463697	-0.5	-9.4381E-07	24.463697
0.79999	3.0577E-09	24.614182	-0.5	-8.8341E-07	24.614182
0.89999	3.11661E-09	24.767108	-0.5	-8.24638E-07	24.767108
1	3.12395E-09	24.925587	-0.5	-7.68E-07	24.925587
1.09999	3.16849E-09	25.075448	-0.5	-7.13673E-07	25.075448
1.2	3.18813E-09	25.225307	-0.5	-6.61597E-07	25.225307
1.29999	3.18337E-09	25.400023	-0.5	-6.11894E-07	25.400023
1.4	3.20155E-09	25.549938	-0.5	-5.64332E-07	25.549938
1.49999	3.19571E-09	25.699687	-0.5	-5.19377E-07	25.699687
1.59999	3.21108E-09	25.849532	-0.5	-4.76885E-07	25.849532
1.7	3.19894E-09	26.019024	-0.5	-4.36935E-07	26.019024
1.8	3.18706E-09	26.168899	-0.5	-3.99384E-07	26.168899
1.89999	3.18276E-09	26.318771	-0.5	-3.64187E-07	26.318771
2	3.18001E-09	26.468593	-0.5	-3.31581E-07	26.468593
2.1	3.17478E-09	26.619999	-0.5	-3.01494E-07	26.619999
2.2	3.15286E-09	26.770088	-0.5	-2.73703E-07	26.770088
2.29999	3.14474E-09	26.929491	-0.5	-2.48092E-07	26.929491
2.40001	3.13328E-09	27.079294	-0.5	-2.24622E-07	27.079294
2.5	3.12041E-09	27.229151	-0.5	-2.03107E-07	27.229151
2.59999	3.0919E-09	27.404934	-0.5	-1.8341E-07	27.404934
2.69999	3.08564E-09	27.554844	-0.5	-1.65196E-07	27.554844
2.79999	3.0768E-09	27.704586	-0.5	-1.48637E-07	27.704586
2.89999	3.06495E-09	27.854377	-0.5	-1.33516E-07	27.854377
2.99999	3.05995E-09	28.023881	-0.5	-1.19789E-07	28.023881
3.09999	3.0495E-09	28.173776	-0.5	-1.07357E-07	28.173776
3.19999	3.04324E-09	28.323615	-0.5	-9.6106E-08	28.323615
3.3	3.04191E-09	28.473435	-0.5	-8.5986E-08	28.473435
3.4	3.01232E-09	28.642198	-0.499999	-7.69029E-08	28.642198
3.49999	3.0352E-09	28.79202	-0.499999	-6.85782E-08	28.79202
3.59999	3.03399E-09	28.942516	-0.5	-6.11547E-08	28.942516
3.69999	3.04225E-09	29.092327	-0.5	-5.4412E-08	29.092327
3.79999	3.05566E-09	29.242183	-0.499999	-4.83087E-08	29.242183
3.9	2.97722E-09	29.424325	-0.499999	-4.28667E-08	29.424325
4	3.06019E-09	29.574237	-0.5	-3.79641E-08	29.574237
4.1	3.07948E-09	29.724035	-0.5	-3.35372E-08	29.724035
4.19999	3.09988E-09	29.873843	-0.499999	-2.961E-08	29.873843
4.29999	3.10932E-09	30.02881	-0.5	-2.60926E-08	30.02881
4.39999	3.1356E-09	30.178683	-0.499999	-2.29492E-08	30.178683
4.5	3.16338E-09	30.328511	-0.5	-2.01386E-08	30.328511
4.6	3.17929E-09	30.478322	-0.5	-1.7659E-08	30.478322
4.69999	3.19906E-09	30.629818	-0.5	-1.54906E-08	30.629818
4.79999	3.21811E-09	30.779855	-0.5	-1.35434E-08	30.779855
4.89999	3.19223E-09	30.939649	-0.5	-1.18522E-08	30.939649
5	3.24522E-09	31.089482	-0.5	-1.03757E-08	31.089482
