Time (s)	|IDrain (A)|	|IGate (A)	Vdrain(V)	Vgate(V)
0.0	1.941e-10	1.1274e-09	-10.0	20.0
1.0	8.4391e-11	2.4574e-10	-10.0	19.9
1.5	5.8912e-11	6.794e-11	-10.0	19.8
2.0	5.0019e-11	3.735e-11	-10.0	19.7
2.5	4.473e-11	1.952e-11	-10.0	19.6
3.0	4.065e-11	8.2064e-12	-10.0	19.5
3.5	3.8521e-11	3.6716e-13	-10.0	19.4
4.0	3.6448e-11	5.5897e-12	-10.0	19.3
4.5	3.4949e-11	1.0269e-11	-10.0	19.2
5.0	3.3642e-11	1.3219e-11	-10.0	19.1
5.5	3.2685e-11	1.6164e-11	-10.0	19.0
6.0	3.1573e-11	1.9059e-11	-10.0	18.9
6.5	3.0798e-11	2.1331e-11	-10.0	18.8
7.0	3.0099e-11	2.2944e-11	-10.0	18.7
7.5	2.9573e-11	2.4629e-11	-10.0	18.6
8.0	2.8984e-11	2.5724e-11	-10.0	18.5
8.5	2.8596e-11	2.6738e-11	-10.0	18.4
9.0	2.8366e-11	2.7893e-11	-10.0	18.3
9.5	2.8126e-11	2.8704e-11	-10.0	18.2
10.0	2.7989e-11	2.9661e-11	-10.0	18.1
10.5	2.7449e-11	3.0593e-11	-10.0	18.0
11.0	2.7492e-11	3.1012e-11	-10.0	17.9
11.5	2.7289e-11	3.1441e-11	-10.0	17.8
12.0	2.7164e-11	3.2151e-11	-10.0	17.7
12.5	2.6861e-11	3.2575e-11	-10.0	17.6
13.0	2.6678e-11	3.2868e-11	-10.0	17.5
13.5	2.6436e-11	3.3424e-11	-10.0	17.4
14.0	2.6327e-11	3.3722e-11	-10.0	17.3
14.5	2.6189e-11	3.4585e-11	-10.0	17.2
15.0	2.754e-11	2.8139e-11	-10.0	17.1
15.5	2.2055e-11	1.1357e-10	-10.0	17.0
16.0	2.6092e-11	3.5631e-11	-10.0	16.9
16.5	2.5924e-11	3.553e-11	-10.0	16.8
17.0	2.5917e-11	3.5672e-11	-10.0	16.7
17.5	2.5903e-11	3.5939e-11	-10.0	16.6
18.0	2.5731e-11	3.6166e-11	-10.0	16.5
18.5	2.5716e-11	3.6513e-11	-10.0	16.4
19.0	2.5762e-11	3.6401e-11	-10.0	16.3
19.5	2.5511e-11	3.7191e-11	-10.0	16.2
20.0	2.5362e-11	3.6742e-11	-10.0	16.1
20.5	2.532e-11	3.7293e-11	-10.0	16.0
21.0	2.5169e-11	3.7211e-11	-10.0	15.9
21.5	2.5197e-11	3.7692e-11	-10.0	15.8
22.0	2.5023e-11	3.7674e-11	-10.0	15.7
22.5	2.5024e-11	3.7862e-11	-10.0	15.6
23.0	2.5183e-11	3.7689e-11	-10.0	15.5
23.5	2.5223e-11	3.8178e-11	-10.0	15.4
24.0	2.5073e-11	3.8155e-11	-10.0	15.3
24.5	2.4914e-11	3.8676e-11	-10.0	15.2
25.0	2.4829e-11	3.8534e-11	-10.0	15.1
25.5	2.4694e-11	3.8563e-11	-10.0	15.0
26.0	2.4663e-11	3.8555e-11	-10.0	14.9
26.5	2.4715e-11	3.8908e-11	-10.0	14.8
27.0	2.4808e-11	3.8662e-11	-10.0	14.7
27.5	2.4731e-11	3.895e-11	-10.0	14.6
28.0	2.4733e-11	3.9186e-11	-10.0	14.5
28.5	2.4586e-11	3.9222e-11	-10.0	14.4
29.0	2.4575e-11	3.9277e-11	-10.0	14.3
29.5	2.4447e-11	3.9235e-11	-10.0	14.2
30.0	2.5859e-11	3.6453e-11	-10.0	14.1
30.5	2.4416e-11	6.2594e-11	-10.0	14.0
31.0	2.2974e-11	6.2741e-11	-10.0	13.9
31.5	2.475e-11	3.9707e-11	-10.0	13.8
32.0	2.426e-11	3.9862e-11	-10.0	13.7
32.5	2.4453e-11	4.0326e-11	-10.0	13.6
33.0	2.4556e-11	3.9781e-11	-10.0	13.5
33.5	2.4507e-11	4.0207e-11	-10.0	13.4
34.0	2.4521e-11	4.0159e-11	-10.0	13.3
34.5	2.4302e-11	3.9964e-11	-10.0	13.2
35.0	2.4723e-11	3.9867e-11	-10.0	13.1
35.5	2.4428e-11	4.0431e-11	-10.0	13.0
36.0	2.4388e-11	4.0101e-11	-10.0	12.9
36.5	2.4337e-11	4.0326e-11	-10.0	12.8
37.0	2.4369e-11	4.0318e-11	-10.0	12.7
37.5	2.4587e-11	4.0057e-11	-10.0	12.6
38.0	2.4535e-11	4.0288e-11	-10.0	12.5
38.5	2.4395e-11	4.0519e-11	-10.0	12.4
39.0	2.4366e-11	4.0724e-11	-10.0	12.3
39.5	2.4406e-11	4.0593e-11	-10.0	12.2
40.0	2.4483e-11	4.0784e-11	-10.0	12.1
40.5	2.4325e-11	4.0587e-11	-10.0	12.0
41.0	2.4314e-11	4.0829e-11	-10.0	11.9
41.5	2.4673e-11	4.0567e-11	-10.0	11.8
42.0	2.4657e-11	4.061e-11	-10.0	11.7
42.5	2.429e-11	4.0999e-11	-10.0	11.6
43.0	2.4278e-11	4.0896e-11	-10.0	11.5
43.5	2.4183e-11	4.1004e-11	-10.0	11.4
44.0	2.4511e-11	4.0669e-11	-10.0	11.3
44.5	2.4393e-11	4.1057e-11	-10.0	11.2
45.0	2.4591e-11	4.0928e-11	-10.0	11.1
45.5	2.6249e-11	2.6772e-11	-10.0	11.0
46.0	2.0394e-11	1.1874e-10	-10.0	10.9
46.5	2.4384e-11	4.1472e-11	-10.0	10.8
47.0	2.4496e-11	4.1186e-11	-10.0	10.7
47.5	2.4509e-11	4.1061e-11	-10.0	10.6
48.0	2.4197e-11	4.1392e-11	-10.0	10.5
48.5	2.4476e-11	4.1343e-11	-10.0	10.4
49.0	2.4264e-11	4.1271e-11	-10.0	10.3
49.5	2.4219e-11	4.1438e-11	-10.0	10.2
50.0	2.4226e-11	4.1867e-11	-10.0	10.1
50.5	2.427e-11	4.1413e-11	-10.0	10.0
51.0	2.4465e-11	4.1456e-11	-10.0	9.9
51.5	2.4092e-11	4.1392e-11	-10.0	9.8
52.0	2.4438e-11	4.1304e-11	-10.0	9.7
52.5	2.4357e-11	4.1406e-11	-10.0	9.6
53.0	2.4561e-11	4.1572e-11	-10.0	9.5
53.5	2.4486e-11	4.1608e-11	-10.0	9.4
54.0	2.4474e-11	4.1691e-11	-10.0	9.3
54.5	2.4527e-11	4.164e-11	-10.0	9.2
55.0	2.4281e-11	4.1363e-11	-10.0	9.1
55.5	2.4363e-11	4.1523e-11	-10.0	9.0
56.0	2.4321e-11	4.1632e-11	-10.0	8.9
56.5	2.4348e-11	4.172e-11	-10.0	8.8
57.0	2.4319e-11	4.1646e-11	-10.0	8.7
57.5	2.4325e-11	4.1476e-11	-10.0	8.6
58.0	2.4462e-11	4.1735e-11	-10.0	8.5
58.5	2.4395e-11	4.1834e-11	-10.0	8.4
59.0	2.4453e-11	4.1603e-11	-10.0	8.3
59.5	2.4394e-11	4.1605e-11	-10.0	8.2
60.0	2.4526e-11	4.171e-11	-10.0	8.1
60.5	2.6255e-11	3.5506e-11	-10.0	8.0
61.0	2.049e-11	1.2068e-10	-10.0	7.9
61.5	2.4773e-11	4.208e-11	-10.0	7.8
62.0	2.501e-11	4.1956e-11	-10.0	7.7
62.5	2.5318e-11	4.199e-11	-10.0	7.6
63.0	2.6839e-11	4.1931e-11	-10.0	7.5
63.5	2.987e-11	4.1823e-11	-10.0	7.4
64.0	3.5292e-11	4.2053e-11	-10.0	7.3
64.5	4.7154e-11	4.2211e-11	-10.0	7.2
65.0	6.6385e-11	4.2203e-11	-10.0	7.1
65.5	9.4148e-11	4.2341e-11	-10.0	7.0
66.0	1.3231e-10	4.2119e-11	-10.0	6.9
66.5	1.8513e-10	4.235e-11	-10.0	6.8
67.0	2.518e-10	4.2357e-11	-10.0	6.7
67.5	3.226e-10	4.2894e-11	-10.0	6.6
68.0	4.4235e-10	4.2293e-11	-10.0	6.5
68.5	5.9415e-10	4.2287e-11	-10.0	6.4
69.0	7.3634e-10	4.2371e-11	-10.0	6.3
69.5	9.1513e-10	4.2552e-11	-10.0	6.2
70.0	1.1268e-09	4.2443e-11	-10.0	6.1
70.501	1.3451e-09	4.1839e-11	-10.0	6.0
71.0	1.615e-09	4.2791e-11	-10.0	5.9
71.5	1.9495e-09	4.2354e-11	-10.0	5.8
72.0	2.3042e-09	4.2411e-11	-10.0	5.7
72.5	2.7211e-09	4.2486e-11	-10.0	5.6
73.0	3.1901e-09	4.2388e-11	-10.0	5.5
73.5	3.7879e-09	4.2665e-11	-10.0	5.4
74.0	4.4704e-09	4.2512e-11	-10.0	5.3
74.5	5.354e-09	4.2591e-11	-10.0	5.2
75.0	6.3785e-09	4.246e-11	-10.0	5.1
75.5	7.566e-09	4.1302e-11	-10.0	5.0
76.0	8.9102e-09	6.5603e-11	-10.0	4.9
76.5	1.0476e-08	6.5814e-11	-10.0	4.8
77.0	1.2183e-08	4.2725e-11	-10.0	4.7
77.5	1.4008e-08	4.2624e-11	-10.0	4.6
78.0	1.587e-08	4.2766e-11	-10.0	4.5
78.5	1.7817e-08	4.2838e-11	-10.0	4.4
79.0	1.9948e-08	4.3045e-11	-10.0	4.3
79.5	2.2235e-08	4.3e-11	-10.0	4.2
80.0	2.4542e-08	4.2912e-11	-10.0	4.1
80.5	2.6874e-08	4.2769e-11	-10.0	4.0
81.0	2.9392e-08	4.2803e-11	-10.0	3.9
81.5	3.238e-08	4.326e-11	-10.0	3.8
82.0	3.5262e-08	4.3672e-11	-10.0	3.7
82.5	3.8343e-08	4.3797e-11	-10.0	3.6
83.0	4.1691e-08	4.3791e-11	-10.0	3.5
83.5	4.5398e-08	4.4148e-11	-10.0	3.4
84.0	4.9248e-08	4.5267e-11	-10.0	3.3
84.5	5.3147e-08	4.7106e-11	-10.0	3.2
85.0	5.779e-08	4.9776e-11	-10.0	3.1
85.5	6.2588e-08	5.1508e-11	-10.0	3.0
86.0	6.7525e-08	5.4082e-11	-10.0	2.9
86.5	7.2495e-08	5.9236e-11	-10.0	2.8
87.0	7.7679e-08	6.827e-11	-10.0	2.7
87.5	8.3201e-08	7.916e-11	-10.0	2.6
88.0	8.8652e-08	8.8564e-11	-10.0	2.5
88.5	9.5041e-08	9.9505e-11	-10.0	2.4
89.0	1.0155e-07	1.105e-10	-10.0	2.3
89.5	1.092e-07	1.4444e-10	-10.0	2.2
90.0	1.1805e-07	1.6239e-10	-10.0	2.1
90.5	1.2874e-07	2.0442e-10	-10.0	2.0
91.0	1.4251e-07	2.1477e-10	-10.0	1.9
91.5	1.6133e-07	4.6729e-10	-10.0	1.8
92.0	1.8801e-07	2.1819e-10	-10.0	1.7
92.5	2.2568e-07	1.9288e-10	-10.0	1.6
93.0	2.7957e-07	1.7351e-10	-10.0	1.5
93.5	3.558e-07	1.5424e-10	-10.0	1.4
94.0	4.5869e-07	1.3888e-10	-10.0	1.3
94.5	5.9017e-07	1.2339e-10	-10.0	1.2
95.0	7.4847e-07	1.0774e-10	-10.0	1.1
95.5	9.3566e-07	9.5566e-11	-10.0	1.0
96.0	1.15e-06	8.7934e-11	-10.0	0.9
96.5	1.3911e-06	9.8821e-11	-10.0	0.8
97.0	1.6551e-06	8.0851e-11	-10.0	0.7
97.5	1.9437e-06	7.8292e-11	-10.0	0.6
98.0	2.2533e-06	7.7319e-11	-10.0	0.5
98.5	2.584e-06	7.5982e-11	-10.0	0.4
99.0	2.9338e-06	7.5595e-11	-10.0	0.3
99.5	3.3026e-06	7.5612e-11	-10.0	0.2
100.0	3.6884e-06	7.5536e-11	-10.0	0.1
100.5	4.0926e-06	7.6404e-11	-10.0	-1.5293e-14
101.0	4.5136e-06	7.6021e-11	-10.0	-0.1
101.5	4.9482e-06	7.6644e-11	-10.0	-0.2
102.0	5.3981e-06	7.7212e-11	-10.0	-0.3
102.5	5.8609e-06	7.8454e-11	-10.0	-0.4
103.0	6.3367e-06	7.8964e-11	-10.0	-0.5
103.5	6.8262e-06	7.9699e-11	-10.0	-0.6
104.0	7.3276e-06	8.0987e-11	-10.0	-0.7
104.5	7.8384e-06	8.23e-11	-10.0	-0.8
105.0	8.3601e-06	8.3597e-11	-10.0	-0.9
105.5	8.8917e-06	8.5421e-11	-10.0	-1.0
106.0	9.4335e-06	8.0045e-11	-10.0	-1.1
106.5	9.9842e-06	2.9087e-10	-10.0	-1.2
107.0	1.0543e-05	9.1286e-11	-10.0	-1.3
107.5	1.1113e-05	1.0516e-10	-10.0	-1.4
108.0	1.1689e-05	9.7309e-11	-10.0	-1.5
108.5	1.2274e-05	1.0087e-10	-10.0	-1.6
109.0	1.2864e-05	1.0689e-10	-10.0	-1.7
109.5	1.3465e-05	1.1143e-10	-10.0	-1.8
110.0	1.4073e-05	1.1866e-10	-10.0	-1.9
110.5	1.4684e-05	1.3412e-10	-10.0	-2.0
111.0	1.5306e-05	1.4654e-10	-10.0	-2.1
111.5	1.5928e-05	1.5352e-10	-10.0	-2.2
112.0	1.656e-05	1.7727e-10	-10.0	-2.3
112.5	1.7195e-05	2.1213e-10	-10.0	-2.4
113.0	1.7833e-05	2.3577e-10	-10.0	-2.5
113.5	1.8482e-05	2.5088e-10	-10.0	-2.6
114.0	1.9133e-05	2.7829e-10	-10.0	-2.7
114.5	1.9787e-05	3.3514e-10	-10.0	-2.8
115.0	2.0451e-05	3.0613e-10	-10.0	-2.9
115.5	2.1113e-05	3.2477e-10	-10.0	-3.0
116.0	2.1779e-05	3.7326e-10	-10.0	-3.1
116.5	2.2453e-05	4.2953e-10	-10.0	-3.2
117.0	2.3128e-05	4.1688e-10	-10.0	-3.3
117.5	2.3809e-05	4.6692e-10	-10.0	-3.4
118.0	2.4496e-05	5.4432e-10	-10.0	-3.5
118.5	2.5185e-05	5.8437e-10	-10.0	-3.6
119.0	2.5877e-05	5.8192e-10	-10.0	-3.7
119.5	2.6565e-05	6.1313e-10	-10.0	-3.8
120.0	2.726e-05	7.1683e-10	-10.0	-3.9
120.5	2.7964e-05	7.1907e-10	-10.0	-4.0
121.0	2.8669e-05	8.554e-10	-10.0	-4.1
121.5	2.937e-05	8.9073e-10	-10.0	-4.2
122.0	3.008e-05	8.0959e-10	-10.0	-4.3
122.5	3.0785e-05	8.5973e-10	-10.0	-4.4
123.0	3.1502e-05	8.5229e-10	-10.0	-4.5
123.5	3.2215e-05	1.0093e-09	-10.0	-4.6
124.0	3.2924e-05	9.6701e-10	-10.0	-4.7
124.5	3.3637e-05	1.1632e-09	-10.0	-4.8
125.0	3.4364e-05	1.0873e-09	-10.0	-4.9
125.5	3.5079e-05	1.2707e-09	-10.0	-5.0
126.0	3.5803e-05	1.2145e-09	-10.0	-5.1
126.5	3.6525e-05	1.1805e-09	-10.0	-5.2
127.0	3.7251e-05	1.2189e-09	-10.0	-5.3
127.5	3.7974e-05	1.2449e-09	-10.0	-5.4
128.0	3.8701e-05	1.1809e-09	-10.0	-5.5
128.5	3.943e-05	1.2053e-09	-10.0	-5.6
129.0	4.0158e-05	1.2056e-09	-10.0	-5.7
129.5	4.089e-05	1.2976e-09	-10.0	-5.8
130.0	4.1614e-05	1.4037e-09	-10.0	-5.9
130.5	4.2346e-05	1.4498e-09	-10.0	-6.0
131.0	4.3066e-05	1.6323e-09	-10.0	-6.1
131.5	4.3791e-05	1.7189e-09	-10.0	-6.2
132.0	4.4536e-05	2.1694e-09	-10.0	-6.3
132.5	4.526e-05	2.0323e-09	-10.0	-6.4
133.0	4.5978e-05	1.9838e-09	-10.0	-6.5
133.5	4.671e-05	1.6954e-09	-10.0	-6.6
134.0	4.7432e-05	1.5353e-09	-10.0	-6.7
134.5	4.8155e-05	1.2812e-09	-10.0	-6.8
135.0	4.8881e-05	8.2377e-10	-10.0	-6.9
135.5	4.9611e-05	5.4983e-10	-10.0	-7.0
136.0	5.0345e-05	5.3791e-10	-10.0	-7.1
136.5	5.1051e-05	5.4625e-10	-10.0	-7.2
137.0	5.1778e-05	7.5191e-10	-10.0	-7.3
137.5	5.2499e-05	5.8508e-10	-10.0	-7.4
138.0	5.3203e-05	6.5454e-10	-10.0	-7.5
138.5	5.392e-05	7.2519e-10	-10.0	-7.6
139.0	5.4614e-05	7.198e-10	-10.0	-7.7
139.5	5.5353e-05	7.6869e-10	-10.0	-7.8
140.0	5.6029e-05	7.0722e-10	-10.0	-7.9
140.5	5.6721e-05	7.1825e-10	-10.0	-8.0
141.0	5.7404e-05	6.1061e-10	-10.0	-8.1
141.5	5.8095e-05	5.3498e-10	-10.0	-8.2
142.0	5.8768e-05	5.64e-10	-10.0	-8.3
142.5	5.944e-05	5.6085e-10	-10.0	-8.4
143.0	6.0097e-05	5.4858e-10	-10.0	-8.5
143.5	6.0752e-05	5.7198e-10	-10.0	-8.6
144.0	6.1406e-05	5.8629e-10	-10.0	-8.7
144.5	6.2046e-05	5.8129e-10	-10.0	-8.8
145.0	6.2682e-05	5.8543e-10	-10.0	-8.9
145.5	6.3297e-05	6.4317e-10	-10.0	-9.0
146.0	6.3905e-05	6.2711e-10	-10.0	-9.1
146.5	6.4499e-05	6.3402e-10	-10.0	-9.2
147.0	6.5086e-05	6.4859e-10	-10.0	-9.3
147.5	6.5667e-05	6.5274e-10	-10.0	-9.4
148.0	6.6244e-05	6.6052e-10	-10.0	-9.5
148.5	6.6811e-05	6.413e-10	-10.0	-9.6
149.0	6.7361e-05	6.6999e-10	-10.0	-9.7
149.5	6.7894e-05	6.7153e-10	-10.0	-9.8
150.0	6.8428e-05	6.8338e-10	-10.0	-9.9
150.5	6.8958e-05	6.7232e-10	-10.0	-10.0
151.0	6.9474e-05	7.2379e-10	-10.0	-10.1
151.5	6.9983e-05	7.1539e-10	-10.0	-10.2
152.0	7.0486e-05	9.524e-10	-10.0	-10.3
152.5	7.0961e-05	7.6747e-10	-10.0	-10.4
153.0	7.1441e-05	7.9464e-10	-10.0	-10.5
153.5	7.1896e-05	7.8423e-10	-10.0	-10.6
154.0	7.2371e-05	7.9386e-10	-10.0	-10.7
154.5	7.2836e-05	8.0936e-10	-10.0	-10.8
155.0	7.3265e-05	7.941e-10	-10.0	-10.9
155.5	7.3715e-05	8.3926e-10	-10.0	-11.0
156.0	7.4136e-05	8.7327e-10	-10.0	-11.1
156.5	7.4559e-05	8.4838e-10	-10.0	-11.2
157.0	7.4982e-05	8.7725e-10	-10.0	-11.3
157.5	7.5393e-05	9.0135e-10	-10.0	-11.4
158.0	7.5788e-05	8.9073e-10	-10.0	-11.5
158.5	7.6185e-05	9.1664e-10	-10.0	-11.6
159.0	7.6564e-05	9.4638e-10	-10.0	-11.7
159.5	7.6961e-05	9.7876e-10	-10.0	-11.8
160.0	7.7345e-05	9.9045e-10	-10.0	-11.9
160.5	7.7707e-05	1.0177e-09	-10.0	-12.0
161.0	7.8066e-05	1.0538e-09	-10.0	-12.1
161.5	7.8404e-05	1.0745e-09	-10.0	-12.2
162.0	7.8748e-05	1.0783e-09	-10.0	-12.3
162.5	7.9108e-05	1.0805e-09	-10.0	-12.4
163.0	7.9446e-05	1.1001e-09	-10.0	-12.5
163.5	7.9779e-05	1.1522e-09	-10.0	-12.6
164.0	8.0098e-05	1.19e-09	-10.0	-12.7
164.5	8.0413e-05	1.2687e-09	-10.0	-12.8
165.0	8.0725e-05	1.3063e-09	-10.0	-12.9
165.5	8.1029e-05	1.3869e-09	-10.0	-13.0
166.0	8.1314e-05	1.4167e-09	-10.0	-13.1
166.5	8.1602e-05	1.4787e-09	-10.0	-13.2
167.0	8.1878e-05	1.7717e-09	-10.0	-13.3
167.5	8.2155e-05	1.6398e-09	-10.0	-13.4
168.0	8.2426e-05	1.8083e-09	-10.0	-13.5
168.5	8.2713e-05	1.9302e-09	-10.0	-13.6
169.0	8.2979e-05	1.9796e-09	-10.0	-13.7
169.5	8.3249e-05	2.086e-09	-10.0	-13.8
170.0	8.352e-05	2.2773e-09	-10.0	-13.9
170.5	8.3756e-05	2.3225e-09	-10.0	-14.0
171.0	8.4009e-05	2.5627e-09	-10.0	-14.1
171.5	8.4234e-05	2.5974e-09	-10.0	-14.2
172.0	8.4476e-05	2.6811e-09	-10.0	-14.3
172.5	8.4692e-05	2.9396e-09	-10.0	-14.4
173.0	8.4928e-05	3.0945e-09	-10.0	-14.5
173.5	8.5154e-05	3.2202e-09	-10.0	-14.6
174.0	8.5356e-05	3.1371e-09	-10.0	-14.7
174.5	8.559e-05	3.2135e-09	-10.0	-14.8
175.0	8.5801e-05	3.4118e-09	-10.0	-14.9
175.5	8.5988e-05	3.6531e-09	-10.0	-15.0
176.0	8.598e-05	3.7807e-09	-10.0	-15.0
176.5	8.6195e-05	3.9361e-09	-10.0	-15.1
177.0	8.5947e-05	3.836e-09	-10.0	-15.0
177.5	8.5691e-05	3.5864e-09	-10.0	-14.9
178.0	8.5437e-05	3.2892e-09	-10.0	-14.8
178.5	8.5192e-05	3.1482e-09	-10.0	-14.7
179.0	8.4948e-05	2.9994e-09	-10.0	-14.6
179.5	8.4716e-05	2.8689e-09	-10.0	-14.5
180.0	8.4466e-05	2.7452e-09	-10.0	-14.4
180.5	8.4198e-05	2.6272e-09	-10.0	-14.3
181.0	8.3957e-05	2.4936e-09	-10.0	-14.2
181.5	8.3681e-05	2.3969e-09	-10.0	-14.1
182.0	8.3417e-05	2.2404e-09	-10.0	-14.0
182.5	8.3157e-05	1.6288e-09	-10.0	-13.9
183.0	8.2872e-05	1.947e-09	-10.0	-13.8
183.5	8.2588e-05	1.7904e-09	-10.0	-13.7
184.0	8.2292e-05	1.7058e-09	-10.0	-13.6
184.5	8.2004e-05	1.6263e-09	-10.0	-13.5
185.0	8.1698e-05	1.5699e-09	-10.0	-13.4
185.5	8.1387e-05	1.4233e-09	-10.0	-13.3
186.0	8.1066e-05	1.3734e-09	-10.0	-13.2
186.5	8.0752e-05	1.2946e-09	-10.0	-13.1
187.0	8.0423e-05	1.3426e-09	-10.0	-13.0
187.5	8.012e-05	1.2226e-09	-10.0	-12.9
188.0	7.9784e-05	1.104e-09	-10.0	-12.8
188.5	7.9432e-05	1.0507e-09	-10.0	-12.7
189.0	7.9102e-05	1.0144e-09	-10.0	-12.6
189.5	7.8741e-05	9.2085e-10	-10.0	-12.5
190.0	7.8395e-05	8.6629e-10	-10.0	-12.4
190.5	7.8051e-05	7.0256e-10	-10.0	-12.3
191.0	7.7681e-05	6.8137e-10	-10.0	-12.2
191.5	7.7321e-05	6.0531e-10	-10.0	-12.1
192.0	7.6943e-05	5.6086e-10	-10.0	-12.0
192.5	7.656e-05	5.0139e-10	-10.0	-11.9
193.0	7.6168e-05	4.5445e-10	-10.0	-11.8
193.5	7.5778e-05	4.082e-10	-10.0	-11.7
194.0	7.5379e-05	3.7489e-10	-10.0	-11.6
194.5	7.4965e-05	3.5205e-10	-10.0	-11.5
195.0	7.4558e-05	3.3023e-10	-10.0	-11.4
195.5	7.4129e-05	3.0956e-10	-10.0	-11.3
196.0	7.3688e-05	2.9204e-10	-10.0	-11.2
196.5	7.3251e-05	2.7701e-10	-10.0	-11.1
197.0	7.2795e-05	2.7277e-10	-10.0	-11.0
197.5	7.2341e-05	1.4691e-11	-10.0	-10.9
198.0	7.1901e-05	2.4007e-10	-10.0	-10.8
198.5	7.1423e-05	2.2879e-10	-10.0	-10.7
199.0	7.0942e-05	2.2045e-10	-10.0	-10.6
199.5	7.0463e-05	2.114e-10	-10.0	-10.5
200.0	6.9973e-05	2.0408e-10	-10.0	-10.4
200.5	6.9483e-05	1.9453e-10	-10.0	-10.3
201.0	6.8975e-05	1.8586e-10	-10.0	-10.2
201.5	6.8457e-05	1.7932e-10	-10.0	-10.1
202.0	6.7934e-05	1.723e-10	-10.0	-10.0
202.5	6.7396e-05	1.65e-10	-10.0	-9.9
203.0	6.6848e-05	1.5735e-10	-10.0	-9.8
203.5	6.6299e-05	1.5101e-10	-10.0	-9.7
204.0	6.5728e-05	1.4394e-10	-10.0	-9.6
204.5	6.5164e-05	1.3798e-10	-10.0	-9.5
205.0	6.4583e-05	1.327e-10	-10.0	-9.4
205.5	6.3991e-05	1.2775e-10	-10.0	-9.3
206.0	6.3401e-05	1.2269e-10	-10.0	-9.2
206.5	6.2784e-05	1.178e-10	-10.0	-9.1
207.0	6.2173e-05	1.1393e-10	-10.0	-9.0
207.5	6.1543e-05	1.0928e-10	-10.0	-8.9
208.0	6.0908e-05	1.032e-10	-10.0	-8.8
208.5	6.0254e-05	9.7908e-11	-10.0	-8.7
209.0	5.9603e-05	8.978e-11	-10.0	-8.6
209.5	5.8947e-05	8.1906e-11	-10.0	-8.5
210.0	5.828e-05	7.5065e-11	-10.0	-8.4
210.5	5.7591e-05	6.8977e-11	-10.0	-8.3
211.0	5.6922e-05	6.5124e-11	-10.0	-8.2
211.5	5.6227e-05	6.2016e-11	-10.0	-8.1
212.0	5.5537e-05	6.1208e-11	-10.0	-8.0
212.5	5.4832e-05	1.3344e-10	-10.0	-7.9
213.0	5.4131e-05	5.9437e-11	-10.0	-7.8
213.5	5.3426e-05	5.7476e-11	-10.0	-7.7
214.0	5.2715e-05	5.6402e-11	-10.0	-7.6
214.5	5.2009e-05	5.4532e-11	-10.0	-7.5
215.0	5.1294e-05	5.2476e-11	-10.0	-7.4
215.5	5.0577e-05	4.9318e-11	-10.0	-7.3
216.0	4.9861e-05	4.7513e-11	-10.0	-7.2
216.5	4.9142e-05	4.5471e-11	-10.0	-7.1
217.0	4.8424e-05	4.3768e-11	-10.0	-7.0
217.5	4.7702e-05	4.0152e-11	-10.0	-6.9
218.0	4.6978e-05	3.8084e-11	-10.0	-6.8
218.5	4.6255e-05	3.5157e-11	-10.0	-6.7
219.0	4.5536e-05	3.251e-11	-10.0	-6.6
219.5	4.4811e-05	2.9995e-11	-10.0	-6.5
220.0	4.4085e-05	2.7965e-11	-10.0	-6.4
220.5	4.3363e-05	2.5063e-11	-10.0	-6.3
221.0	4.2634e-05	2.3385e-11	-10.0	-6.2
221.5	4.1923e-05	1.9363e-11	-10.0	-6.1
222.0	4.1201e-05	1.7444e-11	-10.0	-6.0
222.5	4.048e-05	1.4795e-11	-10.0	-5.9
223.0	3.9756e-05	1.1811e-11	-10.0	-5.8
223.5	3.9038e-05	1.0089e-11	-10.0	-5.7
224.0	3.8319e-05	7.1776e-12	-10.0	-5.6
224.5	3.7604e-05	4.6575e-12	-10.0	-5.5
225.0	3.6884e-05	2.0599e-12	-10.0	-5.4
225.5	3.6168e-05	2.11e-13	-10.0	-5.3
226.0	3.5455e-05	1.3948e-12	-10.0	-5.2
226.5	3.4739e-05	5.0735e-12	-10.0	-5.1
227.0	3.4032e-05	7.726e-12	-10.0	-5.0
227.5	3.3325e-05	2.135e-12	-10.0	-4.9
228.0	3.2609e-05	2.0306e-10	-10.0	-4.8
228.5	3.19e-05	1.3622e-11	-10.0	-4.7
229.0	3.1199e-05	1.6413e-11	-10.0	-4.6
229.5	3.0493e-05	1.9624e-11	-10.0	-4.5
230.0	2.9792e-05	2.2013e-11	-10.0	-4.4
230.5	2.9092e-05	2.3509e-11	-10.0	-4.3
231.0	2.8394e-05	2.5497e-11	-10.0	-4.2
231.5	2.7702e-05	2.7256e-11	-10.0	-4.1
232.0	2.7014e-05	2.9759e-11	-10.0	-4.0
232.5	2.6325e-05	2.9758e-11	-10.0	-3.9
233.0	2.5643e-05	3.2828e-11	-10.0	-3.8
233.5	2.4958e-05	3.5048e-11	-10.0	-3.7
234.0	2.4279e-05	3.506e-11	-10.0	-3.6
234.5	2.3606e-05	3.7198e-11	-10.0	-3.5
235.0	2.2932e-05	3.9283e-11	-10.0	-3.4
235.5	2.2263e-05	4.0876e-11	-10.0	-3.3
236.0	2.1595e-05	4.1399e-11	-10.0	-3.2
236.5	2.093e-05	4.3856e-11	-10.0	-3.1
237.0	2.0276e-05	4.4677e-11	-10.0	-3.0
237.5	1.9621e-05	4.6736e-11	-10.0	-2.9
238.0	1.897e-05	4.7346e-11	-10.0	-2.8
238.5	1.8326e-05	4.9108e-11	-10.0	-2.7
239.0	1.7685e-05	5.0236e-11	-10.0	-2.6
239.5	1.7051e-05	5.1583e-11	-10.0	-2.5
240.0	1.6421e-05	5.3114e-11	-10.0	-2.4
240.5	1.5794e-05	5.3596e-11	-10.0	-2.3
241.0	1.5173e-05	5.5507e-11	-10.0	-2.2
241.5	1.456e-05	5.6189e-11	-10.0	-2.1
242.0	1.3949e-05	5.7354e-11	-10.0	-2.0
242.5	1.335e-05	5.6561e-11	-10.0	-1.9
243.0	1.2756e-05	2.5667e-10	-10.0	-1.8
243.5	1.217e-05	6.0157e-11	-10.0	-1.7
244.0	1.1588e-05	6.0997e-11	-10.0	-1.6
244.5	1.1016e-05	6.1903e-11	-10.0	-1.5
245.0	1.0453e-05	6.196e-11	-10.0	-1.4
245.5	9.8955e-06	6.3025e-11	-10.0	-1.3
246.0	9.3478e-06	7.0529e-11	-10.0	-1.2
246.5	8.8091e-06	6.4117e-11	-10.0	-1.1
247.0	8.2793e-06	6.5082e-11	-10.0	-1.0
247.5	7.7594e-06	6.5602e-11	-10.0	-0.9
248.0	7.2512e-06	6.6067e-11	-10.0	-0.8
248.5	6.7529e-06	6.6758e-11	-10.0	-0.7
249.0	6.2672e-06	6.722e-11	-10.0	-0.6
249.5	5.7915e-06	6.8089e-11	-10.0	-0.5
250.0	5.33e-06	6.8552e-11	-10.0	-0.4
250.5	4.8803e-06	6.938e-11	-10.0	-0.3
251.0	4.4447e-06	7.0258e-11	-10.0	-0.2
251.5	4.0246e-06	7.0632e-11	-10.0	-0.1
252.0	3.6201e-06	7.2029e-11	-10.0	-3.6554e-14
252.5	3.2322e-06	7.2706e-11	-10.0	0.1
253.0	2.8622e-06	7.4003e-11	-10.0	0.2
253.5	2.5101e-06	7.5319e-11	-10.0	0.3
254.0	2.1775e-06	7.7353e-11	-10.0	0.4
254.5	1.8668e-06	7.967e-11	-10.0	0.5
255.0	1.5775e-06	8.2984e-11	-10.0	0.6
255.5	1.3108e-06	8.7365e-11	-10.0	0.7
256.0	1.0687e-06	9.36e-11	-10.0	0.8
256.5	8.52e-07	1.0256e-10	-10.0	0.9
257.0	6.6239e-07	1.3647e-10	-10.0	1.0
257.5	5.0032e-07	1.308e-10	-10.0	1.1
258.0	3.6601e-07	5.5946e-10	-10.0	1.2
258.5	2.6001e-07	1.6852e-10	-10.0	1.3
259.0	1.8058e-07	1.825e-10	-10.0	1.4
259.5	1.2527e-07	1.9686e-10	-10.0	1.5
260.0	8.897e-08	2.0846e-10	-10.0	1.6
260.5	6.5544e-08	3.6618e-10	-10.0	1.7
261.0	5.0837e-08	2.1895e-10	-10.0	1.8
261.5	4.1378e-08	2.1019e-10	-10.0	1.9
262.0	3.471e-08	1.9057e-10	-10.0	2.0
262.5	2.9899e-08	1.7065e-10	-10.0	2.1
263.0	2.6173e-08	1.5145e-10	-10.0	2.2
263.5	2.2926e-08	1.3809e-10	-10.0	2.3
264.0	2.0167e-08	1.2732e-10	-10.0	2.4
264.5	1.7782e-08	1.1803e-10	-10.0	2.5
265.0	1.5534e-08	1.0966e-10	-10.0	2.6
265.5	1.3665e-08	1.0229e-10	-10.0	2.7
266.0	1.1922e-08	9.6061e-11	-10.0	2.8
266.5	1.0406e-08	9.1445e-11	-10.0	2.9
267.0	9.0518e-09	8.769e-11	-10.0	3.0
267.5	7.797e-09	8.5189e-11	-10.0	3.1
268.0	6.722e-09	8.2461e-11	-10.0	3.2
268.5	5.7231e-09	8.1006e-11	-10.0	3.3
269.0	4.8792e-09	7.9294e-11	-10.0	3.4
269.5	4.1435e-09	7.8156e-11	-10.0	3.5
270.0	3.4683e-09	7.7254e-11	-10.0	3.6
270.5	2.8708e-09	7.6972e-11	-10.0	3.7
271.0	2.4313e-09	7.619e-11	-10.0	3.8
271.5	2.0431e-09	7.5164e-11	-10.0	3.9
272.0	1.7068e-09	7.4732e-11	-10.0	4.0
272.5	1.4075e-09	7.43e-11	-10.0	4.1
273.0	1.1423e-09	6.939e-11	-10.0	4.2
273.5	8.8282e-10	1.5196e-10	-10.0	4.3
274.0	6.5853e-10	7.3342e-11	-10.0	4.4
274.5	4.6883e-10	7.2961e-11	-10.0	4.5
275.0	3.2168e-10	7.2837e-11	-10.0	4.6
275.5	2.2897e-10	7.2725e-11	-10.0	4.7
276.0	1.6298e-10	7.2036e-11	-10.0	4.8
276.5	1.1794e-10	7.2099e-11	-10.0	4.9
277.0	8.9629e-11	7.1913e-11	-10.0	5.0
277.5	7.1431e-11	7.1582e-11	-10.0	5.1
278.0	6.0496e-11	7.1508e-11	-10.0	5.2
278.5	5.4721e-11	7.1291e-11	-10.0	5.3
279.0	5.186e-11	7.1174e-11	-10.0	5.4
279.5	5.0603e-11	7.1056e-11	-10.0	5.5
280.0	4.9769e-11	7.0807e-11	-10.0	5.6
280.5	4.9691e-11	7.0825e-11	-10.0	5.7
281.0	4.9673e-11	7.0658e-11	-10.0	5.8
281.5	4.9576e-11	7.0443e-11	-10.0	5.9
282.0	4.9579e-11	7.0573e-11	-10.0	6.0
282.5	4.9384e-11	7.0481e-11	-10.0	6.1
283.0	4.9593e-11	7.0385e-11	-10.0	6.2
283.5	4.9479e-11	7.0299e-11	-10.0	6.3
284.0	4.9403e-11	7.0184e-11	-10.0	6.4
284.5	4.9539e-11	7.0229e-11	-10.0	6.5
285.0	4.9375e-11	6.9838e-11	-10.0	6.6
285.5	4.9536e-11	6.9937e-11	-10.0	6.7
286.0	4.9577e-11	6.9784e-11	-10.0	6.8
286.5	4.9514e-11	6.9756e-11	-10.0	6.9
287.0	4.9461e-11	6.972e-11	-10.0	7.0
287.5	4.9716e-11	6.9696e-11	-10.0	7.1
288.0	4.5172e-11	6.8289e-11	-10.0	7.2
288.5	5.7255e-11	1.464e-10	-10.0	7.3
289.0	5.017e-11	6.9669e-11	-10.0	7.4
289.5	4.946e-11	6.9196e-11	-10.0	7.5
290.0	4.9403e-11	6.9539e-11	-10.0	7.6
290.5	4.9405e-11	6.9444e-11	-10.0	7.7
291.0	4.9301e-11	6.9259e-11	-10.0	7.8
291.5	4.9536e-11	6.9323e-11	-10.0	7.9
292.0	4.9446e-11	6.9183e-11	-10.0	8.0
292.5	4.9624e-11	6.9217e-11	-10.0	8.1
293.0	4.939e-11	6.9035e-11	-10.0	8.2
293.5	4.9609e-11	6.9007e-11	-10.0	8.3
294.0	4.952e-11	6.8908e-11	-10.0	8.4
294.5	4.9591e-11	6.903e-11	-10.0	8.5
295.0	4.9801e-11	6.9194e-11	-10.0	8.6
295.5	4.944e-11	6.8929e-11	-10.0	8.7
296.0	4.9599e-11	6.8715e-11	-10.0	8.8
296.5	4.9632e-11	6.8792e-11	-10.0	8.9
297.0	4.9612e-11	6.8885e-11	-10.0	9.0
297.5	4.9341e-11	6.8868e-11	-10.0	9.1
298.0	4.9561e-11	6.8613e-11	-10.0	9.2
298.5	4.9733e-11	6.867e-11	-10.0	9.3
299.0	4.977e-11	6.8947e-11	-10.0	9.4
299.5	4.9732e-11	6.8568e-11	-10.0	9.5
300.0	4.9776e-11	6.8679e-11	-10.0	9.6
300.5	4.9692e-11	6.8673e-11	-10.0	9.7
301.0	4.9706e-11	6.9004e-11	-10.0	9.8
301.5	4.9823e-11	6.8468e-11	-10.0	9.9
302.0	4.9833e-11	6.8727e-11	-10.0	10.0
302.5	4.9871e-11	6.8687e-11	-10.0	10.1
303.0	4.6358e-11	6.8147e-11	-10.0	10.2
303.5	5.77e-11	1.4784e-10	-10.0	10.3
304.0	5.0709e-11	6.8775e-11	-10.0	10.4
304.5	5.0135e-11	6.8591e-11	-10.0	10.5
305.0	4.9847e-11	6.914e-11	-10.0	10.6
305.5	5.0026e-11	6.8464e-11	-10.0	10.7
306.0	5.0231e-11	6.8562e-11	-10.0	10.8
306.5	4.998e-11	6.8479e-11	-10.0	10.9
307.0	4.9934e-11	6.8648e-11	-10.0	11.0
307.5	4.985e-11	6.8438e-11	-10.0	11.1
308.0	4.9936e-11	6.8771e-11	-10.0	11.2
308.5	4.9941e-11	6.8581e-11	-10.0	11.3
309.0	4.9974e-11	6.8759e-11	-10.0	11.4
309.5	5.0198e-11	6.874e-11	-10.0	11.5
310.0	4.9921e-11	6.8748e-11	-10.0	11.6
310.5	5.0021e-11	6.8584e-11	-10.0	11.7
311.0	5.002e-11	6.8459e-11	-10.0	11.8
311.5	5.0087e-11	6.8458e-11	-10.0	11.9
312.0	4.9851e-11	6.8542e-11	-10.0	12.0
312.5	5.0081e-11	6.8784e-11	-10.0	12.1
313.0	4.9961e-11	6.8525e-11	-10.0	12.2
313.5	4.9993e-11	6.8817e-11	-10.0	12.3
314.0	5.0148e-11	6.8582e-11	-10.0	12.4
314.5	5.0105e-11	6.845e-11	-10.0	12.5
315.0	4.9964e-11	6.8403e-11	-10.0	12.6
315.5	5.0015e-11	6.8515e-11	-10.0	12.7
316.0	4.9958e-11	6.8836e-11	-10.0	12.8
316.5	5.0319e-11	6.8755e-11	-10.0	12.9
317.0	5.0029e-11	6.8643e-11	-10.0	13.0
317.5	5.0009e-11	6.8808e-11	-10.0	13.1
318.0	5.0108e-11	6.8399e-11	-10.0	13.2
318.5	4.4305e-11	6.4543e-11	-10.0	13.3
319.0	5.827e-11	1.4346e-10	-10.0	13.4
319.5	5.0793e-11	6.8942e-11	-10.0	13.5
320.0	5.0222e-11	6.8913e-11	-10.0	13.6
320.5	5.0179e-11	6.8785e-11	-10.0	13.7
321.0	5.0176e-11	6.8829e-11	-10.0	13.8
321.5	5.0309e-11	6.8885e-11	-10.0	13.9
322.0	5.0099e-11	6.8884e-11	-10.0	14.0
322.5	5.0257e-11	6.8978e-11	-10.0	14.1
323.0	4.9915e-11	6.9151e-11	-10.0	14.2
323.5	5.0252e-11	6.8827e-11	-10.0	14.3
324.0	5.0232e-11	6.8727e-11	-10.0	14.4
324.5	5.0097e-11	6.8752e-11	-10.0	14.5
325.0	5.0107e-11	6.8716e-11	-10.0	14.6
325.5	5.0321e-11	6.8883e-11	-10.0	14.7
326.0	5.03e-11	6.8775e-11	-10.0	14.8
326.5	5.0384e-11	6.8995e-11	-10.0	14.9
327.0	5.0488e-11	6.8276e-11	-10.0	15.0
327.5	5.0237e-11	6.8769e-11	-10.0	15.1
328.0	5.0283e-11	6.8698e-11	-10.0	15.2
328.5	5.0406e-11	6.8667e-11	-10.0	15.3
329.0	5.0433e-11	6.8827e-11	-10.0	15.4
329.5	5.0408e-11	6.8595e-11	-10.0	15.5
330.0	5.0684e-11	6.8885e-11	-10.0	15.6
330.5	5.0492e-11	6.8744e-11	-10.0	15.7
331.0	5.0467e-11	6.8519e-11	-10.0	15.8
331.5	5.0468e-11	6.8755e-11	-10.0	15.9
332.0	5.0633e-11	6.8595e-11	-10.0	16.0
332.5	5.0509e-11	6.8711e-11	-10.0	16.1
333.0	5.0471e-11	6.8648e-11	-10.0	16.2
333.5	4.6213e-11	6.7517e-11	-10.0	16.3
334.0	5.8732e-11	1.4655e-10	-10.0	16.4
334.5	5.1413e-11	6.8685e-11	-10.0	16.5
335.0	5.0801e-11	6.8791e-11	-10.0	16.6
335.5	5.0876e-11	6.8936e-11	-10.0	16.7
336.0	5.0622e-11	6.8702e-11	-10.0	16.8
336.5	5.052e-11	6.8364e-11	-10.0	16.9
337.0	5.0638e-11	6.9046e-11	-10.0	17.0
337.5	5.0774e-11	6.9073e-11	-10.0	17.1
338.0	5.075e-11	6.8752e-11	-10.0	17.2
338.5	5.0693e-11	6.8835e-11	-10.0	17.3
339.0	5.0837e-11	6.8544e-11	-10.0	17.4
339.5	5.079e-11	6.8771e-11	-10.0	17.5
340.0	5.0908e-11	6.8637e-11	-10.0	17.6
340.5	5.0693e-11	6.8686e-11	-10.0	17.7
341.0	5.0838e-11	6.8946e-11	-10.0	17.8
341.5	5.0817e-11	6.8995e-11	-10.0	17.9
342.0	5.0766e-11	6.8747e-11	-10.0	18.0
342.5	5.0923e-11	6.8966e-11	-10.0	18.1
343.0	5.0702e-11	6.9217e-11	-10.0	18.2
343.5	5.0772e-11	6.9096e-11	-10.0	18.3
344.0	5.0735e-11	6.9109e-11	-10.0	18.4
344.5	5.0971e-11	6.8986e-11	-10.0	18.5
345.0	5.1003e-11	6.9241e-11	-10.0	18.6
345.5	5.1024e-11	6.9405e-11	-10.0	18.7
346.0	5.0741e-11	6.9268e-11	-10.0	18.8
346.5	5.0719e-11	6.8941e-11	-10.0	18.9
347.0	5.1142e-11	6.8941e-11	-10.0	19.0
347.5	5.1007e-11	6.9246e-11	-10.0	19.1
348.0	5.0709e-11	6.9337e-11	-10.0	19.2
348.5	4.7514e-11	6.8968e-11	-10.0	19.3
349.0	5.9063e-11	1.4462e-10	-10.0	19.4
349.5	5.1609e-11	6.8958e-11	-10.0	19.5
350.0	5.1128e-11	6.9013e-11	-10.0	19.6
350.5	5.1031e-11	6.8954e-11	-10.0	19.7
351.0	5.1103e-11	6.9014e-11	-10.0	19.8
351.5	5.1171e-11	6.9307e-11	-10.0	19.9
352.0	5.1063e-11	6.9069e-11	-10.0	20.0
352.5	3.4834e-11	5.3136e-11	-10.0	20.0
