Time (s)	|IDrain (A)|	|IGate (A)	Vdrain(V)	Vgate(V)
0.0	1.7359e-05	1.4411e-10	-10.0	-2.5
1.0	1.7363e-05	2.468e-11	-10.0	-2.5
1.5	1.7362e-05	1.8512e-11	-10.0	-2.5
2.0	1.7365e-05	1.3822e-11	-10.0	-2.5
2.5	1.7366e-05	1.2294e-11	-10.0	-2.5
3.0	1.7369e-05	1.1226e-11	-10.0	-2.5
3.5	1.7372e-05	9.557e-12	-10.0	-2.5
4.0	1.7377e-05	9.2518e-12	-10.0	-2.5
4.5	1.7378e-05	9.0313e-12	-10.0	-2.5
5.0	1.7379e-05	8.3542e-12	-10.0	-2.5
5.5	1.738e-05	7.6616e-12	-10.0	-2.5
6.0	1.738e-05	7.7081e-12	-10.0	-2.5
6.5	1.7384e-05	8.0526e-12	-10.0	-2.5
7.0	1.739e-05	7.5364e-12	-10.0	-2.5
7.5	1.7393e-05	7.1514e-12	-10.0	-2.5
8.0	1.7394e-05	7.3576e-12	-10.0	-2.5
8.5	1.74e-05	7.304e-12	-10.0	-2.5
9.0	1.7401e-05	6.9654e-12	-10.0	-2.5
9.5	1.7404e-05	6.566e-12	-10.0	-2.5
10.0	1.7407e-05	6.5756e-12	-10.0	-2.5
10.5	1.7412e-05	6.3789e-12	-10.0	-2.5
11.0	1.7414e-05	7.0429e-12	-10.0	-2.5
11.5	1.7416e-05	6.8796e-12	-10.0	-2.5
12.0	1.7419e-05	6.6137e-12	-10.0	-2.5
12.5	1.7417e-05	6.2871e-12	-10.0	-2.5
13.0	1.742e-05	6.1464e-12	-10.0	-2.5
13.5	1.7422e-05	6.7437e-12	-10.0	-2.5
14.0	1.7424e-05	6.9475e-12	-10.0	-2.5
14.5	1.7426e-05	6.603e-12	-10.0	-2.5
15.0	1.743e-05	5.7447e-12	-10.0	-2.5
15.5	1.7431e-05	6.2943e-12	-10.0	-2.5
16.0	1.7434e-05	6.1488e-12	-10.0	-2.5
16.5	1.7436e-05	5.8413e-12	-10.0	-2.5
17.0	1.7438e-05	6.1214e-12	-10.0	-2.5
17.5	1.744e-05	6.5732e-12	-10.0	-2.5
18.0	1.7444e-05	5.9712e-12	-10.0	-2.5
18.5	1.7445e-05	6.7008e-12	-10.0	-2.5
19.0	1.7445e-05	5.7876e-12	-10.0	-2.5
19.5	1.745e-05	5.6207e-12	-10.0	-2.5
20.0	1.7453e-05	5.8603e-12	-10.0	-2.5
20.5	1.7453e-05	6.1452e-12	-10.0	-2.5
21.0	1.7456e-05	6.3348e-12	-10.0	-2.5
21.5	1.7459e-05	6.1762e-12	-10.0	-2.5
22.0	1.7463e-05	6.9654e-12	-10.0	-2.5
22.5	1.7466e-05	5.9056e-12	-10.0	-2.5
23.0	1.7466e-05	6.2966e-12	-10.0	-2.5
23.5	1.747e-05	6.4063e-12	-10.0	-2.5
24.0	1.7471e-05	6.2489e-12	-10.0	-2.5
24.5	1.7473e-05	6.2895e-12	-10.0	-2.5
25.0	1.7479e-05	6.1524e-12	-10.0	-2.5
25.5	1.7478e-05	5.9366e-12	-10.0	-2.5
26.0	1.7479e-05	6.4278e-12	-10.0	-2.5
26.5	1.748e-05	5.5933e-12	-10.0	-2.5
27.0	1.7483e-05	6.1548e-12	-10.0	-2.5
27.5	1.7484e-05	6.0117e-12	-10.0	-2.5
28.0	1.7486e-05	5.827e-12	-10.0	-2.5
28.5	1.7488e-05	6.1846e-12	-10.0	-2.5
29.0	1.7492e-05	5.8746e-12	-10.0	-2.5
29.5	1.7493e-05	4.971e-12	-10.0	-2.5
30.0	1.7496e-05	6.0618e-12	-10.0	-2.5
30.5	1.7497e-05	6.6435e-12	-10.0	-2.5
31.0	1.75e-05	6.7425e-12	-10.0	-2.5
31.5	1.7499e-05	6.2883e-12	-10.0	-2.5
32.0	1.7501e-05	6.1536e-12	-10.0	-2.5
32.5	1.7504e-05	6.0368e-12	-10.0	-2.5
33.0	1.7508e-05	6.0964e-12	-10.0	-2.5
33.5	1.7509e-05	6.1762e-12	-10.0	-2.5
34.0	1.7509e-05	6.6149e-12	-10.0	-2.5
34.5	1.7511e-05	6.0654e-12	-10.0	-2.5
35.0	1.7515e-05	6.6161e-12	-10.0	-2.5
35.5	1.7514e-05	6.4278e-12	-10.0	-2.5
36.0	1.7516e-05	6.1893e-12	-10.0	-2.5
36.5	1.7517e-05	6.696e-12	-10.0	-2.5
37.0	1.7518e-05	6.9416e-12	-10.0	-2.5
37.5	1.7521e-05	5.8961e-12	-10.0	-2.5
38.0	1.7522e-05	6.3777e-12	-10.0	-2.5
38.5	1.7521e-05	6.0844e-12	-10.0	-2.5
39.0	1.7523e-05	6.5374e-12	-10.0	-2.5
39.5	1.7525e-05	6.5398e-12	-10.0	-2.5
40.0	1.7529e-05	6.4123e-12	-10.0	-2.5
40.5	1.7532e-05	6.8235e-12	-10.0	-2.5
41.0	1.7532e-05	6.659e-12	-10.0	-2.5
41.5	1.7537e-05	6.2501e-12	-10.0	-2.5
42.0	1.7538e-05	6.5255e-12	-10.0	-2.5
42.5	1.754e-05	6.2811e-12	-10.0	-2.5
43.0	1.7543e-05	6.3181e-12	-10.0	-2.5
43.5	1.7544e-05	6.0976e-12	-10.0	-2.5
44.0	1.7546e-05	5.542e-12	-10.0	-2.5
44.5	1.7547e-05	6.0976e-12	-10.0	-2.5
45.0	1.7551e-05	6.1333e-12	-10.0	-2.5
45.5	1.7553e-05	6.2036e-12	-10.0	-2.5
46.0	1.7554e-05	6.1202e-12	-10.0	-2.5
46.5	1.7555e-05	6.0332e-12	-10.0	-2.5
47.0	1.7557e-05	6.4611e-12	-10.0	-2.5
47.5	1.7559e-05	5.8305e-12	-10.0	-2.5
48.0	1.7562e-05	6.8176e-12	-10.0	-2.5
48.5	1.7564e-05	5.6469e-12	-10.0	-2.5
49.0	1.757e-05	5.8341e-12	-10.0	-2.5
49.5	1.7569e-05	5.4586e-12	-10.0	-2.5
50.0	1.7571e-05	6.1274e-12	-10.0	-2.5
50.5	1.7572e-05	6.094e-12	-10.0	-2.5
51.0	1.7573e-05	5.6386e-12	-10.0	-2.5
51.5	1.7574e-05	5.8651e-12	-10.0	-2.5
52.0	1.7577e-05	6.4898e-12	-10.0	-2.5
52.5	1.7578e-05	6.1619e-12	-10.0	-2.5
53.0	1.7582e-05	6.3002e-12	-10.0	-2.5
53.5	1.758e-05	6.6805e-12	-10.0	-2.5
54.0	1.7584e-05	6.5982e-12	-10.0	-2.5
54.5	1.7588e-05	6.4433e-12	-10.0	-2.5
55.0	1.7586e-05	6.7878e-12	-10.0	-2.5
55.5	1.7585e-05	6.6841e-12	-10.0	-2.5
56.0	1.7589e-05	6.4898e-12	-10.0	-2.5
56.5	1.7589e-05	6.2907e-12	-10.0	-2.5
57.0	1.7593e-05	6.6125e-12	-10.0	-2.5
57.5	1.7594e-05	5.6338e-12	-10.0	-2.5
58.0	1.7597e-05	5.7161e-12	-10.0	-2.5
58.5	1.7597e-05	6.1083e-12	-10.0	-2.5
59.0	1.7598e-05	6.4921e-12	-10.0	-2.5
59.5	1.7602e-05	6.3062e-12	-10.0	-2.5
60.0	1.7604e-05	6.814e-12	-10.0	-2.5
60.5	1.7605e-05	6.2346e-12	-10.0	-2.5
61.0	1.7605e-05	6.1512e-12	-10.0	-2.5
61.5	1.7605e-05	5.548e-12	-10.0	-2.5
62.0	1.7607e-05	5.9867e-12	-10.0	-2.5
62.5	1.761e-05	6.6137e-12	-10.0	-2.5
63.0	1.7614e-05	6.9392e-12	-10.0	-2.5
63.5	1.7614e-05	6.0463e-12	-10.0	-2.5
64.0	1.7615e-05	6.7711e-12	-10.0	-2.5
64.5	1.7616e-05	6.7806e-12	-10.0	-2.5
65.0	1.7616e-05	6.7031e-12	-10.0	-2.5
65.5	1.7618e-05	6.4731e-12	-10.0	-2.5
66.0	1.7623e-05	6.9845e-12	-10.0	-2.5
66.5	1.7625e-05	6.2394e-12	-10.0	-2.5
67.0	1.7629e-05	7.0798e-12	-10.0	-2.5
67.5	1.7632e-05	5.9903e-12	-10.0	-2.5
68.0	1.763e-05	6.8438e-12	-10.0	-2.5
68.5	1.7631e-05	6.2871e-12	-10.0	-2.5
69.0	1.763e-05	5.2702e-12	-10.0	-2.5
69.5	1.7633e-05	6.5255e-12	-10.0	-2.5
70.0	1.7634e-05	6.1083e-12	-10.0	-2.5
70.5	1.7635e-05	7.0274e-12	-10.0	-2.5
71.0	1.7637e-05	7.4422e-12	-10.0	-2.5
71.5	1.7639e-05	6.9499e-12	-10.0	-2.5
72.0	1.7639e-05	6.9106e-12	-10.0	-2.5
72.5	1.7642e-05	6.4433e-12	-10.0	-2.5
73.0	1.7644e-05	7.0989e-12	-10.0	-2.5
73.5	1.7645e-05	6.808e-12	-10.0	-2.5
74.0	1.7649e-05	6.268e-12	-10.0	-2.5
74.5	1.7648e-05	5.8878e-12	-10.0	-2.5
75.0	1.765e-05	7.6067e-12	-10.0	-2.5
75.5	1.7652e-05	6.4599e-12	-10.0	-2.5
76.0	1.7656e-05	6.7318e-12	-10.0	-2.5
76.5	1.7658e-05	6.6209e-12	-10.0	-2.5
77.0	1.7662e-05	7.3707e-12	-10.0	-2.5
77.5	1.7661e-05	6.7198e-12	-10.0	-2.5
78.0	1.7662e-05	6.1834e-12	-10.0	-2.5
78.5	1.7664e-05	6.2787e-12	-10.0	-2.5
79.0	1.7665e-05	6.5219e-12	-10.0	-2.5
79.5	1.7667e-05	6.9189e-12	-10.0	-2.5
80.0	1.7669e-05	6.5958e-12	-10.0	-2.5
80.5	1.7668e-05	6.7043e-12	-10.0	-2.5
81.0	1.7673e-05	6.3455e-12	-10.0	-2.5
81.5	1.7672e-05	6.8259e-12	-10.0	-2.5
82.0	1.7677e-05	6.4862e-12	-10.0	-2.5
82.5	1.7678e-05	6.1929e-12	-10.0	-2.5
83.0	1.7679e-05	6.727e-12	-10.0	-2.5
83.5	1.7679e-05	7.1025e-12	-10.0	-2.5
84.0	1.7682e-05	7.2098e-12	-10.0	-2.5
84.5	1.7683e-05	6.9392e-12	-10.0	-2.5
85.0	1.7688e-05	6.721e-12	-10.0	-2.5
85.5	1.7687e-05	7.205e-12	-10.0	-2.5
86.0	1.7688e-05	7.112e-12	-10.0	-2.5
86.5	1.7688e-05	7.1788e-12	-10.0	-2.5
87.0	1.769e-05	7.0846e-12	-10.0	-2.5
87.5	1.7693e-05	6.4075e-12	-10.0	-2.5
88.0	1.7692e-05	6.7854e-12	-10.0	-2.5
88.5	1.7693e-05	7.36e-12	-10.0	-2.5
89.0	1.7694e-05	6.8915e-12	-10.0	-2.5
89.5	1.7696e-05	6.7461e-12	-10.0	-2.5
90.0	1.7699e-05	7.2324e-12	-10.0	-2.5
90.5	1.7699e-05	7.0918e-12	-10.0	-2.5
91.0	1.7704e-05	7.1263e-12	-10.0	-2.5
91.5	1.7704e-05	7.4375e-12	-10.0	-2.5
92.0	1.7704e-05	6.5923e-12	-10.0	-2.5
92.5	1.7705e-05	7.0024e-12	-10.0	-2.5
93.0	1.7707e-05	6.2287e-12	-10.0	-2.5
93.5	1.7709e-05	6.7842e-12	-10.0	-2.5
94.0	1.771e-05	6.7806e-12	-10.0	-2.5
94.5	1.7714e-05	6.6042e-12	-10.0	-2.5
95.0	1.7715e-05	7.1776e-12	-10.0	-2.5
95.5	1.7715e-05	7.118e-12	-10.0	-2.5
96.0	1.7719e-05	7.1347e-12	-10.0	-2.5
96.5	1.7719e-05	7.41e-12	-10.0	-2.5
97.0	1.772e-05	7.2014e-12	-10.0	-2.5
97.5	1.7722e-05	6.7842e-12	-10.0	-2.5
98.0	1.7723e-05	7.3075e-12	-10.0	-2.5
98.5	1.7725e-05	7.168e-12	-10.0	-2.5
99.0	1.7726e-05	7.1204e-12	-10.0	-2.5
99.5	1.7725e-05	6.8569e-12	-10.0	-2.5
100.0	1.7729e-05	6.6781e-12	-10.0	-2.5
100.5	1.7733e-05	6.6447e-12	-10.0	-2.5
101.0	1.7734e-05	7.36e-12	-10.0	-2.5
101.5	1.7736e-05	6.6364e-12	-10.0	-2.5
102.0	1.7737e-05	7.2753e-12	-10.0	-2.5
102.5	1.7738e-05	7.1347e-12	-10.0	-2.5
103.0	1.7738e-05	7.3826e-12	-10.0	-2.5
103.5	1.7741e-05	5.9962e-12	-10.0	-2.5
104.0	1.774e-05	7.2932e-12	-10.0	-2.5
104.5	1.7744e-05	7.1573e-12	-10.0	-2.5
105.0	1.7744e-05	7.1573e-12	-10.0	-2.5
105.5	1.7748e-05	7.2908e-12	-10.0	-2.5
106.0	1.7747e-05	7.0739e-12	-10.0	-2.5
106.5	1.7747e-05	6.6554e-12	-10.0	-2.5
107.0	1.775e-05	7.3969e-12	-10.0	-2.5
107.5	1.7749e-05	6.5052e-12	-10.0	-2.5
108.0	1.7751e-05	6.9022e-12	-10.0	-2.5
108.5	1.775e-05	7.062e-12	-10.0	-2.5
109.0	1.7754e-05	6.8235e-12	-10.0	-2.5
109.5	1.7758e-05	7.0047e-12	-10.0	-2.5
110.0	1.7758e-05	7.5507e-12	-10.0	-2.5
110.5	1.7758e-05	7.3743e-12	-10.0	-2.5
111.0	1.7758e-05	6.3396e-12	-10.0	-2.5
111.5	1.7762e-05	6.8533e-12	-10.0	-2.5
112.0	1.7761e-05	6.7186e-12	-10.0	-2.5
112.5	1.7759e-05	7.8773e-12	-10.0	-2.5
113.0	1.7762e-05	7.0214e-12	-10.0	-2.5
113.5	1.7764e-05	6.845e-12	-10.0	-2.5
114.0	1.7767e-05	7.4768e-12	-10.0	-2.5
114.5	1.777e-05	7.6473e-12	-10.0	-2.5
115.0	1.7769e-05	6.609e-12	-10.0	-2.5
115.5	1.7771e-05	6.932e-12	-10.0	-2.5
116.0	1.7773e-05	7.05e-12	-10.0	-2.5
116.5	1.7771e-05	6.9141e-12	-10.0	-2.5
117.0	1.7773e-05	7.4244e-12	-10.0	-2.5
117.5	1.7774e-05	7.2813e-12	-10.0	-2.5
118.0	1.7777e-05	6.907e-12	-10.0	-2.5
118.5	1.7775e-05	7.7093e-12	-10.0	-2.5
119.0	1.7778e-05	7.0257e-11	-10.0	-2.5
119.5	1.7787e-05	1.8871e-10	-10.0	-2.5
120.0	1.7798e-05	1.9348e-10	-10.0	-2.5
120.5	1.7807e-05	1.9109e-10	-10.0	-2.5
121.0	1.7823e-05	1.8929e-10	-10.0	-2.5
121.5	1.7832e-05	1.8683e-10	-10.0	-2.5
122.0	1.7847e-05	1.8578e-10	-10.0	-2.5
122.5	1.7858e-05	1.8482e-10	-10.0	-2.5
123.0	1.7869e-05	1.84e-10	-10.0	-2.5
123.5	1.788e-05	1.834e-10	-10.0	-2.5
124.0	1.7893e-05	1.8343e-10	-10.0	-2.5
124.5	1.7906e-05	1.8213e-10	-10.0	-2.5
125.0	1.7919e-05	1.8187e-10	-10.0	-2.5
125.5	1.7927e-05	1.815e-10	-10.0	-2.5
126.0	1.7936e-05	1.8137e-10	-10.0	-2.5
126.5	1.7946e-05	1.8132e-10	-10.0	-2.5
127.0	1.7958e-05	1.8072e-10	-10.0	-2.5
127.5	1.7967e-05	1.8057e-10	-10.0	-2.5
128.0	1.7977e-05	1.8086e-10	-10.0	-2.5
128.5	1.7986e-05	1.8054e-10	-10.0	-2.5
129.0	1.7993e-05	1.8004e-10	-10.0	-2.5
129.5	1.8001e-05	1.8047e-10	-10.0	-2.5
130.0	1.8008e-05	1.7972e-10	-10.0	-2.5
130.5	1.8015e-05	1.7977e-10	-10.0	-2.5
131.0	1.8023e-05	1.797e-10	-10.0	-2.5
131.5	1.8031e-05	1.7941e-10	-10.0	-2.5
132.0	1.8036e-05	1.7898e-10	-10.0	-2.5
132.5	1.8042e-05	1.789e-10	-10.0	-2.5
133.0	1.8048e-05	1.7882e-10	-10.0	-2.5
133.5	1.8056e-05	1.792e-10	-10.0	-2.5
134.0	1.8061e-05	1.7879e-10	-10.0	-2.5
134.5	1.807e-05	1.787e-10	-10.0	-2.5
135.0	1.808e-05	1.7847e-10	-10.0	-2.5
135.5	1.809e-05	1.784e-10	-10.0	-2.5
136.0	1.8096e-05	1.7887e-10	-10.0	-2.5
136.5	1.8102e-05	1.7863e-10	-10.0	-2.5
137.0	1.8108e-05	1.7855e-10	-10.0	-2.5
137.5	1.8113e-05	1.7852e-10	-10.0	-2.5
138.0	1.8116e-05	1.7757e-10	-10.0	-2.5
138.5	1.8121e-05	1.7724e-10	-10.0	-2.5
139.0	1.8126e-05	1.7833e-10	-10.0	-2.5
139.5	1.8132e-05	1.7796e-10	-10.0	-2.5
140.0	1.8134e-05	1.7719e-10	-10.0	-2.5
140.5	1.8139e-05	1.7735e-10	-10.0	-2.5
141.0	1.8145e-05	1.774e-10	-10.0	-2.5
141.5	1.8151e-05	1.7724e-10	-10.0	-2.5
142.0	1.8157e-05	1.7632e-10	-10.0	-2.5
142.5	1.816e-05	1.7675e-10	-10.0	-2.5
143.0	1.8165e-05	1.7645e-10	-10.0	-2.5
143.5	1.8172e-05	1.7709e-10	-10.0	-2.5
144.0	1.8174e-05	1.768e-10	-10.0	-2.5
144.5	1.8176e-05	1.7641e-10	-10.0	-2.5
145.0	1.8179e-05	1.7724e-10	-10.0	-2.5
145.5	1.8184e-05	1.7602e-10	-10.0	-2.5
146.0	1.8189e-05	1.7663e-10	-10.0	-2.5
146.5	1.8194e-05	1.7653e-10	-10.0	-2.5
147.0	1.8199e-05	1.7684e-10	-10.0	-2.5
147.5	1.8202e-05	1.7655e-10	-10.0	-2.5
148.0	1.8207e-05	1.7613e-10	-10.0	-2.5
148.5	1.8211e-05	1.7581e-10	-10.0	-2.5
149.0	1.8213e-05	1.7584e-10	-10.0	-2.5
149.5	1.8217e-05	1.7642e-10	-10.0	-2.5
150.0	1.8222e-05	1.7545e-10	-10.0	-2.5
150.5	1.8227e-05	1.7546e-10	-10.0	-2.5
151.0	1.823e-05	1.7539e-10	-10.0	-2.5
151.5	1.8231e-05	1.7585e-10	-10.0	-2.5
152.0	1.8233e-05	1.7498e-10	-10.0	-2.5
152.5	1.8235e-05	1.7589e-10	-10.0	-2.5
153.0	1.8239e-05	1.7556e-10	-10.0	-2.5
153.5	1.824e-05	1.7568e-10	-10.0	-2.5
154.0	1.8242e-05	1.7586e-10	-10.0	-2.5
154.5	1.8244e-05	1.752e-10	-10.0	-2.5
155.0	1.8246e-05	1.756e-10	-10.0	-2.5
155.5	1.8247e-05	1.7508e-10	-10.0	-2.5
156.0	1.8249e-05	1.747e-10	-10.0	-2.5
156.5	1.8253e-05	1.7575e-10	-10.0	-2.5
157.0	1.8253e-05	1.7482e-10	-10.0	-2.5
157.5	1.8257e-05	1.7476e-10	-10.0	-2.5
158.0	1.8258e-05	1.7473e-10	-10.0	-2.5
158.5	1.8262e-05	1.7436e-10	-10.0	-2.5
159.0	1.8263e-05	1.7416e-10	-10.0	-2.5
159.5	1.8265e-05	1.7469e-10	-10.0	-2.5
160.0	1.8262e-05	1.7488e-10	-10.0	-2.5
160.5	1.8262e-05	1.746e-10	-10.0	-2.5
161.0	1.8265e-05	1.7469e-10	-10.0	-2.5
161.5	1.8266e-05	1.7461e-10	-10.0	-2.5
162.0	1.8267e-05	1.749e-10	-10.0	-2.5
162.5	1.8267e-05	1.7475e-10	-10.0	-2.5
163.0	1.8268e-05	1.7398e-10	-10.0	-2.5
163.5	1.8271e-05	1.7419e-10	-10.0	-2.5
164.0	1.8273e-05	1.7379e-10	-10.0	-2.5
164.5	1.8272e-05	1.7485e-10	-10.0	-2.5
165.0	1.827e-05	1.7432e-10	-10.0	-2.5
165.5	1.8272e-05	1.7428e-10	-10.0	-2.5
166.0	1.8273e-05	1.7327e-10	-10.0	-2.5
166.5	1.8276e-05	1.7424e-10	-10.0	-2.5
167.0	1.8276e-05	1.7375e-10	-10.0	-2.5
167.5	1.8279e-05	1.7371e-10	-10.0	-2.5
168.0	1.8281e-05	1.7319e-10	-10.0	-2.5
168.5	1.8278e-05	1.739e-10	-10.0	-2.5
169.0	1.828e-05	1.7366e-10	-10.0	-2.5
169.5	1.8282e-05	1.7344e-10	-10.0	-2.5
170.0	1.8284e-05	1.7324e-10	-10.0	-2.5
170.5	1.8284e-05	1.7371e-10	-10.0	-2.5
171.0	1.8283e-05	1.7349e-10	-10.0	-2.5
171.5	1.8283e-05	1.735e-10	-10.0	-2.5
172.0	1.8283e-05	1.7353e-10	-10.0	-2.5
172.5	1.8282e-05	1.727e-10	-10.0	-2.5
173.0	1.8281e-05	1.7303e-10	-10.0	-2.5
173.5	1.8283e-05	1.7363e-10	-10.0	-2.5
174.0	1.8285e-05	1.7292e-10	-10.0	-2.5
174.5	1.8285e-05	1.7312e-10	-10.0	-2.5
175.0	1.8288e-05	1.7274e-10	-10.0	-2.5
175.5	1.8289e-05	1.728e-10	-10.0	-2.5
176.0	1.8293e-05	1.7315e-10	-10.0	-2.5
176.5	1.8291e-05	1.7345e-10	-10.0	-2.5
177.0	1.8291e-05	1.7289e-10	-10.0	-2.5
177.5	1.8291e-05	1.7281e-10	-10.0	-2.5
178.0	1.8293e-05	1.7239e-10	-10.0	-2.5
178.5	1.8294e-05	1.7284e-10	-10.0	-2.5
179.0	1.8295e-05	1.634e-10	-10.0	-2.5
179.5	1.8292e-05	2.1207e-12	-10.0	-2.5
180.0	1.8289e-05	9.8491e-12	-10.0	-2.5
180.5	1.829e-05	1.0704e-11	-10.0	-2.5
181.0	1.8286e-05	9.9802e-12	-10.0	-2.5
181.5	1.8285e-05	1.0802e-11	-10.0	-2.5
182.0	1.8282e-05	9.9635e-12	-10.0	-2.5
182.5	1.8281e-05	1.006e-11	-10.0	-2.5
183.0	1.8277e-05	9.9528e-12	-10.0	-2.5
183.5	1.8275e-05	9.83e-12	-10.0	-2.5
184.0	1.8274e-05	9.625e-12	-10.0	-2.5
184.5	1.8273e-05	9.5904e-12	-10.0	-2.5
185.0	1.827e-05	9.5737e-12	-10.0	-2.5
185.5	1.8268e-05	9.7966e-12	-10.0	-2.5
186.0	1.8265e-05	9.0873e-12	-10.0	-2.5
186.5	1.8262e-05	9.4593e-12	-10.0	-2.5
187.0	1.8258e-05	9.0671e-12	-10.0	-2.5
187.5	1.8256e-05	8.5521e-12	-10.0	-2.5
188.0	1.8253e-05	8.6224e-12	-10.0	-2.5
188.5	1.825e-05	9.4545e-12	-10.0	-2.5
189.0	1.8249e-05	9.1875e-12	-10.0	-2.5
189.5	1.8247e-05	8.8584e-12	-10.0	-2.5
190.0	1.8245e-05	9.042e-12	-10.0	-2.5
190.5	1.8243e-05	8.9479e-12	-10.0	-2.5
191.0	1.824e-05	8.8525e-12	-10.0	-2.5
191.5	1.8238e-05	8.2111e-12	-10.0	-2.5
192.0	1.8236e-05	8.6164e-12	-10.0	-2.5
192.5	1.8234e-05	8.3089e-12	-10.0	-2.5
193.0	1.8232e-05	8.2803e-12	-10.0	-2.5
193.5	1.8231e-05	8.707e-12	-10.0	-2.5
194.0	1.8229e-05	9.2006e-12	-10.0	-2.5
194.5	1.823e-05	8.5342e-12	-10.0	-2.5
195.0	1.8226e-05	8.3888e-12	-10.0	-2.5
195.5	1.8223e-05	8.1861e-12	-10.0	-2.5
196.0	1.8222e-05	8.4794e-12	-10.0	-2.5
196.5	1.822e-05	9.1755e-12	-10.0	-2.5
197.0	1.8218e-05	8.6474e-12	-10.0	-2.5
197.5	1.8219e-05	8.7547e-12	-10.0	-2.5
198.0	1.8216e-05	7.9763e-12	-10.0	-2.5
198.5	1.8216e-05	8.8119e-12	-10.0	-2.5
199.0	1.8215e-05	8.3661e-12	-10.0	-2.5
199.5	1.8215e-05	8.5342e-12	-10.0	-2.5
200.0	1.8214e-05	8.4126e-12	-10.0	-2.5
200.5	1.8212e-05	9.3186e-12	-10.0	-2.5
201.0	1.8212e-05	8.1277e-12	-10.0	-2.5
201.5	1.8211e-05	8.353e-12	-10.0	-2.5
202.0	1.8211e-05	8.8477e-12	-10.0	-2.5
202.5	1.8209e-05	8.9037e-12	-10.0	-2.5
203.0	1.8211e-05	8.2099e-12	-10.0	-2.5
203.5	1.8211e-05	8.229e-12	-10.0	-2.5
204.0	1.8209e-05	8.2409e-12	-10.0	-2.5
204.5	1.8207e-05	8.5819e-12	-10.0	-2.5
205.0	1.8205e-05	8.6451e-12	-10.0	-2.5
205.5	1.8206e-05	8.2445e-12	-10.0	-2.5
206.0	1.8207e-05	8.4019e-12	-10.0	-2.5
206.5	1.8207e-05	8.1611e-12	-10.0	-2.5
207.0	1.8209e-05	8.266e-12	-10.0	-2.5
207.5	1.8207e-05	8.0037e-12	-10.0	-2.5
208.0	1.8207e-05	9.0182e-12	-10.0	-2.5
208.5	1.8206e-05	8.7905e-12	-10.0	-2.5
209.0	1.8205e-05	7.9179e-12	-10.0	-2.5
209.5	1.8205e-05	8.5294e-12	-10.0	-2.5
210.0	1.8203e-05	8.0359e-12	-10.0	-2.5
210.5	1.8204e-05	8.0574e-12	-10.0	-2.5
211.0	1.8202e-05	8.8334e-12	-10.0	-2.5
211.5	1.8203e-05	7.6556e-12	-10.0	-2.5
212.0	1.8202e-05	8.4221e-12	-10.0	-2.5
212.5	1.8201e-05	7.9656e-12	-10.0	-2.5
213.0	1.8203e-05	8.7476e-12	-10.0	-2.5
213.5	1.8201e-05	8.1098e-12	-10.0	-2.5
214.0	1.82e-05	8.4364e-12	-10.0	-2.5
214.5	1.8201e-05	8.2076e-12	-10.0	-2.5
215.0	1.8201e-05	8.3506e-12	-10.0	-2.5
215.5	1.8202e-05	7.9763e-12	-10.0	-2.5
216.0	1.8206e-05	7.8309e-12	-10.0	-2.5
216.5	1.8207e-05	8.7333e-12	-10.0	-2.5
217.0	1.8207e-05	8.6522e-12	-10.0	-2.5
217.5	1.8206e-05	8.322e-12	-10.0	-2.5
218.0	1.8205e-05	8.4948e-12	-10.0	-2.5
218.5	1.8205e-05	8.3458e-12	-10.0	-2.5
219.0	1.8206e-05	8.4114e-12	-10.0	-2.5
219.5	1.8203e-05	8.1694e-12	-10.0	-2.5
220.0	1.8204e-05	8.4639e-12	-10.0	-2.5
220.5	1.8208e-05	8.9955e-12	-10.0	-2.5
221.0	1.8206e-05	7.6497e-12	-10.0	-2.5
221.5	1.8208e-05	8.0574e-12	-10.0	-2.5
222.0	1.8207e-05	8.0037e-12	-10.0	-2.5
222.5	1.8205e-05	8.527e-12	-10.0	-2.5
223.0	1.8203e-05	8.2386e-12	-10.0	-2.5
223.5	1.8204e-05	8.6796e-12	-10.0	-2.5
224.0	1.8207e-05	7.4911e-12	-10.0	-2.5
224.5	1.8207e-05	9.0611e-12	-10.0	-2.5
225.0	1.8207e-05	7.9846e-12	-10.0	-2.5
225.5	1.8208e-05	8.4996e-12	-10.0	-2.5
226.0	1.8206e-05	8.843e-12	-10.0	-2.5
226.5	1.8206e-05	7.8154e-12	-10.0	-2.5
227.0	1.8207e-05	7.9811e-12	-10.0	-2.5
227.5	1.8207e-05	8.5115e-12	-10.0	-2.5
228.0	1.8206e-05	7.7975e-12	-10.0	-2.5
228.5	1.8207e-05	8.5819e-12	-10.0	-2.5
229.0	1.8206e-05	8.6665e-12	-10.0	-2.5
229.5	1.8206e-05	8.229e-12	-10.0	-2.5
230.0	1.8209e-05	8.3792e-12	-10.0	-2.5
230.5	1.8208e-05	7.5126e-12	-10.0	-2.5
231.0	1.821e-05	8.6582e-12	-10.0	-2.5
231.5	1.8208e-05	7.6771e-12	-10.0	-2.5
232.0	1.8209e-05	7.4995e-12	-10.0	-2.5
232.5	1.8208e-05	8.4019e-12	-10.0	-2.5
233.0	1.8207e-05	7.7987e-12	-10.0	-2.5
233.5	1.821e-05	8.2111e-12	-10.0	-2.5
234.0	1.8214e-05	8.3292e-12	-10.0	-2.5
234.5	1.8211e-05	8.2576e-12	-10.0	-2.5
235.0	1.8212e-05	8.3041e-12	-10.0	-2.5
235.5	1.8212e-05	7.6187e-12	-10.0	-2.5
236.0	1.8214e-05	8.4829e-12	-10.0	-2.5
236.5	1.8211e-05	8.4007e-12	-10.0	-2.5
237.0	1.8211e-05	9.3341e-12	-10.0	-2.5
237.5	1.8214e-05	7.987e-12	-10.0	-2.5
238.0	1.821e-05	8.6105e-12	-10.0	-2.5
238.5	1.8209e-05	7.968e-12	-10.0	-2.5
239.0	1.8207e-05	3.8269e-11	-10.0	-2.5
239.5	1.8213e-05	1.7221e-10	-10.0	-2.5
240.0	1.8218e-05	1.8016e-10	-10.0	-2.5
240.5	1.8225e-05	1.8108e-10	-10.0	-2.5
241.0	1.8229e-05	1.791e-10	-10.0	-2.5
241.5	1.8234e-05	1.7947e-10	-10.0	-2.5
242.0	1.824e-05	1.7848e-10	-10.0	-2.5
242.5	1.8248e-05	1.7764e-10	-10.0	-2.5
243.0	1.8251e-05	1.7634e-10	-10.0	-2.5
243.5	1.8259e-05	1.766e-10	-10.0	-2.5
244.0	1.8262e-05	1.7653e-10	-10.0	-2.5
244.5	1.8268e-05	1.7609e-10	-10.0	-2.5
245.0	1.8275e-05	1.757e-10	-10.0	-2.5
245.5	1.8279e-05	1.7521e-10	-10.0	-2.5
246.0	1.8286e-05	1.7534e-10	-10.0	-2.5
246.5	1.829e-05	1.745e-10	-10.0	-2.5
247.0	1.8297e-05	1.7482e-10	-10.0	-2.5
247.5	1.83e-05	1.7485e-10	-10.0	-2.5
248.0	1.8301e-05	1.7399e-10	-10.0	-2.5
248.5	1.8304e-05	1.7411e-10	-10.0	-2.5
249.0	1.8309e-05	1.7468e-10	-10.0	-2.5
249.5	1.8312e-05	1.7389e-10	-10.0	-2.5
250.0	1.8314e-05	1.7451e-10	-10.0	-2.5
250.5	1.8317e-05	1.7319e-10	-10.0	-2.5
251.0	1.8322e-05	1.7353e-10	-10.0	-2.5
251.5	1.8324e-05	1.7373e-10	-10.0	-2.5
252.0	1.8327e-05	1.7348e-10	-10.0	-2.5
252.5	1.8329e-05	1.7421e-10	-10.0	-2.5
253.0	1.8331e-05	1.7353e-10	-10.0	-2.5
253.5	1.8334e-05	1.7345e-10	-10.0	-2.5
254.0	1.8337e-05	1.7271e-10	-10.0	-2.5
254.5	1.8339e-05	1.7237e-10	-10.0	-2.5
255.0	1.8341e-05	1.7326e-10	-10.0	-2.5
255.5	1.8345e-05	1.7276e-10	-10.0	-2.5
256.0	1.835e-05	1.7348e-10	-10.0	-2.5
256.5	1.8352e-05	1.7269e-10	-10.0	-2.5
257.0	1.8354e-05	1.7253e-10	-10.0	-2.5
257.5	1.8355e-05	1.7151e-10	-10.0	-2.5
258.0	1.8356e-05	1.7316e-10	-10.0	-2.5
258.5	1.8357e-05	1.7322e-10	-10.0	-2.5
259.0	1.8358e-05	1.7252e-10	-10.0	-2.5
259.5	1.8356e-05	1.7257e-10	-10.0	-2.5
260.0	1.8358e-05	1.7282e-10	-10.0	-2.5
260.5	1.8363e-05	1.7251e-10	-10.0	-2.5
261.0	1.8363e-05	1.7181e-10	-10.0	-2.5
261.5	1.8364e-05	1.7163e-10	-10.0	-2.5
262.0	1.8367e-05	1.7143e-10	-10.0	-2.5
262.5	1.8367e-05	1.7269e-10	-10.0	-2.5
263.0	1.837e-05	1.7154e-10	-10.0	-2.5
263.5	1.8373e-05	1.7128e-10	-10.0	-2.5
264.0	1.8373e-05	1.7159e-10	-10.0	-2.5
264.5	1.8371e-05	1.7156e-10	-10.0	-2.5
265.0	1.837e-05	1.7141e-10	-10.0	-2.5
265.5	1.8373e-05	1.7176e-10	-10.0	-2.5
266.0	1.8376e-05	1.7139e-10	-10.0	-2.5
266.5	1.838e-05	1.7171e-10	-10.0	-2.5
267.0	1.838e-05	1.7186e-10	-10.0	-2.5
267.5	1.8379e-05	1.7079e-10	-10.0	-2.5
268.0	1.8379e-05	1.7111e-10	-10.0	-2.5
268.5	1.8383e-05	1.7167e-10	-10.0	-2.5
269.0	1.838e-05	1.7206e-10	-10.0	-2.5
269.5	1.8382e-05	1.7102e-10	-10.0	-2.5
270.0	1.8384e-05	1.7074e-10	-10.0	-2.5
270.5	1.8385e-05	1.7068e-10	-10.0	-2.5
271.0	1.8388e-05	1.7066e-10	-10.0	-2.5
271.5	1.8388e-05	1.7133e-10	-10.0	-2.5
272.0	1.8388e-05	1.7106e-10	-10.0	-2.5
272.5	1.8387e-05	1.7061e-10	-10.0	-2.5
273.0	1.8391e-05	1.7092e-10	-10.0	-2.5
273.5	1.8391e-05	1.7138e-10	-10.0	-2.5
274.0	1.8389e-05	1.7083e-10	-10.0	-2.5
274.5	1.8392e-05	1.7044e-10	-10.0	-2.5
275.0	1.839e-05	1.707e-10	-10.0	-2.5
275.5	1.8393e-05	1.7131e-10	-10.0	-2.5
276.0	1.8391e-05	1.6986e-10	-10.0	-2.5
276.5	1.839e-05	1.7083e-10	-10.0	-2.5
277.0	1.839e-05	1.7042e-10	-10.0	-2.5
277.5	1.8391e-05	1.7037e-10	-10.0	-2.5
278.0	1.839e-05	1.7001e-10	-10.0	-2.5
278.5	1.8394e-05	1.7012e-10	-10.0	-2.5
279.0	1.8392e-05	1.6953e-10	-10.0	-2.5
279.5	1.8389e-05	1.704e-10	-10.0	-2.5
280.0	1.8392e-05	1.7057e-10	-10.0	-2.5
280.5	1.8391e-05	1.7042e-10	-10.0	-2.5
281.0	1.8389e-05	1.7002e-10	-10.0	-2.5
281.5	1.8393e-05	1.7002e-10	-10.0	-2.5
282.0	1.8394e-05	1.6922e-10	-10.0	-2.5
282.5	1.839e-05	1.6916e-10	-10.0	-2.5
283.0	1.8389e-05	1.7027e-10	-10.0	-2.5
283.5	1.8389e-05	1.699e-10	-10.0	-2.5
284.0	1.8389e-05	1.7028e-10	-10.0	-2.5
284.5	1.8391e-05	1.6983e-10	-10.0	-2.5
285.0	1.8388e-05	1.6993e-10	-10.0	-2.5
285.5	1.8388e-05	1.6986e-10	-10.0	-2.5
286.0	1.8387e-05	1.702e-10	-10.0	-2.5
286.5	1.8383e-05	1.6968e-10	-10.0	-2.5
287.0	1.8385e-05	1.6931e-10	-10.0	-2.5
287.5	1.8386e-05	1.6962e-10	-10.0	-2.5
288.0	1.8389e-05	1.6946e-10	-10.0	-2.5
288.5	1.8385e-05	1.6961e-10	-10.0	-2.5
289.0	1.8384e-05	1.6978e-10	-10.0	-2.5
289.5	1.8384e-05	1.6978e-10	-10.0	-2.5
290.0	1.8383e-05	1.7013e-10	-10.0	-2.5
290.5	1.8384e-05	1.6951e-10	-10.0	-2.5
291.0	1.8382e-05	1.6966e-10	-10.0	-2.5
291.5	1.8381e-05	1.6976e-10	-10.0	-2.5
292.0	1.8382e-05	1.6908e-10	-10.0	-2.5
292.5	1.8383e-05	1.6952e-10	-10.0	-2.5
293.0	1.8382e-05	1.6915e-10	-10.0	-2.5
293.5	1.838e-05	1.695e-10	-10.0	-2.5
294.0	1.8379e-05	1.6926e-10	-10.0	-2.5
294.5	1.8381e-05	1.6906e-10	-10.0	-2.5
295.0	1.838e-05	1.6967e-10	-10.0	-2.5
295.5	1.8381e-05	1.688e-10	-10.0	-2.5
296.0	1.8379e-05	1.6915e-10	-10.0	-2.5
296.5	1.8378e-05	1.6929e-10	-10.0	-2.5
297.0	1.8379e-05	1.6975e-10	-10.0	-2.5
297.5	1.8382e-05	1.6891e-10	-10.0	-2.5
298.0	1.838e-05	1.6901e-10	-10.0	-2.5
298.5	1.8379e-05	1.6924e-10	-10.0	-2.5
299.0	1.8381e-05	1.6578e-10	-10.0	-2.5
299.5	1.8376e-05	3.19e-12	-10.0	-2.5
300.0	1.8375e-05	9.3555e-12	-10.0	-2.5
300.5	1.8372e-05	1.06e-11	-10.0	-2.5
301.0	1.8373e-05	1.0706e-11	-10.0	-2.5
301.5	1.8371e-05	1.1095e-11	-10.0	-2.5
302.0	1.8368e-05	1.0892e-11	-10.0	-2.5
302.5	1.8367e-05	1.0809e-11	-10.0	-2.5
303.0	1.8365e-05	1.1034e-11	-10.0	-2.5
303.5	1.8361e-05	1.076e-11	-10.0	-2.5
304.0	1.8358e-05	1.0518e-11	-10.0	-2.5
304.5	1.8357e-05	9.4819e-12	-10.0	-2.5
305.0	1.8355e-05	9.9552e-12	-10.0	-2.5
305.5	1.8353e-05	9.8896e-12	-10.0	-2.5
306.0	1.835e-05	1.0599e-11	-10.0	-2.5
306.5	1.8348e-05	9.8395e-12	-10.0	-2.5
307.0	1.8346e-05	9.2041e-12	-10.0	-2.5
307.5	1.834e-05	9.7477e-12	-10.0	-2.5
308.0	1.8341e-05	9.4795e-12	-10.0	-2.5
308.5	1.8335e-05	9.6166e-12	-10.0	-2.5
309.0	1.8335e-05	9.8324e-12	-10.0	-2.5
309.5	1.8334e-05	9.2518e-12	-10.0	-2.5
310.0	1.8333e-05	9.737e-12	-10.0	-2.5
310.5	1.8332e-05	9.4414e-12	-10.0	-2.5
311.0	1.833e-05	9.253e-12	-10.0	-2.5
311.5	1.8323e-05	9.1839e-12	-10.0	-2.5
312.0	1.8323e-05	9.5546e-12	-10.0	-2.5
312.5	1.832e-05	8.5044e-12	-10.0	-2.5
313.0	1.8323e-05	9.0301e-12	-10.0	-2.5
313.5	1.8325e-05	8.6153e-12	-10.0	-2.5
314.0	1.8322e-05	8.9979e-12	-10.0	-2.5
314.5	1.832e-05	8.9681e-12	-10.0	-2.5
315.0	1.8318e-05	9.197e-12	-10.0	-2.5
315.5	1.8317e-05	9.5725e-12	-10.0	-2.5
316.0	1.8319e-05	9.0706e-12	-10.0	-2.5
316.5	1.8319e-05	8.6105e-12	-10.0	-2.5
317.0	1.8317e-05	8.9848e-12	-10.0	-2.5
317.5	1.8316e-05	9.1064e-12	-10.0	-2.5
318.0	1.8313e-05	9.0241e-12	-10.0	-2.5
318.5	1.8314e-05	8.7857e-12	-10.0	-2.5
319.0	1.8312e-05	9.3508e-12	-10.0	-2.5
319.5	1.8314e-05	9.5713e-12	-10.0	-2.5
320.0	1.831e-05	8.8954e-12	-10.0	-2.5
320.5	1.8312e-05	9.0027e-12	-10.0	-2.5
321.0	1.8311e-05	9.4473e-12	-10.0	-2.5
321.5	1.831e-05	9.2113e-12	-10.0	-2.5
322.0	1.8311e-05	9.2173e-12	-10.0	-2.5
322.5	1.8311e-05	8.8716e-12	-10.0	-2.5
323.0	1.8312e-05	8.9693e-12	-10.0	-2.5
323.5	1.831e-05	9.1088e-12	-10.0	-2.5
324.0	1.8309e-05	9.0063e-12	-10.0	-2.5
324.5	1.831e-05	8.7929e-12	-10.0	-2.5
325.0	1.8309e-05	8.8477e-12	-10.0	-2.5
325.5	1.831e-05	8.5831e-12	-10.0	-2.5
326.0	1.8312e-05	8.8894e-12	-10.0	-2.5
326.5	1.8314e-05	8.8239e-12	-10.0	-2.5
327.0	1.8314e-05	9.3543e-12	-10.0	-2.5
327.5	1.8313e-05	9.1779e-12	-10.0	-2.5
328.0	1.8311e-05	8.4472e-12	-10.0	-2.5
328.5	1.831e-05	8.7404e-12	-10.0	-2.5
329.0	1.831e-05	9.4104e-12	-10.0	-2.5
329.5	1.8309e-05	8.4806e-12	-10.0	-2.5
330.0	1.831e-05	8.2088e-12	-10.0	-2.5
330.5	1.8307e-05	8.8561e-12	-10.0	-2.5
331.0	1.8307e-05	8.6176e-12	-10.0	-2.5
331.5	1.8309e-05	9.0003e-12	-10.0	-2.5
332.0	1.8308e-05	9.2864e-12	-10.0	-2.5
332.5	1.8311e-05	8.6999e-12	-10.0	-2.5
333.0	1.831e-05	8.2958e-12	-10.0	-2.5
333.5	1.8311e-05	8.2433e-12	-10.0	-2.5
334.0	1.831e-05	9.2757e-12	-10.0	-2.5
334.5	1.8309e-05	9.0206e-12	-10.0	-2.5
335.0	1.8309e-05	7.9906e-12	-10.0	-2.5
335.5	1.8309e-05	8.4353e-12	-10.0	-2.5
336.0	1.8305e-05	8.4865e-12	-10.0	-2.5
336.5	1.8305e-05	8.1837e-12	-10.0	-2.5
337.0	1.8304e-05	8.4758e-12	-10.0	-2.5
337.5	1.8305e-05	8.949e-12	-10.0	-2.5
338.0	1.8305e-05	8.2767e-12	-10.0	-2.5
338.5	1.8306e-05	8.3244e-12	-10.0	-2.5
339.0	1.8304e-05	8.0717e-12	-10.0	-2.5
339.5	1.8306e-05	8.7082e-12	-10.0	-2.5
340.0	1.8305e-05	8.2803e-12	-10.0	-2.5
340.5	1.8307e-05	8.3637e-12	-10.0	-2.5
341.0	1.8306e-05	8.4984e-12	-10.0	-2.5
341.5	1.8306e-05	8.6403e-12	-10.0	-2.5
342.0	1.8306e-05	8.7702e-12	-10.0	-2.5
342.5	1.8307e-05	8.4698e-12	-10.0	-2.5
343.0	1.8306e-05	8.5604e-12	-10.0	-2.5
343.5	1.8307e-05	8.5938e-12	-10.0	-2.5
344.0	1.831e-05	7.6938e-12	-10.0	-2.5
344.5	1.8309e-05	8.3566e-12	-10.0	-2.5
345.0	1.8306e-05	8.1444e-12	-10.0	-2.5
345.5	1.8309e-05	7.8476e-12	-10.0	-2.5
346.0	1.8307e-05	8.465e-12	-10.0	-2.5
346.5	1.8308e-05	9.0074e-12	-10.0	-2.5
347.0	1.831e-05	8.7643e-12	-10.0	-2.5
347.5	1.8312e-05	8.9049e-12	-10.0	-2.5
348.0	1.8312e-05	8.5473e-12	-10.0	-2.5
348.5	1.8312e-05	8.7452e-12	-10.0	-2.5
349.0	1.8313e-05	8.6534e-12	-10.0	-2.5
349.5	1.8313e-05	8.1801e-12	-10.0	-2.5
350.0	1.8312e-05	8.4353e-12	-10.0	-2.5
350.5	1.8314e-05	8.0538e-12	-10.0	-2.5
351.0	1.8314e-05	8.1813e-12	-10.0	-2.5
351.5	1.8312e-05	8.8859e-12	-10.0	-2.5
352.0	1.8313e-05	8.9586e-12	-10.0	-2.5
352.5	1.8311e-05	8.843e-12	-10.0	-2.5
353.0	1.8311e-05	8.5163e-12	-10.0	-2.5
353.5	1.8311e-05	8.8286e-12	-10.0	-2.5
354.0	1.8314e-05	8.3852e-12	-10.0	-2.5
354.5	1.8315e-05	8.5378e-12	-10.0	-2.5
355.0	1.8314e-05	7.9763e-12	-10.0	-2.5
355.5	1.8314e-05	8.3315e-12	-10.0	-2.5
356.0	1.8316e-05	8.9574e-12	-10.0	-2.5
356.5	1.8316e-05	8.1456e-12	-10.0	-2.5
357.0	1.8317e-05	8.5557e-12	-10.0	-2.5
357.5	1.8315e-05	8.1253e-12	-10.0	-2.5
358.0	1.8316e-05	8.3351e-12	-10.0	-2.5
358.5	1.8316e-05	8.5056e-12	-10.0	-2.5
359.0	1.832e-05	2.1213e-11	-10.0	-2.5
359.5	1.8322e-05	1.6696e-10	-10.0	-2.5
360.0	1.833e-05	1.764e-10	-10.0	-2.5
360.5	1.833e-05	1.772e-10	-10.0	-2.5
361.0	1.8336e-05	1.7651e-10	-10.0	-2.5
361.5	1.8339e-05	1.7542e-10	-10.0	-2.5
362.0	1.8345e-05	1.751e-10	-10.0	-2.5
362.5	1.8348e-05	1.7529e-10	-10.0	-2.5
363.0	1.8351e-05	1.7447e-10	-10.0	-2.5
363.5	1.8354e-05	1.7344e-10	-10.0	-2.5
364.0	1.8357e-05	1.7276e-10	-10.0	-2.5
364.5	1.8363e-05	1.7239e-10	-10.0	-2.5
365.0	1.8368e-05	1.7253e-10	-10.0	-2.5
365.5	1.8372e-05	1.7317e-10	-10.0	-2.5
366.0	1.8377e-05	1.7287e-10	-10.0	-2.5
366.5	1.8384e-05	1.7233e-10	-10.0	-2.5
367.0	1.8389e-05	1.7222e-10	-10.0	-2.5
367.5	1.8396e-05	1.7215e-10	-10.0	-2.5
368.0	1.8398e-05	1.7199e-10	-10.0	-2.5
368.5	1.8403e-05	1.7199e-10	-10.0	-2.5
369.0	1.8407e-05	1.7101e-10	-10.0	-2.5
369.5	1.8409e-05	1.7116e-10	-10.0	-2.5
370.0	1.8412e-05	1.7178e-10	-10.0	-2.5
370.5	1.8411e-05	1.713e-10	-10.0	-2.5
371.0	1.8414e-05	1.7109e-10	-10.0	-2.5
371.5	1.8418e-05	1.7107e-10	-10.0	-2.5
372.0	1.8421e-05	1.7095e-10	-10.0	-2.5
372.5	1.8423e-05	1.7076e-10	-10.0	-2.5
373.0	1.8429e-05	1.7093e-10	-10.0	-2.5
373.5	1.8431e-05	1.7073e-10	-10.0	-2.5
374.0	1.8432e-05	1.7079e-10	-10.0	-2.5
374.5	1.8434e-05	1.7067e-10	-10.0	-2.5
375.0	1.8434e-05	1.7075e-10	-10.0	-2.5
375.5	1.8435e-05	1.7041e-10	-10.0	-2.5
376.0	1.8436e-05	1.7035e-10	-10.0	-2.5
376.5	1.8436e-05	1.7087e-10	-10.0	-2.5
377.0	1.8437e-05	1.697e-10	-10.0	-2.5
377.5	1.8436e-05	1.6996e-10	-10.0	-2.5
378.0	1.844e-05	1.6998e-10	-10.0	-2.5
378.5	1.8438e-05	1.7024e-10	-10.0	-2.5
379.0	1.8439e-05	1.6978e-10	-10.0	-2.5
379.5	1.8444e-05	1.7e-10	-10.0	-2.5
380.0	1.8445e-05	1.7007e-10	-10.0	-2.5
380.5	1.8445e-05	1.6923e-10	-10.0	-2.5
381.0	1.8444e-05	1.693e-10	-10.0	-2.5
381.5	1.8442e-05	1.6996e-10	-10.0	-2.5
382.0	1.844e-05	1.6948e-10	-10.0	-2.5
382.5	1.8439e-05	1.696e-10	-10.0	-2.5
383.0	1.8444e-05	1.6865e-10	-10.0	-2.5
383.5	1.8444e-05	1.692e-10	-10.0	-2.5
384.0	1.8446e-05	1.6902e-10	-10.0	-2.5
384.5	1.8442e-05	1.6887e-10	-10.0	-2.5
385.0	1.8441e-05	1.695e-10	-10.0	-2.5
385.5	1.8441e-05	1.6896e-10	-10.0	-2.5
386.0	1.8441e-05	1.6823e-10	-10.0	-2.5
386.5	1.8443e-05	1.6842e-10	-10.0	-2.5
387.0	1.8442e-05	1.6848e-10	-10.0	-2.5
387.5	1.8439e-05	1.6886e-10	-10.0	-2.5
388.0	1.844e-05	1.6866e-10	-10.0	-2.5
388.5	1.8441e-05	1.6833e-10	-10.0	-2.5
389.0	1.8439e-05	1.6901e-10	-10.0	-2.5
389.5	1.8439e-05	1.6893e-10	-10.0	-2.5
390.0	1.844e-05	1.6837e-10	-10.0	-2.5
390.5	1.8443e-05	1.6856e-10	-10.0	-2.5
391.0	1.8439e-05	1.6851e-10	-10.0	-2.5
391.5	1.844e-05	1.6896e-10	-10.0	-2.5
392.0	1.8442e-05	1.6817e-10	-10.0	-2.5
392.5	1.8445e-05	1.6861e-10	-10.0	-2.5
393.0	1.8441e-05	1.6847e-10	-10.0	-2.5
393.5	1.844e-05	1.682e-10	-10.0	-2.5
394.0	1.8439e-05	1.6874e-10	-10.0	-2.5
394.5	1.8442e-05	1.6877e-10	-10.0	-2.5
395.0	1.8439e-05	1.6795e-10	-10.0	-2.5
395.5	1.844e-05	1.6835e-10	-10.0	-2.5
396.0	1.844e-05	1.6805e-10	-10.0	-2.5
396.5	1.8441e-05	1.6792e-10	-10.0	-2.5
397.0	1.8443e-05	1.6823e-10	-10.0	-2.5
397.5	1.8439e-05	1.6853e-10	-10.0	-2.5
398.0	1.844e-05	1.6808e-10	-10.0	-2.5
398.5	1.8439e-05	1.6777e-10	-10.0	-2.5
399.0	1.844e-05	1.6848e-10	-10.0	-2.5
399.5	1.8438e-05	1.6839e-10	-10.0	-2.5
400.0	1.8439e-05	1.6831e-10	-10.0	-2.5
400.5	1.8438e-05	1.673e-10	-10.0	-2.5
401.0	1.844e-05	1.6805e-10	-10.0	-2.5
401.5	1.8437e-05	1.6829e-10	-10.0	-2.5
402.0	1.8439e-05	1.6818e-10	-10.0	-2.5
402.5	1.8436e-05	1.6793e-10	-10.0	-2.5
403.0	1.8437e-05	1.6847e-10	-10.0	-2.5
403.5	1.8433e-05	1.674e-10	-10.0	-2.5
404.0	1.8434e-05	1.6833e-10	-10.0	-2.5
404.5	1.8433e-05	1.6749e-10	-10.0	-2.5
405.0	1.8434e-05	1.6778e-10	-10.0	-2.5
405.5	1.8433e-05	1.6709e-10	-10.0	-2.5
406.0	1.843e-05	1.6747e-10	-10.0	-2.5
406.5	1.8431e-05	1.6792e-10	-10.0	-2.5
407.0	1.8427e-05	1.6738e-10	-10.0	-2.5
407.5	1.8425e-05	1.6851e-10	-10.0	-2.5
408.0	1.8427e-05	1.6815e-10	-10.0	-2.5
408.5	1.8422e-05	1.6811e-10	-10.0	-2.5
409.0	1.8421e-05	1.6753e-10	-10.0	-2.5
409.5	1.8421e-05	1.6784e-10	-10.0	-2.5
410.0	1.8425e-05	1.6807e-10	-10.0	-2.5
410.5	1.8425e-05	1.6747e-10	-10.0	-2.5
411.0	1.8422e-05	1.6788e-10	-10.0	-2.5
411.5	1.8422e-05	1.6812e-10	-10.0	-2.5
412.0	1.842e-05	1.678e-10	-10.0	-2.5
412.5	1.8421e-05	1.6742e-10	-10.0	-2.5
413.0	1.842e-05	1.6749e-10	-10.0	-2.5
413.5	1.8422e-05	1.6742e-10	-10.0	-2.5
414.0	1.8419e-05	1.6765e-10	-10.0	-2.5
414.5	1.842e-05	1.6742e-10	-10.0	-2.5
415.0	1.8421e-05	1.6737e-10	-10.0	-2.5
415.5	1.8418e-05	1.6726e-10	-10.0	-2.5
416.0	1.8417e-05	1.6735e-10	-10.0	-2.5
416.5	1.8416e-05	1.6763e-10	-10.0	-2.5
417.0	1.8412e-05	1.6805e-10	-10.0	-2.5
417.5	1.8412e-05	1.6764e-10	-10.0	-2.5
418.0	1.8412e-05	1.6705e-10	-10.0	-2.5
418.5	1.8413e-05	1.6729e-10	-10.0	-2.5
419.0	1.8412e-05	1.6723e-10	-10.0	-2.5
419.5	1.841e-05	5.1486e-12	-10.0	-2.5
420.0	1.8404e-05	9.7918e-12	-10.0	-2.5
420.5	1.8407e-05	1.1105e-11	-10.0	-2.5
421.0	1.8401e-05	1.0848e-11	-10.0	-2.5
421.5	1.8398e-05	1.1101e-11	-10.0	-2.5
422.0	1.8396e-05	1.0958e-11	-10.0	-2.5
422.5	1.8393e-05	1.0086e-11	-10.0	-2.5
423.0	1.839e-05	1.073e-11	-10.0	-2.5
423.5	1.8387e-05	1.0076e-11	-10.0	-2.5
424.0	1.8387e-05	1.0616e-11	-10.0	-2.5
424.5	1.8387e-05	9.6619e-12	-10.0	-2.5
425.0	1.8386e-05	1.0047e-11	-10.0	-2.5
425.5	1.8383e-05	1.0235e-11	-10.0	-2.5
426.0	1.838e-05	1.0289e-11	-10.0	-2.5
426.5	1.8376e-05	9.6107e-12	-10.0	-2.5
427.0	1.8374e-05	1.0265e-11	-10.0	-2.5
427.5	1.8375e-05	9.6798e-12	-10.0	-2.5
428.0	1.8372e-05	9.5081e-12	-10.0	-2.5
428.5	1.837e-05	9.9075e-12	-10.0	-2.5
429.0	1.8368e-05	9.6667e-12	-10.0	-2.5
429.5	1.8368e-05	9.6691e-12	-10.0	-2.5
430.0	1.8367e-05	9.4032e-12	-10.0	-2.5
430.5	1.8373e-05	9.2912e-12	-10.0	-2.5
431.0	1.8369e-05	9.0385e-12	-10.0	-2.5
431.5	1.8367e-05	1.002e-11	-10.0	-2.5
432.0	1.8365e-05	9.4724e-12	-10.0	-2.5
432.5	1.8363e-05	9.0599e-12	-10.0	-2.5
433.0	1.8365e-05	8.9335e-12	-10.0	-2.5
433.5	1.8362e-05	9.6428e-12	-10.0	-2.5
434.0	1.8362e-05	8.8859e-12	-10.0	-2.5
434.5	1.8356e-05	9.4128e-12	-10.0	-2.5
435.0	1.8357e-05	9.5522e-12	-10.0	-2.5
435.5	1.8355e-05	9.2769e-12	-10.0	-2.5
436.0	1.8357e-05	8.6343e-12	-10.0	-2.5
436.5	1.8359e-05	8.6725e-12	-10.0	-2.5
437.0	1.8359e-05	9.1577e-12	-10.0	-2.5
437.5	1.8356e-05	9.954e-12	-10.0	-2.5
438.0	1.8353e-05	9.8348e-12	-10.0	-2.5
438.5	1.8354e-05	8.3983e-12	-10.0	-2.5
439.0	1.8355e-05	8.7821e-12	-10.0	-2.5
439.5	1.835e-05	9.0945e-12	-10.0	-2.5
440.0	1.835e-05	8.291e-12	-10.0	-2.5
440.5	1.8353e-05	9.1088e-12	-10.0	-2.5
441.0	1.8353e-05	8.7166e-12	-10.0	-2.5
441.5	1.8353e-05	8.6689e-12	-10.0	-2.5
442.0	1.8352e-05	9.2638e-12	-10.0	-2.5
442.5	1.8351e-05	8.4877e-12	-10.0	-2.5
443.0	1.835e-05	9.3353e-12	-10.0	-2.5
443.5	1.8349e-05	9.0897e-12	-10.0	-2.5
444.0	1.835e-05	7.9966e-12	-10.0	-2.5
444.5	1.8349e-05	8.4233e-12	-10.0	-2.5
445.0	1.8347e-05	9.1243e-12	-10.0	-2.5
445.5	1.8353e-05	8.6057e-12	-10.0	-2.5
446.0	1.8351e-05	8.6534e-12	-10.0	-2.5
446.5	1.8349e-05	8.9169e-12	-10.0	-2.5
447.0	1.8348e-05	8.8394e-12	-10.0	-2.5
447.5	1.835e-05	8.8227e-12	-10.0	-2.5
448.0	1.8349e-05	9.0396e-12	-10.0	-2.5
448.5	1.835e-05	9.439e-12	-10.0	-2.5
449.0	1.8353e-05	8.5103e-12	-10.0	-2.5
449.5	1.8351e-05	7.9811e-12	-10.0	-2.5
450.0	1.8352e-05	8.8751e-12	-10.0	-2.5
450.5	1.835e-05	8.7988e-12	-10.0	-2.5
451.0	1.8348e-05	8.9431e-12	-10.0	-2.5
451.5	1.8349e-05	8.3613e-12	-10.0	-2.5
452.0	1.8347e-05	9.16e-12	-10.0	-2.5
452.5	1.8347e-05	8.9157e-12	-10.0	-2.5
453.0	1.835e-05	8.6081e-12	-10.0	-2.5
453.5	1.835e-05	8.8155e-12	-10.0	-2.5
454.0	1.835e-05	8.7619e-12	-10.0	-2.5
454.5	1.8348e-05	8.3208e-12	-10.0	-2.5
455.0	1.835e-05	9.0492e-12	-10.0	-2.5
455.5	1.8352e-05	8.5783e-12	-10.0	-2.5
456.0	1.8351e-05	8.8072e-12	-10.0	-2.5
456.5	1.8352e-05	8.1956e-12	-10.0	-2.5
457.0	1.8349e-05	9.2065e-12	-10.0	-2.5
457.5	1.8348e-05	8.8441e-12	-10.0	-2.5
458.0	1.8347e-05	8.3542e-12	-10.0	-2.5
458.5	1.8349e-05	8.6129e-12	-10.0	-2.5
459.0	1.8349e-05	8.7488e-12	-10.0	-2.5
459.5	1.8352e-05	8.7535e-12	-10.0	-2.5
460.0	1.835e-05	9.1183e-12	-10.0	-2.5
460.5	1.835e-05	8.8298e-12	-10.0	-2.5
461.0	1.8348e-05	8.6129e-12	-10.0	-2.5
461.5	1.835e-05	8.266e-12	-10.0	-2.5
462.0	1.835e-05	8.0562e-12	-10.0	-2.5
462.5	1.8353e-05	8.2624e-12	-10.0	-2.5
463.0	1.8353e-05	9.1755e-12	-10.0	-2.5
463.5	1.8352e-05	8.6868e-12	-10.0	-2.5
464.0	1.8353e-05	8.6463e-12	-10.0	-2.5
464.5	1.8354e-05	8.7059e-12	-10.0	-2.5
465.0	1.8354e-05	7.9572e-12	-10.0	-2.5
465.5	1.8358e-05	8.9264e-12	-10.0	-2.5
466.0	1.836e-05	8.2219e-12	-10.0	-2.5
466.5	1.8361e-05	8.8239e-12	-10.0	-2.5
467.0	1.8358e-05	8.6808e-12	-10.0	-2.5
467.5	1.8357e-05	8.3065e-12	-10.0	-2.5
468.0	1.8359e-05	8.4186e-12	-10.0	-2.5
468.5	1.8357e-05	7.8225e-12	-10.0	-2.5
469.0	1.8358e-05	8.1968e-12	-10.0	-2.5
469.5	1.836e-05	8.9824e-12	-10.0	-2.5
470.0	1.8363e-05	8.843e-12	-10.0	-2.5
470.5	1.8364e-05	9.2065e-12	-10.0	-2.5
471.0	1.8361e-05	8.4376e-12	-10.0	-2.5
471.5	1.8362e-05	8.4078e-12	-10.0	-2.5
472.0	1.8362e-05	8.3482e-12	-10.0	-2.5
472.5	1.8364e-05	8.6176e-12	-10.0	-2.5
473.0	1.8363e-05	8.6486e-12	-10.0	-2.5
473.5	1.8364e-05	8.7237e-12	-10.0	-2.5
474.0	1.8365e-05	8.502e-12	-10.0	-2.5
474.5	1.8366e-05	8.5878e-12	-10.0	-2.5
475.0	1.8367e-05	8.7619e-12	-10.0	-2.5
475.5	1.8367e-05	8.3923e-12	-10.0	-2.5
476.0	1.8364e-05	8.7392e-12	-10.0	-2.5
476.5	1.8366e-05	8.4472e-12	-10.0	-2.5
477.0	1.8365e-05	9.1207e-12	-10.0	-2.5
477.5	1.8367e-05	8.5545e-12	-10.0	-2.5
478.0	1.8365e-05	8.9419e-12	-10.0	-2.5
478.5	1.8367e-05	8.5854e-12	-10.0	-2.5
479.0	1.8368e-05	3.7909e-12	-10.0	-2.5
479.5	1.8373e-05	1.6531e-10	-10.0	-2.5
480.0	1.8376e-05	1.7612e-10	-10.0	-2.5
480.5	1.8377e-05	1.76e-10	-10.0	-2.5
481.0	1.8382e-05	1.7599e-10	-10.0	-2.5
481.5	1.8388e-05	1.748e-10	-10.0	-2.5
482.0	1.8392e-05	1.7356e-10	-10.0	-2.5
482.5	1.8397e-05	1.7324e-10	-10.0	-2.5
483.0	1.8402e-05	1.728e-10	-10.0	-2.5
483.5	1.8403e-05	1.7289e-10	-10.0	-2.5
484.0	1.8409e-05	1.7242e-10	-10.0	-2.5
484.5	1.8416e-05	1.7322e-10	-10.0	-2.5
485.0	1.8418e-05	1.7243e-10	-10.0	-2.5
485.5	1.8422e-05	1.7184e-10	-10.0	-2.5
486.0	1.8424e-05	1.7143e-10	-10.0	-2.5
486.5	1.8428e-05	1.7108e-10	-10.0	-2.5
487.0	1.843e-05	1.711e-10	-10.0	-2.5
487.5	1.8435e-05	1.7098e-10	-10.0	-2.5
488.0	1.8436e-05	1.7159e-10	-10.0	-2.5
488.5	1.8437e-05	1.7085e-10	-10.0	-2.5
489.0	1.8439e-05	1.708e-10	-10.0	-2.5
489.5	1.8443e-05	1.7102e-10	-10.0	-2.5
490.0	1.8447e-05	1.7088e-10	-10.0	-2.5
490.5	1.8447e-05	1.7042e-10	-10.0	-2.5
491.0	1.8451e-05	1.7013e-10	-10.0	-2.5
491.5	1.8457e-05	1.6986e-10	-10.0	-2.5
492.0	1.846e-05	1.7041e-10	-10.0	-2.5
492.5	1.8459e-05	1.7044e-10	-10.0	-2.5
493.0	1.8461e-05	1.6985e-10	-10.0	-2.5
493.5	1.8459e-05	1.7029e-10	-10.0	-2.5
494.0	1.8464e-05	1.6956e-10	-10.0	-2.5
494.5	1.8465e-05	1.7001e-10	-10.0	-2.5
495.0	1.8464e-05	1.6949e-10	-10.0	-2.5
495.5	1.8466e-05	1.702e-10	-10.0	-2.5
496.0	1.8464e-05	1.694e-10	-10.0	-2.5
496.5	1.8468e-05	1.6902e-10	-10.0	-2.5
497.0	1.847e-05	1.6924e-10	-10.0	-2.5
497.5	1.8472e-05	1.6922e-10	-10.0	-2.5
498.0	1.8475e-05	1.6926e-10	-10.0	-2.5
498.5	1.848e-05	1.6941e-10	-10.0	-2.5
499.0	1.848e-05	1.6869e-10	-10.0	-2.5
499.5	1.8482e-05	1.6927e-10	-10.0	-2.5
500.0	1.8477e-05	1.6912e-10	-10.0	-2.5
500.5	1.8477e-05	1.692e-10	-10.0	-2.5
501.0	1.8481e-05	1.6894e-10	-10.0	-2.5
501.5	1.8479e-05	1.686e-10	-10.0	-2.5
502.0	1.8481e-05	1.686e-10	-10.0	-2.5
502.5	1.848e-05	1.6889e-10	-10.0	-2.5
503.0	1.848e-05	1.6907e-10	-10.0	-2.5
503.5	1.8476e-05	1.6902e-10	-10.0	-2.5
504.0	1.8482e-05	1.6844e-10	-10.0	-2.5
504.5	1.8483e-05	1.6846e-10	-10.0	-2.5
505.0	1.8481e-05	1.6906e-10	-10.0	-2.5
505.5	1.8482e-05	1.69e-10	-10.0	-2.5
506.0	1.8481e-05	1.6875e-10	-10.0	-2.5
506.5	1.8481e-05	1.6854e-10	-10.0	-2.5
507.0	1.8481e-05	1.6807e-10	-10.0	-2.5
507.5	1.848e-05	1.6798e-10	-10.0	-2.5
508.0	1.8478e-05	1.6822e-10	-10.0	-2.5
508.5	1.8476e-05	1.6808e-10	-10.0	-2.5
509.0	1.8477e-05	1.6803e-10	-10.0	-2.5
509.5	1.8474e-05	1.6824e-10	-10.0	-2.5
510.0	1.8475e-05	1.6787e-10	-10.0	-2.5
510.5	1.8474e-05	1.6806e-10	-10.0	-2.5
511.0	1.8474e-05	1.682e-10	-10.0	-2.5
511.5	1.8475e-05	1.6801e-10	-10.0	-2.5
512.0	1.8471e-05	1.6813e-10	-10.0	-2.5
512.5	1.8476e-05	1.672e-10	-10.0	-2.5
513.0	1.8476e-05	1.6761e-10	-10.0	-2.5
513.5	1.8474e-05	1.6796e-10	-10.0	-2.5
514.0	1.847e-05	1.6788e-10	-10.0	-2.5
514.5	1.8472e-05	1.6806e-10	-10.0	-2.5
515.0	1.847e-05	1.6738e-10	-10.0	-2.5
515.5	1.8472e-05	1.6788e-10	-10.0	-2.5
516.0	1.8473e-05	1.675e-10	-10.0	-2.5
516.5	1.8471e-05	1.6769e-10	-10.0	-2.5
517.0	1.847e-05	1.6778e-10	-10.0	-2.5
517.5	1.8468e-05	1.6795e-10	-10.0	-2.5
518.0	1.8466e-05	1.6778e-10	-10.0	-2.5
518.5	1.8467e-05	1.6817e-10	-10.0	-2.5
519.0	1.8464e-05	1.6835e-10	-10.0	-2.5
519.5	1.8464e-05	1.6707e-10	-10.0	-2.5
520.0	1.8461e-05	1.6807e-10	-10.0	-2.5
520.5	1.8461e-05	1.6789e-10	-10.0	-2.5
521.0	1.8462e-05	1.6769e-10	-10.0	-2.5
521.5	1.8459e-05	1.6745e-10	-10.0	-2.5
522.0	1.8458e-05	1.6715e-10	-10.0	-2.5
522.5	1.8459e-05	1.6788e-10	-10.0	-2.5
523.0	1.8456e-05	1.6805e-10	-10.0	-2.5
523.5	1.8454e-05	1.6805e-10	-10.0	-2.5
524.0	1.8457e-05	1.6835e-10	-10.0	-2.5
524.5	1.8455e-05	1.6786e-10	-10.0	-2.5
525.0	1.8452e-05	1.6764e-10	-10.0	-2.5
525.5	1.8452e-05	1.6719e-10	-10.0	-2.5
526.0	1.845e-05	1.6781e-10	-10.0	-2.5
526.5	1.8454e-05	1.6744e-10	-10.0	-2.5
527.0	1.8456e-05	1.6728e-10	-10.0	-2.5
527.5	1.8454e-05	1.6729e-10	-10.0	-2.5
528.0	1.8451e-05	1.681e-10	-10.0	-2.5
528.5	1.8453e-05	1.6728e-10	-10.0	-2.5
529.0	1.8453e-05	1.6783e-10	-10.0	-2.5
529.5	1.845e-05	1.6663e-10	-10.0	-2.5
530.0	1.8449e-05	1.6788e-10	-10.0	-2.5
530.5	1.8453e-05	1.6715e-10	-10.0	-2.5
531.0	1.8452e-05	1.6743e-10	-10.0	-2.5
531.5	1.8451e-05	1.6671e-10	-10.0	-2.5
532.0	1.8452e-05	1.6716e-10	-10.0	-2.5
532.5	1.845e-05	1.6745e-10	-10.0	-2.5
533.0	1.845e-05	1.6753e-10	-10.0	-2.5
533.5	1.8447e-05	1.6628e-10	-10.0	-2.5
534.0	1.8445e-05	1.67e-10	-10.0	-2.5
534.5	1.8448e-05	1.6692e-10	-10.0	-2.5
535.0	1.8443e-05	1.6667e-10	-10.0	-2.5
535.5	1.8444e-05	1.6726e-10	-10.0	-2.5
536.0	1.8446e-05	1.671e-10	-10.0	-2.5
536.5	1.8447e-05	1.6685e-10	-10.0	-2.5
537.0	1.8447e-05	1.6666e-10	-10.0	-2.5
537.5	1.8448e-05	1.6655e-10	-10.0	-2.5
538.0	1.8446e-05	1.6727e-10	-10.0	-2.5
538.5	1.8442e-05	1.6724e-10	-10.0	-2.5
539.0	1.844e-05	1.6484e-10	-10.0	-2.5
539.5	1.8437e-05	8.1766e-12	-10.0	-2.5
540.0	1.8438e-05	8.533e-12	-10.0	-2.5
540.5	1.8435e-05	1.1076e-11	-10.0	-2.5
541.0	1.8433e-05	1.0741e-11	-10.0	-2.5
541.5	1.8432e-05	1.0707e-11	-10.0	-2.5
542.0	1.843e-05	9.5642e-12	-10.0	-2.5
542.5	1.8427e-05	1.0953e-11	-10.0	-2.5
543.0	1.8426e-05	9.7346e-12	-10.0	-2.5
543.5	1.8424e-05	1.04e-11	-10.0	-2.5
544.0	1.8419e-05	9.9146e-12	-10.0	-2.5
544.5	1.842e-05	1.0082e-11	-10.0	-2.5
545.0	1.8415e-05	1.0305e-11	-10.0	-2.5
545.5	1.8411e-05	9.5022e-12	-10.0	-2.5
546.0	1.8414e-05	9.9242e-12	-10.0	-2.5
546.5	1.8415e-05	9.8586e-12	-10.0	-2.5
547.0	1.841e-05	9.836e-12	-10.0	-2.5
547.5	1.8408e-05	8.8298e-12	-10.0	-2.5
548.0	1.8406e-05	9.0575e-12	-10.0	-2.5
548.5	1.8405e-05	9.3055e-12	-10.0	-2.5
549.0	1.8401e-05	9.1696e-12	-10.0	-2.5
549.5	1.84e-05	8.4591e-12	-10.0	-2.5
550.0	1.8398e-05	9.1279e-12	-10.0	-2.5
550.5	1.8401e-05	8.9848e-12	-10.0	-2.5
551.0	1.8398e-05	9.0671e-12	-10.0	-2.5
551.5	1.8398e-05	9.0706e-12	-10.0	-2.5
552.0	1.8396e-05	8.9049e-12	-10.0	-2.5
552.5	1.8396e-05	9.2399e-12	-10.0	-2.5
553.0	1.8396e-05	8.5688e-12	-10.0	-2.5
553.5	1.8395e-05	9.7156e-12	-10.0	-2.5
554.0	1.8392e-05	9.0838e-12	-10.0	-2.5
554.5	1.8391e-05	8.4341e-12	-10.0	-2.5
555.0	1.8393e-05	8.738e-12	-10.0	-2.5
555.5	1.8388e-05	8.6379e-12	-10.0	-2.5
556.0	1.8387e-05	8.8906e-12	-10.0	-2.5
556.5	1.8386e-05	8.6224e-12	-10.0	-2.5
557.0	1.8385e-05	8.4913e-12	-10.0	-2.5
557.5	1.8384e-05	8.7917e-12	-10.0	-2.5
558.0	1.8382e-05	8.8131e-12	-10.0	-2.5
558.5	1.8384e-05	7.7951e-12	-10.0	-2.5
559.0	1.8381e-05	8.3995e-12	-10.0	-2.5
559.5	1.8382e-05	8.2207e-12	-10.0	-2.5
560.0	1.8383e-05	8.9884e-12	-10.0	-2.5
560.5	1.8381e-05	9.3543e-12	-10.0	-2.5
561.0	1.8378e-05	8.4114e-12	-10.0	-2.5
561.5	1.838e-05	8.3721e-12	-10.0	-2.5
562.0	1.8381e-05	9.0849e-12	-10.0	-2.5
562.5	1.8381e-05	7.7021e-12	-10.0	-2.5
563.0	1.8379e-05	9.0671e-12	-10.0	-2.5
563.5	1.8379e-05	8.477e-12	-10.0	-2.5
564.0	1.838e-05	8.105e-12	-10.0	-2.5
564.5	1.8379e-05	9.0182e-12	-10.0	-2.5
565.0	1.8381e-05	8.7118e-12	-10.0	-2.5
565.5	1.838e-05	7.9429e-12	-10.0	-2.5
566.0	1.8383e-05	8.1289e-12	-10.0	-2.5
566.5	1.8377e-05	8.0562e-12	-10.0	-2.5
567.0	1.8376e-05	8.1813e-12	-10.0	-2.5
567.5	1.8376e-05	8.6081e-12	-10.0	-2.5
568.0	1.8377e-05	8.4293e-12	-10.0	-2.5
568.5	1.8378e-05	8.2862e-12	-10.0	-2.5
569.0	1.8375e-05	8.1468e-12	-10.0	-2.5
569.5	1.8376e-05	8.8704e-12	-10.0	-2.5
570.0	1.8375e-05	8.7845e-12	-10.0	-2.5
570.5	1.8376e-05	8.1253e-12	-10.0	-2.5
571.0	1.8376e-05	8.5509e-12	-10.0	-2.5
571.5	1.8378e-05	8.4341e-12	-10.0	-2.5
572.0	1.8374e-05	8.6284e-12	-10.0	-2.5
572.5	1.8376e-05	8.1789e-12	-10.0	-2.5
573.0	1.8376e-05	8.9228e-12	-10.0	-2.5
573.5	1.8378e-05	8.086e-12	-10.0	-2.5
574.0	1.8378e-05	8.2052e-12	-10.0	-2.5
574.5	1.8377e-05	8.5819e-12	-10.0	-2.5
575.0	1.8376e-05	7.9155e-12	-10.0	-2.5
575.5	1.8376e-05	8.8644e-12	-10.0	-2.5
576.0	1.8377e-05	8.4555e-12	-10.0	-2.5
576.5	1.8376e-05	8.4114e-12	-10.0	-2.5
577.0	1.8375e-05	9.0694e-12	-10.0	-2.5
577.5	1.8375e-05	9.4581e-12	-10.0	-2.5
578.0	1.8376e-05	7.8559e-12	-10.0	-2.5
578.5	1.8378e-05	8.4722e-12	-10.0	-2.5
579.0	1.8381e-05	8.2719e-12	-10.0	-2.5
579.5	1.8381e-05	8.4519e-12	-10.0	-2.5
580.0	1.8382e-05	9.0074e-12	-10.0	-2.5
580.5	1.8381e-05	7.7403e-12	-10.0	-2.5
581.0	1.8379e-05	8.1837e-12	-10.0	-2.5
581.5	1.838e-05	8.1432e-12	-10.0	-2.5
582.0	1.8381e-05	8.353e-12	-10.0	-2.5
582.5	1.8378e-05	8.347e-12	-10.0	-2.5
583.0	1.8379e-05	9.0313e-12	-10.0	-2.5
583.5	1.8381e-05	8.4317e-12	-10.0	-2.5
584.0	1.8383e-05	8.8441e-12	-10.0	-2.5
584.5	1.838e-05	8.0228e-12	-10.0	-2.5
585.0	1.8383e-05	8.3411e-12	-10.0	-2.5
585.5	1.8386e-05	7.3254e-12	-10.0	-2.5
586.0	1.8386e-05	7.8178e-12	-10.0	-2.5
586.5	1.8387e-05	8.2731e-12	-10.0	-2.5
587.0	1.8387e-05	8.8906e-12	-10.0	-2.5
587.5	1.839e-05	7.6878e-12	-10.0	-2.5
588.0	1.8384e-05	8.3494e-12	-10.0	-2.5
588.5	1.8387e-05	8.3506e-12	-10.0	-2.5
589.0	1.8387e-05	8.26e-12	-10.0	-2.5
589.5	1.8389e-05	8.4269e-12	-10.0	-2.5
590.0	1.839e-05	8.2743e-12	-10.0	-2.5
590.5	1.839e-05	8.6033e-12	-10.0	-2.5
591.0	1.8391e-05	8.2576e-12	-10.0	-2.5
591.5	1.8391e-05	8.5354e-12	-10.0	-2.5
592.0	1.839e-05	8.7285e-12	-10.0	-2.5
592.5	1.8394e-05	8.6212e-12	-10.0	-2.5
593.0	1.8392e-05	7.8225e-12	-10.0	-2.5
593.5	1.8396e-05	8.4543e-12	-10.0	-2.5
594.0	1.8391e-05	7.8118e-12	-10.0	-2.5
594.5	1.8394e-05	8.775e-12	-10.0	-2.5
595.0	1.8394e-05	8.2898e-12	-10.0	-2.5
595.5	1.8393e-05	8.4627e-12	-10.0	-2.5
596.0	1.8396e-05	7.9262e-12	-10.0	-2.5
596.5	1.8398e-05	8.3113e-12	-10.0	-2.5
597.0	1.8397e-05	8.4162e-12	-10.0	-2.5
597.5	1.8399e-05	8.3148e-12	-10.0	-2.5
598.0	1.8398e-05	8.5723e-12	-10.0	-2.5
598.5	1.8399e-05	8.2135e-12	-10.0	-2.5
599.0	1.8401e-05	8.2147e-12	-10.0	-2.5
599.5	1.8401e-05	8.3208e-12	-10.0	-2.5
600.0	1.8401e-05	8.4043e-12	-10.0	-2.5
600.5	1.8404e-05	8.4388e-12	-10.0	-2.5
601.0	1.8406e-05	7.8511e-12	-10.0	-2.5
601.5	1.8404e-05	8.2302e-12	-10.0	-2.5
602.0	1.8404e-05	7.5257e-12	-10.0	-2.5
602.5	1.8407e-05	8.6296e-12	-10.0	-2.5
603.0	1.8407e-05	8.0133e-12	-10.0	-2.5
603.5	1.8406e-05	8.2195e-12	-10.0	-2.5
604.0	1.8408e-05	8.3959e-12	-10.0	-2.5
604.5	1.8407e-05	8.3816e-12	-10.0	-2.5
605.0	1.8408e-05	7.9477e-12	-10.0	-2.5
605.5	1.8408e-05	8.1229e-12	-10.0	-2.5
