Time (s)	|IDrain (A)|	|IGate (A)	Vdrain(V)	Vgate(V)
0.0	1.763e-05	1.0277e-10	-10.0	-2.5
1.0	1.7637e-05	2.5449e-11	-10.0	-2.5
1.5	1.7642e-05	1.8328e-11	-10.0	-2.5
2.0	1.7643e-05	1.6653e-11	-10.0	-2.5
2.5	1.7647e-05	1.3751e-11	-10.0	-2.5
3.0	1.7652e-05	1.2922e-11	-10.0	-2.5
3.5	1.7657e-05	1.1871e-11	-10.0	-2.5
4.0	1.7659e-05	1.15e-11	-10.0	-2.5
4.5	1.7663e-05	1.0872e-11	-10.0	-2.5
5.0	1.7669e-05	1.0692e-11	-10.0	-2.5
5.5	1.7667e-05	1.0215e-11	-10.0	-2.5
6.0	1.7672e-05	1.047e-11	-10.0	-2.5
6.5	1.7678e-05	1.0382e-11	-10.0	-2.5
7.0	1.7684e-05	1.0023e-11	-10.0	-2.5
7.5	1.7686e-05	9.1124e-12	-10.0	-2.5
8.0	1.7689e-05	9.0957e-12	-10.0	-2.5
8.5	1.7691e-05	9.5224e-12	-10.0	-2.5
9.0	1.7699e-05	8.8918e-12	-10.0	-2.5
9.5	1.7702e-05	8.6355e-12	-10.0	-2.5
10.0	1.7707e-05	8.6224e-12	-10.0	-2.5
10.5	1.7708e-05	9.172e-12	-10.0	-2.5
11.0	1.7714e-05	9.4116e-12	-10.0	-2.5
11.5	1.7716e-05	8.6343e-12	-10.0	-2.5
12.0	1.7718e-05	9.0909e-12	-10.0	-2.5
12.5	1.7722e-05	8.2982e-12	-10.0	-2.5
13.0	1.7729e-05	8.446e-12	-10.0	-2.5
13.5	1.7732e-05	8.5092e-12	-10.0	-2.5
14.0	1.7734e-05	8.589e-12	-10.0	-2.5
14.5	1.7739e-05	8.3315e-12	-10.0	-2.5
15.0	1.7741e-05	7.9894e-12	-10.0	-2.5
15.5	1.7743e-05	8.6391e-12	-10.0	-2.5
16.0	1.7747e-05	8.3721e-12	-10.0	-2.5
16.5	1.7752e-05	8.5103e-12	-10.0	-2.5
17.0	1.7755e-05	8.0884e-12	-10.0	-2.5
17.5	1.7761e-05	8.5723e-12	-10.0	-2.5
18.0	1.7761e-05	8.1885e-12	-10.0	-2.5
18.5	1.7765e-05	8.3256e-12	-10.0	-2.5
19.0	1.7769e-05	8.5795e-12	-10.0	-2.5
19.5	1.7771e-05	8.8096e-12	-10.0	-2.5
20.0	1.7772e-05	8.0109e-12	-10.0	-2.5
20.5	1.7775e-05	8.2135e-12	-10.0	-2.5
21.0	1.7779e-05	7.9465e-12	-10.0	-2.5
21.5	1.7779e-05	8.1098e-12	-10.0	-2.5
22.0	1.7782e-05	8.4806e-12	-10.0	-2.5
22.5	1.7784e-05	7.484e-12	-10.0	-2.5
23.0	1.7787e-05	8.9228e-12	-10.0	-2.5
23.5	1.7792e-05	8.3685e-12	-10.0	-2.5
24.0	1.7796e-05	7.7951e-12	-10.0	-2.5
24.5	1.7798e-05	8.3315e-12	-10.0	-2.5
25.0	1.7803e-05	7.7784e-12	-10.0	-2.5
25.5	1.7806e-05	7.8344e-12	-10.0	-2.5
26.0	1.7807e-05	7.9918e-12	-10.0	-2.5
26.5	1.781e-05	8.0407e-12	-10.0	-2.5
27.0	1.7812e-05	8.5986e-12	-10.0	-2.5
27.5	1.7813e-05	8.0728e-12	-10.0	-2.5
28.0	1.7819e-05	7.5591e-12	-10.0	-2.5
28.5	1.7822e-05	7.5352e-12	-10.0	-2.5
29.0	1.7825e-05	8.7142e-12	-10.0	-2.5
29.5	1.7826e-05	8.0347e-12	-10.0	-2.5
30.0	1.7831e-05	7.6413e-12	-10.0	-2.5
30.5	1.7835e-05	8.2886e-12	-10.0	-2.5
31.0	1.7839e-05	7.9787e-12	-10.0	-2.5
31.5	1.7842e-05	7.6258e-12	-10.0	-2.5
32.0	1.7842e-05	7.931e-12	-10.0	-2.5
32.5	1.7844e-05	8.5199e-12	-10.0	-2.5
33.0	1.7848e-05	7.3826e-12	-10.0	-2.5
33.5	1.7851e-05	8.117e-12	-10.0	-2.5
34.0	1.7856e-05	8.4758e-12	-10.0	-2.5
34.5	1.7858e-05	7.9024e-12	-10.0	-2.5
35.0	1.7863e-05	7.7355e-12	-10.0	-2.5
35.5	1.7868e-05	7.8714e-12	-10.0	-2.5
36.0	1.787e-05	8.1885e-12	-10.0	-2.5
36.5	1.7871e-05	8.2958e-12	-10.0	-2.5
37.0	1.7873e-05	7.3743e-12	-10.0	-2.5
37.5	1.7875e-05	8.0848e-12	-10.0	-2.5
38.0	1.7878e-05	7.9215e-12	-10.0	-2.5
38.5	1.7883e-05	7.4935e-12	-10.0	-2.5
39.0	1.7888e-05	7.9167e-12	-10.0	-2.5
39.5	1.789e-05	8.0395e-12	-10.0	-2.5
40.0	1.7895e-05	8.4698e-12	-10.0	-2.5
40.5	1.7898e-05	8.3613e-12	-10.0	-2.5
41.0	1.7899e-05	8.1456e-12	-10.0	-2.5
41.5	1.79e-05	7.8642e-12	-10.0	-2.5
42.0	1.7904e-05	7.6675e-12	-10.0	-2.5
42.5	1.7905e-05	8.198e-12	-10.0	-2.5
43.0	1.7909e-05	7.5149e-12	-10.0	-2.5
43.5	1.7909e-05	7.7784e-12	-10.0	-2.5
44.0	1.7911e-05	8.0359e-12	-10.0	-2.5
44.5	1.7911e-05	8.1229e-12	-10.0	-2.5
45.0	1.7915e-05	8.2755e-12	-10.0	-2.5
45.5	1.7916e-05	7.9608e-12	-10.0	-2.5
46.0	1.7918e-05	8.4424e-12	-10.0	-2.5
46.5	1.7919e-05	7.8929e-12	-10.0	-2.5
47.0	1.792e-05	7.5591e-12	-10.0	-2.5
47.5	1.7924e-05	8.142e-12	-10.0	-2.5
48.0	1.7926e-05	7.9238e-12	-10.0	-2.5
48.5	1.7928e-05	7.6735e-12	-10.0	-2.5
49.0	1.7931e-05	8.5199e-12	-10.0	-2.5
49.5	1.7935e-05	7.3147e-12	-10.0	-2.5
50.0	1.7936e-05	7.6318e-12	-10.0	-2.5
50.5	1.7939e-05	7.1597e-12	-10.0	-2.5
51.0	1.794e-05	7.9095e-12	-10.0	-2.5
51.5	1.7944e-05	7.5293e-12	-10.0	-2.5
52.0	1.7947e-05	8.0872e-12	-10.0	-2.5
52.5	1.795e-05	7.8809e-12	-10.0	-2.5
53.0	1.7954e-05	7.062e-12	-10.0	-2.5
53.5	1.7956e-05	7.6854e-12	-10.0	-2.5
54.0	1.7959e-05	7.9763e-12	-10.0	-2.5
54.5	1.7959e-05	8.2195e-12	-10.0	-2.5
55.0	1.7961e-05	8.6117e-12	-10.0	-2.5
55.5	1.7963e-05	8.0681e-12	-10.0	-2.5
56.0	1.7964e-05	7.807e-12	-10.0	-2.5
56.5	1.7964e-05	7.5066e-12	-10.0	-2.5
57.0	1.7966e-05	7.5614e-12	-10.0	-2.5
57.5	1.7968e-05	7.6544e-12	-10.0	-2.5
58.0	1.7972e-05	7.8261e-12	-10.0	-2.5
58.5	1.7976e-05	7.9346e-12	-10.0	-2.5
59.0	1.7977e-05	8.055e-12	-10.0	-2.5
59.5	1.7981e-05	8.1193e-12	-10.0	-2.5
60.0	1.7981e-05	8.136e-12	-10.0	-2.5
60.5	1.7985e-05	7.9083e-12	-10.0	-2.5
61.0	1.7986e-05	7.3922e-12	-10.0	-2.5
61.5	1.7989e-05	7.5662e-12	-10.0	-2.5
62.0	1.799e-05	7.9417e-12	-10.0	-2.5
62.5	1.7993e-05	7.8797e-12	-10.0	-2.5
63.0	1.7994e-05	7.4124e-12	-10.0	-2.5
63.5	1.7997e-05	8.0943e-12	-10.0	-2.5
64.0	1.7998e-05	7.7903e-12	-10.0	-2.5
64.5	1.8e-05	8.3864e-12	-10.0	-2.5
65.0	1.8001e-05	7.813e-12	-10.0	-2.5
65.5	1.8004e-05	7.8428e-12	-10.0	-2.5
66.0	1.8007e-05	8.3816e-12	-10.0	-2.5
66.5	1.8008e-05	8.2159e-12	-10.0	-2.5
67.0	1.8008e-05	8.291e-12	-10.0	-2.5
67.5	1.8011e-05	7.4148e-12	-10.0	-2.5
68.0	1.801e-05	7.4136e-12	-10.0	-2.5
68.5	1.8013e-05	8.3709e-12	-10.0	-2.5
69.0	1.8015e-05	8.0943e-12	-10.0	-2.5
69.5	1.802e-05	8.2302e-12	-10.0	-2.5
70.0	1.8021e-05	7.7736e-12	-10.0	-2.5
70.5	1.8021e-05	7.9513e-12	-10.0	-2.5
71.0	1.8025e-05	8.2159e-12	-10.0	-2.5
71.5	1.8027e-05	8.5437e-12	-10.0	-2.5
72.0	1.8031e-05	7.5614e-12	-10.0	-2.5
72.5	1.803e-05	8.26e-12	-10.0	-2.5
73.0	1.8033e-05	7.7844e-12	-10.0	-2.5
73.5	1.8033e-05	8.2064e-12	-10.0	-2.5
74.0	1.8039e-05	8.0359e-12	-10.0	-2.5
74.5	1.804e-05	8.5902e-12	-10.0	-2.5
75.0	1.8039e-05	8.1217e-12	-10.0	-2.5
75.5	1.8042e-05	7.9977e-12	-10.0	-2.5
76.0	1.8046e-05	8.6117e-12	-10.0	-2.5
76.5	1.8046e-05	7.9429e-12	-10.0	-2.5
77.0	1.805e-05	7.726e-12	-10.0	-2.5
77.5	1.8052e-05	7.6365e-12	-10.0	-2.5
78.0	1.8054e-05	7.6783e-12	-10.0	-2.5
78.5	1.8057e-05	7.8118e-12	-10.0	-2.5
79.0	1.8058e-05	7.9572e-12	-10.0	-2.5
79.5	1.8059e-05	7.8869e-12	-10.0	-2.5
80.0	1.8062e-05	8.1503e-12	-10.0	-2.5
80.5	1.8066e-05	8.2219e-12	-10.0	-2.5
81.0	1.8065e-05	8.2898e-12	-10.0	-2.5
81.5	1.8067e-05	7.9524e-12	-10.0	-2.5
82.0	1.8067e-05	7.7641e-12	-10.0	-2.5
82.5	1.8069e-05	7.8154e-12	-10.0	-2.5
83.0	1.8074e-05	8.0133e-12	-10.0	-2.5
83.5	1.8074e-05	8.3125e-12	-10.0	-2.5
84.0	1.8075e-05	7.869e-12	-10.0	-2.5
84.5	1.8078e-05	7.8738e-12	-10.0	-2.5
85.0	1.8081e-05	8.105e-12	-10.0	-2.5
85.5	1.8081e-05	9.0671e-12	-10.0	-2.5
86.0	1.8082e-05	7.9656e-12	-10.0	-2.5
86.5	1.8085e-05	7.9536e-12	-10.0	-2.5
87.0	1.8086e-05	7.4601e-12	-10.0	-2.5
87.5	1.8085e-05	8.6951e-12	-10.0	-2.5
88.0	1.809e-05	7.6783e-12	-10.0	-2.5
88.5	1.8089e-05	7.8249e-12	-10.0	-2.5
89.0	1.8092e-05	8.1646e-12	-10.0	-2.5
89.5	1.8095e-05	8.3995e-12	-10.0	-2.5
90.0	1.8095e-05	7.9739e-12	-10.0	-2.5
90.5	1.8097e-05	7.7295e-12	-10.0	-2.5
91.0	1.8098e-05	8.5795e-12	-10.0	-2.5
91.5	1.8101e-05	8.2827e-12	-10.0	-2.5
92.0	1.8104e-05	8.5914e-12	-10.0	-2.5
92.5	1.8104e-05	8.1122e-12	-10.0	-2.5
93.0	1.8105e-05	8.4257e-12	-10.0	-2.5
93.5	1.8105e-05	8.6999e-12	-10.0	-2.5
94.0	1.8107e-05	8.4484e-12	-10.0	-2.5
94.5	1.8111e-05	8.3041e-12	-10.0	-2.5
95.0	1.8112e-05	7.5173e-12	-10.0	-2.5
95.5	1.8112e-05	7.9584e-12	-10.0	-2.5
96.0	1.8116e-05	8.3148e-12	-10.0	-2.5
96.5	1.8118e-05	8.4138e-12	-10.0	-2.5
97.0	1.8117e-05	8.1539e-12	-10.0	-2.5
97.5	1.8118e-05	7.9382e-12	-10.0	-2.5
98.0	1.8122e-05	7.7927e-12	-10.0	-2.5
98.5	1.8125e-05	8.4937e-12	-10.0	-2.5
99.0	1.8127e-05	8.4782e-12	-10.0	-2.5
99.5	1.8128e-05	8.0228e-12	-10.0	-2.5
100.0	1.8129e-05	8.2803e-12	-10.0	-2.5
100.5	1.8129e-05	7.9632e-12	-10.0	-2.5
101.0	1.8132e-05	8.8215e-12	-10.0	-2.5
101.5	1.8135e-05	8.3196e-12	-10.0	-2.5
102.0	1.8138e-05	8.0752e-12	-10.0	-2.5
102.5	1.8139e-05	8.986e-12	-10.0	-2.5
103.0	1.8137e-05	8.6689e-12	-10.0	-2.5
103.5	1.8141e-05	8.2278e-12	-10.0	-2.5
104.0	1.8142e-05	8.5771e-12	-10.0	-2.5
104.5	1.8146e-05	8.5008e-12	-10.0	-2.5
105.0	1.8146e-05	8.1956e-12	-10.0	-2.5
105.5	1.8147e-05	8.1444e-12	-10.0	-2.5
106.0	1.8149e-05	8.4674e-12	-10.0	-2.5
106.5	1.8152e-05	8.4603e-12	-10.0	-2.5
107.0	1.8151e-05	8.3172e-12	-10.0	-2.5
107.5	1.8152e-05	7.9846e-12	-10.0	-2.5
108.0	1.8155e-05	8.4996e-12	-10.0	-2.5
108.5	1.8152e-05	8.5557e-12	-10.0	-2.5
109.0	1.8156e-05	7.6664e-12	-10.0	-2.5
109.5	1.8159e-05	8.7118e-12	-10.0	-2.5
110.0	1.8163e-05	8.6629e-12	-10.0	-2.5
110.5	1.8163e-05	7.9989e-12	-10.0	-2.5
111.0	1.816e-05	7.7629e-12	-10.0	-2.5
111.5	1.8165e-05	7.7212e-12	-10.0	-2.5
112.0	1.8166e-05	8.1837e-12	-10.0	-2.5
112.5	1.8167e-05	8.7774e-12	-10.0	-2.5
113.0	1.8169e-05	7.7522e-12	-10.0	-2.5
113.5	1.817e-05	7.9191e-12	-10.0	-2.5
114.0	1.8172e-05	8.7035e-12	-10.0	-2.5
114.5	1.8173e-05	7.8225e-12	-10.0	-2.5
115.0	1.8177e-05	8.4007e-12	-10.0	-2.5
115.5	1.8177e-05	8.297e-12	-10.0	-2.5
116.0	1.8176e-05	7.9095e-12	-10.0	-2.5
116.5	1.8179e-05	8.5366e-12	-10.0	-2.5
117.0	1.818e-05	8.3899e-12	-10.0	-2.5
117.5	1.8185e-05	7.5519e-12	-10.0	-2.5
118.0	1.8186e-05	8.4305e-12	-10.0	-2.5
118.5	1.8188e-05	8.1503e-12	-10.0	-2.5
119.0	1.8185e-05	3.9072e-11	-10.0	-2.5
119.5	1.8187e-05	1.3632e-10	-10.0	-2.5
120.0	1.8194e-05	1.4151e-10	-10.0	-2.5
120.5	1.8199e-05	1.4209e-10	-10.0	-2.5
121.0	1.8206e-05	1.4119e-10	-10.0	-2.5
121.5	1.8211e-05	1.4134e-10	-10.0	-2.5
122.0	1.8213e-05	1.4078e-10	-10.0	-2.5
122.5	1.8219e-05	1.4002e-10	-10.0	-2.5
123.0	1.8226e-05	1.3968e-10	-10.0	-2.5
123.5	1.823e-05	1.3921e-10	-10.0	-2.5
124.0	1.8236e-05	1.3931e-10	-10.0	-2.5
124.5	1.8238e-05	1.3867e-10	-10.0	-2.5
125.0	1.8246e-05	1.3782e-10	-10.0	-2.5
125.5	1.8251e-05	1.3859e-10	-10.0	-2.5
126.0	1.8258e-05	1.3775e-10	-10.0	-2.5
126.5	1.8259e-05	1.3811e-10	-10.0	-2.5
127.0	1.8263e-05	1.3753e-10	-10.0	-2.5
127.5	1.827e-05	1.3821e-10	-10.0	-2.5
128.0	1.8271e-05	1.3736e-10	-10.0	-2.5
128.5	1.8277e-05	1.3813e-10	-10.0	-2.5
129.0	1.8281e-05	1.3648e-10	-10.0	-2.5
129.5	1.8286e-05	1.3768e-10	-10.0	-2.5
130.0	1.8293e-05	1.3696e-10	-10.0	-2.5
130.5	1.8299e-05	1.375e-10	-10.0	-2.5
131.0	1.8304e-05	1.3697e-10	-10.0	-2.5
131.5	1.8309e-05	1.3667e-10	-10.0	-2.5
132.0	1.8311e-05	1.3696e-10	-10.0	-2.5
132.5	1.8313e-05	1.3668e-10	-10.0	-2.5
133.0	1.8318e-05	1.357e-10	-10.0	-2.5
133.5	1.8322e-05	1.3632e-10	-10.0	-2.5
134.0	1.8326e-05	1.3658e-10	-10.0	-2.5
134.5	1.8331e-05	1.363e-10	-10.0	-2.5
135.0	1.8331e-05	1.3605e-10	-10.0	-2.5
135.5	1.8335e-05	1.3608e-10	-10.0	-2.5
136.0	1.8339e-05	1.3598e-10	-10.0	-2.5
136.5	1.8342e-05	1.3586e-10	-10.0	-2.5
137.0	1.8344e-05	1.36e-10	-10.0	-2.5
137.5	1.8348e-05	1.3642e-10	-10.0	-2.5
138.0	1.8352e-05	1.3591e-10	-10.0	-2.5
138.5	1.8356e-05	1.3518e-10	-10.0	-2.5
139.0	1.8354e-05	1.3564e-10	-10.0	-2.5
139.5	1.8356e-05	1.3521e-10	-10.0	-2.5
140.0	1.8362e-05	1.3567e-10	-10.0	-2.5
140.5	1.8364e-05	1.3622e-10	-10.0	-2.5
141.0	1.8369e-05	1.3503e-10	-10.0	-2.5
141.5	1.8366e-05	1.3541e-10	-10.0	-2.5
142.0	1.8368e-05	1.3588e-10	-10.0	-2.5
142.5	1.8368e-05	1.3544e-10	-10.0	-2.5
143.0	1.8375e-05	1.3583e-10	-10.0	-2.5
143.5	1.8376e-05	1.3504e-10	-10.0	-2.5
144.0	1.8377e-05	1.3473e-10	-10.0	-2.5
144.5	1.8379e-05	1.3468e-10	-10.0	-2.5
145.0	1.838e-05	1.354e-10	-10.0	-2.5
145.5	1.8385e-05	1.3562e-10	-10.0	-2.5
146.0	1.8388e-05	1.3435e-10	-10.0	-2.5
146.5	1.8391e-05	1.3486e-10	-10.0	-2.5
147.0	1.8395e-05	1.3513e-10	-10.0	-2.5
147.5	1.8395e-05	1.3418e-10	-10.0	-2.5
148.0	1.8398e-05	1.3474e-10	-10.0	-2.5
148.5	1.8401e-05	1.348e-10	-10.0	-2.5
149.0	1.8404e-05	1.3522e-10	-10.0	-2.5
149.5	1.8404e-05	1.3437e-10	-10.0	-2.5
150.0	1.8408e-05	1.3519e-10	-10.0	-2.5
150.5	1.8407e-05	1.3475e-10	-10.0	-2.5
151.0	1.8409e-05	1.3484e-10	-10.0	-2.5
151.5	1.8413e-05	1.3513e-10	-10.0	-2.5
152.0	1.8415e-05	1.3432e-10	-10.0	-2.5
152.5	1.8412e-05	1.3464e-10	-10.0	-2.5
153.0	1.8415e-05	1.3499e-10	-10.0	-2.5
153.5	1.8414e-05	1.3437e-10	-10.0	-2.5
154.0	1.8419e-05	1.349e-10	-10.0	-2.5
154.5	1.842e-05	1.343e-10	-10.0	-2.5
155.0	1.842e-05	1.3411e-10	-10.0	-2.5
155.5	1.8419e-05	1.3426e-10	-10.0	-2.5
156.0	1.8424e-05	1.3486e-10	-10.0	-2.5
156.5	1.8426e-05	1.3418e-10	-10.0	-2.5
157.0	1.843e-05	1.3441e-10	-10.0	-2.5
157.5	1.843e-05	1.3421e-10	-10.0	-2.5
158.0	1.8432e-05	1.3395e-10	-10.0	-2.5
158.5	1.8429e-05	1.3388e-10	-10.0	-2.5
159.0	1.843e-05	1.3392e-10	-10.0	-2.5
159.5	1.8432e-05	1.3451e-10	-10.0	-2.5
160.0	1.8435e-05	1.3378e-10	-10.0	-2.5
160.5	1.8439e-05	1.3418e-10	-10.0	-2.5
161.0	1.844e-05	1.3445e-10	-10.0	-2.5
161.5	1.8442e-05	1.339e-10	-10.0	-2.5
162.0	1.8444e-05	1.3425e-10	-10.0	-2.5
162.5	1.8446e-05	1.3407e-10	-10.0	-2.5
163.0	1.8447e-05	1.3456e-10	-10.0	-2.5
163.5	1.8445e-05	1.3431e-10	-10.0	-2.5
164.0	1.8446e-05	1.3398e-10	-10.0	-2.5
164.5	1.8447e-05	1.3418e-10	-10.0	-2.5
165.0	1.8448e-05	1.3384e-10	-10.0	-2.5
165.5	1.8449e-05	1.345e-10	-10.0	-2.5
166.0	1.845e-05	1.3399e-10	-10.0	-2.5
166.5	1.8451e-05	1.3425e-10	-10.0	-2.5
167.0	1.8453e-05	1.3375e-10	-10.0	-2.5
167.5	1.8451e-05	1.3428e-10	-10.0	-2.5
168.0	1.8454e-05	1.3384e-10	-10.0	-2.5
168.5	1.8452e-05	1.3366e-10	-10.0	-2.5
169.0	1.8453e-05	1.3406e-10	-10.0	-2.5
169.5	1.8454e-05	1.3375e-10	-10.0	-2.5
170.0	1.8454e-05	1.3341e-10	-10.0	-2.5
170.5	1.8454e-05	1.339e-10	-10.0	-2.5
171.0	1.8455e-05	1.3422e-10	-10.0	-2.5
171.5	1.8455e-05	1.3369e-10	-10.0	-2.5
172.0	1.8452e-05	1.3389e-10	-10.0	-2.5
172.5	1.845e-05	1.3338e-10	-10.0	-2.5
173.0	1.845e-05	1.3378e-10	-10.0	-2.5
173.5	1.845e-05	1.3346e-10	-10.0	-2.5
174.0	1.8447e-05	1.3412e-10	-10.0	-2.5
174.5	1.8447e-05	1.333e-10	-10.0	-2.5
175.0	1.845e-05	1.34e-10	-10.0	-2.5
175.5	1.8455e-05	1.3365e-10	-10.0	-2.5
176.0	1.8453e-05	1.3406e-10	-10.0	-2.5
176.5	1.8454e-05	1.3322e-10	-10.0	-2.5
177.0	1.8454e-05	1.3333e-10	-10.0	-2.5
177.5	1.8455e-05	1.3434e-10	-10.0	-2.5
178.0	1.8454e-05	1.3303e-10	-10.0	-2.5
178.5	1.8454e-05	1.3346e-10	-10.0	-2.5
179.0	1.8453e-05	1.3023e-10	-10.0	-2.5
179.5	1.8452e-05	5.4359e-13	-10.0	-2.5
180.0	1.845e-05	9.4175e-12	-10.0	-2.5
180.5	1.845e-05	1.0056e-11	-10.0	-2.5
181.0	1.8448e-05	1.0443e-11	-10.0	-2.5
181.5	1.8447e-05	1.0412e-11	-10.0	-2.5
182.0	1.8443e-05	1.0259e-11	-10.0	-2.5
182.5	1.8445e-05	1.0077e-11	-10.0	-2.5
183.0	1.8445e-05	9.805e-12	-10.0	-2.5
183.5	1.8444e-05	1.0455e-11	-10.0	-2.5
184.0	1.8443e-05	1.0725e-11	-10.0	-2.5
184.5	1.844e-05	1.029e-11	-10.0	-2.5
185.0	1.8438e-05	9.9039e-12	-10.0	-2.5
185.5	1.8438e-05	9.8336e-12	-10.0	-2.5
186.0	1.8441e-05	9.2328e-12	-10.0	-2.5
186.5	1.8437e-05	9.5415e-12	-10.0	-2.5
187.0	1.8437e-05	9.9397e-12	-10.0	-2.5
187.5	1.8434e-05	9.3305e-12	-10.0	-2.5
188.0	1.8433e-05	9.408e-12	-10.0	-2.5
188.5	1.8431e-05	8.8274e-12	-10.0	-2.5
189.0	1.8431e-05	8.9693e-12	-10.0	-2.5
189.5	1.8432e-05	9.3591e-12	-10.0	-2.5
190.0	1.8431e-05	1.009e-11	-10.0	-2.5
190.5	1.8429e-05	9.681e-12	-10.0	-2.5
191.0	1.8427e-05	9.0909e-12	-10.0	-2.5
191.5	1.843e-05	9.023e-12	-10.0	-2.5
192.0	1.8431e-05	8.8131e-12	-10.0	-2.5
192.5	1.8428e-05	9.2447e-12	-10.0	-2.5
193.0	1.843e-05	9.346e-12	-10.0	-2.5
193.5	1.8426e-05	9.3055e-12	-10.0	-2.5
194.0	1.8423e-05	9.2888e-12	-10.0	-2.5
194.5	1.8427e-05	9.4807e-12	-10.0	-2.5
195.0	1.8426e-05	9.1958e-12	-10.0	-2.5
195.5	1.8424e-05	8.7631e-12	-10.0	-2.5
196.0	1.8424e-05	9.0802e-12	-10.0	-2.5
196.5	1.8422e-05	9.352e-12	-10.0	-2.5
197.0	1.8419e-05	8.6486e-12	-10.0	-2.5
197.5	1.8418e-05	8.4281e-12	-10.0	-2.5
198.0	1.8419e-05	8.6367e-12	-10.0	-2.5
198.5	1.8418e-05	9.2614e-12	-10.0	-2.5
199.0	1.8419e-05	8.7118e-12	-10.0	-2.5
199.5	1.842e-05	8.7082e-12	-10.0	-2.5
200.0	1.8418e-05	9.1052e-12	-10.0	-2.5
200.5	1.8421e-05	9.4616e-12	-10.0	-2.5
201.0	1.842e-05	7.8428e-12	-10.0	-2.5
201.5	1.8422e-05	9.6309e-12	-10.0	-2.5
202.0	1.8422e-05	8.9109e-12	-10.0	-2.5
202.5	1.8419e-05	8.9157e-12	-10.0	-2.5
203.0	1.8421e-05	9.2018e-12	-10.0	-2.5
203.5	1.842e-05	9.2447e-12	-10.0	-2.5
204.0	1.8419e-05	9.0289e-12	-10.0	-2.5
204.5	1.8421e-05	9.2697e-12	-10.0	-2.5
205.0	1.842e-05	8.8632e-12	-10.0	-2.5
205.5	1.8418e-05	9.1589e-12	-10.0	-2.5
206.0	1.8419e-05	8.8227e-12	-10.0	-2.5
206.5	1.8418e-05	8.5378e-12	-10.0	-2.5
207.0	1.8419e-05	8.5056e-12	-10.0	-2.5
207.5	1.8418e-05	8.5628e-12	-10.0	-2.5
208.0	1.842e-05	8.7118e-12	-10.0	-2.5
208.5	1.8422e-05	8.3876e-12	-10.0	-2.5
209.0	1.8418e-05	8.0001e-12	-10.0	-2.5
209.5	1.8423e-05	8.1754e-12	-10.0	-2.5
210.0	1.8422e-05	9.0277e-12	-10.0	-2.5
210.5	1.8421e-05	8.8882e-12	-10.0	-2.5
211.0	1.8418e-05	8.328e-12	-10.0	-2.5
211.5	1.8419e-05	7.9215e-12	-10.0	-2.5
212.0	1.8424e-05	9.1469e-12	-10.0	-2.5
212.5	1.8422e-05	8.2707e-12	-10.0	-2.5
213.0	1.8423e-05	8.6868e-12	-10.0	-2.5
213.5	1.8423e-05	7.807e-12	-10.0	-2.5
214.0	1.8422e-05	8.2624e-12	-10.0	-2.5
214.5	1.8425e-05	7.9405e-12	-10.0	-2.5
215.0	1.8426e-05	8.3947e-12	-10.0	-2.5
215.5	1.8425e-05	8.4138e-12	-10.0	-2.5
216.0	1.8422e-05	8.8215e-12	-10.0	-2.5
216.5	1.8422e-05	8.6582e-12	-10.0	-2.5
217.0	1.8424e-05	8.843e-12	-10.0	-2.5
217.5	1.8426e-05	7.5209e-12	-10.0	-2.5
218.0	1.8427e-05	8.5139e-12	-10.0	-2.5
218.5	1.8427e-05	8.8799e-12	-10.0	-2.5
219.0	1.8427e-05	8.9228e-12	-10.0	-2.5
219.5	1.8427e-05	8.539e-12	-10.0	-2.5
220.0	1.8426e-05	9.1743e-12	-10.0	-2.5
220.5	1.8427e-05	8.713e-12	-10.0	-2.5
221.0	1.8425e-05	8.0156e-12	-10.0	-2.5
221.5	1.8425e-05	8.2874e-12	-10.0	-2.5
222.0	1.8425e-05	8.6153e-12	-10.0	-2.5
222.5	1.8426e-05	8.2946e-12	-10.0	-2.5
223.0	1.8428e-05	8.2839e-12	-10.0	-2.5
223.5	1.8424e-05	8.6188e-12	-10.0	-2.5
224.0	1.8428e-05	8.1956e-12	-10.0	-2.5
224.5	1.8429e-05	8.9514e-12	-10.0	-2.5
225.0	1.8429e-05	9.0516e-12	-10.0	-2.5
225.5	1.8427e-05	8.0419e-12	-10.0	-2.5
226.0	1.843e-05	8.2624e-12	-10.0	-2.5
226.5	1.843e-05	8.4925e-12	-10.0	-2.5
227.0	1.8432e-05	9.0933e-12	-10.0	-2.5
227.5	1.8434e-05	8.719e-12	-10.0	-2.5
228.0	1.8433e-05	8.1432e-12	-10.0	-2.5
228.5	1.8435e-05	8.5259e-12	-10.0	-2.5
229.0	1.8436e-05	8.4472e-12	-10.0	-2.5
229.5	1.8435e-05	8.359e-12	-10.0	-2.5
230.0	1.8431e-05	8.6105e-12	-10.0	-2.5
230.5	1.8436e-05	9.3079e-12	-10.0	-2.5
231.0	1.8436e-05	8.353e-12	-10.0	-2.5
231.5	1.8435e-05	8.6975e-12	-10.0	-2.5
232.0	1.8437e-05	8.3315e-12	-10.0	-2.5
232.5	1.8437e-05	9.1362e-12	-10.0	-2.5
233.0	1.8435e-05	8.9586e-12	-10.0	-2.5
233.5	1.8436e-05	8.5854e-12	-10.0	-2.5
234.0	1.8438e-05	8.3482e-12	-10.0	-2.5
234.5	1.8438e-05	8.8334e-12	-10.0	-2.5
235.0	1.8438e-05	7.8297e-12	-10.0	-2.5
235.5	1.844e-05	8.3125e-12	-10.0	-2.5
236.0	1.8438e-05	8.5723e-12	-10.0	-2.5
236.5	1.8439e-05	8.3148e-12	-10.0	-2.5
237.0	1.8439e-05	8.4257e-12	-10.0	-2.5
237.5	1.8435e-05	8.7583e-12	-10.0	-2.5
238.0	1.8438e-05	8.2374e-12	-10.0	-2.5
238.5	1.8437e-05	9.0563e-12	-10.0	-2.5
239.0	1.8437e-05	2.2246e-11	-10.0	-2.5
239.5	1.844e-05	1.3134e-10	-10.0	-2.5
240.0	1.8443e-05	1.3844e-10	-10.0	-2.5
240.5	1.8446e-05	1.3946e-10	-10.0	-2.5
241.0	1.8447e-05	1.393e-10	-10.0	-2.5
241.5	1.8449e-05	1.3811e-10	-10.0	-2.5
242.0	1.8454e-05	1.3819e-10	-10.0	-2.5
242.5	1.8459e-05	1.3751e-10	-10.0	-2.5
243.0	1.8461e-05	1.3753e-10	-10.0	-2.5
243.5	1.8465e-05	1.3707e-10	-10.0	-2.5
244.0	1.8469e-05	1.366e-10	-10.0	-2.5
244.5	1.8469e-05	1.3625e-10	-10.0	-2.5
245.0	1.8472e-05	1.3674e-10	-10.0	-2.5
245.5	1.8478e-05	1.3631e-10	-10.0	-2.5
246.0	1.8479e-05	1.3643e-10	-10.0	-2.5
246.5	1.8481e-05	1.3638e-10	-10.0	-2.5
247.0	1.8485e-05	1.3586e-10	-10.0	-2.5
247.5	1.8487e-05	1.3601e-10	-10.0	-2.5
248.0	1.849e-05	1.3563e-10	-10.0	-2.5
248.5	1.8492e-05	1.3514e-10	-10.0	-2.5
249.0	1.8496e-05	1.355e-10	-10.0	-2.5
249.5	1.8496e-05	1.3576e-10	-10.0	-2.5
250.0	1.85e-05	1.3532e-10	-10.0	-2.5
250.5	1.8501e-05	1.3526e-10	-10.0	-2.5
251.0	1.85e-05	1.3556e-10	-10.0	-2.5
251.5	1.8501e-05	1.3488e-10	-10.0	-2.5
252.0	1.8504e-05	1.358e-10	-10.0	-2.5
252.5	1.8505e-05	1.3554e-10	-10.0	-2.5
253.0	1.8508e-05	1.3482e-10	-10.0	-2.5
253.5	1.851e-05	1.3521e-10	-10.0	-2.5
254.0	1.8509e-05	1.3424e-10	-10.0	-2.5
254.5	1.8511e-05	1.3539e-10	-10.0	-2.5
255.0	1.8515e-05	1.3413e-10	-10.0	-2.5
255.5	1.8515e-05	1.3416e-10	-10.0	-2.5
256.0	1.8519e-05	1.3474e-10	-10.0	-2.5
256.5	1.8519e-05	1.3482e-10	-10.0	-2.5
257.0	1.8523e-05	1.3433e-10	-10.0	-2.5
257.5	1.8524e-05	1.3455e-10	-10.0	-2.5
258.0	1.8526e-05	1.3466e-10	-10.0	-2.5
258.5	1.8525e-05	1.3443e-10	-10.0	-2.5
259.0	1.8526e-05	1.3562e-10	-10.0	-2.5
259.5	1.8529e-05	1.3455e-10	-10.0	-2.5
260.0	1.8529e-05	1.3383e-10	-10.0	-2.5
260.5	1.853e-05	1.3487e-10	-10.0	-2.5
261.0	1.853e-05	1.3488e-10	-10.0	-2.5
261.5	1.8533e-05	1.3472e-10	-10.0	-2.5
262.0	1.8535e-05	1.3468e-10	-10.0	-2.5
262.5	1.8536e-05	1.3409e-10	-10.0	-2.5
263.0	1.8535e-05	1.3474e-10	-10.0	-2.5
263.5	1.8536e-05	1.3405e-10	-10.0	-2.5
264.0	1.8536e-05	1.3438e-10	-10.0	-2.5
264.5	1.8537e-05	1.34e-10	-10.0	-2.5
265.0	1.8535e-05	1.3347e-10	-10.0	-2.5
265.5	1.8536e-05	1.3434e-10	-10.0	-2.5
266.0	1.8535e-05	1.3386e-10	-10.0	-2.5
266.5	1.8535e-05	1.3383e-10	-10.0	-2.5
267.0	1.8535e-05	1.3378e-10	-10.0	-2.5
267.5	1.8538e-05	1.3422e-10	-10.0	-2.5
268.0	1.854e-05	1.339e-10	-10.0	-2.5
268.5	1.8538e-05	1.341e-10	-10.0	-2.5
269.0	1.854e-05	1.3474e-10	-10.0	-2.5
269.5	1.8539e-05	1.3386e-10	-10.0	-2.5
270.0	1.8538e-05	1.3374e-10	-10.0	-2.5
270.5	1.8538e-05	1.3418e-10	-10.0	-2.5
271.0	1.854e-05	1.3436e-10	-10.0	-2.5
271.5	1.8541e-05	1.3363e-10	-10.0	-2.5
272.0	1.8541e-05	1.3433e-10	-10.0	-2.5
272.5	1.8538e-05	1.3396e-10	-10.0	-2.5
273.0	1.8538e-05	1.3374e-10	-10.0	-2.5
273.5	1.8539e-05	1.3405e-10	-10.0	-2.5
274.0	1.8541e-05	1.339e-10	-10.0	-2.5
274.5	1.8543e-05	1.3356e-10	-10.0	-2.5
275.0	1.854e-05	1.3331e-10	-10.0	-2.5
275.5	1.8537e-05	1.3386e-10	-10.0	-2.5
276.0	1.8539e-05	1.337e-10	-10.0	-2.5
276.5	1.854e-05	1.334e-10	-10.0	-2.5
277.0	1.8539e-05	1.3389e-10	-10.0	-2.5
277.5	1.8539e-05	1.337e-10	-10.0	-2.5
278.0	1.8538e-05	1.3332e-10	-10.0	-2.5
278.5	1.8539e-05	1.3349e-10	-10.0	-2.5
279.0	1.8539e-05	1.3358e-10	-10.0	-2.5
279.5	1.8538e-05	1.3346e-10	-10.0	-2.5
280.0	1.8536e-05	1.3341e-10	-10.0	-2.5
280.5	1.8534e-05	1.3318e-10	-10.0	-2.5
281.0	1.8537e-05	1.3385e-10	-10.0	-2.5
281.5	1.8532e-05	1.3317e-10	-10.0	-2.5
282.0	1.8532e-05	1.3294e-10	-10.0	-2.5
282.5	1.8531e-05	1.3335e-10	-10.0	-2.5
283.0	1.8535e-05	1.3337e-10	-10.0	-2.5
283.5	1.8534e-05	1.3308e-10	-10.0	-2.5
284.0	1.8536e-05	1.337e-10	-10.0	-2.5
284.5	1.8531e-05	1.3311e-10	-10.0	-2.5
285.0	1.853e-05	1.3368e-10	-10.0	-2.5
285.5	1.8529e-05	1.3314e-10	-10.0	-2.5
286.0	1.8527e-05	1.3327e-10	-10.0	-2.5
286.5	1.8528e-05	1.3287e-10	-10.0	-2.5
287.0	1.8528e-05	1.3301e-10	-10.0	-2.5
287.5	1.8528e-05	1.3418e-10	-10.0	-2.5
288.0	1.8528e-05	1.3361e-10	-10.0	-2.5
288.5	1.8528e-05	1.3347e-10	-10.0	-2.5
289.0	1.8529e-05	1.3325e-10	-10.0	-2.5
289.5	1.8525e-05	1.3292e-10	-10.0	-2.5
290.0	1.8524e-05	1.3312e-10	-10.0	-2.5
290.5	1.8527e-05	1.3313e-10	-10.0	-2.5
291.0	1.8526e-05	1.3357e-10	-10.0	-2.5
291.5	1.8524e-05	1.3249e-10	-10.0	-2.5
292.0	1.8526e-05	1.3302e-10	-10.0	-2.5
292.5	1.8526e-05	1.3306e-10	-10.0	-2.5
293.0	1.8525e-05	1.3253e-10	-10.0	-2.5
293.5	1.8522e-05	1.326e-10	-10.0	-2.5
294.0	1.8521e-05	1.33e-10	-10.0	-2.5
294.5	1.8525e-05	1.3335e-10	-10.0	-2.5
295.0	1.8524e-05	1.3311e-10	-10.0	-2.5
295.5	1.8521e-05	1.3336e-10	-10.0	-2.5
296.0	1.8524e-05	1.3337e-10	-10.0	-2.5
296.5	1.8524e-05	1.3314e-10	-10.0	-2.5
297.0	1.8524e-05	1.3349e-10	-10.0	-2.5
297.5	1.8522e-05	1.3302e-10	-10.0	-2.5
298.0	1.8524e-05	1.3307e-10	-10.0	-2.5
298.5	1.8525e-05	1.33e-10	-10.0	-2.5
299.0	1.8523e-05	1.3252e-10	-10.0	-2.5
299.5	1.8523e-05	3.0518e-12	-10.0	-2.5
300.0	1.8524e-05	8.7333e-12	-10.0	-2.5
300.5	1.8522e-05	9.8169e-12	-10.0	-2.5
301.0	1.8521e-05	1.0397e-11	-10.0	-2.5
301.5	1.8519e-05	1.0172e-11	-10.0	-2.5
302.0	1.8516e-05	1.0498e-11	-10.0	-2.5
302.5	1.8513e-05	1.0784e-11	-10.0	-2.5
303.0	1.8514e-05	9.6703e-12	-10.0	-2.5
303.5	1.8515e-05	9.8515e-12	-10.0	-2.5
304.0	1.8515e-05	9.8646e-12	-10.0	-2.5
304.5	1.8512e-05	1.0043e-11	-10.0	-2.5
305.0	1.8513e-05	9.948e-12	-10.0	-2.5
305.5	1.851e-05	9.6393e-12	-10.0	-2.5
306.0	1.8508e-05	9.9742e-12	-10.0	-2.5
306.5	1.8509e-05	9.4712e-12	-10.0	-2.5
307.0	1.8506e-05	9.7787e-12	-10.0	-2.5
307.5	1.8508e-05	9.3782e-12	-10.0	-2.5
308.0	1.8506e-05	9.5522e-12	-10.0	-2.5
308.5	1.8501e-05	9.8014e-12	-10.0	-2.5
309.0	1.8499e-05	9.4259e-12	-10.0	-2.5
309.5	1.8497e-05	9.3889e-12	-10.0	-2.5
310.0	1.8498e-05	9.2089e-12	-10.0	-2.5
310.5	1.8496e-05	9.9897e-12	-10.0	-2.5
311.0	1.8495e-05	8.6975e-12	-10.0	-2.5
311.5	1.8497e-05	9.3663e-12	-10.0	-2.5
312.0	1.8495e-05	9.3162e-12	-10.0	-2.5
312.5	1.8496e-05	9.1255e-12	-10.0	-2.5
313.0	1.8498e-05	9.2435e-12	-10.0	-2.5
313.5	1.8495e-05	8.8465e-12	-10.0	-2.5
314.0	1.8497e-05	8.6641e-12	-10.0	-2.5
314.5	1.8495e-05	9.4545e-12	-10.0	-2.5
315.0	1.85e-05	9.4628e-12	-10.0	-2.5
315.5	1.8496e-05	9.6464e-12	-10.0	-2.5
316.0	1.8497e-05	8.9991e-12	-10.0	-2.5
316.5	1.8496e-05	8.6427e-12	-10.0	-2.5
317.0	1.8495e-05	9.6869e-12	-10.0	-2.5
317.5	1.8494e-05	8.9932e-12	-10.0	-2.5
318.0	1.8494e-05	9.0098e-12	-10.0	-2.5
318.5	1.8493e-05	9.1827e-12	-10.0	-2.5
319.0	1.8494e-05	8.8799e-12	-10.0	-2.5
319.5	1.8493e-05	8.291e-12	-10.0	-2.5
320.0	1.8494e-05	8.713e-12	-10.0	-2.5
320.5	1.8494e-05	8.3935e-12	-10.0	-2.5
321.0	1.8493e-05	9.1255e-12	-10.0	-2.5
321.5	1.8493e-05	8.7333e-12	-10.0	-2.5
322.0	1.8496e-05	8.8942e-12	-10.0	-2.5
322.5	1.8493e-05	8.2767e-12	-10.0	-2.5
323.0	1.8493e-05	8.7929e-12	-10.0	-2.5
323.5	1.8494e-05	8.9169e-12	-10.0	-2.5
324.0	1.8492e-05	8.7202e-12	-10.0	-2.5
324.5	1.8492e-05	8.992e-12	-10.0	-2.5
325.0	1.849e-05	8.8763e-12	-10.0	-2.5
325.5	1.8491e-05	8.5986e-12	-10.0	-2.5
326.0	1.849e-05	8.9717e-12	-10.0	-2.5
326.5	1.8492e-05	8.4889e-12	-10.0	-2.5
327.0	1.8492e-05	8.626e-12	-10.0	-2.5
327.5	1.8487e-05	9.1875e-12	-10.0	-2.5
328.0	1.8486e-05	8.4043e-12	-10.0	-2.5
328.5	1.8486e-05	8.8167e-12	-10.0	-2.5
329.0	1.8487e-05	8.9264e-12	-10.0	-2.5
329.5	1.8486e-05	8.1134e-12	-10.0	-2.5
330.0	1.8488e-05	8.6427e-12	-10.0	-2.5
330.5	1.8488e-05	8.2409e-12	-10.0	-2.5
331.0	1.8487e-05	8.7738e-12	-10.0	-2.5
331.5	1.8489e-05	8.5926e-12	-10.0	-2.5
332.0	1.8487e-05	8.9788e-12	-10.0	-2.5
332.5	1.849e-05	8.3876e-12	-10.0	-2.5
333.0	1.8492e-05	9.1231e-12	-10.0	-2.5
333.5	1.8491e-05	8.682e-12	-10.0	-2.5
334.0	1.849e-05	8.8406e-12	-10.0	-2.5
334.5	1.8489e-05	8.9181e-12	-10.0	-2.5
335.0	1.8489e-05	9.1672e-12	-10.0	-2.5
335.5	1.849e-05	8.5187e-12	-10.0	-2.5
336.0	1.8489e-05	8.8108e-12	-10.0	-2.5
336.5	1.849e-05	8.4591e-12	-10.0	-2.5
337.0	1.8487e-05	9.098e-12	-10.0	-2.5
337.5	1.849e-05	8.7666e-12	-10.0	-2.5
338.0	1.849e-05	8.8394e-12	-10.0	-2.5
338.5	1.849e-05	8.3852e-12	-10.0	-2.5
339.0	1.8489e-05	8.9645e-12	-10.0	-2.5
339.5	1.849e-05	8.9288e-12	-10.0	-2.5
340.0	1.8492e-05	8.1503e-12	-10.0	-2.5
340.5	1.8492e-05	8.2183e-12	-10.0	-2.5
341.0	1.8494e-05	7.4577e-12	-10.0	-2.5
341.5	1.8492e-05	8.4579e-12	-10.0	-2.5
342.0	1.8493e-05	8.533e-12	-10.0	-2.5
342.5	1.8492e-05	8.1432e-12	-10.0	-2.5
343.0	1.8495e-05	8.3756e-12	-10.0	-2.5
343.5	1.8496e-05	8.707e-12	-10.0	-2.5
344.0	1.8496e-05	8.9538e-12	-10.0	-2.5
344.5	1.8498e-05	8.3971e-12	-10.0	-2.5
345.0	1.8496e-05	8.9621e-12	-10.0	-2.5
345.5	1.8497e-05	8.5652e-12	-10.0	-2.5
346.0	1.8499e-05	8.6665e-12	-10.0	-2.5
346.5	1.8499e-05	8.5461e-12	-10.0	-2.5
347.0	1.8499e-05	7.9012e-12	-10.0	-2.5
347.5	1.8498e-05	8.6749e-12	-10.0	-2.5
348.0	1.8501e-05	8.7488e-12	-10.0	-2.5
348.5	1.8501e-05	8.3304e-12	-10.0	-2.5
349.0	1.8501e-05	8.2052e-12	-10.0	-2.5
349.5	1.8503e-05	7.9179e-12	-10.0	-2.5
350.0	1.8501e-05	8.5401e-12	-10.0	-2.5
350.5	1.8502e-05	8.1038e-12	-10.0	-2.5
351.0	1.8504e-05	7.7713e-12	-10.0	-2.5
351.5	1.8503e-05	8.7106e-12	-10.0	-2.5
352.0	1.8503e-05	8.5878e-12	-10.0	-2.5
352.5	1.8503e-05	8.2684e-12	-10.0	-2.5
353.0	1.8504e-05	8.9526e-12	-10.0	-2.5
353.5	1.8503e-05	8.378e-12	-10.0	-2.5
354.0	1.8502e-05	8.5533e-12	-10.0	-2.5
354.5	1.8502e-05	8.2886e-12	-10.0	-2.5
355.0	1.8507e-05	8.4055e-12	-10.0	-2.5
355.5	1.8507e-05	8.1682e-12	-10.0	-2.5
356.0	1.8507e-05	8.1444e-12	-10.0	-2.5
356.5	1.8508e-05	8.2684e-12	-10.0	-2.5
357.0	1.8508e-05	8.75e-12	-10.0	-2.5
357.5	1.8505e-05	9.0659e-12	-10.0	-2.5
358.0	1.8508e-05	8.5831e-12	-10.0	-2.5
358.5	1.8506e-05	8.384e-12	-10.0	-2.5
359.0	1.8511e-05	8.8835e-12	-10.0	-2.5
359.5	1.8511e-05	1.3097e-10	-10.0	-2.5
360.0	1.8511e-05	1.3977e-10	-10.0	-2.5
360.5	1.8516e-05	1.3958e-10	-10.0	-2.5
361.0	1.8519e-05	1.3934e-10	-10.0	-2.5
361.5	1.8519e-05	1.3855e-10	-10.0	-2.5
362.0	1.8521e-05	1.3861e-10	-10.0	-2.5
362.5	1.8526e-05	1.3743e-10	-10.0	-2.5
363.0	1.8526e-05	1.3756e-10	-10.0	-2.5
363.5	1.8527e-05	1.3748e-10	-10.0	-2.5
364.0	1.8535e-05	1.3697e-10	-10.0	-2.5
364.5	1.854e-05	1.3644e-10	-10.0	-2.5
365.0	1.8538e-05	1.3652e-10	-10.0	-2.5
365.5	1.8541e-05	1.3751e-10	-10.0	-2.5
366.0	1.8546e-05	1.3612e-10	-10.0	-2.5
366.5	1.8547e-05	1.3608e-10	-10.0	-2.5
367.0	1.8549e-05	1.3649e-10	-10.0	-2.5
367.5	1.8551e-05	1.3591e-10	-10.0	-2.5
368.0	1.8554e-05	1.3578e-10	-10.0	-2.5
368.5	1.8558e-05	1.3538e-10	-10.0	-2.5
369.0	1.8557e-05	1.3538e-10	-10.0	-2.5
369.5	1.8558e-05	1.3536e-10	-10.0	-2.5
370.0	1.8558e-05	1.3583e-10	-10.0	-2.5
370.5	1.8559e-05	1.3518e-10	-10.0	-2.5
371.0	1.8564e-05	1.3531e-10	-10.0	-2.5
371.5	1.8563e-05	1.354e-10	-10.0	-2.5
372.0	1.8566e-05	1.351e-10	-10.0	-2.5
372.5	1.8567e-05	1.3506e-10	-10.0	-2.5
373.0	1.8567e-05	1.3553e-10	-10.0	-2.5
373.5	1.8571e-05	1.3575e-10	-10.0	-2.5
374.0	1.8568e-05	1.3486e-10	-10.0	-2.5
374.5	1.8568e-05	1.3496e-10	-10.0	-2.5
375.0	1.8572e-05	1.3522e-10	-10.0	-2.5
375.5	1.8576e-05	1.3452e-10	-10.0	-2.5
376.0	1.8574e-05	1.3436e-10	-10.0	-2.5
376.5	1.8578e-05	1.3538e-10	-10.0	-2.5
377.0	1.8577e-05	1.339e-10	-10.0	-2.5
377.5	1.8582e-05	1.3419e-10	-10.0	-2.5
378.0	1.8582e-05	1.3365e-10	-10.0	-2.5
378.5	1.8585e-05	1.3381e-10	-10.0	-2.5
379.0	1.8583e-05	1.3475e-10	-10.0	-2.5
379.5	1.8588e-05	1.3436e-10	-10.0	-2.5
380.0	1.8591e-05	1.3449e-10	-10.0	-2.5
380.5	1.8592e-05	1.3367e-10	-10.0	-2.5
381.0	1.859e-05	1.3403e-10	-10.0	-2.5
381.5	1.8588e-05	1.3458e-10	-10.0	-2.5
382.0	1.8592e-05	1.3374e-10	-10.0	-2.5
382.5	1.8595e-05	1.3439e-10	-10.0	-2.5
383.0	1.8593e-05	1.3437e-10	-10.0	-2.5
383.5	1.8595e-05	1.3424e-10	-10.0	-2.5
384.0	1.8595e-05	1.3412e-10	-10.0	-2.5
384.5	1.8595e-05	1.3375e-10	-10.0	-2.5
385.0	1.8594e-05	1.349e-10	-10.0	-2.5
385.5	1.8594e-05	1.3389e-10	-10.0	-2.5
386.0	1.8595e-05	1.3469e-10	-10.0	-2.5
386.5	1.8595e-05	1.3398e-10	-10.0	-2.5
387.0	1.8596e-05	1.3381e-10	-10.0	-2.5
387.5	1.8594e-05	1.3354e-10	-10.0	-2.5
388.0	1.8597e-05	1.3445e-10	-10.0	-2.5
388.5	1.8598e-05	1.3366e-10	-10.0	-2.5
389.0	1.8595e-05	1.3353e-10	-10.0	-2.5
389.5	1.8596e-05	1.3397e-10	-10.0	-2.5
390.0	1.8595e-05	1.335e-10	-10.0	-2.5
390.5	1.8594e-05	1.3274e-10	-10.0	-2.5
391.0	1.8597e-05	1.3419e-10	-10.0	-2.5
391.5	1.86e-05	1.3391e-10	-10.0	-2.5
392.0	1.8602e-05	1.3404e-10	-10.0	-2.5
392.5	1.8601e-05	1.3388e-10	-10.0	-2.5
393.0	1.8602e-05	1.3344e-10	-10.0	-2.5
393.5	1.8598e-05	1.3361e-10	-10.0	-2.5
394.0	1.8597e-05	1.3352e-10	-10.0	-2.5
394.5	1.8597e-05	1.3316e-10	-10.0	-2.5
395.0	1.8599e-05	1.338e-10	-10.0	-2.5
395.5	1.8599e-05	1.3378e-10	-10.0	-2.5
396.0	1.8601e-05	1.3326e-10	-10.0	-2.5
396.5	1.8601e-05	1.3323e-10	-10.0	-2.5
397.0	1.8601e-05	1.3384e-10	-10.0	-2.5
397.5	1.8601e-05	1.3307e-10	-10.0	-2.5
398.0	1.8598e-05	1.3353e-10	-10.0	-2.5
398.5	1.8597e-05	1.3348e-10	-10.0	-2.5
399.0	1.8599e-05	1.3358e-10	-10.0	-2.5
399.5	1.86e-05	1.3323e-10	-10.0	-2.5
400.0	1.8597e-05	1.3367e-10	-10.0	-2.5
400.5	1.8598e-05	1.3317e-10	-10.0	-2.5
401.0	1.8597e-05	1.3265e-10	-10.0	-2.5
401.5	1.8596e-05	1.3322e-10	-10.0	-2.5
402.0	1.8598e-05	1.3306e-10	-10.0	-2.5
402.5	1.8596e-05	1.331e-10	-10.0	-2.5
403.0	1.8598e-05	1.3292e-10	-10.0	-2.5
403.5	1.8592e-05	1.3342e-10	-10.0	-2.5
404.0	1.8597e-05	1.3336e-10	-10.0	-2.5
404.5	1.8597e-05	1.324e-10	-10.0	-2.5
405.0	1.8596e-05	1.3298e-10	-10.0	-2.5
405.5	1.8593e-05	1.3287e-10	-10.0	-2.5
406.0	1.8591e-05	1.329e-10	-10.0	-2.5
406.5	1.8593e-05	1.3329e-10	-10.0	-2.5
407.0	1.8591e-05	1.3302e-10	-10.0	-2.5
407.5	1.8589e-05	1.3279e-10	-10.0	-2.5
408.0	1.8588e-05	1.331e-10	-10.0	-2.5
408.5	1.8583e-05	1.3292e-10	-10.0	-2.5
409.0	1.8582e-05	1.324e-10	-10.0	-2.5
409.5	1.8581e-05	1.3316e-10	-10.0	-2.5
410.0	1.8585e-05	1.3292e-10	-10.0	-2.5
410.5	1.8583e-05	1.3304e-10	-10.0	-2.5
411.0	1.8584e-05	1.332e-10	-10.0	-2.5
411.5	1.858e-05	1.3269e-10	-10.0	-2.5
412.0	1.8577e-05	1.3272e-10	-10.0	-2.5
412.5	1.8578e-05	1.3315e-10	-10.0	-2.5
413.0	1.8575e-05	1.3314e-10	-10.0	-2.5
413.5	1.8578e-05	1.3354e-10	-10.0	-2.5
414.0	1.8577e-05	1.328e-10	-10.0	-2.5
414.5	1.8579e-05	1.3325e-10	-10.0	-2.5
415.0	1.8578e-05	1.3284e-10	-10.0	-2.5
415.5	1.858e-05	1.3297e-10	-10.0	-2.5
416.0	1.8582e-05	1.332e-10	-10.0	-2.5
416.5	1.8584e-05	1.3308e-10	-10.0	-2.5
417.0	1.8582e-05	1.331e-10	-10.0	-2.5
417.5	1.8581e-05	1.3318e-10	-10.0	-2.5
418.0	1.8579e-05	1.3243e-10	-10.0	-2.5
418.5	1.8585e-05	1.3326e-10	-10.0	-2.5
419.0	1.8582e-05	1.3164e-10	-10.0	-2.5
419.5	1.8579e-05	4.4537e-12	-10.0	-2.5
420.0	1.8578e-05	9.3377e-12	-10.0	-2.5
420.5	1.8579e-05	9.6166e-12	-10.0	-2.5
421.0	1.8578e-05	1.0586e-11	-10.0	-2.5
421.5	1.8577e-05	1.0237e-11	-10.0	-2.5
422.0	1.8576e-05	1.0014e-11	-10.0	-2.5
422.5	1.8571e-05	1.0629e-11	-10.0	-2.5
423.0	1.8572e-05	1.0325e-11	-10.0	-2.5
423.5	1.8568e-05	1.0239e-11	-10.0	-2.5
424.0	1.8567e-05	1.0095e-11	-10.0	-2.5
424.5	1.8566e-05	9.2947e-12	-10.0	-2.5
425.0	1.8564e-05	9.7442e-12	-10.0	-2.5
425.5	1.8563e-05	9.7215e-12	-10.0	-2.5
426.0	1.8564e-05	9.8789e-12	-10.0	-2.5
426.5	1.8563e-05	9.2053e-12	-10.0	-2.5
427.0	1.8558e-05	9.4223e-12	-10.0	-2.5
427.5	1.8559e-05	9.9135e-12	-10.0	-2.5
428.0	1.8557e-05	9.1696e-12	-10.0	-2.5
428.5	1.8558e-05	9.8264e-12	-10.0	-2.5
429.0	1.8554e-05	9.3484e-12	-10.0	-2.5
429.5	1.8553e-05	9.2351e-12	-10.0	-2.5
430.0	1.8552e-05	9.8574e-12	-10.0	-2.5
430.5	1.855e-05	9.9433e-12	-10.0	-2.5
431.0	1.8549e-05	9.414e-12	-10.0	-2.5
431.5	1.855e-05	9.0313e-12	-10.0	-2.5
432.0	1.8548e-05	8.6403e-12	-10.0	-2.5
432.5	1.8548e-05	9.3412e-12	-10.0	-2.5
433.0	1.8545e-05	9.3877e-12	-10.0	-2.5
433.5	1.8546e-05	9.2387e-12	-10.0	-2.5
434.0	1.8543e-05	8.6105e-12	-10.0	-2.5
434.5	1.8543e-05	8.843e-12	-10.0	-2.5
435.0	1.8544e-05	9.284e-12	-10.0	-2.5
435.5	1.8542e-05	8.6439e-12	-10.0	-2.5
436.0	1.8542e-05	9.5427e-12	-10.0	-2.5
436.5	1.8542e-05	9.3842e-12	-10.0	-2.5
437.0	1.8543e-05	9.6667e-12	-10.0	-2.5
437.5	1.8541e-05	9.0671e-12	-10.0	-2.5
438.0	1.8544e-05	8.6093e-12	-10.0	-2.5
438.5	1.8545e-05	8.4341e-12	-10.0	-2.5
439.0	1.8546e-05	8.6391e-12	-10.0	-2.5
439.5	1.8545e-05	8.2052e-12	-10.0	-2.5
440.0	1.8543e-05	8.2934e-12	-10.0	-2.5
440.5	1.8544e-05	8.3411e-12	-10.0	-2.5
441.0	1.8545e-05	8.4901e-12	-10.0	-2.5
441.5	1.8546e-05	8.4722e-12	-10.0	-2.5
442.0	1.8542e-05	8.5151e-12	-10.0	-2.5
442.5	1.8542e-05	8.5568e-12	-10.0	-2.5
443.0	1.8543e-05	9.0074e-12	-10.0	-2.5
443.5	1.854e-05	8.3768e-12	-10.0	-2.5
444.0	1.8543e-05	8.4841e-12	-10.0	-2.5
444.5	1.8545e-05	8.9276e-12	-10.0	-2.5
445.0	1.8544e-05	8.2278e-12	-10.0	-2.5
445.5	1.8543e-05	8.4698e-12	-10.0	-2.5
446.0	1.8543e-05	8.8274e-12	-10.0	-2.5
446.5	1.8541e-05	8.4329e-12	-10.0	-2.5
447.0	1.854e-05	9.0838e-12	-10.0	-2.5
447.5	1.8538e-05	8.8179e-12	-10.0	-2.5
448.0	1.8539e-05	8.3399e-12	-10.0	-2.5
448.5	1.8538e-05	8.6474e-12	-10.0	-2.5
449.0	1.8539e-05	8.6999e-12	-10.0	-2.5
449.5	1.8541e-05	9.0539e-12	-10.0	-2.5
450.0	1.8541e-05	8.5604e-12	-10.0	-2.5
450.5	1.8541e-05	8.5616e-12	-10.0	-2.5
451.0	1.8541e-05	8.5723e-12	-10.0	-2.5
451.5	1.8539e-05	8.4436e-12	-10.0	-2.5
452.0	1.854e-05	9.408e-12	-10.0	-2.5
452.5	1.8539e-05	8.2302e-12	-10.0	-2.5
453.0	1.8538e-05	9.1231e-12	-10.0	-2.5
453.5	1.8536e-05	8.4961e-12	-10.0	-2.5
454.0	1.8538e-05	8.7273e-12	-10.0	-2.5
454.5	1.8537e-05	8.539e-12	-10.0	-2.5
455.0	1.8538e-05	8.1539e-12	-10.0	-2.5
455.5	1.8538e-05	8.62e-12	-10.0	-2.5
456.0	1.8537e-05	8.8084e-12	-10.0	-2.5
456.5	1.8537e-05	8.9479e-12	-10.0	-2.5
457.0	1.8539e-05	8.9252e-12	-10.0	-2.5
457.5	1.8538e-05	8.1015e-12	-10.0	-2.5
458.0	1.8538e-05	9.0897e-12	-10.0	-2.5
458.5	1.854e-05	8.5235e-12	-10.0	-2.5
459.0	1.8541e-05	8.7261e-12	-10.0	-2.5
459.5	1.8542e-05	8.508e-12	-10.0	-2.5
460.0	1.8544e-05	8.291e-12	-10.0	-2.5
460.5	1.8543e-05	8.7714e-12	-10.0	-2.5
461.0	1.8543e-05	8.4329e-12	-10.0	-2.5
461.5	1.8545e-05	8.2099e-12	-10.0	-2.5
462.0	1.8541e-05	8.8501e-12	-10.0	-2.5
462.5	1.8542e-05	8.1718e-12	-10.0	-2.5
463.0	1.8543e-05	8.6749e-12	-10.0	-2.5
463.5	1.8542e-05	8.8465e-12	-10.0	-2.5
464.0	1.8542e-05	8.1599e-12	-10.0	-2.5
464.5	1.8544e-05	7.8249e-12	-10.0	-2.5
465.0	1.8543e-05	8.6939e-12	-10.0	-2.5
465.5	1.8542e-05	8.291e-12	-10.0	-2.5
466.0	1.8541e-05	8.235e-12	-10.0	-2.5
466.5	1.8541e-05	8.527e-12	-10.0	-2.5
467.0	1.8542e-05	8.9133e-12	-10.0	-2.5
467.5	1.8544e-05	8.5139e-12	-10.0	-2.5
468.0	1.8544e-05	8.0812e-12	-10.0	-2.5
468.5	1.8543e-05	8.1587e-12	-10.0	-2.5
469.0	1.8544e-05	7.9107e-12	-10.0	-2.5
469.5	1.8544e-05	8.0931e-12	-10.0	-2.5
470.0	1.8545e-05	8.148e-12	-10.0	-2.5
470.5	1.8544e-05	8.2695e-12	-10.0	-2.5
471.0	1.8547e-05	8.5092e-12	-10.0	-2.5
471.5	1.8548e-05	8.3017e-12	-10.0	-2.5
472.0	1.8546e-05	7.9369e-12	-10.0	-2.5
472.5	1.8544e-05	8.1408e-12	-10.0	-2.5
473.0	1.8545e-05	8.3852e-12	-10.0	-2.5
473.5	1.8547e-05	7.9095e-12	-10.0	-2.5
474.0	1.8547e-05	8.4603e-12	-10.0	-2.5
474.5	1.8547e-05	8.4627e-12	-10.0	-2.5
475.0	1.855e-05	8.086e-12	-10.0	-2.5
475.5	1.8548e-05	8.5723e-12	-10.0	-2.5
476.0	1.8548e-05	8.6856e-12	-10.0	-2.5
476.5	1.855e-05	8.7523e-12	-10.0	-2.5
477.0	1.855e-05	8.4221e-12	-10.0	-2.5
477.5	1.8551e-05	8.781e-12	-10.0	-2.5
478.0	1.8548e-05	8.3351e-12	-10.0	-2.5
478.5	1.8552e-05	8.2004e-12	-10.0	-2.5
479.0	1.8549e-05	4.7636e-12	-10.0	-2.5
479.5	1.8554e-05	1.2911e-10	-10.0	-2.5
480.0	1.8555e-05	1.3874e-10	-10.0	-2.5
480.5	1.8558e-05	1.3892e-10	-10.0	-2.5
481.0	1.856e-05	1.3917e-10	-10.0	-2.5
481.5	1.856e-05	1.3872e-10	-10.0	-2.5
482.0	1.8562e-05	1.3879e-10	-10.0	-2.5
482.5	1.8566e-05	1.3717e-10	-10.0	-2.5
483.0	1.8567e-05	1.3748e-10	-10.0	-2.5
483.5	1.8571e-05	1.3669e-10	-10.0	-2.5
484.0	1.8572e-05	1.3692e-10	-10.0	-2.5
484.5	1.8574e-05	1.3645e-10	-10.0	-2.5
485.0	1.8578e-05	1.3642e-10	-10.0	-2.5
485.5	1.8581e-05	1.3625e-10	-10.0	-2.5
486.0	1.8586e-05	1.3606e-10	-10.0	-2.5
486.5	1.8588e-05	1.3592e-10	-10.0	-2.5
487.0	1.8589e-05	1.3606e-10	-10.0	-2.5
487.5	1.8591e-05	1.3566e-10	-10.0	-2.5
488.0	1.8594e-05	1.3601e-10	-10.0	-2.5
488.5	1.8597e-05	1.3565e-10	-10.0	-2.5
489.0	1.8602e-05	1.3494e-10	-10.0	-2.5
489.5	1.8602e-05	1.3518e-10	-10.0	-2.5
490.0	1.86e-05	1.3492e-10	-10.0	-2.5
490.5	1.8602e-05	1.3601e-10	-10.0	-2.5
491.0	1.8605e-05	1.3551e-10	-10.0	-2.5
491.5	1.8604e-05	1.356e-10	-10.0	-2.5
492.0	1.8604e-05	1.3561e-10	-10.0	-2.5
492.5	1.8608e-05	1.3499e-10	-10.0	-2.5
493.0	1.8608e-05	1.3533e-10	-10.0	-2.5
493.5	1.861e-05	1.3519e-10	-10.0	-2.5
494.0	1.8607e-05	1.3493e-10	-10.0	-2.5
494.5	1.8611e-05	1.3541e-10	-10.0	-2.5
495.0	1.8612e-05	1.3486e-10	-10.0	-2.5
495.5	1.8612e-05	1.3505e-10	-10.0	-2.5
496.0	1.8613e-05	1.3504e-10	-10.0	-2.5
496.5	1.8615e-05	1.3444e-10	-10.0	-2.5
497.0	1.8615e-05	1.3407e-10	-10.0	-2.5
497.5	1.8615e-05	1.3456e-10	-10.0	-2.5
498.0	1.8617e-05	1.3444e-10	-10.0	-2.5
498.5	1.8616e-05	1.3443e-10	-10.0	-2.5
499.0	1.8616e-05	1.3421e-10	-10.0	-2.5
499.5	1.8615e-05	1.3432e-10	-10.0	-2.5
500.0	1.8616e-05	1.3404e-10	-10.0	-2.5
500.5	1.8618e-05	1.3447e-10	-10.0	-2.5
501.0	1.862e-05	1.3424e-10	-10.0	-2.5
501.5	1.8623e-05	1.3391e-10	-10.0	-2.5
502.0	1.8625e-05	1.3416e-10	-10.0	-2.5
502.5	1.8627e-05	1.345e-10	-10.0	-2.5
503.0	1.8625e-05	1.339e-10	-10.0	-2.5
503.5	1.8624e-05	1.3403e-10	-10.0	-2.5
504.0	1.8624e-05	1.3405e-10	-10.0	-2.5
504.5	1.8623e-05	1.3362e-10	-10.0	-2.5
505.0	1.8621e-05	1.3371e-10	-10.0	-2.5
505.5	1.862e-05	1.335e-10	-10.0	-2.5
506.0	1.862e-05	1.3409e-10	-10.0	-2.5
506.5	1.862e-05	1.3399e-10	-10.0	-2.5
507.0	1.8622e-05	1.3362e-10	-10.0	-2.5
507.5	1.8623e-05	1.3365e-10	-10.0	-2.5
508.0	1.8623e-05	1.3387e-10	-10.0	-2.5
508.5	1.8622e-05	1.3357e-10	-10.0	-2.5
509.0	1.8622e-05	1.3387e-10	-10.0	-2.5
509.5	1.8625e-05	1.3305e-10	-10.0	-2.5
510.0	1.8627e-05	1.3395e-10	-10.0	-2.5
510.5	1.8628e-05	1.332e-10	-10.0	-2.5
511.0	1.8627e-05	1.3341e-10	-10.0	-2.5
511.5	1.8627e-05	1.3367e-10	-10.0	-2.5
512.0	1.8626e-05	1.334e-10	-10.0	-2.5
512.5	1.8626e-05	1.337e-10	-10.0	-2.5
513.0	1.8627e-05	1.3407e-10	-10.0	-2.5
513.5	1.8626e-05	1.3415e-10	-10.0	-2.5
514.0	1.8625e-05	1.3331e-10	-10.0	-2.5
514.5	1.8622e-05	1.3337e-10	-10.0	-2.5
515.0	1.8623e-05	1.3333e-10	-10.0	-2.5
515.5	1.8625e-05	1.3403e-10	-10.0	-2.5
516.0	1.8625e-05	1.3286e-10	-10.0	-2.5
516.5	1.8627e-05	1.3299e-10	-10.0	-2.5
517.0	1.8625e-05	1.3305e-10	-10.0	-2.5
517.5	1.8621e-05	1.3285e-10	-10.0	-2.5
518.0	1.8622e-05	1.3351e-10	-10.0	-2.5
518.5	1.8622e-05	1.3237e-10	-10.0	-2.5
519.0	1.8622e-05	1.3308e-10	-10.0	-2.5
519.5	1.862e-05	1.3305e-10	-10.0	-2.5
520.0	1.8618e-05	1.3371e-10	-10.0	-2.5
520.5	1.8617e-05	1.3331e-10	-10.0	-2.5
521.0	1.8616e-05	1.3283e-10	-10.0	-2.5
521.5	1.8612e-05	1.3318e-10	-10.0	-2.5
522.0	1.8615e-05	1.3299e-10	-10.0	-2.5
522.5	1.8614e-05	1.3274e-10	-10.0	-2.5
523.0	1.8616e-05	1.3264e-10	-10.0	-2.5
523.5	1.8615e-05	1.3321e-10	-10.0	-2.5
524.0	1.8614e-05	1.3304e-10	-10.0	-2.5
524.5	1.8616e-05	1.3345e-10	-10.0	-2.5
525.0	1.8617e-05	1.3316e-10	-10.0	-2.5
525.5	1.8615e-05	1.3319e-10	-10.0	-2.5
526.0	1.8617e-05	1.3297e-10	-10.0	-2.5
526.5	1.8617e-05	1.327e-10	-10.0	-2.5
527.0	1.8616e-05	1.3334e-10	-10.0	-2.5
527.5	1.8611e-05	1.3262e-10	-10.0	-2.5
528.0	1.8609e-05	1.3262e-10	-10.0	-2.5
528.5	1.8609e-05	1.3311e-10	-10.0	-2.5
529.0	1.8612e-05	1.3217e-10	-10.0	-2.5
529.5	1.8612e-05	1.3296e-10	-10.0	-2.5
530.0	1.861e-05	1.3327e-10	-10.0	-2.5
530.5	1.8609e-05	1.3285e-10	-10.0	-2.5
531.0	1.8609e-05	1.3342e-10	-10.0	-2.5
531.5	1.861e-05	1.3279e-10	-10.0	-2.5
532.0	1.8609e-05	1.3266e-10	-10.0	-2.5
532.5	1.8608e-05	1.3291e-10	-10.0	-2.5
533.0	1.8605e-05	1.3303e-10	-10.0	-2.5
533.5	1.8604e-05	1.3308e-10	-10.0	-2.5
534.0	1.8606e-05	1.3247e-10	-10.0	-2.5
534.5	1.8602e-05	1.3245e-10	-10.0	-2.5
535.0	1.8601e-05	1.3299e-10	-10.0	-2.5
535.5	1.8602e-05	1.329e-10	-10.0	-2.5
536.0	1.8602e-05	1.328e-10	-10.0	-2.5
536.5	1.8604e-05	1.325e-10	-10.0	-2.5
537.0	1.8603e-05	1.3291e-10	-10.0	-2.5
537.5	1.86e-05	1.3312e-10	-10.0	-2.5
538.0	1.8602e-05	1.3303e-10	-10.0	-2.5
538.5	1.8602e-05	1.3227e-10	-10.0	-2.5
539.0	1.8601e-05	1.3118e-10	-10.0	-2.5
539.5	1.86e-05	6.4004e-12	-10.0	-2.5
540.0	1.8601e-05	7.6628e-12	-10.0	-2.5
540.5	1.8597e-05	9.6166e-12	-10.0	-2.5
541.0	1.8596e-05	1.009e-11	-10.0	-2.5
541.5	1.8595e-05	1.0222e-11	-10.0	-2.5
542.0	1.8595e-05	1.0345e-11	-10.0	-2.5
542.5	1.8593e-05	1.0209e-11	-10.0	-2.5
543.0	1.8592e-05	1.0072e-11	-10.0	-2.5
543.5	1.8592e-05	1.0437e-11	-10.0	-2.5
544.0	1.8589e-05	1.0424e-11	-10.0	-2.5
544.5	1.8592e-05	9.8765e-12	-10.0	-2.5
545.0	1.8588e-05	1.0097e-11	-10.0	-2.5
545.5	1.8586e-05	1.0161e-11	-10.0	-2.5
546.0	1.8586e-05	9.743e-12	-10.0	-2.5
546.5	1.8586e-05	9.6834e-12	-10.0	-2.5
547.0	1.8587e-05	9.9075e-12	-10.0	-2.5
547.5	1.8585e-05	9.625e-12	-10.0	-2.5
548.0	1.8582e-05	9.7644e-12	-10.0	-2.5
548.5	1.8581e-05	1.0096e-11	-10.0	-2.5
549.0	1.858e-05	8.7607e-12	-10.0	-2.5
549.5	1.8578e-05	9.3603e-12	-10.0	-2.5
550.0	1.858e-05	9.8491e-12	-10.0	-2.5
550.5	1.8578e-05	9.383e-12	-10.0	-2.5
551.0	1.8576e-05	9.0289e-12	-10.0	-2.5
551.5	1.8573e-05	9.5785e-12	-10.0	-2.5
552.0	1.8576e-05	9.3937e-12	-10.0	-2.5
552.5	1.8575e-05	9.1338e-12	-10.0	-2.5
553.0	1.8574e-05	9.3222e-12	-10.0	-2.5
553.5	1.8571e-05	9.1016e-12	-10.0	-2.5
554.0	1.857e-05	9.1171e-12	-10.0	-2.5
554.5	1.8569e-05	9.7442e-12	-10.0	-2.5
555.0	1.8569e-05	9.0098e-12	-10.0	-2.5
555.5	1.8569e-05	9.3377e-12	-10.0	-2.5
556.0	1.8571e-05	8.9383e-12	-10.0	-2.5
556.5	1.8567e-05	8.9932e-12	-10.0	-2.5
557.0	1.8571e-05	8.5854e-12	-10.0	-2.5
557.5	1.8566e-05	9.83e-12	-10.0	-2.5
558.0	1.857e-05	9.1088e-12	-10.0	-2.5
558.5	1.8565e-05	8.384e-12	-10.0	-2.5
559.0	1.8566e-05	8.4662e-12	-10.0	-2.5
559.5	1.8566e-05	8.5425e-12	-10.0	-2.5
560.0	1.8568e-05	8.3351e-12	-10.0	-2.5
560.5	1.8564e-05	8.5103e-12	-10.0	-2.5
561.0	1.8563e-05	8.7655e-12	-10.0	-2.5
561.5	1.8564e-05	8.1146e-12	-10.0	-2.5
562.0	1.8565e-05	8.8191e-12	-10.0	-2.5
562.5	1.8566e-05	9.0087e-12	-10.0	-2.5
563.0	1.8566e-05	8.9538e-12	-10.0	-2.5
563.5	1.8564e-05	8.7225e-12	-10.0	-2.5
564.0	1.8565e-05	8.4948e-12	-10.0	-2.5
564.5	1.8565e-05	8.1968e-12	-10.0	-2.5
565.0	1.8565e-05	8.4829e-12	-10.0	-2.5
565.5	1.8566e-05	8.7643e-12	-10.0	-2.5
566.0	1.8566e-05	8.688e-12	-10.0	-2.5
566.5	1.8564e-05	8.0621e-12	-10.0	-2.5
567.01	1.8562e-05	8.7941e-12	-10.0	-2.5
567.5	1.8561e-05	8.5413e-12	-10.0	-2.5
568.0	1.8564e-05	8.2433e-12	-10.0	-2.5
568.5	1.8565e-05	8.4495e-12	-10.0	-2.5
569.0	1.8565e-05	8.2827e-12	-10.0	-2.5
569.5	1.8563e-05	8.5676e-12	-10.0	-2.5
570.0	1.8563e-05	8.7917e-12	-10.0	-2.5
570.5	1.8563e-05	8.1623e-12	-10.0	-2.5
571.0	1.8561e-05	7.9882e-12	-10.0	-2.5
571.5	1.8563e-05	8.7631e-12	-10.0	-2.5
572.0	1.8564e-05	8.4376e-12	-10.0	-2.5
572.5	1.8566e-05	8.5998e-12	-10.0	-2.5
573.0	1.8568e-05	9.104e-12	-10.0	-2.5
573.5	1.8566e-05	8.4603e-12	-10.0	-2.5
574.0	1.8567e-05	8.0073e-12	-10.0	-2.5
574.5	1.8566e-05	7.9668e-12	-10.0	-2.5
575.0	1.8566e-05	8.1587e-12	-10.0	-2.5
575.5	1.8569e-05	8.4865e-12	-10.0	-2.5
576.0	1.8571e-05	8.5401e-12	-10.0	-2.5
576.5	1.8572e-05	8.5938e-12	-10.0	-2.5
577.0	1.8573e-05	7.9071e-12	-10.0	-2.5
577.5	1.8571e-05	8.9407e-12	-10.0	-2.5
578.0	1.8572e-05	8.9002e-12	-10.0	-2.5
578.5	1.8574e-05	8.9371e-12	-10.0	-2.5
579.0	1.8572e-05	7.8881e-12	-10.0	-2.5
579.5	1.8574e-05	8.3613e-12	-10.0	-2.5
580.0	1.8573e-05	8.2576e-12	-10.0	-2.5
580.5	1.8575e-05	8.539e-12	-10.0	-2.5
581.0	1.8574e-05	8.8048e-12	-10.0	-2.5
581.5	1.8572e-05	8.8382e-12	-10.0	-2.5
582.0	1.857e-05	8.1003e-12	-10.0	-2.5
582.5	1.8571e-05	8.111e-12	-10.0	-2.5
583.0	1.8571e-05	8.0085e-12	-10.0	-2.5
583.5	1.8574e-05	8.2374e-12	-10.0	-2.5
584.0	1.8576e-05	7.8464e-12	-10.0	-2.5
584.5	1.8574e-05	8.8954e-12	-10.0	-2.5
585.0	1.8575e-05	8.2088e-12	-10.0	-2.5
585.5	1.8577e-05	8.5712e-12	-10.0	-2.5
586.0	1.8577e-05	8.1384e-12	-10.0	-2.5
586.5	1.8577e-05	8.2719e-12	-10.0	-2.5
587.0	1.8576e-05	9.0301e-12	-10.0	-2.5
587.5	1.8577e-05	8.0228e-12	-10.0	-2.5
588.0	1.8578e-05	8.0442e-12	-10.0	-2.5
588.5	1.858e-05	8.6737e-12	-10.0	-2.5
589.0	1.8582e-05	8.5545e-12	-10.0	-2.5
589.5	1.8586e-05	8.2159e-12	-10.0	-2.5
590.0	1.8588e-05	8.0216e-12	-10.0	-2.5
590.5	1.8587e-05	7.7295e-12	-10.0	-2.5
591.0	1.8587e-05	8.3721e-12	-10.0	-2.5
591.5	1.8584e-05	8.4817e-12	-10.0	-2.5
592.0	1.8585e-05	8.6665e-12	-10.0	-2.5
592.5	1.8586e-05	8.1015e-12	-10.0	-2.5
593.0	1.8587e-05	8.601e-12	-10.0	-2.5
593.5	1.8588e-05	8.1635e-12	-10.0	-2.5
594.0	1.8585e-05	8.2684e-12	-10.0	-2.5
594.5	1.8585e-05	8.353e-12	-10.0	-2.5
595.0	1.8587e-05	8.0907e-12	-10.0	-2.5
595.5	1.8587e-05	8.0728e-12	-10.0	-2.5
596.0	1.8589e-05	9.0683e-12	-10.0	-2.5
596.5	1.8593e-05	7.7164e-12	-10.0	-2.5
597.0	1.8594e-05	7.9298e-12	-10.0	-2.5
597.5	1.8591e-05	8.4686e-12	-10.0	-2.5
598.0	1.8591e-05	7.8929e-12	-10.0	-2.5
598.5	1.8592e-05	8.1575e-12	-10.0	-2.5
599.0	1.859e-05	7.9715e-12	-10.0	-2.5
599.5	1.8591e-05	8.8608e-12	-10.0	-2.5
600.0	1.8593e-05	8.2457e-12	-10.0	-2.5
600.5	1.859e-05	9.0456e-12	-10.0	-2.5
601.0	1.8592e-05	8.3899e-12	-10.0	-2.5
601.5	1.8594e-05	8.2052e-12	-10.0	-2.5
602.0	1.8594e-05	8.5092e-12	-10.0	-2.5
602.5	1.8595e-05	8.8108e-12	-10.0	-2.5
603.0	1.8596e-05	8.3244e-12	-10.0	-2.5
603.5	1.8596e-05	7.9596e-12	-10.0	-2.5
604.0	1.8597e-05	8.5282e-12	-10.0	-2.5
604.5	1.8598e-05	8.4841e-12	-10.0	-2.5
605.0	1.8594e-05	9.0301e-12	-10.0	-2.5
605.5	1.8598e-05	8.5044e-12	-10.0	-2.5
606.0	1.8594e-05	8.2946e-12	-10.0	-2.5
606.5	1.8597e-05	8.4591e-12	-10.0	-2.5
607.0	1.8597e-05	8.4984e-12	-10.0	-2.5
607.5	1.8599e-05	8.6224e-12	-10.0	-2.5
608.0	1.8598e-05	8.3244e-12	-10.0	-2.5
608.5	1.86e-05	8.707e-12	-10.0	-2.5
609.0	1.8599e-05	8.2135e-12	-10.0	-2.5
609.5	1.8599e-05	7.7546e-12	-10.0	-2.5
610.0	1.8599e-05	8.7464e-12	-10.0	-2.5
610.5	1.86e-05	8.1408e-12	-10.0	-2.5
611.0	1.8599e-05	8.9097e-12	-10.0	-2.5
611.5	1.8601e-05	8.5485e-12	-10.0	-2.5
612.0	1.8601e-05	8.6725e-12	-10.0	-2.5
612.5	1.8599e-05	8.8537e-12	-10.0	-2.5
613.0	1.8598e-05	8.1599e-12	-10.0	-2.5
