Time (s)	|IDrain (A)|	|IGate (A)	Vdrain(V)	Vgate(V)
0.0	1.7832e-05	3.6036e-11	-10.0	-2.5
1.0	1.7831e-05	1.705e-11	-10.0	-2.5
1.5	1.7834e-05	1.3673e-11	-10.0	-2.5
2.0	1.7838e-05	1.1351e-11	-10.0	-2.5
2.5	1.7842e-05	1.1447e-11	-10.0	-2.5
3.0	1.7845e-05	9.8741e-12	-10.0	-2.5
3.5	1.7848e-05	1.0186e-11	-10.0	-2.5
4.0	1.7852e-05	9.644e-12	-10.0	-2.5
4.5	1.7854e-05	9.0539e-12	-10.0	-2.5
5.0	1.7857e-05	8.2421e-12	-10.0	-2.5
5.5	1.7859e-05	8.9479e-12	-10.0	-2.5
6.0	1.7862e-05	7.6485e-12	-10.0	-2.5
6.5	1.7866e-05	8.2791e-12	-10.0	-2.5
7.0	1.7869e-05	7.9203e-12	-10.0	-2.5
7.5	1.787e-05	8.5151e-12	-10.0	-2.5
8.0	1.7877e-05	7.6342e-12	-10.0	-2.5
8.5	1.7877e-05	7.8702e-12	-10.0	-2.5
9.0	1.7882e-05	7.5686e-12	-10.0	-2.5
9.5	1.7888e-05	7.6962e-12	-10.0	-2.5
10.0	1.7888e-05	8.465e-12	-10.0	-2.5
10.5	1.7888e-05	7.5674e-12	-10.0	-2.5
11.0	1.7895e-05	7.1752e-12	-10.0	-2.5
11.5	1.7897e-05	7.2134e-12	-10.0	-2.5
12.0	1.7899e-05	7.0703e-12	-10.0	-2.5
12.5	1.7902e-05	7.3695e-12	-10.0	-2.5
13.0	1.7906e-05	7.1347e-12	-10.0	-2.5
13.5	1.7905e-05	7.9143e-12	-10.0	-2.5
14.0	1.7907e-05	6.7103e-12	-10.0	-2.5
14.5	1.791e-05	8.0645e-12	-10.0	-2.5
15.0	1.7913e-05	7.4554e-12	-10.0	-2.5
15.5	1.7916e-05	7.5495e-12	-10.0	-2.5
16.0	1.7918e-05	6.7687e-12	-10.0	-2.5
16.5	1.7919e-05	7.3564e-12	-10.0	-2.5
17.0	1.7925e-05	7.1895e-12	-10.0	-2.5
17.5	1.7928e-05	7.1967e-12	-10.0	-2.5
18.0	1.7929e-05	7.4625e-12	-10.0	-2.5
18.5	1.793e-05	7.9453e-12	-10.0	-2.5
19.0	1.7933e-05	6.6626e-12	-10.0	-2.5
19.5	1.7937e-05	7.3838e-12	-10.0	-2.5
20.0	1.7941e-05	7.4709e-12	-10.0	-2.5
20.5	1.7942e-05	7.112e-12	-10.0	-2.5
21.0	1.7947e-05	6.9892e-12	-10.0	-2.5
21.5	1.7947e-05	7.6377e-12	-10.0	-2.5
22.0	1.7951e-05	7.2038e-12	-10.0	-2.5
22.5	1.7952e-05	6.1965e-12	-10.0	-2.5
23.0	1.7957e-05	7.4601e-12	-10.0	-2.5
23.5	1.7958e-05	7.4422e-12	-10.0	-2.5
24.0	1.7959e-05	7.4935e-12	-10.0	-2.5
24.5	1.7966e-05	7.019e-12	-10.0	-2.5
25.0	1.7966e-05	6.8772e-12	-10.0	-2.5
25.5	1.7969e-05	6.8355e-12	-10.0	-2.5
26.0	1.7971e-05	6.8164e-12	-10.0	-2.5
26.5	1.7973e-05	6.8963e-12	-10.0	-2.5
27.0	1.7976e-05	6.6221e-12	-10.0	-2.5
27.5	1.7979e-05	7.0059e-12	-10.0	-2.5
28.0	1.7979e-05	6.1703e-12	-10.0	-2.5
28.5	1.7981e-05	7.5448e-12	-10.0	-2.5
29.0	1.7986e-05	7.112e-12	-10.0	-2.5
29.5	1.7988e-05	7.3814e-12	-10.0	-2.5
30.0	1.799e-05	7.2527e-12	-10.0	-2.5
30.5	1.7991e-05	6.758e-12	-10.0	-2.5
31.0	1.7991e-05	7.8964e-12	-10.0	-2.5
31.5	1.7993e-05	7.2753e-12	-10.0	-2.5
32.0	1.7994e-05	6.9499e-12	-10.0	-2.5
32.5	1.7997e-05	6.6733e-12	-10.0	-2.5
33.0	1.7999e-05	7.4089e-12	-10.0	-2.5
33.5	1.8002e-05	7.1871e-12	-10.0	-2.5
34.0	1.8005e-05	7.6258e-12	-10.0	-2.5
34.5	1.8007e-05	6.8915e-12	-10.0	-2.5
35.0	1.8011e-05	7.509e-12	-10.0	-2.5
35.5	1.8012e-05	7.2467e-12	-10.0	-2.5
36.0	1.8015e-05	7.9191e-12	-10.0	-2.5
36.5	1.802e-05	6.6125e-12	-10.0	-2.5
37.0	1.802e-05	6.671e-12	-10.0	-2.5
37.5	1.8022e-05	7.2908e-12	-10.0	-2.5
38.0	1.8025e-05	6.9451e-12	-10.0	-2.5
38.5	1.8027e-05	7.0465e-12	-10.0	-2.5
39.0	1.803e-05	7.5007e-12	-10.0	-2.5
39.5	1.8034e-05	7.7462e-12	-10.0	-2.5
40.0	1.8035e-05	7.7748e-12	-10.0	-2.5
40.5	1.8036e-05	7.1144e-12	-10.0	-2.5
41.0	1.8038e-05	6.9249e-12	-10.0	-2.5
41.5	1.8039e-05	7.9262e-12	-10.0	-2.5
42.0	1.804e-05	6.9261e-12	-10.0	-2.5
42.5	1.8041e-05	8.0133e-12	-10.0	-2.5
43.0	1.8045e-05	7.143e-12	-10.0	-2.5
43.5	1.8049e-05	7.0476e-12	-10.0	-2.5
44.0	1.8048e-05	7.9024e-12	-10.0	-2.5
44.5	1.8053e-05	7.7045e-12	-10.0	-2.5
45.0	1.8055e-05	7.5126e-12	-10.0	-2.5
45.5	1.8056e-05	6.1715e-12	-10.0	-2.5
46.0	1.8059e-05	6.9892e-12	-10.0	-2.5
46.5	1.8061e-05	7.1359e-12	-10.0	-2.5
47.0	1.8062e-05	6.7019e-12	-10.0	-2.5
47.5	1.8066e-05	7.6664e-12	-10.0	-2.5
48.0	1.8069e-05	7.6878e-12	-10.0	-2.5
48.5	1.8071e-05	7.4351e-12	-10.0	-2.5
49.0	1.807e-05	7.2873e-12	-10.0	-2.5
49.5	1.8071e-05	7.3457e-12	-10.0	-2.5
50.0	1.8075e-05	7.5138e-12	-10.0	-2.5
50.5	1.8079e-05	6.9237e-12	-10.0	-2.5
51.0	1.8079e-05	7.4422e-12	-10.0	-2.5
51.5	1.8082e-05	7.4136e-12	-10.0	-2.5
52.0	1.8083e-05	6.9571e-12	-10.0	-2.5
52.5	1.8082e-05	6.9666e-12	-10.0	-2.5
53.0	1.8085e-05	6.9284e-12	-10.0	-2.5
53.5	1.8087e-05	7.2992e-12	-10.0	-2.5
54.0	1.8091e-05	6.8796e-12	-10.0	-2.5
54.5	1.8095e-05	7.2205e-12	-10.0	-2.5
55.0	1.8096e-05	7.0858e-12	-10.0	-2.5
55.5	1.8098e-05	7.1621e-12	-10.0	-2.5
56.0	1.8098e-05	8.1062e-12	-10.0	-2.5
56.5	1.8102e-05	7.1502e-12	-10.0	-2.5
57.0	1.8103e-05	6.9881e-12	-10.0	-2.5
57.5	1.8107e-05	7.5626e-12	-10.0	-2.5
58.0	1.8108e-05	7.4828e-12	-10.0	-2.5
58.5	1.8109e-05	7.3659e-12	-10.0	-2.5
59.0	1.8111e-05	6.7997e-12	-10.0	-2.5
59.5	1.8114e-05	8.2421e-12	-10.0	-2.5
60.0	1.8112e-05	6.5601e-12	-10.0	-2.5
60.5	1.8119e-05	7.1073e-12	-10.0	-2.5
61.0	1.8121e-05	7.9572e-12	-10.0	-2.5
61.5	1.8123e-05	7.0393e-12	-10.0	-2.5
62.0	1.8124e-05	7.9727e-12	-10.0	-2.5
62.5	1.8125e-05	6.9153e-12	-10.0	-2.5
63.0	1.8125e-05	7.5913e-12	-10.0	-2.5
63.5	1.8125e-05	8.4472e-12	-10.0	-2.5
64.0	1.8129e-05	7.4947e-12	-10.0	-2.5
64.5	1.813e-05	7.6759e-12	-10.0	-2.5
65.0	1.8131e-05	7.1263e-12	-10.0	-2.5
65.5	1.8135e-05	6.7461e-12	-10.0	-2.5
66.0	1.8138e-05	7.627e-12	-10.0	-2.5
66.5	1.8138e-05	7.726e-12	-10.0	-2.5
67.0	1.8139e-05	7.7915e-12	-10.0	-2.5
67.5	1.8145e-05	7.6771e-12	-10.0	-2.5
68.0	1.8146e-05	8.5211e-12	-10.0	-2.5
68.5	1.8145e-05	6.8915e-12	-10.0	-2.5
69.0	1.8144e-05	7.7283e-12	-10.0	-2.5
69.5	1.8149e-05	7.7569e-12	-10.0	-2.5
70.0	1.8154e-05	7.1299e-12	-10.0	-2.5
70.5	1.8153e-05	7.4387e-12	-10.0	-2.5
71.0	1.8157e-05	6.994e-12	-10.0	-2.5
71.5	1.816e-05	7.2253e-12	-10.0	-2.5
72.0	1.8164e-05	8.1313e-12	-10.0	-2.5
72.5	1.8168e-05	7.2515e-12	-10.0	-2.5
73.0	1.8166e-05	7.4577e-12	-10.0	-2.5
73.5	1.8166e-05	7.4625e-12	-10.0	-2.5
74.0	1.8168e-05	7.9811e-12	-10.0	-2.5
74.5	1.8172e-05	7.2968e-12	-10.0	-2.5
75.0	1.8173e-05	7.7569e-12	-10.0	-2.5
75.5	1.8176e-05	7.714e-12	-10.0	-2.5
76.0	1.8177e-05	7.5662e-12	-10.0	-2.5
76.5	1.8178e-05	7.3552e-12	-10.0	-2.5
77.0	1.818e-05	7.1514e-12	-10.0	-2.5
77.5	1.8179e-05	7.5829e-12	-10.0	-2.5
78.0	1.818e-05	7.0512e-12	-10.0	-2.5
78.5	1.8184e-05	7.3099e-12	-10.0	-2.5
79.0	1.8186e-05	7.7617e-12	-10.0	-2.5
79.5	1.8188e-05	6.7306e-12	-10.0	-2.5
80.0	1.8189e-05	7.3147e-12	-10.0	-2.5
80.5	1.8191e-05	7.2408e-12	-10.0	-2.5
81.0	1.8193e-05	7.261e-12	-10.0	-2.5
81.5	1.8195e-05	7.2694e-12	-10.0	-2.5
82.0	1.8195e-05	7.0786e-12	-10.0	-2.5
82.5	1.8197e-05	7.2825e-12	-10.0	-2.5
83.0	1.8196e-05	6.901e-12	-10.0	-2.5
83.5	1.8201e-05	7.7021e-12	-10.0	-2.5
84.0	1.82e-05	6.7294e-12	-10.0	-2.5
84.5	1.8204e-05	7.6675e-12	-10.0	-2.5
85.0	1.8204e-05	6.9904e-12	-10.0	-2.5
85.5	1.8209e-05	7.1096e-12	-10.0	-2.5
86.0	1.8209e-05	7.1347e-12	-10.0	-2.5
86.5	1.8213e-05	7.2145e-12	-10.0	-2.5
87.0	1.8212e-05	7.3969e-12	-10.0	-2.5
87.5	1.8215e-05	7.4828e-12	-10.0	-2.5
88.0	1.8217e-05	7.3588e-12	-10.0	-2.5
88.5	1.8216e-05	7.6675e-12	-10.0	-2.5
89.0	1.822e-05	7.2503e-12	-10.0	-2.5
89.5	1.8223e-05	7.1585e-12	-10.0	-2.5
90.0	1.8223e-05	7.6449e-12	-10.0	-2.5
90.5	1.8224e-05	7.236e-12	-10.0	-2.5
91.0	1.8226e-05	7.0012e-12	-10.0	-2.5
91.5	1.8228e-05	7.0429e-12	-10.0	-2.5
92.0	1.8228e-05	7.441e-12	-10.0	-2.5
92.5	1.8229e-05	8.0872e-12	-10.0	-2.5
93.0	1.8231e-05	7.6592e-12	-10.0	-2.5
93.5	1.8231e-05	7.298e-12	-10.0	-2.5
94.0	1.8233e-05	8.0419e-12	-10.0	-2.5
94.5	1.8235e-05	7.596e-12	-10.0	-2.5
95.0	1.8237e-05	7.9906e-12	-10.0	-2.5
95.5	1.8241e-05	7.7975e-12	-10.0	-2.5
96.0	1.8241e-05	8.0013e-12	-10.0	-2.5
96.5	1.824e-05	8.0109e-12	-10.0	-2.5
97.0	1.8244e-05	7.2813e-12	-10.0	-2.5
97.5	1.8245e-05	8.0252e-12	-10.0	-2.5
98.0	1.8247e-05	8.0335e-12	-10.0	-2.5
98.5	1.8249e-05	7.683e-12	-10.0	-2.5
99.0	1.8251e-05	7.0941e-12	-10.0	-2.5
99.5	1.8252e-05	7.6461e-12	-10.0	-2.5
100.0	1.8255e-05	8.0371e-12	-10.0	-2.5
100.5	1.8257e-05	7.6199e-12	-10.0	-2.5
101.0	1.8256e-05	7.2527e-12	-10.0	-2.5
101.5	1.8258e-05	8.0466e-12	-10.0	-2.5
102.0	1.8262e-05	7.2229e-12	-10.0	-2.5
102.5	1.826e-05	8.1289e-12	-10.0	-2.5
103.0	1.8263e-05	7.3099e-12	-10.0	-2.5
103.5	1.8263e-05	8.1193e-12	-10.0	-2.5
104.0	1.8266e-05	8.2541e-12	-10.0	-2.5
104.5	1.8267e-05	7.7915e-12	-10.0	-2.5
105.0	1.8267e-05	7.453e-12	-10.0	-2.5
105.5	1.8271e-05	7.3683e-12	-10.0	-2.5
106.0	1.8273e-05	8.0037e-12	-10.0	-2.5
106.5	1.8275e-05	6.9332e-12	-10.0	-2.5
107.0	1.8277e-05	6.8903e-12	-10.0	-2.5
107.5	1.8278e-05	7.7665e-12	-10.0	-2.5
108.0	1.8277e-05	8.378e-12	-10.0	-2.5
108.5	1.8281e-05	7.7367e-12	-10.0	-2.5
109.0	1.828e-05	7.6771e-12	-10.0	-2.5
109.5	1.8285e-05	7.3183e-12	-10.0	-2.5
110.0	1.8283e-05	6.9773e-12	-10.0	-2.5
110.5	1.8289e-05	7.2706e-12	-10.0	-2.5
111.0	1.8289e-05	6.9988e-12	-10.0	-2.5
111.5	1.829e-05	7.2694e-12	-10.0	-2.5
112.0	1.8292e-05	8.198e-12	-10.0	-2.5
112.5	1.8292e-05	8.0681e-12	-10.0	-2.5
113.0	1.8296e-05	7.5352e-12	-10.0	-2.5
113.5	1.8295e-05	7.4148e-12	-10.0	-2.5
114.0	1.8297e-05	6.6686e-12	-10.0	-2.5
114.5	1.8297e-05	7.0822e-12	-10.0	-2.5
115.0	1.83e-05	7.5126e-12	-10.0	-2.5
115.5	1.8302e-05	8.2529e-12	-10.0	-2.5
116.0	1.8303e-05	7.3421e-12	-10.0	-2.5
116.5	1.8304e-05	7.4196e-12	-10.0	-2.5
117.0	1.8305e-05	7.4947e-12	-10.0	-2.5
117.5	1.8306e-05	7.8368e-12	-10.0	-2.5
118.0	1.8309e-05	7.6079e-12	-10.0	-2.5
118.5	1.8309e-05	7.7271e-12	-10.0	-2.5
119.0	1.8312e-05	7.534e-12	-10.0	-2.5
119.5	1.8311e-05	7.2706e-12	-10.0	-2.5
120.0	1.8312e-05	2.6133e-11	-10.0	-2.5
120.5	1.8314e-05	9.5524e-11	-10.0	-2.5
121.0	1.8318e-05	9.8933e-11	-10.0	-2.5
121.5	1.8321e-05	9.9737e-11	-10.0	-2.5
122.0	1.8325e-05	9.8923e-11	-10.0	-2.5
122.5	1.8328e-05	9.901e-11	-10.0	-2.5
123.0	1.8335e-05	9.8032e-11	-10.0	-2.5
123.5	1.8335e-05	9.8218e-11	-10.0	-2.5
124.0	1.8341e-05	9.7785e-11	-10.0	-2.5
124.5	1.8346e-05	9.7817e-11	-10.0	-2.5
125.0	1.8344e-05	9.773e-11	-10.0	-2.5
125.5	1.835e-05	9.7294e-11	-10.0	-2.5
126.0	1.8354e-05	9.7071e-11	-10.0	-2.5
126.5	1.8354e-05	9.6776e-11	-10.0	-2.5
127.0	1.8356e-05	9.5901e-11	-10.0	-2.5
127.5	1.836e-05	9.6704e-11	-10.0	-2.5
128.0	1.8366e-05	9.6457e-11	-10.0	-2.5
128.5	1.8372e-05	9.6741e-11	-10.0	-2.5
129.0	1.8377e-05	9.6829e-11	-10.0	-2.5
129.5	1.838e-05	9.6104e-11	-10.0	-2.5
130.0	1.8384e-05	9.5666e-11	-10.0	-2.5
130.5	1.8391e-05	9.5601e-11	-10.0	-2.5
131.0	1.8394e-05	9.5695e-11	-10.0	-2.5
131.5	1.8396e-05	9.5415e-11	-10.0	-2.5
132.0	1.8397e-05	9.5586e-11	-10.0	-2.5
132.5	1.8399e-05	9.5168e-11	-10.0	-2.5
133.0	1.8403e-05	9.581e-11	-10.0	-2.5
133.5	1.8405e-05	9.6064e-11	-10.0	-2.5
134.0	1.8408e-05	9.5714e-11	-10.0	-2.5
134.5	1.8412e-05	9.5406e-11	-10.0	-2.5
135.0	1.8418e-05	9.518e-11	-10.0	-2.5
135.5	1.8417e-05	9.5367e-11	-10.0	-2.5
136.0	1.8423e-05	9.5727e-11	-10.0	-2.5
136.5	1.8427e-05	9.5726e-11	-10.0	-2.5
137.0	1.8428e-05	9.4717e-11	-10.0	-2.5
137.5	1.8434e-05	9.5926e-11	-10.0	-2.5
138.0	1.8438e-05	9.5346e-11	-10.0	-2.5
138.5	1.8439e-05	9.5525e-11	-10.0	-2.5
139.0	1.8443e-05	9.5135e-11	-10.0	-2.5
139.5	1.8442e-05	9.4875e-11	-10.0	-2.5
140.0	1.8447e-05	9.5205e-11	-10.0	-2.5
140.5	1.845e-05	9.4496e-11	-10.0	-2.5
141.0	1.845e-05	9.5439e-11	-10.0	-2.5
141.5	1.8455e-05	9.4789e-11	-10.0	-2.5
142.0	1.8458e-05	9.4953e-11	-10.0	-2.5
142.5	1.8462e-05	9.5351e-11	-10.0	-2.5
143.0	1.8465e-05	9.4714e-11	-10.0	-2.5
143.5	1.847e-05	9.5589e-11	-10.0	-2.5
144.0	1.8466e-05	9.4551e-11	-10.0	-2.5
144.5	1.8469e-05	9.4849e-11	-10.0	-2.5
145.0	1.8473e-05	9.5217e-11	-10.0	-2.5
145.5	1.8475e-05	9.452e-11	-10.0	-2.5
146.0	1.8476e-05	9.4874e-11	-10.0	-2.5
146.5	1.8478e-05	9.5071e-11	-10.0	-2.5
147.0	1.8482e-05	9.4416e-11	-10.0	-2.5
147.5	1.8481e-05	9.5147e-11	-10.0	-2.5
148.0	1.8487e-05	9.4216e-11	-10.0	-2.5
148.5	1.8489e-05	9.5051e-11	-10.0	-2.5
149.0	1.8492e-05	9.4329e-11	-10.0	-2.5
149.5	1.8497e-05	9.482e-11	-10.0	-2.5
150.0	1.8497e-05	9.424e-11	-10.0	-2.5
150.5	1.8497e-05	9.3881e-11	-10.0	-2.5
151.0	1.8501e-05	9.4738e-11	-10.0	-2.5
151.5	1.8504e-05	9.4784e-11	-10.0	-2.5
152.0	1.8504e-05	9.4638e-11	-10.0	-2.5
152.5	1.8508e-05	9.5465e-11	-10.0	-2.5
153.0	1.851e-05	9.4507e-11	-10.0	-2.5
153.5	1.851e-05	9.5106e-11	-10.0	-2.5
154.0	1.8513e-05	9.4907e-11	-10.0	-2.5
154.5	1.8511e-05	9.4096e-11	-10.0	-2.5
155.0	1.8513e-05	9.4633e-11	-10.0	-2.5
155.5	1.8514e-05	9.473e-11	-10.0	-2.5
156.0	1.8515e-05	9.4532e-11	-10.0	-2.5
156.5	1.8517e-05	9.4188e-11	-10.0	-2.5
157.0	1.8517e-05	9.4367e-11	-10.0	-2.5
157.5	1.852e-05	9.4562e-11	-10.0	-2.5
158.0	1.8522e-05	9.4874e-11	-10.0	-2.5
158.5	1.8524e-05	9.4657e-11	-10.0	-2.5
159.0	1.8528e-05	9.4672e-11	-10.0	-2.5
159.5	1.8526e-05	9.4359e-11	-10.0	-2.5
160.0	1.8528e-05	9.4254e-11	-10.0	-2.5
160.5	1.8528e-05	9.4484e-11	-10.0	-2.5
161.0	1.8527e-05	9.3716e-11	-10.0	-2.5
161.5	1.8533e-05	9.4448e-11	-10.0	-2.5
162.0	1.8537e-05	9.4485e-11	-10.0	-2.5
162.5	1.8542e-05	9.423e-11	-10.0	-2.5
163.0	1.8541e-05	9.4204e-11	-10.0	-2.5
163.5	1.8541e-05	9.4347e-11	-10.0	-2.5
164.0	1.8545e-05	9.431e-11	-10.0	-2.5
164.5	1.8546e-05	9.4746e-11	-10.0	-2.5
165.0	1.8546e-05	9.467e-11	-10.0	-2.5
165.5	1.855e-05	9.4372e-11	-10.0	-2.5
166.0	1.8553e-05	9.4242e-11	-10.0	-2.5
166.5	1.855e-05	9.3513e-11	-10.0	-2.5
167.0	1.8555e-05	9.4279e-11	-10.0	-2.5
167.5	1.8556e-05	9.4473e-11	-10.0	-2.5
168.0	1.8555e-05	9.4325e-11	-10.0	-2.5
168.5	1.856e-05	9.4321e-11	-10.0	-2.5
169.0	1.8559e-05	9.423e-11	-10.0	-2.5
169.5	1.8561e-05	9.3654e-11	-10.0	-2.5
170.0	1.8561e-05	9.3794e-11	-10.0	-2.5
170.5	1.8561e-05	9.3996e-11	-10.0	-2.5
171.0	1.8563e-05	9.4433e-11	-10.0	-2.5
171.5	1.8563e-05	9.445e-11	-10.0	-2.5
172.0	1.8561e-05	9.3361e-11	-10.0	-2.5
172.5	1.8567e-05	9.376e-11	-10.0	-2.5
173.0	1.8568e-05	9.4408e-11	-10.0	-2.5
173.5	1.8569e-05	9.3484e-11	-10.0	-2.5
174.0	1.8568e-05	9.4194e-11	-10.0	-2.5
174.5	1.8568e-05	9.4091e-11	-10.0	-2.5
175.0	1.857e-05	9.3435e-11	-10.0	-2.5
175.5	1.8575e-05	9.3803e-11	-10.0	-2.5
176.0	1.8573e-05	9.3907e-11	-10.0	-2.5
176.5	1.8574e-05	9.3958e-11	-10.0	-2.5
177.0	1.8574e-05	9.3292e-11	-10.0	-2.5
177.5	1.8574e-05	9.4088e-11	-10.0	-2.5
178.0	1.8573e-05	9.4476e-11	-10.0	-2.5
178.5	1.8575e-05	9.38e-11	-10.0	-2.5
179.0	1.858e-05	9.3367e-11	-10.0	-2.5
179.5	1.858e-05	9.4029e-11	-10.0	-2.5
180.0	1.8582e-05	9.2176e-11	-10.0	-2.5
180.5	1.8584e-05	5.5432e-13	-10.0	-2.5
181.0	1.8582e-05	7.4005e-12	-10.0	-2.5
181.5	1.8582e-05	8.4281e-12	-10.0	-2.5
182.0	1.8581e-05	9.5308e-12	-10.0	-2.5
182.5	1.8584e-05	9.0873e-12	-10.0	-2.5
183.0	1.8585e-05	9.4247e-12	-10.0	-2.5
183.5	1.8583e-05	9.0694e-12	-10.0	-2.5
184.0	1.8583e-05	8.9312e-12	-10.0	-2.5
184.5	1.8583e-05	9.1648e-12	-10.0	-2.5
185.0	1.8584e-05	8.4901e-12	-10.0	-2.5
185.5	1.8583e-05	9.2852e-12	-10.0	-2.5
186.0	1.8584e-05	9.1398e-12	-10.0	-2.5
186.5	1.8581e-05	8.9276e-12	-10.0	-2.5
187.0	1.8584e-05	8.6296e-12	-10.0	-2.5
187.5	1.8583e-05	9.476e-12	-10.0	-2.5
188.0	1.8585e-05	8.0788e-12	-10.0	-2.5
188.5	1.8583e-05	8.6439e-12	-10.0	-2.5
189.0	1.8582e-05	9.1124e-12	-10.0	-2.5
189.5	1.8583e-05	9.0444e-12	-10.0	-2.5
190.0	1.8583e-05	8.7154e-12	-10.0	-2.5
190.5	1.8581e-05	8.4925e-12	-10.0	-2.5
191.0	1.8582e-05	9.6583e-12	-10.0	-2.5
191.5	1.858e-05	8.9598e-12	-10.0	-2.5
192.0	1.858e-05	8.2684e-12	-10.0	-2.5
192.5	1.8583e-05	9.0087e-12	-10.0	-2.5
193.0	1.8582e-05	8.2457e-12	-10.0	-2.5
193.5	1.8581e-05	8.769e-12	-10.0	-2.5
194.0	1.8581e-05	8.831e-12	-10.0	-2.5
194.5	1.8579e-05	7.987e-12	-10.0	-2.5
195.0	1.8581e-05	8.111e-12	-10.0	-2.5
195.5	1.8584e-05	8.1837e-12	-10.0	-2.5
196.0	1.8583e-05	7.9799e-12	-10.0	-2.5
196.5	1.8582e-05	8.6248e-12	-10.0	-2.5
197.0	1.8583e-05	8.1205e-12	-10.0	-2.5
197.5	1.8582e-05	7.9e-12	-10.0	-2.5
198.0	1.8582e-05	8.3625e-12	-10.0	-2.5
198.5	1.8583e-05	7.4685e-12	-10.0	-2.5
199.0	1.8586e-05	8.074e-12	-10.0	-2.5
199.5	1.8584e-05	7.9584e-12	-10.0	-2.5
200.0	1.8584e-05	8.2648e-12	-10.0	-2.5
200.5	1.8582e-05	7.9358e-12	-10.0	-2.5
201.0	1.8584e-05	7.8297e-12	-10.0	-2.5
201.5	1.8585e-05	8.3709e-12	-10.0	-2.5
202.0	1.8586e-05	7.5936e-12	-10.0	-2.5
202.5	1.8588e-05	7.6592e-12	-10.0	-2.5
203.0	1.8588e-05	8.1158e-12	-10.0	-2.5
203.5	1.8588e-05	8.1992e-12	-10.0	-2.5
204.0	1.8586e-05	8.3399e-12	-10.0	-2.5
204.5	1.8588e-05	8.1134e-12	-10.0	-2.5
205.0	1.859e-05	8.2695e-12	-10.0	-2.5
205.5	1.8586e-05	7.8952e-12	-10.0	-2.5
206.0	1.8584e-05	8.0407e-12	-10.0	-2.5
206.5	1.8585e-05	7.7546e-12	-10.0	-2.5
207.0	1.8586e-05	8.8751e-12	-10.0	-2.5
207.5	1.859e-05	7.8118e-12	-10.0	-2.5
208.0	1.859e-05	7.9382e-12	-10.0	-2.5
208.5	1.859e-05	8.5199e-12	-10.0	-2.5
209.0	1.8588e-05	8.0645e-12	-10.0	-2.5
209.5	1.8585e-05	8.1968e-12	-10.0	-2.5
210.0	1.8589e-05	8.0597e-12	-10.0	-2.5
210.5	1.859e-05	7.441e-12	-10.0	-2.5
211.0	1.8591e-05	8.142e-12	-10.0	-2.5
211.5	1.8588e-05	8.2505e-12	-10.0	-2.5
212.0	1.8587e-05	7.1728e-12	-10.0	-2.5
212.5	1.8589e-05	7.9083e-12	-10.0	-2.5
213.0	1.8591e-05	7.7927e-12	-10.0	-2.5
213.5	1.8591e-05	7.3683e-12	-10.0	-2.5
214.0	1.859e-05	8.2111e-12	-10.0	-2.5
214.5	1.8591e-05	7.8976e-12	-10.0	-2.5
215.0	1.859e-05	8.3768e-12	-10.0	-2.5
215.5	1.8592e-05	7.7558e-12	-10.0	-2.5
216.0	1.8595e-05	7.6091e-12	-10.0	-2.5
216.5	1.8595e-05	7.6377e-12	-10.0	-2.5
217.0	1.8595e-05	7.7486e-12	-10.0	-2.5
217.5	1.8598e-05	7.875e-12	-10.0	-2.5
218.0	1.8595e-05	8.0621e-12	-10.0	-2.5
218.5	1.8595e-05	8.3971e-12	-10.0	-2.5
219.0	1.8595e-05	8.0705e-12	-10.0	-2.5
219.5	1.8597e-05	8.0204e-12	-10.0	-2.5
220.0	1.8596e-05	7.6389e-12	-10.0	-2.5
220.5	1.8596e-05	8.4698e-12	-10.0	-2.5
221.0	1.8594e-05	7.267e-12	-10.0	-2.5
221.5	1.8594e-05	8.4341e-12	-10.0	-2.5
222.0	1.8598e-05	6.7365e-12	-10.0	-2.5
222.5	1.8597e-05	7.8857e-12	-10.0	-2.5
223.0	1.8595e-05	7.9835e-12	-10.0	-2.5
223.5	1.8597e-05	8.2827e-12	-10.0	-2.5
224.0	1.8599e-05	8.5259e-12	-10.0	-2.5
224.5	1.8599e-05	8.4245e-12	-10.0	-2.5
225.0	1.86e-05	8.1706e-12	-10.0	-2.5
225.5	1.8602e-05	8.3017e-12	-10.0	-2.5
226.0	1.8602e-05	8.2731e-12	-10.0	-2.5
226.5	1.8599e-05	7.8595e-12	-10.0	-2.5
227.0	1.8599e-05	7.6664e-12	-10.0	-2.5
227.5	1.86e-05	7.8595e-12	-10.0	-2.5
228.0	1.86e-05	7.8571e-12	-10.0	-2.5
228.5	1.86e-05	8.4281e-12	-10.0	-2.5
229.0	1.86e-05	7.9977e-12	-10.0	-2.5
229.5	1.86e-05	8.3125e-12	-10.0	-2.5
230.0	1.8602e-05	7.8487e-12	-10.0	-2.5
230.5	1.8601e-05	8.1587e-12	-10.0	-2.5
231.0	1.8601e-05	8.3613e-12	-10.0	-2.5
231.5	1.8605e-05	7.6592e-12	-10.0	-2.5
232.0	1.8606e-05	7.4696e-12	-10.0	-2.5
232.5	1.8606e-05	8.6665e-12	-10.0	-2.5
233.0	1.8604e-05	7.6723e-12	-10.0	-2.5
233.5	1.8604e-05	8.4138e-12	-10.0	-2.5
234.0	1.8605e-05	7.9751e-12	-10.0	-2.5
234.5	1.8608e-05	8.5068e-12	-10.0	-2.5
235.0	1.8608e-05	8.4436e-12	-10.0	-2.5
235.5	1.8608e-05	7.9775e-12	-10.0	-2.5
236.0	1.8609e-05	7.6354e-12	-10.0	-2.5
236.5	1.8608e-05	7.782e-12	-10.0	-2.5
237.0	1.8607e-05	7.7546e-12	-10.0	-2.5
237.5	1.861e-05	8.6093e-12	-10.0	-2.5
238.0	1.8608e-05	7.7951e-12	-10.0	-2.5
238.5	1.8609e-05	8.3017e-12	-10.0	-2.5
239.0	1.8611e-05	8.0609e-12	-10.0	-2.5
239.5	1.8609e-05	7.5197e-12	-10.0	-2.5
240.0	1.861e-05	9.5463e-12	-10.0	-2.5
240.5	1.8612e-05	9.0538e-11	-10.0	-2.5
241.0	1.8609e-05	9.6014e-11	-10.0	-2.5
241.5	1.8613e-05	9.6728e-11	-10.0	-2.5
242.0	1.8617e-05	9.6827e-11	-10.0	-2.5
242.5	1.8619e-05	9.7169e-11	-10.0	-2.5
243.0	1.8622e-05	9.6754e-11	-10.0	-2.5
243.5	1.8622e-05	9.6405e-11	-10.0	-2.5
244.0	1.8624e-05	9.6666e-11	-10.0	-2.5
244.5	1.8624e-05	9.5651e-11	-10.0	-2.5
245.0	1.8627e-05	9.5514e-11	-10.0	-2.5
245.5	1.8628e-05	9.6505e-11	-10.0	-2.5
246.0	1.8628e-05	9.5669e-11	-10.0	-2.5
246.5	1.8631e-05	9.5867e-11	-10.0	-2.5
247.0	1.8637e-05	9.57e-11	-10.0	-2.5
247.5	1.8638e-05	9.5725e-11	-10.0	-2.5
248.0	1.8641e-05	9.5587e-11	-10.0	-2.5
248.5	1.8644e-05	9.5487e-11	-10.0	-2.5
249.0	1.8645e-05	9.5414e-11	-10.0	-2.5
249.5	1.8647e-05	9.5626e-11	-10.0	-2.5
250.0	1.8647e-05	9.5757e-11	-10.0	-2.5
250.5	1.8648e-05	9.5487e-11	-10.0	-2.5
251.0	1.865e-05	9.596e-11	-10.0	-2.5
251.5	1.8657e-05	9.5342e-11	-10.0	-2.5
252.0	1.8657e-05	9.4916e-11	-10.0	-2.5
252.5	1.866e-05	9.5271e-11	-10.0	-2.5
253.0	1.8663e-05	9.5568e-11	-10.0	-2.5
253.5	1.8664e-05	9.5063e-11	-10.0	-2.5
254.0	1.8663e-05	9.5347e-11	-10.0	-2.5
254.5	1.8666e-05	9.5209e-11	-10.0	-2.5
255.0	1.8667e-05	9.5235e-11	-10.0	-2.5
255.5	1.8671e-05	9.4934e-11	-10.0	-2.5
256.0	1.8674e-05	9.5485e-11	-10.0	-2.5
256.5	1.8675e-05	9.5089e-11	-10.0	-2.5
257.0	1.8674e-05	9.5121e-11	-10.0	-2.5
257.5	1.8674e-05	9.4945e-11	-10.0	-2.5
258.0	1.8676e-05	9.4951e-11	-10.0	-2.5
258.5	1.8681e-05	9.4957e-11	-10.0	-2.5
259.0	1.8684e-05	9.4655e-11	-10.0	-2.5
259.5	1.8685e-05	9.4548e-11	-10.0	-2.5
260.0	1.8686e-05	9.5618e-11	-10.0	-2.5
260.5	1.8685e-05	9.4879e-11	-10.0	-2.5
261.0	1.8685e-05	9.4878e-11	-10.0	-2.5
261.5	1.8686e-05	9.4416e-11	-10.0	-2.5
262.0	1.8688e-05	9.4183e-11	-10.0	-2.5
262.5	1.8687e-05	9.4836e-11	-10.0	-2.5
263.0	1.8688e-05	9.4228e-11	-10.0	-2.5
263.5	1.8688e-05	9.5072e-11	-10.0	-2.5
264.0	1.8691e-05	9.4796e-11	-10.0	-2.5
264.5	1.869e-05	9.4225e-11	-10.0	-2.5
265.0	1.8693e-05	9.4575e-11	-10.0	-2.5
265.5	1.8697e-05	9.477e-11	-10.0	-2.5
266.0	1.8697e-05	9.531e-11	-10.0	-2.5
266.5	1.8698e-05	9.4849e-11	-10.0	-2.5
267.0	1.8697e-05	9.4839e-11	-10.0	-2.5
267.5	1.8697e-05	9.5253e-11	-10.0	-2.5
268.0	1.8696e-05	9.3867e-11	-10.0	-2.5
268.5	1.8696e-05	9.4948e-11	-10.0	-2.5
269.0	1.8698e-05	9.4591e-11	-10.0	-2.5
269.5	1.8699e-05	9.4665e-11	-10.0	-2.5
270.0	1.8701e-05	9.452e-11	-10.0	-2.5
270.5	1.8702e-05	9.4501e-11	-10.0	-2.5
271.0	1.87e-05	9.3912e-11	-10.0	-2.5
271.5	1.8702e-05	9.3991e-11	-10.0	-2.5
272.0	1.8702e-05	9.4694e-11	-10.0	-2.5
272.5	1.8699e-05	9.4746e-11	-10.0	-2.5
273.0	1.8701e-05	9.4091e-11	-10.0	-2.5
273.5	1.8701e-05	9.4562e-11	-10.0	-2.5
274.0	1.8704e-05	9.454e-11	-10.0	-2.5
274.5	1.8705e-05	9.4198e-11	-10.0	-2.5
275.0	1.8702e-05	9.3925e-11	-10.0	-2.5
275.5	1.8708e-05	9.4513e-11	-10.0	-2.5
276.0	1.8711e-05	9.4053e-11	-10.0	-2.5
276.5	1.8708e-05	9.449e-11	-10.0	-2.5
277.0	1.8711e-05	9.4073e-11	-10.0	-2.5
277.5	1.8711e-05	9.4137e-11	-10.0	-2.5
278.0	1.8708e-05	9.4064e-11	-10.0	-2.5
278.5	1.8707e-05	9.3727e-11	-10.0	-2.5
279.0	1.8709e-05	9.4191e-11	-10.0	-2.5
279.5	1.8707e-05	9.4156e-11	-10.0	-2.5
280.0	1.8704e-05	9.4177e-11	-10.0	-2.5
280.5	1.8705e-05	9.3743e-11	-10.0	-2.5
281.0	1.8708e-05	9.4168e-11	-10.0	-2.5
281.5	1.8707e-05	9.3474e-11	-10.0	-2.5
282.0	1.871e-05	9.4347e-11	-10.0	-2.5
282.5	1.8713e-05	9.3468e-11	-10.0	-2.5
283.0	1.8713e-05	9.3654e-11	-10.0	-2.5
283.5	1.8713e-05	9.3915e-11	-10.0	-2.5
284.0	1.8714e-05	9.326e-11	-10.0	-2.5
284.5	1.8712e-05	9.4239e-11	-10.0	-2.5
285.0	1.8709e-05	9.3585e-11	-10.0	-2.5
285.5	1.8708e-05	9.3762e-11	-10.0	-2.5
286.0	1.871e-05	9.3396e-11	-10.0	-2.5
286.5	1.8711e-05	9.3167e-11	-10.0	-2.5
287.0	1.8712e-05	9.3424e-11	-10.0	-2.5
287.5	1.8709e-05	9.3678e-11	-10.0	-2.5
288.0	1.8713e-05	9.3584e-11	-10.0	-2.5
288.5	1.8716e-05	9.4379e-11	-10.0	-2.5
289.0	1.8715e-05	9.3525e-11	-10.0	-2.5
289.5	1.8714e-05	9.3712e-11	-10.0	-2.5
290.0	1.8715e-05	9.3979e-11	-10.0	-2.5
290.5	1.8715e-05	9.2825e-11	-10.0	-2.5
291.0	1.8714e-05	9.3656e-11	-10.0	-2.5
291.5	1.8715e-05	9.2912e-11	-10.0	-2.5
292.0	1.8712e-05	9.3677e-11	-10.0	-2.5
292.5	1.8712e-05	9.3169e-11	-10.0	-2.5
293.0	1.8714e-05	9.3589e-11	-10.0	-2.5
293.5	1.8718e-05	9.3166e-11	-10.0	-2.5
294.0	1.8718e-05	9.3564e-11	-10.0	-2.5
294.5	1.8716e-05	9.4255e-11	-10.0	-2.5
295.0	1.8714e-05	9.3457e-11	-10.0	-2.5
295.5	1.8717e-05	9.3398e-11	-10.0	-2.5
296.0	1.8716e-05	9.4e-11	-10.0	-2.5
296.5	1.8715e-05	9.3913e-11	-10.0	-2.5
297.0	1.8714e-05	9.3522e-11	-10.0	-2.5
297.5	1.8716e-05	9.3628e-11	-10.0	-2.5
298.0	1.8715e-05	9.3081e-11	-10.0	-2.5
298.5	1.8718e-05	9.3828e-11	-10.0	-2.5
299.0	1.872e-05	9.3658e-11	-10.0	-2.5
299.5	1.8718e-05	9.3513e-11	-10.0	-2.5
300.0	1.8719e-05	9.1704e-11	-10.0	-2.5
300.5	1.8715e-05	9.1195e-13	-10.0	-2.5
301.0	1.8717e-05	6.9213e-12	-10.0	-2.5
301.5	1.8716e-05	7.534e-12	-10.0	-2.5
302.0	1.8713e-05	9.4712e-12	-10.0	-2.5
302.5	1.8714e-05	9.3746e-12	-10.0	-2.5
303.0	1.8714e-05	9.2542e-12	-10.0	-2.5
303.5	1.8713e-05	9.4712e-12	-10.0	-2.5
304.0	1.8711e-05	9.7978e-12	-10.0	-2.5
304.5	1.8713e-05	9.098e-12	-10.0	-2.5
305.0	1.8715e-05	8.9192e-12	-10.0	-2.5
305.5	1.8715e-05	8.7452e-12	-10.0	-2.5
306.0	1.8714e-05	9.0933e-12	-10.0	-2.5
306.5	1.8713e-05	8.9812e-12	-10.0	-2.5
307.0	1.8715e-05	8.7738e-12	-10.0	-2.5
307.5	1.8712e-05	9.7251e-12	-10.0	-2.5
308.0	1.8711e-05	8.9788e-12	-10.0	-2.5
308.5	1.8712e-05	8.7202e-12	-10.0	-2.5
309.0	1.8709e-05	8.8596e-12	-10.0	-2.5
309.5	1.8712e-05	9.5093e-12	-10.0	-2.5
310.0	1.871e-05	8.3923e-12	-10.0	-2.5
310.5	1.8712e-05	9.0432e-12	-10.0	-2.5
311.0	1.871e-05	8.359e-12	-10.0	-2.5
311.5	1.8707e-05	8.3077e-12	-10.0	-2.5
312.0	1.8708e-05	9.1505e-12	-10.0	-2.5
312.5	1.8707e-05	9.0301e-12	-10.0	-2.5
313.0	1.8706e-05	8.9932e-12	-10.0	-2.5
313.5	1.8704e-05	8.3137e-12	-10.0	-2.5
314.0	1.8706e-05	9.1219e-12	-10.0	-2.5
314.5	1.8705e-05	8.4972e-12	-10.0	-2.5
315.0	1.8704e-05	8.26e-12	-10.0	-2.5
315.5	1.8705e-05	8.558e-12	-10.0	-2.5
316.0	1.8702e-05	8.3375e-12	-10.0	-2.5
316.5	1.8702e-05	8.5259e-12	-10.0	-2.5
317.0	1.8703e-05	8.465e-12	-10.0	-2.5
317.5	1.8703e-05	8.1313e-12	-10.0	-2.5
318.0	1.8704e-05	7.875e-12	-10.0	-2.5
318.5	1.8703e-05	7.8309e-12	-10.0	-2.5
319.0	1.8705e-05	9.2232e-12	-10.0	-2.5
319.5	1.8702e-05	7.9071e-12	-10.0	-2.5
320.0	1.8703e-05	8.6629e-12	-10.0	-2.5
320.5	1.8703e-05	8.5473e-12	-10.0	-2.5
321.0	1.8702e-05	7.323e-12	-10.0	-2.5
321.5	1.8704e-05	8.6403e-12	-10.0	-2.5
322.0	1.8705e-05	8.5759e-12	-10.0	-2.5
322.5	1.8702e-05	7.4589e-12	-10.0	-2.5
323.0	1.8702e-05	8.2171e-12	-10.0	-2.5
323.5	1.8704e-05	8.0836e-12	-10.0	-2.5
324.0	1.8702e-05	8.8441e-12	-10.0	-2.5
324.5	1.8704e-05	8.0323e-12	-10.0	-2.5
325.0	1.8704e-05	8.2135e-12	-10.0	-2.5
325.5	1.8703e-05	8.1456e-12	-10.0	-2.5
326.0	1.8705e-05	9.5212e-12	-10.0	-2.5
326.5	1.8705e-05	8.8906e-12	-10.0	-2.5
327.0	1.8706e-05	8.7726e-12	-10.0	-2.5
327.5	1.8705e-05	8.3041e-12	-10.0	-2.5
328.0	1.8705e-05	8.564e-12	-10.0	-2.5
328.5	1.8707e-05	8.9335e-12	-10.0	-2.5
329.0	1.8708e-05	8.4209e-12	-10.0	-2.5
329.5	1.8707e-05	8.4519e-12	-10.0	-2.5
330.0	1.8707e-05	8.6415e-12	-10.0	-2.5
330.5	1.8704e-05	8.3113e-12	-10.0	-2.5
331.0	1.8704e-05	8.2004e-12	-10.0	-2.5
331.5	1.8707e-05	8.7309e-12	-10.0	-2.5
332.0	1.8706e-05	8.893e-12	-10.0	-2.5
332.5	1.8704e-05	8.2111e-12	-10.0	-2.5
333.0	1.8705e-05	7.9286e-12	-10.0	-2.5
333.5	1.8707e-05	8.6021e-12	-10.0	-2.5
334.0	1.8702e-05	8.6355e-12	-10.0	-2.5
334.5	1.8702e-05	7.987e-12	-10.0	-2.5
335.0	1.8704e-05	8.7404e-12	-10.0	-2.5
335.5	1.8704e-05	8.9169e-12	-10.0	-2.5
336.0	1.8709e-05	8.5473e-12	-10.0	-2.5
336.5	1.8709e-05	7.3981e-12	-10.0	-2.5
337.0	1.8707e-05	8.6057e-12	-10.0	-2.5
337.5	1.8705e-05	8.5068e-12	-10.0	-2.5
338.0	1.8704e-05	7.571e-12	-10.0	-2.5
338.5	1.8703e-05	7.7486e-12	-10.0	-2.5
339.0	1.8703e-05	8.3756e-12	-10.0	-2.5
339.5	1.8707e-05	8.44e-12	-10.0	-2.5
340.0	1.8704e-05	7.9215e-12	-10.0	-2.5
340.5	1.8707e-05	8.8966e-12	-10.0	-2.5
341.0	1.8706e-05	8.5509e-12	-10.0	-2.5
341.5	1.8706e-05	8.359e-12	-10.0	-2.5
342.0	1.8708e-05	7.7927e-12	-10.0	-2.5
342.5	1.8706e-05	8.2886e-12	-10.0	-2.5
343.0	1.8708e-05	8.0252e-12	-10.0	-2.5
343.5	1.871e-05	7.7307e-12	-10.0	-2.5
344.0	1.8711e-05	8.7333e-12	-10.0	-2.5
344.5	1.8712e-05	8.0669e-12	-10.0	-2.5
345.0	1.8711e-05	8.2648e-12	-10.0	-2.5
345.5	1.8709e-05	8.0025e-12	-10.0	-2.5
346.0	1.8711e-05	7.6806e-12	-10.0	-2.5
346.5	1.8711e-05	8.6761e-12	-10.0	-2.5
347.0	1.8714e-05	8.1277e-12	-10.0	-2.5
347.5	1.8711e-05	8.4519e-12	-10.0	-2.5
348.0	1.8713e-05	8.3458e-12	-10.0	-2.5
348.5	1.871e-05	8.08e-12	-10.0	-2.5
349.0	1.8713e-05	8.1527e-12	-10.0	-2.5
349.5	1.8713e-05	7.9811e-12	-10.0	-2.5
350.0	1.8713e-05	7.9799e-12	-10.0	-2.5
350.5	1.8714e-05	8.3744e-12	-10.0	-2.5
351.0	1.8713e-05	8.4341e-12	-10.0	-2.5
351.5	1.8713e-05	8.3292e-12	-10.0	-2.5
352.0	1.8715e-05	7.8785e-12	-10.0	-2.5
352.5	1.8716e-05	8.0872e-12	-10.0	-2.5
353.0	1.8716e-05	8.3256e-12	-10.0	-2.5
353.5	1.8717e-05	7.6747e-12	-10.0	-2.5
354.0	1.8716e-05	8.105e-12	-10.0	-2.5
354.5	1.8717e-05	8.0466e-12	-10.0	-2.5
355.0	1.8717e-05	7.8714e-12	-10.0	-2.5
355.5	1.8716e-05	8.5068e-12	-10.0	-2.5
356.0	1.8715e-05	8.5592e-12	-10.0	-2.5
356.5	1.8722e-05	7.4375e-12	-10.0	-2.5
357.0	1.8718e-05	6.9451e-12	-10.0	-2.5
357.5	1.8719e-05	7.726e-12	-10.0	-2.5
358.0	1.8717e-05	8.0574e-12	-10.0	-2.5
358.5	1.8722e-05	7.8523e-12	-10.0	-2.5
359.0	1.8719e-05	8.4531e-12	-10.0	-2.5
359.5	1.8718e-05	7.8428e-12	-10.0	-2.5
360.0	1.8719e-05	8.297e-13	-10.0	-2.5
360.5	1.8721e-05	9.4008e-11	-10.0	-2.5
361.0	1.8721e-05	9.7333e-11	-10.0	-2.5
361.5	1.8724e-05	9.8316e-11	-10.0	-2.5
362.0	1.8725e-05	9.8155e-11	-10.0	-2.5
362.5	1.8731e-05	9.7694e-11	-10.0	-2.5
363.0	1.8732e-05	9.7307e-11	-10.0	-2.5
363.5	1.8733e-05	9.6538e-11	-10.0	-2.5
364.0	1.8735e-05	9.7071e-11	-10.0	-2.5
364.5	1.874e-05	9.6934e-11	-10.0	-2.5
365.0	1.8742e-05	9.6887e-11	-10.0	-2.5
365.5	1.8744e-05	9.6261e-11	-10.0	-2.5
366.0	1.8744e-05	9.6003e-11	-10.0	-2.5
366.5	1.8745e-05	9.5719e-11	-10.0	-2.5
367.0	1.8746e-05	9.5961e-11	-10.0	-2.5
367.5	1.8748e-05	9.5696e-11	-10.0	-2.5
368.0	1.875e-05	9.594e-11	-10.0	-2.5
368.5	1.8752e-05	9.585e-11	-10.0	-2.5
369.0	1.8755e-05	9.4714e-11	-10.0	-2.5
369.5	1.8759e-05	9.5229e-11	-10.0	-2.5
370.0	1.8756e-05	9.5155e-11	-10.0	-2.5
370.5	1.8759e-05	9.5025e-11	-10.0	-2.5
371.0	1.876e-05	9.5244e-11	-10.0	-2.5
371.5	1.8764e-05	9.573e-11	-10.0	-2.5
372.0	1.8763e-05	9.5282e-11	-10.0	-2.5
372.5	1.8763e-05	9.4904e-11	-10.0	-2.5
373.0	1.8766e-05	9.5183e-11	-10.0	-2.5
373.5	1.8768e-05	9.477e-11	-10.0	-2.5
374.0	1.8767e-05	9.496e-11	-10.0	-2.5
374.5	1.8766e-05	9.5063e-11	-10.0	-2.5
375.0	1.8771e-05	9.47e-11	-10.0	-2.5
375.5	1.8771e-05	9.4849e-11	-10.0	-2.5
376.0	1.8774e-05	9.5133e-11	-10.0	-2.5
376.5	1.8774e-05	9.5136e-11	-10.0	-2.5
377.0	1.8776e-05	9.4355e-11	-10.0	-2.5
377.5	1.8776e-05	9.4569e-11	-10.0	-2.5
378.0	1.8777e-05	9.3578e-11	-10.0	-2.5
378.5	1.8779e-05	9.4072e-11	-10.0	-2.5
379.0	1.8781e-05	9.4897e-11	-10.0	-2.5
379.5	1.8781e-05	9.4577e-11	-10.0	-2.5
380.0	1.8782e-05	9.4222e-11	-10.0	-2.5
380.5	1.8782e-05	9.4269e-11	-10.0	-2.5
381.0	1.8783e-05	9.4938e-11	-10.0	-2.5
381.5	1.8781e-05	9.4607e-11	-10.0	-2.5
382.0	1.8782e-05	9.4097e-11	-10.0	-2.5
382.5	1.8783e-05	9.4782e-11	-10.0	-2.5
383.0	1.8782e-05	9.4453e-11	-10.0	-2.5
383.5	1.8785e-05	9.4086e-11	-10.0	-2.5
384.0	1.8785e-05	9.4312e-11	-10.0	-2.5
384.5	1.8786e-05	9.401e-11	-10.0	-2.5
385.0	1.8783e-05	9.4132e-11	-10.0	-2.5
385.5	1.8786e-05	9.4048e-11	-10.0	-2.5
386.0	1.879e-05	9.4652e-11	-10.0	-2.5
386.5	1.8787e-05	9.4199e-11	-10.0	-2.5
387.0	1.8787e-05	9.429e-11	-10.0	-2.5
387.5	1.8787e-05	9.4162e-11	-10.0	-2.5
388.0	1.8787e-05	9.45e-11	-10.0	-2.5
388.5	1.879e-05	9.4168e-11	-10.0	-2.5
389.0	1.8792e-05	9.4149e-11	-10.0	-2.5
389.5	1.8794e-05	9.5081e-11	-10.0	-2.5
390.0	1.879e-05	9.4575e-11	-10.0	-2.5
390.5	1.879e-05	9.4495e-11	-10.0	-2.5
391.0	1.8795e-05	9.3549e-11	-10.0	-2.5
391.5	1.8795e-05	9.4441e-11	-10.0	-2.5
392.0	1.8797e-05	9.3925e-11	-10.0	-2.5
392.5	1.8796e-05	9.4395e-11	-10.0	-2.5
393.0	1.8795e-05	9.3988e-11	-10.0	-2.5
393.5	1.8797e-05	9.3688e-11	-10.0	-2.5
394.0	1.8795e-05	9.3737e-11	-10.0	-2.5
394.5	1.8798e-05	9.3636e-11	-10.0	-2.5
395.0	1.8799e-05	9.348e-11	-10.0	-2.5
395.5	1.8798e-05	9.4347e-11	-10.0	-2.5
396.0	1.88e-05	9.3893e-11	-10.0	-2.5
396.5	1.88e-05	9.3527e-11	-10.0	-2.5
397.0	1.8801e-05	9.4542e-11	-10.0	-2.5
397.5	1.8802e-05	9.3901e-11	-10.0	-2.5
398.0	1.88e-05	9.375e-11	-10.0	-2.5
398.5	1.8801e-05	9.3776e-11	-10.0	-2.5
399.0	1.8802e-05	9.4044e-11	-10.0	-2.5
399.5	1.8804e-05	9.3794e-11	-10.0	-2.5
400.0	1.8803e-05	9.3821e-11	-10.0	-2.5
400.5	1.8801e-05	9.364e-11	-10.0	-2.5
401.0	1.8801e-05	9.335e-11	-10.0	-2.5
401.5	1.8804e-05	9.4125e-11	-10.0	-2.5
402.0	1.8801e-05	9.4082e-11	-10.0	-2.5
402.5	1.88e-05	9.347e-11	-10.0	-2.5
403.0	1.8803e-05	9.3338e-11	-10.0	-2.5
403.5	1.8804e-05	9.3372e-11	-10.0	-2.5
404.0	1.8805e-05	9.3387e-11	-10.0	-2.5
404.5	1.8807e-05	9.3539e-11	-10.0	-2.5
405.0	1.8809e-05	9.3743e-11	-10.0	-2.5
405.5	1.8805e-05	9.3932e-11	-10.0	-2.5
406.0	1.8804e-05	9.351e-11	-10.0	-2.5
406.5	1.88e-05	9.3164e-11	-10.0	-2.5
407.0	1.8803e-05	9.3823e-11	-10.0	-2.5
407.5	1.8802e-05	9.2875e-11	-10.0	-2.5
408.0	1.8801e-05	9.3507e-11	-10.0	-2.5
408.5	1.8806e-05	9.3948e-11	-10.0	-2.5
409.0	1.8805e-05	9.3421e-11	-10.0	-2.5
409.5	1.8806e-05	9.3372e-11	-10.0	-2.5
410.0	1.8805e-05	9.3646e-11	-10.0	-2.5
410.5	1.8807e-05	9.3929e-11	-10.0	-2.5
411.0	1.8805e-05	9.3364e-11	-10.0	-2.5
411.5	1.8808e-05	9.3265e-11	-10.0	-2.5
412.0	1.8811e-05	9.3638e-11	-10.0	-2.5
412.5	1.8807e-05	9.3147e-11	-10.0	-2.5
413.0	1.8806e-05	9.3125e-11	-10.0	-2.5
413.5	1.8809e-05	9.3431e-11	-10.0	-2.5
414.0	1.8808e-05	9.2796e-11	-10.0	-2.5
414.5	1.881e-05	9.2883e-11	-10.0	-2.5
415.0	1.8808e-05	9.3248e-11	-10.0	-2.5
415.5	1.8806e-05	9.36e-11	-10.0	-2.5
416.0	1.8808e-05	9.334e-11	-10.0	-2.5
416.5	1.8806e-05	9.3479e-11	-10.0	-2.5
417.0	1.8805e-05	9.3352e-11	-10.0	-2.5
417.5	1.8802e-05	9.3543e-11	-10.0	-2.5
418.0	1.88e-05	9.3558e-11	-10.0	-2.5
418.5	1.8799e-05	9.3356e-11	-10.0	-2.5
419.0	1.88e-05	9.3182e-11	-10.0	-2.5
419.5	1.8796e-05	9.3532e-11	-10.0	-2.5
420.0	1.8799e-05	9.0463e-11	-10.0	-2.5
420.5	1.8797e-05	2.2852e-12	-10.0	-2.5
421.0	1.8799e-05	7.6962e-12	-10.0	-2.5
421.5	1.8798e-05	8.8608e-12	-10.0	-2.5
422.0	1.8797e-05	8.7655e-12	-10.0	-2.5
422.5	1.8797e-05	9.2125e-12	-10.0	-2.5
423.0	1.8797e-05	8.6296e-12	-10.0	-2.5
423.5	1.88e-05	9.3925e-12	-10.0	-2.5
424.0	1.8795e-05	9.0885e-12	-10.0	-2.5
424.5	1.8799e-05	8.6463e-12	-10.0	-2.5
425.0	1.8799e-05	8.8859e-12	-10.0	-2.5
425.5	1.8803e-05	8.7178e-12	-10.0	-2.5
426.0	1.8799e-05	8.744e-12	-10.0	-2.5
426.5	1.8801e-05	9.1028e-12	-10.0	-2.5
427.0	1.8799e-05	8.5259e-12	-10.0	-2.5
427.5	1.8798e-05	8.5008e-12	-10.0	-2.5
428.0	1.8798e-05	9.0742e-12	-10.0	-2.5
428.5	1.8795e-05	8.4508e-12	-10.0	-2.5
429.0	1.8795e-05	8.4794e-12	-10.0	-2.5
429.5	1.8794e-05	9.2006e-12	-10.0	-2.5
430.0	1.879e-05	8.8799e-12	-10.0	-2.5
430.5	1.8791e-05	8.4841e-12	-10.0	-2.5
431.0	1.8792e-05	7.9763e-12	-10.0	-2.5
431.5	1.8787e-05	8.4281e-12	-10.0	-2.5
432.0	1.8788e-05	9.073e-12	-10.0	-2.5
432.5	1.8787e-05	8.2362e-12	-10.0	-2.5
433.0	1.8786e-05	8.4293e-12	-10.0	-2.5
433.5	1.8788e-05	8.6474e-12	-10.0	-2.5
434.0	1.8788e-05	8.1933e-12	-10.0	-2.5
434.5	1.8786e-05	8.6439e-12	-10.0	-2.5
435.0	1.8786e-05	8.5318e-12	-10.0	-2.5
435.5	1.8787e-05	8.1944e-12	-10.0	-2.5
436.0	1.8781e-05	8.7953e-12	-10.0	-2.5
436.5	1.8781e-05	8.7738e-12	-10.0	-2.5
437.0	1.8781e-05	8.3554e-12	-10.0	-2.5
437.5	1.8778e-05	8.5998e-12	-10.0	-2.5
438.0	1.8781e-05	8.2481e-12	-10.0	-2.5
438.5	1.878e-05	8.3148e-12	-10.0	-2.5
439.0	1.8781e-05	9.3007e-12	-10.0	-2.5
439.5	1.8781e-05	7.5173e-12	-10.0	-2.5
440.0	1.8781e-05	8.2839e-12	-10.0	-2.5
440.5	1.8781e-05	8.7011e-12	-10.0	-2.5
441.0	1.8783e-05	8.2958e-12	-10.0	-2.5
441.5	1.878e-05	8.2505e-12	-10.0	-2.5
442.0	1.8782e-05	8.6415e-12	-10.0	-2.5
442.5	1.878e-05	7.875e-12	-10.0	-2.5
443.0	1.8782e-05	8.4639e-12	-10.0	-2.5
443.5	1.8781e-05	7.9238e-12	-10.0	-2.5
444.0	1.8778e-05	8.4031e-12	-10.0	-2.5
444.5	1.8778e-05	8.6653e-12	-10.0	-2.5
445.0	1.878e-05	8.4305e-12	-10.0	-2.5
445.5	1.8782e-05	8.6021e-12	-10.0	-2.5
446.0	1.8783e-05	8.0848e-12	-10.0	-2.5
446.5	1.8785e-05	8.2076e-12	-10.0	-2.5
447.0	1.8785e-05	8.8584e-12	-10.0	-2.5
447.5	1.8781e-05	8.1003e-12	-10.0	-2.5
448.0	1.8781e-05	8.1217e-12	-10.0	-2.5
448.5	1.8782e-05	8.4698e-12	-10.0	-2.5
449.0	1.8784e-05	8.4543e-12	-10.0	-2.5
449.5	1.8784e-05	8.1241e-12	-10.0	-2.5
450.0	1.8785e-05	8.8632e-12	-10.0	-2.5
450.5	1.8785e-05	8.7011e-12	-10.0	-2.5
451.0	1.8787e-05	8.2886e-12	-10.0	-2.5
451.5	1.8785e-05	8.353e-12	-10.0	-2.5
452.0	1.8779e-05	8.4829e-12	-10.0	-2.5
452.5	1.8782e-05	8.4639e-12	-10.0	-2.5
453.0	1.8782e-05	8.2171e-12	-10.0	-2.5
453.5	1.8785e-05	7.5507e-12	-10.0	-2.5
454.0	1.8785e-05	9.1791e-12	-10.0	-2.5
454.5	1.8785e-05	8.1146e-12	-10.0	-2.5
455.0	1.8786e-05	8.3375e-12	-10.0	-2.5
455.5	1.8787e-05	7.8559e-12	-10.0	-2.5
456.0	1.8786e-05	8.6105e-12	-10.0	-2.5
456.5	1.8781e-05	8.9395e-12	-10.0	-2.5
457.0	1.8784e-05	8.3029e-12	-10.0	-2.5
457.5	1.8785e-05	7.9107e-12	-10.0	-2.5
458.0	1.8786e-05	8.4293e-12	-10.0	-2.5
458.5	1.8786e-05	8.316e-12	-10.0	-2.5
459.0	1.879e-05	8.2576e-12	-10.0	-2.5
459.5	1.8788e-05	8.5676e-12	-10.0	-2.5
460.0	1.8784e-05	7.3016e-12	-10.0	-2.5
460.5	1.8786e-05	8.2541e-12	-10.0	-2.5
461.0	1.8784e-05	8.0478e-12	-10.0	-2.5
461.5	1.8785e-05	8.9586e-12	-10.0	-2.5
462.0	1.8785e-05	8.1408e-12	-10.0	-2.5
462.5	1.8788e-05	8.2302e-12	-10.0	-2.5
463.0	1.8786e-05	8.2195e-12	-10.0	-2.5
463.5	1.8787e-05	8.6963e-12	-10.0	-2.5
464.0	1.8785e-05	8.1694e-12	-10.0	-2.5
464.5	1.8788e-05	8.6474e-12	-10.0	-2.5
465.0	1.8788e-05	7.4983e-12	-10.0	-2.5
465.5	1.8787e-05	8.1885e-12	-10.0	-2.5
466.0	1.879e-05	8.2707e-12	-10.0	-2.5
466.5	1.8787e-05	8.1635e-12	-10.0	-2.5
467.0	1.8792e-05	8.3899e-12	-10.0	-2.5
467.5	1.8794e-05	8.6701e-12	-10.0	-2.5
468.0	1.8795e-05	8.7857e-12	-10.0	-2.5
468.5	1.8795e-05	8.3268e-12	-10.0	-2.5
469.0	1.8793e-05	7.7164e-12	-10.0	-2.5
469.5	1.8789e-05	8.3339e-12	-10.0	-2.5
470.0	1.879e-05	7.875e-12	-10.0	-2.5
470.5	1.8792e-05	8.5127e-12	-10.0	-2.5
471.0	1.8794e-05	8.0669e-12	-10.0	-2.5
471.5	1.8791e-05	8.4221e-12	-10.0	-2.5
472.0	1.8792e-05	8.2886e-12	-10.0	-2.5
472.5	1.8796e-05	8.3375e-12	-10.0	-2.5
473.0	1.8794e-05	9.1088e-12	-10.0	-2.5
473.5	1.8793e-05	7.6556e-12	-10.0	-2.5
474.0	1.8791e-05	8.7214e-12	-10.0	-2.5
474.5	1.8793e-05	7.8213e-12	-10.0	-2.5
475.0	1.8796e-05	8.1956e-12	-10.0	-2.5
475.5	1.8796e-05	8.2922e-12	-10.0	-2.5
476.0	1.8797e-05	8.6904e-12	-10.0	-2.5
476.5	1.8796e-05	8.5127e-12	-10.0	-2.5
477.0	1.8795e-05	7.3278e-12	-10.0	-2.5
477.5	1.88e-05	8.3578e-12	-10.0	-2.5
478.0	1.8799e-05	7.8726e-12	-10.0	-2.5
478.5	1.8795e-05	8.3899e-12	-10.0	-2.5
479.0	1.8795e-05	8.2421e-12	-10.0	-2.5
479.5	1.8795e-05	8.2898e-12	-10.0	-2.5
480.0	1.8794e-05	7.5567e-12	-10.0	-2.5
480.5	1.8795e-05	8.9315e-11	-10.0	-2.5
481.0	1.8797e-05	9.5627e-11	-10.0	-2.5
481.5	1.8799e-05	9.642e-11	-10.0	-2.5
482.0	1.88e-05	9.6611e-11	-10.0	-2.5
482.5	1.8799e-05	9.6684e-11	-10.0	-2.5
483.0	1.8804e-05	9.6226e-11	-10.0	-2.5
483.5	1.8805e-05	9.6271e-11	-10.0	-2.5
484.0	1.8808e-05	9.5811e-11	-10.0	-2.5
484.5	1.8808e-05	9.6132e-11	-10.0	-2.5
485.0	1.881e-05	9.4488e-11	-10.0	-2.5
485.5	1.8812e-05	9.5425e-11	-10.0	-2.5
486.0	1.8815e-05	9.5854e-11	-10.0	-2.5
486.5	1.8815e-05	9.4649e-11	-10.0	-2.5
487.0	1.882e-05	9.5477e-11	-10.0	-2.5
487.5	1.8819e-05	9.4816e-11	-10.0	-2.5
488.0	1.8816e-05	9.4686e-11	-10.0	-2.5
488.5	1.8819e-05	9.5505e-11	-10.0	-2.5
489.0	1.8821e-05	9.4951e-11	-10.0	-2.5
489.5	1.8824e-05	9.4482e-11	-10.0	-2.5
490.0	1.8826e-05	9.4845e-11	-10.0	-2.5
490.5	1.8827e-05	9.4812e-11	-10.0	-2.5
491.0	1.8829e-05	9.4827e-11	-10.0	-2.5
491.5	1.8829e-05	9.46e-11	-10.0	-2.5
492.0	1.8827e-05	9.4287e-11	-10.0	-2.5
492.5	1.8828e-05	9.4069e-11	-10.0	-2.5
493.0	1.883e-05	9.474e-11	-10.0	-2.5
493.5	1.883e-05	9.4625e-11	-10.0	-2.5
494.0	1.883e-05	9.4667e-11	-10.0	-2.5
494.5	1.8833e-05	9.4364e-11	-10.0	-2.5
495.0	1.8833e-05	9.4606e-11	-10.0	-2.5
495.5	1.8835e-05	9.4204e-11	-10.0	-2.5
496.0	1.8838e-05	9.4628e-11	-10.0	-2.5
496.5	1.8835e-05	9.4925e-11	-10.0	-2.5
497.0	1.8836e-05	9.4363e-11	-10.0	-2.5
497.5	1.8834e-05	9.4845e-11	-10.0	-2.5
498.0	1.8836e-05	9.436e-11	-10.0	-2.5
498.5	1.8838e-05	9.4501e-11	-10.0	-2.5
499.0	1.8839e-05	9.442e-11	-10.0	-2.5
499.5	1.884e-05	9.3692e-11	-10.0	-2.5
500.0	1.884e-05	9.3961e-11	-10.0	-2.5
500.5	1.8841e-05	9.3712e-11	-10.0	-2.5
501.0	1.8842e-05	9.447e-11	-10.0	-2.5
501.5	1.8843e-05	9.3753e-11	-10.0	-2.5
502.0	1.8844e-05	9.3754e-11	-10.0	-2.5
502.5	1.8847e-05	9.3458e-11	-10.0	-2.5
503.0	1.885e-05	9.4273e-11	-10.0	-2.5
503.5	1.8849e-05	9.3888e-11	-10.0	-2.5
504.0	1.885e-05	9.3653e-11	-10.0	-2.5
504.5	1.8851e-05	9.3832e-11	-10.0	-2.5
505.0	1.8851e-05	9.3843e-11	-10.0	-2.5
505.5	1.8849e-05	9.3594e-11	-10.0	-2.5
506.0	1.885e-05	9.3765e-11	-10.0	-2.5
506.5	1.8849e-05	9.3921e-11	-10.0	-2.5
507.0	1.8851e-05	9.3403e-11	-10.0	-2.5
507.5	1.8853e-05	9.3894e-11	-10.0	-2.5
508.0	1.8854e-05	9.3741e-11	-10.0	-2.5
508.5	1.8851e-05	9.382e-11	-10.0	-2.5
509.0	1.8854e-05	9.4125e-11	-10.0	-2.5
509.5	1.8854e-05	9.3523e-11	-10.0	-2.5
510.0	1.8858e-05	9.3917e-11	-10.0	-2.5
510.5	1.8855e-05	9.3232e-11	-10.0	-2.5
511.0	1.8857e-05	9.3571e-11	-10.0	-2.5
511.5	1.8859e-05	9.3826e-11	-10.0	-2.5
512.0	1.8862e-05	9.397e-11	-10.0	-2.5
512.5	1.8861e-05	9.3373e-11	-10.0	-2.5
513.0	1.8859e-05	9.3417e-11	-10.0	-2.5
513.5	1.8861e-05	9.342e-11	-10.0	-2.5
514.0	1.8862e-05	9.3536e-11	-10.0	-2.5
514.5	1.8858e-05	9.3187e-11	-10.0	-2.5
515.0	1.8861e-05	9.3278e-11	-10.0	-2.5
515.5	1.8865e-05	9.3328e-11	-10.0	-2.5
516.0	1.886e-05	9.2858e-11	-10.0	-2.5
516.5	1.8864e-05	9.2963e-11	-10.0	-2.5
517.0	1.886e-05	9.3521e-11	-10.0	-2.5
517.5	1.8863e-05	9.3315e-11	-10.0	-2.5
518.0	1.886e-05	9.2845e-11	-10.0	-2.5
518.5	1.886e-05	9.2837e-11	-10.0	-2.5
519.0	1.8861e-05	9.3261e-11	-10.0	-2.5
519.5	1.8862e-05	9.2839e-11	-10.0	-2.5
520.0	1.8863e-05	9.28e-11	-10.0	-2.5
520.5	1.8861e-05	9.2864e-11	-10.0	-2.5
521.0	1.8861e-05	9.2909e-11	-10.0	-2.5
521.5	1.8863e-05	9.3125e-11	-10.0	-2.5
522.0	1.8863e-05	9.3304e-11	-10.0	-2.5
522.5	1.8864e-05	9.2753e-11	-10.0	-2.5
523.0	1.8865e-05	9.3036e-11	-10.0	-2.5
523.5	1.8864e-05	9.2928e-11	-10.0	-2.5
524.0	1.8863e-05	9.3203e-11	-10.0	-2.5
524.5	1.8864e-05	9.2846e-11	-10.0	-2.5
525.0	1.8862e-05	9.2686e-11	-10.0	-2.5
525.5	1.8862e-05	9.2253e-11	-10.0	-2.5
526.0	1.8862e-05	9.2148e-11	-10.0	-2.5
526.5	1.8861e-05	9.3006e-11	-10.0	-2.5
527.0	1.8863e-05	9.2864e-11	-10.0	-2.5
527.5	1.8859e-05	9.2267e-11	-10.0	-2.5
528.0	1.8861e-05	9.2897e-11	-10.0	-2.5
528.5	1.8861e-05	9.3044e-11	-10.0	-2.5
529.0	1.886e-05	9.2369e-11	-10.0	-2.5
529.5	1.8859e-05	9.2875e-11	-10.0	-2.5
530.0	1.8857e-05	9.228e-11	-10.0	-2.5
530.5	1.8861e-05	9.293e-11	-10.0	-2.5
531.0	1.886e-05	9.3098e-11	-10.0	-2.5
531.5	1.8861e-05	9.287e-11	-10.0	-2.5
532.0	1.8857e-05	9.3139e-11	-10.0	-2.5
532.5	1.8859e-05	9.2848e-11	-10.0	-2.5
533.0	1.8861e-05	9.302e-11	-10.0	-2.5
533.5	1.8861e-05	9.372e-11	-10.0	-2.5
534.0	1.8859e-05	9.2983e-11	-10.0	-2.5
534.5	1.8858e-05	9.2752e-11	-10.0	-2.5
535.0	1.8858e-05	9.2536e-11	-10.0	-2.5
535.5	1.8856e-05	9.369e-11	-10.0	-2.5
536.0	1.8858e-05	9.3379e-11	-10.0	-2.5
536.5	1.8858e-05	9.2897e-11	-10.0	-2.5
537.0	1.8858e-05	9.294e-11	-10.0	-2.5
537.5	1.8859e-05	9.3156e-11	-10.0	-2.5
538.0	1.8859e-05	9.3168e-11	-10.0	-2.5
538.5	1.8858e-05	9.3285e-11	-10.0	-2.5
539.0	1.8859e-05	9.3617e-11	-10.0	-2.5
539.5	1.886e-05	9.3338e-11	-10.0	-2.5
540.0	1.8861e-05	9.2556e-11	-10.0	-2.5
540.5	1.8862e-05	3.5655e-12	-10.0	-2.5
541.0	1.8861e-05	7.3052e-12	-10.0	-2.5
541.5	1.886e-05	9.0134e-12	-10.0	-2.5
542.0	1.8859e-05	9.4938e-12	-10.0	-2.5
542.5	1.8856e-05	8.6141e-12	-10.0	-2.5
543.0	1.8855e-05	9.1136e-12	-10.0	-2.5
543.5	1.8856e-05	9.0015e-12	-10.0	-2.5
544.0	1.8854e-05	9.7263e-12	-10.0	-2.5
544.5	1.8852e-05	9.3996e-12	-10.0	-2.5
545.0	1.8851e-05	9.3615e-12	-10.0	-2.5
545.5	1.8852e-05	9.4485e-12	-10.0	-2.5
546.0	1.8852e-05	8.7905e-12	-10.0	-2.5
546.5	1.8851e-05	8.7655e-12	-10.0	-2.5
547.0	1.8852e-05	9.0087e-12	-10.0	-2.5
547.5	1.8852e-05	9.2351e-12	-10.0	-2.5
548.0	1.8852e-05	9.7287e-12	-10.0	-2.5
548.5	1.8853e-05	9.228e-12	-10.0	-2.5
549.0	1.8852e-05	9.8598e-12	-10.0	-2.5
549.5	1.8849e-05	9.1052e-12	-10.0	-2.5
550.0	1.8849e-05	9.1636e-12	-10.0	-2.5
550.5	1.8847e-05	9.2888e-12	-10.0	-2.5
551.0	1.8847e-05	8.7404e-12	-10.0	-2.5
551.5	1.8845e-05	9.0051e-12	-10.0	-2.5
552.0	1.8849e-05	8.4758e-12	-10.0	-2.5
552.5	1.8848e-05	8.4841e-12	-10.0	-2.5
553.0	1.8848e-05	8.5747e-12	-10.0	-2.5
553.5	1.8844e-05	8.7857e-12	-10.0	-2.5
554.0	1.8846e-05	8.6403e-12	-10.0	-2.5
554.5	1.8844e-05	9.0575e-12	-10.0	-2.5
555.0	1.8843e-05	8.6045e-12	-10.0	-2.5
555.5	1.8846e-05	8.8394e-12	-10.0	-2.5
556.0	1.8844e-05	8.6629e-12	-10.0	-2.5
556.5	1.8846e-05	8.9669e-12	-10.0	-2.5
557.0	1.8847e-05	8.0347e-12	-10.0	-2.5
557.5	1.8847e-05	9.1887e-12	-10.0	-2.5
558.0	1.8847e-05	8.688e-12	-10.0	-2.5
558.5	1.8843e-05	9.0849e-12	-10.0	-2.5
559.0	1.8844e-05	9.681e-12	-10.0	-2.5
559.5	1.8844e-05	8.7833e-12	-10.0	-2.5
560.0	1.8844e-05	8.7297e-12	-10.0	-2.5
560.5	1.8844e-05	8.4961e-12	-10.0	-2.5
561.0	1.8845e-05	8.7357e-12	-10.0	-2.5
561.5	1.8842e-05	8.446e-12	-10.0	-2.5
562.0	1.8846e-05	8.8966e-12	-10.0	-2.5
562.5	1.8847e-05	9.2268e-12	-10.0	-2.5
563.0	1.8845e-05	8.6856e-12	-10.0	-2.5
563.5	1.8845e-05	9.0814e-12	-10.0	-2.5
564.0	1.8841e-05	8.5068e-12	-10.0	-2.5
564.5	1.8841e-05	8.8203e-12	-10.0	-2.5
565.0	1.8844e-05	8.843e-12	-10.0	-2.5
565.5	1.8844e-05	8.589e-12	-10.0	-2.5
566.0	1.8844e-05	8.6319e-12	-10.0	-2.5
566.5	1.8844e-05	8.105e-12	-10.0	-2.5
567.0	1.8843e-05	8.9145e-12	-10.0	-2.5
567.5	1.8846e-05	9.1362e-12	-10.0	-2.5
568.0	1.8843e-05	8.0752e-12	-10.0	-2.5
568.5	1.8846e-05	8.7643e-12	-10.0	-2.5
569.0	1.8844e-05	9.0313e-12	-10.0	-2.5
569.5	1.8846e-05	8.2767e-12	-10.0	-2.5
570.0	1.8846e-05	8.7225e-12	-10.0	-2.5
570.5	1.8846e-05	7.9977e-12	-10.0	-2.5
571.0	1.8845e-05	8.3423e-12	-10.0	-2.5
571.5	1.8846e-05	8.3971e-12	-10.0	-2.5
572.0	1.8846e-05	8.5819e-12	-10.0	-2.5
572.5	1.8842e-05	8.7857e-12	-10.0	-2.5
573.0	1.8845e-05	8.1635e-12	-10.0	-2.5
573.5	1.8843e-05	8.4019e-12	-10.0	-2.5
574.0	1.8845e-05	8.6427e-12	-10.0	-2.5
574.5	1.8843e-05	8.1766e-12	-10.0	-2.5
575.0	1.8841e-05	8.5187e-12	-10.0	-2.5
575.5	1.8844e-05	8.9955e-12	-10.0	-2.5
576.0	1.8846e-05	7.7271e-12	-10.0	-2.5
576.5	1.8845e-05	8.5223e-12	-10.0	-2.5
577.0	1.8844e-05	8.3029e-12	-10.0	-2.5
577.5	1.8847e-05	8.2564e-12	-10.0	-2.5
578.0	1.8845e-05	7.9226e-12	-10.0	-2.5
578.5	1.8847e-05	8.5199e-12	-10.0	-2.5
579.0	1.8846e-05	8.2028e-12	-10.0	-2.5
579.5	1.8845e-05	8.1229e-12	-10.0	-2.5
580.0	1.8845e-05	7.7939e-12	-10.0	-2.5
580.5	1.8847e-05	7.9012e-12	-10.0	-2.5
581.0	1.8849e-05	8.5259e-12	-10.0	-2.5
581.5	1.8849e-05	8.3482e-12	-10.0	-2.5
582.0	1.8848e-05	8.328e-12	-10.0	-2.5
582.5	1.885e-05	8.4245e-12	-10.0	-2.5
583.0	1.885e-05	8.8036e-12	-10.0	-2.5
583.5	1.885e-05	8.0526e-12	-10.0	-2.5
584.0	1.8853e-05	8.4817e-12	-10.0	-2.5
584.5	1.8849e-05	8.7309e-12	-10.0	-2.5
585.0	1.8854e-05	8.3232e-12	-10.0	-2.5
585.5	1.8852e-05	7.9e-12	-10.0	-2.5
586.0	1.8851e-05	8.2469e-12	-10.0	-2.5
586.5	1.8852e-05	8.4472e-12	-10.0	-2.5
587.0	1.8851e-05	8.0049e-12	-10.0	-2.5
587.5	1.8854e-05	8.4746e-12	-10.0	-2.5
588.0	1.8853e-05	8.8322e-12	-10.0	-2.5
588.5	1.8854e-05	7.5626e-12	-10.0	-2.5
589.0	1.8854e-05	7.7319e-12	-10.0	-2.5
589.5	1.8855e-05	8.3113e-12	-10.0	-2.5
590.0	1.8855e-05	9.0492e-12	-10.0	-2.5
590.5	1.8853e-05	8.8728e-12	-10.0	-2.5
591.0	1.8855e-05	8.651e-12	-10.0	-2.5
591.5	1.8861e-05	7.7474e-12	-10.0	-2.5
592.0	1.8858e-05	8.4806e-12	-10.0	-2.5
592.5	1.8857e-05	8.5425e-12	-10.0	-2.5
593.0	1.8858e-05	8.2982e-12	-10.0	-2.5
593.5	1.8863e-05	8.2743e-12	-10.0	-2.5
594.0	1.8856e-05	8.1193e-12	-10.0	-2.5
594.5	1.8854e-05	8.1635e-12	-10.0	-2.5
595.0	1.8855e-05	8.8596e-12	-10.0	-2.5
595.5	1.8857e-05	8.6463e-12	-10.0	-2.5
596.0	1.8855e-05	7.9441e-12	-10.0	-2.5
596.5	1.8857e-05	8.1348e-12	-10.0	-2.5
597.0	1.8861e-05	8.5282e-12	-10.0	-2.5
597.5	1.8857e-05	7.7987e-12	-10.0	-2.5
598.0	1.8856e-05	8.7512e-12	-10.0	-2.5
598.5	1.8858e-05	8.3876e-12	-10.0	-2.5
599.0	1.8856e-05	8.6391e-12	-10.0	-2.5
599.5	1.8856e-05	8.0681e-12	-10.0	-2.5
600.0	1.8858e-05	8.7607e-12	-10.0	-2.5
600.5	1.8856e-05	8.7261e-12	-10.0	-2.5
601.0	1.8855e-05	7.652e-12	-10.0	-2.5
601.5	1.8858e-05	8.8501e-12	-10.0	-2.5
602.0	1.8857e-05	8.7583e-12	-10.0	-2.5
602.5	1.8858e-05	8.57e-12	-10.0	-2.5
603.0	1.8855e-05	8.5723e-12	-10.0	-2.5
603.5	1.886e-05	8.7464e-12	-10.0	-2.5
604.0	1.8858e-05	8.7047e-12	-10.0	-2.5
604.5	1.8859e-05	7.962e-12	-10.0	-2.5
605.0	1.886e-05	8.2457e-12	-10.0	-2.5
605.5	1.8858e-05	8.347e-12	-10.0	-2.5
606.0	1.8859e-05	7.8952e-12	-10.0	-2.5
606.5	1.8859e-05	8.6331e-12	-10.0	-2.5
607.0	1.886e-05	8.4114e-12	-10.0	-2.5
607.5	1.8863e-05	8.5533e-12	-10.0	-2.5
608.0	1.8861e-05	8.2695e-12	-10.0	-2.5
608.5	1.8864e-05	8.5735e-12	-10.0	-2.5
609.0	1.8865e-05	8.2016e-12	-10.0	-2.5
609.5	1.8865e-05	8.2207e-12	-10.0	-2.5
610.0	1.8863e-05	8.1396e-12	-10.0	-2.5
610.5	1.8864e-05	9.265e-12	-10.0	-2.5
611.0	1.8864e-05	7.8225e-12	-10.0	-2.5
611.5	1.8866e-05	8.533e-12	-10.0	-2.5
612.0	1.8864e-05	8.384e-12	-10.0	-2.5
612.5	1.8865e-05	8.7798e-12	-10.0	-2.5
613.0	1.8863e-05	8.3399e-12	-10.0	-2.5
613.5	1.8864e-05	8.2469e-12	-10.0	-2.5
614.0	1.8866e-05	8.2803e-12	-10.0	-2.5
614.5	1.8869e-05	8.2469e-12	-10.0	-2.5
