File Name: 01_Sample8_device1_It_150kV_500uA_VDrain1V_VGate22V.dat
File Data: 21/11/2023	12:53:39
Start V: 0
Step V: 0
Stop V: 0
Range V: 200
Delay(ms): 0
Auorange: yes
Sweep type: log
Instrument Meter: SM2614
Time(ms)	Vdrain(V)	Idrain(A)	Vgate(V)	Igate(A)
0.0000E+0	1.0000E+0	8.7219E-7	2.2000E+1	3.7718E-10
1.0000E+3	1.0000E+0	8.6754E-7	2.2000E+1	2.7351E-10
1.5000E+3	1.0000E+0	8.7107E-7	2.2000E+1	2.4885E-10
2.0000E+3	1.0000E+0	8.5195E-7	2.2000E+1	2.3687E-10
2.5000E+3	1.0000E+0	8.3849E-7	2.2000E+1	2.1839E-10
3.0000E+3	1.0000E+0	8.2962E-7	2.2000E+1	2.1304E-10
3.5000E+3	1.0000E+0	8.3709E-7	2.2000E+1	2.0354E-10
4.0000E+3	1.0000E+0	8.2759E-7	2.2000E+1	1.9495E-10
4.5000E+3	1.0000E+0	7.7156E-7	2.2000E+1	1.7539E-10
5.0000E+3	1.0000E+0	8.0736E-7	2.2000E+1	1.4753E-10
5.5000E+3	1.0000E+0	7.9537E-7	2.2000E+1	1.4019E-10
6.0000E+3	1.0000E+0	7.9461E-7	2.2000E+1	1.3683E-10
6.5000E+3	1.0000E+0	7.6865E-7	2.2000E+1	1.3479E-10
7.0000E+3	1.0000E+0	7.7296E-7	2.2000E+1	1.3097E-10
7.5000E+3	1.0000E+0	7.7671E-7	2.2000E+1	1.2732E-10
8.0000E+3	1.0000E+0	7.6252E-7	2.2000E+1	1.2734E-10
8.5000E+3	1.0000E+0	7.4917E-7	2.2000E+1	1.2632E-10
9.0000E+3	1.0000E+0	7.5620E-7	2.2000E+1	1.2489E-10
9.5000E+3	1.0000E+0	7.5105E-7	2.2000E+1	1.2272E-10
1.0000E+4	1.0000E+0	7.5015E-7	2.2000E+1	1.2029E-10
1.0500E+4	1.0000E+0	7.4301E-7	2.2000E+1	1.1978E-10
1.1000E+4	1.0000E+0	7.3750E-7	2.2000E+1	1.1967E-10
1.1500E+4	1.0000E+0	7.0432E-7	2.2000E+1	1.1759E-10
1.2000E+4	1.0000E+0	6.9624E-7	2.2000E+1	1.1766E-10
1.2500E+4	1.0000E+0	7.0946E-7	2.2000E+1	1.1592E-10
1.3000E+4	1.0000E+0	7.2275E-7	2.2000E+1	1.1443E-10
1.3500E+4	1.0000E+0	7.1961E-7	2.2000E+1	1.1454E-10
1.4000E+4	1.0000E+0	7.1922E-7	2.2000E+1	1.1356E-10
1.4500E+4	1.0000E+0	7.1100E-7	2.2000E+1	1.1402E-10
1.5000E+4	1.0000E+0	7.0269E-7	2.2000E+1	1.1273E-10
1.5500E+4	1.0000E+0	6.8576E-7	2.2000E+1	1.1135E-10
1.6000E+4	1.0000E+0	6.9464E-7	2.2000E+1	1.1100E-10
1.6500E+4	1.0000E+0	7.0041E-7	2.2000E+1	1.1116E-10
1.7000E+4	1.0000E+0	6.9828E-7	2.2000E+1	1.0920E-10
1.7500E+4	1.0000E+0	6.8868E-7	2.2000E+1	1.0973E-10
1.8000E+4	1.0000E+0	6.8411E-7	2.2000E+1	1.1038E-10
1.8500E+4	1.0000E+0	6.8807E-7	2.2000E+1	1.0887E-10
1.9000E+4	1.0000E+0	6.9461E-7	2.2000E+1	1.0871E-10
1.9500E+4	1.0000E+0	6.8988E-7	2.2000E+1	1.0883E-10
2.0000E+4	1.0000E+0	6.8075E-7	2.2000E+1	1.0799E-10
2.0500E+4	1.0000E+0	6.7812E-7	2.2000E+1	1.0695E-10
2.1000E+4	1.0000E+0	6.8795E-7	2.2000E+1	1.0892E-10
2.1500E+4	1.0000E+0	6.8685E-7	2.2000E+1	1.0652E-10
2.2000E+4	1.0000E+0	6.8479E-7	2.2000E+1	1.0551E-10
2.2500E+4	1.0000E+0	6.7908E-7	2.2000E+1	1.0601E-10
2.3000E+4	1.0000E+0	6.7267E-7	2.2000E+1	1.0590E-10
2.3500E+4	1.0000E+0	6.7642E-7	2.2000E+1	1.0519E-10
2.4000E+4	1.0000E+0	6.9569E-7	2.2000E+1	1.0590E-10
2.4500E+4	1.0000E+0	6.7349E-7	2.2000E+1	1.0472E-10
2.5000E+4	1.0000E+0	6.7771E-7	2.2000E+1	1.0463E-10
2.5500E+4	1.0000E+0	6.7662E-7	2.2000E+1	1.0341E-10
2.6000E+4	1.0000E+0	6.8103E-7	2.2000E+1	1.0317E-10
2.6500E+4	1.0000E+0	6.6024E-7	2.2000E+1	1.0229E-10
2.7000E+4	1.0000E+0	6.7226E-7	2.2000E+1	1.0288E-10
2.7500E+4	1.0000E+0	6.5509E-7	2.2000E+1	1.0182E-10
2.8000E+4	1.0000E+0	6.5359E-7	2.2000E+1	1.0336E-10
2.8500E+4	1.0000E+0	6.5661E-7	2.2000E+1	1.0245E-10
2.9000E+4	1.0000E+0	6.6080E-7	2.2000E+1	1.0328E-10
2.9500E+4	1.0000E+0	6.5424E-7	2.2000E+1	1.0192E-10
3.0000E+4	1.0000E+0	6.5850E-7	2.2000E+1	1.0081E-10
3.0500E+4	1.0000E+0	6.5104E-7	2.2000E+1	1.0189E-10
3.1000E+4	1.0000E+0	6.4659E-7	2.2000E+1	1.0038E-10
3.1500E+4	1.0000E+0	6.4061E-7	2.2000E+1	1.0038E-10
3.2000E+4	1.0000E+0	6.6001E-7	2.2000E+1	1.0115E-10
3.2500E+4	1.0000E+0	6.4152E-7	2.2000E+1	9.9640E-11
3.3000E+4	1.0000E+0	6.3340E-7	2.2000E+1	9.9194E-11
3.3500E+4	1.0000E+0	6.3603E-7	2.2000E+1	1.0006E-10
3.4000E+4	1.0000E+0	6.2080E-7	2.2000E+1	9.9237E-11
3.4500E+4	1.0000E+0	6.1602E-7	2.2000E+1	9.8664E-11
3.5000E+4	1.0000E+0	6.1844E-7	2.2000E+1	9.8811E-11
3.5500E+4	1.0000E+0	6.1518E-7	2.2000E+1	9.8618E-11
3.6000E+4	1.0000E+0	6.2542E-7	2.2000E+1	9.8783E-11
3.6500E+4	1.0000E+0	6.0859E-7	2.2000E+1	9.7734E-11
3.7000E+4	1.0000E+0	6.0469E-7	2.2000E+1	9.7541E-11
3.7500E+4	1.0000E+0	6.1510E-7	2.2000E+1	9.8604E-11
3.8000E+4	1.0000E+0	6.1260E-7	2.2000E+1	9.8927E-11
3.8500E+4	1.0000E+0	6.2567E-7	2.2000E+1	9.7950E-11
3.9000E+4	1.0000E+0	6.2943E-7	2.2000E+1	9.7495E-11
3.9500E+4	1.0000E+0	5.8711E-7	2.2000E+1	9.7287E-11
4.0000E+4	1.0000E+0	5.6399E-7	2.2000E+1	9.7731E-11
4.0500E+4	1.0000E+0	5.6744E-7	2.2000E+1	9.7582E-11
4.1000E+4	1.0000E+0	5.8204E-7	2.2000E+1	9.8088E-11
4.1502E+4	1.0000E+0	5.9541E-7	2.2000E+1	9.7042E-11
4.2000E+4	1.0000E+0	5.9429E-7	2.2000E+1	9.6910E-11
4.2500E+4	1.0000E+0	5.9961E-7	2.2000E+1	9.6623E-11
4.3000E+4	1.0000E+0	5.9094E-7	2.2000E+1	9.7731E-11
4.3500E+4	1.0000E+0	5.8729E-7	2.2000E+1	9.7098E-11
4.4000E+4	1.0000E+0	5.8899E-7	2.2000E+1	9.5836E-11
4.4500E+4	1.0000E+0	5.8638E-7	2.2000E+1	9.6703E-11
4.5500E+4	1.0000E+0	5.7188E-7	2.2000E+1	9.6530E-11
4.6000E+4	1.0000E+0	5.7774E-7	2.2000E+1	9.4986E-11
4.6500E+4	1.0000E+0	5.7802E-7	2.2000E+1	9.5180E-11
4.7000E+4	1.0000E+0	5.8092E-7	2.2000E+1	9.5466E-11
4.7500E+4	1.0000E+0	5.8723E-7	2.2000E+1	9.5525E-11
4.8000E+4	1.0000E+0	5.8585E-7	2.2000E+1	9.5179E-11
4.8500E+4	1.0000E+0	5.8494E-7	2.2000E+1	9.6060E-11
4.9000E+4	1.0000E+0	5.9394E-7	2.2000E+1	9.5806E-11
4.9500E+4	1.0000E+0	5.9387E-7	2.2000E+1	9.5903E-11
5.0000E+4	1.0000E+0	6.0011E-7	2.2000E+1	9.6321E-11
5.0500E+4	1.0000E+0	5.7930E-7	2.2000E+1	9.6639E-11
5.1000E+4	1.0000E+0	5.8883E-7	2.2000E+1	9.5742E-11
5.1500E+4	1.0000E+0	5.9463E-7	2.2000E+1	9.4893E-11
5.2000E+4	1.0000E+0	5.8800E-7	2.2000E+1	9.5411E-11
5.2500E+4	1.0000E+0	5.7690E-7	2.2000E+1	9.4966E-11
5.3000E+4	1.0000E+0	5.7095E-7	2.2000E+1	9.4911E-11
5.3500E+4	1.0000E+0	5.8184E-7	2.2000E+1	9.4278E-11
5.4000E+4	1.0000E+0	5.7562E-7	2.2000E+1	9.4465E-11
5.4500E+4	1.0000E+0	5.6940E-7	2.2000E+1	9.3423E-11
5.5000E+4	1.0000E+0	5.6614E-7	2.2000E+1	9.4620E-11
5.5500E+4	1.0000E+0	5.5741E-7	2.2000E+1	9.5112E-11
5.6000E+4	1.0000E+0	5.5654E-7	2.2000E+1	9.5326E-11
5.6500E+4	1.0000E+0	5.5752E-7	2.2000E+1	9.5764E-11
5.7000E+4	1.0000E+0	5.5163E-7	2.2000E+1	9.4951E-11
5.7500E+4	1.0000E+0	5.5740E-7	2.2000E+1	9.5182E-11
5.8000E+4	1.0000E+0	5.5740E-7	2.2000E+1	9.5473E-11
5.8500E+4	1.0000E+0	5.5838E-7	2.2000E+1	9.6160E-11
5.9000E+4	1.0000E+0	5.6331E-7	2.2000E+1	9.5690E-11
5.9500E+4	1.0000E+0	5.5318E-7	2.2000E+1	9.5371E-11
6.0000E+4	1.0000E+0	5.5398E-7	2.2000E+1	9.5251E-11
6.0500E+4	1.0000E+0	5.6216E-7	2.2000E+1	9.5109E-11
6.1000E+4	1.0000E+0	5.4785E-7	2.2000E+1	9.5102E-11
6.1500E+4	1.0000E+0	5.4016E-7	2.2000E+1	9.5067E-11
6.2000E+4	1.0000E+0	5.4244E-7	2.2000E+1	9.4118E-11
6.2500E+4	1.0000E+0	5.5424E-7	2.2000E+1	9.4034E-11
6.3000E+4	1.0000E+0	5.5210E-7	2.2000E+1	9.4491E-11
6.3500E+4	1.0000E+0	5.5847E-7	2.2000E+1	9.4143E-11
6.4000E+4	1.0000E+0	5.5837E-7	2.2000E+1	9.4227E-11
6.4500E+4	1.0000E+0	5.6321E-7	2.2000E+1	9.5556E-11
6.5000E+4	1.0000E+0	5.4799E-7	2.2000E+1	9.4274E-11
6.5500E+4	1.0000E+0	5.7307E-7	2.2000E+1	9.4346E-11
6.6000E+4	1.0000E+0	5.6380E-7	2.2000E+1	9.4925E-11
6.6500E+4	1.0000E+0	5.6053E-7	2.2000E+1	9.5316E-11
6.7000E+4	1.0000E+0	5.6992E-7	2.2000E+1	9.4047E-11
6.7500E+4	1.0000E+0	5.6402E-7	2.2000E+1	9.4447E-11
6.8000E+4	1.0000E+0	5.6046E-7	2.2000E+1	9.3787E-11
6.8500E+4	1.0000E+0	5.5748E-7	2.2000E+1	9.4165E-11
6.9000E+4	1.0000E+0	5.7126E-7	2.2000E+1	9.3826E-11
6.9500E+4	1.0000E+0	5.6061E-7	2.2000E+1	9.3954E-11
7.0000E+4	1.0000E+0	5.4278E-7	2.2000E+1	9.4848E-11
7.0500E+4	1.0000E+0	5.5029E-7	2.2000E+1	9.4638E-11
7.1000E+4	1.0000E+0	5.5975E-7	2.2000E+1	9.5134E-11
7.1500E+4	1.0000E+0	5.2971E-7	2.2000E+1	9.3497E-11
7.2000E+4	1.0000E+0	5.1761E-7	2.2000E+1	9.4911E-11
7.2500E+4	1.0000E+0	5.0818E-7	2.2000E+1	9.3821E-11
7.3000E+4	1.0000E+0	5.0827E-7	2.2000E+1	9.3987E-11
7.3500E+4	1.0000E+0	5.1288E-7	2.2000E+1	9.3920E-11
7.4000E+4	1.0000E+0	5.1617E-7	2.2000E+1	9.3865E-11
7.4500E+4	1.0000E+0	5.1338E-7	2.2000E+1	9.3520E-11
7.5000E+4	1.0000E+0	5.1187E-7	2.2000E+1	9.3311E-11
7.5500E+4	1.0000E+0	5.2530E-7	2.2000E+1	9.4359E-11
7.6000E+4	1.0000E+0	5.2766E-7	2.2000E+1	9.2986E-11
7.6500E+4	1.0000E+0	5.0219E-7	2.2000E+1	9.2058E-11
7.7000E+4	1.0000E+0	5.0465E-7	2.2000E+1	9.1952E-11
7.7500E+4	1.0000E+0	5.1275E-7	2.2000E+1	9.4450E-11
7.8000E+4	1.0000E+0	5.2779E-7	2.2000E+1	9.4075E-11
7.8500E+4	1.0000E+0	5.3327E-7	2.2000E+1	9.2481E-11
7.9000E+4	1.0000E+0	5.3929E-7	2.2000E+1	9.3087E-11
7.9500E+4	1.0000E+0	5.4973E-7	2.2000E+1	9.3759E-11
8.0000E+4	1.0000E+0	5.3871E-7	2.2000E+1	9.2126E-11
8.0500E+4	1.0000E+0	5.3355E-7	2.2000E+1	9.3242E-11
8.1000E+4	1.0000E+0	5.2943E-7	2.2000E+1	9.4075E-11
8.1500E+4	1.0000E+0	4.9319E-7	2.2000E+1	9.3324E-11
8.2000E+4	1.0000E+0	5.0183E-7	2.2000E+1	9.3660E-11
8.2500E+4	1.0000E+0	5.2847E-7	2.2000E+1	9.3216E-11
8.3000E+4	1.0000E+0	5.3611E-7	2.2000E+1	9.2562E-11
8.3500E+4	1.0000E+0	5.3659E-7	2.2000E+1	9.2967E-11
8.4000E+4	1.0000E+0	5.3896E-7	2.2000E+1	9.3516E-11
8.4500E+4	1.0000E+0	5.3004E-7	2.2000E+1	9.3489E-11
8.5000E+4	1.0000E+0	5.2298E-7	2.2000E+1	9.3478E-11
8.5500E+4	1.0000E+0	5.3093E-7	2.2000E+1	9.4472E-11
8.6000E+4	1.0000E+0	5.2203E-7	2.2000E+1	9.3525E-11
8.6500E+4	1.0000E+0	5.3124E-7	2.2000E+1	9.2799E-11
8.7000E+4	1.0000E+0	5.2468E-7	2.2000E+1	9.3945E-11
8.7500E+4	1.0000E+0	5.2121E-7	2.2000E+1	9.4126E-11
8.8000E+4	1.0000E+0	5.1342E-7	2.2000E+1	9.3064E-11
8.8500E+4	1.0000E+0	5.1274E-7	2.2000E+1	9.3249E-11
8.9000E+4	1.0000E+0	5.1341E-7	2.2000E+1	9.3826E-11
8.9500E+4	1.0000E+0	5.1704E-7	2.2000E+1	9.3736E-11
9.0000E+4	1.0000E+0	5.2054E-7	2.2000E+1	9.3340E-11
9.0500E+4	1.0000E+0	5.1583E-7	2.2000E+1	9.2704E-11
9.1000E+4	1.0000E+0	5.1316E-7	2.2000E+1	9.3132E-11
9.1500E+4	1.0000E+0	5.0898E-7	2.2000E+1	9.3850E-11
9.2000E+4	1.0000E+0	5.1516E-7	2.2000E+1	9.2939E-11
9.2500E+4	1.0000E+0	5.0835E-7	2.2000E+1	9.2863E-11
9.3000E+4	1.0000E+0	5.0059E-7	2.2000E+1	9.2779E-11
9.3500E+4	1.0000E+0	5.1431E-7	2.2000E+1	9.3355E-11
9.4000E+4	1.0000E+0	5.1233E-7	2.2000E+1	9.2828E-11
9.4500E+4	1.0000E+0	5.1215E-7	2.2000E+1	9.3763E-11
9.5000E+4	1.0000E+0	5.0356E-7	2.2000E+1	9.2012E-11
9.5500E+4	1.0000E+0	5.1119E-7	2.2000E+1	9.1355E-11
9.6000E+4	1.0000E+0	5.1468E-7	2.2000E+1	9.3590E-11
9.6500E+4	1.0000E+0	5.1138E-7	2.2000E+1	9.3683E-11
9.7000E+4	1.0000E+0	5.1607E-7	2.2000E+1	9.3961E-11
9.7500E+4	1.0000E+0	5.0526E-7	2.2000E+1	9.2282E-11
9.8000E+4	1.0000E+0	5.1316E-7	2.2000E+1	9.3145E-11
9.8500E+4	1.0000E+0	5.0278E-7	2.2000E+1	9.4087E-11
9.9000E+4	1.0000E+0	4.8596E-7	2.2000E+1	9.4791E-9
9.9500E+4	1.0000E+0	5.0319E-7	2.2000E+1	1.0807E-8
1.0000E+5	1.0000E+0	5.1044E-7	2.2000E+1	1.0867E-8
1.0050E+5	1.0000E+0	5.0023E-7	2.2000E+1	1.0896E-8
1.0100E+5	1.0000E+0	4.9884E-7	2.2000E+1	1.0917E-8
1.0150E+5	1.0000E+0	5.0188E-7	2.2000E+1	1.0927E-8
1.0200E+5	1.0000E+0	5.0074E-7	2.2000E+1	1.0928E-8
1.0250E+5	1.0000E+0	5.0431E-7	2.2000E+1	1.0933E-8
1.0300E+5	1.0000E+0	4.9511E-7	2.2000E+1	1.0932E-8
1.0350E+5	1.0000E+0	4.8895E-7	2.2000E+1	1.0934E-8
1.0400E+5	1.0000E+0	4.9807E-7	2.2000E+1	1.0931E-8
1.0450E+5	1.0000E+0	4.9496E-7	2.2000E+1	1.0931E-8
1.0500E+5	1.0000E+0	5.0075E-7	2.2000E+1	1.0929E-8
1.0550E+5	1.0000E+0	4.9973E-7	2.2000E+1	1.0929E-8
1.0600E+5	1.0000E+0	4.7451E-7	2.2000E+1	1.0926E-8
1.0650E+5	1.0000E+0	4.7058E-7	2.2000E+1	1.0923E-8
1.0700E+5	1.0000E+0	4.9245E-7	2.2000E+1	1.0921E-8
1.0750E+5	1.0000E+0	4.8051E-7	2.2000E+1	1.0922E-8
1.0800E+5	1.0000E+0	4.8761E-7	2.2000E+1	1.0920E-8
1.0850E+5	1.0000E+0	4.7892E-7	2.2000E+1	1.0916E-8
1.0900E+5	1.0000E+0	4.6963E-7	2.2000E+1	5.7753E-9
1.0950E+5	1.0000E+0	4.7524E-7	2.2000E+1	1.1321E-10
1.1000E+5	1.0000E+0	4.6982E-7	2.2000E+1	9.6133E-11
1.1050E+5	1.0000E+0	4.5638E-7	2.2000E+1	9.4391E-11
1.1100E+5	1.0000E+0	4.6749E-7	2.2000E+1	9.3610E-11
1.1150E+5	1.0000E+0	4.7102E-7	2.2000E+1	9.4142E-11
1.1200E+5	1.0000E+0	4.6921E-7	2.2000E+1	9.3982E-11
1.1250E+5	1.0000E+0	4.6836E-7	2.2000E+1	9.3628E-11
1.1300E+5	1.0000E+0	4.6364E-7	2.2000E+1	9.4304E-11
1.1350E+5	1.0000E+0	4.6893E-7	2.2000E+1	9.3896E-11
1.1400E+5	1.0000E+0	4.7392E-7	2.2000E+1	9.4223E-11
1.1450E+5	1.0000E+0	4.5992E-7	2.2000E+1	9.3623E-11
1.1500E+5	1.0000E+0	4.6355E-7	2.2000E+1	9.4997E-11
1.1550E+5	1.0000E+0	4.5947E-7	2.2000E+1	9.3851E-11
1.1600E+5	1.0000E+0	4.6591E-7	2.2000E+1	9.4207E-11
1.1650E+5	1.0000E+0	4.6197E-7	2.2000E+1	9.4287E-11
1.1700E+5	1.0000E+0	4.5161E-7	2.2000E+1	9.4643E-11
1.1750E+5	1.0000E+0	4.4456E-7	2.2000E+1	9.3656E-11
1.1800E+5	1.0000E+0	4.3881E-7	2.2000E+1	9.3647E-11
1.1850E+5	1.0000E+0	4.4024E-7	2.2000E+1	9.3662E-11
1.1900E+5	1.0000E+0	4.3553E-7	2.2000E+1	8.2490E-9
1.1950E+5	1.0000E+0	4.4510E-7	2.2000E+1	1.0991E-8
1.2000E+5	1.0000E+0	4.5194E-7	2.2000E+1	1.0982E-8
1.2050E+5	1.0000E+0	4.3990E-7	2.2000E+1	1.0974E-8
1.2100E+5	1.0000E+0	4.3950E-7	2.2000E+1	1.0962E-8
1.2150E+5	1.0000E+0	4.4414E-7	2.2000E+1	1.0954E-8
1.2200E+5	1.0000E+0	4.5005E-7	2.2000E+1	1.0948E-8
1.2250E+5	1.0000E+0	4.3648E-7	2.2000E+1	1.0940E-8
1.2300E+5	1.0000E+0	4.3533E-7	2.2000E+1	1.0934E-8
1.2350E+5	1.0000E+0	4.2715E-7	2.2000E+1	1.0925E-8
1.2400E+5	1.0000E+0	4.3098E-7	2.2000E+1	1.0923E-8
1.2450E+5	1.0000E+0	4.3617E-7	2.2000E+1	1.0919E-8
1.2500E+5	1.0000E+0	4.3138E-7	2.2000E+1	1.0916E-8
1.2550E+5	1.0000E+0	4.2760E-7	2.2000E+1	1.0913E-8
1.2600E+5	1.0000E+0	4.3134E-7	2.2000E+1	1.0905E-8
1.2650E+5	1.0000E+0	4.2331E-7	2.2000E+1	1.0902E-8
1.2700E+5	1.0000E+0	4.1540E-7	2.2000E+1	1.0900E-8
1.2750E+5	1.0000E+0	4.1831E-7	2.2000E+1	1.0900E-8
1.2800E+5	1.0000E+0	4.1902E-7	2.2000E+1	1.0901E-8
1.2850E+5	1.0000E+0	4.1825E-7	2.2000E+1	1.0899E-8
1.2900E+5	1.0000E+0	4.1267E-7	2.2000E+1	7.2794E-9
1.2950E+5	1.0000E+0	4.0710E-7	2.2000E+1	1.1527E-10
1.3000E+5	1.0000E+0	4.0828E-7	2.2000E+1	9.5413E-11
1.3050E+5	1.0000E+0	4.0277E-7	2.2000E+1	9.3751E-11
1.3100E+5	1.0000E+0	4.0314E-7	2.2000E+1	9.4250E-11
1.3150E+5	1.0000E+0	4.0132E-7	2.2000E+1	9.2841E-11
1.3200E+5	1.0000E+0	4.0313E-7	2.2000E+1	9.2325E-11
1.3250E+5	1.0000E+0	3.9371E-7	2.2000E+1	9.3783E-11
1.3300E+5	1.0000E+0	3.9707E-7	2.2000E+1	9.3702E-11
1.3350E+5	1.0000E+0	3.8532E-7	2.2000E+1	9.3856E-11
1.3400E+5	1.0000E+0	3.8396E-7	2.2000E+1	9.3250E-11
1.3450E+5	1.0000E+0	3.8460E-7	2.2000E+1	9.3449E-11
1.3500E+5	1.0000E+0	3.8113E-7	2.2000E+1	9.3812E-11
1.3550E+5	1.0000E+0	3.8616E-7	2.2000E+1	9.4041E-11
1.3600E+5	1.0000E+0	3.7686E-7	2.2000E+1	9.5248E-11
1.3650E+5	1.0000E+0	3.7607E-7	2.2000E+1	9.3591E-11
1.3700E+5	1.0000E+0	3.6888E-7	2.2000E+1	9.4210E-11
1.3750E+5	1.0000E+0	3.8716E-7	2.2000E+1	9.3695E-11
1.3800E+5	1.0000E+0	3.7627E-7	2.2000E+1	9.3470E-11
1.3850E+5	1.0000E+0	3.6716E-7	2.2000E+1	9.2704E-11
1.3900E+5	1.0000E+0	3.6571E-7	2.2000E+1	6.6723E-9
1.3950E+5	1.0000E+0	3.5942E-7	2.2000E+1	1.0975E-8
1.4000E+5	1.0000E+0	3.5439E-7	2.2000E+1	1.0969E-8
1.4050E+5	1.0000E+0	3.6035E-7	2.2000E+1	1.0962E-8
1.4100E+5	1.0000E+0	3.6223E-7	2.2000E+1	1.0950E-8
1.4150E+5	1.0000E+0	3.5757E-7	2.2000E+1	1.0943E-8
1.4200E+5	1.0000E+0	3.5299E-7	2.2000E+1	1.0933E-8
1.4250E+5	1.0000E+0	3.4303E-7	2.2000E+1	1.0926E-8
1.4300E+5	1.0000E+0	3.4124E-7	2.2000E+1	1.0915E-8
1.4350E+5	1.0000E+0	3.3918E-7	2.2000E+1	1.0907E-8
1.4400E+5	1.0000E+0	3.3674E-7	2.2000E+1	1.0900E-8
1.4450E+5	1.0000E+0	3.2990E-7	2.2000E+1	1.0891E-8
1.4500E+5	1.0000E+0	3.2685E-7	2.2000E+1	1.0886E-8
1.4550E+5	1.0000E+0	3.1159E-7	2.2000E+1	1.0880E-8
1.4600E+5	1.0000E+0	3.1764E-7	2.2000E+1	1.0879E-8
1.4650E+5	1.0000E+0	3.0947E-7	2.2000E+1	1.0875E-8
1.4700E+5	1.0000E+0	3.0458E-7	2.2000E+1	1.0876E-8
1.4750E+5	1.0000E+0	2.9870E-7	2.2000E+1	1.0875E-8
1.4800E+5	1.0000E+0	2.9502E-7	2.2000E+1	1.0873E-8
1.4850E+5	1.0000E+0	2.9005E-7	2.2000E+1	1.0870E-8
1.4900E+5	1.0000E+0	2.8546E-7	2.2000E+1	8.7275E-9
1.4950E+5	1.0000E+0	2.7997E-7	2.2000E+1	1.1676E-10
1.5000E+5	1.0000E+0	2.7432E-7	2.2000E+1	9.4245E-11
1.5050E+5	1.0000E+0	2.6770E-7	2.2000E+1	9.0778E-11
1.5100E+5	1.0000E+0	2.6422E-7	2.2000E+1	9.1691E-11
1.5150E+5	1.0000E+0	2.5816E-7	2.2000E+1	9.0628E-11
1.5200E+5	1.0000E+0	2.5605E-7	2.2000E+1	8.9681E-11
1.5250E+5	1.0000E+0	2.5098E-7	2.2000E+1	9.0016E-11
1.5300E+5	1.0000E+0	2.4758E-7	2.2000E+1	9.1395E-11
1.5350E+5	1.0000E+0	2.4726E-7	2.2000E+1	9.0467E-11
1.5400E+5	1.0000E+0	2.4421E-7	2.2000E+1	9.1277E-11
1.5450E+5	1.0000E+0	2.4279E-7	2.2000E+1	9.1361E-11
1.5500E+5	1.0000E+0	2.3909E-7	2.2000E+1	9.0787E-11
1.5550E+5	1.0000E+0	2.3577E-7	2.2000E+1	9.1468E-11
1.5600E+5	1.0000E+0	2.3609E-7	2.2000E+1	8.9624E-11
1.5650E+5	1.0000E+0	2.3218E-7	2.2000E+1	9.0907E-11
1.5700E+5	1.0000E+0	2.3104E-7	2.2000E+1	9.1768E-11
1.5750E+5	1.0000E+0	2.2934E-7	2.2000E+1	9.0658E-11
1.5800E+5	1.0000E+0	2.2745E-7	2.2000E+1	9.1392E-11
1.5850E+5	1.0000E+0	2.2358E-7	2.2000E+1	9.1917E-11
1.5900E+5	1.0000E+0	2.2318E-7	2.2000E+1	5.0352E-9
1.5950E+5	1.0000E+0	2.2092E-7	2.2000E+1	1.0961E-8
1.6000E+5	1.0000E+0	2.1489E-7	2.2000E+1	1.0957E-8
1.6050E+5	1.0000E+0	2.1322E-7	2.2000E+1	1.0949E-8
1.6100E+5	1.0000E+0	2.1340E-7	2.2000E+1	1.0944E-8
1.6150E+5	1.0000E+0	2.0765E-7	2.2000E+1	1.0939E-8
1.6200E+5	1.0000E+0	2.0541E-7	2.2000E+1	1.0934E-8
1.6250E+5	1.0000E+0	2.0199E-7	2.2000E+1	1.0924E-8
1.6300E+5	1.0000E+0	1.9838E-7	2.2000E+1	1.0924E-8
1.6350E+5	1.0000E+0	1.9529E-7	2.2000E+1	1.0920E-8
1.6400E+5	1.0000E+0	1.9173E-7	2.2000E+1	1.0915E-8
1.6450E+5	1.0000E+0	1.8710E-7	2.2000E+1	1.0914E-8
1.6500E+5	1.0000E+0	1.8037E-7	2.2000E+1	1.0910E-8
1.6550E+5	1.0000E+0	1.7921E-7	2.2000E+1	1.0907E-8
1.6600E+5	1.0000E+0	1.7794E-7	2.2000E+1	1.0905E-8
1.6650E+5	1.0000E+0	1.7252E-7	2.2000E+1	1.0906E-8
1.6700E+5	1.0000E+0	1.7214E-7	2.2000E+1	1.0904E-8
1.6750E+5	1.0000E+0	1.6797E-7	2.2000E+1	1.0901E-8
1.6800E+5	1.0000E+0	1.6374E-7	2.2000E+1	1.0898E-8
1.6850E+5	1.0000E+0	1.6049E-7	2.2000E+1	1.0893E-8
1.6900E+5	1.0000E+0	1.5848E-7	2.2000E+1	1.0147E-8
1.6950E+5	1.0000E+0	1.5415E-7	2.2000E+1	1.2507E-10
1.7000E+5	1.0000E+0	1.5286E-7	2.2000E+1	9.7302E-11
1.7050E+5	1.0000E+0	1.5021E-7	2.2000E+1	9.5515E-11
1.7100E+5	1.0000E+0	1.4843E-7	2.2000E+1	9.3467E-11
1.7150E+5	1.0000E+0	1.4679E-7	2.2000E+1	9.3629E-11
1.7200E+5	1.0000E+0	1.4310E-7	2.2000E+1	9.3372E-11
1.7250E+5	1.0000E+0	1.4098E-7	2.2000E+1	9.2846E-11
1.7300E+5	1.0000E+0	1.3995E-7	2.2000E+1	9.2713E-11
1.7350E+5	1.0000E+0	1.3824E-7	2.2000E+1	9.3116E-11
1.7400E+5	1.0000E+0	1.3738E-7	2.2000E+1	9.2419E-11
1.7450E+5	1.0000E+0	1.3641E-7	2.2000E+1	9.3463E-11
1.7500E+5	1.0000E+0	1.3590E-7	2.2000E+1	9.4221E-11
1.7550E+5	1.0000E+0	1.3699E-7	2.2000E+1	9.3688E-11
1.7600E+5	1.0000E+0	1.3320E-7	2.2000E+1	9.3273E-11
1.7650E+5	1.0000E+0	1.3174E-7	2.2000E+1	9.2995E-11
1.7700E+5	1.0000E+0	1.3204E-7	2.2000E+1	9.3656E-11
1.7750E+5	1.0000E+0	1.3112E-7	2.2000E+1	9.3701E-11
1.7800E+5	1.0000E+0	1.2823E-7	2.2000E+1	9.4275E-11
1.7850E+5	1.0000E+0	1.2668E-7	2.2000E+1	9.2907E-11
1.7900E+5	1.0000E+0	1.2653E-7	2.2000E+1	9.3099E-11
1.7950E+5	1.0000E+0	1.2523E-7	2.2000E+1	9.3913E-11
1.8000E+5	1.0000E+0	1.2464E-7	2.2000E+1	9.4110E-11
1.8050E+5	1.0000E+0	1.2482E-7	2.2000E+1	9.3530E-11
1.8100E+5	1.0000E+0	1.2217E-7	2.2000E+1	9.3442E-11
1.8150E+5	1.0000E+0	1.2274E-7	2.2000E+1	9.2725E-11
1.8200E+5	1.0000E+0	1.2092E-7	2.2000E+1	9.2882E-11
1.8250E+5	1.0000E+0	1.1885E-7	2.2000E+1	9.3858E-11
1.8300E+5	1.0000E+0	1.1795E-7	2.2000E+1	9.4396E-11
1.8350E+5	1.0000E+0	1.1710E-7	2.2000E+1	9.4180E-11
1.8400E+5	1.0000E+0	1.1565E-7	2.2000E+1	9.3332E-11
1.8450E+5	1.0000E+0	1.1459E-7	2.2000E+1	9.2963E-11
1.8500E+5	1.0000E+0	1.1562E-7	2.2000E+1	9.4836E-11
1.8550E+5	1.0000E+0	1.1430E-7	2.2000E+1	9.4310E-11
1.8600E+5	1.0000E+0	1.1348E-7	2.2000E+1	9.4014E-11
1.8650E+5	1.0000E+0	1.1234E-7	2.2000E+1	9.4473E-11
1.8700E+5	1.0000E+0	1.1031E-7	2.2000E+1	9.4457E-11
1.8750E+5	1.0000E+0	1.1147E-7	2.2000E+1	9.4676E-11
1.8800E+5	1.0000E+0	1.1156E-7	2.2000E+1	9.4407E-11
1.8850E+5	1.0000E+0	1.1022E-7	2.2000E+1	9.3132E-11
1.8900E+5	1.0000E+0	1.1033E-7	2.2000E+1	9.6065E-11
1.8950E+5	1.0000E+0	1.0988E-7	2.2000E+1	9.3732E-11
1.9000E+5	1.0000E+0	1.0877E-7	2.2000E+1	9.3143E-11
1.9050E+5	1.0000E+0	1.0752E-7	2.2000E+1	9.3850E-11
1.9100E+5	1.0000E+0	1.0706E-7	2.2000E+1	9.4873E-11
1.9150E+5	1.0000E+0	1.0581E-7	2.2000E+1	9.3575E-11
1.9200E+5	1.0000E+0	1.0556E-7	2.2000E+1	9.4605E-11
1.9250E+5	1.0000E+0	1.0598E-7	2.2000E+1	9.4192E-11
1.9300E+5	1.0000E+0	1.0349E-7	2.2000E+1	9.3839E-11
1.9350E+5	1.0000E+0	1.0248E-7	2.2000E+1	9.4116E-11
1.9400E+5	1.0000E+0	1.0232E-7	2.2000E+1	9.3039E-11
1.9450E+5	1.0000E+0	1.0119E-7	2.2000E+1	9.4054E-11
1.9500E+5	1.0000E+0	1.0110E-7	2.2000E+1	9.3936E-11
1.9550E+5	1.0000E+0	1.0077E-7	2.2000E+1	9.4649E-11
1.9600E+5	1.0000E+0	1.0049E-7	2.2000E+1	9.2772E-11
1.9650E+5	1.0000E+0	9.9003E-8	2.2000E+1	9.5027E-11
1.9700E+5	1.0000E+0	9.8869E-8	2.2000E+1	9.4694E-11
1.9750E+5	1.0000E+0	9.8102E-8	2.2000E+1	9.3758E-11
1.9800E+5	1.0000E+0	9.7395E-8	2.2000E+1	9.5226E-11
1.9850E+5	1.0000E+0	9.6949E-8	2.2000E+1	9.3875E-11
1.9900E+5	1.0000E+0	9.5486E-8	2.2000E+1	9.3538E-11
1.9950E+5	1.0000E+0	9.5816E-8	2.2000E+1	9.4342E-11
2.0000E+5	1.0000E+0	9.4787E-8	2.2000E+1	9.3485E-11
2.0050E+5	1.0000E+0	9.4927E-8	2.2000E+1	9.4776E-11
2.0100E+5	1.0000E+0	9.2660E-8	2.2000E+1	9.3576E-11
