File Name: 02_Sample14_device3_It_150kV_VDrain1V_VGate20V.dat
File Data: 15/11/2023	13:42:18
Start V: 0
Step V: 0
Stop V: 0
Range V: 20
Delay(ms): 0
Auorange: yes
Sweep type: log
Instrument Meter: SM2614
Time(ms)	Vdrain(V)	Idrain(A)	Vgate(V)	Igate(A)
0.0000E+0	1.0000E+0	2.6072E-7	2.0000E+1	1.2680E-10
1.0000E+3	1.0000E+0	2.4706E-7	2.0000E+1	5.9972E-11
1.5000E+3	1.0000E+0	2.3548E-7	2.0000E+1	4.8515E-11
2.0000E+3	1.0000E+0	2.2673E-7	2.0000E+1	4.1931E-11
2.5000E+3	1.0000E+0	2.2081E-7	2.0000E+1	3.9234E-11
3.0000E+3	1.0000E+0	2.1875E-7	2.0000E+1	3.7051E-11
3.5000E+3	1.0000E+0	2.1406E-7	2.0000E+1	3.6056E-11
4.0000E+3	1.0000E+0	2.1547E-7	2.0000E+1	3.5393E-11
4.5000E+3	1.0000E+0	2.0833E-7	2.0000E+1	3.4732E-11
5.0000E+3	1.0000E+0	2.0200E-7	2.0000E+1	3.3966E-11
5.5000E+3	1.0000E+0	2.0100E-7	2.0000E+1	3.3060E-11
6.0000E+3	1.0000E+0	2.0113E-7	2.0000E+1	3.2542E-11
6.5000E+3	1.0000E+0	1.9794E-7	2.0000E+1	3.1879E-11
7.0000E+3	1.0000E+0	1.9026E-7	2.0000E+1	3.1332E-11
7.5000E+3	1.0000E+0	1.8637E-7	2.0000E+1	3.0214E-11
8.0000E+3	1.0000E+0	1.8720E-7	2.0000E+1	3.0876E-11
8.5000E+3	1.0000E+0	1.7849E-7	2.0000E+1	3.0439E-11
9.0130E+3	1.0000E+0	1.7553E-7	2.0000E+1	2.9844E-11
9.5000E+3	1.0000E+0	1.7496E-7	2.0000E+1	2.9278E-11
1.0000E+4	1.0000E+0	1.7059E-7	2.0000E+1	2.9327E-11
1.0500E+4	1.0000E+0	1.6984E-7	2.0000E+1	2.8843E-11
1.1000E+4	1.0000E+0	1.6567E-7	2.0000E+1	2.8329E-11
1.1500E+4	1.0000E+0	1.6725E-7	2.0000E+1	2.8188E-11
1.2000E+4	1.0000E+0	1.6254E-7	2.0000E+1	2.8176E-11
1.2500E+4	1.0000E+0	1.6286E-7	2.0000E+1	2.7893E-11
1.3000E+4	1.0000E+0	1.5918E-7	2.0000E+1	2.7506E-11
1.3500E+4	1.0000E+0	1.5653E-7	2.0000E+1	2.7598E-11
1.4000E+4	1.0000E+0	1.5430E-7	2.0000E+1	2.7115E-11
1.4500E+4	1.0000E+0	1.5399E-7	2.0000E+1	2.7094E-11
1.5000E+4	1.0000E+0	1.5114E-7	2.0000E+1	2.6562E-11
1.5500E+4	1.0000E+0	1.4988E-7	2.0000E+1	2.6412E-11
1.6000E+4	1.0000E+0	1.5016E-7	2.0000E+1	2.6479E-11
1.6500E+4	1.0000E+0	1.4770E-7	2.0000E+1	2.6430E-11
1.7000E+4	1.0000E+0	1.4485E-7	2.0000E+1	2.5819E-11
1.7500E+4	1.0000E+0	1.4562E-7	2.0000E+1	2.6185E-11
1.8000E+4	1.0000E+0	1.4416E-7	2.0000E+1	2.6013E-11
1.8500E+4	1.0000E+0	1.3883E-7	2.0000E+1	2.5814E-11
1.9000E+4	1.0000E+0	1.3943E-7	2.0000E+1	2.5830E-11
1.9500E+4	1.0000E+0	1.3561E-7	2.0000E+1	2.5881E-11
2.0000E+4	1.0000E+0	1.3520E-7	2.0000E+1	2.5590E-11
2.0500E+4	1.0000E+0	1.3684E-7	2.0000E+1	2.5375E-11
2.1000E+4	1.0000E+0	1.3461E-7	2.0000E+1	2.5440E-11
2.1500E+4	1.0000E+0	1.3618E-7	2.0000E+1	2.5250E-11
2.2000E+4	1.0000E+0	1.3119E-7	2.0000E+1	2.4937E-11
2.2500E+4	1.0000E+0	1.3026E-7	2.0000E+1	2.5106E-11
2.3000E+4	1.0000E+0	1.2927E-7	2.0000E+1	2.4891E-11
2.3500E+4	1.0000E+0	1.2770E-7	2.0000E+1	2.4768E-11
2.4000E+4	1.0000E+0	1.2683E-7	2.0000E+1	2.4862E-11
2.4500E+4	1.0000E+0	1.2487E-7	2.0000E+1	2.4896E-11
2.5000E+4	1.0000E+0	1.2472E-7	2.0000E+1	2.4599E-11
2.5500E+4	1.0000E+0	1.2330E-7	2.0000E+1	2.4923E-11
2.6000E+4	1.0000E+0	1.2211E-7	2.0000E+1	2.4828E-11
2.6500E+4	1.0000E+0	1.2115E-7	2.0000E+1	2.4687E-11
2.7000E+4	1.0000E+0	1.1693E-7	2.0000E+1	2.3968E-11
2.7500E+4	1.0000E+0	1.1573E-7	2.0000E+1	2.4203E-11
2.8000E+4	1.0000E+0	1.1539E-7	2.0000E+1	2.4124E-11
2.8500E+4	1.0000E+0	1.1620E-7	2.0000E+1	2.3893E-11
2.9000E+4	1.0000E+0	1.1296E-7	2.0000E+1	2.3857E-11
2.9500E+4	1.0000E+0	1.1207E-7	2.0000E+1	2.4351E-11
3.0000E+4	1.0000E+0	1.0965E-7	2.0000E+1	2.4189E-11
3.0500E+4	1.0000E+0	1.0993E-7	2.0000E+1	2.4139E-11
3.1000E+4	1.0000E+0	1.0826E-7	2.0000E+1	2.4129E-11
3.1500E+4	1.0000E+0	1.0592E-7	2.0000E+1	2.3974E-11
3.2000E+4	1.0000E+0	1.0644E-7	2.0000E+1	2.3761E-11
3.2500E+4	1.0000E+0	1.0516E-7	2.0000E+1	2.3720E-11
3.3000E+4	1.0000E+0	1.0442E-7	2.0000E+1	2.4020E-11
3.3500E+4	1.0000E+0	1.0161E-7	2.0000E+1	2.3897E-11
3.4000E+4	1.0000E+0	1.0088E-7	2.0000E+1	2.3398E-11
3.4500E+4	1.0000E+0	9.8160E-8	2.0000E+1	2.3763E-11
3.5500E+4	1.0000E+0	9.5041E-8	2.0000E+1	2.3493E-11
3.6000E+4	1.0000E+0	9.4547E-8	2.0000E+1	2.3303E-11
3.6500E+4	1.0000E+0	9.3142E-8	2.0000E+1	2.3394E-11
3.7000E+4	1.0000E+0	9.1517E-8	2.0000E+1	2.3345E-11
3.7500E+4	1.0000E+0	9.1356E-8	2.0000E+1	2.3484E-11
3.8000E+4	1.0000E+0	9.0500E-8	2.0000E+1	2.2917E-11
3.8500E+4	1.0000E+0	8.9176E-8	2.0000E+1	2.3278E-11
3.9000E+4	1.0000E+0	8.7108E-8	2.0000E+1	2.3737E-11
3.9500E+4	1.0000E+0	8.5553E-8	2.0000E+1	2.2974E-11
4.0000E+4	1.0000E+0	8.4726E-8	2.0000E+1	2.3080E-11
4.0500E+4	1.0000E+0	8.4029E-8	2.0000E+1	2.3252E-11
4.1000E+4	1.0000E+0	8.2217E-8	2.0000E+1	2.3145E-11
4.1500E+4	1.0000E+0	8.0019E-8	2.0000E+1	2.3460E-11
4.2000E+4	1.0000E+0	7.9171E-8	2.0000E+1	2.3651E-11
4.2500E+4	1.0000E+0	7.7096E-8	2.0000E+1	2.3696E-11
4.3000E+4	1.0000E+0	7.5340E-8	2.0000E+1	2.3712E-11
4.3500E+4	1.0000E+0	7.3814E-8	2.0000E+1	2.3776E-11
4.4000E+4	1.0000E+0	7.3535E-8	2.0000E+1	2.3183E-11
4.4500E+4	1.0000E+0	7.2617E-8	2.0000E+1	2.3438E-11
4.5000E+4	1.0000E+0	7.1153E-8	2.0000E+1	2.3059E-11
4.5500E+4	1.0000E+0	6.9293E-8	2.0000E+1	2.3469E-11
4.6000E+4	1.0000E+0	6.8236E-8	2.0000E+1	2.3453E-11
4.6500E+4	1.0000E+0	6.6395E-8	2.0000E+1	2.3584E-11
4.7000E+4	1.0000E+0	6.5292E-8	2.0000E+1	2.3187E-11
4.7500E+4	1.0000E+0	6.4249E-8	2.0000E+1	2.3493E-11
4.8000E+4	1.0000E+0	6.2312E-8	2.0000E+1	2.2968E-11
4.8500E+4	1.0000E+0	6.1130E-8	2.0000E+1	2.2974E-11
4.9000E+4	1.0000E+0	6.0019E-8	2.0000E+1	2.3347E-11
4.9500E+4	1.0000E+0	5.8690E-8	2.0000E+1	2.3104E-11
5.0000E+4	1.0000E+0	5.7154E-8	2.0000E+1	2.3017E-11
5.0500E+4	1.0000E+0	5.6193E-8	2.0000E+1	2.3104E-11
5.1000E+4	1.0000E+0	5.4956E-8	2.0000E+1	2.3009E-11
5.1500E+4	1.0000E+0	5.3416E-8	2.0000E+1	2.3299E-11
5.2000E+4	1.0000E+0	5.2389E-8	2.0000E+1	2.2742E-11
5.2500E+4	1.0000E+0	5.1888E-8	2.0000E+1	2.2975E-11
5.3000E+4	1.0000E+0	5.0823E-8	2.0000E+1	2.2367E-11
5.3500E+4	1.0000E+0	4.9735E-8	2.0000E+1	2.2513E-11
5.4000E+4	1.0000E+0	4.8691E-8	2.0000E+1	2.2520E-11
5.4500E+4	1.0000E+0	4.7922E-8	2.0000E+1	2.2494E-11
5.5000E+4	1.0000E+0	4.6596E-8	2.0000E+1	2.2546E-11
5.5500E+4	1.0000E+0	4.5462E-8	2.0000E+1	2.2457E-11
5.6000E+4	1.0000E+0	4.4174E-8	2.0000E+1	2.2122E-11
5.6500E+4	1.0000E+0	4.3306E-8	2.0000E+1	2.2435E-11
5.7000E+4	1.0000E+0	4.2115E-8	2.0000E+1	2.2608E-11
5.7500E+4	1.0000E+0	4.1148E-8	2.0000E+1	2.2762E-11
5.8000E+4	1.0000E+0	4.0345E-8	2.0000E+1	2.2169E-11
5.8500E+4	1.0000E+0	3.9228E-8	2.0000E+1	2.2324E-11
5.9000E+4	1.0000E+0	3.8143E-8	2.0000E+1	2.2224E-11
5.9500E+4	1.0000E+0	3.7267E-8	2.0000E+1	2.2205E-11
6.0000E+4	1.0000E+0	3.6172E-8	2.0000E+1	2.2570E-11
6.0500E+4	1.0000E+0	3.5147E-8	2.0000E+1	2.2376E-11
6.1000E+4	1.0000E+0	3.4717E-8	2.0000E+1	2.2502E-11
6.1500E+4	1.0000E+0	3.3734E-8	2.0000E+1	2.2303E-11
6.2000E+4	1.0000E+0	3.2975E-8	2.0000E+1	2.2361E-11
6.2500E+4	1.0000E+0	3.1941E-8	2.0000E+1	2.2416E-11
6.3000E+4	1.0000E+0	3.1030E-8	2.0000E+1	2.2215E-11
6.3500E+4	1.0000E+0	3.0174E-8	2.0000E+1	2.2291E-11
6.4000E+4	1.0000E+0	2.9658E-8	2.0000E+1	2.2157E-11
6.4500E+4	1.0000E+0	2.8970E-8	2.0000E+1	2.2090E-11
6.5000E+4	1.0000E+0	2.8080E-8	2.0000E+1	2.2086E-11
6.5500E+4	1.0000E+0	2.7516E-8	2.0000E+1	2.2589E-11
6.6000E+4	1.0000E+0	2.6781E-8	2.0000E+1	2.1957E-11
6.6500E+4	1.0000E+0	2.5919E-8	2.0000E+1	2.1919E-11
6.7000E+4	1.0000E+0	2.5200E-8	2.0000E+1	2.2024E-11
6.7500E+4	1.0000E+0	2.4469E-8	2.0000E+1	2.2261E-11
6.8000E+4	1.0000E+0	2.3822E-8	2.0000E+1	2.2405E-11
6.8500E+4	1.0000E+0	2.3317E-8	2.0000E+1	2.2110E-11
6.9000E+4	1.0000E+0	2.2737E-8	2.0000E+1	2.2465E-11
6.9500E+4	1.0000E+0	2.1963E-8	2.0000E+1	2.2262E-11
7.0000E+4	1.0000E+0	2.1587E-8	2.0000E+1	2.1964E-11
7.0500E+4	1.0000E+0	2.0747E-8	2.0000E+1	2.2080E-11
7.1000E+4	1.0000E+0	2.0194E-8	2.0000E+1	2.2121E-11
7.1500E+4	1.0000E+0	1.9548E-8	2.0000E+1	2.2365E-11
7.2000E+4	1.0000E+0	1.9028E-8	2.0000E+1	2.1970E-11
7.2500E+4	1.0000E+0	1.8508E-8	2.0000E+1	2.2163E-11
7.3000E+4	1.0000E+0	1.7856E-8	2.0000E+1	2.2430E-11
7.3500E+4	1.0000E+0	1.7273E-8	2.0000E+1	2.2154E-11
7.4000E+4	1.0000E+0	1.6761E-8	2.0000E+1	2.2399E-11
7.4500E+4	1.0000E+0	1.6183E-8	2.0000E+1	2.2052E-11
7.5000E+4	1.0000E+0	1.5723E-8	2.0000E+1	2.2113E-11
7.5500E+4	1.0000E+0	1.5008E-8	2.0000E+1	2.2416E-11
7.6000E+4	1.0000E+0	1.4489E-8	2.0000E+1	2.1745E-11
7.6500E+4	1.0000E+0	1.4148E-8	2.0000E+1	2.2284E-11
7.7000E+4	1.0000E+0	1.3791E-8	2.0000E+1	2.2458E-11
7.7500E+4	1.0000E+0	1.3380E-8	2.0000E+1	2.2418E-11
7.8000E+4	1.0000E+0	1.3004E-8	2.0000E+1	2.1970E-11
7.8500E+4	1.0000E+0	1.2557E-8	2.0000E+1	2.2320E-11
7.9000E+4	1.0000E+0	1.2175E-8	2.0000E+1	2.2050E-11
7.9500E+4	1.0000E+0	1.1781E-8	2.0000E+1	2.1731E-11
8.0000E+4	1.0000E+0	1.1450E-8	2.0000E+1	2.1918E-11
8.0500E+4	1.0000E+0	1.1037E-8	2.0000E+1	2.2056E-11
8.1000E+4	1.0000E+0	1.0711E-8	2.0000E+1	2.2166E-11
8.1500E+4	1.0000E+0	1.0409E-8	2.0000E+1	2.2144E-11
8.2000E+4	1.0000E+0	1.0128E-8	2.0000E+1	2.2184E-11
8.2500E+4	1.0000E+0	9.7259E-9	2.0000E+1	2.1968E-11
8.3000E+4	1.0000E+0	9.3731E-9	2.0000E+1	2.2101E-11
8.3500E+4	1.0000E+0	9.0107E-9	2.0000E+1	2.2159E-11
8.4000E+4	1.0000E+0	8.7505E-9	2.0000E+1	2.1606E-11
8.4500E+4	1.0000E+0	8.6339E-9	2.0000E+1	2.2333E-11
8.5000E+4	1.0000E+0	8.3320E-9	2.0000E+1	2.2029E-11
8.5500E+4	1.0000E+0	8.0586E-9	2.0000E+1	2.1878E-11
8.6000E+4	1.0000E+0	7.8482E-9	2.0000E+1	2.1976E-11
8.6500E+4	1.0000E+0	7.6100E-9	2.0000E+1	2.2037E-11
8.7000E+4	1.0000E+0	7.4066E-9	2.0000E+1	2.2184E-11
8.7500E+4	1.0000E+0	7.1527E-9	2.0000E+1	2.1865E-11
8.8000E+4	1.0000E+0	7.0184E-9	2.0000E+1	2.2010E-11
8.8500E+4	1.0000E+0	6.7920E-9	2.0000E+1	2.1892E-11
8.9000E+4	1.0000E+0	6.5950E-9	2.0000E+1	2.1867E-11
8.9500E+4	1.0000E+0	6.4619E-9	2.0000E+1	2.2018E-11
9.0000E+4	1.0000E+0	6.3304E-9	2.0000E+1	2.1930E-11
9.0500E+4	1.0000E+0	6.1267E-9	2.0000E+1	2.1928E-11
9.1000E+4	1.0000E+0	5.9661E-9	2.0000E+1	2.1979E-11
9.1500E+4	1.0000E+0	5.8269E-9	2.0000E+1	2.2258E-11
9.2000E+4	1.0000E+0	5.6109E-9	2.0000E+1	2.2080E-11
9.2500E+4	1.0000E+0	5.3869E-9	2.0000E+1	2.2017E-11
9.3000E+4	1.0000E+0	5.2407E-9	2.0000E+1	2.1851E-11
9.3500E+4	1.0000E+0	5.1203E-9	2.0000E+1	2.1878E-11
9.4000E+4	1.0000E+0	5.0274E-9	2.0000E+1	2.1744E-11
9.4500E+4	1.0000E+0	4.8097E-9	2.0000E+1	2.2010E-11
9.5000E+4	1.0000E+0	4.7111E-9	2.0000E+1	2.1627E-11
9.5500E+4	1.0000E+0	4.5424E-9	2.0000E+1	2.1930E-11
9.6000E+4	1.0000E+0	4.4509E-9	2.0000E+1	2.1647E-11
9.6500E+4	1.0000E+0	4.3674E-9	2.0000E+1	2.1994E-11
9.7000E+4	1.0000E+0	4.2381E-9	2.0000E+1	2.1546E-11
9.7500E+4	1.0000E+0	4.1475E-9	2.0000E+1	2.1819E-11
9.8000E+4	1.0000E+0	4.0462E-9	2.0000E+1	2.1986E-11
9.8500E+4	1.0000E+0	3.9251E-9	2.0000E+1	2.1730E-11
9.9000E+4	1.0000E+0	3.8491E-9	2.0000E+1	2.1802E-11
9.9500E+4	1.0000E+0	3.7382E-9	2.0000E+1	2.1639E-11
1.0000E+5	1.0000E+0	3.6051E-9	2.0000E+1	2.1669E-11
1.0050E+5	1.0000E+0	3.5081E-9	2.0000E+1	2.1502E-11
1.0100E+5	1.0000E+0	3.4383E-9	2.0000E+1	2.1552E-11
1.0150E+5	1.0000E+0	3.3456E-9	2.0000E+1	2.1560E-11
1.0200E+5	1.0000E+0	3.2527E-9	2.0000E+1	2.1752E-11
1.0250E+5	1.0000E+0	3.1667E-9	2.0000E+1	2.2392E-11
1.0300E+5	1.0000E+0	3.1083E-9	2.0000E+1	2.1964E-11
1.0350E+5	1.0000E+0	3.0421E-9	2.0000E+1	2.1363E-11
1.0400E+5	1.0000E+0	2.9663E-9	2.0000E+1	2.1595E-11
1.0450E+5	1.0000E+0	2.9159E-9	2.0000E+1	2.2116E-11
1.0500E+5	1.0000E+0	2.8391E-9	2.0000E+1	2.1865E-11
1.0550E+5	1.0000E+0	2.7332E-9	2.0000E+1	2.1689E-11
1.0600E+5	1.0000E+0	2.6880E-9	2.0000E+1	2.1957E-11
1.0650E+5	1.0000E+0	2.6656E-9	2.0000E+1	2.1857E-11
1.0700E+5	1.0000E+0	2.5746E-9	2.0000E+1	2.1808E-11
1.0750E+5	1.0000E+0	2.5640E-9	2.0000E+1	2.1706E-11
1.0800E+5	1.0000E+0	2.4984E-9	2.0000E+1	2.1524E-11
1.0850E+5	1.0000E+0	2.4722E-9	2.0000E+1	2.1893E-11
1.0900E+5	1.0000E+0	2.4245E-9	2.0000E+1	2.1483E-11
1.0950E+5	1.0000E+0	2.4252E-9	2.0000E+1	2.1661E-11
1.1000E+5	1.0000E+0	2.3513E-9	2.0000E+1	2.1497E-11
1.1050E+5	1.0000E+0	2.2769E-9	2.0000E+1	2.1594E-11
1.1100E+5	1.0000E+0	2.2537E-9	2.0000E+1	2.1944E-11
1.1150E+5	1.0000E+0	2.2374E-9	2.0000E+1	2.2008E-11
1.1200E+5	1.0000E+0	2.1859E-9	2.0000E+1	2.1586E-11
1.1250E+5	1.0000E+0	2.1428E-9	2.0000E+1	2.1609E-11
1.1300E+5	1.0000E+0	2.0922E-9	2.0000E+1	2.1719E-11
1.1350E+5	1.0000E+0	2.0497E-9	2.0000E+1	2.1853E-11
1.1400E+5	1.0000E+0	1.9993E-9	2.0000E+1	2.1824E-11
1.1450E+5	1.0000E+0	1.9520E-9	2.0000E+1	2.1921E-11
1.1500E+5	1.0000E+0	1.8818E-9	2.0000E+1	2.1757E-11
1.1550E+5	1.0000E+0	1.8428E-9	2.0000E+1	2.1652E-11
1.1600E+5	1.0000E+0	1.8169E-9	2.0000E+1	2.1679E-11
1.1650E+5	1.0000E+0	1.7703E-9	2.0000E+1	2.1657E-11
1.1700E+5	1.0000E+0	1.7332E-9	2.0000E+1	2.1523E-11
1.1750E+5	1.0000E+0	1.6981E-9	2.0000E+1	2.1722E-11
1.1800E+5	1.0000E+0	1.6493E-9	2.0000E+1	2.1439E-11
1.1850E+5	1.0000E+0	1.6078E-9	2.0000E+1	2.1725E-11
1.1900E+5	1.0000E+0	1.5820E-9	2.0000E+1	2.1745E-11
1.1950E+5	1.0000E+0	1.5604E-9	2.0000E+1	2.1974E-11
1.2000E+5	1.0000E+0	1.5032E-9	2.0000E+1	2.1502E-11
1.2050E+5	1.0000E+0	1.4757E-9	2.0000E+1	2.1333E-11
1.2100E+5	1.0000E+0	1.4539E-9	2.0000E+1	2.1590E-11
1.2150E+5	1.0000E+0	1.4196E-9	2.0000E+1	2.1409E-11
1.2200E+5	1.0000E+0	1.4095E-9	2.0000E+1	2.1369E-11
1.2250E+5	1.0000E+0	1.3862E-9	2.0000E+1	2.1766E-11
1.2300E+5	1.0000E+0	1.3394E-9	2.0000E+1	2.2428E-11
1.2350E+5	1.0000E+0	1.3124E-9	2.0000E+1	2.2348E-11
1.2400E+5	1.0000E+0	1.2767E-9	2.0000E+1	2.2727E-11
1.2450E+5	1.0000E+0	1.2698E-9	2.0000E+1	2.2886E-11
1.2500E+5	1.0000E+0	1.2318E-9	2.0000E+1	2.2696E-11
1.2550E+5	1.0000E+0	1.1857E-9	2.0000E+1	2.2215E-11
1.2600E+5	1.0000E+0	1.1905E-9	2.0000E+1	2.2162E-11
1.2650E+5	1.0000E+0	1.1747E-9	2.0000E+1	2.2026E-11
1.2700E+5	1.0000E+0	1.1456E-9	2.0000E+1	2.2588E-11
1.2750E+5	1.0000E+0	1.1292E-9	2.0000E+1	2.2091E-11
1.2800E+5	1.0000E+0	1.1200E-9	2.0000E+1	2.1896E-11
1.2850E+5	1.0000E+0	1.1049E-9	2.0000E+1	2.1995E-11
1.2900E+5	1.0000E+0	1.0856E-9	2.0000E+1	2.1942E-11
1.2950E+5	1.0000E+0	1.0519E-9	2.0000E+1	2.2118E-11
1.3000E+5	1.0000E+0	1.0363E-9	2.0000E+1	2.2336E-11
1.3050E+5	1.0000E+0	1.0175E-9	2.0000E+1	2.1546E-11
1.3100E+5	1.0000E+0	1.0157E-9	2.0000E+1	2.1805E-11
1.3150E+5	1.0000E+0	3.3873E-10	2.0000E+1	2.5682E-9
1.3200E+5	1.0000E+0	3.0969E-10	2.0000E+1	2.7058E-9
1.3250E+5	1.0000E+0	3.2416E-10	2.0000E+1	2.7221E-9
1.3300E+5	1.0000E+0	3.1293E-10	2.0000E+1	2.7121E-9
1.3350E+5	1.0000E+0	3.2672E-10	2.0000E+1	2.7106E-9
1.3400E+5	1.0000E+0	3.3422E-10	2.0000E+1	2.7092E-9
1.3450E+5	1.0000E+0	3.3571E-10	2.0000E+1	2.7232E-9
1.3500E+5	1.0000E+0	3.3121E-10	2.0000E+1	2.7172E-9
1.3550E+5	1.0000E+0	3.3776E-10	2.0000E+1	2.7177E-9
1.3600E+5	1.0000E+0	3.3848E-10	2.0000E+1	2.7177E-9
1.3650E+5	1.0000E+0	3.3642E-10	2.0000E+1	2.7171E-9
1.3700E+5	1.0000E+0	3.2900E-10	2.0000E+1	2.7163E-9
1.3750E+5	1.0000E+0	3.6213E-10	2.0000E+1	2.7344E-9
1.3800E+5	1.0000E+0	3.9312E-10	2.0000E+1	2.7408E-9
1.3850E+5	1.0000E+0	3.2666E-10	2.0000E+1	2.7061E-9
1.3900E+5	1.0000E+0	3.3007E-10	2.0000E+1	2.7120E-9
1.3950E+5	1.0000E+0	3.2705E-10	2.0000E+1	2.7209E-9
1.4000E+5	1.0000E+0	3.2500E-10	2.0000E+1	2.7142E-9
1.4050E+5	1.0000E+0	3.1817E-10	2.0000E+1	2.7274E-9
1.4100E+5	1.0000E+0	3.0581E-10	2.0000E+1	2.7179E-9
1.4150E+5	1.0000E+0	6.9705E-10	2.0000E+1	3.5189E-10
1.4200E+5	1.0000E+0	9.1462E-10	2.0000E+1	7.8325E-11
1.4250E+5	1.0000E+0	9.2377E-10	2.0000E+1	3.8842E-11
1.4300E+5	1.0000E+0	9.0543E-10	2.0000E+1	2.8325E-11
1.4350E+5	1.0000E+0	8.5971E-10	2.0000E+1	2.3737E-11
1.4400E+5	1.0000E+0	8.2155E-10	2.0000E+1	2.2905E-11
1.4450E+5	1.0000E+0	7.9397E-10	2.0000E+1	2.2159E-11
1.4500E+5	1.0000E+0	7.7488E-10	2.0000E+1	2.1872E-11
1.4550E+5	1.0000E+0	7.4228E-10	2.0000E+1	2.1892E-11
1.4600E+5	1.0000E+0	7.1161E-10	2.0000E+1	2.1970E-11
1.4650E+5	1.0000E+0	6.8286E-10	2.0000E+1	2.1986E-11
1.4700E+5	1.0000E+0	6.6035E-10	2.0000E+1	2.1926E-11
1.4750E+5	1.0000E+0	6.3806E-10	2.0000E+1	2.1880E-11
1.4800E+5	1.0000E+0	6.3834E-10	2.0000E+1	2.1894E-11
1.4850E+5	1.0000E+0	6.2449E-10	2.0000E+1	2.1765E-11
1.4900E+5	1.0000E+0	6.1052E-10	2.0000E+1	2.1857E-11
1.4950E+5	1.0000E+0	6.0109E-10	2.0000E+1	2.1777E-11
1.5000E+5	1.0000E+0	5.8438E-10	2.0000E+1	2.2058E-11
1.5050E+5	1.0000E+0	5.7236E-10	2.0000E+1	2.2005E-11
1.5100E+5	1.0000E+0	5.7042E-10	2.0000E+1	2.1899E-11
1.5150E+5	1.0000E+0	1.8796E-10	2.0000E+1	2.5801E-9
1.5200E+5	1.0000E+0	1.7049E-10	2.0000E+1	2.7215E-9
1.5250E+5	1.0000E+0	1.7557E-10	2.0000E+1	2.7369E-9
1.5300E+5	1.0000E+0	1.7987E-10	2.0000E+1	2.7390E-9
1.5350E+5	1.0000E+0	1.8627E-10	2.0000E+1	2.7340E-9
1.5400E+5	1.0000E+0	1.9237E-10	2.0000E+1	2.7290E-9
1.5450E+5	1.0000E+0	1.9312E-10	2.0000E+1	2.7028E-9
1.5500E+5	1.0000E+0	2.1151E-10	2.0000E+1	2.7464E-9
1.5550E+5	1.0000E+0	1.9928E-10	2.0000E+1	2.7219E-9
1.5600E+5	1.0000E+0	2.1682E-10	2.0000E+1	2.7524E-9
1.5650E+5	1.0000E+0	2.0919E-10	2.0000E+1	2.7320E-9
1.5700E+5	1.0000E+0	2.1003E-10	2.0000E+1	2.7289E-9
1.5750E+5	1.0000E+0	1.9871E-10	2.0000E+1	2.7242E-9
1.5800E+5	1.0000E+0	2.0538E-10	2.0000E+1	2.7337E-9
1.5850E+5	1.0000E+0	1.9921E-10	2.0000E+1	2.7275E-9
1.5900E+5	1.0000E+0	2.1392E-10	2.0000E+1	2.7336E-9
1.5950E+5	1.0000E+0	2.1406E-10	2.0000E+1	2.7282E-9
1.6000E+5	1.0000E+0	2.1261E-10	2.0000E+1	2.7324E-9
1.6050E+5	1.0000E+0	2.0806E-10	2.0000E+1	2.7349E-9
1.6100E+5	1.0000E+0	2.0265E-10	2.0000E+1	2.7337E-9
1.6150E+5	1.0000E+0	4.3480E-10	2.0000E+1	4.5391E-10
1.6200E+5	1.0000E+0	6.0964E-10	2.0000E+1	8.0752E-11
1.6250E+5	1.0000E+0	6.2464E-10	2.0000E+1	3.9686E-11
1.6300E+5	1.0000E+0	5.8863E-10	2.0000E+1	2.6751E-11
1.6350E+5	1.0000E+0	5.6308E-10	2.0000E+1	2.3706E-11
1.6400E+5	1.0000E+0	5.3100E-10	2.0000E+1	2.2608E-11
1.6450E+5	1.0000E+0	5.1050E-10	2.0000E+1	2.2148E-11
1.6500E+5	1.0000E+0	4.8629E-10	2.0000E+1	2.1750E-11
1.6550E+5	1.0000E+0	4.7691E-10	2.0000E+1	2.1993E-11
1.6600E+5	1.0000E+0	4.5105E-10	2.0000E+1	2.1964E-11
1.6650E+5	1.0000E+0	4.2542E-10	2.0000E+1	2.1896E-11
1.6700E+5	1.0000E+0	4.2468E-10	2.0000E+1	2.1983E-11
1.6750E+5	1.0000E+0	4.1688E-10	2.0000E+1	2.2128E-11
1.6800E+5	1.0000E+0	4.0329E-10	2.0000E+1	2.1872E-11
1.6850E+5	1.0000E+0	3.9452E-10	2.0000E+1	2.2110E-11
1.6900E+5	1.0000E+0	3.8195E-10	2.0000E+1	2.1708E-11
1.6950E+5	1.0000E+0	3.7745E-10	2.0000E+1	2.1940E-11
1.7000E+5	1.0000E+0	3.7381E-10	2.0000E+1	2.1744E-11
1.7050E+5	1.0000E+0	3.6836E-10	2.0000E+1	2.1772E-11
1.7100E+5	1.0000E+0	3.6197E-10	2.0000E+1	2.1752E-11
1.7150E+5	1.0000E+0	1.5130E-10	2.0000E+1	2.5254E-9
1.7200E+5	1.0000E+0	1.1836E-10	2.0000E+1	2.7309E-9
1.7250E+5	1.0000E+0	1.1695E-10	2.0000E+1	2.7277E-9
1.7300E+5	1.0000E+0	1.3074E-10	2.0000E+1	2.7328E-9
1.7350E+5	1.0000E+0	1.3512E-10	2.0000E+1	2.7466E-9
1.7400E+5	1.0000E+0	1.3738E-10	2.0000E+1	2.7293E-9
1.7450E+5	1.0000E+0	1.3589E-10	2.0000E+1	2.7220E-9
1.7500E+5	1.0000E+0	1.3276E-10	2.0000E+1	2.7231E-9
1.7550E+5	1.0000E+0	1.5125E-10	2.0000E+1	2.7213E-9
1.7600E+5	1.0000E+0	1.4784E-10	2.0000E+1	2.7296E-9
1.7650E+5	1.0000E+0	1.5407E-10	2.0000E+1	2.7275E-9
1.7700E+5	1.0000E+0	1.6226E-10	2.0000E+1	2.7393E-9
1.7750E+5	1.0000E+0	1.5005E-10	2.0000E+1	2.7149E-9
1.7800E+5	1.0000E+0	1.5621E-10	2.0000E+1	2.7354E-9
1.7850E+5	1.0000E+0	1.6216E-10	2.0000E+1	2.7256E-9
1.7900E+5	1.0000E+0	1.5786E-10	2.0000E+1	2.7365E-9
1.7950E+5	1.0000E+0	1.4777E-10	2.0000E+1	2.7258E-9
1.8000E+5	1.0000E+0	1.5476E-10	2.0000E+1	2.7180E-9
1.8050E+5	1.0000E+0	1.5904E-10	2.0000E+1	2.7275E-9
1.8100E+5	1.0000E+0	1.4864E-10	2.0000E+1	2.7248E-9
1.8150E+5	1.0000E+0	2.5701E-10	2.0000E+1	6.7028E-10
1.8200E+5	1.0000E+0	4.3300E-10	2.0000E+1	8.0524E-11
1.8250E+5	1.0000E+0	4.3927E-10	2.0000E+1	4.0251E-11
1.8300E+5	1.0000E+0	4.1597E-10	2.0000E+1	2.7245E-11
1.8350E+5	1.0000E+0	4.0094E-10	2.0000E+1	2.3644E-11
1.8400E+5	1.0000E+0	3.8179E-10	2.0000E+1	2.2751E-11
1.8450E+5	1.0000E+0	3.7050E-10	2.0000E+1	2.1778E-11
1.8500E+5	1.0000E+0	3.5891E-10	2.0000E+1	2.2143E-11
1.8550E+5	1.0000E+0	3.4386E-10	2.0000E+1	2.2115E-11
1.8600E+5	1.0000E+0	3.3136E-10	2.0000E+1	2.2036E-11
1.8650E+5	1.0000E+0	3.1799E-10	2.0000E+1	2.2007E-11
1.8700E+5	1.0000E+0	3.0639E-10	2.0000E+1	2.2440E-11
1.8750E+5	1.0000E+0	3.0361E-10	2.0000E+1	2.2084E-11
1.8800E+5	1.0000E+0	2.9798E-10	2.0000E+1	2.2371E-11
1.8850E+5	1.0000E+0	2.9215E-10	2.0000E+1	2.2262E-11
1.8900E+5	1.0000E+0	2.8839E-10	2.0000E+1	2.2130E-11
1.8950E+5	1.0000E+0	2.8575E-10	2.0000E+1	2.2149E-11
1.9000E+5	1.0000E+0	2.8461E-10	2.0000E+1	2.2184E-11
1.9050E+5	1.0000E+0	2.7726E-10	2.0000E+1	2.2070E-11
1.9100E+5	1.0000E+0	2.7068E-10	2.0000E+1	2.2433E-11
1.9150E+5	1.0000E+0	1.4336E-10	2.0000E+1	2.4953E-9
1.9200E+5	1.0000E+0	9.7103E-11	2.0000E+1	2.7299E-9
1.9250E+5	1.0000E+0	9.6182E-11	2.0000E+1	2.7394E-9
1.9300E+5	1.0000E+0	1.0253E-10	2.0000E+1	2.7339E-9
1.9350E+5	1.0000E+0	1.0890E-10	2.0000E+1	2.7353E-9
1.9400E+5	1.0000E+0	1.0961E-10	2.0000E+1	2.7402E-9
1.9450E+5	1.0000E+0	1.1395E-10	2.0000E+1	2.7407E-9
1.9500E+5	1.0000E+0	1.1786E-10	2.0000E+1	2.7185E-9
1.9550E+5	1.0000E+0	1.2497E-10	2.0000E+1	2.7333E-9
1.9600E+5	1.0000E+0	1.2186E-10	2.0000E+1	2.7189E-9
1.9650E+5	1.0000E+0	1.2001E-10	2.0000E+1	2.7273E-9
1.9700E+5	1.0000E+0	1.2981E-10	2.0000E+1	2.7361E-9
1.9750E+5	1.0000E+0	1.3103E-10	2.0000E+1	2.7325E-9
1.9800E+5	1.0000E+0	1.2762E-10	2.0000E+1	2.7262E-9
1.9850E+5	1.0000E+0	1.3906E-10	2.0000E+1	2.7435E-9
1.9900E+5	1.0000E+0	1.3113E-10	2.0000E+1	2.7251E-9
1.9950E+5	1.0000E+0	1.3472E-10	2.0000E+1	2.7224E-9
2.0000E+5	1.0000E+0	1.3854E-10	2.0000E+1	2.7371E-9
2.0050E+5	1.0000E+0	1.4084E-10	2.0000E+1	2.7286E-9
2.0100E+5	1.0000E+0	1.2859E-10	2.0000E+1	2.7232E-9
2.0150E+5	1.0000E+0	1.8652E-10	2.0000E+1	1.0183E-9
2.0200E+5	1.0000E+0	3.6916E-10	2.0000E+1	9.2218E-11
2.0250E+5	1.0000E+0	3.8484E-10	2.0000E+1	4.0928E-11
2.0300E+5	1.0000E+0	3.6453E-10	2.0000E+1	2.7851E-11
2.0350E+5	1.0000E+0	3.3977E-10	2.0000E+1	2.3130E-11
2.0400E+5	1.0000E+0	3.2450E-10	2.0000E+1	2.2355E-11
2.0450E+5	1.0000E+0	3.0817E-10	2.0000E+1	2.1841E-11
2.0500E+5	1.0000E+0	2.9891E-10	2.0000E+1	2.1940E-11
2.0550E+5	1.0000E+0	2.8231E-10	2.0000E+1	2.1783E-11
2.0600E+5	1.0000E+0	2.7316E-10	2.0000E+1	2.1664E-11
2.0650E+5	1.0000E+0	2.6433E-10	2.0000E+1	2.1489E-11
2.0700E+5	1.0000E+0	2.5634E-10	2.0000E+1	2.1918E-11
2.0750E+5	1.0000E+0	2.4904E-10	2.0000E+1	2.1658E-11
2.0800E+5	1.0000E+0	2.4382E-10	2.0000E+1	2.1843E-11
2.0850E+5	1.0000E+0	2.3703E-10	2.0000E+1	2.1570E-11
2.0900E+5	1.0000E+0	2.3315E-10	2.0000E+1	2.1764E-11
2.0950E+5	1.0000E+0	2.2675E-10	2.0000E+1	2.2167E-11
2.1000E+5	1.0000E+0	2.2566E-10	2.0000E+1	2.1771E-11
2.1050E+5	1.0000E+0	2.2208E-10	2.0000E+1	2.1628E-11
2.1100E+5	1.0000E+0	2.1910E-10	2.0000E+1	2.1789E-11
2.1150E+5	1.0000E+0	2.1281E-10	2.0000E+1	2.1570E-11
2.1200E+5	1.0000E+0	2.1537E-10	2.0000E+1	2.2206E-11
2.1250E+5	1.0000E+0	2.1618E-10	2.0000E+1	2.1678E-11
2.1300E+5	1.0000E+0	2.1019E-10	2.0000E+1	2.1684E-11
2.1350E+5	1.0000E+0	2.0695E-10	2.0000E+1	2.1803E-11
2.1400E+5	1.0000E+0	2.0436E-10	2.0000E+1	2.1951E-11
2.1450E+5	1.0000E+0	2.0367E-10	2.0000E+1	2.1853E-11
2.1500E+5	1.0000E+0	2.0198E-10	2.0000E+1	2.1745E-11
2.1550E+5	1.0000E+0	2.0234E-10	2.0000E+1	2.1861E-11
2.1600E+5	1.0000E+0	2.0024E-10	2.0000E+1	2.1998E-11
2.1650E+5	1.0000E+0	2.0093E-10	2.0000E+1	2.1874E-11
2.1700E+5	1.0000E+0	1.9952E-10	2.0000E+1	2.1995E-11
2.1750E+5	1.0000E+0	1.9780E-10	2.0000E+1	2.1883E-11
2.1800E+5	1.0000E+0	1.9314E-10	2.0000E+1	2.2094E-11
2.1850E+5	1.0000E+0	1.9033E-10	2.0000E+1	2.2080E-11
2.1900E+5	1.0000E+0	1.8851E-10	2.0000E+1	2.1965E-11
2.1950E+5	1.0000E+0	1.9184E-10	2.0000E+1	2.1948E-11
2.2000E+5	1.0000E+0	1.8985E-10	2.0000E+1	2.1520E-11
2.2050E+5	1.0000E+0	1.8727E-10	2.0000E+1	2.1855E-11
2.2100E+5	1.0000E+0	1.8581E-10	2.0000E+1	2.2139E-11
2.2150E+5	1.0000E+0	1.8407E-10	2.0000E+1	2.1634E-11
2.2200E+5	1.0000E+0	1.8545E-10	2.0000E+1	2.1995E-11
2.2250E+5	1.0000E+0	1.8091E-10	2.0000E+1	2.2105E-11
2.2300E+5	1.0000E+0	1.8184E-10	2.0000E+1	2.2680E-11
2.2350E+5	1.0000E+0	1.8004E-10	2.0000E+1	2.2206E-11
2.2400E+5	1.0000E+0	1.8016E-10	2.0000E+1	2.2228E-11
2.2450E+5	1.0000E+0	1.7792E-10	2.0000E+1	2.2574E-11
2.2500E+5	1.0000E+0	1.7457E-10	2.0000E+1	2.2335E-11
2.2550E+5	1.0000E+0	1.7368E-10	2.0000E+1	2.2160E-11
2.2600E+5	1.0000E+0	1.7032E-10	2.0000E+1	2.2322E-11
2.2650E+5	1.0000E+0	1.7153E-10	2.0000E+1	2.2600E-11
2.2700E+5	1.0000E+0	1.7374E-10	2.0000E+1	2.2279E-11
2.2750E+5	1.0000E+0	1.7319E-10	2.0000E+1	2.2192E-11
2.2800E+5	1.0000E+0	1.7304E-10	2.0000E+1	2.2072E-11
2.2850E+5	1.0000E+0	1.7325E-10	2.0000E+1	2.2122E-11
2.2900E+5	1.0000E+0	1.7221E-10	2.0000E+1	2.2137E-11
2.2950E+5	1.0000E+0	1.7090E-10	2.0000E+1	2.2069E-11
2.3000E+5	1.0000E+0	1.6822E-10	2.0000E+1	2.2034E-11
2.3050E+5	1.0000E+0	1.6872E-10	2.0000E+1	2.2073E-11
2.3100E+5	1.0000E+0	1.6733E-10	2.0000E+1	2.2583E-11
2.3150E+5	1.0000E+0	1.6520E-10	2.0000E+1	2.1568E-11
2.3200E+5	1.0000E+0	1.6495E-10	2.0000E+1	2.2215E-11
2.3250E+5	1.0000E+0	1.6367E-10	2.0000E+1	2.2455E-11
2.3300E+5	1.0000E+0	1.5964E-10	2.0000E+1	2.1843E-11
2.3350E+5	1.0000E+0	1.6013E-10	2.0000E+1	2.1572E-11
2.3400E+5	1.0000E+0	1.6038E-10	2.0000E+1	2.1814E-11
2.3450E+5	1.0000E+0	1.5881E-10	2.0000E+1	2.1911E-11
2.3500E+5	1.0000E+0	1.5760E-10	2.0000E+1	2.1771E-11
2.3550E+5	1.0000E+0	1.5958E-10	2.0000E+1	2.1917E-11
2.3600E+5	1.0000E+0	1.5850E-10	2.0000E+1	2.1710E-11
2.3650E+5	1.0000E+0	1.5781E-10	2.0000E+1	2.1930E-11
2.3700E+5	1.0000E+0	1.5618E-10	2.0000E+1	2.1715E-11
2.3750E+5	1.0000E+0	1.5758E-10	2.0000E+1	2.1532E-11
2.3800E+5	1.0000E+0	1.5634E-10	2.0000E+1	2.1427E-11
2.3850E+5	1.0000E+0	1.5587E-10	2.0000E+1	2.1585E-11
2.3900E+5	1.0000E+0	1.5593E-10	2.0000E+1	2.1441E-11
2.3950E+5	1.0000E+0	1.5658E-10	2.0000E+1	2.1639E-11
2.4000E+5	1.0000E+0	1.5574E-10	2.0000E+1	2.1772E-11
2.4050E+5	1.0000E+0	1.5340E-10	2.0000E+1	2.1992E-11
2.4100E+5	1.0000E+0	1.5416E-10	2.0000E+1	2.1447E-11
2.4150E+5	1.0000E+0	1.5737E-10	2.0000E+1	2.1173E-11
2.4200E+5	1.0000E+0	1.5840E-10	2.0000E+1	2.1545E-11
2.4250E+5	1.0000E+0	1.5969E-10	2.0000E+1	2.1498E-11
2.4300E+5	1.0000E+0	1.6052E-10	2.0000E+1	2.1616E-11
2.4350E+5	1.0000E+0	1.5969E-10	2.0000E+1	2.1666E-11
2.4400E+5	1.0000E+0	1.5898E-10	2.0000E+1	2.1298E-11
2.4450E+5	1.0000E+0	1.5529E-10	2.0000E+1	2.1580E-11
2.4500E+5	1.0000E+0	1.5474E-10	2.0000E+1	2.1597E-11
2.4550E+5	1.0000E+0	1.5034E-10	2.0000E+1	2.1563E-11
2.4600E+5	1.0000E+0	1.5260E-10	2.0000E+1	2.1667E-11
2.4650E+5	1.0000E+0	1.5274E-10	2.0000E+1	2.2173E-11
2.4700E+5	1.0000E+0	1.5404E-10	2.0000E+1	2.1373E-11
2.4750E+5	1.0000E+0	1.5822E-10	2.0000E+1	2.1339E-11
2.4800E+5	1.0000E+0	1.5733E-10	2.0000E+1	2.1607E-11
2.4850E+5	1.0000E+0	1.5772E-10	2.0000E+1	2.1861E-11
2.4900E+5	1.0000E+0	1.5741E-10	2.0000E+1	2.1485E-11
2.4950E+5	1.0000E+0	1.5390E-10	2.0000E+1	2.1759E-11
2.5000E+5	1.0000E+0	1.5219E-10	2.0000E+1	2.1383E-11
2.5050E+5	1.0000E+0	1.4967E-10	2.0000E+1	2.1588E-11
2.5100E+5	1.0000E+0	1.4952E-10	2.0000E+1	2.1713E-11
2.5150E+5	1.0000E+0	1.4739E-10	2.0000E+1	2.1610E-11
2.5200E+5	1.0000E+0	1.4648E-10	2.0000E+1	2.1771E-11
2.5250E+5	1.0000E+0	1.4898E-10	2.0000E+1	2.1830E-11
2.5300E+5	1.0000E+0	1.4743E-10	2.0000E+1	2.1634E-11
2.5350E+5	1.0000E+0	1.4844E-10	2.0000E+1	2.1902E-11
2.5400E+5	1.0000E+0	1.4299E-10	2.0000E+1	2.1693E-11
2.5450E+5	1.0000E+0	1.4084E-10	2.0000E+1	2.1699E-11
2.5500E+5	1.0000E+0	1.4270E-10	2.0000E+1	2.1756E-11
2.5550E+5	1.0000E+0	1.4098E-10	2.0000E+1	2.2545E-11
2.5600E+5	1.0000E+0	1.4129E-10	2.0000E+1	2.6054E-11
2.5650E+5	1.0000E+0	1.3860E-10	2.0000E+1	3.0024E-11
2.5700E+5	1.0000E+0	1.3729E-10	2.0000E+1	3.3566E-11
2.5750E+5	1.0000E+0	1.4112E-10	2.0000E+1	3.6740E-11
2.5800E+5	1.0000E+0	1.4122E-10	2.0000E+1	3.7959E-11
2.5850E+5	1.0000E+0	1.4169E-10	2.0000E+1	3.7684E-11
2.5900E+5	1.0000E+0	1.4287E-10	2.0000E+1	3.7726E-11
2.5950E+5	1.0000E+0	1.4115E-10	2.0000E+1	3.8015E-11
2.6000E+5	1.0000E+0	1.4217E-10	2.0000E+1	3.7936E-11
2.6050E+5	1.0000E+0	1.3770E-10	2.0000E+1	3.7609E-11
2.6100E+5	1.0000E+0	1.3679E-10	2.0000E+1	3.7590E-11
2.6150E+5	1.0000E+0	1.3828E-10	2.0000E+1	3.7453E-11
2.6200E+5	1.0000E+0	1.3773E-10	2.0000E+1	3.8184E-11
2.6250E+5	1.0000E+0	1.3790E-10	2.0000E+1	3.7042E-11
2.6300E+5	1.0000E+0	1.3776E-10	2.0000E+1	3.7869E-11
2.6350E+5	1.0000E+0	1.3771E-10	2.0000E+1	3.7587E-11
2.6400E+5	1.0000E+0	1.3743E-10	2.0000E+1	3.7466E-11
2.6450E+5	1.0000E+0	1.3644E-10	2.0000E+1	3.7748E-11
2.6500E+5	1.0000E+0	1.3643E-10	2.0000E+1	3.7656E-11
2.6550E+5	1.0000E+0	1.3829E-10	2.0000E+1	3.9040E-11
2.6600E+5	1.0000E+0	1.3855E-10	2.0000E+1	3.7772E-11
2.6650E+5	1.0000E+0	1.3769E-10	2.0000E+1	3.8282E-11
2.6700E+5	1.0000E+0	1.3964E-10	2.0000E+1	3.7610E-11
2.6750E+5	1.0000E+0	1.3806E-10	2.0000E+1	3.7711E-11
2.6800E+5	1.0000E+0	1.4005E-10	2.0000E+1	3.7817E-11
2.6850E+5	1.0000E+0	1.4119E-10	2.0000E+1	3.7712E-11
2.6900E+5	1.0000E+0	1.3933E-10	2.0000E+1	3.8260E-11
2.6950E+5	1.0000E+0	1.3702E-10	2.0000E+1	3.7688E-11
2.7000E+5	1.0000E+0	1.3538E-10	2.0000E+1	3.7869E-11
2.7050E+5	1.0000E+0	1.3638E-10	2.0000E+1	3.8212E-11
2.7100E+5	1.0000E+0	1.3530E-10	2.0000E+1	3.7898E-11
2.7150E+5	1.0000E+0	1.3602E-10	2.0000E+1	3.8655E-11
2.7200E+5	1.0000E+0	1.3528E-10	2.0000E+1	3.8086E-11
2.7250E+5	1.0000E+0	1.3374E-10	2.0000E+1	3.7831E-11
2.7300E+5	1.0000E+0	1.3497E-10	2.0000E+1	3.8021E-11
2.7350E+5	1.0000E+0	1.3616E-10	2.0000E+1	3.8358E-11
2.7400E+5	1.0000E+0	1.3732E-10	2.0000E+1	3.7912E-11
2.7450E+5	1.0000E+0	1.3567E-10	2.0000E+1	3.7507E-11
2.7500E+5	1.0000E+0	1.3782E-10	2.0000E+1	3.8087E-11
2.7550E+5	1.0000E+0	1.3631E-10	2.0000E+1	3.8340E-11
2.7600E+5	1.0000E+0	1.3651E-10	2.0000E+1	3.7986E-11
2.7650E+5	1.0000E+0	1.3234E-10	2.0000E+1	3.7681E-11
2.7700E+5	1.0000E+0	1.3053E-10	2.0000E+1	3.7609E-11
2.7750E+5	1.0000E+0	1.3054E-10	2.0000E+1	3.7677E-11
2.7800E+5	1.0000E+0	1.3147E-10	2.0000E+1	3.7636E-11
2.7850E+5	1.0000E+0	1.3212E-10	2.0000E+1	3.7459E-11
2.7900E+5	1.0000E+0	1.3275E-10	2.0000E+1	3.7588E-11
2.7950E+5	1.0000E+0	1.3399E-10	2.0000E+1	3.7795E-11
2.8000E+5	1.0000E+0	1.3346E-10	2.0000E+1	3.7850E-11
2.8050E+5	1.0000E+0	1.3257E-10	2.0000E+1	3.7658E-11
2.8100E+5	1.0000E+0	1.3507E-10	2.0000E+1	3.7769E-11
2.8150E+5	1.0000E+0	1.3372E-10	2.0000E+1	3.7645E-11
2.8200E+5	1.0000E+0	1.3441E-10	2.0000E+1	3.7723E-11
2.8250E+5	1.0000E+0	1.3280E-10	2.0000E+1	3.7552E-11
2.8300E+5	1.0000E+0	1.2890E-10	2.0000E+1	3.7625E-11
2.8350E+5	1.0000E+0	1.3071E-10	2.0000E+1	3.7997E-11
2.8400E+5	1.0000E+0	1.3081E-10	2.0000E+1	3.7628E-11
2.8450E+5	1.0000E+0	1.3004E-10	2.0000E+1	3.7916E-11
2.8500E+5	1.0000E+0	1.2977E-10	2.0000E+1	3.7586E-11
2.8550E+5	1.0000E+0	1.2846E-10	2.0000E+1	3.7588E-11
2.8600E+5	1.0000E+0	1.2878E-10	2.0000E+1	3.7953E-11
2.8650E+5	1.0000E+0	1.2974E-10	2.0000E+1	3.7873E-11
2.8700E+5	1.0000E+0	1.3165E-10	2.0000E+1	3.7915E-11
2.8750E+5	1.0000E+0	1.2926E-10	2.0000E+1	3.7485E-11
2.8800E+5	1.0000E+0	1.2758E-10	2.0000E+1	3.7748E-11
2.8850E+5	1.0000E+0	1.2635E-10	2.0000E+1	3.7950E-11
2.8900E+5	1.0000E+0	1.2707E-10	2.0000E+1	3.7745E-11
2.8950E+5	1.0000E+0	1.2682E-10	2.0000E+1	3.7552E-11
2.9000E+5	1.0000E+0	1.2449E-10	2.0000E+1	3.8034E-11
2.9050E+5	1.0000E+0	1.2565E-10	2.0000E+1	3.8378E-11
2.9100E+5	1.0000E+0	1.2923E-10	2.0000E+1	3.8121E-11
2.9150E+5	1.0000E+0	1.2868E-10	2.0000E+1	3.7377E-11
2.9200E+5	1.0000E+0	1.2801E-10	2.0000E+1	3.7564E-11
2.9250E+5	1.0000E+0	1.3161E-10	2.0000E+1	3.7749E-11
2.9300E+5	1.0000E+0	1.3238E-10	2.0000E+1	3.7608E-11
2.9350E+5	1.0000E+0	1.3100E-10	2.0000E+1	3.7698E-11
2.9400E+5	1.0000E+0	1.3004E-10	2.0000E+1	3.7891E-11
2.9450E+5	1.0000E+0	1.2918E-10	2.0000E+1	3.7402E-11
2.9500E+5	1.0000E+0	1.2765E-10	2.0000E+1	3.7513E-11
2.9550E+5	1.0000E+0	1.2725E-10	2.0000E+1	3.7752E-11
2.9600E+5	1.0000E+0	1.2697E-10	2.0000E+1	3.7637E-11
2.9650E+5	1.0000E+0	1.2748E-10	2.0000E+1	3.7758E-11
2.9700E+5	1.0000E+0	1.2691E-10	2.0000E+1	3.7662E-11
2.9750E+5	1.0000E+0	1.2594E-10	2.0000E+1	3.7354E-11
2.9800E+5	1.0000E+0	1.2754E-10	2.0000E+1	3.7448E-11
2.9850E+5	1.0000E+0	1.2623E-10	2.0000E+1	3.7580E-11
2.9900E+5	1.0000E+0	1.2856E-10	2.0000E+1	3.7216E-11
2.9950E+5	1.0000E+0	1.2563E-10	2.0000E+1	3.7552E-11
3.0000E+5	1.0000E+0	1.2599E-10	2.0000E+1	3.7895E-11
3.0050E+5	1.0000E+0	1.2649E-10	2.0000E+1	3.7447E-11
3.0100E+5	1.0000E+0	1.2489E-10	2.0000E+1	3.7624E-11
3.0150E+5	1.0000E+0	1.2745E-10	2.0000E+1	3.7448E-11
3.0200E+5	1.0000E+0	1.2842E-10	2.0000E+1	3.8034E-11
3.0250E+5	1.0000E+0	1.2888E-10	2.0000E+1	3.7714E-11
3.0300E+5	1.0000E+0	1.2562E-10	2.0000E+1	3.7882E-11
3.0350E+5	1.0000E+0	1.2565E-10	2.0000E+1	3.7732E-11
3.0400E+5	1.0000E+0	1.2447E-10	2.0000E+1	3.8052E-11
3.0450E+5	1.0000E+0	1.2375E-10	2.0000E+1	3.7676E-11
3.0500E+5	1.0000E+0	1.2168E-10	2.0000E+1	3.7524E-11
3.0550E+5	1.0000E+0	1.2231E-10	2.0000E+1	3.7792E-11
3.0600E+5	1.0000E+0	1.2565E-10	2.0000E+1	3.8013E-11
3.0650E+5	1.0000E+0	1.2360E-10	2.0000E+1	3.7922E-11
3.0700E+5	1.0000E+0	1.2333E-10	2.0000E+1	3.8227E-11
3.0750E+5	1.0000E+0	1.2151E-10	2.0000E+1	3.7593E-11
3.0800E+5	1.0000E+0	1.2129E-10	2.0000E+1	3.7710E-11
3.0850E+5	1.0000E+0	1.2163E-10	2.0000E+1	3.7347E-11
3.0900E+5	1.0000E+0	1.1917E-10	2.0000E+1	3.7414E-11
3.0950E+5	1.0000E+0	1.1989E-10	2.0000E+1	3.7876E-11
3.1000E+5	1.0000E+0	1.1951E-10	2.0000E+1	3.7680E-11
3.1050E+5	1.0000E+0	1.1711E-10	2.0000E+1	3.7913E-11
3.1100E+5	1.0000E+0	1.1730E-10	2.0000E+1	3.7758E-11
3.1150E+5	1.0000E+0	1.1506E-10	2.0000E+1	3.7609E-11
3.1200E+5	1.0000E+0	1.1835E-10	2.0000E+1	3.7528E-11
3.1250E+5	1.0000E+0	1.1632E-10	2.0000E+1	3.7487E-11
3.1300E+5	1.0000E+0	1.1478E-10	2.0000E+1	3.7622E-11
3.1350E+5	1.0000E+0	1.1403E-10	2.0000E+1	3.7831E-11
3.1400E+5	1.0000E+0	1.1588E-10	2.0000E+1	3.7446E-11
3.1450E+5	1.0000E+0	1.1580E-10	2.0000E+1	3.7785E-11
3.1500E+5	1.0000E+0	1.1780E-10	2.0000E+1	3.7578E-11
3.1550E+5	1.0000E+0	1.1912E-10	2.0000E+1	3.7641E-11
3.1600E+5	1.0000E+0	1.2020E-10	2.0000E+1	3.7366E-11
3.1650E+5	1.0000E+0	1.2123E-10	2.0000E+1	3.7520E-11
3.1700E+5	1.0000E+0	1.2029E-10	2.0000E+1	3.7844E-11
3.1750E+5	1.0000E+0	1.1904E-10	2.0000E+1	3.7632E-11
3.1800E+5	1.0000E+0	2.9040E-10	2.0000E+1	8.9738E-11
3.1850E+5	1.0000E+0	8.3055E-11	2.0000E+1	4.5985E-9
3.1900E+5	1.0000E+0	7.5767E-11	2.0000E+1	4.6451E-9
3.1950E+5	1.0000E+0	7.5445E-11	2.0000E+1	4.6435E-9
3.2000E+5	1.0000E+0	7.7741E-11	2.0000E+1	4.6399E-9
3.2050E+5	1.0000E+0	7.8129E-11	2.0000E+1	4.6412E-9
3.2100E+5	1.0000E+0	8.1273E-11	2.0000E+1	4.6366E-9
3.2150E+5	1.0000E+0	8.4212E-11	2.0000E+1	4.6341E-9
3.2200E+5	1.0000E+0	8.4698E-11	2.0000E+1	4.6315E-9
3.2250E+5	1.0000E+0	8.4922E-11	2.0000E+1	4.6315E-9
3.2300E+5	1.0000E+0	8.9987E-11	2.0000E+1	4.6273E-9
3.2350E+5	1.0000E+0	9.0320E-11	2.0000E+1	4.6308E-9
3.2400E+5	1.0000E+0	9.2723E-11	2.0000E+1	4.6230E-9
3.2450E+5	1.0000E+0	9.2510E-11	2.0000E+1	4.6236E-9
3.2500E+5	1.0000E+0	9.3288E-11	2.0000E+1	4.6199E-9
3.2550E+5	1.0000E+0	9.4160E-11	2.0000E+1	4.6164E-9
3.2600E+5	1.0000E+0	9.4252E-11	2.0000E+1	4.6135E-9
3.2650E+5	1.0000E+0	9.6613E-11	2.0000E+1	4.6180E-9
3.2700E+5	1.0000E+0	9.9154E-11	2.0000E+1	4.6249E-9
3.2750E+5	1.0000E+0	9.8753E-11	2.0000E+1	4.6174E-9
3.2800E+5	1.0000E+0	2.1232E-11	2.0000E+1	4.6154E-9
3.2850E+5	1.0000E+0	2.4935E-10	2.0000E+1	2.1888E-10
3.2900E+5	1.0000E+0	3.0163E-10	2.0000E+1	7.5653E-11
3.2950E+5	1.0000E+0	2.8606E-10	2.0000E+1	4.9117E-11
3.3000E+5	1.0000E+0	2.6853E-10	2.0000E+1	4.1283E-11
3.3050E+5	1.0000E+0	2.4694E-10	2.0000E+1	3.8453E-11
3.3100E+5	1.0000E+0	2.3159E-10	2.0000E+1	3.7625E-11
3.3150E+5	1.0000E+0	2.1750E-10	2.0000E+1	3.7146E-11
3.3200E+5	1.0000E+0	2.0295E-10	2.0000E+1	3.7365E-11
3.3250E+5	1.0000E+0	1.9165E-10	2.0000E+1	3.7464E-11
3.3300E+5	1.0000E+0	1.8273E-10	2.0000E+1	3.6763E-11
3.3350E+5	1.0000E+0	1.7434E-10	2.0000E+1	3.7216E-11
3.3400E+5	1.0000E+0	1.6813E-10	2.0000E+1	3.7303E-11
3.3450E+5	1.0000E+0	1.6410E-10	2.0000E+1	3.7326E-11
3.3500E+5	1.0000E+0	1.5797E-10	2.0000E+1	3.7149E-11
3.3550E+5	1.0000E+0	1.5514E-10	2.0000E+1	3.7305E-11
3.3600E+5	1.0000E+0	1.4827E-10	2.0000E+1	3.7332E-11
3.3650E+5	1.0000E+0	1.5172E-10	2.0000E+1	3.7472E-11
3.3700E+5	1.0000E+0	1.4729E-10	2.0000E+1	3.7086E-11
3.3750E+5	1.0000E+0	1.4131E-10	2.0000E+1	3.6827E-11
3.3800E+5	1.0000E+0	2.9018E-10	2.0000E+1	3.6968E-11
3.3850E+5	1.0000E+0	9.0504E-11	2.0000E+1	4.5411E-9
3.3900E+5	1.0000E+0	7.7192E-11	2.0000E+1	4.6114E-9
3.3950E+5	1.0000E+0	7.4104E-11	2.0000E+1	4.6100E-9
3.4000E+5	1.0000E+0	8.4513E-11	2.0000E+1	4.6052E-9
3.4050E+5	1.0000E+0	8.1447E-11	2.0000E+1	4.6050E-9
3.4100E+5	1.0000E+0	7.9593E-11	2.0000E+1	4.6039E-9
3.4150E+5	1.0000E+0	8.4413E-11	2.0000E+1	4.5987E-9
3.4200E+5	1.0000E+0	8.9267E-11	2.0000E+1	4.5966E-9
3.4250E+5	1.0000E+0	8.8122E-11	2.0000E+1	4.5978E-9
3.4300E+5	1.0000E+0	9.1127E-11	2.0000E+1	4.5962E-9
3.4350E+5	1.0000E+0	9.2483E-11	2.0000E+1	4.5977E-9
3.4400E+5	1.0000E+0	9.4510E-11	2.0000E+1	4.5908E-9
3.4450E+5	1.0000E+0	9.5673E-11	2.0000E+1	4.5939E-9
3.4500E+5	1.0000E+0	9.5452E-11	2.0000E+1	4.5936E-9
3.4550E+5	1.0000E+0	9.6325E-11	2.0000E+1	4.5954E-9
3.4600E+5	1.0000E+0	9.6420E-11	2.0000E+1	4.5909E-9
3.4650E+5	1.0000E+0	9.5085E-11	2.0000E+1	4.5927E-9
3.4700E+5	1.0000E+0	1.0046E-10	2.0000E+1	4.5917E-9
3.4750E+5	1.0000E+0	1.0102E-10	2.0000E+1	4.6077E-9
3.4800E+5	1.0000E+0	3.8655E-11	2.0000E+1	4.5900E-9
3.4850E+5	1.0000E+0	2.5493E-10	2.0000E+1	2.4094E-10
3.4900E+5	1.0000E+0	3.0627E-10	2.0000E+1	7.7579E-11
3.4950E+5	1.0000E+0	2.9193E-10	2.0000E+1	4.8405E-11
3.5000E+5	1.0000E+0	2.6960E-10	2.0000E+1	4.1270E-11
3.5050E+5	1.0000E+0	2.5011E-10	2.0000E+1	3.8958E-11
3.5100E+5	1.0000E+0	2.3310E-10	2.0000E+1	3.8688E-11
3.5150E+5	1.0000E+0	2.1607E-10	2.0000E+1	3.7816E-11
3.5200E+5	1.0000E+0	1.9752E-10	2.0000E+1	3.7786E-11
3.5250E+5	1.0000E+0	1.8461E-10	2.0000E+1	3.7882E-11
3.5300E+5	1.0000E+0	1.7859E-10	2.0000E+1	3.7228E-11
3.5350E+5	1.0000E+0	1.6953E-10	2.0000E+1	3.7588E-11
3.5400E+5	1.0000E+0	1.6471E-10	2.0000E+1	3.7353E-11
3.5450E+5	1.0000E+0	1.5467E-10	2.0000E+1	3.7452E-11
3.5500E+5	1.0000E+0	1.5007E-10	2.0000E+1	3.7495E-11
3.5550E+5	1.0000E+0	1.4799E-10	2.0000E+1	3.7239E-11
3.5600E+5	1.0000E+0	1.4394E-10	2.0000E+1	3.7395E-11
3.5650E+5	1.0000E+0	1.4106E-10	2.0000E+1	3.7191E-11
3.5700E+5	1.0000E+0	1.3778E-10	2.0000E+1	3.6802E-11
3.5750E+5	1.0000E+0	1.3593E-10	2.0000E+1	3.7254E-11
3.5800E+5	1.0000E+0	2.7399E-10	2.0000E+1	3.7035E-11
3.5850E+5	1.0000E+0	9.2589E-11	2.0000E+1	4.5062E-9
3.5900E+5	1.0000E+0	7.6089E-11	2.0000E+1	4.5894E-9
3.5950E+5	1.0000E+0	7.4564E-11	2.0000E+1	4.6006E-9
3.6000E+5	1.0000E+0	7.7743E-11	2.0000E+1	4.5991E-9
3.6050E+5	1.0000E+0	7.8501E-11	2.0000E+1	4.5971E-9
3.6100E+5	1.0000E+0	7.8383E-11	2.0000E+1	4.5975E-9
3.6150E+5	1.0000E+0	7.9991E-11	2.0000E+1	4.5957E-9
3.6200E+5	1.0000E+0	8.2358E-11	2.0000E+1	4.5949E-9
3.6250E+5	1.0000E+0	8.5584E-11	2.0000E+1	4.5940E-9
3.6300E+5	1.0000E+0	8.4590E-11	2.0000E+1	4.5924E-9
3.6350E+5	1.0000E+0	8.9612E-11	2.0000E+1	4.5910E-9
3.6400E+5	1.0000E+0	9.0698E-11	2.0000E+1	4.5893E-9
3.6450E+5	1.0000E+0	9.3061E-11	2.0000E+1	4.5904E-9
3.6500E+5	1.0000E+0	9.0555E-11	2.0000E+1	4.5855E-9
3.6550E+5	1.0000E+0	9.3131E-11	2.0000E+1	4.5934E-9
3.6600E+5	1.0000E+0	9.4470E-11	2.0000E+1	4.5845E-9
3.6650E+5	1.0000E+0	9.1981E-11	2.0000E+1	4.5897E-9
3.6700E+5	1.0000E+0	9.5681E-11	2.0000E+1	4.5780E-9
3.6750E+5	1.0000E+0	9.7982E-11	2.0000E+1	4.5899E-9
3.6800E+5	1.0000E+0	5.1613E-11	2.0000E+1	4.5756E-9
3.6850E+5	1.0000E+0	1.7112E-10	2.0000E+1	2.6819E-10
3.6900E+5	1.0000E+0	2.7913E-10	2.0000E+1	8.9199E-11
3.6950E+5	1.0000E+0	2.7849E-10	2.0000E+1	5.5016E-11
3.7000E+5	1.0000E+0	2.5908E-10	2.0000E+1	4.4140E-11
3.7050E+5	1.0000E+0	2.3404E-10	2.0000E+1	4.0443E-11
3.7100E+5	1.0000E+0	2.1715E-10	2.0000E+1	3.8800E-11
3.7150E+5	1.0000E+0	2.0218E-10	2.0000E+1	3.7435E-11
3.7200E+5	1.0000E+0	1.8975E-10	2.0000E+1	3.7195E-11
3.7250E+5	1.0000E+0	1.8110E-10	2.0000E+1	3.7160E-11
3.7300E+5	1.0000E+0	1.7216E-10	2.0000E+1	3.7264E-11
3.7350E+5	1.0000E+0	1.6523E-10	2.0000E+1	3.7230E-11
3.7400E+5	1.0000E+0	1.5668E-10	2.0000E+1	3.7274E-11
3.7450E+5	1.0000E+0	1.4880E-10	2.0000E+1	3.7884E-11
3.7500E+5	1.0000E+0	1.4429E-10	2.0000E+1	3.7023E-11
3.7550E+5	1.0000E+0	1.4047E-10	2.0000E+1	3.7501E-11
3.7600E+5	1.0000E+0	1.3575E-10	2.0000E+1	3.7404E-11
3.7650E+5	1.0000E+0	1.3369E-10	2.0000E+1	3.7866E-11
3.7700E+5	1.0000E+0	1.2995E-10	2.0000E+1	3.7313E-11
3.7750E+5	1.0000E+0	1.2723E-10	2.0000E+1	3.7342E-11
3.7800E+5	1.0000E+0	2.3993E-10	2.0000E+1	3.7233E-11
3.7850E+5	1.0000E+0	9.5355E-11	2.0000E+1	4.4572E-9
3.7900E+5	1.0000E+0	7.5387E-11	2.0000E+1	4.5817E-9
3.7950E+5	1.0000E+0	7.4760E-11	2.0000E+1	4.5822E-9
3.8000E+5	1.0000E+0	7.4700E-11	2.0000E+1	4.5825E-9
3.8050E+5	1.0000E+0	7.4503E-11	2.0000E+1	4.5602E-9
3.8100E+5	1.0000E+0	7.9987E-11	2.0000E+1	4.5723E-9
3.8150E+5	1.0000E+0	8.1738E-11	2.0000E+1	4.5666E-9
3.8200E+5	1.0000E+0	8.1873E-11	2.0000E+1	4.5652E-9
3.8250E+5	1.0000E+0	8.1314E-11	2.0000E+1	4.5666E-9
3.8300E+5	1.0000E+0	8.7680E-11	2.0000E+1	4.5674E-9
3.8350E+5	1.0000E+0	8.3320E-11	2.0000E+1	4.5700E-9
3.8400E+5	1.0000E+0	8.6188E-11	2.0000E+1	4.5641E-9
3.8450E+5	1.0000E+0	8.7243E-11	2.0000E+1	4.5653E-9
3.8500E+5	1.0000E+0	8.7928E-11	2.0000E+1	4.5601E-9
3.8550E+5	1.0000E+0	8.8347E-11	2.0000E+1	4.5668E-9
3.8600E+5	1.0000E+0	8.9318E-11	2.0000E+1	4.5597E-9
3.8650E+5	1.0000E+0	9.1531E-11	2.0000E+1	4.5687E-9
3.8700E+5	1.0000E+0	9.0458E-11	2.0000E+1	4.5595E-9
3.8750E+5	1.0000E+0	9.2018E-11	2.0000E+1	4.5617E-9
3.8800E+5	1.0000E+0	6.9678E-11	2.0000E+1	4.5607E-9
3.8850E+5	1.0000E+0	1.2729E-10	2.0000E+1	3.0366E-10
3.8900E+5	1.0000E+0	2.3740E-10	2.0000E+1	9.3477E-11
3.8950E+5	1.0000E+0	2.3678E-10	2.0000E+1	5.5200E-11
3.9000E+5	1.0000E+0	2.2703E-10	2.0000E+1	4.4337E-11
3.9050E+5	1.0000E+0	2.0862E-10	2.0000E+1	4.0464E-11
3.9100E+5	1.0000E+0	1.9250E-10	2.0000E+1	3.8523E-11
3.9150E+5	1.0000E+0	1.7841E-10	2.0000E+1	3.7816E-11
3.9200E+5	1.0000E+0	1.6491E-10	2.0000E+1	3.6881E-11
3.9250E+5	1.0000E+0	1.5582E-10	2.0000E+1	3.6756E-11
3.9300E+5	1.0000E+0	1.4894E-10	2.0000E+1	3.6423E-11
3.9350E+5	1.0000E+0	1.4498E-10	2.0000E+1	3.6986E-11
3.9400E+5	1.0000E+0	1.3638E-10	2.0000E+1	3.6795E-11
3.9450E+5	1.0000E+0	1.3093E-10	2.0000E+1	3.6603E-11
3.9500E+5	1.0000E+0	1.2957E-10	2.0000E+1	3.6851E-11
3.9550E+5	1.0000E+0	1.2506E-10	2.0000E+1	3.6733E-11
3.9600E+5	1.0000E+0	1.2108E-10	2.0000E+1	3.7094E-11
3.9650E+5	1.0000E+0	1.1736E-10	2.0000E+1	3.7011E-11
3.9700E+5	1.0000E+0	1.1577E-10	2.0000E+1	3.7121E-11
3.9750E+5	1.0000E+0	1.1183E-10	2.0000E+1	3.7327E-11
3.9800E+5	1.0000E+0	1.0948E-10	2.0000E+1	3.6984E-11
3.9850E+5	1.0000E+0	1.0796E-10	2.0000E+1	3.7432E-11
3.9900E+5	1.0000E+0	1.0558E-10	2.0000E+1	3.7333E-11
