File Name: 00_Sample1_device3_trfSat_noRad_Parafilm_below_gate_nextron.dat
File Data: 07/11/2023	15:29:25
Start V: 0
Step V: 0
Stop V: 0
Range V: 200
Delay(ms): 0
Auorange: yes
Sweep type: log
Instrument Meter: SM2614
Time(ms)	Vdrain(V)	Idrain(A)	Vgate(V)	Igate(A)
0.0000E+0	1.0000E+0	1.9635E-9	-6.0000E+1	-2.3088E-9
7.0000E+2	1.0000E+0	1.4287E-9	-5.9500E+1	-1.0321E-9
1.2000E+3	1.0000E+0	1.0873E-9	-5.9000E+1	-8.7098E-10
1.7000E+3	1.0000E+0	8.9392E-10	-5.8500E+1	-6.2594E-10
2.2000E+3	1.0000E+0	7.4721E-10	-5.8000E+1	-4.7797E-10
2.7000E+3	1.0000E+0	6.5043E-10	-5.7500E+1	-3.7717E-10
3.2000E+3	1.0000E+0	5.7056E-10	-5.7000E+1	-3.0911E-10
3.7000E+3	1.0000E+0	5.2588E-10	-5.6500E+1	-2.5489E-10
4.2000E+3	1.0000E+0	4.9692E-10	-5.6000E+1	-2.2154E-10
4.7000E+3	1.0000E+0	4.8433E-10	-5.5500E+1	-1.9113E-10
5.2000E+3	1.0000E+0	4.8350E-10	-5.5000E+1	-1.6732E-10
5.7000E+3	1.0000E+0	5.1859E-10	-5.4500E+1	-1.4511E-10
6.2000E+3	1.0000E+0	5.7927E-10	-5.4000E+1	-1.2733E-10
6.7000E+3	1.0000E+0	6.7380E-10	-5.3500E+1	-1.1190E-10
7.2000E+3	1.0000E+0	7.8397E-10	-5.3000E+1	-9.8628E-11
7.7000E+3	1.0000E+0	9.4202E-10	-5.2500E+1	-8.7220E-11
8.2000E+3	1.0000E+0	1.1326E-9	-5.2000E+1	-7.4433E-11
8.7000E+3	1.0000E+0	1.3225E-9	-5.1500E+1	-6.4876E-11
9.2000E+3	1.0000E+0	1.5880E-9	-5.1000E+1	-5.6685E-11
9.7000E+3	1.0000E+0	1.9613E-9	-5.0500E+1	-4.9108E-11
1.0200E+4	1.0000E+0	2.3699E-9	-5.0000E+1	-4.2694E-11
1.0700E+4	1.0000E+0	2.8144E-9	-4.9500E+1	-3.6361E-11
1.1200E+4	1.0000E+0	3.4377E-9	-4.9000E+1	-3.0705E-11
1.1700E+4	1.0000E+0	4.1979E-9	-4.8500E+1	-2.5359E-11
1.2200E+4	1.0000E+0	4.9830E-9	-4.8000E+1	-2.0741E-11
1.2700E+4	1.0000E+0	6.2314E-9	-4.7500E+1	-1.6535E-11
1.3200E+4	1.0000E+0	7.4623E-9	-4.7000E+1	-1.1931E-11
1.3700E+4	1.0000E+0	8.8213E-9	-4.6500E+1	-8.2648E-12
1.4200E+4	1.0000E+0	1.0516E-8	-4.6000E+1	-4.4608E-12
1.4700E+4	1.0000E+0	1.2496E-8	-4.5500E+1	-1.0288E-12
1.5200E+4	1.0000E+0	1.5079E-8	-4.5000E+1	-1.0569E-11
1.5700E+4	1.0000E+0	1.7824E-8	-4.4500E+1	1.3347E-10
1.6200E+4	1.0000E+0	2.2262E-8	-4.4000E+1	7.9203E-12
1.6700E+4	1.0000E+0	2.5528E-8	-4.3500E+1	1.0359E-11
1.7201E+4	1.0000E+0	2.9754E-8	-4.3000E+1	1.2706E-11
1.7700E+4	1.0000E+0	3.4473E-8	-4.2500E+1	1.5439E-11
1.8200E+4	1.0000E+0	4.1443E-8	-4.2000E+1	1.6646E-11
1.8700E+4	1.0000E+0	4.7145E-8	-4.1500E+1	1.8955E-11
1.9200E+4	1.0000E+0	5.4839E-8	-4.1000E+1	2.0719E-11
1.9700E+4	1.0000E+0	6.5839E-8	-4.0500E+1	2.2959E-11
2.0200E+4	1.0000E+0	7.5598E-8	-4.0000E+1	2.4455E-11
2.0700E+4	1.0000E+0	8.6299E-8	-3.9500E+1	2.6510E-11
2.1200E+4	1.0000E+0	1.0067E-7	-3.9000E+1	2.8413E-11
2.1800E+4	1.0000E+0	1.1402E-7	-3.8500E+1	3.2327E-11
2.2300E+4	1.0000E+0	1.3117E-7	-3.8000E+1	3.1200E-11
2.2800E+4	1.0000E+0	1.5555E-7	-3.7500E+1	3.2690E-11
2.3300E+4	1.0000E+0	1.7310E-7	-3.7000E+1	3.4146E-11
2.3800E+4	1.0000E+0	1.9687E-7	-3.6500E+1	3.5224E-11
2.4300E+4	1.0000E+0	2.2398E-7	-3.6000E+1	3.6544E-11
2.4800E+4	1.0000E+0	2.5271E-7	-3.5500E+1	3.7969E-11
2.5300E+4	1.0000E+0	2.8360E-7	-3.5000E+1	3.9110E-11
2.5800E+4	1.0000E+0	3.1963E-7	-3.4500E+1	3.9984E-11
2.6300E+4	1.0000E+0	3.5965E-7	-3.4000E+1	4.1239E-11
2.6800E+4	1.0000E+0	4.0670E-7	-3.3500E+1	4.2299E-11
2.7300E+4	1.0000E+0	4.4854E-7	-3.3000E+1	4.3243E-11
2.7800E+4	1.0000E+0	5.0393E-7	-3.2500E+1	4.4379E-11
2.8300E+4	1.0000E+0	5.5845E-7	-3.2000E+1	4.5366E-11
2.8800E+4	1.0000E+0	6.2137E-7	-3.1500E+1	4.6250E-11
2.9300E+4	1.0000E+0	6.9021E-7	-3.1000E+1	4.7457E-11
2.9800E+4	1.0000E+0	7.6336E-7	-3.0500E+1	4.8782E-11
3.0300E+4	1.0000E+0	8.4257E-7	-3.0000E+1	3.9619E-11
3.0800E+4	1.0000E+0	9.3071E-7	-2.9500E+1	1.8257E-10
3.1300E+4	1.0000E+0	1.0172E-6	-2.9000E+1	5.1827E-11
3.1800E+4	1.0000E+0	1.1162E-6	-2.8500E+1	6.2143E-11
3.2300E+4	1.0000E+0	1.2264E-6	-2.8000E+1	5.4198E-11
3.2800E+4	1.0000E+0	1.3458E-6	-2.7500E+1	5.5599E-11
3.3300E+4	1.0000E+0	1.4589E-6	-2.7000E+1	5.6293E-11
3.3800E+4	1.0000E+0	1.5829E-6	-2.6500E+1	5.7708E-11
3.4300E+4	1.0000E+0	1.7154E-6	-2.6000E+1	5.8600E-11
3.4800E+4	1.0000E+0	1.8591E-6	-2.5500E+1	6.0365E-11
3.5300E+4	1.0000E+0	1.9978E-6	-2.5000E+1	6.1829E-11
3.5800E+4	1.0000E+0	2.1721E-6	-2.4500E+1	6.3154E-11
3.6300E+4	1.0000E+0	2.3354E-6	-2.4000E+1	6.4912E-11
3.6800E+4	1.0000E+0	2.5095E-6	-2.3500E+1	6.7302E-11
3.7300E+4	1.0000E+0	2.6910E-6	-2.3000E+1	6.9759E-11
3.7800E+4	1.0000E+0	2.9177E-6	-2.2500E+1	7.2874E-11
3.8300E+4	1.0000E+0	3.1133E-6	-2.2000E+1	7.5906E-11
3.8800E+4	1.0000E+0	3.3140E-6	-2.1500E+1	7.9358E-11
3.9300E+4	1.0000E+0	3.5514E-6	-2.1000E+1	8.3641E-11
3.9800E+4	1.0000E+0	3.7581E-6	-2.0500E+1	8.8401E-11
4.0300E+4	1.0000E+0	4.0131E-6	-2.0000E+1	9.3470E-11
4.0800E+4	1.0000E+0	4.2443E-6	-1.9500E+1	9.9759E-11
4.1300E+4	1.0000E+0	4.5140E-6	-1.9000E+1	1.0647E-10
4.1800E+4	1.0000E+0	4.8151E-6	-1.8500E+1	1.1357E-10
4.2300E+4	1.0000E+0	5.0892E-6	-1.8000E+1	1.2224E-10
4.2800E+4	1.0000E+0	5.3589E-6	-1.7500E+1	1.3169E-10
4.3300E+4	1.0000E+0	5.6723E-6	-1.7000E+1	1.4249E-10
4.3800E+4	1.0000E+0	5.9894E-6	-1.6500E+1	1.5425E-10
4.4300E+4	1.0000E+0	6.3186E-6	-1.6000E+1	1.6707E-10
4.4800E+4	1.0000E+0	6.6345E-6	-1.5500E+1	1.8180E-10
4.5300E+4	1.0000E+0	6.9716E-6	-1.5000E+1	1.9645E-10
4.5800E+4	1.0000E+0	7.3270E-6	-1.4500E+1	3.3171E-10
4.6300E+4	1.0000E+0	7.7076E-6	-1.4000E+1	2.3562E-10
4.6800E+4	1.0000E+0	8.0693E-6	-1.3500E+1	2.5845E-10
4.7300E+4	1.0000E+0	8.4838E-6	-1.3000E+1	2.8495E-10
4.7800E+4	1.0000E+0	8.9050E-6	-1.2500E+1	3.1113E-10
4.8300E+4	1.0000E+0	9.3149E-6	-1.2000E+1	3.3991E-10
4.8800E+4	1.0000E+0	9.7701E-6	-1.1500E+1	3.7008E-10
4.9300E+4	1.0000E+0	1.0230E-5	-1.1000E+1	4.0200E-10
4.9800E+4	1.0000E+0	1.0695E-5	-1.0500E+1	4.3355E-10
5.0300E+4	1.0000E+0	1.1119E-5	-1.0000E+1	4.5848E-10
5.0800E+4	1.0000E+0	1.1615E-5	-9.5000E+0	4.7787E-10
5.1300E+4	1.0000E+0	1.2128E-5	-9.0000E+0	4.8702E-10
5.1800E+4	1.0000E+0	1.2633E-5	-8.5000E+0	4.8334E-10
5.2300E+4	1.0000E+0	1.3167E-5	-8.0000E+0	4.6057E-10
5.2800E+4	1.0000E+0	1.3707E-5	-7.5000E+0	4.2939E-10
5.3300E+4	1.0000E+0	1.4227E-5	-7.0000E+0	3.8751E-10
5.3800E+4	1.0000E+0	1.4822E-5	-6.5000E+0	3.5010E-10
5.4300E+4	1.0000E+0	1.5395E-5	-6.0000E+0	3.2047E-10
5.4800E+4	1.0000E+0	1.5985E-5	-5.5000E+0	3.0084E-10
5.5300E+4	1.0000E+0	1.6546E-5	-5.0000E+0	2.8353E-10
5.5800E+4	1.0000E+0	1.7155E-5	-4.5000E+0	2.7504E-10
5.6300E+4	1.0000E+0	1.7783E-5	-4.0000E+0	2.6992E-10
5.6800E+4	1.0000E+0	1.8456E-5	-3.5000E+0	2.6936E-10
5.7300E+4	1.0000E+0	1.9111E-5	-3.0000E+0	2.6777E-10
5.7800E+4	1.0000E+0	1.9794E-5	-2.5000E+0	2.6636E-10
5.8300E+4	1.0000E+0	2.0423E-5	-2.0000E+0	2.6486E-10
5.8800E+4	1.0000E+0	2.1120E-5	-1.5000E+0	2.6460E-10
5.9300E+4	1.0000E+0	2.1794E-5	-1.0000E+0	2.6353E-10
5.9800E+4	1.0000E+0	2.2532E-5	-5.0000E-1	2.5969E-10
6.0300E+4	1.0000E+0	2.3211E-5	0.0000E+0	2.5315E-10
6.0800E+4	1.0000E+0	2.3941E-5	5.0000E-1	5.0218E-10
6.1300E+4	1.0000E+0	2.4714E-5	1.0000E+0	2.4628E-10
6.1800E+4	1.0000E+0	2.5479E-5	1.5000E+0	2.3520E-10
6.2300E+4	1.0000E+0	2.6304E-5	2.0000E+0	2.2558E-10
6.2800E+4	1.0000E+0	2.7094E-5	2.5000E+0	2.1571E-10
6.3300E+4	1.0000E+0	2.7887E-5	3.0000E+0	1.9843E-10
6.3800E+4	1.0000E+0	2.8695E-5	3.5000E+0	1.8668E-10
6.4300E+4	1.0000E+0	2.9507E-5	4.0000E+0	1.7194E-10
6.4800E+4	1.0000E+0	3.0323E-5	4.5000E+0	1.5989E-10
6.5300E+4	1.0000E+0	3.1170E-5	5.0000E+0	1.4682E-10
6.5800E+4	1.0000E+0	3.2063E-5	5.5000E+0	1.3583E-10
6.6300E+4	1.0000E+0	3.2907E-5	6.0000E+0	1.2623E-10
6.6800E+4	1.0000E+0	3.3770E-5	6.5000E+0	1.1850E-10
6.7300E+4	1.0000E+0	3.4664E-5	7.0000E+0	1.0930E-10
6.7800E+4	1.0000E+0	3.5568E-5	7.5000E+0	1.0243E-10
6.8300E+4	1.0000E+0	3.6461E-5	8.0000E+0	9.6408E-11
6.8800E+4	1.0000E+0	3.7407E-5	8.5000E+0	9.1604E-11
6.9300E+4	1.0000E+0	3.8322E-5	9.0000E+0	8.7638E-11
6.9800E+4	1.0000E+0	3.9261E-5	9.5000E+0	8.5806E-11
7.0300E+4	1.0000E+0	4.0192E-5	1.0000E+1	8.2395E-11
7.0800E+4	1.0000E+0	4.1180E-5	1.0500E+1	8.0171E-11
7.1300E+4	1.0000E+0	4.2115E-5	1.1000E+1	7.8319E-11
7.1800E+4	1.0000E+0	4.3091E-5	1.1500E+1	7.7236E-11
7.2300E+4	1.0000E+0	4.4082E-5	1.2000E+1	7.5610E-11
7.2800E+4	1.0000E+0	4.5037E-5	1.2500E+1	7.4477E-11
7.3300E+4	1.0000E+0	4.6083E-5	1.3000E+1	7.3671E-11
7.3800E+4	1.0000E+0	4.7122E-5	1.3500E+1	7.2702E-11
7.4300E+4	1.0000E+0	4.8151E-5	1.4000E+1	7.2106E-11
7.4800E+4	1.0000E+0	4.9131E-5	1.4500E+1	7.1518E-11
7.5300E+4	1.0000E+0	5.0172E-5	1.5000E+1	7.0869E-11
7.5800E+4	1.0000E+0	5.1237E-5	1.5500E+1	5.9645E-11
7.6300E+4	1.0000E+0	5.2265E-5	1.6000E+1	3.2361E-10
7.6800E+4	1.0000E+0	5.3305E-5	1.6500E+1	6.9933E-11
7.7300E+4	1.0000E+0	5.4387E-5	1.7000E+1	6.9668E-11
7.7800E+4	1.0000E+0	5.5425E-5	1.7500E+1	6.9374E-11
7.8300E+4	1.0000E+0	5.6527E-5	1.8000E+1	6.9126E-11
7.8800E+4	1.0000E+0	5.7580E-5	1.8500E+1	6.8871E-11
7.9300E+4	1.0000E+0	5.8669E-5	1.9000E+1	6.8728E-11
7.9800E+4	1.0000E+0	5.9730E-5	1.9500E+1	6.8666E-11
8.0300E+4	1.0000E+0	6.0797E-5	2.0000E+1	6.8586E-11
8.0800E+4	1.0000E+0	6.1857E-5	2.0500E+1	6.9920E-11
8.1300E+4	1.0000E+0	6.2966E-5	2.1000E+1	6.8309E-11
8.1800E+4	1.0000E+0	6.4025E-5	2.1500E+1	6.8066E-11
8.2300E+4	1.0000E+0	6.5063E-5	2.2000E+1	6.8551E-11
8.2800E+4	1.0000E+0	6.6151E-5	2.2500E+1	6.7999E-11
8.3300E+4	1.0000E+0	6.7253E-5	2.3000E+1	6.8353E-11
8.3800E+4	1.0000E+0	6.8309E-5	2.3500E+1	6.8367E-11
8.4300E+4	1.0000E+0	6.9394E-5	2.4000E+1	6.8190E-11
8.4800E+4	1.0000E+0	7.0486E-5	2.4500E+1	6.8616E-11
8.5300E+4	1.0000E+0	7.1610E-5	2.5000E+1	6.8201E-11
8.5800E+4	1.0000E+0	7.2659E-5	2.5500E+1	6.8450E-11
8.6300E+4	1.0000E+0	7.3712E-5	2.6000E+1	6.8232E-11
8.6800E+4	1.0000E+0	7.4800E-5	2.6500E+1	6.8455E-11
8.7300E+4	1.0000E+0	7.5857E-5	2.7000E+1	6.8817E-11
8.7800E+4	1.0000E+0	7.6913E-5	2.7500E+1	6.8727E-11
8.8300E+4	1.0000E+0	7.7942E-5	2.8000E+1	6.8568E-11
8.8800E+4	1.0000E+0	7.9032E-5	2.8500E+1	6.8485E-11
8.9300E+4	1.0000E+0	8.0070E-5	2.9000E+1	6.8588E-11
8.9800E+4	1.0000E+0	8.1133E-5	2.9500E+1	6.8712E-11
9.0300E+4	1.0000E+0	8.2185E-5	3.0000E+1	6.8319E-11
9.0800E+4	1.0000E+0	8.3275E-5	3.0500E+1	6.5170E-11
9.1300E+4	1.0000E+0	8.4369E-5	3.1000E+1	2.3642E-10
9.1800E+4	1.0000E+0	8.5408E-5	3.1500E+1	6.8712E-11
9.2300E+4	1.0000E+0	8.6407E-5	3.2000E+1	6.8643E-11
9.2800E+4	1.0000E+0	8.7504E-5	3.2500E+1	6.9178E-11
9.3300E+4	1.0000E+0	8.8550E-5	3.3000E+1	6.9191E-11
9.3800E+4	1.0000E+0	8.9615E-5	3.3500E+1	6.9224E-11
9.4300E+4	1.0000E+0	9.0648E-5	3.4000E+1	6.9264E-11
9.4800E+4	1.0000E+0	9.1720E-5	3.4500E+1	6.9298E-11
9.5300E+4	1.0000E+0	9.2710E-5	3.5000E+1	6.9367E-11
9.5800E+4	1.0000E+0	9.3728E-5	3.5500E+1	6.9298E-11
9.6300E+4	1.0000E+0	9.4762E-5	3.6000E+1	6.9598E-11
9.6800E+4	1.0000E+0	9.5738E-5	3.6500E+1	6.9304E-11
9.7300E+4	1.0000E+0	9.6736E-5	3.7000E+1	6.9369E-11
9.7800E+4	1.0000E+0	9.7718E-5	3.7500E+1	6.9876E-11
9.8300E+4	1.0000E+0	9.8738E-5	3.8000E+1	6.9861E-11
9.8800E+4	1.0000E+0	9.9707E-5	3.8500E+1	7.0441E-11
9.9300E+4	1.0000E+0	1.0067E-4	3.9000E+1	6.9908E-11
9.9800E+4	1.0000E+0	1.0167E-4	3.9500E+1	7.8757E-11
1.0030E+5	1.0000E+0	1.0262E-4	4.0000E+1	7.0152E-11
1.0080E+5	1.0000E+0	1.0358E-4	4.0500E+1	7.0610E-11
1.0130E+5	1.0000E+0	1.0451E-4	4.1000E+1	7.0221E-11
1.0180E+5	1.0000E+0	1.0549E-4	4.1500E+1	7.0254E-11
1.0230E+5	1.0000E+0	1.0640E-4	4.2000E+1	7.0617E-11
1.0280E+5	1.0000E+0	1.0734E-4	4.2500E+1	7.0685E-11
1.0330E+5	1.0000E+0	1.0827E-4	4.3000E+1	7.0825E-11
1.0380E+5	1.0000E+0	1.0921E-4	4.3500E+1	7.0325E-11
1.0430E+5	1.0000E+0	1.1015E-4	4.4000E+1	7.0981E-11
1.0480E+5	1.0000E+0	1.1109E-4	4.4500E+1	7.1171E-11
1.0530E+5	1.0000E+0	1.1200E-4	4.5000E+1	7.0732E-11
1.0580E+5	1.0000E+0	1.1289E-4	4.5500E+1	7.0428E-11
1.0630E+5	1.0000E+0	1.1377E-4	4.6000E+1	2.3030E-10
1.0680E+5	1.0000E+0	1.1470E-4	4.6500E+1	7.1173E-11
1.0730E+5	1.0000E+0	1.1561E-4	4.7000E+1	7.1695E-11
1.0780E+5	1.0000E+0	1.1648E-4	4.7500E+1	7.1427E-11
1.0830E+5	1.0000E+0	1.1737E-4	4.8000E+1	7.1847E-11
1.0880E+5	1.0000E+0	1.1826E-4	4.8500E+1	7.1149E-11
1.0930E+5	1.0000E+0	1.1914E-4	4.9000E+1	7.1794E-11
1.0980E+5	1.0000E+0	1.2007E-4	4.9500E+1	7.2224E-11
1.1030E+5	1.0000E+0	1.2093E-4	5.0000E+1	7.2113E-11
1.1080E+5	1.0000E+0	1.2182E-4	5.0500E+1	7.2302E-11
1.1130E+5	1.0000E+0	1.2267E-4	5.1000E+1	7.2387E-11
1.1180E+5	1.0000E+0	1.2354E-4	5.1500E+1	7.2551E-11
1.1230E+5	1.0000E+0	1.2440E-4	5.2000E+1	7.2650E-11
1.1280E+5	1.0000E+0	1.2528E-4	5.2500E+1	7.2583E-11
1.1330E+5	1.0000E+0	1.2615E-4	5.3000E+1	7.2769E-11
1.1380E+5	1.0000E+0	1.2701E-4	5.3500E+1	7.3283E-11
1.1430E+5	1.0000E+0	1.2786E-4	5.4000E+1	8.2209E-11
1.1480E+5	1.0000E+0	1.2874E-4	5.4500E+1	7.4974E-11
1.1530E+5	1.0000E+0	1.2956E-4	5.5000E+1	7.3674E-11
1.1580E+5	1.0000E+0	1.3041E-4	5.5500E+1	7.4796E-11
1.1630E+5	1.0000E+0	1.3126E-4	5.6000E+1	7.3426E-11
1.1680E+5	1.0000E+0	1.3209E-4	5.6500E+1	7.3806E-11
1.1730E+5	1.0000E+0	1.3295E-4	5.7000E+1	7.3743E-11
1.1780E+5	1.0000E+0	1.3381E-4	5.7500E+1	7.7076E-11
1.1830E+5	1.0000E+0	1.3463E-4	5.8000E+1	7.3979E-11
1.1880E+5	1.0000E+0	1.3547E-4	5.8500E+1	7.4171E-11
1.1930E+5	1.0000E+0	1.3630E-4	5.9000E+1	7.7625E-11
1.1980E+5	1.0000E+0	1.3713E-4	5.9500E+1	7.4437E-11
1.2030E+5	1.0000E+0	1.3794E-4	6.0000E+1	9.4914E-11
1.2080E+5	1.0000E+0	1.3878E-4	6.0500E+1	9.3794E-11
1.2130E+5	1.0000E+0	1.3778E-4	6.0000E+1	-5.5288E-11
1.2180E+5	1.0000E+0	1.3682E-4	5.9500E+1	-2.4340E-10
1.2230E+5	1.0000E+0	1.3584E-4	5.9000E+1	-7.9860E-11
1.2280E+5	1.0000E+0	1.3483E-4	5.8500E+1	-8.1209E-11
1.2330E+5	1.0000E+0	1.3387E-4	5.8000E+1	-8.3113E-11
1.2380E+5	1.0000E+0	1.3289E-4	5.7500E+1	-8.4275E-11
1.2430E+5	1.0000E+0	1.3190E-4	5.7000E+1	-8.5537E-11
1.2480E+5	1.0000E+0	1.3095E-4	5.6500E+1	-8.6590E-11
1.2530E+5	1.0000E+0	1.2999E-4	5.6000E+1	-8.7460E-11
1.2580E+5	1.0000E+0	1.2902E-4	5.5500E+1	-8.8420E-11
1.2630E+5	1.0000E+0	1.2806E-4	5.5000E+1	-8.9340E-11
1.2680E+5	1.0000E+0	1.2711E-4	5.4500E+1	-8.9842E-11
1.2730E+5	1.0000E+0	1.2610E-4	5.4000E+1	-9.1071E-11
1.2780E+5	1.0000E+0	1.2515E-4	5.3500E+1	-9.1506E-11
1.2830E+5	1.0000E+0	1.2421E-4	5.3000E+1	-9.1668E-11
1.2880E+5	1.0000E+0	1.2325E-4	5.2500E+1	-9.2523E-11
1.2930E+5	1.0000E+0	1.2227E-4	5.2000E+1	-9.2994E-11
1.2980E+5	1.0000E+0	1.2128E-4	5.1500E+1	-9.3560E-11
1.3030E+5	1.0000E+0	1.2032E-4	5.1000E+1	-9.3712E-11
1.3080E+5	1.0000E+0	1.1934E-4	5.0500E+1	-9.4967E-11
1.3130E+5	1.0000E+0	1.1835E-4	5.0000E+1	-9.4982E-11
1.3180E+5	1.0000E+0	1.1738E-4	4.9500E+1	-9.5683E-11
1.3230E+5	1.0000E+0	1.1644E-4	4.9000E+1	-9.5872E-11
1.3280E+5	1.0000E+0	1.1545E-4	4.8500E+1	-9.6042E-11
1.3330E+5	1.0000E+0	1.1448E-4	4.8000E+1	-9.6180E-11
1.3380E+5	1.0000E+0	1.1347E-4	4.7500E+1	-9.6837E-11
1.3430E+5	1.0000E+0	1.1249E-4	4.7000E+1	-9.7091E-11
1.3480E+5	1.0000E+0	1.1152E-4	4.6500E+1	-9.7697E-11
1.3530E+5	1.0000E+0	1.1052E-4	4.6000E+1	-9.7843E-11
1.3580E+5	1.0000E+0	1.0956E-4	4.5500E+1	-9.8056E-11
1.3630E+5	1.0000E+0	1.0853E-4	4.5000E+1	-9.1199E-11
1.3680E+5	1.0000E+0	1.0752E-4	4.4500E+1	-2.6753E-10
1.3730E+5	1.0000E+0	1.0656E-4	4.4000E+1	-9.8925E-11
1.3780E+5	1.0000E+0	1.0552E-4	4.3500E+1	-9.9303E-11
1.3830E+5	1.0000E+0	1.0453E-4	4.3000E+1	-9.9443E-11
1.3880E+5	1.0000E+0	1.0351E-4	4.2500E+1	-9.9396E-11
1.3930E+5	1.0000E+0	1.0250E-4	4.2000E+1	-9.9518E-11
1.3980E+5	1.0000E+0	1.0150E-4	4.1500E+1	-9.9993E-11
1.4030E+5	1.0000E+0	1.0051E-4	4.1000E+1	-1.0005E-10
1.4080E+5	1.0000E+0	9.9460E-5	4.0500E+1	-1.0029E-10
1.4130E+5	1.0000E+0	9.8421E-5	4.0000E+1	-1.1303E-10
1.4180E+5	1.0000E+0	9.7427E-5	3.9500E+1	-1.0067E-10
1.4230E+5	1.0000E+0	9.6376E-5	3.9000E+1	-1.0082E-10
1.4280E+5	1.0000E+0	9.5361E-5	3.8500E+1	-1.0118E-10
1.4330E+5	1.0000E+0	9.4294E-5	3.8000E+1	-1.0126E-10
1.4380E+5	1.0000E+0	9.3237E-5	3.7500E+1	-1.0172E-10
1.4430E+5	1.0000E+0	9.2205E-5	3.7000E+1	-1.0149E-10
1.4480E+5	1.0000E+0	9.1121E-5	3.6500E+1	-1.0163E-10
1.4530E+5	1.0000E+0	9.0062E-5	3.6000E+1	-1.0198E-10
1.4580E+5	1.0000E+0	8.9043E-5	3.5500E+1	-1.0228E-10
1.4630E+5	1.0000E+0	8.7957E-5	3.5000E+1	-1.0227E-10
1.4680E+5	1.0000E+0	8.6898E-5	3.4500E+1	-1.0296E-10
1.4730E+5	1.0000E+0	8.5824E-5	3.4000E+1	-1.0294E-10
1.4780E+5	1.0000E+0	8.4766E-5	3.3500E+1	-1.0337E-10
1.4830E+5	1.0000E+0	8.3696E-5	3.3000E+1	-1.0336E-10
1.4880E+5	1.0000E+0	8.2615E-5	3.2500E+1	-1.0447E-10
1.4930E+5	1.0000E+0	8.1536E-5	3.2000E+1	-1.0403E-10
1.4980E+5	1.0000E+0	8.0457E-5	3.1500E+1	-1.0496E-10
1.5030E+5	1.0000E+0	7.9391E-5	3.1000E+1	-1.0510E-10
1.5080E+5	1.0000E+0	7.8287E-5	3.0500E+1	-1.0527E-10
1.5130E+5	1.0000E+0	7.7235E-5	3.0000E+1	-1.0517E-10
1.5180E+5	1.0000E+0	7.6158E-5	2.9500E+1	-3.7707E-10
1.5230E+5	1.0000E+0	7.5052E-5	2.9000E+1	-1.0654E-10
1.5280E+5	1.0000E+0	7.3972E-5	2.8500E+1	-1.0779E-10
1.5330E+5	1.0000E+0	7.2908E-5	2.8000E+1	-1.0826E-10
1.5380E+5	1.0000E+0	7.1804E-5	2.7500E+1	-1.0893E-10
1.5430E+5	1.0000E+0	7.0749E-5	2.7000E+1	-1.1004E-10
1.5480E+5	1.0000E+0	6.9681E-5	2.6500E+1	-1.1224E-10
1.5530E+5	1.0000E+0	6.8600E-5	2.6000E+1	-1.1265E-10
1.5580E+5	1.0000E+0	6.7541E-5	2.5500E+1	-1.1500E-10
1.5630E+5	1.0000E+0	6.6442E-5	2.5000E+1	-1.1629E-10
1.5680E+5	1.0000E+0	6.5363E-5	2.4500E+1	-1.1841E-10
1.5730E+5	1.0000E+0	6.4314E-5	2.4000E+1	-1.2171E-10
1.5780E+5	1.0000E+0	6.3239E-5	2.3500E+1	-1.2300E-10
1.5830E+5	1.0000E+0	6.2195E-5	2.3000E+1	-1.2688E-10
1.5880E+5	1.0000E+0	6.1127E-5	2.2500E+1	-1.3087E-10
1.5930E+5	1.0000E+0	6.0105E-5	2.2000E+1	-1.3583E-10
1.5980E+5	1.0000E+0	5.9035E-5	2.1500E+1	-1.4132E-10
1.6030E+5	1.0000E+0	5.7996E-5	2.1000E+1	-1.4665E-10
1.6080E+5	1.0000E+0	5.6948E-5	2.0500E+1	-1.5520E-10
1.6130E+5	1.0000E+0	5.5883E-5	2.0000E+1	-1.6237E-10
1.6180E+5	1.0000E+0	5.4826E-5	1.9500E+1	-1.7248E-10
1.6230E+5	1.0000E+0	5.3819E-5	1.9000E+1	-1.8305E-10
1.6280E+5	1.0000E+0	5.2769E-5	1.8500E+1	-1.9651E-10
1.6330E+5	1.0000E+0	5.1782E-5	1.8000E+1	-2.0814E-10
1.6380E+5	1.0000E+0	5.0706E-5	1.7500E+1	-2.1978E-10
1.6430E+5	1.0000E+0	4.9663E-5	1.7000E+1	-2.3120E-10
1.6480E+5	1.0000E+0	4.8682E-5	1.6500E+1	-2.4203E-10
1.6530E+5	1.0000E+0	4.7713E-5	1.6000E+1	-2.5181E-10
1.6580E+5	1.0000E+0	4.6694E-5	1.5500E+1	-2.6067E-10
1.6630E+5	1.0000E+0	4.5733E-5	1.5000E+1	-2.6771E-10
1.6680E+5	1.0000E+0	4.4747E-5	1.4500E+1	-2.3132E-10
1.6730E+5	1.0000E+0	4.3775E-5	1.4000E+1	-5.0610E-10
1.6780E+5	1.0000E+0	4.2800E-5	1.3500E+1	-2.8165E-10
1.6830E+5	1.0000E+0	4.1826E-5	1.3000E+1	-2.7816E-10
1.6880E+5	1.0000E+0	4.0893E-5	1.2500E+1	-2.7714E-10
1.6930E+5	1.0000E+0	3.9963E-5	1.2000E+1	-2.7568E-10
1.6980E+5	1.0000E+0	3.9030E-5	1.1500E+1	-2.7272E-10
1.7030E+5	1.0000E+0	3.8133E-5	1.1000E+1	-2.7028E-10
1.7080E+5	1.0000E+0	3.7184E-5	1.0500E+1	-2.6728E-10
1.7130E+5	1.0000E+0	3.6299E-5	1.0000E+1	-2.6381E-10
1.7180E+5	1.0000E+0	3.5422E-5	9.5000E+0	-2.6043E-10
1.7230E+5	1.0000E+0	3.4501E-5	9.0000E+0	-2.5723E-10
1.7280E+5	1.0000E+0	3.3649E-5	8.5000E+0	-2.5363E-10
1.7330E+5	1.0000E+0	3.2752E-5	8.0000E+0	-2.5119E-10
1.7380E+5	1.0000E+0	3.1891E-5	7.5000E+0	-2.4728E-10
1.7430E+5	1.0000E+0	3.1042E-5	7.0000E+0	-2.4432E-10
1.7480E+5	1.0000E+0	3.0195E-5	6.5000E+0	-2.4236E-10
1.7530E+5	1.0000E+0	2.9384E-5	6.0000E+0	-2.3906E-10
1.7580E+5	1.0000E+0	2.8551E-5	5.5000E+0	-2.3612E-10
1.7630E+5	1.0000E+0	2.7764E-5	5.0000E+0	-2.3387E-10
1.7680E+5	1.0000E+0	2.6962E-5	4.5000E+0	-2.3130E-10
1.7730E+5	1.0000E+0	2.6187E-5	4.0000E+0	-2.2844E-10
1.7780E+5	1.0000E+0	2.5428E-5	3.5000E+0	-2.2557E-10
1.7830E+5	1.0000E+0	2.4694E-5	3.0000E+0	-2.2322E-10
1.7880E+5	1.0000E+0	2.3949E-5	2.5000E+0	-2.2054E-10
1.7930E+5	1.0000E+0	2.3192E-5	2.0000E+0	-2.1821E-10
1.7980E+5	1.0000E+0	2.2480E-5	1.5000E+0	-2.1581E-10
1.8030E+5	1.0000E+0	2.1703E-5	1.0000E+0	-2.1287E-10
1.8080E+5	1.0000E+0	2.0987E-5	5.0000E-1	-2.1036E-10
1.8130E+5	1.0000E+0	2.0320E-5	0.0000E+0	-2.0798E-10
1.8180E+5	1.0000E+0	1.9634E-5	-5.0000E-1	-2.0139E-10
1.8230E+5	1.0000E+0	1.8960E-5	-1.0000E+0	-3.2607E-10
1.8280E+5	1.0000E+0	1.8312E-5	-1.5000E+0	-2.0163E-10
1.8330E+5	1.0000E+0	1.7669E-5	-2.0000E+0	-1.9907E-10
1.8380E+5	1.0000E+0	1.7078E-5	-2.5000E+0	-1.9877E-10
1.8430E+5	1.0000E+0	1.6446E-5	-3.0000E+0	-1.9509E-10
1.8480E+5	1.0000E+0	1.5836E-5	-3.5000E+0	-1.9212E-10
1.8530E+5	1.0000E+0	1.5284E-5	-4.0000E+0	-1.9058E-10
1.8580E+5	1.0000E+0	1.4724E-5	-4.5000E+0	-1.8905E-10
1.8630E+5	1.0000E+0	1.4169E-5	-5.0000E+0	-1.8630E-10
1.8680E+5	1.0000E+0	1.3619E-5	-5.5000E+0	-1.8464E-10
1.8730E+5	1.0000E+0	1.3101E-5	-6.0000E+0	-1.8235E-10
1.8780E+5	1.0000E+0	1.2579E-5	-6.5000E+0	-1.8069E-10
1.8830E+5	1.0000E+0	1.2024E-5	-7.0000E+0	-1.7889E-10
1.8880E+5	1.0000E+0	1.1538E-5	-7.5000E+0	-1.7762E-10
1.8930E+5	1.0000E+0	1.1054E-5	-8.0000E+0	-1.7548E-10
1.8980E+5	1.0000E+0	1.0572E-5	-8.5000E+0	-1.7354E-10
1.9030E+5	1.0000E+0	1.0107E-5	-9.0000E+0	-1.7167E-10
1.9080E+5	1.0000E+0	9.6759E-6	-9.5000E+0	-1.7014E-10
1.9130E+5	1.0000E+0	9.2320E-6	-1.0000E+1	-1.7834E-10
1.9180E+5	1.0000E+0	8.8042E-6	-1.0500E+1	-1.6658E-10
1.9230E+5	1.0000E+0	8.4470E-6	-1.1000E+1	-1.6589E-10
1.9280E+5	1.0000E+0	8.0584E-6	-1.1500E+1	-1.6341E-10
1.9330E+5	1.0000E+0	7.6695E-6	-1.2000E+1	-1.6231E-10
1.9380E+5	1.0000E+0	7.3016E-6	-1.2500E+1	-1.6084E-10
1.9430E+5	1.0000E+0	6.9344E-6	-1.3000E+1	-1.6058E-10
1.9480E+5	1.0000E+0	6.5821E-6	-1.3500E+1	-1.5941E-10
1.9530E+5	1.0000E+0	6.2666E-6	-1.4000E+1	-1.5882E-10
1.9580E+5	1.0000E+0	5.9386E-6	-1.4500E+1	-1.5824E-10
1.9630E+5	1.0000E+0	5.6356E-6	-1.5000E+1	-1.5743E-10
1.9680E+5	1.0000E+0	5.3375E-6	-1.5500E+1	-1.5617E-10
1.9730E+5	1.0000E+0	5.0569E-6	-1.6000E+1	-2.8138E-10
1.9780E+5	1.0000E+0	4.7647E-6	-1.6500E+1	-1.5618E-10
1.9830E+5	1.0000E+0	4.4905E-6	-1.7000E+1	-1.5595E-10
1.9880E+5	1.0000E+0	4.2187E-6	-1.7500E+1	-1.5550E-10
1.9930E+5	1.0000E+0	3.9754E-6	-1.8000E+1	-1.5527E-10
1.9980E+5	1.0000E+0	3.7395E-6	-1.8500E+1	-1.5483E-10
2.0030E+5	1.0000E+0	3.5032E-6	-1.9000E+1	-1.5434E-10
2.0080E+5	1.0000E+0	3.2853E-6	-1.9500E+1	-1.5424E-10
2.0130E+5	1.0000E+0	3.0734E-6	-2.0000E+1	-1.5379E-10
2.0180E+5	1.0000E+0	2.8476E-6	-2.0500E+1	-1.5553E-10
2.0230E+5	1.0000E+0	2.6618E-6	-2.1000E+1	-1.5340E-10
2.0280E+5	1.0000E+0	2.4878E-6	-2.1500E+1	-1.5270E-10
2.0330E+5	1.0000E+0	2.3162E-6	-2.2000E+1	-1.5173E-10
2.0380E+5	1.0000E+0	2.1520E-6	-2.2500E+1	-1.5190E-10
2.0430E+5	1.0000E+0	1.9889E-6	-2.3000E+1	-1.5207E-10
2.0480E+5	1.0000E+0	1.8362E-6	-2.3500E+1	-1.5207E-10
2.0530E+5	1.0000E+0	1.7081E-6	-2.4000E+1	-1.5128E-10
2.0580E+5	1.0000E+0	1.5752E-6	-2.4500E+1	-1.5118E-10
2.0630E+5	1.0000E+0	1.4443E-6	-2.5000E+1	-1.5137E-10
2.0680E+5	1.0000E+0	1.3243E-6	-2.5500E+1	-1.5123E-10
2.0730E+5	1.0000E+0	1.2110E-6	-2.6000E+1	-1.5098E-10
2.0780E+5	1.0000E+0	1.1080E-6	-2.6500E+1	-1.5067E-10
2.0830E+5	1.0000E+0	1.0118E-6	-2.7000E+1	-1.5132E-10
2.0880E+5	1.0000E+0	9.1713E-7	-2.7500E+1	-1.5148E-10
2.0930E+5	1.0000E+0	8.3182E-7	-2.8000E+1	-1.6259E-10
2.0980E+5	1.0000E+0	7.5017E-7	-2.8500E+1	-1.5266E-10
2.1030E+5	1.0000E+0	6.8476E-7	-2.9000E+1	-1.5192E-10
2.1080E+5	1.0000E+0	6.1592E-7	-2.9500E+1	-1.5168E-10
2.1130E+5	1.0000E+0	5.5620E-7	-3.0000E+1	-1.5237E-10
2.1180E+5	1.0000E+0	5.0572E-7	-3.0500E+1	-1.5228E-10
2.1230E+5	1.0000E+0	4.5131E-7	-3.1000E+1	-1.3963E-10
2.1280E+5	1.0000E+0	4.0595E-7	-3.1500E+1	-2.8388E-10
2.1330E+5	1.0000E+0	3.6132E-7	-3.2000E+1	-1.5374E-10
2.1380E+5	1.0000E+0	3.2153E-7	-3.2500E+1	-1.5406E-10
2.1430E+5	1.0000E+0	2.8180E-7	-3.3000E+1	-1.5431E-10
2.1480E+5	1.0000E+0	2.5109E-7	-3.3500E+1	-1.5541E-10
2.1530E+5	1.0000E+0	2.2137E-7	-3.4000E+1	-1.5557E-10
2.1580E+5	1.0000E+0	1.9634E-7	-3.4500E+1	-1.5553E-10
2.1630E+5	1.0000E+0	1.7163E-7	-3.5000E+1	-1.5623E-10
2.1680E+5	1.0000E+0	1.4900E-7	-3.5500E+1	-1.5635E-10
2.1730E+5	1.0000E+0	1.2937E-7	-3.6000E+1	-1.5715E-10
2.1780E+5	1.0000E+0	1.1309E-7	-3.6500E+1	-1.5741E-10
2.1830E+5	1.0000E+0	1.0021E-7	-3.7000E+1	-1.5803E-10
2.1890E+5	1.0000E+0	8.5158E-8	-3.7500E+1	-2.2834E-10
2.1940E+5	1.0000E+0	7.4447E-8	-3.8000E+1	-2.1318E-10
2.1990E+5	1.0000E+0	6.3040E-8	-3.8500E+1	-1.5984E-10
2.2040E+5	1.0000E+0	5.3105E-8	-3.9000E+1	-1.6036E-10
2.2090E+5	1.0000E+0	4.4605E-8	-3.9500E+1	-1.6120E-10
2.2140E+5	1.0000E+0	3.8106E-8	-4.0000E+1	-1.6152E-10
2.2190E+5	1.0000E+0	3.1826E-8	-4.0500E+1	-1.6271E-10
2.2240E+5	1.0000E+0	2.6845E-8	-4.1000E+1	-1.6465E-10
2.2290E+5	1.0000E+0	2.2625E-8	-4.1500E+1	-1.6386E-10
2.2340E+5	1.0000E+0	1.8895E-8	-4.2000E+1	-1.6459E-10
2.2390E+5	1.0000E+0	1.5827E-8	-4.2500E+1	-1.6527E-10
2.2440E+5	1.0000E+0	1.3323E-8	-4.3000E+1	-1.6590E-10
2.2490E+5	1.0000E+0	1.1039E-8	-4.3500E+1	-1.6729E-10
2.2540E+5	1.0000E+0	9.6594E-9	-4.4000E+1	-1.6738E-10
2.2590E+5	1.0000E+0	8.0890E-9	-4.4500E+1	-1.6828E-10
2.2640E+5	1.0000E+0	6.9053E-9	-4.5000E+1	-1.6991E-10
2.2690E+5	1.0000E+0	5.9409E-9	-4.5500E+1	-1.7089E-10
2.2740E+5	1.0000E+0	5.0582E-9	-4.6000E+1	-1.6017E-10
2.2790E+5	1.0000E+0	4.3221E-9	-4.6500E+1	-3.0237E-10
2.2840E+5	1.0000E+0	3.7311E-9	-4.7000E+1	-1.7385E-10
2.2890E+5	1.0000E+0	3.3139E-9	-4.7500E+1	-1.7471E-10
2.2940E+5	1.0000E+0	3.0434E-9	-4.8000E+1	-1.7593E-10
2.2990E+5	1.0000E+0	2.5373E-9	-4.8500E+1	-1.7642E-10
2.3040E+5	1.0000E+0	2.2387E-9	-4.9000E+1	-1.7701E-10
2.3090E+5	1.0000E+0	2.0333E-9	-4.9500E+1	-1.7706E-10
2.3140E+5	1.0000E+0	1.7866E-9	-5.0000E+1	-1.7814E-10
2.3190E+5	1.0000E+0	1.5983E-9	-5.0500E+1	-1.7875E-10
2.3240E+5	1.0000E+0	1.4475E-9	-5.1000E+1	-1.7958E-10
2.3290E+5	1.0000E+0	1.3232E-9	-5.1500E+1	-1.8054E-10
2.3340E+5	1.0000E+0	1.2208E-9	-5.2000E+1	-1.8141E-10
2.3390E+5	1.0000E+0	1.1339E-9	-5.2500E+1	-1.8202E-10
2.3440E+5	1.0000E+0	1.0446E-9	-5.3000E+1	-1.8265E-10
2.3490E+5	1.0000E+0	9.6868E-10	-5.3500E+1	-1.8325E-10
2.3540E+5	1.0000E+0	8.7600E-10	-5.4000E+1	-1.8389E-10
2.3590E+5	1.0000E+0	8.1780E-10	-5.4500E+1	-1.8427E-10
2.3640E+5	1.0000E+0	7.4098E-10	-5.5000E+1	-1.8486E-10
2.3690E+5	1.0000E+0	6.8433E-10	-5.5500E+1	-1.8484E-10
2.3740E+5	1.0000E+0	7.0205E-10	-5.6000E+1	-1.8493E-10
2.3790E+5	1.0000E+0	6.4118E-10	-5.6500E+1	-1.8525E-10
2.3840E+5	1.0000E+0	6.1090E-10	-5.7000E+1	-1.8585E-10
2.3890E+5	1.0000E+0	5.9019E-10	-5.7500E+1	-1.8637E-10
2.3940E+5	1.0000E+0	5.8646E-10	-5.8000E+1	-1.8619E-10
2.3990E+5	1.0000E+0	5.5136E-10	-5.8500E+1	-1.8672E-10
2.4040E+5	1.0000E+0	5.4032E-10	-5.9000E+1	-1.8714E-10
2.4090E+5	1.0000E+0	5.0562E-10	-5.9500E+1	-1.8678E-10
2.4140E+5	1.0000E+0	4.9446E-10	-6.0000E+1	-1.8630E-10
