File Name: 02_Sampple1_device3_trfSat_dark_hor.dat
File Data: 16/11/2023	13:59:48
Start V: 0
Step V: 0
Stop V: 0
Range V: 20
Delay(ms): 0
Auorange: yes
Sweep type: log
Instrument Meter: SM2614
Time(ms)	Vdrain(V)	Idrain(A)	Vgate(V)	Igate(A)
0.0000E+0	1.0000E+0	1.2957E-5	-5.0000E+1	-1.3212E-10
1.0000E+3	1.0000E+0	1.2958E-5	-4.9500E+1	-1.8047E-11
1.5000E+3	1.0000E+0	1.2954E-5	-4.9000E+1	-5.7721E-12
2.0000E+3	1.0000E+0	1.2946E-5	-4.8500E+1	-2.0421E-12
2.5000E+3	1.0000E+0	1.2957E-5	-4.8000E+1	-9.5010E-13
3.0000E+3	1.0000E+0	1.2958E-5	-4.7500E+1	-1.9312E-13
3.5000E+3	1.0000E+0	1.2945E-5	-4.7000E+1	-3.2425E-13
4.0000E+3	1.0000E+0	1.2972E-5	-4.6500E+1	-2.3365E-13
4.5000E+3	1.0000E+0	1.2939E-5	-4.6000E+1	-3.7909E-13
5.0000E+3	1.0000E+0	1.2950E-5	-4.5500E+1	1.1921E-15
5.5000E+3	1.0000E+0	1.2914E-5	-4.5000E+1	-2.9325E-13
6.0000E+3	1.0000E+0	1.2951E-5	-4.4500E+1	-3.8266E-13
6.5000E+3	1.0000E+0	1.2943E-5	-4.4000E+1	-2.8491E-13
7.0000E+3	1.0000E+0	1.2939E-5	-4.3500E+1	-1.8120E-13
7.5000E+3	1.0000E+0	1.2918E-5	-4.3000E+1	-4.2796E-13
8.0000E+3	1.0000E+0	1.2926E-5	-4.2500E+1	-4.9591E-13
8.5000E+3	1.0000E+0	1.2932E-5	-4.2000E+1	-5.2333E-13
9.0000E+3	1.0000E+0	1.2936E-5	-4.1500E+1	-1.4067E-13
9.5000E+3	1.0000E+0	1.2946E-5	-4.1000E+1	-4.6849E-13
1.0000E+4	1.0000E+0	1.2948E-5	-4.0500E+1	-2.0027E-13
1.0500E+4	1.0000E+0	1.2932E-5	-4.0000E+1	-3.3498E-13
1.1000E+4	1.0000E+0	1.2931E-5	-3.9500E+1	-3.3379E-14
1.1500E+4	1.0000E+0	1.2918E-5	-3.9000E+1	-2.0385E-13
1.2000E+4	1.0000E+0	1.2921E-5	-3.8500E+1	2.2650E-14
1.2500E+4	1.0000E+0	1.2913E-5	-3.8000E+1	-2.0504E-13
1.3000E+4	1.0000E+0	1.2934E-5	-3.7500E+1	-9.0599E-14
1.3500E+4	1.0000E+0	1.2905E-5	-3.7000E+1	-3.4809E-13
1.4000E+4	1.0000E+0	1.2932E-5	-3.6500E+1	-5.0306E-13
1.4500E+4	1.0000E+0	1.2944E-5	-3.6000E+1	-5.3644E-14
1.5000E+4	1.0000E+0	1.2941E-5	-3.5500E+1	-5.1975E-13
1.5500E+4	1.0000E+0	1.2973E-5	-3.5000E+1	-4.4584E-13
1.6000E+4	1.0000E+0	1.2954E-5	-3.4500E+1	-4.5896E-13
1.6500E+4	1.0000E+0	1.2984E-5	-3.4000E+1	-6.1154E-13
1.7000E+4	1.0000E+0	1.2998E-5	-3.3500E+1	-4.4107E-13
1.7500E+4	1.0000E+0	1.2942E-5	-3.3000E+1	-4.4227E-13
1.8000E+4	1.0000E+0	1.2964E-5	-3.2500E+1	-6.3181E-14
1.8500E+4	1.0000E+0	1.2971E-5	-3.2000E+1	-4.9114E-13
1.9000E+4	1.0000E+0	1.2990E-5	-3.1500E+1	-2.7537E-13
1.9500E+4	1.0000E+0	1.2959E-5	-3.1000E+1	-3.1352E-13
2.0000E+4	1.0000E+0	1.2934E-5	-3.0500E+1	-3.0756E-13
2.0500E+4	1.0000E+0	1.2933E-5	-3.0000E+1	-7.1645E-13
2.1000E+4	1.0000E+0	1.2942E-5	-2.9500E+1	-5.9009E-13
2.1500E+4	1.0000E+0	1.2933E-5	-2.9000E+1	-2.8729E-13
2.2000E+4	1.0000E+0	1.2945E-5	-2.8500E+1	-2.8372E-13
2.2500E+4	1.0000E+0	1.2952E-5	-2.8000E+1	-4.3988E-13
2.3000E+4	1.0000E+0	1.2982E-5	-2.7500E+1	-5.0425E-13
2.3500E+4	1.0000E+0	1.2980E-5	-2.7000E+1	-4.0531E-13
2.4000E+4	1.0000E+0	1.2993E-5	-2.6500E+1	-6.0201E-13
2.4500E+4	1.0000E+0	1.2991E-5	-2.6000E+1	-5.9605E-13
2.5000E+4	1.0000E+0	1.2999E-5	-2.5500E+1	-5.1618E-13
2.5500E+4	1.0000E+0	1.2983E-5	-2.5000E+1	-6.8545E-13
2.6000E+4	1.0000E+0	1.3002E-5	-2.4500E+1	-4.9114E-13
2.6500E+4	1.0000E+0	1.2982E-5	-2.4000E+1	-3.8505E-13
2.7000E+4	1.0000E+0	1.2976E-5	-2.3500E+1	-7.5102E-13
2.7500E+4	1.0000E+0	1.2985E-5	-2.3000E+1	-4.9591E-13
2.8000E+4	1.0000E+0	1.2977E-5	-2.2500E+1	-4.3511E-13
2.8500E+4	1.0000E+0	1.2970E-5	-2.2000E+1	-2.0146E-13
2.9000E+4	1.0000E+0	1.3007E-5	-2.1500E+1	-3.3021E-13
2.9500E+4	1.0000E+0	1.2992E-5	-2.1000E+1	-3.1948E-13
3.0000E+4	1.0000E+0	1.2999E-5	-2.0500E+1	-3.7312E-13
3.0500E+4	1.0000E+0	1.3045E-5	-2.0000E+1	-2.7156E-12
3.1000E+4	1.0000E+0	1.3025E-5	-1.9500E+1	-9.0599E-13
3.1500E+4	1.0000E+0	1.3031E-5	-1.9000E+1	-6.4969E-13
3.2000E+4	1.0000E+0	1.2993E-5	-1.8500E+1	-4.8637E-13
3.2500E+4	1.0000E+0	1.3015E-5	-1.8000E+1	-3.7551E-13
3.3000E+4	1.0000E+0	1.3026E-5	-1.7500E+1	-4.9353E-13
3.3500E+4	1.0000E+0	1.3005E-5	-1.7000E+1	-4.4942E-13
3.4000E+4	1.0000E+0	1.3008E-5	-1.6500E+1	-4.3035E-13
3.4500E+4	1.0000E+0	1.3023E-5	-1.6000E+1	-3.9220E-13
3.5000E+4	1.0000E+0	1.3020E-5	-1.5500E+1	-5.8651E-13
3.5500E+4	1.0000E+0	1.3029E-5	-1.5000E+1	-4.9949E-13
3.6000E+4	1.0000E+0	1.3030E-5	-1.4500E+1	-6.1512E-13
3.6500E+4	1.0000E+0	1.3044E-5	-1.4000E+1	-6.1989E-13
3.7000E+4	1.0000E+0	1.3034E-5	-1.3500E+1	-5.1141E-13
3.7500E+4	1.0000E+0	1.3024E-5	-1.3000E+1	-4.3511E-13
3.8000E+4	1.0000E+0	1.2994E-5	-1.2500E+1	-5.2094E-13
3.8500E+4	1.0000E+0	1.3009E-5	-1.2000E+1	-4.8518E-13
3.9000E+4	1.0000E+0	1.3019E-5	-1.1500E+1	-6.0320E-13
3.9500E+4	1.0000E+0	1.3024E-5	-1.1000E+1	-4.7088E-13
4.0000E+4	1.0000E+0	1.3028E-5	-1.0500E+1	-5.1975E-13
4.0500E+4	1.0000E+0	1.3017E-5	-1.0000E+1	-6.3658E-13
4.1000E+4	1.0000E+0	1.3048E-5	-9.5000E+0	-5.1379E-13
4.1500E+4	1.0000E+0	1.3069E-5	-9.0000E+0	-5.9724E-13
4.2000E+4	1.0000E+0	1.3059E-5	-8.5000E+0	-4.4465E-13
4.2500E+4	1.0000E+0	1.3056E-5	-8.0000E+0	-6.5208E-13
4.3000E+4	1.0000E+0	1.3052E-5	-7.5000E+0	-4.4465E-13
4.3500E+4	1.0000E+0	1.3047E-5	-7.0000E+0	-4.1127E-13
4.4000E+4	1.0000E+0	1.3055E-5	-6.5000E+0	-5.5432E-13
4.4500E+4	1.0000E+0	1.3072E-5	-6.0000E+0	-5.2690E-13
4.5000E+4	1.0000E+0	1.3029E-5	-5.5000E+0	-3.8028E-13
4.5500E+4	1.0000E+0	1.3043E-5	-5.0000E+0	-9.1672E-13
4.6000E+4	1.0000E+0	1.3067E-5	-4.5000E+0	-9.0480E-13
4.6500E+4	1.0000E+0	1.3066E-5	-4.0000E+0	-9.8228E-13
4.7000E+4	1.0000E+0	1.3058E-5	-3.5000E+0	-1.0216E-12
4.7500E+4	1.0000E+0	1.3062E-5	-3.0000E+0	-8.6069E-13
4.8000E+4	1.0000E+0	1.3079E-5	-2.5000E+0	-7.8797E-13
4.8500E+4	1.0000E+0	1.3069E-5	-2.0000E+0	-9.6798E-13
4.9000E+4	1.0000E+0	1.3103E-5	-1.5000E+0	-9.5487E-13
4.9500E+4	1.0000E+0	1.3097E-5	-1.0000E+0	-1.0717E-12
5.0000E+4	1.0000E+0	1.3058E-5	-5.0000E-1	-9.8467E-13
5.0500E+4	1.0000E+0	1.3093E-5	0.0000E+0	-1.0312E-12
5.1000E+4	1.0000E+0	1.3067E-5	5.0000E-1	-9.9540E-13
5.1500E+4	1.0000E+0	1.3073E-5	1.0000E+0	-1.0383E-12
5.2000E+4	1.0000E+0	1.3084E-5	1.5000E+0	-1.0323E-12
5.2500E+4	1.0000E+0	1.3086E-5	2.0000E+0	-1.0359E-12
5.3000E+4	1.0000E+0	1.3055E-5	2.5000E+0	-7.3671E-13
5.3500E+4	1.0000E+0	1.3063E-5	3.0000E+0	-9.0599E-13
5.4000E+4	1.0000E+0	1.3100E-5	3.5000E+0	-8.9407E-13
5.4500E+4	1.0000E+0	1.3112E-5	4.0000E+0	-9.6798E-13
5.5000E+4	1.0000E+0	1.3106E-5	4.5000E+0	-8.9288E-13
5.5500E+4	1.0000E+0	1.3080E-5	5.0000E+0	-8.2135E-13
5.6000E+4	1.0000E+0	1.3067E-5	5.5000E+0	-9.0837E-13
5.6500E+4	1.0000E+0	1.3043E-5	6.0000E+0	-8.3447E-13
5.7000E+4	1.0000E+0	1.3081E-5	6.5000E+0	-8.8096E-13
5.7500E+4	1.0000E+0	1.3093E-5	7.0000E+0	-8.8096E-13
5.8000E+4	1.0000E+0	1.3097E-5	7.5000E+0	-1.0383E-12
5.8500E+4	1.0000E+0	1.3117E-5	8.0000E+0	-9.6679E-13
5.9000E+4	1.0000E+0	1.3117E-5	8.5000E+0	-9.2030E-13
5.9500E+4	1.0000E+0	1.3078E-5	9.0000E+0	-8.1182E-13
6.0000E+4	1.0000E+0	1.3115E-5	9.5000E+0	-8.9049E-13
6.0500E+4	1.0000E+0	1.3090E-5	1.0000E+1	-8.1658E-13
6.1000E+4	1.0000E+0	1.3100E-5	1.0500E+1	-7.7486E-13
6.1500E+4	1.0000E+0	1.3117E-5	1.1000E+1	-7.7605E-13
6.2000E+4	1.0000E+0	1.3115E-5	1.1500E+1	-7.7963E-13
6.2500E+4	1.0000E+0	1.3122E-5	1.2000E+1	-5.8055E-13
6.3000E+4	1.0000E+0	1.3131E-5	1.2500E+1	-7.1526E-13
6.3500E+4	1.0000E+0	1.3113E-5	1.3000E+1	-7.9274E-13
6.4000E+4	1.0000E+0	1.3083E-5	1.3500E+1	-7.5698E-13
6.4500E+4	1.0000E+0	1.3091E-5	1.4000E+1	-7.4625E-13
6.5000E+4	1.0000E+0	1.3111E-5	1.4500E+1	-8.0466E-13
6.5500E+4	1.0000E+0	1.3108E-5	1.5000E+1	-7.0929E-13
6.6000E+4	1.0000E+0	1.3099E-5	1.5500E+1	-7.0929E-13
6.6500E+4	1.0000E+0	1.3083E-5	1.6000E+1	-7.2241E-13
6.7000E+4	1.0000E+0	1.3111E-5	1.6500E+1	-8.1182E-13
6.7500E+4	1.0000E+0	1.3090E-5	1.7000E+1	-7.2241E-13
6.8000E+4	1.0000E+0	1.3120E-5	1.7500E+1	-8.3566E-13
6.8500E+4	1.0000E+0	1.3138E-5	1.8000E+1	-8.3447E-13
6.9000E+4	1.0000E+0	1.3097E-5	1.8500E+1	-7.1049E-13
6.9500E+4	1.0000E+0	1.3116E-5	1.9000E+1	-7.1406E-13
7.0000E+4	1.0000E+0	1.3108E-5	1.9500E+1	-7.0333E-13
7.0500E+4	1.0000E+0	1.3104E-5	2.0000E+1	-7.9393E-13
7.1000E+4	1.0000E+0	1.3109E-5	2.0500E+1	6.7830E-13
7.1500E+4	1.0000E+0	1.3120E-5	2.1000E+1	-6.0201E-13
7.2000E+4	1.0000E+0	1.3115E-5	2.1500E+1	-8.7619E-13
7.2500E+4	1.0000E+0	1.3144E-5	2.2000E+1	-7.7009E-13
7.3000E+4	1.0000E+0	1.3103E-5	2.2500E+1	-7.5698E-13
7.3500E+4	1.0000E+0	1.3117E-5	2.3000E+1	-9.2745E-13
7.4000E+4	1.0000E+0	1.3128E-5	2.3500E+1	-1.0538E-12
7.4500E+4	1.0000E+0	1.3095E-5	2.4000E+1	-7.9036E-13
7.5000E+4	1.0000E+0	1.3120E-5	2.4500E+1	-9.5010E-13
7.5500E+4	1.0000E+0	1.3119E-5	2.5000E+1	-9.5487E-13
7.6000E+4	1.0000E+0	1.3128E-5	2.5500E+1	-9.3698E-13
7.6500E+4	1.0000E+0	1.3115E-5	2.6000E+1	-8.8573E-13
7.7000E+4	1.0000E+0	1.3155E-5	2.6500E+1	-4.9353E-13
7.7500E+4	1.0000E+0	1.3148E-5	2.7000E+1	-7.5459E-13
7.8000E+4	1.0000E+0	1.3115E-5	2.7500E+1	-7.6413E-13
7.8500E+4	1.0000E+0	1.3151E-5	2.8000E+1	-7.0453E-13
7.9000E+4	1.0000E+0	1.3133E-5	2.8500E+1	-5.3883E-13
7.9500E+4	1.0000E+0	1.3154E-5	2.9000E+1	-5.3763E-13
8.0000E+4	1.0000E+0	1.3135E-5	2.9500E+1	-6.7830E-13
8.0500E+4	1.0000E+0	1.3131E-5	3.0000E+1	-5.4717E-13
8.1000E+4	1.0000E+0	1.3141E-5	3.0500E+1	-5.2571E-13
8.1500E+4	1.0000E+0	1.3133E-5	3.1000E+1	-7.2479E-13
8.2000E+4	1.0000E+0	1.3129E-5	3.1500E+1	-3.7551E-13
8.2500E+4	1.0000E+0	1.3111E-5	3.2000E+1	-5.1260E-13
8.3000E+4	1.0000E+0	1.3136E-5	3.2500E+1	-1.0300E-12
8.3500E+4	1.0000E+0	1.3157E-5	3.3000E+1	-5.2452E-13
8.4000E+4	1.0000E+0	1.3138E-5	3.3500E+1	-1.0395E-12
8.4500E+4	1.0000E+0	1.3157E-5	3.4000E+1	-8.0109E-13
8.5000E+4	1.0000E+0	1.3151E-5	3.4500E+1	-9.1553E-13
8.5500E+4	1.0000E+0	1.3148E-5	3.5000E+1	-6.2108E-13
8.6000E+4	1.0000E+0	1.3157E-5	3.5500E+1	-7.9513E-13
8.6500E+4	1.0000E+0	1.3155E-5	3.6000E+1	-7.7128E-13
8.7000E+4	1.0000E+0	1.3158E-5	3.6500E+1	-6.7711E-13
8.7500E+4	1.0000E+0	1.3128E-5	3.7000E+1	-5.9485E-13
8.8000E+4	1.0000E+0	1.3154E-5	3.7500E+1	-7.4506E-13
8.8500E+4	1.0000E+0	1.3180E-5	3.8000E+1	-6.3419E-13
8.9000E+4	1.0000E+0	1.3182E-5	3.8500E+1	-5.0902E-13
8.9500E+4	1.0000E+0	1.3167E-5	3.9000E+1	-3.8862E-13
9.0000E+4	1.0000E+0	1.3161E-5	3.9500E+1	-6.8069E-13
9.0500E+4	1.0000E+0	1.3174E-5	4.0000E+1	-1.0121E-12
9.1000E+4	1.0000E+0	1.3166E-5	4.0500E+1	-5.7340E-13
9.1500E+4	1.0000E+0	1.3161E-5	4.1000E+1	-7.7605E-13
9.2000E+4	1.0000E+0	1.3156E-5	4.1500E+1	-6.6519E-13
9.2500E+4	1.0000E+0	1.3161E-5	4.2000E+1	-4.6969E-13
9.3000E+4	1.0000E+0	1.3142E-5	4.2500E+1	-5.5194E-13
9.3500E+4	1.0000E+0	1.3158E-5	4.3000E+1	-7.0333E-13
9.4000E+4	1.0000E+0	1.3145E-5	4.3500E+1	-5.8770E-13
9.4500E+4	1.0000E+0	1.3147E-5	4.4000E+1	-8.1182E-13
9.5000E+4	1.0000E+0	1.3162E-5	4.4500E+1	-8.4758E-13
9.5500E+4	1.0000E+0	1.3176E-5	4.5000E+1	-7.9870E-13
9.6000E+4	1.0000E+0	1.3196E-5	4.5500E+1	-7.5340E-13
9.6500E+4	1.0000E+0	1.3195E-5	4.6000E+1	-6.0320E-13
9.7000E+4	1.0000E+0	1.3187E-5	4.6500E+1	-5.7816E-13
9.7500E+4	1.0000E+0	1.3203E-5	4.7000E+1	-8.1420E-13
9.8000E+4	1.0000E+0	1.3180E-5	4.7500E+1	-4.3988E-13
9.8500E+4	1.0000E+0	1.3192E-5	4.8000E+1	-7.6055E-13
9.9000E+4	1.0000E+0	1.3203E-5	4.8500E+1	-6.4731E-13
9.9500E+4	1.0000E+0	1.3220E-5	4.9000E+1	-6.5565E-13
1.0000E+5	1.0000E+0	1.3213E-5	4.9500E+1	-5.9128E-13
1.0050E+5	1.0000E+0	1.3210E-5	5.0000E+1	-5.5075E-13
1.0100E+5	1.0000E+0	1.3206E-5	5.0500E+1	-4.9949E-13
1.0150E+5	1.0000E+0	1.3202E-5	5.0000E+1	-5.9009E-13
1.0200E+5	1.0000E+0	1.3189E-5	4.9500E+1	-4.4704E-13
1.0250E+5	1.0000E+0	1.3223E-5	4.9000E+1	-6.1631E-13
1.0300E+5	1.0000E+0	1.3203E-5	4.8500E+1	-6.3658E-13
1.0350E+5	1.0000E+0	1.3216E-5	4.8000E+1	-5.7697E-13
1.0400E+5	1.0000E+0	1.3205E-5	4.7500E+1	-7.9751E-13
1.0450E+5	1.0000E+0	1.3223E-5	4.7000E+1	-7.4267E-13
1.0500E+5	1.0000E+0	1.3229E-5	4.6500E+1	-7.4267E-13
1.0550E+5	1.0000E+0	1.3233E-5	4.6000E+1	-4.2081E-13
1.0600E+5	1.0000E+0	1.3198E-5	4.5500E+1	-4.7207E-13
1.0650E+5	1.0000E+0	1.3226E-5	4.5000E+1	-1.8239E-13
1.0700E+5	1.0000E+0	1.3210E-5	4.4500E+1	-4.8280E-13
1.0750E+5	1.0000E+0	1.3177E-5	4.4000E+1	-7.2956E-13
1.0800E+5	1.0000E+0	1.3229E-5	4.3500E+1	-9.0599E-13
1.0850E+5	1.0000E+0	1.3222E-5	4.3000E+1	-6.5565E-13
1.0900E+5	1.0000E+0	1.3220E-5	4.2500E+1	-8.1182E-13
1.0950E+5	1.0000E+0	1.3225E-5	4.2000E+1	-5.4955E-13
1.1000E+5	1.0000E+0	1.3207E-5	4.1500E+1	-6.5446E-13
1.1050E+5	1.0000E+0	1.3215E-5	4.1000E+1	-4.4465E-13
1.1100E+5	1.0000E+0	1.3208E-5	4.0500E+1	-5.1737E-13
1.1150E+5	1.0000E+0	1.3226E-5	4.0000E+1	-4.4346E-13
1.1200E+5	1.0000E+0	1.3212E-5	3.9500E+1	-5.9962E-13
1.1250E+5	1.0000E+0	1.3203E-5	3.9000E+1	-8.1778E-13
1.1300E+5	1.0000E+0	1.3202E-5	3.8500E+1	-5.9724E-13
1.1350E+5	1.0000E+0	1.3209E-5	3.8000E+1	-6.2585E-13
1.1400E+5	1.0000E+0	1.3225E-5	3.7500E+1	-2.0862E-13
1.1450E+5	1.0000E+0	1.3206E-5	3.7000E+1	-6.2227E-13
1.1500E+5	1.0000E+0	1.3233E-5	3.6500E+1	-5.1618E-13
1.1550E+5	1.0000E+0	1.3211E-5	3.6000E+1	-7.4506E-13
1.1600E+5	1.0000E+0	1.3194E-5	3.5500E+1	-4.9710E-13
1.1650E+5	1.0000E+0	1.3231E-5	3.5000E+1	-5.3525E-13
1.1700E+5	1.0000E+0	1.3199E-5	3.4500E+1	-4.1366E-13
1.1750E+5	1.0000E+0	1.3201E-5	3.4000E+1	-3.8147E-13
1.1800E+5	1.0000E+0	1.3218E-5	3.3500E+1	-7.4625E-13
1.1850E+5	1.0000E+0	1.3232E-5	3.3000E+1	-4.8518E-13
1.1900E+5	1.0000E+0	1.3230E-5	3.2500E+1	-3.2783E-13
1.1950E+5	1.0000E+0	1.3248E-5	3.2000E+1	-7.5817E-13
1.2000E+5	1.0000E+0	1.3246E-5	3.1500E+1	-6.5684E-13
1.2050E+5	1.0000E+0	1.3244E-5	3.1000E+1	-5.4836E-13
1.2100E+5	1.0000E+0	1.3239E-5	3.0500E+1	-4.9114E-13
1.2150E+5	1.0000E+0	1.3243E-5	3.0000E+1	-4.3273E-13
1.2200E+5	1.0000E+0	1.3225E-5	2.9500E+1	-7.5817E-13
1.2250E+5	1.0000E+0	1.3240E-5	2.9000E+1	-3.5524E-13
1.2300E+5	1.0000E+0	1.3260E-5	2.8500E+1	-6.1274E-13
1.2350E+5	1.0000E+0	1.3218E-5	2.8000E+1	-4.1843E-13
1.2400E+5	1.0000E+0	1.3231E-5	2.7500E+1	-5.9247E-13
1.2450E+5	1.0000E+0	1.3220E-5	2.7000E+1	-5.9128E-13
1.2500E+5	1.0000E+0	1.3227E-5	2.6500E+1	-6.0916E-13
1.2550E+5	1.0000E+0	1.3212E-5	2.6000E+1	-5.2214E-13
1.2600E+5	1.0000E+0	1.3195E-5	2.5500E+1	-6.6161E-13
1.2650E+5	1.0000E+0	1.3237E-5	2.5000E+1	-8.3685E-13
1.2700E+5	1.0000E+0	1.3247E-5	2.4500E+1	-2.5868E-13
1.2750E+5	1.0000E+0	1.3223E-5	2.4000E+1	-1.0395E-12
1.2800E+5	1.0000E+0	1.3205E-5	2.3500E+1	-7.3075E-13
1.2850E+5	1.0000E+0	1.3212E-5	2.3000E+1	-7.5459E-13
1.2900E+5	1.0000E+0	1.3197E-5	2.2500E+1	-9.8705E-13
1.2950E+5	1.0000E+0	1.3200E-5	2.2000E+1	-1.0574E-12
1.3000E+5	1.0000E+0	1.3203E-5	2.1500E+1	-4.6969E-13
1.3050E+5	1.0000E+0	1.3193E-5	2.1000E+1	-6.7949E-13
1.3100E+5	1.0000E+0	1.3186E-5	2.0500E+1	-2.8729E-13
1.3150E+5	1.0000E+0	1.3191E-5	2.0000E+1	-2.0516E-12
1.3200E+5	1.0000E+0	1.3212E-5	1.9500E+1	-7.8916E-13
1.3250E+5	1.0000E+0	1.3241E-5	1.9000E+1	-5.5432E-13
1.3300E+5	1.0000E+0	1.3236E-5	1.8500E+1	-4.5896E-13
1.3350E+5	1.0000E+0	1.3229E-5	1.8000E+1	-5.1141E-13
1.3400E+5	1.0000E+0	1.3214E-5	1.7500E+1	-4.4942E-13
1.3450E+5	1.0000E+0	1.3227E-5	1.7000E+1	-5.4479E-13
1.3500E+5	1.0000E+0	1.3237E-5	1.6500E+1	-3.4690E-13
1.3550E+5	1.0000E+0	1.3235E-5	1.6000E+1	-4.7326E-13
1.3600E+5	1.0000E+0	1.3234E-5	1.5500E+1	-4.0174E-13
1.3650E+5	1.0000E+0	1.3219E-5	1.5000E+1	-7.9751E-13
1.3700E+5	1.0000E+0	1.3234E-5	1.4500E+1	-7.7009E-13
1.3750E+5	1.0000E+0	1.3235E-5	1.4000E+1	-7.7844E-13
1.3800E+5	1.0000E+0	1.3225E-5	1.3500E+1	-8.5831E-13
1.3850E+5	1.0000E+0	1.3209E-5	1.3000E+1	-8.0466E-13
1.3900E+5	1.0000E+0	1.3206E-5	1.2500E+1	-8.0347E-13
1.3950E+5	1.0000E+0	1.3200E-5	1.2000E+1	-7.6294E-13
1.4000E+5	1.0000E+0	1.3200E-5	1.1500E+1	-9.1791E-13
1.4050E+5	1.0000E+0	1.3199E-5	1.1000E+1	-8.3327E-13
1.4100E+5	1.0000E+0	1.3193E-5	1.0500E+1	-7.8320E-13
1.4150E+5	1.0000E+0	1.3158E-5	1.0000E+1	-7.9274E-13
1.4200E+5	1.0000E+0	1.3185E-5	9.5000E+0	-8.4162E-13
1.4250E+5	1.0000E+0	1.3199E-5	9.0000E+0	-6.1393E-13
1.4300E+5	1.0000E+0	1.3207E-5	8.5000E+0	-7.4029E-13
1.4350E+5	1.0000E+0	1.3209E-5	8.0000E+0	-7.9274E-13
1.4400E+5	1.0000E+0	1.3211E-5	7.5000E+0	-7.7724E-13
1.4450E+5	1.0000E+0	1.3190E-5	7.0000E+0	-6.7115E-13
1.4500E+5	1.0000E+0	1.3198E-5	6.5000E+0	-8.2374E-13
1.4550E+5	1.0000E+0	1.3205E-5	6.0000E+0	-7.5579E-13
1.4600E+5	1.0000E+0	1.3204E-5	5.5000E+0	-8.8692E-13
1.4650E+5	1.0000E+0	1.3202E-5	5.0000E+0	-6.8188E-13
1.4700E+5	1.0000E+0	1.3206E-5	4.5000E+0	-7.3791E-13
1.4750E+5	1.0000E+0	1.3194E-5	4.0000E+0	-6.7711E-13
1.4800E+5	1.0000E+0	1.3200E-5	3.5000E+0	-7.7724E-13
1.4850E+5	1.0000E+0	1.3248E-5	3.0000E+0	-6.1989E-13
1.4900E+5	1.0000E+0	1.3248E-5	2.5000E+0	-7.6413E-13
1.4950E+5	1.0000E+0	1.3237E-5	2.0000E+0	-8.5473E-13
1.5000E+5	1.0000E+0	1.3236E-5	1.5000E+0	-8.7380E-13
1.5050E+5	1.0000E+0	1.3233E-5	1.0000E+0	-6.2466E-13
1.5100E+5	1.0000E+0	1.3246E-5	5.0000E-1	-7.3552E-13
1.5150E+5	1.0000E+0	1.3252E-5	0.0000E+0	-8.2731E-13
1.5200E+5	1.0000E+0	1.3261E-5	-5.0000E-1	-9.6321E-13
1.5250E+5	1.0000E+0	1.3247E-5	-1.0000E+0	-7.9274E-13
1.5300E+5	1.0000E+0	1.3246E-5	-1.5000E+0	-8.7023E-13
1.5350E+5	1.0000E+0	1.3247E-5	-2.0000E+0	-9.5844E-13
1.5400E+5	1.0000E+0	1.3268E-5	-2.5000E+0	-8.3208E-13
1.5450E+5	1.0000E+0	1.3286E-5	-3.0000E+0	-7.8440E-13
1.5500E+5	1.0000E+0	1.3258E-5	-3.5000E+0	-8.0705E-13
1.5550E+5	1.0000E+0	1.3245E-5	-4.0000E+0	-9.3460E-13
1.5600E+5	1.0000E+0	1.3265E-5	-4.5000E+0	-8.6188E-13
1.5650E+5	1.0000E+0	1.3269E-5	-5.0000E+0	-7.2718E-13
1.5700E+5	1.0000E+0	1.3266E-5	-5.5000E+0	-7.0095E-13
1.5750E+5	1.0000E+0	1.3258E-5	-6.0000E+0	-8.2851E-13
1.5800E+5	1.0000E+0	1.3254E-5	-6.5000E+0	-8.6665E-13
1.5850E+5	1.0000E+0	1.3275E-5	-7.0000E+0	-8.3566E-13
1.5900E+5	1.0000E+0	1.3266E-5	-7.5000E+0	-8.6308E-13
1.5950E+5	1.0000E+0	1.3269E-5	-8.0000E+0	-8.1778E-13
1.6000E+5	1.0000E+0	1.3275E-5	-8.5000E+0	-8.4043E-13
1.6050E+5	1.0000E+0	1.3290E-5	-9.0000E+0	-8.1062E-13
1.6100E+5	1.0000E+0	1.3270E-5	-9.5000E+0	-8.4400E-13
1.6150E+5	1.0000E+0	1.3288E-5	-1.0000E+1	-8.2493E-13
1.6200E+5	1.0000E+0	1.3282E-5	-1.0500E+1	-7.5817E-13
1.6250E+5	1.0000E+0	1.3278E-5	-1.1000E+1	-7.8320E-13
1.6300E+5	1.0000E+0	1.3305E-5	-1.1500E+1	-8.0347E-13
1.6350E+5	1.0000E+0	1.3300E-5	-1.2000E+1	-9.0122E-13
1.6400E+5	1.0000E+0	1.3280E-5	-1.2500E+1	-8.5592E-13
1.6450E+5	1.0000E+0	1.3290E-5	-1.3000E+1	-8.2612E-13
1.6500E+5	1.0000E+0	1.3313E-5	-1.3500E+1	-9.1314E-13
1.6550E+5	1.0000E+0	1.3308E-5	-1.4000E+1	-7.8082E-13
1.6600E+5	1.0000E+0	1.3335E-5	-1.4500E+1	-9.4056E-13
1.6650E+5	1.0000E+0	1.3355E-5	-1.5000E+1	-8.4877E-13
1.6700E+5	1.0000E+0	1.3356E-5	-1.5500E+1	-8.2612E-13
1.6750E+5	1.0000E+0	1.3312E-5	-1.6000E+1	-8.7023E-13
1.6800E+5	1.0000E+0	1.3320E-5	-1.6500E+1	-7.7128E-13
1.6850E+5	1.0000E+0	1.3306E-5	-1.7000E+1	-9.2626E-13
1.6900E+5	1.0000E+0	1.3320E-5	-1.7500E+1	-9.2387E-13
1.6950E+5	1.0000E+0	1.3302E-5	-1.8000E+1	-8.1062E-13
1.7000E+5	1.0000E+0	1.3300E-5	-1.8500E+1	-8.5235E-13
1.7050E+5	1.0000E+0	1.3304E-5	-1.9000E+1	-9.6559E-13
1.7100E+5	1.0000E+0	1.3281E-5	-1.9500E+1	-8.9049E-13
1.7150E+5	1.0000E+0	1.3311E-5	-2.0000E+1	-8.8453E-13
1.7200E+5	1.0000E+0	1.3314E-5	-2.0500E+1	6.2466E-13
1.7250E+5	1.0000E+0	1.3304E-5	-2.1000E+1	-7.7605E-13
1.7300E+5	1.0000E+0	1.3324E-5	-2.1500E+1	-1.0800E-12
1.7350E+5	1.0000E+0	1.3312E-5	-2.2000E+1	-9.4771E-13
1.7400E+5	1.0000E+0	1.3328E-5	-2.2500E+1	-1.1158E-12
1.7450E+5	1.0000E+0	1.3328E-5	-2.3000E+1	-7.9632E-13
1.7500E+5	1.0000E+0	1.3306E-5	-2.3500E+1	-8.9526E-13
1.7550E+5	1.0000E+0	1.3323E-5	-2.4000E+1	-8.5354E-13
1.7600E+5	1.0000E+0	1.3317E-5	-2.4500E+1	-9.9063E-13
1.7650E+5	1.0000E+0	1.3309E-5	-2.5000E+1	-1.1492E-12
1.7700E+5	1.0000E+0	1.3328E-5	-2.5500E+1	-8.8573E-13
1.7750E+5	1.0000E+0	1.3308E-5	-2.6000E+1	-8.4043E-13
1.7800E+5	1.0000E+0	1.3337E-5	-2.6500E+1	-1.1492E-12
1.7850E+5	1.0000E+0	1.3336E-5	-2.7000E+1	-1.1575E-12
1.7900E+5	1.0000E+0	1.3332E-5	-2.7500E+1	-9.5844E-13
1.7950E+5	1.0000E+0	1.3335E-5	-2.8000E+1	-1.1480E-12
1.8000E+5	1.0000E+0	1.3329E-5	-2.8500E+1	-9.4891E-13
1.8050E+5	1.0000E+0	1.3326E-5	-2.9000E+1	-9.2626E-13
1.8100E+5	1.0000E+0	1.3355E-5	-2.9500E+1	-1.0264E-12
1.8150E+5	1.0000E+0	1.3335E-5	-3.0000E+1	-9.0122E-13
1.8200E+5	1.0000E+0	1.3347E-5	-3.0500E+1	-7.7486E-13
1.8250E+5	1.0000E+0	1.3358E-5	-3.1000E+1	-7.3671E-13
1.8300E+5	1.0000E+0	1.3356E-5	-3.1500E+1	-5.6505E-13
1.8350E+5	1.0000E+0	1.3344E-5	-3.2000E+1	-4.4584E-13
1.8400E+5	1.0000E+0	1.3351E-5	-3.2500E+1	-7.0929E-13
1.8450E+5	1.0000E+0	1.3337E-5	-3.3000E+1	-5.0306E-13
1.8500E+5	1.0000E+0	1.3346E-5	-3.3500E+1	-5.1498E-13
1.8550E+5	1.0000E+0	1.3342E-5	-3.4000E+1	-5.8770E-13
1.8600E+5	1.0000E+0	1.3384E-5	-3.4500E+1	-3.5047E-13
1.8650E+5	1.0000E+0	1.3360E-5	-3.5000E+1	-6.1274E-13
1.8700E+5	1.0000E+0	1.3365E-5	-3.5500E+1	-4.4107E-13
1.8750E+5	1.0000E+0	1.3339E-5	-3.6000E+1	-4.4584E-13
1.8800E+5	1.0000E+0	1.3364E-5	-3.6500E+1	-3.8028E-13
1.8850E+5	1.0000E+0	1.3368E-5	-3.7000E+1	-4.6492E-13
1.8900E+5	1.0000E+0	1.3347E-5	-3.7500E+1	-4.4704E-13
1.8950E+5	1.0000E+0	1.3320E-5	-3.8000E+1	-5.6744E-13
1.9000E+5	1.0000E+0	1.3319E-5	-3.8500E+1	-2.0623E-13
1.9050E+5	1.0000E+0	1.3332E-5	-3.9000E+1	-3.7670E-13
1.9100E+5	1.0000E+0	1.3323E-5	-3.9500E+1	-8.3446E-14
1.9150E+5	1.0000E+0	1.3327E-5	-4.0000E+1	-6.3181E-13
1.9200E+5	1.0000E+0	1.3364E-5	-4.0500E+1	-6.4373E-13
1.9250E+5	1.0000E+0	1.3363E-5	-4.1000E+1	-5.4836E-13
1.9300E+5	1.0000E+0	1.3387E-5	-4.1500E+1	-7.1406E-13
1.9350E+5	1.0000E+0	1.3392E-5	-4.2000E+1	-1.5378E-13
1.9400E+5	1.0000E+0	1.3369E-5	-4.2500E+1	-3.1114E-13
1.9450E+5	1.0000E+0	1.3354E-5	-4.3000E+1	-4.4465E-13
1.9500E+5	1.0000E+0	1.3372E-5	-4.3500E+1	-4.0412E-13
1.9550E+5	1.0000E+0	1.3330E-5	-4.4000E+1	-3.4332E-13
1.9600E+5	1.0000E+0	1.3356E-5	-4.4500E+1	-4.5299E-13
1.9650E+5	1.0000E+0	1.3363E-5	-4.5000E+1	-6.5208E-13
1.9700E+5	1.0000E+0	1.3373E-5	-4.5500E+1	-7.6652E-13
1.9750E+5	1.0000E+0	1.3373E-5	-4.6000E+1	-6.3181E-13
1.9800E+5	1.0000E+0	1.3357E-5	-4.6500E+1	-7.9989E-13
1.9850E+5	1.0000E+0	1.3369E-5	-4.7000E+1	-4.9353E-13
1.9900E+5	1.0000E+0	1.3371E-5	-4.7500E+1	-6.4969E-13
1.9950E+5	1.0000E+0	1.3369E-5	-4.8000E+1	-7.4267E-13
2.0000E+5	1.0000E+0	1.3384E-5	-4.8500E+1	-5.4717E-13
2.0050E+5	1.0000E+0	1.3372E-5	-4.9000E+1	-2.5868E-13
2.0100E+5	1.0000E+0	1.3398E-5	-4.9500E+1	-4.9949E-13
2.0150E+5	1.0000E+0	1.3395E-5	-5.0000E+1	-7.1526E-13
