File Name: 20_Sample1_device3_trfSat_dark.dat
File Data: 17/11/2023	12:40:13
Start V: 0
Step V: 0
Stop V: 0
Range V: 200
Delay(ms): 0
Auorange: yes
Sweep type: log
Instrument Meter: SM2614
Time(ms)	Vdrain(V)	Idrain(A)	Vgate(V)	Igate(A)
0.0000E+0	1.0000E+0	7.4271E-10	-5.0000E+1	-1.1367E-9
1.0000E+3	1.0000E+0	5.8309E-10	-4.9500E+1	-6.0251E-10
1.5000E+3	1.0000E+0	4.5029E-10	-4.9000E+1	-3.2656E-10
2.0000E+3	1.0000E+0	4.2620E-10	-4.8500E+1	-2.6565E-10
2.5000E+3	1.0000E+0	3.5183E-10	-4.8000E+1	-2.2419E-10
3.0000E+3	1.0000E+0	2.5888E-10	-4.7500E+1	-1.9003E-10
3.5000E+3	1.0000E+0	2.0324E-10	-4.7000E+1	-1.6446E-10
4.0000E+3	1.0000E+0	1.5703E-10	-4.6500E+1	-1.4043E-10
4.5000E+3	1.0000E+0	1.2013E-10	-4.6000E+1	-1.1993E-10
5.0000E+3	1.0000E+0	1.0012E-10	-4.5500E+1	-1.0394E-10
5.5000E+3	1.0000E+0	7.8262E-11	-4.5000E+1	-9.0767E-11
6.0000E+3	1.0000E+0	6.9312E-11	-4.4500E+1	-7.7739E-11
6.5000E+3	1.0000E+0	6.2536E-11	-4.4000E+1	-6.8384E-11
7.0000E+3	1.0000E+0	5.7021E-11	-4.3500E+1	-5.9174E-11
7.5000E+3	1.0000E+0	6.2575E-11	-4.3000E+1	-5.1355E-11
8.0000E+3	1.0000E+0	7.6052E-11	-4.2500E+1	-4.4817E-11
8.5000E+3	1.0000E+0	9.2658E-11	-4.2000E+1	-3.7991E-11
9.0000E+3	1.0000E+0	1.2145E-10	-4.1500E+1	-3.2819E-11
9.5000E+3	1.0000E+0	1.5291E-10	-4.1000E+1	-2.7900E-11
1.0000E+4	1.0000E+0	2.0765E-10	-4.0500E+1	-2.3771E-11
1.0500E+4	1.0000E+0	2.5818E-10	-4.0000E+1	-1.9410E-11
1.1000E+4	1.0000E+0	3.1522E-10	-3.9500E+1	-1.5949E-11
1.1500E+4	1.0000E+0	4.0156E-10	-3.9000E+1	-1.2468E-11
1.2000E+4	1.0000E+0	4.9646E-10	-3.8500E+1	-9.4879E-12
1.2500E+4	1.0000E+0	6.5167E-10	-3.8000E+1	-6.8462E-12
1.3000E+4	1.0000E+0	8.0596E-10	-3.7500E+1	-4.5812E-12
1.3500E+4	1.0000E+0	1.0179E-9	-3.7000E+1	-2.4176E-12
1.4000E+4	1.0000E+0	1.2577E-9	-3.6500E+1	-6.0916E-13
1.4500E+4	1.0000E+0	1.5737E-9	-3.6000E+1	2.7120E-12
1.5000E+4	1.0000E+0	2.0245E-9	-3.5500E+1	1.4436E-12
1.5500E+4	1.0000E+0	2.5924E-9	-3.5000E+1	1.4564E-10
1.6000E+4	1.0000E+0	3.3566E-9	-3.4500E+1	1.6533E-11
1.6500E+4	1.0000E+0	4.2365E-9	-3.4000E+1	2.1597E-11
1.7000E+4	1.0000E+0	5.2326E-9	-3.3500E+1	2.6275E-11
1.7500E+4	1.0000E+0	6.9911E-9	-3.3000E+1	2.9979E-11
1.8000E+4	1.0000E+0	8.7921E-9	-3.2500E+1	3.4136E-11
1.8500E+4	1.0000E+0	1.1398E-8	-3.2000E+1	3.5143E-11
1.9000E+4	1.0000E+0	1.4441E-8	-3.1500E+1	3.5690E-11
1.9500E+4	1.0000E+0	1.8505E-8	-3.1000E+1	3.8068E-11
2.0000E+4	1.0000E+0	2.3652E-8	-3.0500E+1	4.0203E-11
2.0500E+4	1.0000E+0	3.0099E-8	-3.0000E+1	4.0605E-11
2.1000E+4	1.0000E+0	3.8826E-8	-2.9500E+1	4.1462E-11
2.1500E+4	1.0000E+0	4.8041E-8	-2.9000E+1	4.2295E-11
2.2000E+4	1.0000E+0	5.9928E-8	-2.8500E+1	4.3184E-11
2.2500E+4	1.0000E+0	7.3570E-8	-2.8000E+1	4.4241E-11
2.3000E+4	1.0000E+0	9.0207E-8	-2.7500E+1	4.5139E-11
2.3500E+4	1.0000E+0	1.1024E-7	-2.7000E+1	4.6430E-11
2.4000E+4	1.0000E+0	1.3247E-7	-2.6500E+1	5.6677E-11
2.4500E+4	1.0000E+0	1.5821E-7	-2.6000E+1	4.8402E-11
2.5000E+4	1.0000E+0	1.8827E-7	-2.5500E+1	4.9642E-11
2.5500E+4	1.0000E+0	2.2155E-7	-2.5000E+1	5.0702E-11
2.6000E+4	1.0000E+0	2.5823E-7	-2.4500E+1	5.1686E-11
2.6500E+4	1.0000E+0	2.9866E-7	-2.4000E+1	5.2604E-11
2.7000E+4	1.0000E+0	3.4307E-7	-2.3500E+1	5.3515E-11
2.7500E+4	1.0000E+0	3.9087E-7	-2.3000E+1	5.4116E-11
2.8000E+4	1.0000E+0	4.4535E-7	-2.2500E+1	5.5631E-11
2.8500E+4	1.0000E+0	5.0256E-7	-2.2000E+1	5.6614E-11
2.9000E+4	1.0000E+0	5.6279E-7	-2.1500E+1	5.7437E-11
2.9500E+4	1.0000E+0	6.2743E-7	-2.1000E+1	5.9116E-11
3.0000E+4	1.0000E+0	6.9666E-7	-2.0500E+1	5.9041E-11
3.0500E+4	1.0000E+0	7.7075E-7	-2.0000E+1	8.1764E-11
3.1000E+4	1.0000E+0	8.5075E-7	-1.9500E+1	8.2867E-11
3.1500E+4	1.0000E+0	9.3346E-7	-1.9000E+1	6.2740E-11
3.2000E+4	1.0000E+0	1.0203E-6	-1.8500E+1	6.3562E-11
3.2500E+4	1.0000E+0	1.1104E-6	-1.8000E+1	7.3072E-11
3.3000E+4	1.0000E+0	1.2063E-6	-1.7500E+1	6.5082E-11
3.3500E+4	1.0000E+0	1.3118E-6	-1.7000E+1	6.6224E-11
3.4000E+4	1.0000E+0	1.4189E-6	-1.6500E+1	6.7290E-11
3.4500E+4	1.0000E+0	1.5308E-6	-1.6000E+1	6.7655E-11
3.5000E+4	1.0000E+0	1.6514E-6	-1.5500E+1	6.8910E-11
3.5500E+4	1.0000E+0	1.7758E-6	-1.5000E+1	7.0159E-11
3.6000E+4	1.0000E+0	1.9055E-6	-1.4500E+1	7.1987E-11
3.6500E+4	1.0000E+0	2.0404E-6	-1.4000E+1	7.4311E-11
3.7000E+4	1.0000E+0	2.1840E-6	-1.3500E+1	7.6460E-11
3.7500E+4	1.0000E+0	2.3324E-6	-1.3000E+1	7.8901E-11
3.8000E+4	1.0000E+0	2.4850E-6	-1.2500E+1	8.2138E-11
3.8500E+4	1.0000E+0	2.6453E-6	-1.2000E+1	8.5550E-11
3.9000E+4	1.0000E+0	2.8168E-6	-1.1500E+1	8.8803E-11
3.9500E+4	1.0000E+0	2.9905E-6	-1.1000E+1	9.3336E-11
4.0000E+4	1.0000E+0	3.1767E-6	-1.0500E+1	9.8938E-11
4.0500E+4	1.0000E+0	3.3625E-6	-1.0000E+1	1.0498E-10
4.1000E+4	1.0000E+0	3.5573E-6	-9.5000E+0	1.1243E-10
4.1500E+4	1.0000E+0	3.7676E-6	-9.0000E+0	1.2044E-10
4.2000E+4	1.0000E+0	3.9787E-6	-8.5000E+0	1.2914E-10
4.2500E+4	1.0000E+0	4.1916E-6	-8.0000E+0	1.4018E-10
4.3000E+4	1.0000E+0	4.4234E-6	-7.5000E+0	1.5243E-10
4.3500E+4	1.0000E+0	4.6570E-6	-7.0000E+0	1.6547E-10
4.4000E+4	1.0000E+0	4.9034E-6	-6.5000E+0	1.8189E-10
4.4500E+4	1.0000E+0	5.1598E-6	-6.0000E+0	2.0056E-10
4.5000E+4	1.0000E+0	5.4248E-6	-5.5000E+0	2.2124E-10
4.5500E+4	1.0000E+0	5.6987E-6	-5.0000E+0	2.4002E-10
4.6000E+4	1.0000E+0	5.9793E-6	-4.5000E+0	4.0404E-10
4.6500E+4	1.0000E+0	6.2620E-6	-4.0000E+0	3.0086E-10
4.7000E+4	1.0000E+0	6.5665E-6	-3.5000E+0	3.3460E-10
4.7500E+4	1.0000E+0	6.8780E-6	-3.0000E+0	3.7315E-10
4.8000E+4	1.0000E+0	7.1904E-6	-2.5000E+0	4.1185E-10
4.8500E+4	1.0000E+0	7.5107E-6	-2.0000E+0	4.5203E-10
4.9000E+4	1.0000E+0	7.8398E-6	-1.5000E+0	4.9047E-10
4.9500E+4	1.0000E+0	8.1888E-6	-1.0000E+0	5.1712E-10
5.0000E+4	1.0000E+0	8.5413E-6	-5.0000E-1	5.3142E-10
5.0500E+4	1.0000E+0	8.9122E-6	0.0000E+0	5.2980E-10
5.1000E+4	1.0000E+0	9.2853E-6	5.0000E-1	5.0827E-10
5.1500E+4	1.0000E+0	9.6772E-6	1.0000E+0	4.5949E-10
5.2000E+4	1.0000E+0	1.0083E-5	1.5000E+0	4.0286E-10
5.2500E+4	1.0000E+0	1.0481E-5	2.0000E+0	3.5974E-10
5.3000E+4	1.0000E+0	1.0905E-5	2.5000E+0	3.1605E-10
5.3500E+4	1.0000E+0	1.1322E-5	3.0000E+0	2.9475E-10
5.4000E+4	1.0000E+0	1.1757E-5	3.5000E+0	2.8459E-10
5.4500E+4	1.0000E+0	1.2195E-5	4.0000E+0	2.7992E-10
5.5000E+4	1.0000E+0	1.2648E-5	4.5000E+0	2.7791E-10
5.5500E+4	1.0000E+0	1.3115E-5	5.0000E+0	2.7339E-10
5.6000E+4	1.0000E+0	1.3581E-5	5.5000E+0	2.7019E-10
5.6500E+4	1.0000E+0	1.4071E-5	6.0000E+0	2.6466E-10
5.7000E+4	1.0000E+0	1.4559E-5	6.5000E+0	2.5649E-10
5.7500E+4	1.0000E+0	1.5090E-5	7.0000E+0	2.4648E-10
5.8000E+4	1.0000E+0	1.5585E-5	7.5000E+0	2.3581E-10
5.8500E+4	1.0000E+0	1.6087E-5	8.0000E+0	2.2321E-10
5.9000E+4	1.0000E+0	1.6626E-5	8.5000E+0	2.0671E-10
5.9500E+4	1.0000E+0	1.7193E-5	9.0000E+0	1.9007E-10
6.0000E+4	1.0000E+0	1.7754E-5	9.5000E+0	1.7514E-10
6.0500E+4	1.0000E+0	1.8325E-5	1.0000E+1	1.4905E-10
6.1000E+4	1.0000E+0	1.8878E-5	1.0500E+1	5.4779E-10
6.1500E+4	1.0000E+0	1.9454E-5	1.1000E+1	1.3425E-10
6.2000E+4	1.0000E+0	2.0031E-5	1.1500E+1	1.2512E-10
6.2500E+4	1.0000E+0	2.0644E-5	1.2000E+1	1.1582E-10
6.3000E+4	1.0000E+0	2.1302E-5	1.2500E+1	1.0837E-10
6.3500E+4	1.0000E+0	2.1925E-5	1.3000E+1	1.0327E-10
6.4000E+4	1.0000E+0	2.2545E-5	1.3500E+1	9.7945E-11
6.4500E+4	1.0000E+0	2.3212E-5	1.4000E+1	9.4408E-11
6.5000E+4	1.0000E+0	2.3805E-5	1.4500E+1	9.1716E-11
6.5500E+4	1.0000E+0	2.4473E-5	1.5000E+1	8.9312E-11
6.6000E+4	1.0000E+0	2.5133E-5	1.5500E+1	8.7118E-11
6.6500E+4	1.0000E+0	2.5786E-5	1.6000E+1	8.5867E-11
6.7000E+4	1.0000E+0	2.6451E-5	1.6500E+1	8.4393E-11
6.7500E+4	1.0000E+0	2.7143E-5	1.7000E+1	8.3103E-11
6.8000E+4	1.0000E+0	2.7853E-5	1.7500E+1	8.2297E-11
6.8500E+4	1.0000E+0	2.8528E-5	1.8000E+1	8.2054E-11
6.9000E+4	1.0000E+0	2.9266E-5	1.8500E+1	8.1389E-11
6.9500E+4	1.0000E+0	2.9991E-5	1.9000E+1	8.1148E-11
7.0000E+4	1.0000E+0	3.0744E-5	1.9500E+1	8.0650E-11
7.0500E+4	1.0000E+0	3.1427E-5	2.0000E+1	8.0565E-11
7.1000E+4	1.0000E+0	3.2125E-5	2.0500E+1	8.1612E-11
7.1500E+4	1.0000E+0	3.2944E-5	2.1000E+1	7.9693E-11
7.2000E+4	1.0000E+0	3.3645E-5	2.1500E+1	8.0087E-11
7.2500E+4	1.0000E+0	3.4412E-5	2.2000E+1	7.9199E-11
7.3000E+4	1.0000E+0	3.5177E-5	2.2500E+1	7.9860E-11
7.3500E+4	1.0000E+0	3.5923E-5	2.3000E+1	7.8897E-11
7.4000E+4	1.0000E+0	3.6701E-5	2.3500E+1	7.9337E-11
7.4500E+4	1.0000E+0	3.7438E-5	2.4000E+1	7.8770E-11
7.5000E+4	1.0000E+0	3.8212E-5	2.4500E+1	7.9360E-11
7.5500E+4	1.0000E+0	3.9041E-5	2.5000E+1	7.7960E-11
7.6000E+4	1.0000E+0	3.9857E-5	2.5500E+1	3.2344E-10
7.6500E+4	1.0000E+0	4.0656E-5	2.6000E+1	7.9395E-11
7.7000E+4	1.0000E+0	4.1448E-5	2.6500E+1	7.9831E-11
7.7500E+4	1.0000E+0	4.2239E-5	2.7000E+1	7.9966E-11
7.8000E+4	1.0000E+0	4.3065E-5	2.7500E+1	7.9268E-11
7.8500E+4	1.0000E+0	4.3812E-5	2.8000E+1	7.9406E-11
7.9000E+4	1.0000E+0	4.4639E-5	2.8500E+1	7.9993E-11
7.9500E+4	1.0000E+0	4.5475E-5	2.9000E+1	7.9602E-11
8.0000E+4	1.0000E+0	4.6274E-5	2.9500E+1	7.9902E-11
8.0500E+4	1.0000E+0	4.7117E-5	3.0000E+1	7.9813E-11
8.1000E+4	1.0000E+0	4.7953E-5	3.0500E+1	8.0198E-11
8.1500E+4	1.0000E+0	4.8790E-5	3.1000E+1	8.0032E-11
8.2000E+4	1.0000E+0	4.9636E-5	3.1500E+1	8.0166E-11
8.2500E+4	1.0000E+0	5.0499E-5	3.2000E+1	8.0646E-11
8.3000E+4	1.0000E+0	5.1320E-5	3.2500E+1	8.1333E-11
8.3500E+4	1.0000E+0	5.2190E-5	3.3000E+1	8.1228E-11
8.4000E+4	1.0000E+0	5.3039E-5	3.3500E+1	8.1841E-11
8.4500E+4	1.0000E+0	5.3903E-5	3.4000E+1	8.2157E-11
8.5000E+4	1.0000E+0	5.4778E-5	3.4500E+1	8.2792E-11
8.5500E+4	1.0000E+0	5.5613E-5	3.5000E+1	8.3818E-11
8.6000E+4	1.0000E+0	5.6466E-5	3.5500E+1	8.3920E-11
8.6500E+4	1.0000E+0	5.7310E-5	3.6000E+1	8.4968E-11
8.7000E+4	1.0000E+0	5.8189E-5	3.6500E+1	8.4870E-11
8.7500E+4	1.0000E+0	5.9054E-5	3.7000E+1	8.5256E-11
8.8000E+4	1.0000E+0	5.9937E-5	3.7500E+1	8.5458E-11
8.8500E+4	1.0000E+0	6.0748E-5	3.8000E+1	8.5682E-11
8.9000E+4	1.0000E+0	6.1634E-5	3.8500E+1	8.6156E-11
8.9500E+4	1.0000E+0	6.2494E-5	3.9000E+1	8.6535E-11
9.0000E+4	1.0000E+0	6.3380E-5	3.9500E+1	8.8019E-11
9.0500E+4	1.0000E+0	6.4207E-5	4.0000E+1	8.7715E-11
9.1000E+4	1.0000E+0	6.5046E-5	4.0500E+1	7.7232E-11
9.1500E+4	1.0000E+0	6.5911E-5	4.1000E+1	2.8048E-10
9.2000E+4	1.0000E+0	6.6796E-5	4.1500E+1	8.8110E-11
9.2500E+4	1.0000E+0	6.7671E-5	4.2000E+1	8.8638E-11
9.3000E+4	1.0000E+0	6.8537E-5	4.2500E+1	8.9374E-11
9.3500E+4	1.0000E+0	6.9369E-5	4.3000E+1	8.9897E-11
9.4000E+4	1.0000E+0	7.0278E-5	4.3500E+1	8.9996E-11
9.4500E+4	1.0000E+0	7.1086E-5	4.4000E+1	8.9501E-11
9.5000E+4	1.0000E+0	7.1938E-5	4.4500E+1	8.9653E-11
9.5500E+4	1.0000E+0	7.2846E-5	4.5000E+1	9.0033E-11
9.6000E+4	1.0000E+0	7.3637E-5	4.5500E+1	9.0679E-11
9.6500E+4	1.0000E+0	7.4465E-5	4.6000E+1	9.0506E-11
9.7000E+4	1.0000E+0	7.5324E-5	4.6500E+1	9.1003E-11
9.7500E+4	1.0000E+0	7.6198E-5	4.7000E+1	9.1518E-11
9.8000E+4	1.0000E+0	7.7046E-5	4.7500E+1	9.1686E-11
9.8500E+4	1.0000E+0	7.7833E-5	4.8000E+1	9.1957E-11
9.9000E+4	1.0000E+0	7.8698E-5	4.8500E+1	9.2175E-11
9.9500E+4	1.0000E+0	7.9498E-5	4.9000E+1	9.2939E-11
1.0000E+5	1.0000E+0	8.0355E-5	4.9500E+1	9.3023E-11
1.0050E+5	1.0000E+0	8.1201E-5	5.0000E+1	9.4291E-11
1.0100E+5	1.0000E+0	8.2045E-5	5.0500E+1	9.4098E-11
1.0150E+5	1.0000E+0	8.1159E-5	5.0000E+1	-6.8183E-11
1.0200E+5	1.0000E+0	8.0260E-5	4.9500E+1	-7.3437E-11
1.0250E+5	1.0000E+0	7.9362E-5	4.9000E+1	-7.6170E-11
1.0300E+5	1.0000E+0	7.8514E-5	4.8500E+1	-7.6828E-11
1.0350E+5	1.0000E+0	7.7665E-5	4.8000E+1	-7.8889E-11
1.0400E+5	1.0000E+0	7.6780E-5	4.7500E+1	-8.0113E-11
1.0450E+5	1.0000E+0	7.5905E-5	4.7000E+1	-8.3110E-11
1.0500E+5	1.0000E+0	7.5059E-5	4.6500E+1	-8.2164E-11
1.0550E+5	1.0000E+0	7.4160E-5	4.6000E+1	-8.2506E-11
1.0600E+5	1.0000E+0	7.3309E-5	4.5500E+1	-7.7239E-11
1.0650E+5	1.0000E+0	7.2444E-5	4.5000E+1	-2.9243E-10
1.0700E+5	1.0000E+0	7.1597E-5	4.4500E+1	-8.6635E-11
1.0750E+5	1.0000E+0	7.0667E-5	4.4000E+1	-8.7855E-11
1.0800E+5	1.0000E+0	6.9779E-5	4.3500E+1	-8.9604E-11
1.0850E+5	1.0000E+0	6.8996E-5	4.3000E+1	-9.1137E-11
1.0900E+5	1.0000E+0	6.8129E-5	4.2500E+1	-9.1608E-11
1.0950E+5	1.0000E+0	6.7310E-5	4.2000E+1	-9.1701E-11
1.1000E+5	1.0000E+0	6.6415E-5	4.1500E+1	-9.1568E-11
1.1050E+5	1.0000E+0	6.5539E-5	4.1000E+1	-9.2212E-11
1.1100E+5	1.0000E+0	6.4696E-5	4.0500E+1	-9.2932E-11
1.1150E+5	1.0000E+0	6.3808E-5	4.0000E+1	-9.4024E-11
1.1200E+5	1.0000E+0	6.2946E-5	3.9500E+1	-9.5155E-11
1.1250E+5	1.0000E+0	6.2126E-5	3.9000E+1	-9.6457E-11
1.1300E+5	1.0000E+0	6.1232E-5	3.8500E+1	-9.8034E-11
1.1350E+5	1.0000E+0	6.0374E-5	3.8000E+1	-9.9003E-11
1.1400E+5	1.0000E+0	5.9472E-5	3.7500E+1	-1.0026E-10
1.1450E+5	1.0000E+0	5.8616E-5	3.7000E+1	-1.0092E-10
1.1500E+5	1.0000E+0	5.7757E-5	3.6500E+1	-1.0198E-10
1.1550E+5	1.0000E+0	5.6861E-5	3.6000E+1	-1.0316E-10
1.1600E+5	1.0000E+0	5.6000E-5	3.5500E+1	-1.0416E-10
1.1650E+5	1.0000E+0	5.5161E-5	3.5000E+1	-1.0504E-10
1.1700E+5	1.0000E+0	5.4287E-5	3.4500E+1	-1.0451E-10
1.1750E+5	1.0000E+0	5.3470E-5	3.4000E+1	-1.0418E-10
1.1800E+5	1.0000E+0	5.2606E-5	3.3500E+1	-1.0411E-10
1.1850E+5	1.0000E+0	5.1760E-5	3.3000E+1	-1.0506E-10
1.1900E+5	1.0000E+0	5.0938E-5	3.2500E+1	-1.0467E-10
1.1950E+5	1.0000E+0	5.0108E-5	3.2000E+1	-1.0461E-10
1.2000E+5	1.0000E+0	4.9265E-5	3.1500E+1	-1.0557E-10
1.2050E+5	1.0000E+0	4.8443E-5	3.1000E+1	-1.0678E-10
1.2100E+5	1.0000E+0	4.7569E-5	3.0500E+1	-1.0611E-10
1.2150E+5	1.0000E+0	4.6789E-5	3.0000E+1	-4.2032E-10
1.2200E+5	1.0000E+0	4.5905E-5	2.9500E+1	-1.0883E-10
1.2250E+5	1.0000E+0	4.5128E-5	2.9000E+1	-1.0854E-10
1.2300E+5	1.0000E+0	4.4261E-5	2.8500E+1	-1.0838E-10
1.2350E+5	1.0000E+0	4.3470E-5	2.8000E+1	-1.0973E-10
1.2400E+5	1.0000E+0	4.2691E-5	2.7500E+1	-1.1068E-10
1.2450E+5	1.0000E+0	4.1869E-5	2.7000E+1	-1.1220E-10
1.2500E+5	1.0000E+0	4.1044E-5	2.6500E+1	-1.1213E-10
1.2550E+5	1.0000E+0	4.0265E-5	2.6000E+1	-1.1336E-10
1.2600E+5	1.0000E+0	3.9488E-5	2.5500E+1	-1.1438E-10
1.2650E+5	1.0000E+0	3.8703E-5	2.5000E+1	-1.1446E-10
1.2700E+5	1.0000E+0	3.7895E-5	2.4500E+1	-1.1582E-10
1.2750E+5	1.0000E+0	3.7110E-5	2.4000E+1	-1.1819E-10
1.2800E+5	1.0000E+0	3.6351E-5	2.3500E+1	-1.1907E-10
1.2850E+5	1.0000E+0	3.5598E-5	2.3000E+1	-1.2223E-10
1.2900E+5	1.0000E+0	3.4782E-5	2.2500E+1	-1.2396E-10
1.2950E+5	1.0000E+0	3.4057E-5	2.2000E+1	-1.2725E-10
1.3000E+5	1.0000E+0	3.3311E-5	2.1500E+1	-1.2948E-10
1.3050E+5	1.0000E+0	3.2529E-5	2.1000E+1	-1.3109E-10
1.3100E+5	1.0000E+0	3.1787E-5	2.0500E+1	-1.3642E-10
1.3150E+5	1.0000E+0	3.1048E-5	2.0000E+1	-1.3970E-10
1.3200E+5	1.0000E+0	3.0330E-5	1.9500E+1	-1.4425E-10
1.3250E+5	1.0000E+0	2.9607E-5	1.9000E+1	-1.4997E-10
1.3300E+5	1.0000E+0	2.8905E-5	1.8500E+1	-1.5793E-10
1.3350E+5	1.0000E+0	2.8171E-5	1.8000E+1	-1.6395E-10
1.3400E+5	1.0000E+0	2.7476E-5	1.7500E+1	-1.7439E-10
1.3450E+5	1.0000E+0	2.6789E-5	1.7000E+1	-1.8532E-10
1.3500E+5	1.0000E+0	2.6093E-5	1.6500E+1	-1.9937E-10
1.3550E+5	1.0000E+0	2.5415E-5	1.6000E+1	-2.1366E-10
1.3600E+5	1.0000E+0	2.4751E-5	1.5500E+1	-2.2382E-10
1.3650E+5	1.0000E+0	2.4075E-5	1.5000E+1	-1.9331E-10
1.3700E+5	1.0000E+0	2.3419E-5	1.4500E+1	-5.6384E-10
1.3750E+5	1.0000E+0	2.2781E-5	1.4000E+1	-2.6567E-10
1.3800E+5	1.0000E+0	2.2143E-5	1.3500E+1	-2.7413E-10
1.3850E+5	1.0000E+0	2.1538E-5	1.3000E+1	-2.7943E-10
1.3900E+5	1.0000E+0	2.0922E-5	1.2500E+1	-2.8048E-10
1.3950E+5	1.0000E+0	2.0307E-5	1.2000E+1	-2.8153E-10
1.4000E+5	1.0000E+0	1.9731E-5	1.1500E+1	-2.7932E-10
1.4050E+5	1.0000E+0	1.9119E-5	1.1000E+1	-2.7420E-10
1.4100E+5	1.0000E+0	1.8529E-5	1.0500E+1	-2.6942E-10
1.4150E+5	1.0000E+0	1.7915E-5	1.0000E+1	-2.6243E-10
1.4200E+5	1.0000E+0	1.7353E-5	9.5000E+0	-2.5837E-10
1.4250E+5	1.0000E+0	1.6814E-5	9.0000E+0	-2.5261E-10
1.4300E+5	1.0000E+0	1.6299E-5	8.5000E+0	-2.4790E-10
1.4350E+5	1.0000E+0	1.5762E-5	8.0000E+0	-2.4542E-10
1.4400E+5	1.0000E+0	1.5210E-5	7.5000E+0	-2.3693E-10
1.4450E+5	1.0000E+0	1.4705E-5	7.0000E+0	-2.3190E-10
1.4500E+5	1.0000E+0	1.4194E-5	6.5000E+0	-2.3043E-10
1.4550E+5	1.0000E+0	1.3697E-5	6.0000E+0	-2.2668E-10
1.4600E+5	1.0000E+0	1.3223E-5	5.5000E+0	-2.2041E-10
1.4650E+5	1.0000E+0	1.2738E-5	5.0000E+0	-2.1656E-10
1.4700E+5	1.0000E+0	1.2291E-5	4.5000E+0	-2.1304E-10
1.4750E+5	1.0000E+0	1.1835E-5	4.0000E+0	-2.1123E-10
1.4800E+5	1.0000E+0	1.1391E-5	3.5000E+0	-2.0738E-10
1.4850E+5	1.0000E+0	1.0978E-5	3.0000E+0	-2.0407E-10
1.4900E+5	1.0000E+0	1.0533E-5	2.5000E+0	-2.0032E-10
1.4950E+5	1.0000E+0	1.0121E-5	2.0000E+0	-1.9559E-10
1.5000E+5	1.0000E+0	9.7097E-6	1.5000E+0	-1.9151E-10
1.5050E+5	1.0000E+0	9.3265E-6	1.0000E+0	-1.9933E-10
1.5100E+5	1.0000E+0	8.9513E-6	5.0000E-1	-1.8924E-10
1.5150E+5	1.0000E+0	8.5768E-6	0.0000E+0	-1.8650E-10
1.5200E+5	1.0000E+0	8.2151E-6	-5.0000E-1	-3.2763E-10
1.5250E+5	1.0000E+0	7.8498E-6	-1.0000E+0	-1.9161E-10
1.5300E+5	1.0000E+0	7.5123E-6	-1.5000E+0	-1.9060E-10
1.5350E+5	1.0000E+0	7.1809E-6	-2.0000E+0	-1.8990E-10
1.5400E+5	1.0000E+0	6.8755E-6	-2.5000E+0	-1.9158E-10
1.5450E+5	1.0000E+0	6.5380E-6	-3.0000E+0	-1.9409E-10
1.5500E+5	1.0000E+0	6.2311E-6	-3.5000E+0	-1.9346E-10
1.5550E+5	1.0000E+0	5.9491E-6	-4.0000E+0	-1.9537E-10
1.5600E+5	1.0000E+0	5.6636E-6	-4.5000E+0	-1.9464E-10
1.5650E+5	1.0000E+0	5.3875E-6	-5.0000E+0	-1.9679E-10
1.5700E+5	1.0000E+0	5.1231E-6	-5.5000E+0	-1.9782E-10
1.5750E+5	1.0000E+0	4.8596E-6	-6.0000E+0	-1.9700E-10
1.5800E+5	1.0000E+0	4.6061E-6	-6.5000E+0	-1.9431E-10
1.5850E+5	1.0000E+0	4.3684E-6	-7.0000E+0	-1.9278E-10
1.5900E+5	1.0000E+0	4.1342E-6	-7.5000E+0	-1.9157E-10
1.5950E+5	1.0000E+0	3.9153E-6	-8.0000E+0	-1.9109E-10
1.6000E+5	1.0000E+0	3.6915E-6	-8.5000E+0	-1.9060E-10
1.6050E+5	1.0000E+0	3.4746E-6	-9.0000E+0	-1.8825E-10
1.6100E+5	1.0000E+0	3.2731E-6	-9.5000E+0	-1.8743E-10
1.6150E+5	1.0000E+0	3.0797E-6	-1.0000E+1	-1.8703E-10
1.6200E+5	1.0000E+0	2.8889E-6	-1.0500E+1	-1.8471E-10
1.6250E+5	1.0000E+0	2.7095E-6	-1.1000E+1	-1.8331E-10
1.6300E+5	1.0000E+0	2.5388E-6	-1.1500E+1	-1.8108E-10
1.6350E+5	1.0000E+0	2.3768E-6	-1.2000E+1	-1.8012E-10
1.6400E+5	1.0000E+0	2.2138E-6	-1.2500E+1	-1.7863E-10
1.6450E+5	1.0000E+0	2.0660E-6	-1.3000E+1	-1.7785E-10
1.6500E+5	1.0000E+0	1.9180E-6	-1.3500E+1	-1.7562E-10
1.6550E+5	1.0000E+0	1.7793E-6	-1.4000E+1	-1.7445E-10
1.6600E+5	1.0000E+0	1.6486E-6	-1.4500E+1	-1.7263E-10
1.6650E+5	1.0000E+0	1.5192E-6	-1.5000E+1	-1.6964E-10
1.6700E+5	1.0000E+0	1.3998E-6	-1.5500E+1	-3.0536E-10
1.6750E+5	1.0000E+0	1.2822E-6	-1.6000E+1	-1.6743E-10
1.6800E+5	1.0000E+0	1.1733E-6	-1.6500E+1	-1.6687E-10
1.6850E+5	1.0000E+0	1.0706E-6	-1.7000E+1	-1.6553E-10
1.6900E+5	1.0000E+0	9.6696E-7	-1.7500E+1	-1.6392E-10
1.6950E+5	1.0000E+0	8.7364E-7	-1.8000E+1	-1.7299E-10
1.7000E+5	1.0000E+0	7.8616E-7	-1.8500E+1	-1.6144E-10
1.7050E+5	1.0000E+0	7.0470E-7	-1.9000E+1	-1.6069E-10
1.7100E+5	1.0000E+0	6.2730E-7	-1.9500E+1	-1.6023E-10
1.7150E+5	1.0000E+0	5.5696E-7	-2.0000E+1	-1.5932E-10
1.7200E+5	1.0000E+0	4.8766E-7	-2.0500E+1	-1.6016E-10
1.7250E+5	1.0000E+0	4.2607E-7	-2.1000E+1	-1.5790E-10
1.7300E+5	1.0000E+0	3.6943E-7	-2.1500E+1	-1.5736E-10
1.7350E+5	1.0000E+0	3.1717E-7	-2.2000E+1	-1.5699E-10
1.7400E+5	1.0000E+0	2.6955E-7	-2.2500E+1	-1.5605E-10
1.7450E+5	1.0000E+0	2.2708E-7	-2.3000E+1	-1.5570E-10
1.7500E+5	1.0000E+0	1.8979E-7	-2.3500E+1	-1.5530E-10
1.7550E+5	1.0000E+0	1.5674E-7	-2.4000E+1	-1.5502E-10
1.7600E+5	1.0000E+0	1.2768E-7	-2.4500E+1	-1.5497E-10
1.7650E+5	1.0000E+0	1.0342E-7	-2.5000E+1	-1.5434E-10
1.7700E+5	1.0000E+0	8.2103E-8	-2.5500E+1	-1.5371E-10
1.7750E+5	1.0000E+0	6.4539E-8	-2.6000E+1	-2.0769E-10
1.7800E+5	1.0000E+0	5.0790E-8	-2.6500E+1	-1.5306E-10
1.7850E+5	1.0000E+0	3.9309E-8	-2.7000E+1	-1.5279E-10
1.7900E+5	1.0000E+0	3.0084E-8	-2.7500E+1	-1.5300E-10
1.7950E+5	1.0000E+0	2.3323E-8	-2.8000E+1	-1.5302E-10
1.8000E+5	1.0000E+0	1.7796E-8	-2.8500E+1	-1.5284E-10
1.8050E+5	1.0000E+0	1.3778E-8	-2.9000E+1	-1.5297E-10
1.8100E+5	1.0000E+0	1.0554E-8	-2.9500E+1	-1.5332E-10
1.8150E+5	1.0000E+0	8.2002E-9	-3.0000E+1	-1.5306E-10
1.8200E+5	1.0000E+0	6.3438E-9	-3.0500E+1	-1.4051E-10
1.8250E+5	1.0000E+0	4.8840E-9	-3.1000E+1	-2.9332E-10
1.8300E+5	1.0000E+0	3.8157E-9	-3.1500E+1	-1.5334E-10
1.8350E+5	1.0000E+0	2.9582E-9	-3.2000E+1	-1.5404E-10
1.8400E+5	1.0000E+0	2.3285E-9	-3.2500E+1	-1.5440E-10
1.8450E+5	1.0000E+0	1.8577E-9	-3.3000E+1	-1.5416E-10
1.8500E+5	1.0000E+0	1.4766E-9	-3.3500E+1	-1.5492E-10
1.8550E+5	1.0000E+0	1.1989E-9	-3.4000E+1	-1.5481E-10
1.8600E+5	1.0000E+0	9.5442E-10	-3.4500E+1	-1.5523E-10
1.8650E+5	1.0000E+0	7.6889E-10	-3.5000E+1	-1.5539E-10
1.8700E+5	1.0000E+0	6.4801E-10	-3.5500E+1	-1.5590E-10
1.8750E+5	1.0000E+0	5.2279E-10	-3.6000E+1	-1.5671E-10
1.8800E+5	1.0000E+0	4.4843E-10	-3.6500E+1	-1.5706E-10
1.8850E+5	1.0000E+0	3.9611E-10	-3.7000E+1	-1.5743E-10
1.8900E+5	1.0000E+0	3.4311E-10	-3.7500E+1	-1.5768E-10
1.8950E+5	1.0000E+0	3.0509E-10	-3.8000E+1	-1.5786E-10
1.9000E+5	1.0000E+0	2.7332E-10	-3.8500E+1	-1.5880E-10
1.9050E+5	1.0000E+0	2.5344E-10	-3.9000E+1	-1.5915E-10
1.9100E+5	1.0000E+0	2.2985E-10	-3.9500E+1	-1.5960E-10
1.9150E+5	1.0000E+0	2.5287E-10	-4.0000E+1	-1.6114E-10
1.9200E+5	1.0000E+0	2.5296E-10	-4.0500E+1	-1.6105E-10
1.9250E+5	1.0000E+0	2.5687E-10	-4.1000E+1	-1.6163E-10
1.9300E+5	1.0000E+0	2.6021E-10	-4.1500E+1	-1.6251E-10
1.9350E+5	1.0000E+0	2.4517E-10	-4.2000E+1	-1.6384E-10
1.9400E+5	1.0000E+0	2.5115E-10	-4.2500E+1	-1.6703E-10
1.9450E+5	1.0000E+0	2.5671E-10	-4.3000E+1	-1.7010E-10
1.9500E+5	1.0000E+0	2.6168E-10	-4.3500E+1	-1.7379E-10
1.9550E+5	1.0000E+0	2.6792E-10	-4.4000E+1	-1.8510E-10
1.9600E+5	1.0000E+0	2.8752E-10	-4.4500E+1	-1.9309E-10
1.9650E+5	1.0000E+0	2.7357E-10	-4.5000E+1	-1.9219E-10
1.9700E+5	1.0000E+0	2.8912E-10	-4.5500E+1	-1.8650E-10
1.9750E+5	1.0000E+0	3.3475E-10	-4.6000E+1	-3.1197E-10
1.9800E+5	1.0000E+0	2.6400E-10	-4.6500E+1	-2.0299E-10
1.9850E+5	1.0000E+0	2.3755E-10	-4.7000E+1	-2.1708E-10
1.9900E+5	1.0000E+0	2.4136E-10	-4.7500E+1	-2.6656E-10
1.9950E+5	1.0000E+0	2.7386E-10	-4.8000E+1	-2.6293E-10
2.0000E+5	1.0000E+0	3.0832E-10	-4.8500E+1	-3.2050E-10
2.0050E+5	1.0000E+0	2.8450E-10	-4.9000E+1	-2.6987E-10
2.0100E+5	1.0000E+0	3.0887E-10	-4.9500E+1	-2.8918E-10
2.0150E+5	1.0000E+0	2.5899E-10	-5.0000E+1	-3.0807E-10
