File Name: 27_Sample1_device3_trfSat_dark_final.dat
File Data: 17/11/2023	13:17:35
Start V: 0
Step V: 0
Stop V: 0
Range V: 200
Delay(ms): 0
Auorange: yes
Sweep type: log
Instrument Meter: SM2614
Time(ms)	Vdrain(V)	Idrain(A)	Vgate(V)	Igate(A)
0.0000E+0	1.0000E+0	3.7163E-10	-5.0000E+1	-8.5640E-10
1.0000E+3	1.0000E+0	2.9988E-10	-4.9500E+1	-5.2121E-10
1.5000E+3	1.0000E+0	2.5922E-10	-4.9000E+1	-2.7576E-10
2.0000E+3	1.0000E+0	2.1977E-10	-4.8500E+1	-2.3020E-10
2.5000E+3	1.0000E+0	1.9090E-10	-4.8000E+1	-1.9396E-10
3.0000E+3	1.0000E+0	1.4771E-10	-4.7500E+1	-1.6487E-10
3.5000E+3	1.0000E+0	1.1054E-10	-4.7000E+1	-1.3984E-10
4.0000E+3	1.0000E+0	8.8503E-11	-4.6500E+1	-1.2064E-10
4.5000E+3	1.0000E+0	6.4726E-11	-4.6000E+1	-1.0486E-10
5.0000E+3	1.0000E+0	4.9274E-11	-4.5500E+1	-9.2453E-11
5.5000E+3	1.0000E+0	4.0390E-11	-4.5000E+1	-8.1918E-11
6.0000E+3	1.0000E+0	3.3094E-11	-4.4500E+1	-7.1599E-11
6.5000E+3	1.0000E+0	2.7939E-11	-4.4000E+1	-6.6496E-11
7.0000E+3	1.0000E+0	3.0838E-11	-4.3500E+1	-5.8558E-9
7.5000E+3	1.0000E+0	4.2167E-11	-4.3000E+1	-1.2201E-8
8.0000E+3	1.0000E+0	5.3375E-11	-4.2500E+1	-8.5222E-9
8.5000E+3	1.0000E+0	6.6433E-11	-4.2000E+1	-8.8896E-9
9.0000E+3	1.0000E+0	1.1505E-10	-4.1500E+1	-2.8720E-8
9.5000E+3	1.0000E+0	1.0950E-10	-4.1000E+1	-2.9251E-9
1.0000E+4	1.0000E+0	1.4144E-10	-4.0500E+1	-1.1913E-8
1.0500E+4	1.0000E+0	2.1443E-10	-4.0000E+1	-4.9993E-8
1.1000E+4	1.0000E+0	2.6708E-10	-3.9500E+1	-6.5947E-8
1.2000E+4	1.0000E+0	3.8783E-10	-3.9000E+1	-8.9731E-8
1.3000E+4	1.0000E+0	2.5595E-10	-3.8500E+1	-4.0478E-8
1.3500E+4	1.0000E+0	4.4809E-10	-3.8000E+1	-4.4742E-8
1.4000E+4	1.0000E+0	6.0653E-10	-3.7500E+1	-2.1440E-8
1.4500E+4	1.0000E+0	1.0081E-9	-3.7000E+1	-1.2925E-7
1.5500E+4	1.0000E+0	1.6931E-9	-3.6500E+1	-3.5035E-7
1.6000E+4	1.0000E+0	1.7645E-9	-3.6000E+1	-2.1846E-7
1.6500E+4	1.0000E+0	1.5842E-9	-3.5500E+1	-1.5592E-7
1.7500E+4	1.0000E+0	2.4361E-9	-3.5000E+1	-3.0316E-7
1.8000E+4	1.0000E+0	2.9861E-9	-3.4500E+1	-1.9547E-7
1.8500E+4	1.0000E+0	3.2980E-9	-3.4000E+1	-1.5633E-7
1.9000E+4	1.0000E+0	4.7575E-9	-3.3500E+1	-2.4137E-7
2.0000E+4	1.0000E+0	8.5944E-9	-3.3000E+1	-4.6753E-7
2.0500E+4	1.0000E+0	1.0482E-8	-3.2500E+1	-5.9065E-7
2.1000E+4	1.0000E+0	1.0244E-8	-3.2000E+1	-3.9065E-7
2.1500E+4	1.0000E+0	1.3310E-8	-3.1500E+1	-4.2066E-7
2.2000E+4	1.0000E+0	2.0860E-8	-3.1000E+1	-3.5335E-7
2.2500E+4	1.0000E+0	2.7883E-8	-3.0500E+1	-5.8090E-7
2.3000E+4	1.0000E+0	3.2853E-8	-3.0000E+1	-4.9382E-7
2.3500E+4	1.0000E+0	4.0163E-8	-2.9500E+1	-4.6307E-7
2.4000E+4	1.0000E+0	4.4570E-8	-2.9000E+1	-3.6177E-7
2.4500E+4	1.0000E+0	6.2243E-8	-2.8500E+1	-3.0715E-7
2.5000E+4	1.0000E+0	5.9610E-8	-2.8000E+1	-3.6842E-7
2.5500E+4	1.0000E+0	8.3512E-8	-2.7500E+1	-3.9775E-7
2.6000E+4	1.0000E+0	1.0063E-7	-2.7000E+1	-3.9357E-7
2.7000E+4	1.0000E+0	1.4008E-7	-2.6500E+1	-5.5565E-7
2.7500E+4	1.0000E+0	1.5740E-7	-2.6000E+1	-5.5067E-7
2.8000E+4	1.0000E+0	1.7343E-7	-2.5500E+1	-6.0973E-7
2.8500E+4	1.0000E+0	2.1607E-7	-2.5000E+1	-4.0768E-7
2.9000E+4	1.0000E+0	2.6218E-7	-2.4500E+1	-5.6672E-7
2.9500E+4	1.0000E+0	2.8532E-7	-2.4000E+1	-6.1062E-7
3.0000E+4	1.0000E+0	3.2665E-7	-2.3500E+1	-3.9113E-7
3.0500E+4	1.0000E+0	3.6287E-7	-2.3000E+1	-3.6882E-7
3.1000E+4	1.0000E+0	4.1651E-7	-2.2500E+1	-5.1839E-7
3.1500E+4	1.0000E+0	5.1630E-7	-2.2000E+1	-6.4316E-7
3.2000E+4	1.0000E+0	5.2486E-7	-2.1500E+1	-6.0846E-7
3.2500E+4	1.0000E+0	5.7139E-7	-2.1000E+1	-4.2703E-7
3.3000E+4	1.0000E+0	6.1477E-7	-2.0500E+1	-3.6867E-7
3.3500E+4	1.0000E+0	7.4194E-7	-2.0000E+1	-4.9341E-7
3.4000E+4	1.0000E+0	7.6646E-7	-1.9500E+1	-5.1037E-7
3.4500E+4	1.0000E+0	9.3423E-7	-1.9000E+1	-5.1088E-7
3.5000E+4	1.0000E+0	8.6394E-7	-1.8500E+1	-4.1625E-7
3.5500E+4	1.0000E+0	9.8399E-7	-1.8000E+1	-2.4013E-7
3.6000E+4	1.0000E+0	1.0976E-6	-1.7500E+1	-3.8716E-7
3.6500E+4	1.0000E+0	1.1085E-6	-1.7000E+1	-5.4426E-7
3.7000E+4	1.0000E+0	1.1090E-6	-1.6500E+1	-1.0322E-7
3.8000E+4	1.0000E+0	1.2210E-6	-1.6000E+1	-1.7652E-7
3.8500E+4	1.0000E+0	1.3528E-6	-1.5500E+1	-1.8395E-7
3.9000E+4	1.0000E+0	1.4309E-6	-1.5000E+1	-2.0846E-7
3.9500E+4	1.0000E+0	1.7129E-6	-1.4500E+1	-1.1223E-7
4.0000E+4	1.0000E+0	1.6387E-6	-1.4000E+1	-1.0532E-6
4.0500E+4	1.0000E+0	1.6955E-6	-1.3500E+1	-7.8466E-8
4.1000E+4	1.0000E+0	1.8191E-6	-1.3000E+1	-6.1508E-8
4.1500E+4	1.0000E+0	1.9362E-6	-1.2500E+1	-6.0704E-8
4.2000E+4	1.0000E+0	2.0744E-6	-1.2000E+1	-6.2748E-8
4.2500E+4	1.0000E+0	2.2313E-6	-1.1500E+1	-6.6942E-8
4.3000E+4	1.0000E+0	2.3756E-6	-1.1000E+1	-7.3064E-8
4.3500E+4	1.0000E+0	2.5126E-6	-1.0500E+1	-6.4832E-8
4.4000E+4	1.0000E+0	2.6467E-6	-1.0000E+1	-4.2164E-8
4.4500E+4	1.0000E+0	2.8094E-6	-9.5000E+0	-3.7117E-8
4.5000E+4	1.0000E+0	2.9824E-6	-9.0000E+0	-3.2337E-8
4.5500E+4	1.0000E+0	3.1538E-6	-8.5000E+0	-3.0519E-8
4.6000E+4	1.0000E+0	3.3355E-6	-8.0000E+0	-2.3195E-8
4.6500E+4	1.0000E+0	3.5212E-6	-7.5000E+0	-2.0094E-8
4.7000E+4	1.0000E+0	3.7134E-6	-7.0000E+0	-1.8836E-8
4.7500E+4	1.0000E+0	3.9180E-6	-6.5000E+0	-1.2663E-8
4.8000E+4	1.0000E+0	4.1294E-6	-6.0000E+0	-9.3663E-9
4.8500E+4	1.0000E+0	4.3513E-6	-5.5000E+0	-8.5473E-9
4.9000E+4	1.0000E+0	4.5734E-6	-5.0000E+0	-4.4321E-9
4.9500E+4	1.0000E+0	4.8161E-6	-4.5000E+0	-3.4791E-9
5.0000E+4	1.0000E+0	5.0512E-6	-4.0000E+0	-1.0332E-9
5.0500E+4	1.0000E+0	5.3026E-6	-3.5000E+0	-1.9414E-10
5.1000E+4	1.0000E+0	5.5675E-6	-3.0000E+0	4.6603E-11
5.1500E+4	1.0000E+0	5.8501E-6	-2.5000E+0	3.0558E-10
5.2000E+4	1.0000E+0	6.1274E-6	-2.0000E+0	4.5069E-10
5.2500E+4	1.0000E+0	6.4176E-6	-1.5000E+0	5.0088E-10
5.3000E+4	1.0000E+0	6.7063E-6	-1.0000E+0	5.2287E-10
5.3500E+4	1.0000E+0	7.0212E-6	-5.0000E-1	5.0660E-10
5.4000E+4	1.0000E+0	7.3490E-6	0.0000E+0	4.6055E-10
5.4500E+4	1.0000E+0	7.6865E-6	5.0000E-1	4.0798E-10
5.5000E+4	1.0000E+0	8.0235E-6	1.0000E+0	3.5795E-10
5.5500E+4	1.0000E+0	8.3689E-6	1.5000E+0	3.2240E-10
5.6000E+4	1.0000E+0	8.7213E-6	2.0000E+0	2.9929E-10
5.6500E+4	1.0000E+0	9.0883E-6	2.5000E+0	2.8855E-10
5.7000E+4	1.0000E+0	9.4615E-6	3.0000E+0	2.8287E-10
5.7500E+4	1.0000E+0	9.8485E-6	3.5000E+0	2.7947E-10
5.8000E+4	1.0000E+0	1.0279E-5	4.0000E+0	2.7661E-10
5.8500E+4	1.0000E+0	1.0681E-5	4.5000E+0	2.9777E-10
5.9000E+4	1.0000E+0	1.1086E-5	5.0000E+0	2.6974E-10
5.9500E+4	1.0000E+0	1.1521E-5	5.5000E+0	2.6150E-10
6.0000E+4	1.0000E+0	1.1961E-5	6.0000E+0	2.5175E-10
6.0500E+4	1.0000E+0	1.2390E-5	6.5000E+0	2.4024E-10
6.1000E+4	1.0000E+0	1.2856E-5	7.0000E+0	1.8139E-10
6.1500E+4	1.0000E+0	1.3290E-5	7.5000E+0	5.5697E-10
6.2000E+4	1.0000E+0	1.3761E-5	8.0000E+0	1.9681E-10
6.2500E+4	1.0000E+0	1.4256E-5	8.5000E+0	1.7958E-10
6.3000E+4	1.0000E+0	1.4761E-5	9.0000E+0	1.6853E-10
6.3500E+4	1.0000E+0	1.5292E-5	9.5000E+0	1.5355E-10
6.4000E+4	1.0000E+0	1.5809E-5	1.0000E+1	1.4104E-10
6.4500E+4	1.0000E+0	1.6351E-5	1.0500E+1	1.3198E-10
6.5000E+4	1.0000E+0	1.6879E-5	1.1000E+1	1.2173E-10
6.5500E+4	1.0000E+0	1.7412E-5	1.1500E+1	1.1411E-10
6.6000E+4	1.0000E+0	1.7939E-5	1.2000E+1	1.0840E-10
6.6500E+4	1.0000E+0	1.8521E-5	1.2500E+1	1.0262E-10
6.7000E+4	1.0000E+0	1.9086E-5	1.3000E+1	9.8841E-11
6.7500E+4	1.0000E+0	1.9660E-5	1.3500E+1	9.6685E-11
6.8000E+4	1.0000E+0	2.0257E-5	1.4000E+1	9.3231E-11
6.8500E+4	1.0000E+0	2.0888E-5	1.4500E+1	9.0903E-11
6.9000E+4	1.0000E+0	2.1479E-5	1.5000E+1	8.9343E-11
6.9500E+4	1.0000E+0	2.2119E-5	1.5500E+1	8.8450E-11
7.0000E+4	1.0000E+0	2.2716E-5	1.6000E+1	8.5673E-11
7.0500E+4	1.0000E+0	2.3401E-5	1.6500E+1	8.5360E-11
7.1000E+4	1.0000E+0	2.4051E-5	1.7000E+1	8.4195E-11
7.1500E+4	1.0000E+0	2.4714E-5	1.7500E+1	8.3951E-11
7.2000E+4	1.0000E+0	2.5360E-5	1.8000E+1	8.3143E-11
7.2500E+4	1.0000E+0	2.6054E-5	1.8500E+1	8.2667E-11
7.3000E+4	1.0000E+0	2.6725E-5	1.9000E+1	8.2170E-11
7.3500E+4	1.0000E+0	2.7387E-5	1.9500E+1	8.2001E-11
7.4000E+4	1.0000E+0	2.8087E-5	2.0000E+1	8.1781E-11
7.4500E+4	1.0000E+0	2.8764E-5	2.0500E+1	8.3520E-11
7.5000E+4	1.0000E+0	2.9487E-5	2.1000E+1	8.1598E-11
7.5500E+4	1.0000E+0	3.0244E-5	2.1500E+1	8.1433E-11
7.6000E+4	1.0000E+0	3.0914E-5	2.2000E+1	7.7441E-11
7.6500E+4	1.0000E+0	3.1637E-5	2.2500E+1	3.1853E-10
7.7000E+4	1.0000E+0	3.2367E-5	2.3000E+1	8.1025E-11
7.7500E+4	1.0000E+0	3.3116E-5	2.3500E+1	8.0913E-11
7.8000E+4	1.0000E+0	3.3860E-5	2.4000E+1	8.0903E-11
7.8500E+4	1.0000E+0	3.4632E-5	2.4500E+1	8.0770E-11
7.9000E+4	1.0000E+0	3.5430E-5	2.5000E+1	8.0100E-11
7.9500E+4	1.0000E+0	3.6188E-5	2.5500E+1	8.0515E-11
8.0000E+4	1.0000E+0	3.6933E-5	2.6000E+1	8.0696E-11
8.0500E+4	1.0000E+0	3.7648E-5	2.6500E+1	8.0235E-11
8.1000E+4	1.0000E+0	3.8443E-5	2.7000E+1	8.1178E-11
8.1500E+4	1.0000E+0	3.9251E-5	2.7500E+1	8.0695E-11
8.2000E+4	1.0000E+0	3.9963E-5	2.8000E+1	8.1351E-11
8.2500E+4	1.0000E+0	4.0829E-5	2.8500E+1	8.0943E-11
8.3000E+4	1.0000E+0	4.1604E-5	2.9000E+1	8.1308E-11
8.3500E+4	1.0000E+0	4.2400E-5	2.9500E+1	8.1243E-11
8.4000E+4	1.0000E+0	4.3208E-5	3.0000E+1	8.0851E-11
8.4500E+4	1.0000E+0	4.4002E-5	3.0500E+1	8.0851E-11
8.5000E+4	1.0000E+0	4.4840E-5	3.1000E+1	8.1621E-11
8.5500E+4	1.0000E+0	4.5611E-5	3.1500E+1	8.1832E-11
8.6000E+4	1.0000E+0	4.6430E-5	3.2000E+1	8.1748E-11
8.6500E+4	1.0000E+0	4.7268E-5	3.2500E+1	8.1886E-11
8.7000E+4	1.0000E+0	4.8110E-5	3.3000E+1	8.2970E-11
8.7500E+4	1.0000E+0	4.8959E-5	3.3500E+1	8.3706E-11
8.8000E+4	1.0000E+0	4.9763E-5	3.4000E+1	8.5867E-11
8.8500E+4	1.0000E+0	5.0646E-5	3.4500E+1	8.7509E-11
8.9000E+4	1.0000E+0	5.1456E-5	3.5000E+1	8.8741E-11
8.9500E+4	1.0000E+0	5.2323E-5	3.5500E+1	8.9959E-11
9.0000E+4	1.0000E+0	5.3172E-5	3.6000E+1	9.0654E-11
9.0500E+4	1.0000E+0	5.4033E-5	3.6500E+1	9.0908E-11
9.1000E+4	1.0000E+0	5.4942E-5	3.7000E+1	9.1072E-11
9.1500E+4	1.0000E+0	5.5814E-5	3.7500E+1	2.8490E-10
9.2000E+4	1.0000E+0	5.6657E-5	3.8000E+1	9.3119E-11
9.2500E+4	1.0000E+0	5.7537E-5	3.8500E+1	9.3697E-11
9.3000E+4	1.0000E+0	5.8373E-5	3.9000E+1	9.4584E-11
9.3500E+4	1.0000E+0	5.9297E-5	3.9500E+1	9.5067E-11
9.4000E+4	1.0000E+0	6.0205E-5	4.0000E+1	9.5162E-11
9.4500E+4	1.0000E+0	6.1002E-5	4.0500E+1	9.6277E-11
9.5000E+4	1.0000E+0	6.1910E-5	4.1000E+1	9.6523E-11
9.5500E+4	1.0000E+0	6.2774E-5	4.1500E+1	9.6927E-11
9.6000E+4	1.0000E+0	6.3598E-5	4.2000E+1	9.7847E-11
9.6500E+4	1.0000E+0	6.4470E-5	4.2500E+1	9.8256E-11
9.7000E+4	1.0000E+0	6.5366E-5	4.3000E+1	9.8674E-11
9.7500E+4	1.0000E+0	6.6229E-5	4.3500E+1	9.8556E-11
9.8000E+4	1.0000E+0	6.7080E-5	4.4000E+1	9.8668E-11
9.8500E+4	1.0000E+0	6.7970E-5	4.4500E+1	9.9933E-11
9.9000E+4	1.0000E+0	6.8822E-5	4.5000E+1	9.9814E-11
9.9500E+4	1.0000E+0	6.9687E-5	4.5500E+1	1.0041E-10
1.0000E+5	1.0000E+0	7.0578E-5	4.6000E+1	1.0043E-10
1.0050E+5	1.0000E+0	7.1428E-5	4.6500E+1	1.0068E-10
1.0100E+5	1.0000E+0	7.2173E-5	4.7000E+1	1.0138E-10
1.0150E+5	1.0000E+0	7.3072E-5	4.7500E+1	1.0153E-10
1.0200E+5	1.0000E+0	7.3906E-5	4.8000E+1	1.0218E-10
1.0250E+5	1.0000E+0	7.4720E-5	4.8500E+1	1.0267E-10
1.0300E+5	1.0000E+0	7.5544E-5	4.9000E+1	1.0286E-10
1.0350E+5	1.0000E+0	7.6377E-5	4.9500E+1	1.0327E-10
1.0400E+5	1.0000E+0	7.7280E-5	5.0000E+1	1.0359E-10
1.0450E+5	1.0000E+0	7.8106E-5	5.0500E+1	1.0363E-10
1.0500E+5	1.0000E+0	7.7228E-5	5.0000E+1	-7.6181E-11
1.0550E+5	1.0000E+0	7.6229E-5	4.9500E+1	-8.1204E-11
1.0600E+5	1.0000E+0	7.5478E-5	4.9000E+1	-8.3233E-11
1.0650E+5	1.0000E+0	7.4588E-5	4.8500E+1	-6.5008E-11
1.0700E+5	1.0000E+0	7.3738E-5	4.8000E+1	-2.9484E-10
1.0750E+5	1.0000E+0	7.2806E-5	4.7500E+1	-9.1908E-11
1.0800E+5	1.0000E+0	7.1942E-5	4.7000E+1	-9.4165E-11
1.0850E+5	1.0000E+0	7.1074E-5	4.6500E+1	-9.3939E-11
1.0900E+5	1.0000E+0	7.0236E-5	4.6000E+1	-9.4235E-11
1.0950E+5	1.0000E+0	6.9373E-5	4.5500E+1	-9.5654E-11
1.1000E+5	1.0000E+0	6.8436E-5	4.5000E+1	-9.7531E-11
1.1050E+5	1.0000E+0	6.7578E-5	4.4500E+1	-9.7825E-11
1.1100E+5	1.0000E+0	6.6725E-5	4.4000E+1	-9.9087E-11
1.1150E+5	1.0000E+0	6.5759E-5	4.3500E+1	-1.0041E-10
1.1200E+5	1.0000E+0	6.4940E-5	4.3000E+1	-1.0079E-10
1.1250E+5	1.0000E+0	6.4119E-5	4.2500E+1	-1.0173E-10
1.1300E+5	1.0000E+0	6.3231E-5	4.2000E+1	-1.0217E-10
1.1350E+5	1.0000E+0	6.2341E-5	4.1500E+1	-1.0173E-10
1.1400E+5	1.0000E+0	6.1482E-5	4.1000E+1	-1.0175E-10
1.1450E+5	1.0000E+0	6.0554E-5	4.0500E+1	-1.0111E-10
1.1500E+5	1.0000E+0	5.9670E-5	4.0000E+1	-1.0166E-10
1.1550E+5	1.0000E+0	5.8832E-5	3.9500E+1	-1.0152E-10
1.1600E+5	1.0000E+0	5.7991E-5	3.9000E+1	-1.0143E-10
1.1650E+5	1.0000E+0	5.7063E-5	3.8500E+1	-1.0153E-10
1.1700E+5	1.0000E+0	5.6182E-5	3.8000E+1	-1.0224E-10
1.1750E+5	1.0000E+0	5.5301E-5	3.7500E+1	-1.0262E-10
1.1800E+5	1.0000E+0	5.4459E-5	3.7000E+1	-1.0405E-10
1.1850E+5	1.0000E+0	5.3610E-5	3.6500E+1	-1.0456E-10
1.1900E+5	1.0000E+0	5.2758E-5	3.6000E+1	-1.0558E-10
1.1950E+5	1.0000E+0	5.1852E-5	3.5500E+1	-1.0547E-10
1.2000E+5	1.0000E+0	5.0966E-5	3.5000E+1	-1.0520E-10
1.2050E+5	1.0000E+0	5.0154E-5	3.4500E+1	-1.0526E-10
1.2100E+5	1.0000E+0	4.9285E-5	3.4000E+1	-1.0438E-10
1.2150E+5	1.0000E+0	4.8444E-5	3.3500E+1	-9.5075E-11
1.2200E+5	1.0000E+0	4.7654E-5	3.3000E+1	-4.2862E-10
1.2250E+5	1.0000E+0	4.6778E-5	3.2500E+1	-1.0427E-10
1.2300E+5	1.0000E+0	4.5949E-5	3.2000E+1	-1.0466E-10
1.2350E+5	1.0000E+0	4.5146E-5	3.1500E+1	-1.0470E-10
1.2400E+5	1.0000E+0	4.4327E-5	3.1000E+1	-1.0562E-10
1.2450E+5	1.0000E+0	4.3573E-5	3.0500E+1	-1.0612E-10
1.2500E+5	1.0000E+0	4.2712E-5	3.0000E+1	-1.0729E-10
1.2550E+5	1.0000E+0	4.1916E-5	2.9500E+1	-1.0765E-10
1.2600E+5	1.0000E+0	4.1168E-5	2.9000E+1	-1.0850E-10
1.2650E+5	1.0000E+0	4.0316E-5	2.8500E+1	-1.0910E-10
1.2700E+5	1.0000E+0	3.9529E-5	2.8000E+1	-1.0941E-10
1.2750E+5	1.0000E+0	3.8737E-5	2.7500E+1	-1.1012E-10
1.2800E+5	1.0000E+0	3.7941E-5	2.7000E+1	-1.1236E-10
1.2850E+5	1.0000E+0	3.7197E-5	2.6500E+1	-1.1310E-10
1.2900E+5	1.0000E+0	3.6426E-5	2.6000E+1	-1.1289E-10
1.2950E+5	1.0000E+0	3.5646E-5	2.5500E+1	-1.1449E-10
1.3000E+5	1.0000E+0	3.4841E-5	2.5000E+1	-1.1644E-10
1.3050E+5	1.0000E+0	3.4097E-5	2.4500E+1	-1.1607E-10
1.3100E+5	1.0000E+0	3.3338E-5	2.4000E+1	-1.1872E-10
1.3150E+5	1.0000E+0	3.2611E-5	2.3500E+1	-1.1994E-10
1.3200E+5	1.0000E+0	3.1871E-5	2.3000E+1	-1.2230E-10
1.3250E+5	1.0000E+0	3.1165E-5	2.2500E+1	-1.2460E-10
1.3300E+5	1.0000E+0	3.0400E-5	2.2000E+1	-1.2712E-10
1.3350E+5	1.0000E+0	2.9670E-5	2.1500E+1	-1.2967E-10
1.3400E+5	1.0000E+0	2.8979E-5	2.1000E+1	-1.3439E-10
1.3450E+5	1.0000E+0	2.8277E-5	2.0500E+1	-1.4015E-10
1.3500E+5	1.0000E+0	2.7597E-5	2.0000E+1	-1.4313E-10
1.3550E+5	1.0000E+0	2.6867E-5	1.9500E+1	-1.4862E-10
1.3600E+5	1.0000E+0	2.6197E-5	1.9000E+1	-1.5688E-10
1.3650E+5	1.0000E+0	2.5535E-5	1.8500E+1	-1.6223E-10
1.3700E+5	1.0000E+0	2.4857E-5	1.8000E+1	-5.8128E-10
1.3750E+5	1.0000E+0	2.4188E-5	1.7500E+1	-1.8444E-10
1.3800E+5	1.0000E+0	2.3579E-5	1.7000E+1	-1.9603E-10
1.3850E+5	1.0000E+0	2.2949E-5	1.6500E+1	-2.1023E-10
1.3900E+5	1.0000E+0	2.2303E-5	1.6000E+1	-2.2715E-10
1.3950E+5	1.0000E+0	2.1644E-5	1.5500E+1	-2.4424E-10
1.4000E+5	1.0000E+0	2.1031E-5	1.5000E+1	-2.5548E-10
1.4050E+5	1.0000E+0	2.0386E-5	1.4500E+1	-2.6870E-10
1.4100E+5	1.0000E+0	1.9805E-5	1.4000E+1	-2.7558E-10
1.4150E+5	1.0000E+0	1.9175E-5	1.3500E+1	-2.7928E-10
1.4200E+5	1.0000E+0	1.8625E-5	1.3000E+1	-2.7940E-10
1.4250E+5	1.0000E+0	1.8068E-5	1.2500E+1	-2.8003E-10
1.4300E+5	1.0000E+0	1.7451E-5	1.2000E+1	-2.7662E-10
1.4350E+5	1.0000E+0	1.6938E-5	1.1500E+1	-2.6921E-10
1.4400E+5	1.0000E+0	1.6377E-5	1.1000E+1	-2.6518E-10
1.4450E+5	1.0000E+0	1.5850E-5	1.0500E+1	-2.6051E-10
1.4500E+5	1.0000E+0	1.5326E-5	1.0000E+1	-2.5453E-10
1.4550E+5	1.0000E+0	1.4803E-5	9.5000E+0	-2.5075E-10
1.4600E+5	1.0000E+0	1.4298E-5	9.0000E+0	-2.4634E-10
1.4650E+5	1.0000E+0	1.3796E-5	8.5000E+0	-2.3984E-10
1.4700E+5	1.0000E+0	1.3304E-5	8.0000E+0	-2.3601E-10
1.4750E+5	1.0000E+0	1.2837E-5	7.5000E+0	-2.3140E-10
1.4800E+5	1.0000E+0	1.2381E-5	7.0000E+0	-2.2473E-10
1.4850E+5	1.0000E+0	1.1935E-5	6.5000E+0	-2.2312E-10
1.4900E+5	1.0000E+0	1.1511E-5	6.0000E+0	-2.1932E-10
1.4950E+5	1.0000E+0	1.1078E-5	5.5000E+0	-2.1212E-10
1.5000E+5	1.0000E+0	1.0652E-5	5.0000E+0	-2.1075E-10
1.5050E+5	1.0000E+0	1.0232E-5	4.5000E+0	-2.0515E-10
1.5100E+5	1.0000E+0	9.8269E-6	4.0000E+0	-2.0172E-10
1.5150E+5	1.0000E+0	9.4266E-6	3.5000E+0	-2.0934E-10
1.5200E+5	1.0000E+0	9.0643E-6	3.0000E+0	-1.8755E-10
1.5250E+5	1.0000E+0	8.6824E-6	2.5000E+0	-3.2942E-10
1.5300E+5	1.0000E+0	8.3253E-6	2.0000E+0	-1.9528E-10
1.5350E+5	1.0000E+0	7.9866E-6	1.5000E+0	-1.9420E-10
1.5400E+5	1.0000E+0	7.6366E-6	1.0000E+0	-1.9527E-10
1.5450E+5	1.0000E+0	7.2999E-6	5.0000E-1	-1.9350E-10
1.5500E+5	1.0000E+0	6.9773E-6	0.0000E+0	-1.9113E-10
1.5550E+5	1.0000E+0	6.6618E-6	-5.0000E-1	-1.9509E-10
1.5600E+5	1.0000E+0	6.3599E-6	-1.0000E+0	-1.9765E-10
1.5650E+5	1.0000E+0	6.0738E-6	-1.5000E+0	-1.9642E-10
1.5700E+5	1.0000E+0	5.7840E-6	-2.0000E+0	-1.9989E-10
1.5750E+5	1.0000E+0	5.5128E-6	-2.5000E+0	-2.0185E-10
1.5800E+5	1.0000E+0	5.2459E-6	-3.0000E+0	-1.9862E-10
1.5850E+5	1.0000E+0	4.9805E-6	-3.5000E+0	-1.9931E-10
1.5900E+5	1.0000E+0	4.7416E-6	-4.0000E+0	-2.0036E-10
1.5950E+5	1.0000E+0	4.4939E-6	-4.5000E+0	-2.0210E-10
1.6000E+5	1.0000E+0	4.2647E-6	-5.0000E+0	-1.9994E-10
1.6050E+5	1.0000E+0	4.0271E-6	-5.5000E+0	-2.0025E-10
1.6100E+5	1.0000E+0	3.8116E-6	-6.0000E+0	-1.9905E-10
1.6150E+5	1.0000E+0	3.6042E-6	-6.5000E+0	-1.9789E-10
1.6200E+5	1.0000E+0	3.4030E-6	-7.0000E+0	-2.0018E-10
1.6250E+5	1.0000E+0	3.2126E-6	-7.5000E+0	-1.9836E-10
1.6300E+5	1.0000E+0	3.0227E-6	-8.0000E+0	-1.9468E-10
1.6350E+5	1.0000E+0	2.8378E-6	-8.5000E+0	-1.9317E-10
1.6400E+5	1.0000E+0	2.6695E-6	-9.0000E+0	-1.9192E-10
1.6450E+5	1.0000E+0	2.5020E-6	-9.5000E+0	-1.9006E-10
1.6500E+5	1.0000E+0	2.3415E-6	-1.0000E+1	-1.8825E-10
1.6550E+5	1.0000E+0	2.1877E-6	-1.0500E+1	-1.8592E-10
1.6600E+5	1.0000E+0	2.0400E-6	-1.1000E+1	-1.8342E-10
1.6650E+5	1.0000E+0	1.8971E-6	-1.1500E+1	-1.8264E-10
1.6700E+5	1.0000E+0	1.7620E-6	-1.2000E+1	-1.7613E-10
1.6750E+5	1.0000E+0	1.6345E-6	-1.2500E+1	-3.0895E-10
1.6800E+5	1.0000E+0	1.5132E-6	-1.3000E+1	-1.7906E-10
1.6850E+5	1.0000E+0	1.3974E-6	-1.3500E+1	-1.7716E-10
1.6900E+5	1.0000E+0	1.2841E-6	-1.4000E+1	-1.7469E-10
1.6950E+5	1.0000E+0	1.1770E-6	-1.4500E+1	-1.7259E-10
1.7000E+5	1.0000E+0	1.0744E-6	-1.5000E+1	-1.7057E-10
1.7050E+5	1.0000E+0	9.7796E-7	-1.5500E+1	-1.6926E-10
1.7100E+5	1.0000E+0	8.8751E-7	-1.6000E+1	-1.7821E-10
1.7150E+5	1.0000E+0	7.9922E-7	-1.6500E+1	-1.6687E-10
1.7200E+5	1.0000E+0	7.1814E-7	-1.7000E+1	-1.6579E-10
1.7250E+5	1.0000E+0	6.4393E-7	-1.7500E+1	-1.6467E-10
1.7300E+5	1.0000E+0	5.7320E-7	-1.8000E+1	-1.6380E-10
1.7350E+5	1.0000E+0	5.0542E-7	-1.8500E+1	-1.6246E-10
1.7400E+5	1.0000E+0	4.4345E-7	-1.9000E+1	-1.6136E-10
1.7450E+5	1.0000E+0	3.8683E-7	-1.9500E+1	-1.6088E-10
1.7500E+5	1.0000E+0	3.3448E-7	-2.0000E+1	-1.5941E-10
1.7550E+5	1.0000E+0	2.8671E-7	-2.0500E+1	-1.6015E-10
1.7600E+5	1.0000E+0	2.4423E-7	-2.1000E+1	-1.5758E-10
1.7650E+5	1.0000E+0	2.0558E-7	-2.1500E+1	-1.5683E-10
1.7700E+5	1.0000E+0	1.7143E-7	-2.2000E+1	-1.5662E-10
1.7750E+5	1.0000E+0	1.4216E-7	-2.2500E+1	-1.5776E-10
1.7800E+5	1.0000E+0	1.1559E-7	-2.3000E+1	-1.5588E-10
1.7850E+5	1.0000E+0	9.2998E-8	-2.3500E+1	-1.5483E-10
1.7900E+5	1.0000E+0	7.3821E-8	-2.4000E+1	-2.0984E-10
1.7950E+5	1.0000E+0	5.8615E-8	-2.4500E+1	-1.5411E-10
1.8000E+5	1.0000E+0	4.6011E-8	-2.5000E+1	-1.5353E-10
1.8050E+5	1.0000E+0	3.5633E-8	-2.5500E+1	-1.5329E-10
1.8100E+5	1.0000E+0	2.7383E-8	-2.6000E+1	-1.5340E-10
1.8150E+5	1.0000E+0	2.1064E-8	-2.6500E+1	-1.5257E-10
1.8200E+5	1.0000E+0	1.6230E-8	-2.7000E+1	-1.5193E-10
1.8250E+5	1.0000E+0	1.2336E-8	-2.7500E+1	-2.9560E-10
1.8300E+5	1.0000E+0	9.3880E-9	-2.8000E+1	-1.5281E-10
1.8350E+5	1.0000E+0	7.1936E-9	-2.8500E+1	-1.5238E-10
1.8400E+5	1.0000E+0	5.4863E-9	-2.9000E+1	-1.5298E-10
1.8450E+5	1.0000E+0	4.3727E-9	-2.9500E+1	-1.5307E-10
1.8500E+5	1.0000E+0	3.3710E-9	-3.0000E+1	-1.5316E-10
1.8550E+5	1.0000E+0	2.6203E-9	-3.0500E+1	-1.5342E-10
1.8600E+5	1.0000E+0	2.0151E-9	-3.1000E+1	-1.5356E-10
1.8650E+5	1.0000E+0	1.5452E-9	-3.1500E+1	-1.5422E-10
1.8700E+5	1.0000E+0	1.2145E-9	-3.2000E+1	-1.5507E-10
1.8750E+5	1.0000E+0	9.9069E-10	-3.2500E+1	-1.5485E-10
1.8800E+5	1.0000E+0	7.9127E-10	-3.3000E+1	-1.5468E-10
1.8850E+5	1.0000E+0	6.0689E-10	-3.3500E+1	-1.5467E-10
1.8900E+5	1.0000E+0	4.9932E-10	-3.4000E+1	-1.5477E-10
1.8950E+5	1.0000E+0	4.0698E-10	-3.4500E+1	-1.5642E-10
1.9000E+5	1.0000E+0	3.4162E-10	-3.5000E+1	-1.5572E-10
1.9050E+5	1.0000E+0	2.9338E-10	-3.5500E+1	-1.5798E-10
1.9100E+5	1.0000E+0	2.5521E-10	-3.6000E+1	-1.5751E-10
1.9150E+5	1.0000E+0	2.1061E-10	-3.6500E+1	-1.5765E-10
1.9200E+5	1.0000E+0	1.8326E-10	-3.7000E+1	-1.6105E-10
1.9250E+5	1.0000E+0	1.6907E-10	-3.7500E+1	-1.6055E-10
1.9300E+5	1.0000E+0	1.6407E-10	-3.8000E+1	-1.6208E-10
1.9350E+5	1.0000E+0	1.5690E-10	-3.8500E+1	-1.6249E-10
1.9400E+5	1.0000E+0	1.5639E-10	-3.9000E+1	-1.6340E-10
1.9450E+5	1.0000E+0	1.6084E-10	-3.9500E+1	-1.6404E-10
1.9500E+5	1.0000E+0	1.5927E-10	-4.0000E+1	-1.6604E-10
1.9550E+5	1.0000E+0	1.6377E-10	-4.0500E+1	-1.6729E-10
1.9600E+5	1.0000E+0	1.5950E-10	-4.1000E+1	-1.6713E-10
1.9650E+5	1.0000E+0	1.5342E-10	-4.1500E+1	-1.7111E-10
1.9700E+5	1.0000E+0	1.4101E-10	-4.2000E+1	-1.7392E-10
1.9750E+5	1.0000E+0	1.6744E-10	-4.2500E+1	-1.6427E-10
1.9800E+5	1.0000E+0	1.7562E-10	-4.3000E+1	-3.1806E-10
1.9850E+5	1.0000E+0	1.9588E-10	-4.3500E+1	-1.8184E-10
1.9900E+5	1.0000E+0	2.1267E-10	-4.4000E+1	-1.8435E-10
1.9950E+5	1.0000E+0	1.8759E-10	-4.4500E+1	-2.0189E-10
2.0000E+5	1.0000E+0	1.9145E-10	-4.5000E+1	-2.2288E-10
2.0050E+5	1.0000E+0	2.0804E-10	-4.5500E+1	-2.5851E-10
2.0100E+5	1.0000E+0	2.2403E-10	-4.6000E+1	-2.6352E-10
2.0150E+5	1.0000E+0	2.4480E-10	-4.6500E+1	-2.5494E-10
2.0200E+5	1.0000E+0	2.2025E-10	-4.7000E+1	-2.6331E-10
2.0250E+5	1.0000E+0	1.9140E-10	-4.7500E+1	-3.0618E-10
2.0300E+5	1.0000E+0	1.7596E-10	-4.8000E+1	-3.5630E-10
2.0350E+5	1.0000E+0	2.0409E-10	-4.8500E+1	-3.8401E-10
2.0400E+5	1.0000E+0	2.1619E-10	-4.9000E+1	-4.7249E-10
2.0450E+5	1.0000E+0	2.0070E-10	-4.9500E+1	-5.0931E-10
2.0500E+5	1.0000E+0	2.2899E-10	-5.0000E+1	-1.0247E-9
