Time (s)	|IDrain (A)|	|IGate (A)	Vdrain(V)	Vgate(V)
0.0	3.3302e-07	8.3959e-10	-10.0	-2.5
1.0	3.3276e-07	4.7097e-10	-10.0	-2.5
1.5	3.3264e-07	4.4024e-10	-10.0	-2.5
2.0	3.3262e-07	4.2211e-10	-10.0	-2.5
2.5	3.3253e-07	4.063e-10	-10.0	-2.5
3.0	3.3225e-07	3.962e-10	-10.0	-2.5
3.5	3.323e-07	3.8285e-10	-10.0	-2.5
4.0	3.3238e-07	3.768e-10	-10.0	-2.5
4.5	3.3241e-07	3.6703e-10	-10.0	-2.5
5.0	3.3216e-07	3.6036e-10	-10.0	-2.5
5.5	3.3199e-07	3.5422e-10	-10.0	-2.5
6.0	3.3203e-07	3.4382e-10	-10.0	-2.5
6.5	3.3195e-07	3.365e-10	-10.0	-2.5
7.0	3.3205e-07	3.2999e-10	-10.0	-2.5
7.5	3.3202e-07	3.2248e-10	-10.0	-2.5
8.0	3.3206e-07	3.1809e-10	-10.0	-2.5
8.5	3.3177e-07	3.1437e-10	-10.0	-2.5
9.0	3.3172e-07	3.0948e-10	-10.0	-2.5
9.5	3.316e-07	3.0201e-10	-10.0	-2.5
10.0	3.3159e-07	2.9568e-10	-10.0	-2.5
10.5	3.3153e-07	2.9222e-10	-10.0	-2.5
11.0	3.3151e-07	2.8782e-10	-10.0	-2.5
11.5	3.3157e-07	2.8122e-10	-10.0	-2.5
12.0	3.3151e-07	2.7902e-10	-10.0	-2.5
12.5	3.3158e-07	2.7395e-10	-10.0	-2.5
13.0	3.3149e-07	2.6901e-10	-10.0	-2.5
13.5	3.3148e-07	2.6506e-10	-10.0	-2.5
14.0	3.3148e-07	2.6091e-10	-10.0	-2.5
14.5	3.3139e-07	2.5895e-10	-10.0	-2.5
15.0	3.3121e-07	2.5403e-10	-10.0	-2.5
15.5	3.3128e-07	2.4963e-10	-10.0	-2.5
16.0	3.3116e-07	2.4646e-10	-10.0	-2.5
16.5	3.3119e-07	2.4424e-10	-10.0	-2.5
17.0	3.3115e-07	2.4012e-10	-10.0	-2.5
17.5	3.3123e-07	2.3733e-10	-10.0	-2.5
18.0	3.3106e-07	2.3646e-10	-10.0	-2.5
18.5	3.3102e-07	2.3122e-10	-10.0	-2.5
19.0	3.3097e-07	2.3025e-10	-10.0	-2.5
19.5	3.309e-07	2.2699e-10	-10.0	-2.5
20.0	3.3087e-07	2.2404e-10	-10.0	-2.5
20.5	3.3087e-07	2.2033e-10	-10.0	-2.5
21.0	3.3074e-07	2.1834e-10	-10.0	-2.5
21.5	3.3068e-07	2.1669e-10	-10.0	-2.5
22.0	3.3075e-07	2.1456e-10	-10.0	-2.5
22.5	3.3073e-07	2.1032e-10	-10.0	-2.5
23.0	3.3073e-07	2.1128e-10	-10.0	-2.5
23.5	3.3067e-07	2.0911e-10	-10.0	-2.5
24.0	3.3049e-07	2.0811e-10	-10.0	-2.5
24.5	3.3074e-07	2.0264e-10	-10.0	-2.5
25.0	3.3061e-07	2.0415e-10	-10.0	-2.5
25.5	3.3081e-07	2.0048e-10	-10.0	-2.5
26.0	3.3071e-07	1.9788e-10	-10.0	-2.5
26.5	3.3073e-07	1.9702e-10	-10.0	-2.5
27.0	3.3079e-07	1.963e-10	-10.0	-2.5
27.5	3.3078e-07	1.9531e-10	-10.0	-2.5
28.0	3.3068e-07	1.9279e-10	-10.0	-2.5
28.5	3.3061e-07	1.8954e-10	-10.0	-2.5
29.0	3.3072e-07	1.8856e-10	-10.0	-2.5
29.5	3.3078e-07	1.8662e-10	-10.0	-2.5
30.0	3.3058e-07	1.8734e-10	-10.0	-2.5
30.5	3.3061e-07	1.8382e-10	-10.0	-2.5
31.0	3.3078e-07	1.8307e-10	-10.0	-2.5
31.5	3.3069e-07	1.8187e-10	-10.0	-2.5
32.0	3.3071e-07	1.7847e-10	-10.0	-2.5
32.5	3.3058e-07	1.8059e-10	-10.0	-2.5
33.0	3.3052e-07	1.7879e-10	-10.0	-2.5
33.5	3.3056e-07	1.7749e-10	-10.0	-2.5
34.0	3.3044e-07	1.7534e-10	-10.0	-2.5
34.5	3.3051e-07	1.755e-10	-10.0	-2.5
35.0	3.3052e-07	1.7459e-10	-10.0	-2.5
35.5	3.3053e-07	1.7182e-10	-10.0	-2.5
36.0	3.3024e-07	1.7136e-10	-10.0	-2.5
36.5	3.3041e-07	1.6823e-10	-10.0	-2.5
37.0	3.3044e-07	1.6927e-10	-10.0	-2.5
37.5	3.3036e-07	1.6931e-10	-10.0	-2.5
38.0	3.3055e-07	1.6624e-10	-10.0	-2.5
38.5	3.3056e-07	1.6577e-10	-10.0	-2.5
39.0	3.3062e-07	1.6441e-10	-10.0	-2.5
39.5	3.3055e-07	1.6195e-10	-10.0	-2.5
40.0	3.3045e-07	1.61e-10	-10.0	-2.5
40.5	3.3044e-07	1.6058e-10	-10.0	-2.5
41.0	3.3045e-07	1.6073e-10	-10.0	-2.5
41.5	3.3044e-07	1.5932e-10	-10.0	-2.5
42.0	3.3043e-07	1.572e-10	-10.0	-2.5
42.5	3.3033e-07	1.5804e-10	-10.0	-2.5
43.0	3.3027e-07	1.5745e-10	-10.0	-2.5
43.5	3.3026e-07	1.56e-10	-10.0	-2.5
44.0	3.3041e-07	1.5547e-10	-10.0	-2.5
44.5	3.3038e-07	1.5533e-10	-10.0	-2.5
45.0	3.3031e-07	1.5525e-10	-10.0	-2.5
45.5	3.3036e-07	1.5324e-10	-10.0	-2.5
46.0	3.3031e-07	1.5426e-10	-10.0	-2.5
46.5	3.3049e-07	1.5098e-10	-10.0	-2.5
47.0	3.3047e-07	1.5051e-10	-10.0	-2.5
47.5	3.3048e-07	1.5089e-10	-10.0	-2.5
48.0	3.3052e-07	1.4964e-10	-10.0	-2.5
48.5	3.3042e-07	1.4791e-10	-10.0	-2.5
49.0	3.3045e-07	1.4837e-10	-10.0	-2.5
49.5	3.3044e-07	1.464e-10	-10.0	-2.5
50.0	3.3027e-07	1.4864e-10	-10.0	-2.5
50.5	3.3028e-07	1.4696e-10	-10.0	-2.5
51.0	3.3019e-07	1.4621e-10	-10.0	-2.5
51.5	3.3028e-07	1.4524e-10	-10.0	-2.5
52.0	3.3024e-07	1.4524e-10	-10.0	-2.5
52.5	3.3013e-07	1.4417e-10	-10.0	-2.5
53.0	3.3025e-07	1.4314e-10	-10.0	-2.5
53.5	3.3032e-07	1.4256e-10	-10.0	-2.5
54.0	3.3043e-07	1.4406e-10	-10.0	-2.5
54.5	3.3045e-07	1.4002e-10	-10.0	-2.5
55.0	3.3025e-07	1.3828e-10	-10.0	-2.5
55.5	3.3021e-07	1.3889e-10	-10.0	-2.5
56.0	3.3015e-07	1.3823e-10	-10.0	-2.5
56.5	3.303e-07	1.3815e-10	-10.0	-2.5
57.0	3.3031e-07	1.3751e-10	-10.0	-2.5
57.5	3.3019e-07	1.3885e-10	-10.0	-2.5
58.0	3.3016e-07	1.3745e-10	-10.0	-2.5
58.5	3.3027e-07	1.3559e-10	-10.0	-2.5
59.0	3.3022e-07	1.3515e-10	-10.0	-2.5
59.5	3.3017e-07	1.3457e-10	-10.0	-2.5
60.0	3.3028e-07	1.3306e-10	-10.0	-2.5
60.5	3.3028e-07	1.3228e-10	-10.0	-2.5
61.0	3.3035e-07	1.3213e-10	-10.0	-2.5
61.5	3.3045e-07	1.3344e-10	-10.0	-2.5
62.0	3.3055e-07	1.3179e-10	-10.0	-2.5
62.5	3.3051e-07	1.3167e-10	-10.0	-2.5
63.0	3.3046e-07	1.3152e-10	-10.0	-2.5
63.5	3.3057e-07	1.3131e-10	-10.0	-2.5
64.0	3.3036e-07	1.2944e-10	-10.0	-2.5
64.5	3.3041e-07	1.3008e-10	-10.0	-2.5
65.0	3.306e-07	1.2847e-10	-10.0	-2.5
65.5	3.3052e-07	1.271e-10	-10.0	-2.5
66.0	3.3032e-07	1.2723e-10	-10.0	-2.5
66.5	3.303e-07	1.2886e-10	-10.0	-2.5
67.0	3.3032e-07	1.2624e-10	-10.0	-2.5
67.5	3.3038e-07	1.2814e-10	-10.0	-2.5
68.0	3.3034e-07	1.2701e-10	-10.0	-2.5
68.5	3.3049e-07	1.2682e-10	-10.0	-2.5
69.0	3.3043e-07	1.2757e-10	-10.0	-2.5
69.5	3.3041e-07	1.278e-10	-10.0	-2.5
70.0	3.3054e-07	1.2602e-10	-10.0	-2.5
70.5	3.3031e-07	1.2455e-10	-10.0	-2.5
71.0	3.3032e-07	1.2326e-10	-10.0	-2.5
71.5	3.304e-07	1.2435e-10	-10.0	-2.5
72.0	3.3043e-07	1.2421e-10	-10.0	-2.5
72.5	3.3031e-07	1.2394e-10	-10.0	-2.5
73.0	3.3058e-07	1.2408e-10	-10.0	-2.5
73.5	3.3047e-07	1.2419e-10	-10.0	-2.5
74.0	3.3042e-07	1.2373e-10	-10.0	-2.5
74.5	3.3053e-07	1.2409e-10	-10.0	-2.5
75.0	3.3037e-07	1.2558e-10	-10.0	-2.5
75.5	3.3048e-07	1.2423e-10	-10.0	-2.5
76.0	3.3047e-07	1.2546e-10	-10.0	-2.5
76.5	3.3036e-07	1.2394e-10	-10.0	-2.5
77.0	3.303e-07	1.2392e-10	-10.0	-2.5
77.5	3.303e-07	1.2144e-10	-10.0	-2.5
78.0	3.303e-07	1.2189e-10	-10.0	-2.5
78.5	3.3027e-07	1.2177e-10	-10.0	-2.5
79.0	3.3019e-07	1.2073e-10	-10.0	-2.5
79.5	3.3022e-07	1.2067e-10	-10.0	-2.5
80.0	3.3015e-07	1.2044e-10	-10.0	-2.5
80.5	3.3036e-07	1.1926e-10	-10.0	-2.5
81.0	3.3031e-07	1.2132e-10	-10.0	-2.5
81.5	3.3021e-07	1.2076e-10	-10.0	-2.5
82.0	3.3018e-07	1.2025e-10	-10.0	-2.5
82.5	3.3033e-07	1.1787e-10	-10.0	-2.5
83.0	3.3031e-07	1.1943e-10	-10.0	-2.5
83.5	3.3014e-07	1.1718e-10	-10.0	-2.5
84.0	3.3026e-07	1.1704e-10	-10.0	-2.5
84.5	3.3024e-07	1.2038e-10	-10.0	-2.5
85.0	3.3029e-07	1.1748e-10	-10.0	-2.5
85.5	3.3029e-07	1.1777e-10	-10.0	-2.5
86.0	3.304e-07	1.1813e-10	-10.0	-2.5
86.5	3.3027e-07	1.1819e-10	-10.0	-2.5
87.0	3.3031e-07	1.1666e-10	-10.0	-2.5
87.5	3.3025e-07	1.1618e-10	-10.0	-2.5
88.0	3.3014e-07	1.1698e-10	-10.0	-2.5
88.5	3.3024e-07	1.1432e-10	-10.0	-2.5
89.0	3.3016e-07	1.1535e-10	-10.0	-2.5
89.5	3.3014e-07	1.173e-10	-10.0	-2.5
90.0	3.3019e-07	1.1325e-10	-10.0	-2.5
90.5	3.3018e-07	1.1498e-10	-10.0	-2.5
91.0	3.303e-07	1.1435e-10	-10.0	-2.5
91.5	3.3015e-07	1.1407e-10	-10.0	-2.5
92.0	3.3014e-07	1.1492e-10	-10.0	-2.5
92.5	3.3011e-07	1.1479e-10	-10.0	-2.5
93.0	3.3017e-07	1.1417e-10	-10.0	-2.5
93.5	3.3026e-07	1.1405e-10	-10.0	-2.5
94.0	3.304e-07	1.1385e-10	-10.0	-2.5
94.5	3.3038e-07	1.1305e-10	-10.0	-2.5
95.0	3.3036e-07	1.1396e-10	-10.0	-2.5
95.5	3.3018e-07	1.1375e-10	-10.0	-2.5
96.0	3.3029e-07	1.1096e-10	-10.0	-2.5
96.5	3.3015e-07	1.1407e-10	-10.0	-2.5
97.0	3.302e-07	1.1149e-10	-10.0	-2.5
97.5	3.3021e-07	1.1187e-10	-10.0	-2.5
98.0	3.3014e-07	1.1453e-10	-10.0	-2.5
98.5	3.3031e-07	1.1002e-10	-10.0	-2.5
99.0	3.3019e-07	1.143e-10	-10.0	-2.5
99.5	3.3028e-07	1.1354e-10	-10.0	-2.5
100.0	3.3025e-07	1.1073e-10	-10.0	-2.5
100.5	3.3036e-07	1.1179e-10	-10.0	-2.5
101.0	3.3027e-07	1.1299e-10	-10.0	-2.5
101.5	3.3035e-07	1.0976e-10	-10.0	-2.5
102.0	3.3036e-07	1.1158e-10	-10.0	-2.5
102.5	3.3026e-07	1.1222e-10	-10.0	-2.5
103.0	3.3036e-07	1.1043e-10	-10.0	-2.5
103.5	3.3031e-07	1.1036e-10	-10.0	-2.5
104.0	3.3013e-07	1.1215e-10	-10.0	-2.5
104.5	3.3022e-07	1.1031e-10	-10.0	-2.5
105.0	3.3038e-07	1.1164e-10	-10.0	-2.5
105.5	3.3031e-07	1.1138e-10	-10.0	-2.5
106.0	3.3031e-07	1.1081e-10	-10.0	-2.5
106.5	3.3009e-07	1.1188e-10	-10.0	-2.5
107.0	3.3009e-07	1.1093e-10	-10.0	-2.5
107.5	3.3012e-07	1.1043e-10	-10.0	-2.5
108.0	3.3023e-07	1.1072e-10	-10.0	-2.5
108.5	3.3019e-07	1.1023e-10	-10.0	-2.5
109.0	3.3024e-07	1.0869e-10	-10.0	-2.5
109.5	3.3021e-07	1.1051e-10	-10.0	-2.5
110.0	3.3013e-07	1.092e-10	-10.0	-2.5
110.5	3.3021e-07	1.0907e-10	-10.0	-2.5
111.0	3.3016e-07	1.0844e-10	-10.0	-2.5
111.5	3.3026e-07	1.0992e-10	-10.0	-2.5
112.0	3.3007e-07	1.0998e-10	-10.0	-2.5
112.5	3.3019e-07	1.085e-10	-10.0	-2.5
113.0	3.3027e-07	1.0857e-10	-10.0	-2.5
113.5	3.3031e-07	1.0828e-10	-10.0	-2.5
114.0	3.3012e-07	1.0867e-10	-10.0	-2.5
114.5	3.302e-07	1.1024e-10	-10.0	-2.5
115.0	3.3031e-07	1.0622e-10	-10.0	-2.5
115.5	3.3024e-07	1.0922e-10	-10.0	-2.5
116.0	3.3018e-07	1.0929e-10	-10.0	-2.5
116.5	3.3008e-07	1.099e-10	-10.0	-2.5
117.0	3.3021e-07	1.0917e-10	-10.0	-2.5
117.5	3.3011e-07	1.0896e-10	-10.0	-2.5
118.0	3.3013e-07	1.0945e-10	-10.0	-2.5
118.5	3.3006e-07	1.0859e-10	-10.0	-2.5
119.0	3.303e-07	1.0626e-10	-10.0	-2.5
119.5	3.3039e-07	3.8362e-12	-10.0	-2.5
120.0	3.3024e-07	1.1933e-12	-10.0	-2.5
120.5	3.3008e-07	2.6834e-12	-10.0	-2.5
121.0	3.2986e-07	6.5744e-12	-10.0	-2.5
121.5	3.2995e-07	7.323e-12	-10.0	-2.5
122.0	3.298e-07	1.1624e-11	-10.0	-2.5
122.5	3.2964e-07	1.3015e-11	-10.0	-2.5
123.0	3.2962e-07	1.5646e-11	-10.0	-2.5
123.5	3.2953e-07	1.9072e-11	-10.0	-2.5
124.0	3.2941e-07	2.0965e-11	-10.0	-2.5
124.5	3.294e-07	2.2838e-11	-10.0	-2.5
125.0	3.2939e-07	2.642e-11	-10.0	-2.5
125.5	3.2913e-07	2.7555e-11	-10.0	-2.5
126.0	3.2925e-07	2.9509e-11	-10.0	-2.5
126.5	3.2887e-07	3.1583e-11	-10.0	-2.5
127.0	3.2895e-07	3.4559e-11	-10.0	-2.5
127.5	3.2884e-07	3.4828e-11	-10.0	-2.5
128.0	3.287e-07	3.9064e-11	-10.0	-2.5
128.5	3.2854e-07	3.8012e-11	-10.0	-2.5
129.0	3.2861e-07	3.8738e-11	-10.0	-2.5
129.5	3.2851e-07	4.1795e-11	-10.0	-2.5
130.0	3.2844e-07	4.5521e-11	-10.0	-2.5
130.5	3.2838e-07	4.6871e-11	-10.0	-2.5
131.0	3.2824e-07	4.7375e-11	-10.0	-2.5
131.5	3.2808e-07	5.1452e-11	-10.0	-2.5
132.0	3.2782e-07	5.2521e-11	-10.0	-2.5
132.5	3.2753e-07	5.5379e-11	-10.0	-2.5
133.0	3.2747e-07	5.6031e-11	-10.0	-2.5
133.5	3.2752e-07	5.5097e-11	-10.0	-2.5
134.0	3.2745e-07	5.8232e-11	-10.0	-2.5
134.5	3.2732e-07	6.0533e-11	-10.0	-2.5
135.0	3.2729e-07	6.0285e-11	-10.0	-2.5
135.5	3.2696e-07	6.071e-11	-10.0	-2.5
136.0	3.2684e-07	6.3758e-11	-10.0	-2.5
136.5	3.2676e-07	6.5862e-11	-10.0	-2.5
137.0	3.267e-07	6.654e-11	-10.0	-2.5
137.5	3.267e-07	6.6894e-11	-10.0	-2.5
138.0	3.266e-07	6.9464e-11	-10.0	-2.5
138.5	3.2666e-07	7.014e-11	-10.0	-2.5
139.0	3.2643e-07	7.3096e-11	-10.0	-2.5
139.5	3.2622e-07	7.4315e-11	-10.0	-2.5
140.0	3.2609e-07	7.6256e-11	-10.0	-2.5
140.5	3.2599e-07	7.6026e-11	-10.0	-2.5
141.0	3.2625e-07	7.3786e-11	-10.0	-2.5
141.5	3.2596e-07	7.8715e-11	-10.0	-2.5
142.0	3.2585e-07	8.1071e-11	-10.0	-2.5
142.5	3.2587e-07	7.849e-11	-10.0	-2.5
143.0	3.2586e-07	8.1986e-11	-10.0	-2.5
143.5	3.256e-07	8.2511e-11	-10.0	-2.5
144.0	3.2567e-07	8.3243e-11	-10.0	-2.5
144.5	3.2534e-07	8.4684e-11	-10.0	-2.5
145.0	3.2539e-07	8.4024e-11	-10.0	-2.5
145.5	3.2525e-07	8.5192e-11	-10.0	-2.5
146.0	3.2511e-07	8.6777e-11	-10.0	-2.5
146.5	3.2504e-07	8.6762e-11	-10.0	-2.5
147.0	3.2491e-07	8.8728e-11	-10.0	-2.5
147.5	3.2481e-07	8.8558e-11	-10.0	-2.5
148.0	3.2479e-07	9.0041e-11	-10.0	-2.5
148.5	3.2461e-07	8.9471e-11	-10.0	-2.5
149.0	3.2461e-07	9.2208e-11	-10.0	-2.5
149.5	3.2455e-07	9.2921e-11	-10.0	-2.5
150.0	3.2435e-07	9.4576e-11	-10.0	-2.5
150.5	3.2432e-07	9.1653e-11	-10.0	-2.5
151.0	3.2411e-07	9.6352e-11	-10.0	-2.5
151.5	3.2396e-07	9.6338e-11	-10.0	-2.5
152.0	3.2383e-07	9.5571e-11	-10.0	-2.5
152.5	3.2378e-07	9.6152e-11	-10.0	-2.5
153.0	3.2354e-07	9.7666e-11	-10.0	-2.5
153.5	3.2362e-07	9.787e-11	-10.0	-2.5
154.0	3.2349e-07	1.0008e-10	-10.0	-2.5
154.5	3.2329e-07	9.9301e-11	-10.0	-2.5
155.0	3.2325e-07	9.8355e-11	-10.0	-2.5
155.5	3.2305e-07	1.0101e-10	-10.0	-2.5
156.0	3.229e-07	1.0258e-10	-10.0	-2.5
156.5	3.2263e-07	1.0235e-10	-10.0	-2.5
157.0	3.2266e-07	1.0171e-10	-10.0	-2.5
157.5	3.2262e-07	1.0312e-10	-10.0	-2.5
158.0	3.2255e-07	1.0569e-10	-10.0	-2.5
158.5	3.2248e-07	1.054e-10	-10.0	-2.5
159.0	3.224e-07	1.0531e-10	-10.0	-2.5
159.5	3.224e-07	1.0568e-10	-10.0	-2.5
160.0	3.2209e-07	1.0477e-10	-10.0	-2.5
160.5	3.2203e-07	1.083e-10	-10.0	-2.5
161.0	3.22e-07	1.0802e-10	-10.0	-2.5
161.5	3.2189e-07	1.0878e-10	-10.0	-2.5
162.0	3.2169e-07	1.1035e-10	-10.0	-2.5
162.5	3.2155e-07	1.0997e-10	-10.0	-2.5
163.0	3.2153e-07	1.1044e-10	-10.0	-2.5
163.5	3.215e-07	1.1135e-10	-10.0	-2.5
164.0	3.2148e-07	1.1161e-10	-10.0	-2.5
164.5	3.213e-07	1.1239e-10	-10.0	-2.5
165.0	3.2134e-07	1.1067e-10	-10.0	-2.5
165.5	3.212e-07	1.1081e-10	-10.0	-2.5
166.0	3.2124e-07	1.1163e-10	-10.0	-2.5
166.5	3.2109e-07	1.1515e-10	-10.0	-2.5
167.0	3.2099e-07	1.1447e-10	-10.0	-2.5
167.5	3.2078e-07	1.1737e-10	-10.0	-2.5
168.0	3.2058e-07	1.1766e-10	-10.0	-2.5
168.5	3.2054e-07	1.1603e-10	-10.0	-2.5
169.0	3.2039e-07	1.1801e-10	-10.0	-2.5
169.5	3.2035e-07	1.1641e-10	-10.0	-2.5
170.0	3.2046e-07	1.1549e-10	-10.0	-2.5
170.5	3.2028e-07	1.1902e-10	-10.0	-2.5
171.0	3.2026e-07	1.1855e-10	-10.0	-2.5
171.5	3.2023e-07	1.2237e-10	-10.0	-2.5
172.0	3.2005e-07	1.1988e-10	-10.0	-2.5
172.5	3.2e-07	1.1825e-10	-10.0	-2.5
173.0	3.1994e-07	1.2154e-10	-10.0	-2.5
173.5	3.1981e-07	1.216e-10	-10.0	-2.5
174.0	3.1964e-07	1.2255e-10	-10.0	-2.5
174.5	3.1955e-07	1.2256e-10	-10.0	-2.5
175.0	3.1937e-07	1.2321e-10	-10.0	-2.5
175.5	3.1949e-07	1.2119e-10	-10.0	-2.5
176.0	3.1946e-07	1.2203e-10	-10.0	-2.5
176.5	3.1921e-07	1.2312e-10	-10.0	-2.5
177.0	3.1925e-07	1.2285e-10	-10.0	-2.5
177.5	3.1928e-07	1.2332e-10	-10.0	-2.5
178.0	3.1916e-07	1.2555e-10	-10.0	-2.5
178.5	3.191e-07	1.2397e-10	-10.0	-2.5
179.0	3.1893e-07	1.2465e-10	-10.0	-2.5
179.5	3.1882e-07	2.068e-10	-10.0	-2.5
180.0	3.1884e-07	2.1461e-10	-10.0	-2.5
180.5	3.186e-07	2.1618e-10	-10.0	-2.5
181.0	3.1877e-07	2.1596e-10	-10.0	-2.5
181.5	3.1865e-07	2.1823e-10	-10.0	-2.5
182.0	3.1854e-07	2.1785e-10	-10.0	-2.5
182.5	3.1854e-07	2.1398e-10	-10.0	-2.5
183.0	3.1846e-07	2.1531e-10	-10.0	-2.5
183.5	3.1861e-07	2.1414e-10	-10.0	-2.5
184.0	3.1861e-07	2.1392e-10	-10.0	-2.5
184.5	3.1855e-07	2.1402e-10	-10.0	-2.5
185.0	3.1854e-07	2.1176e-10	-10.0	-2.5
185.5	3.1835e-07	2.149e-10	-10.0	-2.5
186.0	3.1846e-07	2.1034e-10	-10.0	-2.5
186.5	3.1864e-07	2.115e-10	-10.0	-2.5
187.0	3.1843e-07	2.1161e-10	-10.0	-2.5
187.5	3.185e-07	2.0849e-10	-10.0	-2.5
188.0	3.1852e-07	2.0706e-10	-10.0	-2.5
188.5	3.1848e-07	2.0738e-10	-10.0	-2.5
189.0	3.1845e-07	2.0798e-10	-10.0	-2.5
189.5	3.1848e-07	2.0464e-10	-10.0	-2.5
190.0	3.1837e-07	2.07e-10	-10.0	-2.5
190.5	3.1859e-07	2.0266e-10	-10.0	-2.5
191.0	3.1849e-07	2.0307e-10	-10.0	-2.5
191.5	3.1844e-07	2.0243e-10	-10.0	-2.5
192.0	3.1834e-07	2.0242e-10	-10.0	-2.5
192.5	3.1842e-07	2.0194e-10	-10.0	-2.5
193.0	3.1843e-07	2.0125e-10	-10.0	-2.5
193.5	3.1839e-07	1.9748e-10	-10.0	-2.5
194.0	3.1844e-07	1.9838e-10	-10.0	-2.5
194.5	3.1843e-07	1.9943e-10	-10.0	-2.5
195.0	3.184e-07	1.9695e-10	-10.0	-2.5
195.5	3.1841e-07	1.9657e-10	-10.0	-2.5
196.0	3.1854e-07	1.9524e-10	-10.0	-2.5
196.5	3.1861e-07	1.9413e-10	-10.0	-2.5
197.0	3.1874e-07	1.9454e-10	-10.0	-2.5
197.5	3.188e-07	1.9178e-10	-10.0	-2.5
198.0	3.1897e-07	1.9003e-10	-10.0	-2.5
198.5	3.1879e-07	1.9141e-10	-10.0	-2.5
199.0	3.187e-07	1.9235e-10	-10.0	-2.5
199.5	3.1878e-07	1.8978e-10	-10.0	-2.5
200.0	3.1879e-07	1.9096e-10	-10.0	-2.5
200.5	3.1897e-07	1.8795e-10	-10.0	-2.5
201.0	3.1887e-07	1.8824e-10	-10.0	-2.5
201.5	3.1896e-07	1.8726e-10	-10.0	-2.5
202.0	3.1894e-07	1.8752e-10	-10.0	-2.5
202.5	3.1897e-07	1.863e-10	-10.0	-2.5
203.0	3.189e-07	1.8498e-10	-10.0	-2.5
203.5	3.1879e-07	1.8604e-10	-10.0	-2.5
204.0	3.1886e-07	1.8447e-10	-10.0	-2.5
204.5	3.1876e-07	1.8286e-10	-10.0	-2.5
205.0	3.1866e-07	1.8054e-10	-10.0	-2.5
205.5	3.1869e-07	1.8032e-10	-10.0	-2.5
206.0	3.1857e-07	1.8053e-10	-10.0	-2.5
206.5	3.1885e-07	1.7843e-10	-10.0	-2.5
207.0	3.1883e-07	1.7922e-10	-10.0	-2.5
207.5	3.1898e-07	1.7732e-10	-10.0	-2.5
208.0	3.19e-07	1.7808e-10	-10.0	-2.5
208.5	3.1898e-07	1.779e-10	-10.0	-2.5
209.0	3.1897e-07	1.7624e-10	-10.0	-2.5
209.5	3.1895e-07	1.761e-10	-10.0	-2.5
210.0	3.1897e-07	1.7371e-10	-10.0	-2.5
210.5	3.1887e-07	1.7542e-10	-10.0	-2.5
211.0	3.191e-07	1.7211e-10	-10.0	-2.5
211.5	3.1911e-07	1.7379e-10	-10.0	-2.5
212.0	3.1904e-07	1.7107e-10	-10.0	-2.5
212.5	3.1906e-07	1.7379e-10	-10.0	-2.5
213.0	3.1911e-07	1.7087e-10	-10.0	-2.5
213.5	3.1911e-07	1.7131e-10	-10.0	-2.5
214.0	3.1911e-07	1.7027e-10	-10.0	-2.5
214.5	3.1904e-07	1.6909e-10	-10.0	-2.5
215.0	3.1902e-07	1.6798e-10	-10.0	-2.5
215.5	3.1889e-07	1.6891e-10	-10.0	-2.5
216.0	3.1891e-07	1.6874e-10	-10.0	-2.5
216.5	3.1894e-07	1.6867e-10	-10.0	-2.5
217.0	3.1898e-07	1.661e-10	-10.0	-2.5
217.5	3.1891e-07	1.6815e-10	-10.0	-2.5
218.0	3.1895e-07	1.6627e-10	-10.0	-2.5
218.5	3.1893e-07	1.6432e-10	-10.0	-2.5
219.0	3.1903e-07	1.6374e-10	-10.0	-2.5
219.5	3.1903e-07	1.6296e-10	-10.0	-2.5
220.0	3.1917e-07	1.6381e-10	-10.0	-2.5
220.5	3.1912e-07	1.6154e-10	-10.0	-2.5
221.0	3.1917e-07	1.6191e-10	-10.0	-2.5
221.5	3.1936e-07	1.6133e-10	-10.0	-2.5
222.0	3.1937e-07	1.6238e-10	-10.0	-2.5
222.5	3.1928e-07	1.6358e-10	-10.0	-2.5
223.0	3.1946e-07	1.6118e-10	-10.0	-2.5
223.5	3.1928e-07	1.6316e-10	-10.0	-2.5
224.0	3.1918e-07	1.5964e-10	-10.0	-2.5
224.5	3.1944e-07	1.5801e-10	-10.0	-2.5
225.0	3.1948e-07	1.5994e-10	-10.0	-2.5
225.5	3.1944e-07	1.586e-10	-10.0	-2.5
226.0	3.1937e-07	1.603e-10	-10.0	-2.5
226.5	3.1937e-07	1.5691e-10	-10.0	-2.5
227.0	3.1951e-07	1.567e-10	-10.0	-2.5
227.5	3.194e-07	1.59e-10	-10.0	-2.5
228.0	3.1925e-07	1.5958e-10	-10.0	-2.5
228.5	3.1938e-07	1.5644e-10	-10.0	-2.5
229.0	3.1945e-07	1.568e-10	-10.0	-2.5
229.5	3.1945e-07	1.5544e-10	-10.0	-2.5
230.0	3.1961e-07	1.5534e-10	-10.0	-2.5
230.5	3.1955e-07	1.5432e-10	-10.0	-2.5
231.0	3.196e-07	1.5521e-10	-10.0	-2.5
231.5	3.1949e-07	1.536e-10	-10.0	-2.5
232.0	3.1954e-07	1.5287e-10	-10.0	-2.5
232.5	3.1947e-07	1.5285e-10	-10.0	-2.5
233.0	3.1956e-07	1.5039e-10	-10.0	-2.5
233.5	3.1948e-07	1.5292e-10	-10.0	-2.5
234.0	3.1964e-07	1.524e-10	-10.0	-2.5
234.5	3.1965e-07	1.5316e-10	-10.0	-2.5
235.0	3.1981e-07	1.5145e-10	-10.0	-2.5
235.5	3.1975e-07	1.499e-10	-10.0	-2.5
236.0	3.1984e-07	1.5074e-10	-10.0	-2.5
236.5	3.199e-07	1.4993e-10	-10.0	-2.5
237.0	3.1985e-07	1.4825e-10	-10.0	-2.5
237.5	3.1981e-07	1.4847e-10	-10.0	-2.5
238.0	3.1981e-07	1.4989e-10	-10.0	-2.5
238.5	3.1995e-07	1.5092e-10	-10.0	-2.5
239.0	3.2009e-07	1.4817e-10	-10.0	-2.5
239.5	3.2008e-07	4.411e-11	-10.0	-2.5
240.0	3.2007e-07	4.0516e-11	-10.0	-2.5
240.5	3.1996e-07	4.0677e-11	-10.0	-2.5
241.0	3.1991e-07	4.2266e-11	-10.0	-2.5
241.5	3.1986e-07	4.3026e-11	-10.0	-2.5
242.0	3.197e-07	4.572e-11	-10.0	-2.5
242.5	3.1967e-07	4.6544e-11	-10.0	-2.5
243.0	3.1971e-07	4.7048e-11	-10.0	-2.5
243.5	3.1961e-07	5.0886e-11	-10.0	-2.5
244.0	3.1946e-07	5.2829e-11	-10.0	-2.5
244.5	3.1934e-07	5.4952e-11	-10.0	-2.5
245.0	3.1926e-07	5.5054e-11	-10.0	-2.5
245.5	3.1934e-07	5.552e-11	-10.0	-2.5
246.0	3.1925e-07	5.7254e-11	-10.0	-2.5
246.5	3.1905e-07	5.8392e-11	-10.0	-2.5
247.0	3.1898e-07	5.9249e-11	-10.0	-2.5
247.5	3.1895e-07	6.1791e-11	-10.0	-2.5
248.0	3.1916e-07	6.0217e-11	-10.0	-2.5
248.5	3.1894e-07	6.563e-11	-10.0	-2.5
249.0	3.1878e-07	6.5489e-11	-10.0	-2.5
249.5	3.1883e-07	6.8216e-11	-10.0	-2.5
250.0	3.1869e-07	6.563e-11	-10.0	-2.5
250.5	3.1871e-07	6.7888e-11	-10.0	-2.5
251.0	3.1855e-07	6.8864e-11	-10.0	-2.5
251.5	3.187e-07	7.193e-11	-10.0	-2.5
252.0	3.1876e-07	7.2255e-11	-10.0	-2.5
252.5	3.1862e-07	7.5274e-11	-10.0	-2.5
253.0	3.1851e-07	7.3446e-11	-10.0	-2.5
253.5	3.1829e-07	7.8576e-11	-10.0	-2.5
254.0	3.1822e-07	7.5846e-11	-10.0	-2.5
254.5	3.1821e-07	7.9275e-11	-10.0	-2.5
255.0	3.1815e-07	8.0297e-11	-10.0	-2.5
255.5	3.1804e-07	8.0748e-11	-10.0	-2.5
256.0	3.1803e-07	8.2518e-11	-10.0	-2.5
256.5	3.1786e-07	8.4392e-11	-10.0	-2.5
257.0	3.1786e-07	8.3399e-11	-10.0	-2.5
257.5	3.1783e-07	8.6167e-11	-10.0	-2.5
258.0	3.1767e-07	8.4909e-11	-10.0	-2.5
258.5	3.1761e-07	8.5719e-11	-10.0	-2.5
259.0	3.1754e-07	8.5963e-11	-10.0	-2.5
259.5	3.1741e-07	8.8731e-11	-10.0	-2.5
260.0	3.1741e-07	8.8917e-11	-10.0	-2.5
260.5	3.1735e-07	9.0594e-11	-10.0	-2.5
261.0	3.1717e-07	9.3086e-11	-10.0	-2.5
261.5	3.1691e-07	9.1995e-11	-10.0	-2.5
262.0	3.1703e-07	9.2194e-11	-10.0	-2.5
262.5	3.1687e-07	9.4908e-11	-10.0	-2.5
263.0	3.1695e-07	9.335e-11	-10.0	-2.5
263.5	3.1678e-07	9.3619e-11	-10.0	-2.5
264.0	3.1677e-07	9.5944e-11	-10.0	-2.5
264.5	3.1676e-07	9.6468e-11	-10.0	-2.5
265.0	3.1664e-07	9.7916e-11	-10.0	-2.5
265.5	3.1652e-07	9.7883e-11	-10.0	-2.5
266.0	3.1646e-07	9.9403e-11	-10.0	-2.5
266.5	3.1641e-07	1.0098e-10	-10.0	-2.5
267.0	3.1634e-07	1.0082e-10	-10.0	-2.5
267.5	3.1629e-07	1.021e-10	-10.0	-2.5
268.0	3.1615e-07	1.0133e-10	-10.0	-2.5
268.5	3.161e-07	1.0277e-10	-10.0	-2.5
269.0	3.1601e-07	1.0492e-10	-10.0	-2.5
269.5	3.1588e-07	1.0272e-10	-10.0	-2.5
270.0	3.1593e-07	1.0494e-10	-10.0	-2.5
270.5	3.1581e-07	1.0647e-10	-10.0	-2.5
271.0	3.1587e-07	1.0526e-10	-10.0	-2.5
271.5	3.1568e-07	1.0744e-10	-10.0	-2.5
272.0	3.1549e-07	1.0993e-10	-10.0	-2.5
272.5	3.1536e-07	1.0778e-10	-10.0	-2.5
273.0	3.1535e-07	1.0725e-10	-10.0	-2.5
273.5	3.1506e-07	1.1021e-10	-10.0	-2.5
274.0	3.1512e-07	1.1015e-10	-10.0	-2.5
274.5	3.1516e-07	1.1044e-10	-10.0	-2.5
275.0	3.151e-07	1.1089e-10	-10.0	-2.5
275.5	3.1502e-07	1.1087e-10	-10.0	-2.5
276.0	3.1502e-07	1.1245e-10	-10.0	-2.5
276.5	3.1497e-07	1.1201e-10	-10.0	-2.5
277.0	3.1487e-07	1.1362e-10	-10.0	-2.5
277.5	3.1465e-07	1.1353e-10	-10.0	-2.5
278.0	3.1463e-07	1.1225e-10	-10.0	-2.5
278.5	3.1466e-07	1.14e-10	-10.0	-2.5
279.0	3.1458e-07	1.1445e-10	-10.0	-2.5
279.5	3.1446e-07	1.1439e-10	-10.0	-2.5
280.0	3.143e-07	1.1511e-10	-10.0	-2.5
280.5	3.1427e-07	1.1733e-10	-10.0	-2.5
281.0	3.1425e-07	1.169e-10	-10.0	-2.5
281.5	3.1409e-07	1.1784e-10	-10.0	-2.5
282.0	3.1389e-07	1.1628e-10	-10.0	-2.5
282.5	3.1389e-07	1.173e-10	-10.0	-2.5
283.0	3.1366e-07	1.1726e-10	-10.0	-2.5
283.5	3.137e-07	1.1839e-10	-10.0	-2.5
284.0	3.1356e-07	1.1713e-10	-10.0	-2.5
284.5	3.1344e-07	1.1854e-10	-10.0	-2.5
285.0	3.1349e-07	1.1917e-10	-10.0	-2.5
285.5	3.1346e-07	1.1859e-10	-10.0	-2.5
286.0	3.1339e-07	1.2026e-10	-10.0	-2.5
286.5	3.1343e-07	1.2071e-10	-10.0	-2.5
287.0	3.1331e-07	1.1969e-10	-10.0	-2.5
287.5	3.1314e-07	1.2364e-10	-10.0	-2.5
288.0	3.1328e-07	1.2083e-10	-10.0	-2.5
288.5	3.1318e-07	1.2406e-10	-10.0	-2.5
289.0	3.1306e-07	1.218e-10	-10.0	-2.5
289.5	3.1298e-07	1.2225e-10	-10.0	-2.5
290.0	3.1288e-07	1.2204e-10	-10.0	-2.5
290.5	3.1273e-07	1.2339e-10	-10.0	-2.5
291.0	3.1273e-07	1.2383e-10	-10.0	-2.5
291.5	3.1262e-07	1.2253e-10	-10.0	-2.5
292.0	3.1263e-07	1.2352e-10	-10.0	-2.5
292.5	3.1246e-07	1.2367e-10	-10.0	-2.5
293.0	3.1238e-07	1.2411e-10	-10.0	-2.5
293.5	3.1238e-07	1.2241e-10	-10.0	-2.5
294.0	3.1241e-07	1.2443e-10	-10.0	-2.5
294.5	3.1245e-07	1.2615e-10	-10.0	-2.5
295.0	3.1234e-07	1.2552e-10	-10.0	-2.5
295.5	3.1221e-07	1.2703e-10	-10.0	-2.5
296.0	3.1213e-07	1.2521e-10	-10.0	-2.5
296.5	3.1215e-07	1.2645e-10	-10.0	-2.5
297.0	3.1192e-07	1.2637e-10	-10.0	-2.5
297.5	3.1187e-07	1.2726e-10	-10.0	-2.5
298.0	3.1176e-07	1.2709e-10	-10.0	-2.5
298.5	3.1173e-07	1.2864e-10	-10.0	-2.5
299.0	3.1162e-07	1.2734e-10	-10.0	-2.5
299.5	3.1137e-07	2.1385e-10	-10.0	-2.5
300.0	3.1133e-07	2.1994e-10	-10.0	-2.5
300.5	3.1124e-07	2.2239e-10	-10.0	-2.5
301.0	3.1135e-07	2.2182e-10	-10.0	-2.5
301.5	3.1146e-07	2.2255e-10	-10.0	-2.5
302.0	3.113e-07	2.2358e-10	-10.0	-2.5
302.5	3.1147e-07	2.2104e-10	-10.0	-2.5
303.0	3.1139e-07	2.2034e-10	-10.0	-2.5
303.5	3.1137e-07	2.2143e-10	-10.0	-2.5
304.0	3.114e-07	2.2008e-10	-10.0	-2.5
304.5	3.113e-07	2.1941e-10	-10.0	-2.5
305.0	3.1129e-07	2.1884e-10	-10.0	-2.5
305.5	3.1143e-07	2.1731e-10	-10.0	-2.5
306.0	3.1152e-07	2.1689e-10	-10.0	-2.5
306.5	3.115e-07	2.1647e-10	-10.0	-2.5
307.0	3.1148e-07	2.1509e-10	-10.0	-2.5
307.5	3.1154e-07	2.1432e-10	-10.0	-2.5
308.0	3.1151e-07	2.1343e-10	-10.0	-2.5
308.5	3.1152e-07	2.132e-10	-10.0	-2.5
309.0	3.1148e-07	2.1269e-10	-10.0	-2.5
309.5	3.1153e-07	2.1071e-10	-10.0	-2.5
310.0	3.1159e-07	2.1119e-10	-10.0	-2.5
310.5	3.1159e-07	2.0947e-10	-10.0	-2.5
311.0	3.1164e-07	2.0717e-10	-10.0	-2.5
311.5	3.1157e-07	2.0831e-10	-10.0	-2.5
312.0	3.1157e-07	2.0653e-10	-10.0	-2.5
312.5	3.1164e-07	2.0622e-10	-10.0	-2.5
313.0	3.1169e-07	2.0506e-10	-10.0	-2.5
313.5	3.1172e-07	2.0255e-10	-10.0	-2.5
314.0	3.1163e-07	2.0339e-10	-10.0	-2.5
314.5	3.1164e-07	2.0387e-10	-10.0	-2.5
315.0	3.1165e-07	2.0109e-10	-10.0	-2.5
315.5	3.1151e-07	2.0179e-10	-10.0	-2.5
316.0	3.1161e-07	1.9864e-10	-10.0	-2.5
316.5	3.1158e-07	2.0084e-10	-10.0	-2.5
317.0	3.1161e-07	1.9902e-10	-10.0	-2.5
317.5	3.117e-07	1.9851e-10	-10.0	-2.5
318.0	3.1172e-07	1.9786e-10	-10.0	-2.5
318.5	3.1177e-07	1.9592e-10	-10.0	-2.5
319.0	3.1174e-07	1.9766e-10	-10.0	-2.5
319.5	3.1175e-07	1.9601e-10	-10.0	-2.5
320.0	3.118e-07	1.9475e-10	-10.0	-2.5
320.5	3.1184e-07	1.96e-10	-10.0	-2.5
321.0	3.1194e-07	1.9261e-10	-10.0	-2.5
321.5	3.1198e-07	1.9272e-10	-10.0	-2.5
322.0	3.1199e-07	1.9548e-10	-10.0	-2.5
322.5	3.1205e-07	1.9155e-10	-10.0	-2.5
323.0	3.1191e-07	1.9199e-10	-10.0	-2.5
323.5	3.119e-07	1.912e-10	-10.0	-2.5
324.0	3.1199e-07	1.8835e-10	-10.0	-2.5
324.5	3.1201e-07	1.8924e-10	-10.0	-2.5
325.0	3.1201e-07	1.8708e-10	-10.0	-2.5
325.5	3.1201e-07	1.8701e-10	-10.0	-2.5
326.0	3.1204e-07	1.8683e-10	-10.0	-2.5
326.5	3.1209e-07	1.8427e-10	-10.0	-2.5
327.0	3.1206e-07	1.8378e-10	-10.0	-2.5
327.5	3.1208e-07	1.8488e-10	-10.0	-2.5
328.0	3.1222e-07	1.8375e-10	-10.0	-2.5
328.5	3.1221e-07	1.8378e-10	-10.0	-2.5
329.0	3.1229e-07	1.8392e-10	-10.0	-2.5
329.5	3.1221e-07	1.8445e-10	-10.0	-2.5
330.0	3.1224e-07	1.8225e-10	-10.0	-2.5
330.5	3.1218e-07	1.8242e-10	-10.0	-2.5
331.0	3.1225e-07	1.8271e-10	-10.0	-2.5
331.5	3.1222e-07	1.8094e-10	-10.0	-2.5
332.0	3.1228e-07	1.8161e-10	-10.0	-2.5
332.5	3.1236e-07	1.7926e-10	-10.0	-2.5
333.0	3.1251e-07	1.7871e-10	-10.0	-2.5
333.5	3.1233e-07	1.7901e-10	-10.0	-2.5
334.0	3.1231e-07	1.775e-10	-10.0	-2.5
334.5	3.1243e-07	1.7843e-10	-10.0	-2.5
335.0	3.1241e-07	1.7831e-10	-10.0	-2.5
335.5	3.1254e-07	1.7551e-10	-10.0	-2.5
336.0	3.125e-07	1.7584e-10	-10.0	-2.5
336.5	3.1256e-07	1.7393e-10	-10.0	-2.5
337.0	3.1261e-07	1.7297e-10	-10.0	-2.5
337.5	3.1254e-07	1.7355e-10	-10.0	-2.5
338.0	3.126e-07	1.7245e-10	-10.0	-2.5
338.5	3.1261e-07	1.7348e-10	-10.0	-2.5
339.0	3.1274e-07	1.7198e-10	-10.0	-2.5
339.5	3.1279e-07	1.7257e-10	-10.0	-2.5
340.0	3.127e-07	1.7241e-10	-10.0	-2.5
340.5	3.1277e-07	1.7178e-10	-10.0	-2.5
341.0	3.1281e-07	1.7101e-10	-10.0	-2.5
341.5	3.1286e-07	1.712e-10	-10.0	-2.5
342.0	3.1288e-07	1.6923e-10	-10.0	-2.5
342.5	3.1282e-07	1.7124e-10	-10.0	-2.5
343.0	3.1292e-07	1.6766e-10	-10.0	-2.5
343.5	3.1296e-07	1.6742e-10	-10.0	-2.5
344.0	3.1298e-07	1.6953e-10	-10.0	-2.5
344.5	3.13e-07	1.6786e-10	-10.0	-2.5
345.0	3.1313e-07	1.6708e-10	-10.0	-2.5
345.5	3.1317e-07	1.6555e-10	-10.0	-2.5
346.0	3.1319e-07	1.6669e-10	-10.0	-2.5
346.5	3.1306e-07	1.6708e-10	-10.0	-2.5
347.0	3.1324e-07	1.655e-10	-10.0	-2.5
347.5	3.1321e-07	1.664e-10	-10.0	-2.5
348.0	3.1325e-07	1.6608e-10	-10.0	-2.5
348.5	3.1327e-07	1.6315e-10	-10.0	-2.5
349.0	3.1318e-07	1.6465e-10	-10.0	-2.5
349.5	3.1331e-07	1.6283e-10	-10.0	-2.5
350.0	3.133e-07	1.6233e-10	-10.0	-2.5
350.5	3.1326e-07	1.6499e-10	-10.0	-2.5
351.0	3.1342e-07	1.6106e-10	-10.0	-2.5
351.5	3.1342e-07	1.6045e-10	-10.0	-2.5
352.0	3.1347e-07	1.5989e-10	-10.0	-2.5
352.5	3.1357e-07	1.5934e-10	-10.0	-2.5
353.0	3.1351e-07	1.6224e-10	-10.0	-2.5
353.5	3.1348e-07	1.6202e-10	-10.0	-2.5
354.0	3.1351e-07	1.5979e-10	-10.0	-2.5
354.5	3.1358e-07	1.6051e-10	-10.0	-2.5
355.0	3.1363e-07	1.5807e-10	-10.0	-2.5
355.5	3.1357e-07	1.586e-10	-10.0	-2.5
356.0	3.1356e-07	1.582e-10	-10.0	-2.5
356.5	3.1365e-07	1.5798e-10	-10.0	-2.5
357.0	3.1363e-07	1.5923e-10	-10.0	-2.5
357.5	3.1362e-07	1.5846e-10	-10.0	-2.5
358.0	3.1378e-07	1.5711e-10	-10.0	-2.5
358.5	3.138e-07	1.5741e-10	-10.0	-2.5
359.0	3.1396e-07	1.5793e-10	-10.0	-2.5
359.5	3.1411e-07	5.674e-11	-10.0	-2.5
360.0	3.1397e-07	5.0183e-11	-10.0	-2.5
360.5	3.1394e-07	4.7331e-11	-10.0	-2.5
361.0	3.1391e-07	4.9951e-11	-10.0	-2.5
361.5	3.1383e-07	5.1115e-11	-10.0	-2.5
362.0	3.1372e-07	5.3027e-11	-10.0	-2.5
362.5	3.1381e-07	5.2664e-11	-10.0	-2.5
363.0	3.1374e-07	5.4328e-11	-10.0	-2.5
363.5	3.1369e-07	5.52e-11	-10.0	-2.5
364.0	3.1356e-07	5.6308e-11	-10.0	-2.5
364.5	3.1355e-07	5.868e-11	-10.0	-2.5
365.0	3.136e-07	5.9125e-11	-10.0	-2.5
365.5	3.1347e-07	6.1265e-11	-10.0	-2.5
366.0	3.1339e-07	6.1057e-11	-10.0	-2.5
366.5	3.1338e-07	6.2816e-11	-10.0	-2.5
367.0	3.1335e-07	6.0993e-11	-10.0	-2.5
367.5	3.1329e-07	6.4709e-11	-10.0	-2.5
368.0	3.1328e-07	6.4901e-11	-10.0	-2.5
368.5	3.1324e-07	6.655e-11	-10.0	-2.5
369.0	3.1313e-07	6.6628e-11	-10.0	-2.5
369.5	3.1316e-07	6.9583e-11	-10.0	-2.5
370.0	3.13e-07	7.0871e-11	-10.0	-2.5
370.5	3.1283e-07	7.3034e-11	-10.0	-2.5
371.0	3.1274e-07	7.3897e-11	-10.0	-2.5
371.5	3.1257e-07	7.5656e-11	-10.0	-2.5
372.0	3.1252e-07	7.4758e-11	-10.0	-2.5
372.5	3.1262e-07	7.6394e-11	-10.0	-2.5
373.0	3.1242e-07	7.5941e-11	-10.0	-2.5
373.5	3.1246e-07	7.475e-11	-10.0	-2.5
374.0	3.1233e-07	7.8447e-11	-10.0	-2.5
374.5	3.1237e-07	7.7925e-11	-10.0	-2.5
375.0	3.122e-07	7.9527e-11	-10.0	-2.5
375.5	3.1223e-07	8.1718e-11	-10.0	-2.5
376.0	3.1227e-07	7.8709e-11	-10.0	-2.5
376.5	3.122e-07	8.3655e-11	-10.0	-2.5
377.0	3.1215e-07	8.0897e-11	-10.0	-2.5
377.5	3.1218e-07	8.359e-11	-10.0	-2.5
378.0	3.1213e-07	8.093e-11	-10.0	-2.5
378.5	3.1205e-07	8.5647e-11	-10.0	-2.5
379.0	3.119e-07	8.7148e-11	-10.0	-2.5
379.5	3.1181e-07	8.6976e-11	-10.0	-2.5
380.0	3.1175e-07	8.5981e-11	-10.0	-2.5
380.5	3.1169e-07	8.8598e-11	-10.0	-2.5
381.0	3.1155e-07	8.6525e-11	-10.0	-2.5
381.5	3.1151e-07	8.8478e-11	-10.0	-2.5
382.0	3.113e-07	8.6468e-11	-10.0	-2.5
382.5	3.1126e-07	9.0216e-11	-10.0	-2.5
383.0	3.1136e-07	9.118e-11	-10.0	-2.5
383.5	3.1109e-07	9.233e-11	-10.0	-2.5
384.0	3.1108e-07	9.2014e-11	-10.0	-2.5
384.5	3.1104e-07	9.24e-11	-10.0	-2.5
385.0	3.1104e-07	9.1108e-11	-10.0	-2.5
385.5	3.1091e-07	9.4097e-11	-10.0	-2.5
386.0	3.107e-07	9.5165e-11	-10.0	-2.5
386.5	3.1066e-07	9.4141e-11	-10.0	-2.5
387.0	3.1061e-07	9.6154e-11	-10.0	-2.5
387.5	3.1064e-07	9.569e-11	-10.0	-2.5
388.0	3.1062e-07	9.7208e-11	-10.0	-2.5
388.5	3.1063e-07	9.8009e-11	-10.0	-2.5
389.0	3.1044e-07	9.809e-11	-10.0	-2.5
389.5	3.103e-07	9.6934e-11	-10.0	-2.5
390.0	3.1032e-07	9.9746e-11	-10.0	-2.5
390.5	3.1032e-07	9.9664e-11	-10.0	-2.5
391.0	3.1011e-07	1.0146e-10	-10.0	-2.5
391.5	3.1005e-07	9.9584e-11	-10.0	-2.5
392.0	3.101e-07	1.0128e-10	-10.0	-2.5
392.5	3.1009e-07	1.0217e-10	-10.0	-2.5
393.0	3.099e-07	1.0091e-10	-10.0	-2.5
393.5	3.0974e-07	1.0412e-10	-10.0	-2.5
394.0	3.0981e-07	1.0271e-10	-10.0	-2.5
394.5	3.0966e-07	1.05e-10	-10.0	-2.5
395.0	3.0963e-07	1.0376e-10	-10.0	-2.5
395.5	3.0929e-07	1.0655e-10	-10.0	-2.5
396.0	3.092e-07	1.0543e-10	-10.0	-2.5
396.5	3.0921e-07	1.0626e-10	-10.0	-2.5
397.0	3.0907e-07	1.0579e-10	-10.0	-2.5
397.5	3.0903e-07	1.064e-10	-10.0	-2.5
398.0	3.0891e-07	1.0749e-10	-10.0	-2.5
398.5	3.0892e-07	1.0786e-10	-10.0	-2.5
399.0	3.089e-07	1.0889e-10	-10.0	-2.5
399.5	3.0888e-07	1.0809e-10	-10.0	-2.5
400.0	3.0872e-07	1.0912e-10	-10.0	-2.5
400.5	3.0878e-07	1.0817e-10	-10.0	-2.5
401.0	3.086e-07	1.1071e-10	-10.0	-2.5
401.5	3.0849e-07	1.0957e-10	-10.0	-2.5
402.0	3.0851e-07	1.1277e-10	-10.0	-2.5
402.5	3.0845e-07	1.1164e-10	-10.0	-2.5
403.0	3.0835e-07	1.1247e-10	-10.0	-2.5
403.5	3.0827e-07	1.1235e-10	-10.0	-2.5
404.0	3.082e-07	1.1392e-10	-10.0	-2.5
404.5	3.0818e-07	1.1206e-10	-10.0	-2.5
405.0	3.0821e-07	1.1278e-10	-10.0	-2.5
405.5	3.0809e-07	1.1397e-10	-10.0	-2.5
406.0	3.08e-07	1.1412e-10	-10.0	-2.5
406.5	3.0809e-07	1.1595e-10	-10.0	-2.5
407.0	3.08e-07	1.1652e-10	-10.0	-2.5
407.5	3.0786e-07	1.1641e-10	-10.0	-2.5
408.0	3.0801e-07	1.1722e-10	-10.0	-2.5
408.5	3.078e-07	1.1782e-10	-10.0	-2.5
409.0	3.077e-07	1.1812e-10	-10.0	-2.5
409.5	3.0753e-07	1.1827e-10	-10.0	-2.5
410.0	3.0748e-07	1.1738e-10	-10.0	-2.5
410.5	3.0737e-07	1.1754e-10	-10.0	-2.5
411.0	3.0737e-07	1.1881e-10	-10.0	-2.5
411.5	3.0726e-07	1.211e-10	-10.0	-2.5
412.0	3.0734e-07	1.1916e-10	-10.0	-2.5
412.5	3.073e-07	1.1975e-10	-10.0	-2.5
413.0	3.0729e-07	1.1934e-10	-10.0	-2.5
413.5	3.0728e-07	1.1922e-10	-10.0	-2.5
414.0	3.0712e-07	1.1975e-10	-10.0	-2.5
414.5	3.0704e-07	1.2047e-10	-10.0	-2.5
415.0	3.0684e-07	1.1981e-10	-10.0	-2.5
415.5	3.0701e-07	1.1909e-10	-10.0	-2.5
416.0	3.0682e-07	1.1983e-10	-10.0	-2.5
416.5	3.0684e-07	1.2139e-10	-10.0	-2.5
417.0	3.0667e-07	1.2148e-10	-10.0	-2.5
417.5	3.0662e-07	1.2127e-10	-10.0	-2.5
418.0	3.0655e-07	1.2061e-10	-10.0	-2.5
418.5	3.0651e-07	1.211e-10	-10.0	-2.5
419.0	3.0647e-07	1.2127e-10	-10.0	-2.5
419.5	3.0608e-07	2.0784e-10	-10.0	-2.5
420.0	3.0599e-07	2.1743e-10	-10.0	-2.5
420.5	3.0609e-07	2.2025e-10	-10.0	-2.5
421.0	3.0607e-07	2.1908e-10	-10.0	-2.5
421.5	3.0612e-07	2.1938e-10	-10.0	-2.5
422.0	3.0608e-07	2.1839e-10	-10.0	-2.5
422.5	3.0606e-07	2.1988e-10	-10.0	-2.5
423.0	3.061e-07	2.1853e-10	-10.0	-2.5
423.5	3.0612e-07	2.167e-10	-10.0	-2.5
424.0	3.0589e-07	2.1879e-10	-10.0	-2.5
424.5	3.0582e-07	2.1738e-10	-10.0	-2.5
425.0	3.0583e-07	2.1614e-10	-10.0	-2.5
425.5	3.059e-07	2.1538e-10	-10.0	-2.5
426.0	3.0601e-07	2.1452e-10	-10.0	-2.5
426.5	3.0604e-07	2.1431e-10	-10.0	-2.5
427.0	3.0613e-07	2.1234e-10	-10.0	-2.5
427.5	3.0624e-07	2.1307e-10	-10.0	-2.5
428.0	3.0612e-07	2.1341e-10	-10.0	-2.5
428.5	3.061e-07	2.1372e-10	-10.0	-2.5
429.0	3.0612e-07	2.1067e-10	-10.0	-2.5
429.5	3.0614e-07	2.1066e-10	-10.0	-2.5
430.0	3.0632e-07	2.0988e-10	-10.0	-2.5
430.5	3.0627e-07	2.0668e-10	-10.0	-2.5
431.0	3.0635e-07	2.0771e-10	-10.0	-2.5
431.5	3.0626e-07	2.0774e-10	-10.0	-2.5
432.0	3.0627e-07	2.0643e-10	-10.0	-2.5
432.5	3.0646e-07	2.0536e-10	-10.0	-2.5
433.0	3.0645e-07	2.0504e-10	-10.0	-2.5
433.5	3.0636e-07	2.0342e-10	-10.0	-2.5
434.0	3.0639e-07	2.019e-10	-10.0	-2.5
434.5	3.0645e-07	2.032e-10	-10.0	-2.5
435.0	3.0636e-07	2.03e-10	-10.0	-2.5
435.5	3.0645e-07	2.0083e-10	-10.0	-2.5
436.0	3.065e-07	2.0037e-10	-10.0	-2.5
436.5	3.0635e-07	2.011e-10	-10.0	-2.5
437.0	3.0642e-07	1.9997e-10	-10.0	-2.5
437.5	3.0645e-07	1.9919e-10	-10.0	-2.5
438.0	3.0638e-07	1.9923e-10	-10.0	-2.5
438.5	3.0646e-07	1.9551e-10	-10.0	-2.5
439.0	3.0643e-07	1.967e-10	-10.0	-2.5
439.5	3.0655e-07	1.9576e-10	-10.0	-2.5
440.0	3.0646e-07	1.9745e-10	-10.0	-2.5
440.5	3.0639e-07	1.9612e-10	-10.0	-2.5
441.0	3.0649e-07	1.9286e-10	-10.0	-2.5
441.5	3.0644e-07	1.9387e-10	-10.0	-2.5
442.0	3.0662e-07	1.9264e-10	-10.0	-2.5
442.5	3.0648e-07	1.9323e-10	-10.0	-2.5
443.0	3.0642e-07	1.9114e-10	-10.0	-2.5
443.5	3.0643e-07	1.9019e-10	-10.0	-2.5
444.0	3.0652e-07	1.8856e-10	-10.0	-2.5
444.5	3.065e-07	1.8843e-10	-10.0	-2.5
445.0	3.0657e-07	1.883e-10	-10.0	-2.5
445.5	3.065e-07	1.8932e-10	-10.0	-2.5
446.0	3.0658e-07	1.8851e-10	-10.0	-2.5
446.5	3.0669e-07	1.8718e-10	-10.0	-2.5
447.0	3.067e-07	1.8768e-10	-10.0	-2.5
447.5	3.0676e-07	1.8599e-10	-10.0	-2.5
448.0	3.068e-07	1.8681e-10	-10.0	-2.5
448.5	3.0672e-07	1.8388e-10	-10.0	-2.5
449.0	3.0677e-07	1.843e-10	-10.0	-2.5
449.5	3.0687e-07	1.8454e-10	-10.0	-2.5
450.0	3.0675e-07	1.8229e-10	-10.0	-2.5
450.5	3.0685e-07	1.8051e-10	-10.0	-2.5
451.0	3.0685e-07	1.8175e-10	-10.0	-2.5
451.5	3.0693e-07	1.8209e-10	-10.0	-2.5
452.0	3.0711e-07	1.8041e-10	-10.0	-2.5
452.5	3.0701e-07	1.8017e-10	-10.0	-2.5
453.0	3.0707e-07	1.794e-10	-10.0	-2.5
453.5	3.0695e-07	1.7945e-10	-10.0	-2.5
454.0	3.0702e-07	1.7801e-10	-10.0	-2.5
454.5	3.0706e-07	1.7918e-10	-10.0	-2.5
455.0	3.0713e-07	1.7869e-10	-10.0	-2.5
455.5	3.0721e-07	1.7739e-10	-10.0	-2.5
456.0	3.0723e-07	1.7738e-10	-10.0	-2.5
456.5	3.0721e-07	1.7615e-10	-10.0	-2.5
457.0	3.0734e-07	1.7577e-10	-10.0	-2.5
457.5	3.0735e-07	1.7546e-10	-10.0	-2.5
458.0	3.073e-07	1.7504e-10	-10.0	-2.5
458.5	3.0728e-07	1.747e-10	-10.0	-2.5
459.0	3.0754e-07	1.7301e-10	-10.0	-2.5
459.5	3.076e-07	1.7222e-10	-10.0	-2.5
460.0	3.0751e-07	1.7287e-10	-10.0	-2.5
460.5	3.0755e-07	1.7297e-10	-10.0	-2.5
461.0	3.0767e-07	1.7295e-10	-10.0	-2.5
461.5	3.0779e-07	1.7124e-10	-10.0	-2.5
462.0	3.077e-07	1.7258e-10	-10.0	-2.5
462.5	3.0775e-07	1.7022e-10	-10.0	-2.5
463.0	3.0766e-07	1.7097e-10	-10.0	-2.5
463.5	3.0773e-07	1.692e-10	-10.0	-2.5
464.0	3.0782e-07	1.7034e-10	-10.0	-2.5
464.5	3.0769e-07	1.7058e-10	-10.0	-2.5
465.0	3.0794e-07	1.6778e-10	-10.0	-2.5
465.5	3.0778e-07	1.7244e-10	-10.0	-2.5
466.0	3.0789e-07	1.6898e-10	-10.0	-2.5
466.5	3.0792e-07	1.6906e-10	-10.0	-2.5
467.0	3.0793e-07	1.685e-10	-10.0	-2.5
467.5	3.0793e-07	1.6732e-10	-10.0	-2.5
468.0	3.0796e-07	1.6723e-10	-10.0	-2.5
468.5	3.0812e-07	1.6499e-10	-10.0	-2.5
469.0	3.0817e-07	1.6709e-10	-10.0	-2.5
469.5	3.081e-07	1.6672e-10	-10.0	-2.5
470.0	3.0814e-07	1.6577e-10	-10.0	-2.5
470.5	3.0814e-07	1.6498e-10	-10.0	-2.5
471.0	3.0813e-07	1.6696e-10	-10.0	-2.5
471.5	3.0836e-07	1.6483e-10	-10.0	-2.5
472.0	3.0837e-07	1.6377e-10	-10.0	-2.5
472.5	3.0841e-07	1.6428e-10	-10.0	-2.5
473.0	3.083e-07	1.6399e-10	-10.0	-2.5
473.5	3.0854e-07	1.6288e-10	-10.0	-2.5
474.0	3.0838e-07	1.6453e-10	-10.0	-2.5
474.5	3.0842e-07	1.6282e-10	-10.0	-2.5
475.0	3.0858e-07	1.6408e-10	-10.0	-2.5
475.5	3.0855e-07	1.6407e-10	-10.0	-2.5
476.0	3.0858e-07	1.61e-10	-10.0	-2.5
476.5	3.0853e-07	1.6113e-10	-10.0	-2.5
477.0	3.0856e-07	1.616e-10	-10.0	-2.5
477.5	3.0866e-07	1.6188e-10	-10.0	-2.5
478.0	3.087e-07	1.6039e-10	-10.0	-2.5
478.5	3.0869e-07	1.6145e-10	-10.0	-2.5
479.0	3.0871e-07	1.6181e-10	-10.0	-2.5
479.5	3.0885e-07	5.6521e-11	-10.0	-2.5
480.0	3.0894e-07	4.9106e-11	-10.0	-2.5
480.5	3.0898e-07	4.9878e-11	-10.0	-2.5
481.0	3.0882e-07	5.2006e-11	-10.0	-2.5
481.5	3.0883e-07	5.2901e-11	-10.0	-2.5
482.0	3.0875e-07	5.1321e-11	-10.0	-2.5
482.5	3.0861e-07	5.3108e-11	-10.0	-2.5
483.0	3.0869e-07	5.409e-11	-10.0	-2.5
483.5	3.0868e-07	5.5625e-11	-10.0	-2.5
484.0	3.0858e-07	5.592e-11	-10.0	-2.5
484.5	3.086e-07	5.7871e-11	-10.0	-2.5
485.0	3.0849e-07	5.8272e-11	-10.0	-2.5
485.5	3.0847e-07	5.8963e-11	-10.0	-2.5
486.0	3.0851e-07	6.2623e-11	-10.0	-2.5
486.5	3.0846e-07	6.0602e-11	-10.0	-2.5
487.0	3.0839e-07	6.3273e-11	-10.0	-2.5
487.5	3.0845e-07	6.3999e-11	-10.0	-2.5
488.0	3.0832e-07	6.6421e-11	-10.0	-2.5
488.5	3.0819e-07	6.7689e-11	-10.0	-2.5
489.0	3.0823e-07	6.7669e-11	-10.0	-2.5
489.5	3.081e-07	6.9613e-11	-10.0	-2.5
490.0	3.0797e-07	7.1358e-11	-10.0	-2.5
490.5	3.0801e-07	7.0064e-11	-10.0	-2.5
491.0	3.0791e-07	7.0595e-11	-10.0	-2.5
491.5	3.0796e-07	7.1328e-11	-10.0	-2.5
492.0	3.0786e-07	7.3312e-11	-10.0	-2.5
492.5	3.0776e-07	7.3886e-11	-10.0	-2.5
493.0	3.0779e-07	7.517e-11	-10.0	-2.5
493.5	3.0768e-07	7.7043e-11	-10.0	-2.5
494.0	3.0742e-07	7.7158e-11	-10.0	-2.5
494.5	3.0745e-07	7.9e-11	-10.0	-2.5
495.0	3.0745e-07	7.789e-11	-10.0	-2.5
495.5	3.0734e-07	8.0394e-11	-10.0	-2.5
496.0	3.0724e-07	8.0006e-11	-10.0	-2.5
496.5	3.0722e-07	7.9856e-11	-10.0	-2.5
497.0	3.071e-07	8.2146e-11	-10.0	-2.5
497.5	3.0705e-07	8.249e-11	-10.0	-2.5
498.0	3.0695e-07	8.2814e-11	-10.0	-2.5
498.5	3.0704e-07	8.2933e-11	-10.0	-2.5
499.0	3.0696e-07	8.3877e-11	-10.0	-2.5
499.5	3.0686e-07	8.3591e-11	-10.0	-2.5
500.0	3.0679e-07	8.6832e-11	-10.0	-2.5
500.5	3.068e-07	8.8886e-11	-10.0	-2.5
501.0	3.0676e-07	8.6962e-11	-10.0	-2.5
501.5	3.0657e-07	8.7885e-11	-10.0	-2.5
502.0	3.0656e-07	8.8716e-11	-10.0	-2.5
502.5	3.0667e-07	8.9121e-11	-10.0	-2.5
503.0	3.065e-07	9.1368e-11	-10.0	-2.5
503.5	3.0651e-07	9.1541e-11	-10.0	-2.5
504.0	3.0644e-07	9.0978e-11	-10.0	-2.5
504.5	3.0643e-07	9.3156e-11	-10.0	-2.5
505.0	3.0633e-07	9.1975e-11	-10.0	-2.5
505.5	3.0631e-07	9.2864e-11	-10.0	-2.5
506.0	3.0621e-07	9.3474e-11	-10.0	-2.5
506.5	3.0609e-07	9.5422e-11	-10.0	-2.5
507.0	3.0599e-07	9.4875e-11	-10.0	-2.5
507.5	3.06e-07	9.614e-11	-10.0	-2.5
508.0	3.0585e-07	9.6006e-11	-10.0	-2.5
508.5	3.0574e-07	9.683e-11	-10.0	-2.5
509.0	3.0568e-07	9.5694e-11	-10.0	-2.5
509.5	3.057e-07	9.8159e-11	-10.0	-2.5
510.0	3.0561e-07	9.7973e-11	-10.0	-2.5
510.5	3.0552e-07	9.8938e-11	-10.0	-2.5
511.0	3.0559e-07	9.818e-11	-10.0	-2.5
511.5	3.0548e-07	1.0102e-10	-10.0	-2.5
512.0	3.0542e-07	1.0003e-10	-10.0	-2.5
512.5	3.0534e-07	1.0107e-10	-10.0	-2.5
513.0	3.052e-07	1.006e-10	-10.0	-2.5
513.5	3.0512e-07	1.0203e-10	-10.0	-2.5
514.0	3.0493e-07	1.0355e-10	-10.0	-2.5
514.5	3.0491e-07	1.0308e-10	-10.0	-2.5
515.0	3.0491e-07	1.0388e-10	-10.0	-2.5
515.5	3.0482e-07	1.0346e-10	-10.0	-2.5
516.0	3.0478e-07	1.0488e-10	-10.0	-2.5
516.5	3.0475e-07	1.0506e-10	-10.0	-2.5
517.0	3.0482e-07	1.0428e-10	-10.0	-2.5
517.5	3.0469e-07	1.0693e-10	-10.0	-2.5
518.0	3.0471e-07	1.0516e-10	-10.0	-2.5
518.5	3.0465e-07	1.0573e-10	-10.0	-2.5
519.0	3.0456e-07	1.0581e-10	-10.0	-2.5
519.5	3.0459e-07	1.0717e-10	-10.0	-2.5
520.0	3.0447e-07	1.0736e-10	-10.0	-2.5
520.5	3.0429e-07	1.0806e-10	-10.0	-2.5
521.0	3.0415e-07	1.0934e-10	-10.0	-2.5
521.5	3.0412e-07	1.1013e-10	-10.0	-2.5
522.0	3.0412e-07	1.096e-10	-10.0	-2.5
522.5	3.0411e-07	1.0896e-10	-10.0	-2.5
523.0	3.041e-07	1.1028e-10	-10.0	-2.5
523.5	3.0383e-07	1.1111e-10	-10.0	-2.5
524.0	3.0371e-07	1.117e-10	-10.0	-2.5
524.5	3.0365e-07	1.1064e-10	-10.0	-2.5
525.0	3.0365e-07	1.1221e-10	-10.0	-2.5
525.5	3.0355e-07	1.1231e-10	-10.0	-2.5
526.0	3.0366e-07	1.1153e-10	-10.0	-2.5
526.5	3.0352e-07	1.1324e-10	-10.0	-2.5
527.0	3.0341e-07	1.1427e-10	-10.0	-2.5
527.5	3.035e-07	1.1315e-10	-10.0	-2.5
528.0	3.0323e-07	1.1519e-10	-10.0	-2.5
528.5	3.0317e-07	1.1372e-10	-10.0	-2.5
529.0	3.0303e-07	1.1437e-10	-10.0	-2.5
529.5	3.0301e-07	1.1557e-10	-10.0	-2.5
530.0	3.0294e-07	1.1508e-10	-10.0	-2.5
530.5	3.0293e-07	1.1578e-10	-10.0	-2.5
531.0	3.0284e-07	1.1518e-10	-10.0	-2.5
531.5	3.0277e-07	1.1459e-10	-10.0	-2.5
532.0	3.0274e-07	1.156e-10	-10.0	-2.5
532.5	3.0274e-07	1.1566e-10	-10.0	-2.5
533.0	3.027e-07	1.1557e-10	-10.0	-2.5
533.5	3.0251e-07	1.175e-10	-10.0	-2.5
534.0	3.0241e-07	1.1825e-10	-10.0	-2.5
534.5	3.0237e-07	1.1616e-10	-10.0	-2.5
535.0	3.023e-07	1.1781e-10	-10.0	-2.5
535.5	3.0226e-07	1.1847e-10	-10.0	-2.5
536.0	3.0217e-07	1.182e-10	-10.0	-2.5
536.5	3.0223e-07	1.1772e-10	-10.0	-2.5
537.0	3.0219e-07	1.2061e-10	-10.0	-2.5
537.5	3.0208e-07	1.2058e-10	-10.0	-2.5
538.0	3.0213e-07	1.2066e-10	-10.0	-2.5
538.5	3.0204e-07	1.2023e-10	-10.0	-2.5
539.0	3.0197e-07	1.2102e-10	-10.0	-2.5
539.5	3.0174e-07	2.0415e-10	-10.0	-2.5
540.0	3.0159e-07	2.1607e-10	-10.0	-2.5
540.5	3.0166e-07	2.1775e-10	-10.0	-2.5
541.0	3.0163e-07	2.2126e-10	-10.0	-2.5
541.5	3.0163e-07	2.1822e-10	-10.0	-2.5
542.0	3.0154e-07	2.2112e-10	-10.0	-2.5
542.5	3.0151e-07	2.2006e-10	-10.0	-2.5
543.0	3.0165e-07	2.1864e-10	-10.0	-2.5
543.5	3.0153e-07	2.1858e-10	-10.0	-2.5
544.0	3.0155e-07	2.1634e-10	-10.0	-2.5
544.5	3.0154e-07	2.1729e-10	-10.0	-2.5
545.0	3.0161e-07	2.1795e-10	-10.0	-2.5
545.5	3.0152e-07	2.1851e-10	-10.0	-2.5
546.0	3.0158e-07	2.1612e-10	-10.0	-2.5
546.5	3.0157e-07	2.1595e-10	-10.0	-2.5
547.0	3.0162e-07	2.1499e-10	-10.0	-2.5
547.5	3.0149e-07	2.1465e-10	-10.0	-2.5
548.0	3.015e-07	2.1439e-10	-10.0	-2.5
548.5	3.0156e-07	2.1341e-10	-10.0	-2.5
549.0	3.0157e-07	2.1275e-10	-10.0	-2.5
549.5	3.0177e-07	2.1106e-10	-10.0	-2.5
550.0	3.018e-07	2.1198e-10	-10.0	-2.5
550.5	3.0179e-07	2.1166e-10	-10.0	-2.5
551.0	3.0181e-07	2.1034e-10	-10.0	-2.5
551.5	3.0195e-07	2.073e-10	-10.0	-2.5
552.0	3.0184e-07	2.081e-10	-10.0	-2.5
552.5	3.018e-07	2.084e-10	-10.0	-2.5
553.0	3.0176e-07	2.0979e-10	-10.0	-2.5
553.5	3.0196e-07	2.0521e-10	-10.0	-2.5
554.0	3.0191e-07	2.0707e-10	-10.0	-2.5
554.5	3.0202e-07	2.0532e-10	-10.0	-2.5
555.0	3.02e-07	2.0486e-10	-10.0	-2.5
555.5	3.0202e-07	2.0345e-10	-10.0	-2.5
556.0	3.0196e-07	2.0347e-10	-10.0	-2.5
556.5	3.0207e-07	2.0304e-10	-10.0	-2.5
557.0	3.0206e-07	2.0112e-10	-10.0	-2.5
557.5	3.0198e-07	2.019e-10	-10.0	-2.5
558.0	3.0212e-07	2.0042e-10	-10.0	-2.5
558.5	3.0216e-07	1.9983e-10	-10.0	-2.5
559.0	3.0228e-07	2.0005e-10	-10.0	-2.5
559.5	3.0231e-07	2.0032e-10	-10.0	-2.5
560.0	3.0221e-07	2.0052e-10	-10.0	-2.5
560.5	3.0229e-07	1.9759e-10	-10.0	-2.5
561.0	3.0238e-07	1.966e-10	-10.0	-2.5
561.5	3.0251e-07	1.9693e-10	-10.0	-2.5
562.0	3.0262e-07	1.972e-10	-10.0	-2.5
562.5	3.0257e-07	1.9702e-10	-10.0	-2.5
563.0	3.0256e-07	1.9696e-10	-10.0	-2.5
563.5	3.0258e-07	1.9621e-10	-10.0	-2.5
564.0	3.0255e-07	1.9771e-10	-10.0	-2.5
564.5	3.0242e-07	1.9455e-10	-10.0	-2.5
565.0	3.0261e-07	1.9355e-10	-10.0	-2.5
565.5	3.0268e-07	1.9304e-10	-10.0	-2.5
566.0	3.0257e-07	1.9294e-10	-10.0	-2.5
566.5	3.0269e-07	1.91e-10	-10.0	-2.5
567.0	3.0261e-07	1.9044e-10	-10.0	-2.5
567.5	3.0262e-07	1.9064e-10	-10.0	-2.5
568.0	3.0261e-07	1.8909e-10	-10.0	-2.5
568.5	3.0272e-07	1.927e-10	-10.0	-2.5
569.0	3.0272e-07	1.9173e-10	-10.0	-2.5
569.5	3.0286e-07	1.8857e-10	-10.0	-2.5
570.0	3.0291e-07	1.8912e-10	-10.0	-2.5
570.5	3.0299e-07	1.8859e-10	-10.0	-2.5
571.0	3.0303e-07	1.8813e-10	-10.0	-2.5
571.5	3.03e-07	1.8827e-10	-10.0	-2.5
572.0	3.0307e-07	1.8615e-10	-10.0	-2.5
572.5	3.0314e-07	1.8628e-10	-10.0	-2.5
573.0	3.0306e-07	1.8743e-10	-10.0	-2.5
573.5	3.0298e-07	1.8687e-10	-10.0	-2.5
574.0	3.0297e-07	1.8764e-10	-10.0	-2.5
574.5	3.0309e-07	1.8505e-10	-10.0	-2.5
575.0	3.0313e-07	1.826e-10	-10.0	-2.5
575.5	3.0324e-07	1.8265e-10	-10.0	-2.5
576.0	3.0317e-07	1.8386e-10	-10.0	-2.5
576.5	3.0325e-07	1.8325e-10	-10.0	-2.5
577.0	3.0325e-07	1.843e-10	-10.0	-2.5
577.5	3.0333e-07	1.8293e-10	-10.0	-2.5
578.0	3.0339e-07	1.8101e-10	-10.0	-2.5
578.5	3.0352e-07	1.8166e-10	-10.0	-2.5
579.0	3.0352e-07	1.8106e-10	-10.0	-2.5
579.5	3.035e-07	1.8163e-10	-10.0	-2.5
580.0	3.0349e-07	1.802e-10	-10.0	-2.5
580.5	3.0342e-07	1.8061e-10	-10.0	-2.5
581.0	3.0351e-07	1.7887e-10	-10.0	-2.5
581.5	3.0379e-07	1.7989e-10	-10.0	-2.5
582.0	3.0365e-07	1.7983e-10	-10.0	-2.5
582.5	3.0373e-07	1.7942e-10	-10.0	-2.5
583.0	3.0378e-07	1.7881e-10	-10.0	-2.5
583.5	3.0382e-07	1.7681e-10	-10.0	-2.5
584.0	3.0381e-07	1.7559e-10	-10.0	-2.5
584.5	3.0369e-07	1.7793e-10	-10.0	-2.5
585.0	3.0381e-07	1.7731e-10	-10.0	-2.5
585.5	3.039e-07	1.7705e-10	-10.0	-2.5
586.0	3.039e-07	1.742e-10	-10.0	-2.5
586.5	3.0408e-07	1.7288e-10	-10.0	-2.5
587.0	3.0403e-07	1.7582e-10	-10.0	-2.5
587.5	3.0408e-07	1.7476e-10	-10.0	-2.5
588.0	3.0417e-07	1.7349e-10	-10.0	-2.5
588.5	3.042e-07	1.7407e-10	-10.0	-2.5
589.0	3.0426e-07	1.736e-10	-10.0	-2.5
589.5	3.0416e-07	1.7198e-10	-10.0	-2.5
590.0	3.0429e-07	1.7135e-10	-10.0	-2.5
590.5	3.0432e-07	1.7096e-10	-10.0	-2.5
591.0	3.0426e-07	1.7185e-10	-10.0	-2.5
591.5	3.0425e-07	1.7146e-10	-10.0	-2.5
592.0	3.0436e-07	1.7065e-10	-10.0	-2.5
592.5	3.0431e-07	1.6969e-10	-10.0	-2.5
593.0	3.0429e-07	1.6928e-10	-10.0	-2.5
593.5	3.0431e-07	1.6896e-10	-10.0	-2.5
594.0	3.0433e-07	1.6827e-10	-10.0	-2.5
594.5	3.0428e-07	1.6974e-10	-10.0	-2.5
595.0	3.0432e-07	1.6935e-10	-10.0	-2.5
595.5	3.044e-07	1.651e-10	-10.0	-2.5
596.0	3.0434e-07	1.6833e-10	-10.0	-2.5
596.5	3.0431e-07	1.6896e-10	-10.0	-2.5
597.0	3.0444e-07	1.681e-10	-10.0	-2.5
597.5	3.045e-07	1.6602e-10	-10.0	-2.5
598.0	3.046e-07	1.6662e-10	-10.0	-2.5
598.5	3.0461e-07	1.6725e-10	-10.0	-2.5
599.0	3.0452e-07	1.6798e-10	-10.0	-2.5
599.5	3.0455e-07	1.6751e-10	-10.0	-2.5
600.0	3.0458e-07	1.6648e-10	-10.0	-2.5
600.5	3.0463e-07	1.6757e-10	-10.0	-2.5
601.0	3.0471e-07	1.6597e-10	-10.0	-2.5
601.5	3.0459e-07	1.6446e-10	-10.0	-2.5
602.0	3.047e-07	1.6351e-10	-10.0	-2.5
