File Name: 1611_00_Sample14_device4_trfSat_dark_hor_np_foil.dat
File Data: 16/11/2023	12:40:46
Start V: 0
Step V: 0
Stop V: 0
Range V: 20
Delay(ms): 0
Auorange: yes
Sweep type: log
Instrument Meter: SM2614
Time(ms)	Vdrain(V)	Idrain(A)	Vgate(V)	Igate(A)
0.0000E+0	1.0000E+0	2.1184E-12	-5.0000E+1	-3.9023E-11
1.0000E+3	1.0000E+0	-7.4625E-13	-4.9500E+1	-1.1718E-12
1.5000E+3	1.0000E+0	-1.0860E-12	-4.9000E+1	-6.2823E-13
2.0000E+3	1.0000E+0	-1.0240E-12	-4.8500E+1	-9.0837E-13
2.5000E+3	1.0000E+0	-1.1337E-12	-4.8000E+1	-6.2704E-13
3.0000E+3	1.0000E+0	-1.3959E-12	-4.7500E+1	-5.9128E-13
3.5000E+3	1.0000E+0	-1.3769E-12	-4.7000E+1	-4.7326E-13
4.0000E+3	1.0000E+0	-1.3375E-12	-4.6500E+1	-5.9009E-13
4.5000E+3	1.0000E+0	-1.3220E-12	-4.6000E+1	-6.8665E-13
5.0000E+3	1.0000E+0	-1.3459E-12	-4.5500E+1	-6.4611E-13
5.5000E+3	1.0000E+0	-1.3637E-12	-4.5000E+1	-5.2094E-13
6.0000E+3	1.0000E+0	-1.3399E-12	-4.4500E+1	-5.5313E-13
6.5000E+3	1.0000E+0	-1.3912E-12	-4.4000E+1	-6.0201E-13
7.0000E+3	1.0000E+0	-1.3793E-12	-4.3500E+1	-2.7060E-13
7.5000E+3	1.0000E+0	-1.5449E-12	-4.3000E+1	-5.3167E-13
8.0000E+3	1.0000E+0	-1.4746E-12	-4.2500E+1	-2.5034E-13
8.5000E+3	1.0000E+0	-1.3399E-12	-4.2000E+1	-5.8770E-13
9.0000E+3	1.0000E+0	-1.4389E-12	-4.1500E+1	-1.5378E-13
9.5000E+3	1.0000E+0	-1.7393E-12	-4.1000E+1	-4.7326E-13
1.0000E+4	1.0000E+0	-1.4770E-12	-4.0500E+1	-5.1618E-13
1.0500E+4	1.0000E+0	-1.3649E-12	-4.0000E+1	-6.5565E-13
1.1000E+4	1.0000E+0	-1.5593E-12	-3.9500E+1	-3.8266E-13
1.1500E+4	1.0000E+0	-1.6105E-12	-3.9000E+1	-2.9206E-13
1.2000E+4	1.0000E+0	-1.7750E-12	-3.8500E+1	-6.5684E-13
1.2500E+4	1.0000E+0	-1.4281E-12	-3.8000E+1	-3.7193E-13
1.3000E+4	1.0000E+0	-1.4889E-12	-3.7500E+1	-4.5180E-13
1.3500E+4	1.0000E+0	-1.6296E-12	-3.7000E+1	-3.9339E-13
1.4000E+4	1.0000E+0	-2.1410E-12	-3.6500E+1	-1.9312E-13
1.4500E+4	1.0000E+0	-1.4996E-12	-3.6000E+1	-8.5473E-13
1.5000E+4	1.0000E+0	-1.8930E-12	-3.5500E+1	-7.8440E-13
1.5500E+4	1.0000E+0	-1.6499E-12	-3.5000E+1	-4.1604E-13
1.6000E+4	1.0000E+0	-1.6785E-12	-3.4500E+1	-4.9114E-13
1.6500E+4	1.0000E+0	-1.5402E-12	-3.4000E+1	-3.4094E-13
1.7000E+4	1.0000E+0	-1.7464E-12	-3.3500E+1	-5.7578E-13
1.7500E+4	1.0000E+0	-1.8406E-12	-3.3000E+1	-7.2479E-13
1.8000E+4	1.0000E+0	-1.7989E-12	-3.2500E+1	-5.5671E-13
1.8500E+4	1.0000E+0	-1.6904E-12	-3.2000E+1	-9.5964E-13
1.9000E+4	1.0000E+0	-2.1434E-12	-3.1500E+1	-7.9989E-13
1.9500E+4	1.0000E+0	-1.6820E-12	-3.1000E+1	-6.0916E-13
2.0000E+4	1.0000E+0	-1.6463E-12	-3.0500E+1	-6.7473E-13
2.0500E+4	1.0000E+0	-1.6713E-12	-3.0000E+1	-5.2929E-13
2.1000E+4	1.0000E+0	-1.7214E-12	-2.9500E+1	-7.0333E-13
2.1500E+4	1.0000E+0	-1.7285E-12	-2.9000E+1	-4.4346E-13
2.2000E+4	1.0000E+0	-1.7345E-12	-2.8500E+1	-6.4254E-13
2.2500E+4	1.0000E+0	-1.7083E-12	-2.8000E+1	-6.5923E-13
2.3000E+4	1.0000E+0	-1.7393E-12	-2.7500E+1	-6.0916E-13
2.3500E+4	1.0000E+0	-1.7357E-12	-2.7000E+1	-4.8757E-13
2.4000E+4	1.0000E+0	-1.7238E-12	-2.6500E+1	-4.3631E-13
2.4500E+4	1.0000E+0	-1.9169E-12	-2.6000E+1	-8.5592E-13
2.5000E+4	1.0000E+0	-1.7822E-12	-2.5500E+1	-4.5419E-13
2.5500E+4	1.0000E+0	-1.6904E-12	-2.5000E+1	-4.9353E-13
2.6000E+4	1.0000E+0	-2.4974E-12	-2.4500E+1	-5.4240E-13
2.6500E+4	1.0000E+0	-1.6832E-12	-2.4000E+1	-6.7234E-13
2.7000E+4	1.0000E+0	-1.7834E-12	-2.3500E+1	-4.4823E-13
2.7500E+4	1.0000E+0	-1.6666E-12	-2.3000E+1	-4.7445E-13
2.8000E+4	1.0000E+0	-1.7130E-12	-2.2500E+1	-4.0770E-13
2.8500E+4	1.0000E+0	-1.6963E-12	-2.2000E+1	-6.6638E-13
2.9000E+4	1.0000E+0	-1.8334E-12	-2.1500E+1	-4.2439E-13
2.9500E+4	1.0000E+0	-1.6510E-12	-2.1000E+1	-4.2200E-13
3.0000E+4	1.0000E+0	-1.7893E-12	-2.0500E+1	-2.3842E-13
3.0500E+4	1.0000E+0	-1.4901E-12	-2.0000E+1	-2.0194E-12
3.1000E+4	1.0000E+0	-1.8299E-12	-1.9500E+1	-3.1471E-13
3.1500E+4	1.0000E+0	-1.7667E-12	-1.9000E+1	-3.1352E-13
3.2000E+4	1.0000E+0	-1.7202E-12	-1.8500E+1	-3.2783E-13
3.2500E+4	1.0000E+0	-1.7369E-12	-1.8000E+1	-1.9550E-13
3.3000E+4	1.0000E+0	-1.7154E-12	-1.7500E+1	-2.3484E-13
3.3500E+4	1.0000E+0	-1.9968E-12	-1.7000E+1	-3.3975E-13
3.4000E+4	1.0000E+0	-1.9944E-12	-1.6500E+1	-2.6107E-13
3.4500E+4	1.0000E+0	-1.7309E-12	-1.6000E+1	-3.0279E-13
3.5000E+4	1.0000E+0	-1.7786E-12	-1.5500E+1	-3.5524E-13
3.5500E+4	1.0000E+0	-1.7703E-12	-1.5000E+1	-2.9445E-13
3.6000E+4	1.0000E+0	-1.8048E-12	-1.4500E+1	-2.8849E-13
3.6500E+4	1.0000E+0	-1.8191E-12	-1.4000E+1	-3.6359E-13
3.7000E+4	1.0000E+0	-1.8191E-12	-1.3500E+1	-3.0756E-13
3.7500E+4	1.0000E+0	-1.8203E-12	-1.3000E+1	-3.0398E-13
3.8000E+4	1.0000E+0	-1.8024E-12	-1.2500E+1	-3.4571E-13
3.8500E+4	1.0000E+0	-1.8120E-12	-1.2000E+1	-3.7551E-13
3.9000E+4	1.0000E+0	-1.8024E-12	-1.1500E+1	-2.8610E-13
3.9500E+4	1.0000E+0	-1.8108E-12	-1.1000E+1	-3.9458E-13
4.0000E+4	1.0000E+0	-1.8203E-12	-1.0500E+1	-3.5644E-13
4.0500E+4	1.0000E+0	-1.7893E-12	-1.0000E+1	-3.9458E-13
4.1000E+4	1.0000E+0	-1.8418E-12	-9.5000E+0	-3.4928E-13
4.1500E+4	1.0000E+0	-1.7810E-12	-9.0000E+0	-3.5286E-13
4.2000E+4	1.0000E+0	-1.7893E-12	-8.5000E+0	-3.5763E-13
4.2500E+4	1.0000E+0	-1.8251E-12	-8.0000E+0	-4.5180E-13
4.3000E+4	1.0000E+0	-1.8156E-12	-7.5000E+0	-3.4809E-13
4.3500E+4	1.0000E+0	-1.8489E-12	-7.0000E+0	-3.4809E-13
4.4000E+4	1.0000E+0	-1.7881E-12	-6.5000E+0	-3.6001E-13
4.4500E+4	1.0000E+0	-1.7595E-12	-6.0000E+0	-3.5286E-13
4.5000E+4	1.0000E+0	-1.8346E-12	-5.5000E+0	-4.4823E-13
4.5500E+4	1.0000E+0	-1.8716E-12	-5.0000E+0	-8.1539E-13
4.6000E+4	1.0000E+0	-1.8895E-12	-4.5000E+0	-7.0333E-13
4.6500E+4	1.0000E+0	-1.8895E-12	-4.0000E+0	-7.6890E-13
4.7000E+4	1.0000E+0	-1.8656E-12	-3.5000E+0	-6.4254E-13
4.7500E+4	1.0000E+0	-1.9097E-12	-3.0000E+0	-8.0466E-13
4.8000E+4	1.0000E+0	-1.8883E-12	-2.5000E+0	-6.7711E-13
4.8500E+4	1.0000E+0	-1.8537E-12	-2.0000E+0	-7.9036E-13
4.9000E+4	1.0000E+0	-1.8525E-12	-1.5000E+0	-6.9499E-13
4.9500E+4	1.0000E+0	-1.8811E-12	-1.0000E+0	-7.1168E-13
5.0000E+4	1.0000E+0	-1.8334E-12	-5.0000E-1	-6.6400E-13
5.0500E+4	1.0000E+0	-2.0146E-12	0.0000E+0	-6.5804E-13
5.1000E+4	1.0000E+0	-1.8144E-12	5.0000E-1	-6.0678E-13
5.1500E+4	1.0000E+0	-1.7869E-12	1.0000E+0	-6.7115E-13
5.2000E+4	1.0000E+0	-1.9157E-12	1.5000E+0	-7.2956E-13
5.2500E+4	1.0000E+0	-1.8191E-12	2.0000E+0	-7.8797E-13
5.3000E+4	1.0000E+0	-1.8203E-12	2.5000E+0	-7.4148E-13
5.3500E+4	1.0000E+0	-1.9169E-12	3.0000E+0	-7.2718E-13
5.4000E+4	1.0000E+0	-1.9443E-12	3.5000E+0	-7.3791E-13
5.4500E+4	1.0000E+0	-1.8096E-12	4.0000E+0	-6.2943E-13
5.5000E+4	1.0000E+0	-1.7333E-12	4.5000E+0	-6.6400E-13
5.5500E+4	1.0000E+0	-1.7846E-12	5.0000E+0	-6.2943E-13
5.6000E+4	1.0000E+0	-1.8585E-12	5.5000E+0	-7.4387E-13
5.6500E+4	1.0000E+0	-1.8632E-12	6.0000E+0	-7.4625E-13
5.7000E+4	1.0000E+0	-1.8310E-12	6.5000E+0	-7.4863E-13
5.7500E+4	1.0000E+0	-2.0278E-12	7.0000E+0	-7.1287E-13
5.8000E+4	1.0000E+0	-1.8728E-12	7.5000E+0	-7.5579E-13
5.8500E+4	1.0000E+0	-1.9038E-12	8.0000E+0	-6.9022E-13
5.9000E+4	1.0000E+0	-1.9920E-12	8.5000E+0	-8.3566E-13
5.9500E+4	1.0000E+0	-1.8966E-12	9.0000E+0	-8.6546E-13
6.0000E+4	1.0000E+0	-1.8466E-12	9.5000E+0	-7.5102E-13
6.0500E+4	1.0000E+0	-1.8442E-12	1.0000E+1	-7.8797E-13
6.1000E+4	1.0000E+0	-1.8370E-12	1.0500E+1	-9.4652E-13
6.1500E+4	1.0000E+0	-1.8406E-12	1.1000E+1	-8.8334E-13
6.2000E+4	1.0000E+0	-1.8632E-12	1.1500E+1	-9.7871E-13
6.2500E+4	1.0000E+0	-1.7786E-12	1.2000E+1	-9.5725E-13
6.3000E+4	1.0000E+0	-1.8310E-12	1.2500E+1	-8.6665E-13
6.3500E+4	1.0000E+0	-1.8001E-12	1.3000E+1	-9.3341E-13
6.4000E+4	1.0000E+0	-1.7393E-12	1.3500E+1	-9.3341E-13
6.4500E+4	1.0000E+0	-1.6391E-12	1.4000E+1	-9.8705E-13
6.5000E+4	1.0000E+0	-1.7273E-12	1.4500E+1	-8.8453E-13
6.5500E+4	1.0000E+0	-1.7810E-12	1.5000E+1	-8.7261E-13
6.6000E+4	1.0000E+0	-1.7106E-12	1.5500E+1	-8.3208E-13
6.6500E+4	1.0000E+0	-1.7893E-12	1.6000E+1	-8.9645E-13
6.7000E+4	1.0000E+0	-1.8120E-12	1.6500E+1	-8.3804E-13
6.7500E+4	1.0000E+0	-1.8167E-12	1.7000E+1	-8.4162E-13
6.8000E+4	1.0000E+0	-1.8513E-12	1.7500E+1	-9.3698E-13
6.8500E+4	1.0000E+0	-1.8334E-12	1.8000E+1	-7.8082E-13
6.9000E+4	1.0000E+0	-1.8203E-12	1.8500E+1	-8.7023E-13
6.9500E+4	1.0000E+0	-1.8871E-12	1.9000E+1	-8.1182E-13
7.0000E+4	1.0000E+0	-1.7142E-12	1.9500E+1	-7.9274E-13
7.0500E+4	1.0000E+0	-1.8394E-12	2.0000E+1	-7.2956E-13
7.1000E+4	1.0000E+0	-1.9026E-12	2.0500E+1	2.3007E-13
7.1500E+4	1.0000E+0	-1.8954E-12	2.1000E+1	-8.9884E-13
7.2000E+4	1.0000E+0	-1.9956E-12	2.1500E+1	-9.3579E-13
7.2500E+4	1.0000E+0	-2.0111E-12	2.2000E+1	-1.0407E-12
7.3000E+4	1.0000E+0	-1.8811E-12	2.2500E+1	-9.3103E-13
7.3500E+4	1.0000E+0	-1.8907E-12	2.3000E+1	-1.0920E-12
7.4000E+4	1.0000E+0	-1.7846E-12	2.3500E+1	-7.8916E-13
7.4500E+4	1.0000E+0	-1.8334E-12	2.4000E+1	-9.9182E-13
7.5000E+4	1.0000E+0	-1.7607E-12	2.4500E+1	-9.4771E-13
7.5500E+4	1.0000E+0	-1.8358E-12	2.5000E+1	-1.2350E-12
7.6000E+4	1.0000E+0	-1.8358E-12	2.5500E+1	-6.0916E-13
7.6500E+4	1.0000E+0	-1.9491E-12	2.6000E+1	-7.0691E-13
7.7000E+4	1.0000E+0	-1.9181E-12	2.6500E+1	-6.9022E-13
7.7500E+4	1.0000E+0	-1.8179E-12	2.7000E+1	-6.2823E-13
7.8000E+4	1.0000E+0	-1.7369E-12	2.7500E+1	-1.1802E-13
7.8500E+4	1.0000E+0	-1.7428E-12	2.8000E+1	-4.7803E-13
7.9000E+4	1.0000E+0	-1.8883E-12	2.8500E+1	-6.8307E-13
7.9500E+4	1.0000E+0	-1.7619E-12	2.9000E+1	-6.3539E-13
8.0000E+4	1.0000E+0	-1.8918E-12	2.9500E+1	-5.8413E-13
8.0500E+4	1.0000E+0	-1.9288E-12	3.0000E+1	-6.7115E-13
8.1000E+4	1.0000E+0	-1.7297E-12	3.0500E+1	-5.1260E-13
8.1500E+4	1.0000E+0	-1.7715E-12	3.1000E+1	-6.6519E-13
8.2000E+4	1.0000E+0	-1.8013E-12	3.1500E+1	-9.2149E-13
8.2500E+4	1.0000E+0	-1.7119E-12	3.2000E+1	-4.8518E-13
8.3000E+4	1.0000E+0	-1.8787E-12	3.2500E+1	-6.0201E-13
8.3500E+4	1.0000E+0	-1.8847E-12	3.3000E+1	-8.2731E-13
8.4000E+4	1.0000E+0	-1.9097E-12	3.3500E+1	-5.4598E-13
8.4500E+4	1.0000E+0	-1.8942E-12	3.4000E+1	-7.8559E-13
8.5000E+4	1.0000E+0	-1.7691E-12	3.4500E+1	-6.1989E-13
8.5500E+4	1.0000E+0	-1.9312E-12	3.5000E+1	-7.0810E-13
8.6000E+4	1.0000E+0	-2.1195E-12	3.5500E+1	-5.3763E-13
8.6500E+4	1.0000E+0	-1.9979E-12	3.6000E+1	-7.1406E-13
8.7000E+4	1.0000E+0	-2.0635E-12	3.6500E+1	-5.7459E-13
8.7500E+4	1.0000E+0	-2.0218E-12	3.7000E+1	-3.2187E-13
8.8000E+4	1.0000E+0	-2.0754E-12	3.7500E+1	-5.6982E-13
8.8500E+4	1.0000E+0	-1.9669E-12	3.8000E+1	-1.1432E-12
8.9000E+4	1.0000E+0	-2.1184E-12	3.8500E+1	-5.3406E-13
8.9500E+4	1.0000E+0	-1.9240E-12	3.9000E+1	-4.0889E-13
9.0000E+4	1.0000E+0	-1.9753E-12	3.9500E+1	-4.9591E-13
9.0500E+4	1.0000E+0	-1.8585E-12	4.0000E+1	-6.2227E-13
9.1000E+4	1.0000E+0	-1.9097E-12	4.0500E+1	-6.8188E-13
9.1500E+4	1.0000E+0	-1.8835E-12	4.1000E+1	-1.6570E-13
9.2000E+4	1.0000E+0	-2.0111E-12	4.1500E+1	-4.2677E-13
9.2500E+4	1.0000E+0	-1.8358E-12	4.2000E+1	-5.8174E-13
9.3000E+4	1.0000E+0	-1.9932E-12	4.2500E+1	-8.0705E-13
9.3500E+4	1.0000E+0	-1.9705E-12	4.3000E+1	-4.5896E-13
9.4000E+4	1.0000E+0	-1.8835E-12	4.3500E+1	-2.4200E-13
9.4500E+4	1.0000E+0	-1.9038E-12	4.4000E+1	-4.8518E-13
9.5000E+4	1.0000E+0	-1.8287E-12	4.4500E+1	-6.0678E-13
9.5500E+4	1.0000E+0	-1.8275E-12	4.5000E+1	-5.8651E-13
9.6000E+4	1.0000E+0	-1.7142E-12	4.5500E+1	-7.5817E-13
9.6500E+4	1.0000E+0	-1.7858E-12	4.6000E+1	-6.4015E-13
9.7000E+4	1.0000E+0	-1.8418E-12	4.6500E+1	-7.2002E-13
9.7500E+4	1.0000E+0	-1.8859E-12	4.7000E+1	-6.4492E-13
9.8000E+4	1.0000E+0	-1.7905E-12	4.7500E+1	-5.8413E-13
9.8500E+4	1.0000E+0	-1.8466E-12	4.8000E+1	-2.2054E-13
9.9000E+4	1.0000E+0	-1.8680E-12	4.8500E+1	-8.0705E-13
9.9500E+4	1.0000E+0	-1.8859E-12	4.9000E+1	-6.3062E-13
1.0000E+5	1.0000E+0	-1.8668E-12	4.9500E+1	-5.5790E-13
1.0050E+5	1.0000E+0	-1.8644E-12	5.0000E+1	-6.6638E-13
1.0100E+5	1.0000E+0	-1.5867E-12	5.0500E+1	-7.6652E-13
1.0150E+5	1.0000E+0	-1.8287E-12	5.0000E+1	-6.3658E-13
1.0200E+5	1.0000E+0	-1.9848E-12	4.9500E+1	-7.2598E-13
1.0250E+5	1.0000E+0	-1.9681E-12	4.9000E+1	-6.8665E-13
1.0300E+5	1.0000E+0	-1.9252E-12	4.8500E+1	-5.8055E-13
1.0350E+5	1.0000E+0	-2.1386E-12	4.8000E+1	-7.1049E-13
1.0400E+5	1.0000E+0	-2.0480E-12	4.7500E+1	-5.0545E-13
1.0450E+5	1.0000E+0	-1.8537E-12	4.7000E+1	-6.8426E-13
1.0500E+5	1.0000E+0	-2.0027E-12	4.6500E+1	-4.9114E-13
1.0550E+5	1.0000E+0	-1.8239E-12	4.6000E+1	-6.9857E-13
1.0600E+5	1.0000E+0	-1.9705E-12	4.5500E+1	-6.3181E-13
1.0650E+5	1.0000E+0	-1.8871E-12	4.5000E+1	-5.7816E-13
1.0700E+5	1.0000E+0	-2.0421E-12	4.4500E+1	-5.0902E-13
1.0750E+5	1.0000E+0	-1.9622E-12	4.4000E+1	-7.7248E-13
1.0800E+5	1.0000E+0	-2.1505E-12	4.3500E+1	-5.5671E-13
1.0850E+5	1.0000E+0	-1.9705E-12	4.3000E+1	-7.4387E-13
1.0900E+5	1.0000E+0	-2.0540E-12	4.2500E+1	-5.4359E-13
1.0950E+5	1.0000E+0	-1.9908E-12	4.2000E+1	-4.3750E-13
1.1000E+5	1.0000E+0	-2.0087E-12	4.1500E+1	-5.0425E-13
1.1050E+5	1.0000E+0	-1.8668E-12	4.1000E+1	-5.5909E-13
1.1100E+5	1.0000E+0	-1.8489E-12	4.0500E+1	-7.2598E-13
1.1150E+5	1.0000E+0	-1.9693E-12	4.0000E+1	-5.5671E-13
1.1200E+5	1.0000E+0	-2.0111E-12	3.9500E+1	-5.1737E-13
1.1250E+5	1.0000E+0	-2.0182E-12	3.9000E+1	-6.7473E-13
1.1300E+5	1.0000E+0	-1.8537E-12	3.8500E+1	-6.4850E-13
1.1350E+5	1.0000E+0	-1.9229E-12	3.8000E+1	-5.0187E-13
1.1400E+5	1.0000E+0	-2.0361E-12	3.7500E+1	-6.4015E-13
1.1450E+5	1.0000E+0	-1.9658E-12	3.7000E+1	-7.3433E-13
1.1500E+5	1.0000E+0	-1.9240E-12	3.6500E+1	-7.0572E-13
1.1550E+5	1.0000E+0	-2.0623E-12	3.6000E+1	-3.5644E-13
1.1600E+5	1.0000E+0	-1.9813E-12	3.5500E+1	-5.1379E-13
1.1650E+5	1.0000E+0	-1.8406E-12	3.5000E+1	-6.4254E-13
1.1700E+5	1.0000E+0	-1.8358E-12	3.4500E+1	-6.6400E-13
1.1750E+5	1.0000E+0	-1.8108E-12	3.4000E+1	-5.4240E-13
1.1800E+5	1.0000E+0	-2.0730E-12	3.3500E+1	-2.3365E-13
1.1850E+5	1.0000E+0	-1.9789E-12	3.3000E+1	-6.5327E-13
1.1900E+5	1.0000E+0	-2.0397E-12	3.2500E+1	-6.4850E-13
1.1950E+5	1.0000E+0	-1.8728E-12	3.2000E+1	-4.9591E-13
1.2000E+5	1.0000E+0	-1.8549E-12	3.1500E+1	-8.3089E-13
1.2050E+5	1.0000E+0	-1.9169E-12	3.1000E+1	-7.5102E-13
1.2100E+5	1.0000E+0	-1.8680E-12	3.0500E+1	-6.7353E-13
1.2150E+5	1.0000E+0	-1.7750E-12	3.0000E+1	-6.2466E-13
1.2200E+5	1.0000E+0	-1.8918E-12	2.9500E+1	-6.6161E-13
1.2250E+5	1.0000E+0	-1.7941E-12	2.9000E+1	-5.5194E-13
1.2300E+5	1.0000E+0	-1.9729E-12	2.8500E+1	-6.4850E-13
1.2350E+5	1.0000E+0	-1.9264E-12	2.8000E+1	-5.5671E-13
1.2400E+5	1.0000E+0	-1.9133E-12	2.7500E+1	-6.9618E-13
1.2450E+5	1.0000E+0	-1.9002E-12	2.7000E+1	-4.6253E-13
1.2500E+5	1.0000E+0	-1.8358E-12	2.6500E+1	-3.4452E-13
1.2550E+5	1.0000E+0	-1.8644E-12	2.6000E+1	-5.9485E-13
1.2600E+5	1.0000E+0	-1.8716E-12	2.5500E+1	-5.8889E-13
1.2650E+5	1.0000E+0	-1.8477E-12	2.5000E+1	-6.9380E-13
1.2700E+5	1.0000E+0	-1.8299E-12	2.4500E+1	-7.6294E-13
1.2750E+5	1.0000E+0	-1.9658E-12	2.4000E+1	-3.5167E-13
1.2800E+5	1.0000E+0	-1.9395E-12	2.3500E+1	-7.2837E-13
1.2850E+5	1.0000E+0	-1.8847E-12	2.3000E+1	-7.3910E-13
1.2900E+5	1.0000E+0	-2.0099E-12	2.2500E+1	-5.8651E-13
1.2950E+5	1.0000E+0	-1.9014E-12	2.2000E+1	-3.1710E-13
1.3000E+5	1.0000E+0	-1.8966E-12	2.1500E+1	-4.5419E-13
1.3050E+5	1.0000E+0	-1.7750E-12	2.1000E+1	-8.5473E-13
1.3100E+5	1.0000E+0	-1.9705E-12	2.0500E+1	-7.4744E-13
1.3150E+5	1.0000E+0	-1.7667E-12	2.0000E+1	-1.7214E-12
1.3200E+5	1.0000E+0	-1.9991E-12	1.9500E+1	-5.7101E-13
1.3250E+5	1.0000E+0	-2.0599E-12	1.9000E+1	-4.6372E-13
1.3300E+5	1.0000E+0	-2.0361E-12	1.8500E+1	-4.8399E-13
1.3350E+5	1.0000E+0	-1.8322E-12	1.8000E+1	-4.9830E-13
1.3400E+5	1.0000E+0	-1.8823E-12	1.7500E+1	-5.7816E-13
1.3450E+5	1.0000E+0	-1.8477E-12	1.7000E+1	-5.4002E-13
1.3500E+5	1.0000E+0	-1.9240E-12	1.6500E+1	-5.8651E-13
1.3550E+5	1.0000E+0	-1.9979E-12	1.6000E+1	-4.6134E-13
1.3600E+5	1.0000E+0	-1.9026E-12	1.5500E+1	-5.0664E-13
1.3650E+5	1.0000E+0	-1.7214E-12	1.5000E+1	-7.7486E-13
1.3700E+5	1.0000E+0	-1.7989E-12	1.4500E+1	-8.1778E-13
1.3750E+5	1.0000E+0	-1.8728E-12	1.4000E+1	-7.1883E-13
1.3800E+5	1.0000E+0	-1.8239E-12	1.3500E+1	-7.3552E-13
1.3850E+5	1.0000E+0	-1.8728E-12	1.3000E+1	-6.3062E-13
1.3900E+5	1.0000E+0	-1.6749E-12	1.2500E+1	-6.9976E-13
1.3950E+5	1.0000E+0	-1.7607E-12	1.2000E+1	-5.4121E-13
1.4000E+5	1.0000E+0	-1.7226E-12	1.1500E+1	-6.0320E-13
1.4050E+5	1.0000E+0	-1.7357E-12	1.1000E+1	-5.5551E-13
1.4100E+5	1.0000E+0	-1.8454E-12	1.0500E+1	-5.0306E-13
1.4150E+5	1.0000E+0	-1.8084E-12	1.0000E+1	-5.1260E-13
1.4200E+5	1.0000E+0	-1.7953E-12	9.5000E+0	-5.0187E-13
1.4250E+5	1.0000E+0	-1.8287E-12	9.0000E+0	-6.5684E-13
1.4300E+5	1.0000E+0	-1.8835E-12	8.5000E+0	-5.2333E-13
1.4350E+5	1.0000E+0	-1.8215E-12	8.0000E+0	-5.0664E-13
1.4400E+5	1.0000E+0	-1.8704E-12	7.5000E+0	-5.7340E-13
1.4450E+5	1.0000E+0	-1.7500E-12	7.0000E+0	-5.5075E-13
1.4500E+5	1.0000E+0	-1.8239E-12	6.5000E+0	-6.4492E-13
1.4550E+5	1.0000E+0	-1.8823E-12	6.0000E+0	-5.8532E-13
1.4600E+5	1.0000E+0	-1.7595E-12	5.5000E+0	-5.3883E-13
1.4650E+5	1.0000E+0	-1.7381E-12	5.0000E+0	-5.5194E-13
1.4700E+5	1.0000E+0	-1.7786E-12	4.5000E+0	-5.3167E-13
1.4750E+5	1.0000E+0	-1.9515E-12	4.0000E+0	-6.3658E-13
1.4800E+5	1.0000E+0	-1.8179E-12	3.5000E+0	-6.1035E-13
1.4850E+5	1.0000E+0	-1.8954E-12	3.0000E+0	-5.0902E-13
1.4900E+5	1.0000E+0	-1.9038E-12	2.5000E+0	-6.1870E-13
1.4950E+5	1.0000E+0	-1.8585E-12	2.0000E+0	-6.5804E-13
1.5000E+5	1.0000E+0	-1.8680E-12	1.5000E+0	-5.8651E-13
1.5050E+5	1.0000E+0	-1.8346E-12	1.0000E+0	-6.4254E-13
1.5100E+5	1.0000E+0	-1.8871E-12	5.0000E-1	-5.8413E-13
1.5150E+5	1.0000E+0	-1.9085E-12	0.0000E+0	-6.3539E-13
1.5200E+5	1.0000E+0	-1.9169E-12	-5.0000E-1	-6.7115E-13
1.5250E+5	1.0000E+0	-1.9503E-12	-1.0000E+0	-6.8069E-13
1.5300E+5	1.0000E+0	-1.9050E-12	-1.5000E+0	-6.2704E-13
1.5350E+5	1.0000E+0	-1.8871E-12	-2.0000E+0	-7.1287E-13
1.5400E+5	1.0000E+0	-1.8966E-12	-2.5000E+0	-5.5909E-13
1.5450E+5	1.0000E+0	-1.8990E-12	-3.0000E+0	-6.7830E-13
1.5500E+5	1.0000E+0	-1.8167E-12	-3.5000E+0	-6.0320E-13
1.5550E+5	1.0000E+0	-1.8442E-12	-4.0000E+0	-6.8545E-13
1.5600E+5	1.0000E+0	-1.7440E-12	-4.5000E+0	-6.2347E-13
1.5650E+5	1.0000E+0	-1.8871E-12	-5.0000E+0	-6.3062E-13
1.5700E+5	1.0000E+0	-1.8370E-12	-5.5000E+0	-7.0810E-13
1.5750E+5	1.0000E+0	-1.8573E-12	-6.0000E+0	-6.3181E-13
1.5800E+5	1.0000E+0	-1.8609E-12	-6.5000E+0	-6.6400E-13
1.5850E+5	1.0000E+0	-1.9443E-12	-7.0000E+0	-6.3539E-13
1.5900E+5	1.0000E+0	-1.8966E-12	-7.5000E+0	-6.5684E-13
1.5950E+5	1.0000E+0	-1.8513E-12	-8.0000E+0	-7.1883E-13
1.6000E+5	1.0000E+0	-1.8907E-12	-8.5000E+0	-7.3314E-13
1.6050E+5	1.0000E+0	-1.9276E-12	-9.0000E+0	-6.7473E-13
1.6100E+5	1.0000E+0	-1.9109E-12	-9.5000E+0	-8.4281E-13
1.6150E+5	1.0000E+0	-1.8549E-12	-1.0000E+1	-6.7592E-13
1.6200E+5	1.0000E+0	-1.9431E-12	-1.0500E+1	-6.8069E-13
1.6250E+5	1.0000E+0	-2.0218E-12	-1.1000E+1	-6.7234E-13
1.6300E+5	1.0000E+0	-1.8597E-12	-1.1500E+1	-7.6652E-13
1.6350E+5	1.0000E+0	-1.9908E-12	-1.2000E+1	-8.1778E-13
1.6400E+5	1.0000E+0	-1.9658E-12	-1.2500E+1	-7.9393E-13
1.6450E+5	1.0000E+0	-1.9324E-12	-1.3000E+1	-7.8916E-13
1.6500E+5	1.0000E+0	-1.9336E-12	-1.3500E+1	-8.5712E-13
1.6550E+5	1.0000E+0	-1.7917E-12	-1.4000E+1	-7.3433E-13
1.6600E+5	1.0000E+0	-1.9634E-12	-1.4500E+1	-7.6652E-13
1.6650E+5	1.0000E+0	-1.9813E-12	-1.5000E+1	-7.6890E-13
1.6700E+5	1.0000E+0	-1.8966E-12	-1.5500E+1	-7.4863E-13
1.6750E+5	1.0000E+0	-1.8835E-12	-1.6000E+1	-8.7500E-13
1.6800E+5	1.0000E+0	-1.9252E-12	-1.6500E+1	-9.4533E-13
1.6850E+5	1.0000E+0	-1.9264E-12	-1.7000E+1	-8.6308E-13
1.6900E+5	1.0000E+0	-2.0027E-12	-1.7500E+1	-8.9645E-13
1.6950E+5	1.0000E+0	-1.9240E-12	-1.8000E+1	-8.3804E-13
1.7000E+5	1.0000E+0	-1.9038E-12	-1.8500E+1	-8.1539E-13
1.7050E+5	1.0000E+0	-1.9646E-12	-1.9000E+1	-8.9884E-13
1.7100E+5	1.0000E+0	-1.9824E-12	-1.9500E+1	-8.5592E-13
1.7150E+5	1.0000E+0	-1.9586E-12	-2.0000E+1	-7.9989E-13
1.7200E+5	1.0000E+0	-2.0933E-12	-2.0500E+1	2.5392E-13
1.7250E+5	1.0000E+0	-1.8466E-12	-2.1000E+1	-1.0514E-12
1.7300E+5	1.0000E+0	-1.9908E-12	-2.1500E+1	-9.7513E-13
1.7350E+5	1.0000E+0	-2.0754E-12	-2.2000E+1	-7.8440E-13
1.7400E+5	1.0000E+0	-2.0099E-12	-2.2500E+1	-1.1313E-12
1.7450E+5	1.0000E+0	-2.0015E-12	-2.3000E+1	-1.0908E-12
1.7500E+5	1.0000E+0	-1.9741E-12	-2.3500E+1	-6.4015E-13
1.7550E+5	1.0000E+0	-2.0325E-12	-2.4000E+1	-1.1313E-12
1.7600E+5	1.0000E+0	-1.9824E-12	-2.4500E+1	-1.0264E-12
1.7650E+5	1.0000E+0	-1.8668E-12	-2.5000E+1	-1.1098E-12
1.7700E+5	1.0000E+0	-1.9884E-12	-2.5500E+1	-1.1980E-12
1.7750E+5	1.0000E+0	-1.9562E-12	-2.6000E+1	-1.1325E-12
1.7800E+5	1.0000E+0	-2.0480E-12	-2.6500E+1	-7.6055E-13
1.7850E+5	1.0000E+0	-2.0158E-12	-2.7000E+1	-8.0943E-13
1.7900E+5	1.0000E+0	-2.1029E-12	-2.7500E+1	-8.9168E-13
1.7950E+5	1.0000E+0	-2.0361E-12	-2.8000E+1	-9.8586E-13
1.8000E+5	1.0000E+0	-1.9860E-12	-2.8500E+1	-1.2195E-12
1.8050E+5	1.0000E+0	-1.9681E-12	-2.9000E+1	-1.1647E-12
1.8100E+5	1.0000E+0	-1.9276E-12	-2.9500E+1	-9.4295E-13
1.8150E+5	1.0000E+0	-2.0432E-12	-3.0000E+1	-1.1706E-12
1.8200E+5	1.0000E+0	-1.8811E-12	-3.0500E+1	-4.5061E-13
1.8250E+5	1.0000E+0	-1.9014E-12	-3.1000E+1	-3.0637E-13
1.8300E+5	1.0000E+0	-2.0373E-12	-3.1500E+1	-3.7193E-13
1.8350E+5	1.0000E+0	-1.9717E-12	-3.2000E+1	-4.8995E-13
1.8400E+5	1.0000E+0	-1.9646E-12	-3.2500E+1	-8.8215E-13
1.8450E+5	1.0000E+0	-1.7285E-12	-3.3000E+1	-8.9288E-13
1.8500E+5	1.0000E+0	-1.8430E-12	-3.3500E+1	-4.1604E-13
1.8550E+5	1.0000E+0	-1.9050E-12	-3.4000E+1	-6.3539E-13
1.8600E+5	1.0000E+0	-1.9336E-12	-3.4500E+1	-5.7101E-13
1.8650E+5	1.0000E+0	-1.8799E-12	-3.5000E+1	-6.1870E-13
1.8700E+5	1.0000E+0	-1.9300E-12	-3.5500E+1	-3.9935E-13
1.8750E+5	1.0000E+0	-2.0492E-12	-3.6000E+1	-4.6611E-13
1.8800E+5	1.0000E+0	-1.7464E-12	-3.6500E+1	-4.4465E-13
1.8850E+5	1.0000E+0	-1.9574E-12	-3.7000E+1	-8.6904E-13
1.8900E+5	1.0000E+0	-2.0051E-12	-3.7500E+1	-4.1843E-13
1.8950E+5	1.0000E+0	-1.8489E-12	-3.8000E+1	-8.7500E-13
1.9000E+5	1.0000E+0	-2.1148E-12	-3.8500E+1	-4.8161E-13
1.9050E+5	1.0000E+0	-2.0027E-12	-3.9000E+1	-5.2690E-13
1.9100E+5	1.0000E+0	-1.9646E-12	-3.9500E+1	-1.3947E-13
1.9150E+5	1.0000E+0	-1.8644E-12	-4.0000E+1	-5.9247E-13
1.9200E+5	1.0000E+0	-1.9002E-12	-4.0500E+1	-4.7445E-13
1.9250E+5	1.0000E+0	-1.7428E-12	-4.1000E+1	-4.1962E-13
1.9300E+5	1.0000E+0	-1.8120E-12	-4.1500E+1	-7.0572E-13
1.9350E+5	1.0000E+0	-2.0087E-12	-4.2000E+1	-4.0174E-13
1.9400E+5	1.0000E+0	-2.0802E-12	-4.2500E+1	-5.9247E-13
1.9450E+5	1.0000E+0	-1.9908E-12	-4.3000E+1	-2.7657E-13
1.9500E+5	1.0000E+0	-1.8382E-12	-4.3500E+1	-5.1379E-13
1.9550E+5	1.0000E+0	-1.7416E-12	-4.4000E+1	-7.6890E-13
1.9600E+5	1.0000E+0	-1.7953E-12	-4.4500E+1	-2.8133E-13
1.9650E+5	1.0000E+0	-1.9395E-12	-4.5000E+1	-3.6359E-13
1.9700E+5	1.0000E+0	-1.8525E-12	-4.5500E+1	-2.7895E-13
1.9750E+5	1.0000E+0	-2.1505E-12	-4.6000E+1	-4.5657E-13
1.9800E+5	1.0000E+0	-1.9717E-12	-4.6500E+1	-5.8889E-13
1.9850E+5	1.0000E+0	-2.0504E-12	-4.7000E+1	-7.7009E-13
1.9900E+5	1.0000E+0	-2.0087E-12	-4.7500E+1	-7.1764E-13
1.9950E+5	1.0000E+0	-1.9765E-12	-4.8000E+1	-5.7340E-13
2.0000E+5	1.0000E+0	-1.8239E-12	-4.8500E+1	-5.7936E-13
2.0050E+5	1.0000E+0	-2.0909E-12	-4.9000E+1	-5.5671E-13
2.0100E+5	1.0000E+0	-1.9288E-12	-4.9500E+1	-8.4639E-13
2.0150E+5	1.0000E+0	-1.9383E-12	-5.0000E+1	-7.5698E-13
