Time (s)	|IDrain (A)|	|IGate (A)	Vdrain(V)	Vgate(V)
0.0	1.1407e-10	3.5597e-10	-10.0	20.0
1.0	5.4311e-11	1.4601e-10	-10.0	19.9
1.5	3.4467e-11	1.5738e-11	-10.0	19.8
2.0	2.7307e-11	2.1493e-12	-10.0	19.7
2.5	2.2707e-11	1.3431e-11	-10.0	19.6
3.0	1.8889e-11	2.1716e-11	-10.0	19.5
3.5	1.6468e-11	2.8048e-11	-10.0	19.4
4.0	1.4472e-11	3.2508e-11	-10.0	19.3
4.5	1.2797e-11	3.5881e-11	-10.0	19.2
5.0	1.1457e-11	3.9329e-11	-10.0	19.1
5.5	1.0333e-11	4.2055e-11	-10.0	19.0
6.0	9.2757e-12	4.416e-11	-10.0	18.9
6.5	8.6844e-12	4.57e-11	-10.0	18.8
7.0	7.987e-12	4.7423e-11	-10.0	18.7
7.5	7.2408e-12	4.8794e-11	-10.0	18.6
8.0	6.8605e-12	5.0105e-11	-10.0	18.5
8.5	6.6304e-12	5.0998e-11	-10.0	18.4
9.0	5.8401e-12	5.1949e-11	-10.0	18.3
9.5	5.5742e-12	5.2737e-11	-10.0	18.2
10.0	5.3561e-12	5.3378e-11	-10.0	18.1
10.5	5.0056e-12	5.4033e-11	-10.0	18.0
11.0	4.6372e-12	5.4519e-11	-10.0	17.9
11.5	4.3893e-12	5.5481e-11	-10.0	17.8
12.0	4.4167e-12	5.5962e-11	-10.0	17.7
12.5	4.1163e-12	5.6364e-11	-10.0	17.6
13.0	3.866e-12	5.6627e-11	-10.0	17.5
13.5	3.6097e-12	5.7327e-11	-10.0	17.4
14.0	3.401e-12	5.7081e-11	-10.0	17.3
14.5	3.3689e-12	5.7817e-11	-10.0	17.2
15.0	4.555e-12	5.1794e-11	-10.0	17.1
15.5	8.0347e-13	1.393e-10	-10.0	17.0
16.0	3.171e-12	5.8548e-11	-10.0	16.9
16.5	2.9886e-12	5.8917e-11	-10.0	16.8
17.0	2.83e-12	5.9392e-11	-10.0	16.7
17.5	2.8062e-12	5.9564e-11	-10.0	16.6
18.0	2.5392e-12	5.9789e-11	-10.0	16.5
18.5	2.6572e-12	5.9746e-11	-10.0	16.4
19.0	2.4593e-12	6.025e-11	-10.0	16.3
19.5	2.3103e-12	6.03e-11	-10.0	16.2
20.0	2.1756e-12	6.0447e-11	-10.0	16.1
20.5	2.3449e-12	6.0846e-11	-10.0	16.0
21.0	2.0266e-12	6.0813e-11	-10.0	15.9
21.5	1.9705e-12	6.1075e-11	-10.0	15.8
22.0	2.0385e-12	6.1378e-11	-10.0	15.7
22.5	1.8978e-12	6.1384e-11	-10.0	15.6
23.0	1.8096e-12	6.152e-11	-10.0	15.5
23.5	1.6975e-12	6.1628e-11	-10.0	15.4
24.0	1.6356e-12	6.1818e-11	-10.0	15.3
24.5	1.651e-12	6.189e-11	-10.0	15.2
25.0	1.6606e-12	6.1783e-11	-10.0	15.1
25.5	1.5676e-12	6.2265e-11	-10.0	15.0
26.0	1.5807e-12	6.2301e-11	-10.0	14.9
26.5	1.4615e-12	6.2661e-11	-10.0	14.8
27.0	1.2589e-12	6.2675e-11	-10.0	14.7
27.5	1.3745e-12	6.2543e-11	-10.0	14.6
28.0	1.2672e-12	6.2824e-11	-10.0	14.5
28.5	1.3268e-12	6.2621e-11	-10.0	14.4
29.0	1.2541e-12	6.3174e-11	-10.0	14.3
29.5	1.2052e-12	6.3169e-11	-10.0	14.2
30.0	2.3866e-12	6.1259e-11	-10.0	14.1
30.5	1.0455e-12	8.5272e-11	-10.0	14.0
31.0	4.7207e-13	8.6442e-11	-10.0	13.9
31.5	8.3447e-13	6.371e-11	-10.0	13.8
32.0	9.7036e-13	6.3703e-11	-10.0	13.7
32.5	9.8586e-13	6.3463e-11	-10.0	13.6
33.0	1.1623e-12	6.3704e-11	-10.0	13.5
33.5	9.3103e-13	6.3727e-11	-10.0	13.4
34.0	7.4267e-13	6.394e-11	-10.0	13.3
34.5	9.5964e-13	6.3977e-11	-10.0	13.2
35.0	9.5129e-13	6.3832e-11	-10.0	13.1
35.5	8.8334e-13	6.3996e-11	-10.0	13.0
36.0	7.9155e-13	6.3878e-11	-10.0	12.9
36.5	7.0691e-13	6.4026e-11	-10.0	12.8
37.0	7.2837e-13	6.4312e-11	-10.0	12.7
37.5	6.7234e-13	6.4498e-11	-10.0	12.6
38.0	8.0228e-13	6.4563e-11	-10.0	12.5
38.5	8.7261e-13	6.4677e-11	-10.0	12.4
39.0	6.4731e-13	6.467e-11	-10.0	12.3
39.5	6.1035e-13	6.5033e-11	-10.0	12.2
40.0	7.4387e-13	6.4856e-11	-10.0	12.1
40.5	5.9366e-13	6.4915e-11	-10.0	12.0
41.0	5.9724e-13	6.5135e-11	-10.0	11.9
41.5	7.2122e-13	6.5044e-11	-10.0	11.8
42.0	5.6028e-13	6.5103e-11	-10.0	11.7
42.5	7.6652e-13	6.5079e-11	-10.0	11.6
43.0	3.6478e-13	6.5021e-11	-10.0	11.5
43.5	4.6611e-13	6.5035e-11	-10.0	11.4
44.0	5.2094e-13	6.5228e-11	-10.0	11.3
44.5	4.077e-13	6.5174e-11	-10.0	11.2
45.0	6.0916e-13	6.5465e-11	-10.0	11.1
45.5	2.2018e-12	5.1756e-11	-10.0	11.0
46.0	3.2341e-12	1.4399e-10	-10.0	10.9
46.5	3.612e-13	6.5604e-11	-10.0	10.8
47.0	3.1352e-13	6.5509e-11	-10.0	10.7
47.5	4.5299e-13	6.5793e-11	-10.0	10.6
48.0	3.4332e-13	6.5581e-11	-10.0	10.5
48.5	2.8014e-13	6.6036e-11	-10.0	10.4
49.0	1.8358e-13	6.5863e-11	-10.0	10.3
49.5	4.4704e-13	6.5547e-11	-10.0	10.2
50.0	2.3842e-13	6.5999e-11	-10.0	10.1
50.5	3.5524e-13	6.5765e-11	-10.0	10.0
51.0	2.42e-13	6.6065e-11	-10.0	9.9
51.5	5.1379e-13	6.5895e-11	-10.0	9.8
52.0	2.0146e-13	6.6096e-11	-10.0	9.7
52.5	2.408e-13	6.6078e-11	-10.0	9.6
53.0	1.955e-13	6.6036e-11	-10.0	9.5
53.5	1.3471e-13	6.6005e-11	-10.0	9.4
54.0	2.1219e-13	6.6e-11	-10.0	9.3
54.5	1.7881e-13	6.6165e-11	-10.0	9.2
55.0	1.8477e-13	6.6518e-11	-10.0	9.1
55.5	1.5974e-13	6.6158e-11	-10.0	9.0
56.0	2.861e-13	6.6119e-11	-10.0	8.9
56.5	8.2254e-14	6.6284e-11	-10.0	8.8
57.0	1.5736e-13	6.6694e-11	-10.0	8.7
57.5	1.3471e-13	6.634e-11	-10.0	8.6
58.0	1.9431e-13	6.6318e-11	-10.0	8.5
58.5	2.2054e-13	6.639e-11	-10.0	8.4
59.0	2.5988e-13	6.6535e-11	-10.0	8.3
59.5	3.4094e-13	6.6681e-11	-10.0	8.2
60.0	1.0729e-13	6.6602e-11	-10.0	8.1
60.5	1.4257e-12	6.0761e-11	-10.0	8.0
61.0	3.7527e-12	1.4491e-10	-10.0	7.9
61.5	5.7221e-14	6.6826e-11	-10.0	7.8
62.0	1.0729e-14	6.6658e-11	-10.0	7.7
62.5	1.6451e-13	6.6642e-11	-10.0	7.6
63.0	8.2254e-14	6.6735e-11	-10.0	7.5
63.5	3.5763e-15	6.6841e-11	-10.0	7.4
64.0	2.1577e-13	6.6839e-11	-10.0	7.3
64.5	7.6294e-14	6.6894e-11	-10.0	7.2
65.0	4.7684e-14	6.7e-11	-10.0	7.1
65.5	1.049e-13	6.6866e-11	-10.0	7.0
66.0	1.8835e-13	6.762e-11	-10.0	6.9
66.5	1.4901e-13	6.7143e-11	-10.0	6.8
67.0	1.049e-13	6.6955e-11	-10.0	6.7
67.5	9.4175e-14	6.6841e-11	-10.0	6.6
68.0	7.7486e-14	6.7082e-11	-10.0	6.5
68.5	2.2054e-13	6.7048e-11	-10.0	6.4
69.0	3.0637e-13	6.7165e-11	-10.0	6.3
69.5	3.0994e-14	6.7259e-11	-10.0	6.2
70.0	2.1458e-14	6.7371e-11	-10.0	6.1
70.5	1.4544e-13	6.7118e-11	-10.0	6.0
71.0	1.4186e-13	6.7419e-11	-10.0	5.9
71.5	5.9605e-15	6.7528e-11	-10.0	5.8
72.0	2.6107e-13	6.7543e-11	-10.0	5.7
72.5	2.0266e-14	6.7506e-11	-10.0	5.6
73.0	1.3828e-13	6.7787e-11	-10.0	5.5
73.5	5.3644e-14	6.7506e-11	-10.0	5.4
74.0	8.1062e-14	6.7788e-11	-10.0	5.3
74.5	1.6689e-14	6.7667e-11	-10.0	5.2
75.0	5.126e-14	6.8035e-11	-10.0	5.1
75.5	1.1671e-12	6.7173e-11	-10.0	5.0
76.0	3.3021e-13	8.9865e-11	-10.0	4.9
76.5	1.6713e-12	8.9876e-11	-10.0	4.8
77.0	4.4107e-13	6.7923e-11	-10.0	4.7
77.5	1.6522e-12	6.7949e-11	-10.0	4.6
78.0	4.7207e-12	6.8039e-11	-10.0	4.5
78.5	1.0167e-11	6.8111e-11	-10.0	4.4
79.0	1.8809e-11	6.7855e-11	-10.0	4.3
79.5	3.1179e-11	6.831e-11	-10.0	4.2
80.0	4.9341e-11	6.8233e-11	-10.0	4.1
80.5	7.3454e-11	6.8098e-11	-10.0	4.0
81.0	1.0288e-10	6.8213e-11	-10.0	3.9
81.5	1.4205e-10	6.8302e-11	-10.0	3.8
82.0	1.8972e-10	6.7966e-11	-10.0	3.7
82.5	2.5117e-10	6.8294e-11	-10.0	3.6
83.0	3.4202e-10	6.8318e-11	-10.0	3.5
83.5	4.7827e-10	6.9531e-11	-10.0	3.4
84.0	6.4773e-10	6.9493e-11	-10.0	3.3
84.5	8.5392e-10	7.091e-11	-10.0	3.2
85.0	1.1224e-09	7.37e-11	-10.0	3.1
85.5	1.4841e-09	7.6501e-11	-10.0	3.0
86.0	1.9934e-09	7.8765e-11	-10.0	2.9
86.5	2.7461e-09	8.194e-11	-10.0	2.8
87.0	3.8073e-09	8.6285e-11	-10.0	2.7
87.5	5.2943e-09	9.5667e-11	-10.0	2.6
88.0	7.3821e-09	1.1183e-10	-10.0	2.5
88.5	1.0358e-08	1.2857e-10	-10.0	2.4
89.0	1.4719e-08	1.4628e-10	-10.0	2.3
89.5	2.105e-08	1.7349e-10	-10.0	2.2
90.0	3.0447e-08	2.0715e-10	-10.0	2.1
90.5	4.484e-08	2.189e-10	-10.0	2.0
91.0	6.7207e-08	1.8837e-10	-10.0	1.9
91.5	1.0374e-07	4.9105e-10	-10.0	1.8
92.0	1.6223e-07	2.5704e-10	-10.0	1.7
92.5	2.4807e-07	1.8215e-10	-10.0	1.6
93.0	3.6312e-07	1.4095e-10	-10.0	1.5
93.5	5.033e-07	1.1875e-10	-10.0	1.4
94.0	6.6559e-07	1.068e-10	-10.0	1.3
94.5	8.4758e-07	1.0022e-10	-10.0	1.2
95.0	1.0475e-06	9.5789e-11	-10.0	1.1
95.5	1.2652e-06	1.0548e-10	-10.0	1.0
96.0	1.4996e-06	9.1139e-11	-10.0	0.9
96.5	1.7502e-06	8.9989e-11	-10.0	0.8
97.0	2.0167e-06	8.9095e-11	-10.0	0.7
97.5	2.2994e-06	8.8662e-11	-10.0	0.6
98.0	2.5957e-06	8.8385e-11	-10.0	0.5
98.5	2.9065e-06	1.1011e-10	-10.0	0.4
99.0	3.2296e-06	8.8994e-11	-10.0	0.3
99.5	3.5654e-06	8.9431e-11	-10.0	0.2
100.0	3.9128e-06	8.9724e-11	-10.0	0.1
100.5	4.2719e-06	9.1417e-11	-10.0	-1.5293e-14
101.0	4.641e-06	9.2208e-11	-10.0	-0.1
101.5	5.0213e-06	9.2632e-11	-10.0	-0.2
102.0	5.4099e-06	9.3552e-11	-10.0	-0.3
102.5	5.8112e-06	9.4245e-11	-10.0	-0.4
103.0	6.217e-06	9.4922e-11	-10.0	-0.5
103.5	6.6352e-06	9.5514e-11	-10.0	-0.6
104.0	7.059e-06	9.6464e-11	-10.0	-0.7
104.5	7.4915e-06	9.7122e-11	-10.0	-0.8
105.0	7.9307e-06	9.8062e-11	-10.0	-0.9
105.5	8.378e-06	9.8784e-11	-10.0	-1.0
106.0	8.8316e-06	9.3499e-11	-10.0	-1.1
106.5	9.2924e-06	2.4773e-10	-10.0	-1.2
107.0	9.7585e-06	1.0185e-10	-10.0	-1.3
107.5	1.0229e-05	1.0212e-10	-10.0	-1.4
108.0	1.0709e-05	1.1369e-10	-10.0	-1.5
108.5	1.1193e-05	1.0355e-10	-10.0	-1.6
109.0	1.1683e-05	1.0498e-10	-10.0	-1.7
109.5	1.218e-05	1.0549e-10	-10.0	-1.8
110.0	1.2679e-05	1.0689e-10	-10.0	-1.9
110.5	1.3185e-05	1.0792e-10	-10.0	-2.0
111.0	1.3698e-05	1.0914e-10	-10.0	-2.1
111.5	1.4212e-05	1.097e-10	-10.0	-2.2
112.0	1.4731e-05	1.1038e-10	-10.0	-2.3
112.5	1.5254e-05	1.1264e-10	-10.0	-2.4
113.0	1.578e-05	1.1277e-10	-10.0	-2.5
113.5	1.6314e-05	1.1458e-10	-10.0	-2.6
114.0	1.6848e-05	1.1706e-10	-10.0	-2.7
114.5	1.7385e-05	1.1799e-10	-10.0	-2.8
115.0	1.7929e-05	1.1905e-10	-10.0	-2.9
115.5	1.8476e-05	1.2018e-10	-10.0	-3.0
116.0	1.9019e-05	1.2178e-10	-10.0	-3.1
116.5	1.957e-05	1.2389e-10	-10.0	-3.2
117.0	2.0125e-05	1.2533e-10	-10.0	-3.3
117.5	2.0678e-05	1.26e-10	-10.0	-3.4
118.0	2.1239e-05	1.2753e-10	-10.0	-3.5
118.5	2.18e-05	1.2923e-10	-10.0	-3.6
119.0	2.2363e-05	1.3112e-10	-10.0	-3.7
119.5	2.2926e-05	1.3282e-10	-10.0	-3.8
120.0	2.3491e-05	1.3367e-10	-10.0	-3.9
120.5	2.4062e-05	1.3572e-10	-10.0	-4.0
121.0	2.4634e-05	1.3568e-10	-10.0	-4.1
121.5	2.5207e-05	1.626e-10	-10.0	-4.2
122.0	2.5785e-05	1.6481e-10	-10.0	-4.3
122.5	2.6363e-05	1.4276e-10	-10.0	-4.4
123.0	2.6938e-05	1.4515e-10	-10.0	-4.5
123.5	2.7519e-05	1.4605e-10	-10.0	-4.6
124.0	2.81e-05	1.4921e-10	-10.0	-4.7
124.5	2.8678e-05	1.5075e-10	-10.0	-4.8
125.0	2.9267e-05	1.5268e-10	-10.0	-4.9
125.5	2.9847e-05	1.543e-10	-10.0	-5.0
126.0	3.0433e-05	1.5701e-10	-10.0	-5.1
126.5	3.1018e-05	1.5878e-10	-10.0	-5.2
127.0	3.1604e-05	1.611e-10	-10.0	-5.3
127.5	3.2193e-05	1.6314e-10	-10.0	-5.4
128.0	3.2782e-05	1.657e-10	-10.0	-5.5
128.5	3.3368e-05	1.6678e-10	-10.0	-5.6
129.0	3.3958e-05	1.7e-10	-10.0	-5.7
129.5	3.4547e-05	1.7239e-10	-10.0	-5.8
130.0	3.5131e-05	1.7517e-10	-10.0	-5.9
130.5	3.5724e-05	1.7735e-10	-10.0	-6.0
131.0	3.6307e-05	1.7933e-10	-10.0	-6.1
131.5	3.6904e-05	1.8138e-10	-10.0	-6.2
132.0	3.7486e-05	1.8454e-10	-10.0	-6.3
132.5	3.8069e-05	1.8725e-10	-10.0	-6.4
133.0	3.8656e-05	1.8946e-10	-10.0	-6.5
133.5	3.9241e-05	1.9225e-10	-10.0	-6.6
134.0	3.9817e-05	1.9472e-10	-10.0	-6.7
134.5	4.0399e-05	1.9738e-10	-10.0	-6.8
135.0	4.0976e-05	2.0145e-10	-10.0	-6.9
135.5	4.1551e-05	2.0359e-10	-10.0	-7.0
136.0	4.2117e-05	2.0709e-10	-10.0	-7.1
136.5	4.2685e-05	1.9879e-10	-10.0	-7.2
137.0	4.3257e-05	3.7601e-10	-10.0	-7.3
137.5	4.3817e-05	2.2028e-10	-10.0	-7.4
138.0	4.4373e-05	2.2698e-10	-10.0	-7.5
138.5	4.4924e-05	2.3998e-10	-10.0	-7.6
139.0	4.5465e-05	2.5305e-10	-10.0	-7.7
139.5	4.6005e-05	2.559e-10	-10.0	-7.8
140.0	4.6542e-05	2.6446e-10	-10.0	-7.9
140.5	4.7062e-05	2.7529e-10	-10.0	-8.0
141.0	4.7585e-05	2.8385e-10	-10.0	-8.1
141.5	4.8098e-05	2.8122e-10	-10.0	-8.2
142.0	4.8602e-05	2.7792e-10	-10.0	-8.3
142.5	4.9106e-05	2.6973e-10	-10.0	-8.4
143.0	4.9593e-05	2.6252e-10	-10.0	-8.5
143.5	5.0065e-05	2.5891e-10	-10.0	-8.6
144.0	5.053e-05	2.5988e-10	-10.0	-8.7
144.5	5.0983e-05	2.6143e-10	-10.0	-8.8
145.0	5.1428e-05	2.6537e-10	-10.0	-8.9
145.5	5.1858e-05	2.6967e-10	-10.0	-9.0
146.0	5.2296e-05	2.7414e-10	-10.0	-9.1
146.5	5.2704e-05	2.7885e-10	-10.0	-9.2
147.0	5.3108e-05	2.8291e-10	-10.0	-9.3
147.5	5.3514e-05	2.8769e-10	-10.0	-9.4
148.0	5.3904e-05	2.9182e-10	-10.0	-9.5
148.5	5.4271e-05	2.961e-10	-10.0	-9.6
149.0	5.4644e-05	3.0034e-10	-10.0	-9.7
149.5	5.5003e-05	3.0683e-10	-10.0	-9.8
150.0	5.5354e-05	3.1274e-10	-10.0	-9.9
150.5	5.5707e-05	3.1785e-10	-10.0	-10.0
151.0	5.6034e-05	3.2441e-10	-10.0	-10.1
151.5	5.6363e-05	3.235e-10	-10.0	-10.2
152.0	5.6674e-05	5.1945e-10	-10.0	-10.3
152.5	5.6991e-05	3.4072e-10	-10.0	-10.4
153.0	5.7303e-05	3.4726e-10	-10.0	-10.5
153.5	5.7603e-05	3.5123e-10	-10.0	-10.6
154.0	5.7895e-05	3.5713e-10	-10.0	-10.7
154.5	5.8177e-05	3.6268e-10	-10.0	-10.8
155.0	5.8446e-05	3.6932e-10	-10.0	-10.9
155.5	5.8715e-05	3.75e-10	-10.0	-11.0
156.0	5.8983e-05	3.801e-10	-10.0	-11.1
156.5	5.9244e-05	3.8851e-10	-10.0	-11.2
157.0	5.9489e-05	3.9517e-10	-10.0	-11.3
157.5	5.9752e-05	4.0085e-10	-10.0	-11.4
158.0	5.9986e-05	4.0786e-10	-10.0	-11.5
158.5	6.0219e-05	4.1478e-10	-10.0	-11.6
159.0	6.0447e-05	4.2194e-10	-10.0	-11.7
159.5	6.0677e-05	4.2857e-10	-10.0	-11.8
160.0	6.0895e-05	4.3578e-10	-10.0	-11.9
160.5	6.111e-05	4.4253e-10	-10.0	-12.0
161.0	6.1323e-05	4.4814e-10	-10.0	-12.1
161.5	6.1533e-05	4.5607e-10	-10.0	-12.2
162.0	6.1738e-05	4.6495e-10	-10.0	-12.3
162.5	6.1916e-05	4.7292e-10	-10.0	-12.4
163.0	6.2117e-05	4.7951e-10	-10.0	-12.5
163.5	6.2303e-05	4.8801e-10	-10.0	-12.6
164.0	6.2483e-05	4.9395e-10	-10.0	-12.7
164.5	6.267e-05	5.0283e-10	-10.0	-12.8
165.0	6.284e-05	5.1119e-10	-10.0	-12.9
165.5	6.3004e-05	5.175e-10	-10.0	-13.0
166.0	6.3173e-05	5.2711e-10	-10.0	-13.1
166.5	6.3333e-05	5.3502e-10	-10.0	-13.2
167.0	6.3501e-05	7.6455e-10	-10.0	-13.3
167.5	6.3655e-05	5.5288e-10	-10.0	-13.4
168.0	6.3816e-05	5.6338e-10	-10.0	-13.5
168.5	6.3971e-05	5.6967e-10	-10.0	-13.6
169.0	6.4109e-05	5.8073e-10	-10.0	-13.7
169.5	6.4244e-05	5.8899e-10	-10.0	-13.8
170.0	6.4387e-05	5.9977e-10	-10.0	-13.9
170.5	6.4526e-05	6.0979e-10	-10.0	-14.0
171.0	6.4655e-05	6.1834e-10	-10.0	-14.1
171.5	6.4787e-05	6.2757e-10	-10.0	-14.2
172.0	6.4904e-05	6.3648e-10	-10.0	-14.3
172.5	6.5024e-05	6.4693e-10	-10.0	-14.4
173.0	6.5131e-05	6.5632e-10	-10.0	-14.5
173.5	6.5251e-05	6.6736e-10	-10.0	-14.6
174.0	6.5353e-05	6.7679e-10	-10.0	-14.7
174.5	6.5457e-05	6.8895e-10	-10.0	-14.8
175.0	6.5565e-05	6.9676e-10	-10.0	-14.9
175.5	6.5661e-05	7.0684e-10	-10.0	-15.0
176.0	6.5647e-05	6.7908e-10	-10.0	-15.0
176.5	6.5738e-05	7.1244e-10	-10.0	-15.1
177.0	6.5605e-05	5.0334e-10	-10.0	-15.0
177.5	6.5469e-05	4.7904e-10	-10.0	-14.9
178.0	6.533e-05	4.6233e-10	-10.0	-14.8
178.5	6.5204e-05	4.481e-10	-10.0	-14.7
179.0	6.5069e-05	4.3538e-10	-10.0	-14.6
179.5	6.4921e-05	4.241e-10	-10.0	-14.5
180.0	6.4781e-05	4.1517e-10	-10.0	-14.4
180.5	6.4647e-05	4.032e-10	-10.0	-14.3
181.0	6.4501e-05	3.9359e-10	-10.0	-14.2
181.5	6.4361e-05	3.8376e-10	-10.0	-14.1
182.0	6.4207e-05	4.0234e-10	-10.0	-14.0
182.5	6.4048e-05	1.4102e-10	-10.0	-13.9
183.0	6.3896e-05	3.549e-10	-10.0	-13.8
183.5	6.373e-05	3.4771e-10	-10.0	-13.7
184.0	6.3571e-05	3.3817e-10	-10.0	-13.6
184.5	6.3409e-05	3.2955e-10	-10.0	-13.5
185.0	6.3234e-05	3.2207e-10	-10.0	-13.4
185.5	6.3069e-05	3.1477e-10	-10.0	-13.3
186.0	6.289e-05	3.0656e-10	-10.0	-13.2
186.5	6.2708e-05	2.9966e-10	-10.0	-13.1
187.0	6.2525e-05	2.9123e-10	-10.0	-13.0
187.5	6.2345e-05	2.8522e-10	-10.0	-12.9
188.0	6.2157e-05	2.7625e-10	-10.0	-12.8
188.5	6.1959e-05	2.693e-10	-10.0	-12.7
189.0	6.1761e-05	2.6199e-10	-10.0	-12.6
189.5	6.1568e-05	2.5552e-10	-10.0	-12.5
190.0	6.136e-05	2.4967e-10	-10.0	-12.4
190.5	6.1151e-05	2.4375e-10	-10.0	-12.3
191.0	6.0934e-05	2.3653e-10	-10.0	-12.2
191.5	6.072e-05	2.2963e-10	-10.0	-12.1
192.0	6.049e-05	2.2304e-10	-10.0	-12.0
192.5	6.0269e-05	2.1538e-10	-10.0	-11.9
193.0	6.0037e-05	2.1045e-10	-10.0	-11.8
193.5	5.979e-05	2.0515e-10	-10.0	-11.7
194.0	5.955e-05	1.9885e-10	-10.0	-11.6
194.5	5.9304e-05	1.9322e-10	-10.0	-11.5
195.0	5.9048e-05	1.8725e-10	-10.0	-11.4
195.5	5.879e-05	1.8196e-10	-10.0	-11.3
196.0	5.853e-05	1.7837e-10	-10.0	-11.2
196.5	5.8262e-05	1.7241e-10	-10.0	-11.1
197.0	5.7977e-05	1.7275e-10	-10.0	-11.0
197.5	5.7699e-05	5.8045e-11	-10.0	-10.9
198.0	5.7404e-05	1.5658e-10	-10.0	-10.8
198.5	5.7106e-05	1.5322e-10	-10.0	-10.7
199.0	5.6801e-05	1.4828e-10	-10.0	-10.6
199.5	5.6498e-05	1.4172e-10	-10.0	-10.5
200.0	5.619e-05	1.3922e-10	-10.0	-10.4
200.5	5.5861e-05	1.3508e-10	-10.0	-10.3
201.0	5.5538e-05	1.2982e-10	-10.0	-10.2
201.5	5.52e-05	1.2599e-10	-10.0	-10.1
202.0	5.4869e-05	1.2129e-10	-10.0	-10.0
202.5	5.4512e-05	1.1847e-10	-10.0	-9.9
203.0	5.4154e-05	1.1445e-10	-10.0	-9.8
203.5	5.3789e-05	1.1028e-10	-10.0	-9.7
204.0	5.341e-05	1.0647e-10	-10.0	-9.6
204.5	5.3025e-05	1.0315e-10	-10.0	-9.5
205.0	5.2631e-05	1.0039e-10	-10.0	-9.4
205.5	5.2229e-05	9.6844e-11	-10.0	-9.3
206.0	5.1819e-05	9.174e-11	-10.0	-9.2
206.5	5.1397e-05	8.9865e-11	-10.0	-9.1
207.0	5.0961e-05	8.7842e-11	-10.0	-9.0
207.5	5.052e-05	8.3408e-11	-10.0	-8.9
208.0	5.0083e-05	7.9658e-11	-10.0	-8.8
208.5	4.9611e-05	7.5469e-11	-10.0	-8.7
209.0	4.9149e-05	6.8322e-11	-10.0	-8.6
209.5	4.8669e-05	5.8821e-11	-10.0	-8.5
210.0	4.818e-05	4.9352e-11	-10.0	-8.4
210.5	4.7684e-05	3.8383e-11	-10.0	-8.3
211.0	4.7172e-05	3.1945e-11	-10.0	-8.2
211.5	4.6654e-05	2.9457e-11	-10.0	-8.1
212.0	4.6138e-05	2.9561e-11	-10.0	-8.0
212.5	4.561e-05	1.61e-10	-10.0	-7.9
213.0	4.5074e-05	4.6244e-11	-10.0	-7.8
213.5	4.4537e-05	3.3485e-11	-10.0	-7.7
214.0	4.3988e-05	3.7183e-11	-10.0	-7.6
214.5	4.344e-05	3.6387e-11	-10.0	-7.5
215.0	4.2886e-05	3.8531e-11	-10.0	-7.4
215.5	4.2325e-05	4.0761e-11	-10.0	-7.3
216.0	4.1761e-05	3.7223e-11	-10.0	-7.2
216.5	4.1199e-05	3.5769e-11	-10.0	-7.1
217.0	4.0628e-05	3.3146e-11	-10.0	-7.0
217.5	4.0068e-05	3.1706e-11	-10.0	-6.9
218.0	3.9493e-05	2.9564e-11	-10.0	-6.8
218.5	3.892e-05	2.6867e-11	-10.0	-6.7
219.0	3.8346e-05	2.4693e-11	-10.0	-6.6
219.5	3.7766e-05	2.1693e-11	-10.0	-6.5
220.0	3.7181e-05	1.9709e-11	-10.0	-6.4
220.5	3.6603e-05	1.7705e-11	-10.0	-6.3
221.0	3.6025e-05	1.3924e-11	-10.0	-6.2
221.5	3.5446e-05	1.4011e-11	-10.0	-6.1
222.0	3.4861e-05	1.1296e-11	-10.0	-6.0
222.5	3.4284e-05	8.9181e-12	-10.0	-5.9
223.0	3.3698e-05	6.9225e-12	-10.0	-5.8
223.5	3.3121e-05	4.5013e-12	-10.0	-5.7
224.0	3.2537e-05	2.9755e-12	-10.0	-5.6
224.5	3.1956e-05	1.1754e-12	-10.0	-5.5
225.0	3.1385e-05	1.03e-12	-10.0	-5.4
225.5	3.0803e-05	3.3402e-12	-10.0	-5.3
226.0	3.0226e-05	5.5814e-12	-10.0	-5.2
226.5	2.9645e-05	7.453e-12	-10.0	-5.1
227.0	2.9073e-05	9.5868e-12	-10.0	-5.0
227.5	2.8496e-05	3.2055e-12	-10.0	-4.9
228.0	2.7921e-05	1.7725e-10	-10.0	-4.8
228.5	2.7348e-05	1.495e-11	-10.0	-4.7
229.0	2.6782e-05	1.6239e-11	-10.0	-4.6
229.5	2.6209e-05	1.882e-11	-10.0	-4.5
230.0	2.5639e-05	1.992e-11	-10.0	-4.4
230.5	2.5073e-05	2.131e-11	-10.0	-4.3
231.0	2.4509e-05	2.3482e-11	-10.0	-4.2
231.5	2.3941e-05	2.4593e-11	-10.0	-4.1
232.0	2.3381e-05	2.5903e-11	-10.0	-4.0
232.5	2.2825e-05	2.7417e-11	-10.0	-3.9
233.0	2.2269e-05	2.8822e-11	-10.0	-3.8
233.5	2.1714e-05	3.0359e-11	-10.0	-3.7
234.0	2.1158e-05	3.1239e-11	-10.0	-3.6
234.5	2.0607e-05	3.2983e-11	-10.0	-3.5
235.0	2.0057e-05	3.3228e-11	-10.0	-3.4
235.5	1.9513e-05	3.5403e-11	-10.0	-3.3
236.0	1.8972e-05	3.5342e-11	-10.0	-3.2
236.5	1.843e-05	3.5595e-11	-10.0	-3.1
237.0	1.7893e-05	3.7843e-11	-10.0	-3.0
237.5	1.736e-05	3.8964e-11	-10.0	-2.9
238.0	1.683e-05	4.0307e-11	-10.0	-2.8
238.5	1.6304e-05	4.0948e-11	-10.0	-2.7
239.0	1.5779e-05	4.1665e-11	-10.0	-2.6
239.5	1.5257e-05	4.2321e-11	-10.0	-2.5
240.0	1.4736e-05	4.3781e-11	-10.0	-2.4
240.5	1.4225e-05	4.3529e-11	-10.0	-2.3
241.0	1.3712e-05	4.4579e-11	-10.0	-2.2
241.5	1.3209e-05	4.524e-11	-10.0	-2.1
242.0	1.2703e-05	4.547e-11	-10.0	-2.0
242.5	1.2208e-05	4.3281e-11	-10.0	-1.9
243.0	1.1715e-05	2.1638e-10	-10.0	-1.8
243.5	1.1226e-05	4.6231e-11	-10.0	-1.7
244.0	1.0746e-05	4.6506e-11	-10.0	-1.6
244.5	1.027e-05	4.6914e-11	-10.0	-1.5
245.0	9.802e-06	4.7079e-11	-10.0	-1.4
245.5	9.3362e-06	5.3335e-11	-10.0	-1.3
246.0	8.8785e-06	4.7518e-11	-10.0	-1.2
246.5	8.4255e-06	4.7443e-11	-10.0	-1.1
247.0	7.979e-06	4.7271e-11	-10.0	-1.0
247.5	7.5393e-06	4.7491e-11	-10.0	-0.9
248.0	7.1068e-06	4.7607e-11	-10.0	-0.8
248.5	6.6815e-06	4.7565e-11	-10.0	-0.7
249.0	6.265e-06	4.8126e-11	-10.0	-0.6
249.5	5.8568e-06	4.7929e-11	-10.0	-0.5
250.0	5.4571e-06	4.7873e-11	-10.0	-0.4
250.5	5.0645e-06	4.805e-11	-10.0	-0.3
251.0	4.6827e-06	4.8091e-11	-10.0	-0.2
251.5	4.3112e-06	4.8402e-11	-10.0	-0.1
252.0	3.9497e-06	4.8959e-11	-10.0	-3.6554e-14
252.5	3.5994e-06	4.9284e-11	-10.0	0.1
253.0	3.2601e-06	4.9539e-11	-10.0	0.2
253.5	2.9337e-06	5.0412e-11	-10.0	0.3
254.0	2.6201e-06	5.1491e-11	-10.0	0.4
254.5	2.3206e-06	5.2661e-11	-10.0	0.5
255.0	2.0356e-06	5.4839e-11	-10.0	0.6
255.5	1.7662e-06	5.731e-11	-10.0	0.7
256.0	1.5132e-06	6.1177e-11	-10.0	0.8
256.5	1.277e-06	6.6072e-11	-10.0	0.9
257.0	1.0585e-06	7.27e-11	-10.0	1.0
257.5	8.5829e-07	7.8598e-11	-10.0	1.1
258.5	6.7686e-07	3.0315e-11	-10.0	1.2
259.0	5.1515e-07	9.0049e-11	-10.0	1.3
259.5	3.7493e-07	1.0216e-10	-10.0	1.4
260.0	2.5817e-07	1.1772e-10	-10.0	1.5
260.5	1.6714e-07	1.3722e-10	-10.0	1.6
261.0	1.0305e-07	1.5565e-10	-10.0	1.7
261.5	6.2427e-08	1.6466e-10	-10.0	1.8
262.0	3.8218e-08	2.719e-10	-10.0	1.9
262.5	2.4083e-08	1.6037e-10	-10.0	2.0
263.0	1.536e-08	1.482e-10	-10.0	2.1
263.5	9.9692e-09	1.2828e-10	-10.0	2.2
264.0	6.5779e-09	1.1303e-10	-10.0	2.3
264.5	4.4176e-09	1.016e-10	-10.0	2.4
265.0	3.0363e-09	9.0445e-11	-10.0	2.5
265.5	2.1066e-09	8.1904e-11	-10.0	2.6
266.0	1.4788e-09	7.4729e-11	-10.0	2.7
266.5	1.0603e-09	6.9649e-11	-10.0	2.8
267.0	7.5786e-10	6.5365e-11	-10.0	2.9
267.5	5.4486e-10	6.2679e-11	-10.0	3.0
268.0	3.8414e-10	6.0219e-11	-10.0	3.1
268.5	2.8109e-10	5.8296e-11	-10.0	3.2
269.0	2.1536e-10	5.7373e-11	-10.0	3.3
269.5	1.7068e-10	5.5923e-11	-10.0	3.4
270.0	1.3585e-10	5.4541e-11	-10.0	3.5
270.5	1.0942e-10	5.4043e-11	-10.0	3.6
271.0	8.8485e-11	5.3096e-11	-10.0	3.7
271.5	7.1528e-11	5.242e-11	-10.0	3.8
272.0	5.7881e-11	5.1841e-11	-10.0	3.9
272.5	4.6824e-11	5.1137e-11	-10.0	4.0
273.0	3.2978e-11	4.6349e-11	-10.0	4.1
273.5	4.1714e-11	1.2809e-10	-10.0	4.2
274.0	3.0909e-11	5.039e-11	-10.0	4.3
274.5	2.8219e-11	5.0027e-11	-10.0	4.4
275.0	2.7573e-11	4.9857e-11	-10.0	4.5
275.5	2.7031e-11	4.9906e-11	-10.0	4.6
276.0	2.6835e-11	4.9795e-11	-10.0	4.7
276.5	2.6803e-11	4.9676e-11	-10.0	4.8
277.0	2.6641e-11	4.949e-11	-10.0	4.9
277.5	2.6516e-11	4.9376e-11	-10.0	5.0
278.0	2.6282e-11	4.9043e-11	-10.0	5.1
278.5	2.6434e-11	4.8734e-11	-10.0	5.2
279.0	2.6118e-11	4.8516e-11	-10.0	5.3
279.5	2.6056e-11	4.8625e-11	-10.0	5.4
280.0	2.6015e-11	4.84e-11	-10.0	5.5
280.5	2.6027e-11	4.8428e-11	-10.0	5.6
281.0	2.5892e-11	4.836e-11	-10.0	5.7
281.5	2.6051e-11	4.85e-11	-10.0	5.8
282.0	2.5892e-11	4.8353e-11	-10.0	5.9
282.5	2.5725e-11	4.8116e-11	-10.0	6.0
283.0	2.5885e-11	4.7959e-11	-10.0	6.1
283.5	2.5749e-11	4.8e-11	-10.0	6.2
284.0	2.5604e-11	4.7767e-11	-10.0	6.3
284.5	2.5467e-11	4.7791e-11	-10.0	6.4
285.0	2.5549e-11	4.745e-11	-10.0	6.5
285.5	2.5619e-11	4.7493e-11	-10.0	6.6
286.0	2.5505e-11	4.7344e-11	-10.0	6.7
286.5	2.551e-11	4.7623e-11	-10.0	6.8
287.0	2.5468e-11	4.7373e-11	-10.0	6.9
287.5	2.5237e-11	4.7482e-11	-10.0	7.0
288.0	2.0902e-11	4.6023e-11	-10.0	7.1
288.5	3.3799e-11	1.2401e-10	-10.0	7.2
289.0	2.6026e-11	4.7206e-11	-10.0	7.3
289.5	2.5234e-11	4.7332e-11	-10.0	7.4
290.0	2.5328e-11	4.7466e-11	-10.0	7.5
290.5	2.5287e-11	4.7331e-11	-10.0	7.6
291.0	2.5282e-11	4.7425e-11	-10.0	7.7
291.5	2.5226e-11	4.7398e-11	-10.0	7.8
292.0	2.5082e-11	4.7387e-11	-10.0	7.9
292.5	2.5209e-11	4.7287e-11	-10.0	8.0
293.0	2.4984e-11	4.7516e-11	-10.0	8.1
293.5	2.5284e-11	4.7576e-11	-10.0	8.2
294.0	2.5184e-11	4.7104e-11	-10.0	8.3
294.5	2.5098e-11	4.7402e-11	-10.0	8.4
295.0	2.4868e-11	4.7201e-11	-10.0	8.5
295.5	2.5293e-11	4.7154e-11	-10.0	8.6
296.0	2.4918e-11	4.7222e-11	-10.0	8.7
296.5	2.5216e-11	4.7115e-11	-10.0	8.8
297.0	2.5084e-11	4.7171e-11	-10.0	8.9
297.5	2.5017e-11	4.7071e-11	-10.0	9.0
298.0	2.4971e-11	4.7044e-11	-10.0	9.1
298.5	2.4977e-11	4.7438e-11	-10.0	9.2
299.0	2.4843e-11	4.715e-11	-10.0	9.3
299.5	2.4944e-11	4.7088e-11	-10.0	9.4
300.0	2.5029e-11	4.6928e-11	-10.0	9.5
300.5	2.4805e-11	4.7083e-11	-10.0	9.6
301.0	2.4767e-11	4.6998e-11	-10.0	9.7
301.5	2.4908e-11	4.6873e-11	-10.0	9.8
302.0	2.4748e-11	4.7135e-11	-10.0	9.9
302.5	2.4842e-11	4.7275e-11	-10.0	10.0
303.0	2.1161e-11	4.6864e-11	-10.0	10.1
303.5	3.2961e-11	1.2425e-10	-10.0	10.2
304.0	2.5476e-11	4.6921e-11	-10.0	10.3
304.5	2.4761e-11	4.6833e-11	-10.0	10.4
305.0	2.4918e-11	4.6961e-11	-10.0	10.5
305.5	2.4757e-11	4.6653e-11	-10.0	10.6
306.0	2.4759e-11	4.6725e-11	-10.0	10.7
306.5	2.4751e-11	4.6743e-11	-10.0	10.8
307.0	2.4492e-11	4.6572e-11	-10.0	10.9
307.5	2.4811e-11	4.6914e-11	-10.0	11.0
308.0	2.4664e-11	4.6906e-11	-10.0	11.1
308.5	2.4681e-11	4.6669e-11	-10.0	11.2
309.0	2.4821e-11	4.668e-11	-10.0	11.3
309.5	2.4559e-11	4.6413e-11	-10.0	11.4
310.0	2.4637e-11	4.6618e-11	-10.0	11.5
310.5	2.4658e-11	4.6412e-11	-10.0	11.6
311.0	2.465e-11	4.6637e-11	-10.0	11.7
311.5	2.4645e-11	4.6421e-11	-10.0	11.8
312.0	2.4877e-11	4.6507e-11	-10.0	11.9
312.5	2.4808e-11	4.6257e-11	-10.0	12.0
313.0	2.4694e-11	4.6029e-11	-10.0	12.1
313.5	2.465e-11	4.635e-11	-10.0	12.2
314.0	2.4701e-11	4.6039e-11	-10.0	12.3
314.5	2.4594e-11	4.6363e-11	-10.0	12.4
315.0	2.4495e-11	4.6194e-11	-10.0	12.5
315.5	2.4335e-11	4.6143e-11	-10.0	12.6
316.0	2.4432e-11	4.6267e-11	-10.0	12.7
316.5	2.461e-11	4.6564e-11	-10.0	12.8
317.0	2.4487e-11	4.6206e-11	-10.0	12.9
317.5	2.461e-11	4.6304e-11	-10.0	13.0
318.0	2.4492e-11	4.6057e-11	-10.0	13.1
318.5	1.882e-11	4.1236e-11	-10.0	13.2
319.0	3.2774e-11	1.2372e-10	-10.0	13.3
319.5	2.5289e-11	4.6138e-11	-10.0	13.4
320.0	2.4325e-11	4.6582e-11	-10.0	13.5
320.5	2.4464e-11	4.6172e-11	-10.0	13.6
321.0	2.4389e-11	4.6288e-11	-10.0	13.7
321.5	2.447e-11	4.6032e-11	-10.0	13.8
322.0	2.4405e-11	4.6237e-11	-10.0	13.9
322.5	2.4475e-11	4.6219e-11	-10.0	14.0
323.0	2.421e-11	4.6283e-11	-10.0	14.1
323.5	2.4445e-11	4.6328e-11	-10.0	14.2
324.0	2.4465e-11	4.6709e-11	-10.0	14.3
324.5	2.4438e-11	4.6175e-11	-10.0	14.4
325.0	2.4493e-11	4.6274e-11	-10.0	14.5
325.5	2.422e-11	4.6105e-11	-10.0	14.6
326.0	2.4422e-11	4.6241e-11	-10.0	14.7
326.5	2.4362e-11	4.6312e-11	-10.0	14.8
327.0	2.4463e-11	4.6364e-11	-10.0	14.9
327.5	2.4358e-11	4.6053e-11	-10.0	15.0
328.0	2.4338e-11	4.6366e-11	-10.0	15.1
328.5	2.4353e-11	4.629e-11	-10.0	15.2
329.0	2.4465e-11	4.6263e-11	-10.0	15.3
329.5	2.4413e-11	4.6389e-11	-10.0	15.4
330.0	2.4381e-11	4.6265e-11	-10.0	15.5
330.5	2.4413e-11	4.6142e-11	-10.0	15.6
331.0	2.4387e-11	4.6279e-11	-10.0	15.7
331.5	2.4452e-11	4.6726e-11	-10.0	15.8
332.0	2.4421e-11	4.639e-11	-10.0	15.9
332.5	2.4296e-11	4.6246e-11	-10.0	16.0
333.0	2.4405e-11	4.6304e-11	-10.0	16.1
333.5	1.9983e-11	4.4705e-11	-10.0	16.2
334.0	3.2735e-11	1.2578e-10	-10.0	16.3
334.5	2.5106e-11	4.6436e-11	-10.0	16.4
335.0	2.4443e-11	4.6496e-11	-10.0	16.5
335.5	2.4373e-11	4.6279e-11	-10.0	16.6
336.0	2.4306e-11	4.6352e-11	-10.0	16.7
336.5	2.4278e-11	4.6476e-11	-10.0	16.8
337.0	2.4379e-11	4.6473e-11	-10.0	16.9
337.5	2.4273e-11	4.6274e-11	-10.0	17.0
338.0	2.4127e-11	4.6563e-11	-10.0	17.1
338.5	2.4345e-11	4.681e-11	-10.0	17.2
339.0	2.422e-11	4.6442e-11	-10.0	17.3
339.5	2.4322e-11	4.6587e-11	-10.0	17.4
340.0	2.4271e-11	4.6388e-11	-10.0	17.5
340.5	2.4444e-11	4.6576e-11	-10.0	17.6
341.0	2.4346e-11	4.6394e-11	-10.0	17.7
341.5	2.4345e-11	4.6433e-11	-10.0	17.8
342.0	2.4496e-11	4.6626e-11	-10.0	17.9
342.5	2.4312e-11	4.658e-11	-10.0	18.0
343.0	2.4389e-11	4.6266e-11	-10.0	18.1
343.5	2.4207e-11	4.654e-11	-10.0	18.2
344.0	2.4546e-11	4.6693e-11	-10.0	18.3
344.5	2.4265e-11	4.621e-11	-10.0	18.4
345.0	2.4427e-11	4.6433e-11	-10.0	18.5
345.5	2.4458e-11	4.6451e-11	-10.0	18.6
346.0	2.4468e-11	4.6895e-11	-10.0	18.7
346.5	2.4519e-11	4.6284e-11	-10.0	18.8
347.0	2.4602e-11	4.6282e-11	-10.0	18.9
347.5	2.4346e-11	4.6736e-11	-10.0	19.0
348.0	2.4437e-11	4.6717e-11	-10.0	19.1
348.5	2.0651e-11	4.6482e-11	-10.0	19.2
349.0	3.2836e-11	1.2768e-10	-10.0	19.3
349.5	2.5148e-11	4.6604e-11	-10.0	19.4
350.0	2.4477e-11	4.6664e-11	-10.0	19.5
350.5	2.4337e-11	4.6737e-11	-10.0	19.6
351.0	2.4536e-11	4.6658e-11	-10.0	19.7
351.5	2.4338e-11	4.6586e-11	-10.0	19.8
352.0	2.4493e-11	4.661e-11	-10.0	19.9
352.5	2.443e-11	4.6744e-11	-10.0	20.0
353.0	7.6151e-12	2.6755e-11	-10.0	20.0
