Time (s)	|IDrain (A)|	|IGate (A)	Vdrain(V)	Vgate(V)
0.0	1.5427e-05	1.4685e-10	-10.0	-2.5
1.0	1.5432e-05	5.8901e-12	-10.0	-2.5
1.5	1.5434e-05	9.7752e-14	-10.0	-2.5
2.0	1.5438e-05	3.1948e-13	-10.0	-2.5
2.5	1.5442e-05	1.3101e-12	-10.0	-2.5
3.0	1.5445e-05	4.6253e-13	-10.0	-2.5
3.5	1.5449e-05	1.9193e-13	-10.0	-2.5
4.0	1.5453e-05	9.8467e-13	-10.0	-2.5
4.5	1.5455e-05	8.6427e-13	-10.0	-2.5
5.0	1.5458e-05	6.1512e-13	-10.0	-2.5
5.5	1.5461e-05	9.4414e-13	-10.0	-2.5
6.0	1.5462e-05	1.5867e-12	-10.0	-2.5
6.5	1.5465e-05	1.2708e-12	-10.0	-2.5
7.0	1.5467e-05	1.4687e-12	-10.0	-2.5
7.5	1.547e-05	2.0278e-12	-10.0	-2.5
8.0	1.5473e-05	9.2268e-13	-10.0	-2.5
8.5	1.5473e-05	1.5187e-12	-10.0	-2.5
9.0	1.5476e-05	1.4532e-12	-10.0	-2.5
9.5	1.5481e-05	2.3723e-12	-10.0	-2.5
10.0	1.5481e-05	2.3782e-12	-10.0	-2.5
10.5	1.5484e-05	1.7416e-12	-10.0	-2.5
11.0	1.5487e-05	2.6214e-12	-10.0	-2.5
11.5	1.5491e-05	2.2244e-12	-10.0	-2.5
12.0	1.5494e-05	2.836e-12	-10.0	-2.5
12.5	1.5498e-05	2.6918e-12	-10.0	-2.5
13.0	1.5499e-05	2.9719e-12	-10.0	-2.5
13.5	1.5504e-05	2.6107e-12	-10.0	-2.5
14.0	1.5504e-05	2.4462e-12	-10.0	-2.5
14.5	1.5507e-05	2.7168e-12	-10.0	-2.5
15.0	1.5508e-05	2.8753e-12	-10.0	-2.5
15.5	1.5509e-05	3.4797e-12	-10.0	-2.5
16.0	1.5512e-05	3.5417e-12	-10.0	-2.5
16.5	1.5516e-05	3.1078e-12	-10.0	-2.5
17.0	1.5516e-05	2.9194e-12	-10.0	-2.5
17.5	1.5517e-05	3.3534e-12	-10.0	-2.5
18.0	1.5522e-05	3.3414e-12	-10.0	-2.5
18.5	1.5524e-05	3.5346e-12	-10.0	-2.5
19.0	1.5527e-05	3.3176e-12	-10.0	-2.5
19.5	1.553e-05	3.3546e-12	-10.0	-2.5
20.0	1.5532e-05	3.5739e-12	-10.0	-2.5
20.5	1.5535e-05	4.1246e-12	-10.0	-2.5
21.0	1.5537e-05	3.7909e-12	-10.0	-2.5
21.5	1.5538e-05	3.2854e-12	-10.0	-2.5
22.0	1.5543e-05	3.7253e-12	-10.0	-2.5
22.5	1.5544e-05	3.9065e-12	-10.0	-2.5
23.0	1.5548e-05	3.6573e-12	-10.0	-2.5
23.5	1.5548e-05	3.5918e-12	-10.0	-2.5
24.0	1.5554e-05	3.7646e-12	-10.0	-2.5
24.5	1.5553e-05	3.655e-12	-10.0	-2.5
25.0	1.5553e-05	3.3557e-12	-10.0	-2.5
25.5	1.5556e-05	3.8624e-12	-10.0	-2.5
26.0	1.5561e-05	3.8254e-12	-10.0	-2.5
26.5	1.5563e-05	3.8242e-12	-10.0	-2.5
27.0	1.5561e-05	3.7634e-12	-10.0	-2.5
27.5	1.5567e-05	4.0734e-12	-10.0	-2.5
28.0	1.5568e-05	4.0197e-12	-10.0	-2.5
28.5	1.557e-05	3.7539e-12	-10.0	-2.5
29.0	1.5572e-05	3.947e-12	-10.0	-2.5
29.5	1.5574e-05	4.1854e-12	-10.0	-2.5
30.0	1.5578e-05	4.71e-12	-10.0	-2.5
30.5	1.5579e-05	3.9613e-12	-10.0	-2.5
31.0	1.558e-05	3.9136e-12	-10.0	-2.5
31.5	1.5581e-05	4.1139e-12	-10.0	-2.5
32.0	1.5584e-05	3.4869e-12	-10.0	-2.5
32.5	1.5586e-05	4.8053e-12	-10.0	-2.5
33.0	1.5591e-05	4.2951e-12	-10.0	-2.5
33.5	1.559e-05	4.3166e-12	-10.0	-2.5
34.0	1.5591e-05	4.7743e-12	-10.0	-2.5
34.5	1.5593e-05	4.4048e-12	-10.0	-2.5
35.0	1.5594e-05	4.3249e-12	-10.0	-2.5
35.5	1.5597e-05	4.5979e-12	-10.0	-2.5
36.0	1.56e-05	4.3333e-12	-10.0	-2.5
36.5	1.5603e-05	4.8602e-12	-10.0	-2.5
37.0	1.5604e-05	4.6885e-12	-10.0	-2.5
37.5	1.5607e-05	4.4239e-12	-10.0	-2.5
38.0	1.5611e-05	4.8315e-12	-10.0	-2.5
38.5	1.5611e-05	4.735e-12	-10.0	-2.5
39.0	1.5616e-05	4.3142e-12	-10.0	-2.5
39.5	1.5617e-05	4.158e-12	-10.0	-2.5
40.0	1.5619e-05	4.617e-12	-10.0	-2.5
40.5	1.5621e-05	4.9901e-12	-10.0	-2.5
41.0	1.5624e-05	4.3392e-12	-10.0	-2.5
41.5	1.5625e-05	3.9709e-12	-10.0	-2.5
42.0	1.5628e-05	4.6563e-12	-10.0	-2.5
42.5	1.5629e-05	3.7956e-12	-10.0	-2.5
43.0	1.5632e-05	4.3154e-12	-10.0	-2.5
43.5	1.5636e-05	4.3726e-12	-10.0	-2.5
44.0	1.5636e-05	4.7696e-12	-10.0	-2.5
44.5	1.5638e-05	5.0032e-12	-10.0	-2.5
45.0	1.5641e-05	4.2796e-12	-10.0	-2.5
45.5	1.5641e-05	4.4835e-12	-10.0	-2.5
46.0	1.5641e-05	4.2462e-12	-10.0	-2.5
46.5	1.5644e-05	4.0519e-12	-10.0	-2.5
47.0	1.5647e-05	5.0175e-12	-10.0	-2.5
47.5	1.565e-05	4.5526e-12	-10.0	-2.5
48.0	1.565e-05	4.189e-12	-10.0	-2.5
48.5	1.5653e-05	4.8065e-12	-10.0	-2.5
49.0	1.5655e-05	4.828e-12	-10.0	-2.5
49.5	1.5658e-05	4.0495e-12	-10.0	-2.5
50.0	1.566e-05	5.1916e-12	-10.0	-2.5
50.5	1.5661e-05	4.3595e-12	-10.0	-2.5
51.0	1.5661e-05	4.2629e-12	-10.0	-2.5
51.5	1.5662e-05	4.2868e-12	-10.0	-2.5
52.0	1.5665e-05	4.2939e-12	-10.0	-2.5
52.5	1.5667e-05	4.1234e-12	-10.0	-2.5
53.0	1.5669e-05	4.5538e-12	-10.0	-2.5
53.5	1.5671e-05	5.3418e-12	-10.0	-2.5
54.0	1.5672e-05	4.0162e-12	-10.0	-2.5
54.5	1.5673e-05	5.101e-12	-10.0	-2.5
55.0	1.5677e-05	4.9019e-12	-10.0	-2.5
55.5	1.5678e-05	4.4608e-12	-10.0	-2.5
56.0	1.5681e-05	5.1057e-12	-10.0	-2.5
56.5	1.5682e-05	4.7541e-12	-10.0	-2.5
57.0	1.5683e-05	4.0662e-12	-10.0	-2.5
57.5	1.5686e-05	5.2762e-12	-10.0	-2.5
58.0	1.569e-05	4.189e-12	-10.0	-2.5
58.5	1.569e-05	4.7255e-12	-10.0	-2.5
59.0	1.5692e-05	4.9722e-12	-10.0	-2.5
59.5	1.5694e-05	4.4262e-12	-10.0	-2.5
60.0	1.5698e-05	4.3487e-12	-10.0	-2.5
60.5	1.57e-05	4.4227e-12	-10.0	-2.5
61.0	1.5703e-05	4.4715e-12	-10.0	-2.5
61.5	1.5704e-05	4.2415e-12	-10.0	-2.5
62.0	1.5701e-05	4.7374e-12	-10.0	-2.5
62.5	1.5704e-05	4.8327e-12	-10.0	-2.5
63.0	1.5709e-05	4.3917e-12	-10.0	-2.5
63.5	1.5709e-05	4.1771e-12	-10.0	-2.5
64.0	1.5713e-05	4.9853e-12	-10.0	-2.5
64.5	1.5712e-05	4.2725e-12	-10.0	-2.5
65.0	1.5714e-05	4.9377e-12	-10.0	-2.5
65.5	1.5714e-05	4.6766e-12	-10.0	-2.5
66.0	1.5715e-05	5.0092e-12	-10.0	-2.5
66.5	1.5717e-05	4.3392e-12	-10.0	-2.5
67.0	1.572e-05	4.3213e-12	-10.0	-2.5
67.5	1.5722e-05	5.2214e-12	-10.0	-2.5
68.0	1.5725e-05	4.4632e-12	-10.0	-2.5
68.5	1.5725e-05	4.5872e-12	-10.0	-2.5
69.0	1.5728e-05	4.5001e-12	-10.0	-2.5
69.5	1.5728e-05	3.9375e-12	-10.0	-2.5
70.0	1.5728e-05	4.4107e-12	-10.0	-2.5
70.5	1.5729e-05	4.6861e-12	-10.0	-2.5
71.0	1.5732e-05	4.5848e-12	-10.0	-2.5
71.5	1.5733e-05	4.7493e-12	-10.0	-2.5
72.0	1.5736e-05	5.3918e-12	-10.0	-2.5
72.5	1.5739e-05	5.0497e-12	-10.0	-2.5
73.0	1.5737e-05	4.4704e-12	-10.0	-2.5
73.5	1.5739e-05	4.5466e-12	-10.0	-2.5
74.0	1.574e-05	4.8292e-12	-10.0	-2.5
74.5	1.574e-05	4.8006e-12	-10.0	-2.5
75.0	1.574e-05	5.1642e-12	-10.0	-2.5
75.5	1.5742e-05	4.5884e-12	-10.0	-2.5
76.0	1.5745e-05	5.1463e-12	-10.0	-2.5
76.5	1.5749e-05	4.8482e-12	-10.0	-2.5
77.0	1.5751e-05	4.6337e-12	-10.0	-2.5
77.5	1.5752e-05	5.0425e-12	-10.0	-2.5
78.0	1.575e-05	4.7195e-12	-10.0	-2.5
78.5	1.575e-05	4.766e-12	-10.0	-2.5
79.0	1.5752e-05	3.767e-12	-10.0	-2.5
79.5	1.5755e-05	4.5764e-12	-10.0	-2.5
80.0	1.5756e-05	5.2953e-12	-10.0	-2.5
80.5	1.5758e-05	5.2059e-12	-10.0	-2.5
81.0	1.576e-05	4.9186e-12	-10.0	-2.5
81.5	1.5759e-05	4.7171e-12	-10.0	-2.5
82.0	1.5762e-05	4.7171e-12	-10.0	-2.5
82.5	1.5764e-05	4.9615e-12	-10.0	-2.5
83.0	1.5765e-05	4.7016e-12	-10.0	-2.5
83.5	1.5768e-05	5.4586e-12	-10.0	-2.5
84.0	1.5769e-05	4.6885e-12	-10.0	-2.5
84.5	1.5769e-05	4.7576e-12	-10.0	-2.5
85.0	1.5768e-05	4.729e-12	-10.0	-2.5
85.5	1.5771e-05	4.4048e-12	-10.0	-2.5
86.0	1.5771e-05	4.8208e-12	-10.0	-2.5
86.5	1.5774e-05	4.921e-12	-10.0	-2.5
87.0	1.5775e-05	4.7731e-12	-10.0	-2.5
87.5	1.5776e-05	4.6444e-12	-10.0	-2.5
88.0	1.5776e-05	5.1856e-12	-10.0	-2.5
88.5	1.5776e-05	5.0902e-12	-10.0	-2.5
89.0	1.5778e-05	5.0676e-12	-10.0	-2.5
89.5	1.5783e-05	5.1486e-12	-10.0	-2.5
90.0	1.5785e-05	4.6945e-12	-10.0	-2.5
90.5	1.5785e-05	4.6992e-12	-10.0	-2.5
91.0	1.5786e-05	4.8864e-12	-10.0	-2.5
91.5	1.5787e-05	5.1165e-12	-10.0	-2.5
92.0	1.5791e-05	5.343e-12	-10.0	-2.5
92.5	1.5791e-05	4.9531e-12	-10.0	-2.5
93.0	1.5793e-05	5.1546e-12	-10.0	-2.5
93.5	1.5794e-05	4.8697e-12	-10.0	-2.5
94.0	1.5797e-05	5.7149e-12	-10.0	-2.5
94.5	1.5797e-05	4.6063e-12	-10.0	-2.5
95.0	1.5795e-05	5.3322e-12	-10.0	-2.5
95.5	1.5798e-05	4.8685e-12	-10.0	-2.5
96.0	1.58e-05	4.7195e-12	-10.0	-2.5
96.5	1.5802e-05	4.2117e-12	-10.0	-2.5
97.0	1.5801e-05	4.3583e-12	-10.0	-2.5
97.5	1.5802e-05	5.0139e-12	-10.0	-2.5
98.0	1.5805e-05	4.7791e-12	-10.0	-2.5
98.5	1.5807e-05	4.2415e-12	-10.0	-2.5
99.0	1.5807e-05	5.2321e-12	-10.0	-2.5
99.5	1.5807e-05	4.7541e-12	-10.0	-2.5
100.0	1.5807e-05	5.1343e-12	-10.0	-2.5
100.5	1.581e-05	5.1832e-12	-10.0	-2.5
101.0	1.5809e-05	5.0783e-12	-10.0	-2.5
101.5	1.5812e-05	4.4e-12	-10.0	-2.5
102.0	1.5813e-05	4.462e-12	-10.0	-2.5
102.5	1.5815e-05	4.7362e-12	-10.0	-2.5
103.0	1.5818e-05	5.1463e-12	-10.0	-2.5
103.5	1.5819e-05	5.0461e-12	-10.0	-2.5
104.0	1.5822e-05	4.5681e-12	-10.0	-2.5
104.5	1.5821e-05	4.6027e-12	-10.0	-2.5
105.0	1.5821e-05	5.0604e-12	-10.0	-2.5
105.5	1.5822e-05	5.1141e-12	-10.0	-2.5
106.0	1.5824e-05	4.5991e-12	-10.0	-2.5
106.5	1.5823e-05	5.8246e-12	-10.0	-2.5
107.0	1.5824e-05	5.2905e-12	-10.0	-2.5
107.5	1.5828e-05	4.878e-12	-10.0	-2.5
108.0	1.5825e-05	5.759e-12	-10.0	-2.5
108.5	1.5827e-05	5.064e-12	-10.0	-2.5
109.0	1.583e-05	4.6742e-12	-10.0	-2.5
109.5	1.5834e-05	5.1332e-12	-10.0	-2.5
110.0	1.5831e-05	5.4264e-12	-10.0	-2.5
110.5	1.5835e-05	5.4538e-12	-10.0	-2.5
111.0	1.5835e-05	5.0581e-12	-10.0	-2.5
111.5	1.5837e-05	4.9722e-12	-10.0	-2.5
112.0	1.5839e-05	4.8578e-12	-10.0	-2.5
112.5	1.584e-05	4.8339e-12	-10.0	-2.5
113.0	1.5842e-05	4.8327e-12	-10.0	-2.5
113.5	1.5841e-05	5.2559e-12	-10.0	-2.5
114.0	1.584e-05	5.3048e-12	-10.0	-2.5
114.5	1.5841e-05	5.3954e-12	-10.0	-2.5
115.0	1.5842e-05	4.4906e-12	-10.0	-2.5
115.5	1.5843e-05	5.4288e-12	-10.0	-2.5
116.0	1.5846e-05	5.0425e-12	-10.0	-2.5
116.5	1.5848e-05	5.4956e-12	-10.0	-2.5
117.0	1.5849e-05	4.7994e-12	-10.0	-2.5
117.5	1.585e-05	4.2868e-12	-10.0	-2.5
118.0	1.5845e-05	5.362e-12	-10.0	-2.5
118.5	1.5847e-05	4.7696e-12	-10.0	-2.5
119.0	1.5851e-05	4.6575e-12	-10.0	-2.5
119.5	1.5851e-05	4.4272e-11	-10.0	-2.5
120.0	1.5853e-05	7.705e-11	-10.0	-2.5
120.5	1.5856e-05	7.7115e-11	-10.0	-2.5
121.0	1.5857e-05	7.6227e-11	-10.0	-2.5
121.5	1.586e-05	7.5808e-11	-10.0	-2.5
122.0	1.5863e-05	7.5388e-11	-10.0	-2.5
122.5	1.5864e-05	7.5619e-11	-10.0	-2.5
123.0	1.5861e-05	7.4336e-11	-10.0	-2.5
123.5	1.5864e-05	7.3619e-11	-10.0	-2.5
124.0	1.5866e-05	7.3824e-11	-10.0	-2.5
124.5	1.587e-05	7.3333e-11	-10.0	-2.5
125.0	1.5873e-05	7.2944e-11	-10.0	-2.5
125.5	1.5877e-05	7.1737e-11	-10.0	-2.5
126.0	1.5879e-05	7.2405e-11	-10.0	-2.5
126.5	1.5879e-05	7.2286e-11	-10.0	-2.5
127.0	1.588e-05	7.1249e-11	-10.0	-2.5
127.5	1.5882e-05	7.1099e-11	-10.0	-2.5
128.0	1.5887e-05	7.1057e-11	-10.0	-2.5
128.5	1.5886e-05	7.1459e-11	-10.0	-2.5
129.0	1.589e-05	7.1397e-11	-10.0	-2.5
129.5	1.5893e-05	7.1423e-11	-10.0	-2.5
130.0	1.5895e-05	7.0888e-11	-10.0	-2.5
130.5	1.5897e-05	7.1349e-11	-10.0	-2.5
131.0	1.5899e-05	7.1148e-11	-10.0	-2.5
131.5	1.5902e-05	7.0922e-11	-10.0	-2.5
132.0	1.5906e-05	7.0178e-11	-10.0	-2.5
132.5	1.5907e-05	7.0421e-11	-10.0	-2.5
133.0	1.5907e-05	7.0356e-11	-10.0	-2.5
133.5	1.591e-05	7.0278e-11	-10.0	-2.5
134.0	1.5907e-05	7.0096e-11	-10.0	-2.5
134.5	1.5913e-05	7.0293e-11	-10.0	-2.5
135.0	1.5915e-05	7.0046e-11	-10.0	-2.5
135.5	1.5917e-05	6.9361e-11	-10.0	-2.5
136.0	1.5918e-05	7.0122e-11	-10.0	-2.5
136.5	1.5919e-05	7.0776e-11	-10.0	-2.5
137.0	1.5921e-05	6.9609e-11	-10.0	-2.5
137.5	1.5924e-05	7.0236e-11	-10.0	-2.5
138.0	1.5925e-05	6.995e-11	-10.0	-2.5
138.5	1.5929e-05	6.9999e-11	-10.0	-2.5
139.0	1.5928e-05	7.028e-11	-10.0	-2.5
139.5	1.5929e-05	6.9848e-11	-10.0	-2.5
140.0	1.5929e-05	6.9946e-11	-10.0	-2.5
140.5	1.5932e-05	7.0045e-11	-10.0	-2.5
141.0	1.5935e-05	6.9914e-11	-10.0	-2.5
141.5	1.5935e-05	7.0087e-11	-10.0	-2.5
142.0	1.5936e-05	6.9141e-11	-10.0	-2.5
142.5	1.594e-05	6.9911e-11	-10.0	-2.5
143.0	1.5937e-05	6.9128e-11	-10.0	-2.5
143.5	1.5941e-05	7.0155e-11	-10.0	-2.5
144.0	1.5941e-05	7.0372e-11	-10.0	-2.5
144.5	1.5942e-05	7.051e-11	-10.0	-2.5
145.0	1.5942e-05	6.9714e-11	-10.0	-2.5
145.5	1.5944e-05	6.9681e-11	-10.0	-2.5
146.0	1.5949e-05	6.9917e-11	-10.0	-2.5
146.5	1.5951e-05	6.9823e-11	-10.0	-2.5
147.0	1.5952e-05	6.977e-11	-10.0	-2.5
147.5	1.5952e-05	6.9531e-11	-10.0	-2.5
148.0	1.5954e-05	6.9672e-11	-10.0	-2.5
148.5	1.5956e-05	6.9993e-11	-10.0	-2.5
149.0	1.5958e-05	6.9888e-11	-10.0	-2.5
149.5	1.5958e-05	6.9711e-11	-10.0	-2.5
150.0	1.5958e-05	6.9313e-11	-10.0	-2.5
150.5	1.596e-05	6.9214e-11	-10.0	-2.5
151.0	1.5962e-05	6.945e-11	-10.0	-2.5
151.5	1.5963e-05	6.9504e-11	-10.0	-2.5
152.0	1.5966e-05	6.976e-11	-10.0	-2.5
152.5	1.5964e-05	6.9073e-11	-10.0	-2.5
153.0	1.5966e-05	6.9318e-11	-10.0	-2.5
153.5	1.5969e-05	6.8936e-11	-10.0	-2.5
154.0	1.5967e-05	6.9007e-11	-10.0	-2.5
154.5	1.5971e-05	6.924e-11	-10.0	-2.5
155.0	1.5972e-05	6.9438e-11	-10.0	-2.5
155.5	1.5974e-05	6.9273e-11	-10.0	-2.5
156.0	1.5972e-05	6.8569e-11	-10.0	-2.5
156.5	1.5975e-05	6.8796e-11	-10.0	-2.5
157.0	1.5977e-05	6.8797e-11	-10.0	-2.5
157.5	1.5976e-05	6.8535e-11	-10.0	-2.5
158.0	1.5974e-05	6.803e-11	-10.0	-2.5
158.5	1.5978e-05	6.8203e-11	-10.0	-2.5
159.0	1.5981e-05	6.8443e-11	-10.0	-2.5
159.5	1.5979e-05	6.8798e-11	-10.0	-2.5
160.0	1.5982e-05	6.8291e-11	-10.0	-2.5
160.5	1.5981e-05	6.8762e-11	-10.0	-2.5
161.0	1.5981e-05	6.8186e-11	-10.0	-2.5
161.5	1.5982e-05	6.808e-11	-10.0	-2.5
162.0	1.5983e-05	6.8396e-11	-10.0	-2.5
162.5	1.5983e-05	6.9452e-11	-10.0	-2.5
163.0	1.5986e-05	6.8432e-11	-10.0	-2.5
163.5	1.5987e-05	6.8501e-11	-10.0	-2.5
164.0	1.5988e-05	6.8197e-11	-10.0	-2.5
164.5	1.599e-05	6.8164e-11	-10.0	-2.5
165.0	1.599e-05	6.8789e-11	-10.0	-2.5
165.5	1.5991e-05	6.8421e-11	-10.0	-2.5
166.0	1.5989e-05	6.8524e-11	-10.0	-2.5
166.5	1.5992e-05	6.8457e-11	-10.0	-2.5
167.0	1.5993e-05	6.7729e-11	-10.0	-2.5
167.5	1.5992e-05	6.8339e-11	-10.0	-2.5
168.0	1.5992e-05	6.8027e-11	-10.0	-2.5
168.5	1.5993e-05	6.8557e-11	-10.0	-2.5
169.0	1.5995e-05	6.7909e-11	-10.0	-2.5
169.5	1.5995e-05	6.8475e-11	-10.0	-2.5
170.0	1.5995e-05	6.7898e-11	-10.0	-2.5
170.5	1.5996e-05	6.8356e-11	-10.0	-2.5
171.0	1.5998e-05	6.7793e-11	-10.0	-2.5
171.5	1.5998e-05	6.8125e-11	-10.0	-2.5
172.0	1.6e-05	6.8415e-11	-10.0	-2.5
172.5	1.6e-05	6.789e-11	-10.0	-2.5
173.0	1.5999e-05	6.7975e-11	-10.0	-2.5
173.5	1.6e-05	6.8369e-11	-10.0	-2.5
174.0	1.6001e-05	6.8313e-11	-10.0	-2.5
174.5	1.6001e-05	6.7882e-11	-10.0	-2.5
175.0	1.6003e-05	6.7823e-11	-10.0	-2.5
175.5	1.6003e-05	6.8182e-11	-10.0	-2.5
176.0	1.6004e-05	6.8097e-11	-10.0	-2.5
176.5	1.6004e-05	6.8417e-11	-10.0	-2.5
177.0	1.6005e-05	6.7879e-11	-10.0	-2.5
177.5	1.6007e-05	6.7908e-11	-10.0	-2.5
178.0	1.6007e-05	6.7917e-11	-10.0	-2.5
178.5	1.6007e-05	6.7784e-11	-10.0	-2.5
179.0	1.6006e-05	6.789e-11	-10.0	-2.5
179.5	1.6007e-05	6.0704e-11	-10.0	-2.5
180.0	1.6008e-05	7.4828e-12	-10.0	-2.5
180.5	1.601e-05	3.1126e-12	-10.0	-2.5
181.0	1.601e-05	2.352e-12	-10.0	-2.5
181.5	1.6012e-05	2.0957e-12	-10.0	-2.5
182.0	1.601e-05	2.5296e-12	-10.0	-2.5
182.5	1.6013e-05	2.4164e-12	-10.0	-2.5
183.0	1.6013e-05	2.0373e-12	-10.0	-2.5
183.5	1.6012e-05	2.5547e-12	-10.0	-2.5
184.0	1.6013e-05	2.6488e-12	-10.0	-2.5
184.5	1.6014e-05	2.9373e-12	-10.0	-2.5
185.0	1.6014e-05	2.8062e-12	-10.0	-2.5
185.5	1.6014e-05	2.7156e-12	-10.0	-2.5
186.0	1.6012e-05	3.3009e-12	-10.0	-2.5
186.5	1.6013e-05	3.2032e-12	-10.0	-2.5
187.0	1.6015e-05	3.022e-12	-10.0	-2.5
187.5	1.6015e-05	3.2771e-12	-10.0	-2.5
188.0	1.6015e-05	3.0673e-12	-10.0	-2.5
188.5	1.6015e-05	3.3701e-12	-10.0	-2.5
189.0	1.6014e-05	2.9659e-12	-10.0	-2.5
189.5	1.6015e-05	2.8527e-12	-10.0	-2.5
190.0	1.6015e-05	2.5404e-12	-10.0	-2.5
190.5	1.6014e-05	4.0197e-12	-10.0	-2.5
191.0	1.6014e-05	3.3009e-12	-10.0	-2.5
191.5	1.6015e-05	3.4964e-12	-10.0	-2.5
192.0	1.6014e-05	2.8443e-12	-10.0	-2.5
192.5	1.6015e-05	3.14e-12	-10.0	-2.5
193.0	1.6017e-05	3.2795e-12	-10.0	-2.5
193.5	1.6018e-05	3.8266e-12	-10.0	-2.5
194.0	1.6017e-05	3.1149e-12	-10.0	-2.5
194.5	1.6018e-05	3.4428e-12	-10.0	-2.5
195.0	1.602e-05	3.4237e-12	-10.0	-2.5
195.5	1.602e-05	2.7251e-12	-10.0	-2.5
196.0	1.602e-05	3.9101e-12	-10.0	-2.5
196.5	1.602e-05	3.2651e-12	-10.0	-2.5
197.0	1.6021e-05	3.2687e-12	-10.0	-2.5
197.5	1.6021e-05	3.8636e-12	-10.0	-2.5
198.0	1.6021e-05	3.3307e-12	-10.0	-2.5
198.5	1.6022e-05	3.0696e-12	-10.0	-2.5
199.0	1.6022e-05	3.6991e-12	-10.0	-2.5
199.5	1.6024e-05	3.7479e-12	-10.0	-2.5
200.0	1.6023e-05	3.5214e-12	-10.0	-2.5
200.5	1.6023e-05	4.3964e-12	-10.0	-2.5
201.0	1.6021e-05	3.1114e-12	-10.0	-2.5
201.5	1.6025e-05	3.8791e-12	-10.0	-2.5
202.0	1.6024e-05	3.5942e-12	-10.0	-2.5
202.5	1.6024e-05	4.1664e-12	-10.0	-2.5
203.0	1.6024e-05	3.4297e-12	-10.0	-2.5
203.5	1.6025e-05	3.9101e-12	-10.0	-2.5
204.0	1.6026e-05	3.2592e-12	-10.0	-2.5
204.5	1.6027e-05	4.0865e-12	-10.0	-2.5
205.0	1.6027e-05	4.3345e-12	-10.0	-2.5
205.5	1.6026e-05	4.2915e-12	-10.0	-2.5
206.0	1.6026e-05	3.5e-12	-10.0	-2.5
206.5	1.6027e-05	3.2973e-12	-10.0	-2.5
207.0	1.6028e-05	4.2212e-12	-10.0	-2.5
207.5	1.6029e-05	3.7432e-12	-10.0	-2.5
208.0	1.6029e-05	4.1747e-12	-10.0	-2.5
208.5	1.6029e-05	4.0317e-12	-10.0	-2.5
209.0	1.6032e-05	3.6264e-12	-10.0	-2.5
209.5	1.6032e-05	3.5226e-12	-10.0	-2.5
210.0	1.6032e-05	4.288e-12	-10.0	-2.5
210.5	1.6034e-05	4.1711e-12	-10.0	-2.5
211.0	1.6037e-05	4.6027e-12	-10.0	-2.5
211.5	1.6037e-05	3.8695e-12	-10.0	-2.5
212.0	1.6036e-05	4.5395e-12	-10.0	-2.5
212.5	1.6036e-05	3.9434e-12	-10.0	-2.5
213.0	1.6036e-05	4.1509e-12	-10.0	-2.5
213.5	1.6036e-05	4.4942e-12	-10.0	-2.5
214.0	1.6036e-05	4.0209e-12	-10.0	-2.5
214.5	1.6037e-05	3.041e-12	-10.0	-2.5
215.0	1.6037e-05	4.0626e-12	-10.0	-2.5
215.5	1.6038e-05	4.4537e-12	-10.0	-2.5
216.0	1.6036e-05	4.1556e-12	-10.0	-2.5
216.5	1.6036e-05	3.8099e-12	-10.0	-2.5
217.0	1.6038e-05	3.6561e-12	-10.0	-2.5
217.5	1.604e-05	4.0782e-12	-10.0	-2.5
218.0	1.6037e-05	3.8528e-12	-10.0	-2.5
218.5	1.6038e-05	4.0186e-12	-10.0	-2.5
219.0	1.6038e-05	3.9685e-12	-10.0	-2.5
219.5	1.6039e-05	3.6001e-12	-10.0	-2.5
220.0	1.6043e-05	3.7122e-12	-10.0	-2.5
220.5	1.6043e-05	3.9578e-12	-10.0	-2.5
221.0	1.6043e-05	4.1568e-12	-10.0	-2.5
221.5	1.6045e-05	3.8493e-12	-10.0	-2.5
222.0	1.6045e-05	4.0603e-12	-10.0	-2.5
222.5	1.6045e-05	4.0376e-12	-10.0	-2.5
223.0	1.6046e-05	4.3094e-12	-10.0	-2.5
223.5	1.6046e-05	4.3893e-12	-10.0	-2.5
224.0	1.6047e-05	4.3976e-12	-10.0	-2.5
224.5	1.6046e-05	4.4632e-12	-10.0	-2.5
225.0	1.6048e-05	4.0317e-12	-10.0	-2.5
225.5	1.6047e-05	3.8898e-12	-10.0	-2.5
226.0	1.6047e-05	3.4964e-12	-10.0	-2.5
226.5	1.6048e-05	4.0841e-12	-10.0	-2.5
227.0	1.6047e-05	3.4344e-12	-10.0	-2.5
227.5	1.6049e-05	4.6182e-12	-10.0	-2.5
228.0	1.6051e-05	4.9269e-12	-10.0	-2.5
228.5	1.6049e-05	4.3953e-12	-10.0	-2.5
229.0	1.6049e-05	4.4203e-12	-10.0	-2.5
229.5	1.605e-05	4.3213e-12	-10.0	-2.5
230.0	1.6052e-05	3.9709e-12	-10.0	-2.5
230.5	1.605e-05	4.4501e-12	-10.0	-2.5
231.0	1.6052e-05	3.947e-12	-10.0	-2.5
231.5	1.6052e-05	3.9578e-12	-10.0	-2.5
232.0	1.6055e-05	4.2546e-12	-10.0	-2.5
232.5	1.6055e-05	4.2593e-12	-10.0	-2.5
233.0	1.6056e-05	3.9196e-12	-10.0	-2.5
233.5	1.6056e-05	4.7374e-12	-10.0	-2.5
234.0	1.6059e-05	3.9303e-12	-10.0	-2.5
234.5	1.6059e-05	4.5276e-12	-10.0	-2.5
235.0	1.6058e-05	4.2129e-12	-10.0	-2.5
235.5	1.606e-05	3.6657e-12	-10.0	-2.5
236.0	1.6057e-05	4.0948e-12	-10.0	-2.5
236.5	1.6059e-05	4.2355e-12	-10.0	-2.5
237.0	1.606e-05	3.6681e-12	-10.0	-2.5
237.5	1.6061e-05	3.444e-12	-10.0	-2.5
238.0	1.6063e-05	3.7789e-12	-10.0	-2.5
238.5	1.6063e-05	4.5037e-12	-10.0	-2.5
239.0	1.6064e-05	4.468e-12	-10.0	-2.5
239.5	1.6063e-05	2.8872e-11	-10.0	-2.5
240.0	1.6063e-05	7.0324e-11	-10.0	-2.5
240.5	1.6066e-05	7.3765e-11	-10.0	-2.5
241.0	1.6068e-05	7.4501e-11	-10.0	-2.5
241.5	1.607e-05	7.4277e-11	-10.0	-2.5
242.0	1.6068e-05	7.4366e-11	-10.0	-2.5
242.5	1.607e-05	7.3895e-11	-10.0	-2.5
243.0	1.6068e-05	7.3309e-11	-10.0	-2.5
243.5	1.6071e-05	7.3234e-11	-10.0	-2.5
244.0	1.6073e-05	7.3098e-11	-10.0	-2.5
244.5	1.6071e-05	7.2652e-11	-10.0	-2.5
245.0	1.6074e-05	7.332e-11	-10.0	-2.5
245.5	1.6076e-05	7.2738e-11	-10.0	-2.5
246.0	1.6077e-05	7.2405e-11	-10.0	-2.5
246.5	1.6076e-05	7.2104e-11	-10.0	-2.5
247.0	1.6078e-05	7.1641e-11	-10.0	-2.5
247.5	1.6079e-05	7.1422e-11	-10.0	-2.5
248.0	1.6077e-05	7.1604e-11	-10.0	-2.5
248.5	1.6079e-05	7.162e-11	-10.0	-2.5
249.0	1.6079e-05	7.1044e-11	-10.0	-2.5
249.5	1.608e-05	7.1551e-11	-10.0	-2.5
250.0	1.6083e-05	7.1394e-11	-10.0	-2.5
250.5	1.6084e-05	7.141e-11	-10.0	-2.5
251.0	1.6086e-05	7.1877e-11	-10.0	-2.5
251.5	1.6086e-05	7.0863e-11	-10.0	-2.5
252.0	1.6086e-05	7.0995e-11	-10.0	-2.5
252.5	1.6086e-05	7.0963e-11	-10.0	-2.5
253.0	1.6087e-05	7.1214e-11	-10.0	-2.5
253.5	1.609e-05	7.1712e-11	-10.0	-2.5
254.0	1.6089e-05	7.1051e-11	-10.0	-2.5
254.5	1.6089e-05	7.0682e-11	-10.0	-2.5
255.0	1.6089e-05	7.0616e-11	-10.0	-2.5
255.5	1.609e-05	7.104e-11	-10.0	-2.5
256.0	1.6089e-05	7.031e-11	-10.0	-2.5
256.5	1.6089e-05	7.0389e-11	-10.0	-2.5
257.0	1.609e-05	7.0746e-11	-10.0	-2.5
257.5	1.6092e-05	7.0537e-11	-10.0	-2.5
258.0	1.609e-05	7.0407e-11	-10.0	-2.5
258.5	1.6092e-05	7.095e-11	-10.0	-2.5
259.0	1.6092e-05	7.0702e-11	-10.0	-2.5
259.5	1.6095e-05	7.1138e-11	-10.0	-2.5
260.0	1.6095e-05	7.0356e-11	-10.0	-2.5
260.5	1.6095e-05	7.0264e-11	-10.0	-2.5
261.0	1.6096e-05	7.0647e-11	-10.0	-2.5
261.5	1.6092e-05	6.9867e-11	-10.0	-2.5
262.0	1.6092e-05	6.963e-11	-10.0	-2.5
262.5	1.6095e-05	7.0301e-11	-10.0	-2.5
263.0	1.6097e-05	7.0514e-11	-10.0	-2.5
263.5	1.6095e-05	7.0299e-11	-10.0	-2.5
264.0	1.6095e-05	6.996e-11	-10.0	-2.5
264.5	1.6097e-05	7.0274e-11	-10.0	-2.5
265.0	1.6099e-05	6.9833e-11	-10.0	-2.5
265.5	1.6098e-05	7.0144e-11	-10.0	-2.5
266.0	1.6099e-05	7.0101e-11	-10.0	-2.5
266.5	1.6095e-05	6.9926e-11	-10.0	-2.5
267.0	1.6098e-05	7.0116e-11	-10.0	-2.5
267.5	1.6098e-05	6.9774e-11	-10.0	-2.5
268.0	1.6099e-05	6.9724e-11	-10.0	-2.5
268.5	1.6101e-05	7.0065e-11	-10.0	-2.5
269.0	1.6099e-05	7.0419e-11	-10.0	-2.5
269.5	1.6099e-05	7.0406e-11	-10.0	-2.5
270.0	1.6098e-05	7.0019e-11	-10.0	-2.5
270.5	1.6097e-05	7.0226e-11	-10.0	-2.5
271.0	1.61e-05	6.9778e-11	-10.0	-2.5
271.5	1.6102e-05	6.9829e-11	-10.0	-2.5
272.0	1.6102e-05	6.9633e-11	-10.0	-2.5
272.5	1.6102e-05	7.0012e-11	-10.0	-2.5
273.0	1.6102e-05	6.9867e-11	-10.0	-2.5
273.5	1.6102e-05	6.9473e-11	-10.0	-2.5
274.0	1.6102e-05	6.9445e-11	-10.0	-2.5
274.5	1.6102e-05	6.9469e-11	-10.0	-2.5
275.0	1.6102e-05	6.9428e-11	-10.0	-2.5
275.5	1.6105e-05	6.9102e-11	-10.0	-2.5
276.0	1.6104e-05	6.9448e-11	-10.0	-2.5
276.5	1.6103e-05	6.8845e-11	-10.0	-2.5
277.0	1.6105e-05	6.9307e-11	-10.0	-2.5
277.5	1.6105e-05	6.9463e-11	-10.0	-2.5
278.0	1.6104e-05	6.8879e-11	-10.0	-2.5
278.5	1.6103e-05	6.9598e-11	-10.0	-2.5
279.0	1.6105e-05	6.9601e-11	-10.0	-2.5
279.5	1.6105e-05	6.9759e-11	-10.0	-2.5
280.0	1.6107e-05	6.9697e-11	-10.0	-2.5
280.5	1.6107e-05	6.9039e-11	-10.0	-2.5
281.0	1.6106e-05	6.9245e-11	-10.0	-2.5
281.5	1.6106e-05	6.9794e-11	-10.0	-2.5
282.0	1.6109e-05	6.9251e-11	-10.0	-2.5
282.5	1.611e-05	6.9709e-11	-10.0	-2.5
283.0	1.6109e-05	6.9839e-11	-10.0	-2.5
283.5	1.6109e-05	6.975e-11	-10.0	-2.5
284.0	1.6108e-05	6.9911e-11	-10.0	-2.5
284.5	1.6108e-05	6.9417e-11	-10.0	-2.5
285.0	1.6108e-05	6.9287e-11	-10.0	-2.5
285.5	1.6111e-05	6.9748e-11	-10.0	-2.5
286.0	1.6108e-05	6.994e-11	-10.0	-2.5
286.5	1.611e-05	6.9526e-11	-10.0	-2.5
287.0	1.6107e-05	6.9999e-11	-10.0	-2.5
287.5	1.6107e-05	6.9259e-11	-10.0	-2.5
288.0	1.6108e-05	6.9507e-11	-10.0	-2.5
288.5	1.611e-05	7.0263e-11	-10.0	-2.5
289.0	1.6109e-05	6.8983e-11	-10.0	-2.5
289.5	1.6109e-05	6.9677e-11	-10.0	-2.5
290.0	1.611e-05	7.0154e-11	-10.0	-2.5
290.5	1.6109e-05	6.9871e-11	-10.0	-2.5
291.0	1.6107e-05	6.9597e-11	-10.0	-2.5
291.5	1.6109e-05	6.9551e-11	-10.0	-2.5
292.0	1.6108e-05	6.9954e-11	-10.0	-2.5
292.5	1.611e-05	6.9573e-11	-10.0	-2.5
293.0	1.6107e-05	6.9387e-11	-10.0	-2.5
293.5	1.6107e-05	6.96e-11	-10.0	-2.5
294.0	1.6106e-05	6.9523e-11	-10.0	-2.5
294.5	1.6107e-05	6.9755e-11	-10.0	-2.5
295.0	1.6109e-05	6.9389e-11	-10.0	-2.5
295.5	1.611e-05	6.9448e-11	-10.0	-2.5
296.0	1.611e-05	6.9218e-11	-10.0	-2.5
296.5	1.6109e-05	6.9581e-11	-10.0	-2.5
297.0	1.6108e-05	6.9943e-11	-10.0	-2.5
297.5	1.6109e-05	6.9596e-11	-10.0	-2.5
298.0	1.6109e-05	6.9742e-11	-10.0	-2.5
298.5	1.6107e-05	6.969e-11	-10.0	-2.5
299.0	1.6108e-05	6.9749e-11	-10.0	-2.5
299.5	1.6107e-05	6.6428e-11	-10.0	-2.5
300.0	1.6108e-05	7.0739e-12	-10.0	-2.5
300.5	1.6108e-05	3.1912e-12	-10.0	-2.5
301.0	1.6111e-05	1.8895e-12	-10.0	-2.5
301.5	1.6109e-05	2.1923e-12	-10.0	-2.5
302.0	1.6107e-05	1.9717e-12	-10.0	-2.5
302.5	1.6109e-05	1.9515e-12	-10.0	-2.5
303.0	1.6109e-05	2.4474e-12	-10.0	-2.5
303.5	1.6108e-05	2.1434e-12	-10.0	-2.5
304.0	1.6108e-05	2.296e-12	-10.0	-2.5
304.5	1.6107e-05	2.4903e-12	-10.0	-2.5
305.0	1.6106e-05	2.6691e-12	-10.0	-2.5
305.5	1.6107e-05	2.8658e-12	-10.0	-2.5
306.0	1.6107e-05	2.1935e-12	-10.0	-2.5
306.5	1.6108e-05	2.4545e-12	-10.0	-2.5
307.0	1.6108e-05	1.8382e-12	-10.0	-2.5
307.5	1.6108e-05	2.8229e-12	-10.0	-2.5
308.0	1.6108e-05	2.5415e-12	-10.0	-2.5
308.5	1.6109e-05	3.1209e-12	-10.0	-2.5
309.0	1.6107e-05	2.6107e-12	-10.0	-2.5
309.5	1.6108e-05	3.0947e-12	-10.0	-2.5
310.0	1.6107e-05	2.5725e-12	-10.0	-2.5
310.5	1.6107e-05	3.4821e-12	-10.0	-2.5
311.0	1.6106e-05	3.5393e-12	-10.0	-2.5
311.5	1.6104e-05	3.1221e-12	-10.0	-2.5
312.0	1.6103e-05	3.0386e-12	-10.0	-2.5
312.5	1.6105e-05	3.5882e-12	-10.0	-2.5
313.0	1.6106e-05	3.1269e-12	-10.0	-2.5
313.5	1.6105e-05	3.134e-12	-10.0	-2.5
314.0	1.6105e-05	3.463e-12	-10.0	-2.5
314.5	1.6106e-05	3.1459e-12	-10.0	-2.5
315.0	1.6108e-05	3.4034e-12	-10.0	-2.5
315.5	1.6106e-05	3.4702e-12	-10.0	-2.5
316.0	1.6106e-05	3.7468e-12	-10.0	-2.5
316.5	1.6106e-05	3.1459e-12	-10.0	-2.5
317.0	1.6107e-05	3.1185e-12	-10.0	-2.5
317.5	1.6106e-05	3.2973e-12	-10.0	-2.5
318.0	1.6109e-05	2.9802e-12	-10.0	-2.5
318.5	1.6109e-05	4.0722e-12	-10.0	-2.5
319.0	1.6109e-05	3.7861e-12	-10.0	-2.5
319.5	1.6107e-05	3.4833e-12	-10.0	-2.5
320.0	1.6109e-05	3.283e-12	-10.0	-2.5
320.5	1.6109e-05	3.5417e-12	-10.0	-2.5
321.0	1.6108e-05	3.6442e-12	-10.0	-2.5
321.5	1.611e-05	3.283e-12	-10.0	-2.5
322.0	1.6108e-05	3.4165e-12	-10.0	-2.5
322.5	1.6111e-05	3.494e-12	-10.0	-2.5
323.0	1.6112e-05	4.1509e-12	-10.0	-2.5
323.5	1.611e-05	3.6144e-12	-10.0	-2.5
324.0	1.6108e-05	3.3927e-12	-10.0	-2.5
324.5	1.6111e-05	3.3951e-12	-10.0	-2.5
325.0	1.611e-05	3.1316e-12	-10.0	-2.5
325.5	1.6112e-05	3.2461e-12	-10.0	-2.5
326.0	1.611e-05	3.7992e-12	-10.0	-2.5
326.5	1.611e-05	3.9268e-12	-10.0	-2.5
327.0	1.611e-05	3.6395e-12	-10.0	-2.5
327.5	1.6114e-05	3.2461e-12	-10.0	-2.5
328.0	1.611e-05	3.7825e-12	-10.0	-2.5
328.5	1.6109e-05	4.3249e-12	-10.0	-2.5
329.0	1.6111e-05	3.1745e-12	-10.0	-2.5
329.5	1.6112e-05	3.6335e-12	-10.0	-2.5
330.0	1.6112e-05	3.5787e-12	-10.0	-2.5
330.5	1.6112e-05	2.8777e-12	-10.0	-2.5
331.0	1.611e-05	3.4904e-12	-10.0	-2.5
331.5	1.6113e-05	4.921e-12	-10.0	-2.5
332.0	1.6113e-05	3.9911e-12	-10.0	-2.5
332.5	1.6114e-05	3.8171e-12	-10.0	-2.5
333.0	1.6114e-05	4.2117e-12	-10.0	-2.5
333.5	1.6114e-05	3.897e-12	-10.0	-2.5
334.0	1.6113e-05	4.5693e-12	-10.0	-2.5
334.5	1.6116e-05	3.8528e-12	-10.0	-2.5
335.0	1.6116e-05	4.0996e-12	-10.0	-2.5
335.5	1.6117e-05	3.5334e-12	-10.0	-2.5
336.0	1.6115e-05	4.2129e-12	-10.0	-2.5
336.5	1.6114e-05	3.7038e-12	-10.0	-2.5
337.0	1.6118e-05	4.4835e-12	-10.0	-2.5
337.5	1.6119e-05	4.4811e-12	-10.0	-2.5
338.0	1.6117e-05	4.0937e-12	-10.0	-2.5
338.5	1.6118e-05	4.6802e-12	-10.0	-2.5
339.0	1.6118e-05	3.9482e-12	-10.0	-2.5
339.5	1.6118e-05	3.8958e-12	-10.0	-2.5
340.0	1.612e-05	3.8505e-12	-10.0	-2.5
340.5	1.6121e-05	4.1032e-12	-10.0	-2.5
341.0	1.612e-05	4.2796e-12	-10.0	-2.5
341.5	1.6119e-05	3.829e-12	-10.0	-2.5
342.0	1.612e-05	4.0543e-12	-10.0	-2.5
342.5	1.6119e-05	4.1354e-12	-10.0	-2.5
343.0	1.6121e-05	3.761e-12	-10.0	-2.5
343.5	1.612e-05	4.822e-12	-10.0	-2.5
344.0	1.6121e-05	4.4107e-12	-10.0	-2.5
344.5	1.612e-05	3.9446e-12	-10.0	-2.5
345.0	1.612e-05	3.1364e-12	-10.0	-2.5
345.5	1.6121e-05	3.7503e-12	-10.0	-2.5
346.0	1.6122e-05	4.9937e-12	-10.0	-2.5
346.5	1.6123e-05	4.2117e-12	-10.0	-2.5
347.0	1.6122e-05	3.8636e-12	-10.0	-2.5
347.5	1.6123e-05	4.5252e-12	-10.0	-2.5
348.0	1.6123e-05	4.5514e-12	-10.0	-2.5
348.5	1.6124e-05	3.8397e-12	-10.0	-2.5
349.0	1.6125e-05	3.9887e-12	-10.0	-2.5
349.5	1.6125e-05	3.8385e-12	-10.0	-2.5
350.0	1.6127e-05	4.3082e-12	-10.0	-2.5
350.5	1.6125e-05	4.2617e-12	-10.0	-2.5
351.0	1.6124e-05	3.9935e-12	-10.0	-2.5
351.5	1.6127e-05	4.4012e-12	-10.0	-2.5
352.0	1.6126e-05	4.7326e-12	-10.0	-2.5
352.5	1.6128e-05	4.1616e-12	-10.0	-2.5
353.0	1.6128e-05	4.4405e-12	-10.0	-2.5
353.5	1.6128e-05	4.4251e-12	-10.0	-2.5
354.0	1.6128e-05	4.4799e-12	-10.0	-2.5
354.5	1.6128e-05	4.2939e-12	-10.0	-2.5
355.0	1.6129e-05	3.8827e-12	-10.0	-2.5
355.5	1.6131e-05	4.5204e-12	-10.0	-2.5
356.0	1.613e-05	4.2725e-12	-10.0	-2.5
356.5	1.6131e-05	4.1008e-12	-10.0	-2.5
357.0	1.6129e-05	4.7326e-12	-10.0	-2.5
357.5	1.6127e-05	4.4084e-12	-10.0	-2.5
358.0	1.6129e-05	4.096e-12	-10.0	-2.5
358.5	1.6131e-05	4.5824e-12	-10.0	-2.5
359.0	1.613e-05	4.5121e-12	-10.0	-2.5
359.5	1.613e-05	2.1808e-11	-10.0	-2.5
360.0	1.6132e-05	6.8905e-11	-10.0	-2.5
360.5	1.613e-05	7.3293e-11	-10.0	-2.5
361.0	1.6132e-05	7.442e-11	-10.0	-2.5
361.5	1.6133e-05	7.3901e-11	-10.0	-2.5
362.0	1.6133e-05	7.4155e-11	-10.0	-2.5
362.5	1.6135e-05	7.4241e-11	-10.0	-2.5
363.0	1.6135e-05	7.3403e-11	-10.0	-2.5
363.5	1.6136e-05	7.3088e-11	-10.0	-2.5
364.0	1.6135e-05	7.2281e-11	-10.0	-2.5
364.5	1.6137e-05	7.269e-11	-10.0	-2.5
365.0	1.6137e-05	7.1901e-11	-10.0	-2.5
365.5	1.6139e-05	7.1818e-11	-10.0	-2.5
366.0	1.6141e-05	7.2007e-11	-10.0	-2.5
366.5	1.6141e-05	7.1553e-11	-10.0	-2.5
367.0	1.6142e-05	7.1962e-11	-10.0	-2.5
367.5	1.614e-05	7.1154e-11	-10.0	-2.5
368.0	1.6142e-05	7.1243e-11	-10.0	-2.5
368.5	1.6142e-05	7.1115e-11	-10.0	-2.5
369.0	1.6144e-05	7.1102e-11	-10.0	-2.5
369.5	1.6144e-05	7.1222e-11	-10.0	-2.5
370.0	1.6146e-05	7.0938e-11	-10.0	-2.5
370.5	1.6147e-05	7.0424e-11	-10.0	-2.5
371.0	1.6148e-05	7.1517e-11	-10.0	-2.5
371.5	1.6148e-05	7.0178e-11	-10.0	-2.5
372.0	1.6148e-05	7.0849e-11	-10.0	-2.5
372.5	1.615e-05	7.138e-11	-10.0	-2.5
373.0	1.6149e-05	7.0635e-11	-10.0	-2.5
373.5	1.6149e-05	7.1014e-11	-10.0	-2.5
374.0	1.6151e-05	7.0216e-11	-10.0	-2.5
374.5	1.6151e-05	7.0082e-11	-10.0	-2.5
375.0	1.615e-05	7.0181e-11	-10.0	-2.5
375.5	1.615e-05	7.1334e-11	-10.0	-2.5
376.0	1.6152e-05	7.0562e-11	-10.0	-2.5
376.5	1.6154e-05	7.0331e-11	-10.0	-2.5
377.0	1.6151e-05	7.0201e-11	-10.0	-2.5
377.5	1.6153e-05	7.004e-11	-10.0	-2.5
378.0	1.6153e-05	7.0534e-11	-10.0	-2.5
378.5	1.6156e-05	6.9797e-11	-10.0	-2.5
379.0	1.6156e-05	7.037e-11	-10.0	-2.5
379.5	1.6158e-05	6.9891e-11	-10.0	-2.5
380.0	1.6156e-05	6.9401e-11	-10.0	-2.5
380.5	1.6154e-05	7.0152e-11	-10.0	-2.5
381.0	1.6154e-05	6.9834e-11	-10.0	-2.5
381.5	1.6154e-05	6.9653e-11	-10.0	-2.5
382.0	1.6155e-05	7.076e-11	-10.0	-2.5
382.5	1.6156e-05	7.0269e-11	-10.0	-2.5
383.0	1.6157e-05	6.9902e-11	-10.0	-2.5
383.5	1.6153e-05	6.9873e-11	-10.0	-2.5
384.0	1.6155e-05	6.9523e-11	-10.0	-2.5
384.5	1.6153e-05	6.9293e-11	-10.0	-2.5
385.0	1.6153e-05	7.048e-11	-10.0	-2.5
385.5	1.6155e-05	7.0522e-11	-10.0	-2.5
386.0	1.6153e-05	6.9604e-11	-10.0	-2.5
386.5	1.6153e-05	7.0052e-11	-10.0	-2.5
387.0	1.6156e-05	7.0359e-11	-10.0	-2.5
387.5	1.6154e-05	7.0121e-11	-10.0	-2.5
388.0	1.6156e-05	6.9583e-11	-10.0	-2.5
388.5	1.6155e-05	6.9809e-11	-10.0	-2.5
389.0	1.6156e-05	6.9639e-11	-10.0	-2.5
389.5	1.6154e-05	6.9856e-11	-10.0	-2.5
390.0	1.6154e-05	6.9509e-11	-10.0	-2.5
390.5	1.6155e-05	6.9309e-11	-10.0	-2.5
391.0	1.6153e-05	6.9014e-11	-10.0	-2.5
391.5	1.6151e-05	6.8448e-11	-10.0	-2.5
392.0	1.6153e-05	6.8141e-11	-10.0	-2.5
392.5	1.6153e-05	6.8632e-11	-10.0	-2.5
393.0	1.6153e-05	6.801e-11	-10.0	-2.5
393.5	1.6154e-05	6.8405e-11	-10.0	-2.5
394.0	1.6151e-05	6.7987e-11	-10.0	-2.5
394.5	1.6151e-05	6.8164e-11	-10.0	-2.5
395.0	1.6152e-05	6.8052e-11	-10.0	-2.5
395.5	1.6154e-05	6.7794e-11	-10.0	-2.5
396.0	1.6154e-05	6.8361e-11	-10.0	-2.5
396.5	1.6155e-05	6.8506e-11	-10.0	-2.5
397.0	1.6156e-05	6.7544e-11	-10.0	-2.5
397.5	1.6156e-05	6.7443e-11	-10.0	-2.5
398.0	1.6153e-05	6.7575e-11	-10.0	-2.5
398.5	1.6152e-05	6.7768e-11	-10.0	-2.5
399.0	1.6153e-05	6.704e-11	-10.0	-2.5
399.5	1.6153e-05	6.7196e-11	-10.0	-2.5
400.0	1.6153e-05	6.8274e-11	-10.0	-2.5
400.5	1.6153e-05	6.84e-11	-10.0	-2.5
401.0	1.6154e-05	6.8232e-11	-10.0	-2.5
401.5	1.6153e-05	6.8799e-11	-10.0	-2.5
402.0	1.6154e-05	6.8459e-11	-10.0	-2.5
402.5	1.6155e-05	6.915e-11	-10.0	-2.5
403.0	1.6154e-05	6.9045e-11	-10.0	-2.5
403.5	1.6153e-05	6.8816e-11	-10.0	-2.5
404.0	1.6151e-05	6.9442e-11	-10.0	-2.5
404.5	1.6153e-05	6.8727e-11	-10.0	-2.5
405.0	1.6154e-05	6.897e-11	-10.0	-2.5
405.5	1.6152e-05	6.9238e-11	-10.0	-2.5
406.0	1.6153e-05	6.8692e-11	-10.0	-2.5
406.5	1.6151e-05	6.8958e-11	-10.0	-2.5
407.0	1.615e-05	6.8685e-11	-10.0	-2.5
407.5	1.6152e-05	6.8892e-11	-10.0	-2.5
408.0	1.6151e-05	6.8612e-11	-10.0	-2.5
408.5	1.6153e-05	6.9079e-11	-10.0	-2.5
409.0	1.6153e-05	6.8961e-11	-10.0	-2.5
409.5	1.6155e-05	6.923e-11	-10.0	-2.5
410.0	1.6153e-05	6.8674e-11	-10.0	-2.5
410.5	1.6154e-05	6.8397e-11	-10.0	-2.5
411.0	1.6155e-05	6.8435e-11	-10.0	-2.5
411.5	1.6156e-05	6.9078e-11	-10.0	-2.5
412.0	1.6155e-05	6.9362e-11	-10.0	-2.5
412.5	1.6154e-05	6.9362e-11	-10.0	-2.5
413.0	1.6153e-05	6.8755e-11	-10.0	-2.5
413.5	1.6152e-05	6.8241e-11	-10.0	-2.5
414.0	1.6155e-05	6.9039e-11	-10.0	-2.5
414.5	1.6154e-05	6.87e-11	-10.0	-2.5
415.0	1.6156e-05	6.8688e-11	-10.0	-2.5
415.5	1.6154e-05	6.8827e-11	-10.0	-2.5
416.0	1.6155e-05	6.9082e-11	-10.0	-2.5
416.5	1.6153e-05	6.8483e-11	-10.0	-2.5
417.0	1.615e-05	6.8603e-11	-10.0	-2.5
417.5	1.6149e-05	6.8561e-11	-10.0	-2.5
418.0	1.6149e-05	6.821e-11	-10.0	-2.5
418.5	1.6147e-05	6.8201e-11	-10.0	-2.5
419.0	1.6147e-05	6.8612e-11	-10.0	-2.5
419.5	1.6148e-05	6.7831e-11	-10.0	-2.5
420.0	1.6146e-05	8.7786e-12	-10.0	-2.5
420.5	1.6146e-05	3.1769e-12	-10.0	-2.5
421.0	1.6145e-05	1.5521e-12	-10.0	-2.5
421.5	1.6145e-05	2.0099e-12	-10.0	-2.5
422.0	1.6147e-05	1.955e-12	-10.0	-2.5
422.5	1.6146e-05	1.6236e-12	-10.0	-2.5
423.0	1.6145e-05	2.0969e-12	-10.0	-2.5
423.5	1.6145e-05	2.135e-12	-10.0	-2.5
424.0	1.6146e-05	2.1374e-12	-10.0	-2.5
424.5	1.6147e-05	2.3925e-12	-10.0	-2.5
425.0	1.6146e-05	2.1422e-12	-10.0	-2.5
425.5	1.6142e-05	2.2829e-12	-10.0	-2.5
426.0	1.6144e-05	3.2473e-12	-10.0	-2.5
426.5	1.6144e-05	2.5916e-12	-10.0	-2.5
427.0	1.6143e-05	2.8849e-12	-10.0	-2.5
427.5	1.6144e-05	2.6631e-12	-10.0	-2.5
428.0	1.6144e-05	2.9087e-12	-10.0	-2.5
428.5	1.6143e-05	2.6763e-12	-10.0	-2.5
429.0	1.6146e-05	2.7072e-12	-10.0	-2.5
429.5	1.6145e-05	1.8191e-12	-10.0	-2.5
430.0	1.6147e-05	2.7919e-12	-10.0	-2.5
430.5	1.6146e-05	2.8634e-12	-10.0	-2.5
431.0	1.6146e-05	2.4414e-12	-10.0	-2.5
431.5	1.6146e-05	3.4165e-12	-10.0	-2.5
432.0	1.6145e-05	3.1435e-12	-10.0	-2.5
432.5	1.6144e-05	2.8229e-12	-10.0	-2.5
433.0	1.6145e-05	2.9123e-12	-10.0	-2.5
433.5	1.6144e-05	2.3305e-12	-10.0	-2.5
434.0	1.6146e-05	3.4452e-12	-10.0	-2.5
434.5	1.6147e-05	3.1388e-12	-10.0	-2.5
435.0	1.6148e-05	2.9242e-12	-10.0	-2.5
435.5	1.6146e-05	3.252e-12	-10.0	-2.5
436.0	1.6147e-05	3.047e-12	-10.0	-2.5
436.5	1.6146e-05	3.6514e-12	-10.0	-2.5
437.0	1.6147e-05	3.0315e-12	-10.0	-2.5
437.5	1.6149e-05	2.8622e-12	-10.0	-2.5
438.0	1.6149e-05	3.1578e-12	-10.0	-2.5
438.5	1.6148e-05	3.7181e-12	-10.0	-2.5
439.0	1.6149e-05	3.0446e-12	-10.0	-2.5
439.5	1.615e-05	2.7764e-12	-10.0	-2.5
440.0	1.6152e-05	3.2163e-12	-10.0	-2.5
440.5	1.615e-05	3.1149e-12	-10.0	-2.5
441.0	1.6149e-05	3.5524e-12	-10.0	-2.5
441.5	1.6149e-05	3.6907e-12	-10.0	-2.5
442.0	1.6152e-05	3.2008e-12	-10.0	-2.5
442.5	1.6151e-05	2.9588e-12	-10.0	-2.5
443.0	1.615e-05	3.2532e-12	-10.0	-2.5
443.5	1.6153e-05	3.6418e-12	-10.0	-2.5
444.0	1.6151e-05	3.1078e-12	-10.0	-2.5
444.5	1.6151e-05	2.954e-12	-10.0	-2.5
445.0	1.6149e-05	3.581e-12	-10.0	-2.5
445.5	1.6148e-05	3.1376e-12	-10.0	-2.5
446.0	1.615e-05	3.103e-12	-10.0	-2.5
446.5	1.6148e-05	3.2103e-12	-10.0	-2.5
447.0	1.6147e-05	2.9421e-12	-10.0	-2.5
447.5	1.6147e-05	3.3629e-12	-10.0	-2.5
448.0	1.615e-05	3.5524e-12	-10.0	-2.5
448.5	1.6153e-05	3.6859e-12	-10.0	-2.5
449.0	1.6151e-05	4.2713e-12	-10.0	-2.5
449.5	1.6151e-05	3.7825e-12	-10.0	-2.5
450.0	1.615e-05	3.3319e-12	-10.0	-2.5
450.5	1.615e-05	3.5429e-12	-10.0	-2.5
451.0	1.6149e-05	3.2771e-12	-10.0	-2.5
451.5	1.6151e-05	3.8409e-12	-10.0	-2.5
452.0	1.615e-05	3.7575e-12	-10.0	-2.5
452.5	1.615e-05	3.8827e-12	-10.0	-2.5
453.0	1.615e-05	3.9899e-12	-10.0	-2.5
453.5	1.6151e-05	3.0494e-12	-10.0	-2.5
454.0	1.6151e-05	3.9864e-12	-10.0	-2.5
454.5	1.6151e-05	3.1638e-12	-10.0	-2.5
455.0	1.6152e-05	3.8063e-12	-10.0	-2.5
455.5	1.6151e-05	3.314e-12	-10.0	-2.5
456.0	1.6153e-05	4.071e-12	-10.0	-2.5
456.5	1.6153e-05	3.444e-12	-10.0	-2.5
457.0	1.6152e-05	2.7323e-12	-10.0	-2.5
457.5	1.6154e-05	3.6585e-12	-10.0	-2.5
458.0	1.6156e-05	3.2711e-12	-10.0	-2.5
458.5	1.6155e-05	3.3045e-12	-10.0	-2.5
459.0	1.6156e-05	3.1292e-12	-10.0	-2.5
459.5	1.6156e-05	3.6442e-12	-10.0	-2.5
460.0	1.6157e-05	3.6645e-12	-10.0	-2.5
460.5	1.6158e-05	3.2473e-12	-10.0	-2.5
461.0	1.6158e-05	3.7956e-12	-10.0	-2.5
461.5	1.6159e-05	3.9101e-12	-10.0	-2.5
462.0	1.6159e-05	3.1412e-12	-10.0	-2.5
462.5	1.6161e-05	3.4571e-12	-10.0	-2.5
463.0	1.6159e-05	3.8981e-12	-10.0	-2.5
463.5	1.616e-05	3.7396e-12	-10.0	-2.5
464.0	1.616e-05	3.0959e-12	-10.0	-2.5
464.5	1.616e-05	3.444e-12	-10.0	-2.5
465.0	1.6158e-05	3.0911e-12	-10.0	-2.5
465.5	1.6158e-05	4.0209e-12	-10.0	-2.5
466.0	1.6159e-05	3.7706e-12	-10.0	-2.5
466.5	1.6163e-05	4.4751e-12	-10.0	-2.5
467.0	1.6164e-05	3.7766e-12	-10.0	-2.5
467.5	1.6163e-05	3.4821e-12	-10.0	-2.5
468.0	1.6164e-05	3.8302e-12	-10.0	-2.5
468.5	1.6165e-05	3.705e-12	-10.0	-2.5
469.0	1.6163e-05	3.1209e-12	-10.0	-2.5
469.5	1.6164e-05	3.9053e-12	-10.0	-2.5
470.0	1.6163e-05	3.7527e-12	-10.0	-2.5
470.5	1.6162e-05	3.6454e-12	-10.0	-2.5
471.0	1.6164e-05	3.7909e-12	-10.0	-2.5
471.5	1.6163e-05	3.4153e-12	-10.0	-2.5
472.0	1.6163e-05	3.9089e-12	-10.0	-2.5
472.5	1.6163e-05	3.5381e-12	-10.0	-2.5
473.0	1.6162e-05	3.6657e-12	-10.0	-2.5
473.5	1.6164e-05	3.6478e-12	-10.0	-2.5
474.0	1.6165e-05	4.4012e-12	-10.0	-2.5
474.5	1.6167e-05	3.8028e-12	-10.0	-2.5
475.0	1.6168e-05	3.9625e-12	-10.0	-2.5
475.5	1.6168e-05	3.5203e-12	-10.0	-2.5
476.0	1.6167e-05	3.4928e-12	-10.0	-2.5
476.5	1.6167e-05	3.9601e-12	-10.0	-2.5
477.0	1.6168e-05	3.8445e-12	-10.0	-2.5
477.5	1.6166e-05	3.8385e-12	-10.0	-2.5
478.0	1.6165e-05	3.8433e-12	-10.0	-2.5
478.5	1.6165e-05	3.9816e-12	-10.0	-2.5
479.0	1.6166e-05	3.9625e-12	-10.0	-2.5
479.5	1.617e-05	1.5229e-11	-10.0	-2.5
480.0	1.6171e-05	6.779e-11	-10.0	-2.5
480.5	1.6171e-05	7.1232e-11	-10.0	-2.5
481.0	1.6171e-05	7.197e-11	-10.0	-2.5
481.5	1.6171e-05	7.1348e-11	-10.0	-2.5
482.0	1.6172e-05	7.0876e-11	-10.0	-2.5
482.5	1.6172e-05	7.1197e-11	-10.0	-2.5
483.0	1.6174e-05	7.0214e-11	-10.0	-2.5
483.5	1.6175e-05	7.04e-11	-10.0	-2.5
484.0	1.6178e-05	7.0205e-11	-10.0	-2.5
484.5	1.6177e-05	6.9396e-11	-10.0	-2.5
485.0	1.6176e-05	6.9054e-11	-10.0	-2.5
485.5	1.6177e-05	6.9041e-11	-10.0	-2.5
486.0	1.6177e-05	6.9191e-11	-10.0	-2.5
486.5	1.6178e-05	6.9412e-11	-10.0	-2.5
487.0	1.6179e-05	6.87e-11	-10.0	-2.5
487.5	1.6181e-05	6.8892e-11	-10.0	-2.5
488.0	1.618e-05	6.8363e-11	-10.0	-2.5
488.5	1.6182e-05	6.8253e-11	-10.0	-2.5
489.0	1.6182e-05	6.8481e-11	-10.0	-2.5
489.5	1.6181e-05	6.8342e-11	-10.0	-2.5
490.0	1.6183e-05	6.8049e-11	-10.0	-2.5
490.5	1.6183e-05	6.8043e-11	-10.0	-2.5
491.0	1.6182e-05	6.7941e-11	-10.0	-2.5
491.5	1.6182e-05	6.8195e-11	-10.0	-2.5
492.0	1.6181e-05	6.7914e-11	-10.0	-2.5
492.5	1.6181e-05	6.8248e-11	-10.0	-2.5
493.0	1.6182e-05	6.775e-11	-10.0	-2.5
493.5	1.6184e-05	6.7493e-11	-10.0	-2.5
494.0	1.6185e-05	6.7298e-11	-10.0	-2.5
494.5	1.6184e-05	6.7543e-11	-10.0	-2.5
495.0	1.6185e-05	6.7504e-11	-10.0	-2.5
495.5	1.6185e-05	6.762e-11	-10.0	-2.5
496.0	1.6183e-05	6.7627e-11	-10.0	-2.5
496.5	1.6184e-05	6.7273e-11	-10.0	-2.5
497.0	1.6185e-05	6.7542e-11	-10.0	-2.5
497.5	1.6185e-05	6.7098e-11	-10.0	-2.5
498.0	1.6187e-05	6.6885e-11	-10.0	-2.5
498.5	1.6185e-05	6.7317e-11	-10.0	-2.5
499.0	1.6182e-05	6.7809e-11	-10.0	-2.5
499.5	1.6183e-05	6.7311e-11	-10.0	-2.5
500.0	1.6185e-05	6.7989e-11	-10.0	-2.5
500.5	1.6185e-05	6.7472e-11	-10.0	-2.5
501.0	1.6185e-05	6.6985e-11	-10.0	-2.5
501.5	1.6185e-05	6.707e-11	-10.0	-2.5
502.0	1.6185e-05	6.7385e-11	-10.0	-2.5
502.5	1.6188e-05	6.7283e-11	-10.0	-2.5
503.0	1.6187e-05	6.6935e-11	-10.0	-2.5
503.5	1.6186e-05	6.7606e-11	-10.0	-2.5
504.0	1.6187e-05	6.6607e-11	-10.0	-2.5
504.5	1.6186e-05	6.6499e-11	-10.0	-2.5
505.0	1.6186e-05	6.6415e-11	-10.0	-2.5
505.5	1.6187e-05	6.6577e-11	-10.0	-2.5
506.0	1.6185e-05	6.6317e-11	-10.0	-2.5
506.5	1.6184e-05	6.6731e-11	-10.0	-2.5
507.0	1.6184e-05	6.6754e-11	-10.0	-2.5
507.5	1.6185e-05	6.6333e-11	-10.0	-2.5
508.0	1.6184e-05	6.598e-11	-10.0	-2.5
508.5	1.6179e-05	6.6443e-11	-10.0	-2.5
509.0	1.618e-05	6.619e-11	-10.0	-2.5
509.5	1.618e-05	6.6248e-11	-10.0	-2.5
510.0	1.618e-05	6.6594e-11	-10.0	-2.5
510.5	1.6179e-05	6.6688e-11	-10.0	-2.5
511.0	1.6179e-05	6.6471e-11	-10.0	-2.5
511.5	1.6177e-05	6.5857e-11	-10.0	-2.5
512.0	1.6177e-05	6.6067e-11	-10.0	-2.5
512.5	1.6176e-05	6.5852e-11	-10.0	-2.5
513.0	1.6179e-05	6.5496e-11	-10.0	-2.5
513.5	1.618e-05	6.5818e-11	-10.0	-2.5
514.0	1.6179e-05	6.5821e-11	-10.0	-2.5
514.5	1.6176e-05	6.6779e-11	-10.0	-2.5
515.0	1.6178e-05	6.676e-11	-10.0	-2.5
515.5	1.6181e-05	6.621e-11	-10.0	-2.5
516.0	1.618e-05	6.7618e-11	-10.0	-2.5
516.5	1.618e-05	6.7038e-11	-10.0	-2.5
517.0	1.6181e-05	6.7443e-11	-10.0	-2.5
517.5	1.618e-05	6.7978e-11	-10.0	-2.5
518.0	1.6181e-05	6.776e-11	-10.0	-2.5
518.5	1.6181e-05	6.7942e-11	-10.0	-2.5
519.0	1.6179e-05	6.7495e-11	-10.0	-2.5
519.5	1.618e-05	6.7134e-11	-10.0	-2.5
520.0	1.6181e-05	6.8162e-11	-10.0	-2.5
520.5	1.6183e-05	6.7747e-11	-10.0	-2.5
521.0	1.6184e-05	6.7488e-11	-10.0	-2.5
521.5	1.618e-05	6.6959e-11	-10.0	-2.5
522.0	1.6181e-05	6.7595e-11	-10.0	-2.5
522.5	1.618e-05	6.7415e-11	-10.0	-2.5
523.0	1.618e-05	6.8359e-11	-10.0	-2.5
523.5	1.6179e-05	6.8208e-11	-10.0	-2.5
524.0	1.6178e-05	6.8445e-11	-10.0	-2.5
524.5	1.6179e-05	6.8461e-11	-10.0	-2.5
525.0	1.6177e-05	6.8463e-11	-10.0	-2.5
525.5	1.618e-05	6.7985e-11	-10.0	-2.5
526.0	1.618e-05	6.824e-11	-10.0	-2.5
526.5	1.6178e-05	6.7706e-11	-10.0	-2.5
527.0	1.6177e-05	6.7565e-11	-10.0	-2.5
527.5	1.6178e-05	6.8562e-11	-10.0	-2.5
528.0	1.6176e-05	6.8209e-11	-10.0	-2.5
528.5	1.6176e-05	6.8192e-11	-10.0	-2.5
529.0	1.6176e-05	6.796e-11	-10.0	-2.5
529.5	1.6176e-05	6.8304e-11	-10.0	-2.5
530.0	1.6176e-05	6.8231e-11	-10.0	-2.5
530.5	1.6178e-05	6.8857e-11	-10.0	-2.5
531.0	1.6179e-05	6.8331e-11	-10.0	-2.5
531.5	1.6177e-05	6.7986e-11	-10.0	-2.5
532.0	1.6176e-05	6.8163e-11	-10.0	-2.5
532.5	1.6174e-05	6.7829e-11	-10.0	-2.5
533.0	1.6174e-05	6.862e-11	-10.0	-2.5
533.5	1.6177e-05	6.7779e-11	-10.0	-2.5
534.0	1.6178e-05	6.8394e-11	-10.0	-2.5
534.5	1.6178e-05	6.8246e-11	-10.0	-2.5
535.0	1.6177e-05	6.8421e-11	-10.0	-2.5
535.5	1.6177e-05	6.7838e-11	-10.0	-2.5
536.0	1.618e-05	6.8055e-11	-10.0	-2.5
536.5	1.6182e-05	6.8029e-11	-10.0	-2.5
537.0	1.6179e-05	6.8512e-11	-10.0	-2.5
537.5	1.6179e-05	6.8296e-11	-10.0	-2.5
538.0	1.6181e-05	6.8154e-11	-10.0	-2.5
538.5	1.618e-05	6.8563e-11	-10.0	-2.5
539.0	1.6177e-05	6.7928e-11	-10.0	-2.5
539.5	1.6178e-05	6.7657e-11	-10.0	-2.5
540.0	1.6176e-05	8.8465e-12	-10.0	-2.5
540.5	1.6178e-05	2.1088e-12	-10.0	-2.5
541.0	1.6176e-05	1.5295e-12	-10.0	-2.5
541.5	1.6176e-05	1.0681e-12	-10.0	-2.5
542.0	1.6176e-05	9.4771e-13	-10.0	-2.5
542.5	1.6175e-05	9.346e-13	-10.0	-2.5
543.0	1.6175e-05	1.9216e-12	-10.0	-2.5
543.5	1.6174e-05	1.1623e-12	-10.0	-2.5
544.0	1.6174e-05	1.3232e-12	-10.0	-2.5
544.5	1.6171e-05	1.148e-12	-10.0	-2.5
545.0	1.6173e-05	1.2648e-12	-10.0	-2.5
545.5	1.6172e-05	1.8644e-12	-10.0	-2.5
546.0	1.617e-05	1.5664e-12	-10.0	-2.5
546.5	1.617e-05	1.7488e-12	-10.0	-2.5
547.0	1.617e-05	1.6892e-12	-10.0	-2.5
547.5	1.6166e-05	1.3065e-12	-10.0	-2.5
548.0	1.6168e-05	1.5104e-12	-10.0	-2.5
548.5	1.6168e-05	1.601e-12	-10.0	-2.5
549.0	1.6167e-05	1.9407e-12	-10.0	-2.5
549.5	1.6166e-05	1.6666e-12	-10.0	-2.5
550.0	1.6164e-05	2.2161e-12	-10.0	-2.5
550.5	1.6165e-05	1.8847e-12	-10.0	-2.5
551.0	1.6166e-05	2.0409e-12	-10.0	-2.5
551.5	1.6167e-05	2.0409e-12	-10.0	-2.5
552.0	1.6168e-05	2.4962e-12	-10.0	-2.5
552.5	1.6167e-05	1.9133e-12	-10.0	-2.5
553.0	1.6167e-05	2.7513e-12	-10.0	-2.5
553.5	1.6168e-05	1.7583e-12	-10.0	-2.5
554.0	1.6167e-05	2.3377e-12	-10.0	-2.5
554.5	1.6168e-05	2.0909e-12	-10.0	-2.5
555.0	1.6167e-05	2.7323e-12	-10.0	-2.5
555.5	1.6168e-05	2.4569e-12	-10.0	-2.5
556.0	1.6168e-05	2.7955e-12	-10.0	-2.5
556.5	1.6165e-05	2.2805e-12	-10.0	-2.5
557.0	1.6167e-05	2.166e-12	-10.0	-2.5
557.5	1.6168e-05	2.8682e-12	-10.0	-2.5
558.0	1.6168e-05	2.2721e-12	-10.0	-2.5
558.5	1.6171e-05	2.7621e-12	-10.0	-2.5
559.0	1.6169e-05	2.6953e-12	-10.0	-2.5
