File Name: 02_Sample1_device1_It_sweep_150kV_100uA_VDrain1V_VGateUpTo50V.dat
File Data: 07/11/2023	16:58:31
Start V: 0
Step V: 0
Stop V: 0
Range V: 200
Delay(ms): 0
Auorange: yes
Sweep type: log
Instrument Meter: SM2614
Time(ms)	Vdrain(V)	Idrain(A)	Vgate(V)	Igate(A)
0.0000E+0	1.0000E+0	1.5390E-12	3.0000E+0	1.0206E-10
1.0000E+3	1.0000E+0	2.6822E-13	3.0000E+0	8.4722E-11
1.5000E+3	1.0000E+0	6.9141E-14	3.0000E+0	7.8881E-11
2.0000E+3	1.0000E+0	-2.4915E-13	3.0000E+0	7.4695E-11
2.5000E+3	1.0000E+0	-1.8120E-13	3.0000E+0	7.0314E-11
3.0000E+3	1.0000E+0	-3.7789E-13	3.0000E+0	6.6702E-11
3.5000E+3	1.0000E+0	-3.8028E-13	3.0000E+0	6.2811E-11
4.0000E+3	1.0000E+0	-4.9710E-13	3.0000E+0	5.9969E-11
4.5000E+3	1.0000E+0	1.0411E-10	3.0000E+0	7.3920E-10
5.0000E+3	1.0000E+0	1.0544E-10	3.0000E+0	7.7102E-10
5.5000E+3	1.0000E+0	1.0369E-10	3.0000E+0	7.6309E-10
6.0000E+3	1.0000E+0	1.0272E-10	3.0000E+0	7.5786E-10
6.5000E+3	1.0000E+0	1.0204E-10	3.0000E+0	7.5286E-10
7.0000E+3	1.0000E+0	1.0144E-10	3.0000E+0	7.4889E-10
7.5000E+3	1.0000E+0	1.0127E-10	3.0000E+0	7.4755E-10
8.0000E+3	1.0000E+0	1.0093E-10	3.0000E+0	7.4478E-10
8.5000E+3	1.0000E+0	1.0085E-10	3.0000E+0	7.4167E-10
9.0000E+3	1.0000E+0	1.0058E-10	3.0000E+0	7.3930E-10
9.5000E+3	1.0000E+0	1.0055E-10	3.0000E+0	7.3687E-10
1.0000E+4	1.0000E+0	1.0049E-10	3.0000E+0	7.3430E-10
1.0500E+4	1.0000E+0	1.0043E-10	3.0000E+0	7.3272E-10
1.1000E+4	1.0000E+0	1.0030E-10	3.0000E+0	7.3048E-10
1.1500E+4	1.0000E+0	1.0036E-10	3.0000E+0	7.2923E-10
1.2000E+4	1.0000E+0	1.0051E-10	3.0000E+0	7.2823E-10
1.2500E+4	1.0000E+0	1.0033E-10	3.0000E+0	7.2636E-10
1.3000E+4	1.0000E+0	1.0021E-10	3.0000E+0	7.2391E-10
1.3500E+4	1.0000E+0	1.0027E-10	3.0000E+0	7.2220E-10
1.4000E+4	1.0000E+0	1.0025E-10	3.0000E+0	7.2224E-10
1.4500E+4	1.0000E+0	1.7258E-11	3.0000E+0	3.2965E-10
1.5000E+4	1.0000E+0	3.2187E-13	3.0000E+0	3.8049E-11
1.5500E+4	1.0000E+0	-9.6679E-13	3.0000E+0	2.6867E-11
1.6000E+4	1.0000E+0	-1.1527E-12	3.0000E+0	2.4556E-11
1.6500E+4	1.0000E+0	-1.2732E-12	3.0000E+0	2.3279E-11
1.7000E+4	1.0000E+0	-1.2600E-12	3.0000E+0	2.2130E-11
1.7500E+4	1.0000E+0	-1.2624E-12	3.0000E+0	2.0857E-11
1.8000E+4	1.0000E+0	-1.3161E-12	3.0000E+0	1.9858E-11
1.8500E+4	1.0000E+0	-1.2982E-12	3.0000E+0	1.9583E-11
1.9000E+4	1.0000E+0	-1.2195E-12	3.0000E+0	1.8433E-11
1.9500E+4	1.0000E+0	-1.2910E-12	3.0000E+0	1.8287E-11
2.0000E+4	1.0000E+0	-1.2457E-12	3.0000E+0	1.7844E-11
2.0500E+4	1.0000E+0	-1.2791E-12	3.0000E+0	1.7362E-11
2.1000E+4	1.0000E+0	-1.3709E-12	3.0000E+0	1.6803E-11
2.1500E+4	1.0000E+0	-3.5775E-12	3.0000E+0	1.6197E-11
2.2000E+4	1.0000E+0	-1.6558E-12	3.0000E+0	1.5827E-11
2.2500E+4	1.0000E+0	-1.4281E-12	3.0000E+0	1.5205E-11
2.3000E+4	1.0000E+0	-1.4627E-12	3.0000E+0	1.4806E-11
2.3500E+4	1.0000E+0	-1.2958E-12	3.0000E+0	1.4584E-11
2.4000E+4	1.0000E+0	-1.3900E-12	3.0000E+0	1.3881E-11
2.4500E+4	1.0000E+0	9.3443E-11	3.0000E+0	5.6429E-10
2.5000E+4	1.0000E+0	1.0051E-10	3.0000E+0	7.0666E-10
2.5500E+4	1.0000E+0	1.0032E-10	3.0000E+0	7.0538E-10
2.6000E+4	1.0000E+0	1.0017E-10	3.0000E+0	7.0460E-10
2.6500E+4	1.0000E+0	1.0016E-10	3.0000E+0	7.0434E-10
2.7000E+4	1.0000E+0	9.9973E-11	3.0000E+0	7.0339E-10
2.7500E+4	1.0000E+0	1.0016E-10	3.0000E+0	7.0300E-10
2.8000E+4	1.0000E+0	1.0008E-10	3.0000E+0	7.0252E-10
2.8500E+4	1.0000E+0	1.0000E-10	3.0000E+0	7.0209E-10
2.9000E+4	1.0000E+0	9.9820E-11	3.0000E+0	7.0184E-10
2.9500E+4	1.0000E+0	9.9900E-11	3.0000E+0	7.0145E-10
3.0000E+4	1.0000E+0	9.9968E-11	3.0000E+0	7.0115E-10
3.0500E+4	1.0000E+0	9.9995E-11	3.0000E+0	7.0071E-10
3.1000E+4	1.0000E+0	1.0005E-10	3.0000E+0	7.0003E-10
3.1500E+4	1.0000E+0	9.9973E-11	3.0000E+0	6.9926E-10
3.2000E+4	1.0000E+0	1.0005E-10	3.0000E+0	6.9878E-10
3.2500E+4	1.0000E+0	1.0002E-10	3.0000E+0	6.9860E-10
3.3000E+4	1.0000E+0	9.9988E-11	3.0000E+0	6.9777E-10
3.3500E+4	1.0000E+0	9.9969E-11	3.0000E+0	6.9780E-10
3.4000E+4	1.0000E+0	9.9992E-11	3.0000E+0	6.9718E-10
3.4500E+4	1.0000E+0	2.0471E-11	3.0000E+0	4.0096E-10
3.5000E+4	1.0000E+0	3.8505E-13	3.0000E+0	2.6600E-11
3.5500E+4	1.0000E+0	-1.0610E-12	3.0000E+0	1.4133E-11
3.6000E+4	1.0000E+0	-1.3018E-12	3.0000E+0	1.2144E-11
3.6500E+4	1.0000E+0	-1.3018E-12	3.0000E+0	1.1199E-11
3.7000E+4	1.0000E+0	-1.3220E-12	3.0000E+0	1.1064E-11
3.7500E+4	1.0000E+0	-1.3852E-12	3.0000E+0	1.0893E-11
3.8000E+4	1.0000E+0	-1.3626E-12	3.0000E+0	1.0545E-11
3.8500E+4	1.0000E+0	-1.3173E-12	3.0000E+0	1.0140E-11
3.9000E+4	1.0000E+0	-1.3721E-12	3.0000E+0	1.0074E-11
3.9500E+4	1.0000E+0	-1.4353E-12	3.0000E+0	9.7740E-12
4.0000E+4	1.0000E+0	-1.3554E-12	3.0000E+0	9.7263E-12
4.0500E+4	1.0000E+0	-1.4532E-12	3.0000E+0	9.6571E-12
4.1000E+4	1.0000E+0	-1.5068E-12	3.0000E+0	9.4688E-12
4.1500E+4	1.0000E+0	-1.3232E-12	3.0000E+0	9.1827E-12
4.2000E+4	1.0000E+0	-1.3721E-12	3.0000E+0	9.1505E-12
4.2500E+4	1.0000E+0	-1.4365E-12	3.0000E+0	8.9657E-12
4.3000E+4	1.0000E+0	-1.4389E-12	3.0000E+0	8.8465E-12
4.3500E+4	1.0000E+0	-1.2398E-12	3.0000E+0	8.8513E-12
4.4000E+4	1.0000E+0	-1.3614E-12	3.0000E+0	8.6439E-12
4.4500E+4	1.0000E+0	9.0820E-11	3.0000E+0	4.5335E-10
4.5000E+4	1.0000E+0	1.0029E-10	3.0000E+0	6.9369E-10
4.5500E+4	1.0000E+0	1.0019E-10	3.0000E+0	6.9302E-10
4.6000E+4	1.0000E+0	9.9944E-11	3.0000E+0	6.9281E-10
4.6500E+4	1.0000E+0	9.9862E-11	3.0000E+0	6.9272E-10
4.7000E+4	1.0000E+0	9.9992E-11	3.0000E+0	6.9219E-10
4.7500E+4	1.0000E+0	9.9791E-11	3.0000E+0	6.9174E-10
4.8000E+4	1.0000E+0	9.9907E-11	3.0000E+0	6.9120E-10
4.8500E+4	1.0000E+0	9.9714E-11	3.0000E+0	6.9082E-10
4.9000E+4	1.0000E+0	9.9798E-11	3.0000E+0	6.9077E-10
4.9500E+4	1.0000E+0	9.9653E-11	3.0000E+0	6.9012E-10
5.0000E+4	1.0000E+0	9.9789E-11	3.0000E+0	6.8994E-10
5.0500E+4	1.0000E+0	9.9745E-11	3.0000E+0	6.8988E-10
5.1000E+4	1.0000E+0	9.9848E-11	3.0000E+0	6.8945E-10
5.1500E+4	1.0000E+0	9.9657E-11	3.0000E+0	6.8903E-10
5.2000E+4	1.0000E+0	9.9804E-11	3.0000E+0	6.8869E-10
5.2500E+4	1.0000E+0	9.9789E-11	3.0000E+0	6.8796E-10
5.3000E+4	1.0000E+0	9.9764E-11	3.0000E+0	6.8779E-10
5.3500E+4	1.0000E+0	9.9946E-11	3.0000E+0	6.8741E-10
5.4000E+4	1.0000E+0	9.9878E-11	3.0000E+0	6.8727E-10
5.4500E+4	1.0000E+0	2.4272E-11	3.0000E+0	4.7475E-10
5.5000E+4	1.0000E+0	8.5115E-13	3.0000E+0	2.7378E-11
5.5500E+4	1.0000E+0	-1.0216E-12	3.0000E+0	1.2693E-11
5.6000E+4	1.0000E+0	-1.3339E-12	3.0000E+0	1.0524E-11
5.6500E+4	1.0000E+0	-1.3578E-12	3.0000E+0	9.9325E-12
5.7000E+4	1.0000E+0	-1.3542E-12	3.0000E+0	9.3353E-12
5.7500E+4	1.0000E+0	-1.4710E-12	3.0000E+0	9.2518E-12
5.8000E+4	1.0000E+0	-1.3709E-12	3.0000E+0	9.2089E-12
5.8500E+4	1.0000E+0	-1.4246E-12	3.0000E+0	9.1207E-12
5.9000E+4	1.0000E+0	-1.3864E-12	3.0000E+0	8.8119E-12
5.9500E+4	1.0000E+0	-1.3936E-12	3.0000E+0	8.7726E-12
6.0000E+4	1.0000E+0	-1.3852E-12	3.0000E+0	8.4627E-12
6.0500E+4	1.0000E+0	-1.3530E-12	3.0000E+0	8.3160E-12
6.1000E+4	1.0000E+0	-1.4150E-12	3.0000E+0	8.2481E-12
6.1500E+4	1.0000E+0	-1.4031E-12	3.0000E+0	8.3077E-12
6.2000E+4	1.0000E+0	-1.3912E-12	3.0000E+0	8.1944E-12
6.2500E+4	1.0000E+0	-1.3471E-12	3.0000E+0	7.8929E-12
6.3000E+4	1.0000E+0	-1.4651E-12	3.0000E+0	7.7629E-12
6.3500E+4	1.0000E+0	-1.5998E-12	3.0000E+0	7.8213E-12
6.4000E+4	1.0000E+0	-1.4830E-12	3.0000E+0	7.8726E-12
6.4500E+4	1.0000E+0	8.8073E-11	3.0000E+0	3.4889E-10
6.5000E+4	1.0000E+0	1.0018E-10	3.0000E+0	6.8507E-10
6.5500E+4	1.0000E+0	1.0010E-10	3.0000E+0	6.8487E-10
6.6000E+4	1.0000E+0	1.0007E-10	3.0000E+0	6.8441E-10
6.6500E+4	1.0000E+0	9.9858E-11	3.0000E+0	6.8419E-10
6.7000E+4	1.0000E+0	9.9818E-11	3.0000E+0	6.8415E-10
6.7500E+4	1.0000E+0	9.9775E-11	3.0000E+0	6.8383E-10
6.8000E+4	1.0000E+0	9.9746E-11	3.0000E+0	6.8365E-10
6.8500E+4	1.0000E+0	9.9727E-11	3.0000E+0	6.8327E-10
6.9000E+4	1.0000E+0	9.9870E-11	3.0000E+0	6.8308E-10
6.9500E+4	1.0000E+0	9.9962E-11	3.0000E+0	6.8252E-10
7.0000E+4	1.0000E+0	9.9902E-11	3.0000E+0	6.8189E-10
7.0500E+4	1.0000E+0	9.9869E-11	3.0000E+0	6.8204E-10
7.1000E+4	1.0000E+0	9.9838E-11	3.0000E+0	6.8138E-10
7.1500E+4	1.0000E+0	9.9833E-11	3.0000E+0	6.8156E-10
7.2000E+4	1.0000E+0	9.9899E-11	3.0000E+0	6.8071E-10
7.2500E+4	1.0000E+0	9.9737E-11	3.0000E+0	6.8096E-10
7.3000E+4	1.0000E+0	9.9862E-11	3.0000E+0	6.8054E-10
7.3500E+4	1.0000E+0	9.9825E-11	3.0000E+0	6.8056E-10
7.4000E+4	1.0000E+0	9.9772E-11	3.0000E+0	6.8043E-10
7.4500E+4	1.0000E+0	2.8369E-11	3.0000E+0	5.4685E-10
7.5000E+4	1.0000E+0	1.0288E-12	3.0000E+0	2.8993E-11
7.5500E+4	1.0000E+0	-1.1313E-12	3.0000E+0	1.2541E-11
7.6000E+4	1.0000E+0	-1.3721E-12	3.0000E+0	1.0487E-11
7.6500E+4	1.0000E+0	-1.3268E-12	3.0000E+0	9.6571E-12
7.7000E+4	1.0000E+0	-1.3387E-12	3.0000E+0	9.6035E-12
7.7500E+4	1.0000E+0	-1.3602E-12	3.0000E+0	9.2828E-12
7.8000E+4	1.0000E+0	-1.4329E-12	3.0000E+0	9.1124E-12
7.8500E+4	1.0000E+0	-1.3304E-12	3.0000E+0	8.9514E-12
7.9000E+4	1.0000E+0	-1.4007E-12	3.0000E+0	8.8859E-12
7.9500E+4	1.0000E+0	-1.3316E-12	3.0000E+0	8.7357E-12
8.0000E+4	1.0000E+0	-1.3924E-12	3.0000E+0	8.5437E-12
8.0500E+4	1.0000E+0	-2.6034E-11	5.0000E+0	1.6278E-10
8.1000E+4	1.0000E+0	-2.7597E-12	5.0000E+0	1.1183E-10
8.1500E+4	1.0000E+0	-1.7106E-12	5.0000E+0	9.7828E-11
8.2000E+4	1.0000E+0	-1.6594E-12	5.0000E+0	8.8979E-11
8.2500E+4	1.0000E+0	-1.6248E-12	5.0000E+0	8.2583E-11
8.3000E+4	1.0000E+0	-1.6963E-12	5.0000E+0	7.4062E-11
8.3500E+4	1.0000E+0	-1.4818E-12	5.0000E+0	7.0305E-11
8.4000E+4	1.0000E+0	-1.6200E-12	5.0000E+0	6.2639E-11
8.4500E+4	1.0000E+0	8.1966E-11	5.0000E+0	5.2172E-10
8.5000E+4	1.0000E+0	9.4522E-11	5.0000E+0	1.0978E-9
8.5500E+4	1.0000E+0	9.3800E-11	5.0000E+0	1.0890E-9
8.6000E+4	1.0000E+0	9.3429E-11	5.0000E+0	1.0851E-9
8.6500E+4	1.0000E+0	9.3391E-11	5.0000E+0	1.0797E-9
8.7000E+4	1.0000E+0	9.3112E-11	5.0000E+0	1.0770E-9
8.7500E+4	1.0000E+0	9.3056E-11	5.0000E+0	1.0722E-9
8.8000E+4	1.0000E+0	9.2758E-11	5.0000E+0	1.0694E-9
8.8500E+4	1.0000E+0	9.2910E-11	5.0000E+0	1.0658E-9
8.9000E+4	1.0000E+0	9.2848E-11	5.0000E+0	1.0639E-9
8.9500E+4	1.0000E+0	9.2888E-11	5.0000E+0	1.0611E-9
9.0000E+4	1.0000E+0	9.2772E-11	5.0000E+0	1.0592E-9
9.0500E+4	1.0000E+0	9.2711E-11	5.0000E+0	1.0570E-9
9.1000E+4	1.0000E+0	9.2669E-11	5.0000E+0	1.0566E-9
9.1500E+4	1.0000E+0	9.2802E-11	5.0000E+0	1.0542E-9
9.2000E+4	1.0000E+0	9.2686E-11	5.0000E+0	1.0528E-9
9.2500E+4	1.0000E+0	9.2783E-11	5.0000E+0	1.0522E-9
9.3000E+4	1.0000E+0	9.2660E-11	5.0000E+0	1.0507E-9
9.3500E+4	1.0000E+0	9.2745E-11	5.0000E+0	1.0487E-9
9.4000E+4	1.0000E+0	9.2714E-11	5.0000E+0	1.0473E-9
9.4500E+4	1.0000E+0	3.3093E-11	5.0000E+0	9.2796E-10
9.5000E+4	1.0000E+0	1.0943E-12	5.0000E+0	4.5227E-11
9.5500E+4	1.0000E+0	-1.2100E-12	5.0000E+0	2.2469E-11
9.6000E+4	1.0000E+0	-1.3888E-12	5.0000E+0	1.8299E-11
9.6500E+4	1.0000E+0	-1.6510E-12	5.0000E+0	1.6952E-11
9.7000E+4	1.0000E+0	-1.6785E-12	5.0000E+0	1.6108E-11
9.7500E+4	1.0000E+0	-1.5795E-12	5.0000E+0	1.5476E-11
9.8000E+4	1.0000E+0	-1.7226E-12	5.0000E+0	1.4816E-11
9.8500E+4	1.0000E+0	-1.5199E-12	5.0000E+0	1.4329E-11
9.9000E+4	1.0000E+0	-1.6296E-12	5.0000E+0	1.3703E-11
9.9500E+4	1.0000E+0	-1.5783E-12	5.0000E+0	1.3601E-11
1.0000E+5	1.0000E+0	-1.5533E-12	5.0000E+0	1.3212E-11
1.0050E+5	1.0000E+0	-1.4770E-12	5.0000E+0	1.2809E-11
1.0100E+5	1.0000E+0	-1.5819E-12	5.0000E+0	1.2543E-11
1.0150E+5	1.0000E+0	-1.4985E-12	5.0000E+0	1.2300E-11
1.0200E+5	1.0000E+0	-1.5771E-12	5.0000E+0	1.1883E-11
1.0250E+5	1.0000E+0	-1.4687E-12	5.0000E+0	1.1699E-11
1.0300E+5	1.0000E+0	-1.5509E-12	5.0000E+0	1.1506E-11
1.0350E+5	1.0000E+0	-1.4973E-12	5.0000E+0	1.1364E-11
1.0400E+5	1.0000E+0	-1.5688E-12	5.0000E+0	1.1423E-11
1.0450E+5	1.0000E+0	7.6545E-11	5.0000E+0	2.8438E-10
1.0500E+5	1.0000E+0	9.3206E-11	5.0000E+0	1.0376E-9
1.0550E+5	1.0000E+0	9.3241E-11	5.0000E+0	1.0381E-9
1.0600E+5	1.0000E+0	9.3002E-11	5.0000E+0	1.0375E-9
1.0650E+5	1.0000E+0	9.3216E-11	5.0000E+0	1.0373E-9
1.0700E+5	1.0000E+0	9.3087E-11	5.0000E+0	1.0371E-9
1.0750E+5	1.0000E+0	9.2978E-11	5.0000E+0	1.0370E-9
1.0800E+5	1.0000E+0	9.2950E-11	5.0000E+0	1.0368E-9
1.0850E+5	1.0000E+0	9.2918E-11	5.0000E+0	1.0364E-9
1.0900E+5	1.0000E+0	9.2915E-11	5.0000E+0	1.0360E-9
1.0950E+5	1.0000E+0	9.2896E-11	5.0000E+0	1.0355E-9
1.1000E+5	1.0000E+0	9.2795E-11	5.0000E+0	1.0356E-9
1.1050E+5	1.0000E+0	9.2908E-11	5.0000E+0	1.0348E-9
1.1100E+5	1.0000E+0	9.2819E-11	5.0000E+0	1.0343E-9
1.1150E+5	1.0000E+0	9.2819E-11	5.0000E+0	1.0334E-9
1.1200E+5	1.0000E+0	9.2878E-11	5.0000E+0	1.0336E-9
1.1250E+5	1.0000E+0	9.2818E-11	5.0000E+0	1.0335E-9
1.1300E+5	1.0000E+0	9.2705E-11	5.0000E+0	1.0329E-9
1.1350E+5	1.0000E+0	9.2893E-11	5.0000E+0	1.0322E-9
1.1400E+5	1.0000E+0	9.2806E-11	5.0000E+0	1.0314E-9
1.1450E+5	1.0000E+0	3.9562E-11	5.0000E+0	1.0008E-9
1.1500E+5	1.0000E+0	1.4865E-12	5.0000E+0	4.3361E-11
1.1550E+5	1.0000E+0	-1.1492E-12	5.0000E+0	1.7329E-11
1.1600E+5	1.0000E+0	-1.5056E-12	5.0000E+0	1.3579E-11
1.1650E+5	1.0000E+0	-1.5509E-12	5.0000E+0	1.2615E-11
1.1700E+5	1.0000E+0	-1.6940E-12	5.0000E+0	1.2002E-11
1.1750E+5	1.0000E+0	-1.6391E-12	5.0000E+0	1.1762E-11
1.1800E+5	1.0000E+0	-1.6320E-12	5.0000E+0	1.1358E-11
1.1850E+5	1.0000E+0	-1.6153E-12	5.0000E+0	1.1355E-11
1.1900E+5	1.0000E+0	-1.6653E-12	5.0000E+0	1.1196E-11
1.1950E+5	1.0000E+0	-1.6260E-12	5.0000E+0	1.0859E-11
1.2000E+5	1.0000E+0	-1.6510E-12	5.0000E+0	1.0680E-11
1.2050E+5	1.0000E+0	-1.5843E-12	5.0000E+0	1.0524E-11
1.2100E+5	1.0000E+0	-1.6451E-12	5.0000E+0	1.0407E-11
1.2150E+5	1.0000E+0	-1.5736E-12	5.0000E+0	1.0300E-11
1.2200E+5	1.0000E+0	-1.3948E-12	5.0000E+0	1.0210E-11
1.2250E+5	1.0000E+0	-1.5438E-12	5.0000E+0	1.0241E-11
1.2300E+5	1.0000E+0	-1.3793E-12	5.0000E+0	1.0186E-11
1.2350E+5	1.0000E+0	-1.5998E-12	5.0000E+0	1.0188E-11
1.2400E+5	1.0000E+0	-1.5903E-12	5.0000E+0	1.0169E-11
1.2450E+5	1.0000E+0	7.0095E-11	5.0000E+0	1.4561E-10
1.2500E+5	1.0000E+0	9.3044E-11	5.0000E+0	1.0303E-9
1.2550E+5	1.0000E+0	9.3309E-11	5.0000E+0	1.0296E-9
1.2600E+5	1.0000E+0	9.3125E-11	5.0000E+0	1.0289E-9
1.2650E+5	1.0000E+0	9.3135E-11	5.0000E+0	1.0289E-9
1.2700E+5	1.0000E+0	9.3183E-11	5.0000E+0	1.0290E-9
1.2750E+5	1.0000E+0	9.3070E-11	5.0000E+0	1.0278E-9
1.2800E+5	1.0000E+0	9.3086E-11	5.0000E+0	1.0278E-9
1.2850E+5	1.0000E+0	9.3153E-11	5.0000E+0	1.0274E-9
1.2900E+5	1.0000E+0	9.3068E-11	5.0000E+0	1.0273E-9
1.2950E+5	1.0000E+0	9.3194E-11	5.0000E+0	1.0271E-9
1.3000E+5	1.0000E+0	9.3088E-11	5.0000E+0	1.0273E-9
1.3050E+5	1.0000E+0	9.3188E-11	5.0000E+0	1.0265E-9
1.3100E+5	1.0000E+0	9.3112E-11	5.0000E+0	1.0264E-9
1.3150E+5	1.0000E+0	9.3100E-11	5.0000E+0	1.0265E-9
1.3200E+5	1.0000E+0	9.3135E-11	5.0000E+0	1.0255E-9
1.3250E+5	1.0000E+0	9.3120E-11	5.0000E+0	1.0252E-9
1.3300E+5	1.0000E+0	9.3080E-11	5.0000E+0	1.0254E-9
1.3350E+5	1.0000E+0	9.3105E-11	5.0000E+0	1.0254E-9
1.3400E+5	1.0000E+0	9.2998E-11	5.0000E+0	1.0246E-9
1.3450E+5	1.0000E+0	4.9672E-11	5.0000E+0	1.0250E-9
1.3500E+5	1.0000E+0	1.7881E-12	5.0000E+0	4.6947E-11
1.3550E+5	1.0000E+0	-1.1110E-12	5.0000E+0	1.8098E-11
1.3600E+5	1.0000E+0	-1.4663E-12	5.0000E+0	1.3787E-11
1.3650E+5	1.0000E+0	-1.6058E-12	5.0000E+0	1.2436E-11
1.3700E+5	1.0000E+0	-1.5807E-12	5.0000E+0	1.1995E-11
1.3750E+5	1.0000E+0	-1.5390E-12	5.0000E+0	1.1621E-11
1.3800E+5	1.0000E+0	-1.5676E-12	5.0000E+0	1.1330E-11
1.3850E+5	1.0000E+0	-1.6081E-12	5.0000E+0	1.1431E-11
1.3900E+5	1.0000E+0	-1.4985E-12	5.0000E+0	1.1069E-11
1.3950E+5	1.0000E+0	-1.4794E-12	5.0000E+0	1.0811E-11
1.4000E+5	1.0000E+0	-1.5163E-12	5.0000E+0	1.0667E-11
1.4050E+5	1.0000E+0	-1.4520E-12	5.0000E+0	1.0388E-11
1.4100E+5	1.0000E+0	-1.4603E-12	5.0000E+0	1.0314E-11
1.4150E+5	1.0000E+0	-1.4269E-12	5.0000E+0	1.0166E-11
1.4200E+5	1.0000E+0	-1.5187E-12	5.0000E+0	1.0064E-11
1.4250E+5	1.0000E+0	-1.5295E-12	5.0000E+0	1.0179E-11
1.4300E+5	1.0000E+0	-1.4877E-12	5.0000E+0	1.0139E-11
1.4350E+5	1.0000E+0	-1.5497E-12	5.0000E+0	9.8813E-12
1.4400E+5	1.0000E+0	-1.4627E-12	5.0000E+0	9.8574E-12
1.4450E+5	1.0000E+0	6.7214E-11	5.0000E+0	5.9153E-11
1.4500E+5	1.0000E+0	9.2624E-11	5.0000E+0	1.0191E-9
1.4550E+5	1.0000E+0	9.3632E-11	5.0000E+0	1.0214E-9
1.4600E+5	1.0000E+0	9.3615E-11	5.0000E+0	1.0215E-9
1.4650E+5	1.0000E+0	9.3336E-11	5.0000E+0	1.0214E-9
1.4700E+5	1.0000E+0	9.3381E-11	5.0000E+0	1.0205E-9
1.4750E+5	1.0000E+0	9.3400E-11	5.0000E+0	1.0214E-9
1.4800E+5	1.0000E+0	9.3377E-11	5.0000E+0	1.0201E-9
1.4850E+5	1.0000E+0	9.3335E-11	5.0000E+0	1.0199E-9
1.4900E+5	1.0000E+0	9.3224E-11	5.0000E+0	1.0196E-9
1.4950E+5	1.0000E+0	9.3309E-11	5.0000E+0	1.0200E-9
1.5000E+5	1.0000E+0	9.3235E-11	5.0000E+0	1.0193E-9
1.5050E+5	1.0000E+0	9.3166E-11	5.0000E+0	1.0195E-9
1.5100E+5	1.0000E+0	9.3299E-11	5.0000E+0	1.0184E-9
1.5150E+5	1.0000E+0	9.3230E-11	5.0000E+0	1.0177E-9
1.5200E+5	1.0000E+0	9.3269E-11	5.0000E+0	1.0178E-9
1.5250E+5	1.0000E+0	9.3222E-11	5.0000E+0	1.0181E-9
1.5300E+5	1.0000E+0	9.3242E-11	5.0000E+0	1.0175E-9
1.5350E+5	1.0000E+0	9.3249E-11	5.0000E+0	1.0180E-9
1.5400E+5	1.0000E+0	9.3200E-11	5.0000E+0	1.0174E-9
1.5450E+5	1.0000E+0	5.8562E-11	5.0000E+0	1.0180E-9
1.5500E+5	1.0000E+0	2.1100E-12	5.0000E+0	5.1812E-11
1.5550E+5	1.0000E+0	-1.1957E-12	5.0000E+0	1.8103E-11
1.5600E+5	1.0000E+0	-1.5366E-12	5.0000E+0	1.3559E-11
1.5650E+5	1.0000E+0	-1.5616E-12	5.0000E+0	1.2461E-11
1.5700E+5	1.0000E+0	-1.5938E-12	5.0000E+0	1.1893E-11
1.5750E+5	1.0000E+0	-1.5867E-12	5.0000E+0	1.1690E-11
1.5800E+5	1.0000E+0	-1.6248E-12	5.0000E+0	1.1482E-11
1.5850E+5	1.0000E+0	-1.5831E-12	5.0000E+0	1.1326E-11
1.5900E+5	1.0000E+0	-1.6534E-12	5.0000E+0	1.0930E-11
1.5950E+5	1.0000E+0	-1.6952E-12	5.0000E+0	1.0701E-11
1.6000E+5	1.0000E+0	-1.6212E-12	5.0000E+0	1.0626E-11
1.6050E+5	1.0000E+0	-2.9776E-11	1.0000E+1	1.2150E-9
1.6100E+5	1.0000E+0	-7.5221E-12	1.0000E+1	7.9875E-10
1.6150E+5	1.0000E+0	-5.2214E-12	1.0000E+1	4.5593E-10
1.6200E+5	1.0000E+0	-3.6335E-12	1.0000E+1	2.2950E-10
1.6250E+5	1.0000E+0	-3.2473E-12	1.0000E+1	1.2317E-10
1.6300E+5	1.0000E+0	-2.7096E-12	1.0000E+1	7.0200E-11
1.6350E+5	1.0000E+0	-2.4164E-12	1.0000E+1	4.3944E-11
1.6400E+5	1.0000E+0	-2.1374E-12	1.0000E+1	3.1681E-11
1.6450E+5	1.0000E+0	5.2950E-11	1.0000E+1	3.2078E-11
1.6500E+5	1.0000E+0	8.1632E-11	1.0000E+1	1.7761E-9
1.6550E+5	1.0000E+0	8.1947E-11	1.0000E+1	1.7719E-9
1.6600E+5	1.0000E+0	8.1400E-11	1.0000E+1	1.7682E-9
1.6650E+5	1.0000E+0	8.1024E-11	1.0000E+1	1.7668E-9
1.6700E+5	1.0000E+0	8.0808E-11	1.0000E+1	1.7652E-9
1.6750E+5	1.0000E+0	8.0662E-11	1.0000E+1	1.7636E-9
1.6800E+5	1.0000E+0	8.0467E-11	1.0000E+1	1.7633E-9
1.6850E+5	1.0000E+0	8.0211E-11	1.0000E+1	1.7632E-9
1.6900E+5	1.0000E+0	8.0160E-11	1.0000E+1	1.7631E-9
1.6950E+5	1.0000E+0	8.0259E-11	1.0000E+1	1.7626E-9
1.7000E+5	1.0000E+0	8.0208E-11	1.0000E+1	1.7626E-9
1.7050E+5	1.0000E+0	7.9944E-11	1.0000E+1	1.7623E-9
1.7100E+5	1.0000E+0	7.9834E-11	1.0000E+1	1.7625E-9
1.7150E+5	1.0000E+0	7.9842E-11	1.0000E+1	1.7619E-9
1.7200E+5	1.0000E+0	7.9775E-11	1.0000E+1	1.7620E-9
1.7250E+5	1.0000E+0	7.9659E-11	1.0000E+1	1.7635E-9
1.7300E+5	1.0000E+0	7.9519E-11	1.0000E+1	1.7618E-9
1.7350E+5	1.0000E+0	7.9665E-11	1.0000E+1	1.7614E-9
1.7400E+5	1.0000E+0	7.9550E-11	1.0000E+1	1.7605E-9
1.7450E+5	1.0000E+0	6.0216E-11	1.0000E+1	1.7603E-9
1.7500E+5	1.0000E+0	2.0873E-12	1.0000E+1	7.5089E-11
1.7550E+5	1.0000E+0	-1.3793E-12	1.0000E+1	2.6640E-11
1.7600E+5	1.0000E+0	-1.5747E-12	1.0000E+1	1.9382E-11
1.7650E+5	1.0000E+0	-1.7905E-12	1.0000E+1	1.7356E-11
1.7700E+5	1.0000E+0	-1.7810E-12	1.0000E+1	1.6575E-11
1.7750E+5	1.0000E+0	-1.8334E-12	1.0000E+1	1.6088E-11
1.7800E+5	1.0000E+0	-1.9729E-12	1.0000E+1	1.5744E-11
1.7850E+5	1.0000E+0	-1.8144E-12	1.0000E+1	1.5581E-11
1.7900E+5	1.0000E+0	-1.8477E-12	1.0000E+1	1.5556E-11
1.7950E+5	1.0000E+0	-1.8549E-12	1.0000E+1	1.5610E-11
1.8000E+5	1.0000E+0	-1.9002E-12	1.0000E+1	1.5357E-11
1.8050E+5	1.0000E+0	-1.8310E-12	1.0000E+1	1.5540E-11
1.8100E+5	1.0000E+0	-1.8060E-12	1.0000E+1	1.5306E-11
1.8150E+5	1.0000E+0	-1.8144E-12	1.0000E+1	1.5345E-11
1.8200E+5	1.0000E+0	-1.7643E-12	1.0000E+1	1.5271E-11
1.8250E+5	1.0000E+0	-1.8430E-12	1.0000E+1	1.5212E-11
1.8300E+5	1.0000E+0	-1.8895E-12	1.0000E+1	1.5218E-11
1.8350E+5	1.0000E+0	-1.7464E-12	1.0000E+1	1.5382E-11
1.8400E+5	1.0000E+0	-1.8442E-12	1.0000E+1	1.5252E-11
1.8450E+5	1.0000E+0	4.2819E-11	1.0000E+1	1.5246E-11
1.8500E+5	1.0000E+0	8.0041E-11	1.0000E+1	1.7592E-9
1.8550E+5	1.0000E+0	8.0131E-11	1.0000E+1	1.7577E-9
1.8600E+5	1.0000E+0	7.9956E-11	1.0000E+1	1.7579E-9
1.8650E+5	1.0000E+0	7.9890E-11	1.0000E+1	1.7580E-9
1.8700E+5	1.0000E+0	7.9764E-11	1.0000E+1	1.7581E-9
1.8750E+5	1.0000E+0	7.9673E-11	1.0000E+1	1.7582E-9
1.8800E+5	1.0000E+0	7.9670E-11	1.0000E+1	1.7574E-9
1.8850E+5	1.0000E+0	7.9471E-11	1.0000E+1	1.7578E-9
1.8900E+5	1.0000E+0	7.9564E-11	1.0000E+1	1.7571E-9
1.8950E+5	1.0000E+0	7.9572E-11	1.0000E+1	1.7566E-9
1.9000E+5	1.0000E+0	7.9633E-11	1.0000E+1	1.7562E-9
1.9050E+5	1.0000E+0	7.9622E-11	1.0000E+1	1.7564E-9
1.9100E+5	1.0000E+0	7.9694E-11	1.0000E+1	1.7558E-9
1.9150E+5	1.0000E+0	7.9637E-11	1.0000E+1	1.7558E-9
1.9200E+5	1.0000E+0	7.9644E-11	1.0000E+1	1.7548E-9
1.9250E+5	1.0000E+0	7.9508E-11	1.0000E+1	1.7552E-9
1.9300E+5	1.0000E+0	7.9583E-11	1.0000E+1	1.7545E-9
1.9350E+5	1.0000E+0	7.9406E-11	1.0000E+1	1.7548E-9
1.9400E+5	1.0000E+0	7.9488E-11	1.0000E+1	1.7538E-9
1.9450E+5	1.0000E+0	6.6379E-11	1.0000E+1	1.7536E-9
1.9500E+5	1.0000E+0	2.9921E-12	1.0000E+1	8.3102E-11
1.9550E+5	1.0000E+0	-1.1218E-12	1.0000E+1	2.7667E-11
1.9600E+5	1.0000E+0	-1.6332E-12	1.0000E+1	1.9682E-11
1.9650E+5	1.0000E+0	-1.7738E-12	1.0000E+1	1.7405E-11
1.9700E+5	1.0000E+0	-1.9348E-12	1.0000E+1	1.6181E-11
1.9750E+5	1.0000E+0	-1.6701E-12	1.0000E+1	1.5669E-11
1.9800E+5	1.0000E+0	-1.7285E-12	1.0000E+1	1.5532E-11
1.9850E+5	1.0000E+0	-1.7715E-12	1.0000E+1	1.5280E-11
1.9900E+5	1.0000E+0	-1.7810E-12	1.0000E+1	1.5059E-11
1.9950E+5	1.0000E+0	-1.8036E-12	1.0000E+1	1.5002E-11
2.0000E+5	1.0000E+0	-1.7977E-12	1.0000E+1	1.4822E-11
2.0050E+5	1.0000E+0	-1.7750E-12	1.0000E+1	1.4948E-11
2.0100E+5	1.0000E+0	-1.8215E-12	1.0000E+1	1.4911E-11
2.0150E+5	1.0000E+0	-1.8632E-12	1.0000E+1	1.4708E-11
2.0200E+5	1.0000E+0	-1.8823E-12	1.0000E+1	1.4770E-11
2.0250E+5	1.0000E+0	-1.8203E-12	1.0000E+1	1.4893E-11
2.0300E+5	1.0000E+0	-1.8203E-12	1.0000E+1	1.4664E-11
2.0350E+5	1.0000E+0	-1.8084E-12	1.0000E+1	1.4638E-11
2.0400E+5	1.0000E+0	-1.8001E-12	1.0000E+1	1.4789E-11
2.0450E+5	1.0000E+0	3.4270E-11	1.0000E+1	1.4563E-11
2.0500E+5	1.0000E+0	7.9504E-11	1.0000E+1	1.7492E-9
2.0550E+5	1.0000E+0	8.0061E-11	1.0000E+1	1.7496E-9
2.0600E+5	1.0000E+0	7.9788E-11	1.0000E+1	1.7502E-9
2.0650E+5	1.0000E+0	7.9831E-11	1.0000E+1	1.7495E-9
2.0700E+5	1.0000E+0	7.9845E-11	1.0000E+1	1.7491E-9
2.0750E+5	1.0000E+0	7.9807E-11	1.0000E+1	1.7491E-9
2.0800E+5	1.0000E+0	7.9752E-11	1.0000E+1	1.7483E-9
2.0850E+5	1.0000E+0	7.9787E-11	1.0000E+1	1.7480E-9
2.0900E+5	1.0000E+0	7.9736E-11	1.0000E+1	1.7485E-9
2.0950E+5	1.0000E+0	7.9609E-11	1.0000E+1	1.7484E-9
2.1000E+5	1.0000E+0	7.9732E-11	1.0000E+1	1.7484E-9
2.1050E+5	1.0000E+0	7.9650E-11	1.0000E+1	1.7480E-9
2.1100E+5	1.0000E+0	7.9637E-11	1.0000E+1	1.7478E-9
2.1150E+5	1.0000E+0	7.9761E-11	1.0000E+1	1.7477E-9
2.1200E+5	1.0000E+0	7.9684E-11	1.0000E+1	1.7468E-9
2.1250E+5	1.0000E+0	7.9560E-11	1.0000E+1	1.7468E-9
2.1300E+5	1.0000E+0	7.9464E-11	1.0000E+1	1.7462E-9
2.1350E+5	1.0000E+0	7.9551E-11	1.0000E+1	1.7459E-9
2.1400E+5	1.0000E+0	7.9441E-11	1.0000E+1	1.7463E-9
2.1450E+5	1.0000E+0	7.1326E-11	1.0000E+1	1.7455E-9
2.1500E+5	1.0000E+0	3.5500E-12	1.0000E+1	9.1801E-11
2.1550E+5	1.0000E+0	-1.1766E-12	1.0000E+1	2.8167E-11
2.1600E+5	1.0000E+0	-1.6522E-12	1.0000E+1	1.9537E-11
2.1650E+5	1.0000E+0	-1.7715E-12	1.0000E+1	1.7108E-11
2.1700E+5	1.0000E+0	-1.7297E-12	1.0000E+1	1.6079E-11
2.1750E+5	1.0000E+0	-1.7464E-12	1.0000E+1	1.5440E-11
2.1800E+5	1.0000E+0	-1.8096E-12	1.0000E+1	1.5217E-11
2.1850E+5	1.0000E+0	-1.7846E-12	1.0000E+1	1.5150E-11
2.1900E+5	1.0000E+0	-1.8096E-12	1.0000E+1	1.5053E-11
2.1950E+5	1.0000E+0	-1.7464E-12	1.0000E+1	1.4772E-11
2.2000E+5	1.0000E+0	-1.7893E-12	1.0000E+1	1.4844E-11
2.2050E+5	1.0000E+0	-1.8382E-12	1.0000E+1	1.4625E-11
2.2100E+5	1.0000E+0	-1.7154E-12	1.0000E+1	1.4741E-11
2.2150E+5	1.0000E+0	-1.8036E-12	1.0000E+1	1.4424E-11
2.2200E+5	1.0000E+0	-1.7560E-12	1.0000E+1	1.4581E-11
2.2250E+5	1.0000E+0	-1.7536E-12	1.0000E+1	1.4432E-11
2.2300E+5	1.0000E+0	-1.8787E-12	1.0000E+1	1.4420E-11
2.2350E+5	1.0000E+0	-1.7500E-12	1.0000E+1	1.4476E-11
2.2400E+5	1.0000E+0	-1.7929E-12	1.0000E+1	1.4410E-11
2.2450E+5	1.0000E+0	2.4936E-11	1.0000E+1	1.4429E-11
2.2500E+5	1.0000E+0	7.9497E-11	1.0000E+1	1.7431E-9
2.2550E+5	1.0000E+0	8.0180E-11	1.0000E+1	1.7426E-9
2.2600E+5	1.0000E+0	7.9980E-11	1.0000E+1	1.7430E-9
2.2650E+5	1.0000E+0	7.9930E-11	1.0000E+1	1.7433E-9
2.2700E+5	1.0000E+0	7.9774E-11	1.0000E+1	1.7435E-9
2.2750E+5	1.0000E+0	7.9987E-11	1.0000E+1	1.7434E-9
2.2800E+5	1.0000E+0	8.0128E-11	1.0000E+1	1.7426E-9
2.2850E+5	1.0000E+0	7.9991E-11	1.0000E+1	1.7418E-9
2.2900E+5	1.0000E+0	7.9844E-11	1.0000E+1	1.7412E-9
2.2950E+5	1.0000E+0	7.9875E-11	1.0000E+1	1.7409E-9
2.3000E+5	1.0000E+0	7.9713E-11	1.0000E+1	1.7408E-9
2.3050E+5	1.0000E+0	7.9869E-11	1.0000E+1	1.7409E-9
2.3100E+5	1.0000E+0	7.9887E-11	1.0000E+1	1.7404E-9
2.3150E+5	1.0000E+0	7.9856E-11	1.0000E+1	1.7395E-9
2.3200E+5	1.0000E+0	7.9870E-11	1.0000E+1	1.7390E-9
2.3250E+5	1.0000E+0	7.9947E-11	1.0000E+1	1.7391E-9
2.3300E+5	1.0000E+0	8.0028E-11	1.0000E+1	1.7392E-9
2.3350E+5	1.0000E+0	7.9932E-11	1.0000E+1	1.7395E-9
2.3400E+5	1.0000E+0	7.9838E-11	1.0000E+1	1.7391E-9
2.3450E+5	1.0000E+0	7.6948E-11	1.0000E+1	1.7387E-9
2.3500E+5	1.0000E+0	4.4704E-12	1.0000E+1	1.0421E-10
2.3550E+5	1.0000E+0	-1.0109E-12	1.0000E+1	2.8733E-11
2.3600E+5	1.0000E+0	-1.6105E-12	1.0000E+1	1.9629E-11
2.3650E+5	1.0000E+0	-1.6689E-12	1.0000E+1	1.7163E-11
2.3700E+5	1.0000E+0	-1.7428E-12	1.0000E+1	1.5901E-11
2.3750E+5	1.0000E+0	-1.6809E-12	1.0000E+1	1.5329E-11
2.3800E+5	1.0000E+0	-1.7631E-12	1.0000E+1	1.4966E-11
2.3850E+5	1.0000E+0	-1.7178E-12	1.0000E+1	1.4957E-11
2.3900E+5	1.0000E+0	-1.6701E-12	1.0000E+1	1.4522E-11
2.3950E+5	1.0000E+0	-1.6427E-12	1.0000E+1	1.4496E-11
2.4000E+5	1.0000E+0	-1.7428E-12	1.0000E+1	1.4581E-11
2.4050E+5	1.0000E+0	-3.9222E-11	2.0000E+1	1.6601E-9
2.4100E+5	1.0000E+0	-9.4414E-12	2.0000E+1	7.0695E-11
2.4150E+5	1.0000E+0	-8.9824E-12	2.0000E+1	5.5979E-11
2.4200E+5	1.0000E+0	-1.5543E-11	2.0000E+1	5.6443E-11
2.4250E+5	1.0000E+0	-2.7013E-11	2.0000E+1	6.0206E-11
2.4300E+5	1.0000E+0	-2.2161E-11	2.0000E+1	5.8112E-11
2.4350E+5	1.0000E+0	-3.5731E-11	2.0000E+1	6.6181E-11
2.4400E+5	1.0000E+0	-2.1629E-11	2.0000E+1	5.7834E-11
2.4450E+5	1.0000E+0	-7.6890E-13	2.0000E+1	4.6840E-11
2.4500E+5	1.0000E+0	5.3116E-11	2.0000E+1	2.8702E-9
2.4550E+5	1.0000E+0	5.6382E-11	2.0000E+1	2.8562E-9
2.4600E+5	1.0000E+0	5.7234E-11	2.0000E+1	2.8507E-9
2.4650E+5	1.0000E+0	5.8973E-11	2.0000E+1	2.8474E-9
2.4700E+5	1.0000E+0	6.0373E-11	2.0000E+1	2.8434E-9
2.4750E+5	1.0000E+0	6.0642E-11	2.0000E+1	2.8428E-9
2.4800E+5	1.0000E+0	6.0076E-11	2.0000E+1	2.8428E-9
2.4850E+5	1.0000E+0	5.9420E-11	2.0000E+1	2.8439E-9
2.4900E+5	1.0000E+0	5.9235E-11	2.0000E+1	2.8447E-9
2.4950E+5	1.0000E+0	5.9791E-11	2.0000E+1	2.8456E-9
2.5000E+5	1.0000E+0	5.9977E-11	2.0000E+1	2.8458E-9
2.5050E+5	1.0000E+0	5.9739E-11	2.0000E+1	2.8454E-9
2.5100E+5	1.0000E+0	5.9805E-11	2.0000E+1	2.8457E-9
2.5150E+5	1.0000E+0	5.9659E-11	2.0000E+1	2.8473E-9
2.5200E+5	1.0000E+0	5.9216E-11	2.0000E+1	2.8477E-9
2.5250E+5	1.0000E+0	5.8879E-11	2.0000E+1	2.8484E-9
2.5300E+5	1.0000E+0	5.8752E-11	2.0000E+1	2.8487E-9
2.5350E+5	1.0000E+0	5.8731E-11	2.0000E+1	2.8491E-9
2.5400E+5	1.0000E+0	5.8309E-11	2.0000E+1	2.8508E-9
2.5450E+5	1.0000E+0	5.8101E-11	2.0000E+1	2.8500E-9
2.5500E+5	1.0000E+0	8.9168E-13	2.0000E+1	1.5738E-10
2.5550E+5	1.0000E+0	-7.0870E-12	2.0000E+1	4.8214E-11
2.5600E+5	1.0000E+0	-8.5926E-12	2.0000E+1	3.5672E-11
2.5650E+5	1.0000E+0	-6.5052E-12	2.0000E+1	3.1257E-11
2.5700E+5	1.0000E+0	-5.8186E-12	2.0000E+1	2.8071E-11
2.5750E+5	1.0000E+0	-5.6624E-12	2.0000E+1	2.7249E-11
2.5800E+5	1.0000E+0	-6.1667E-12	2.0000E+1	2.7640E-11
2.5850E+5	1.0000E+0	-6.9463E-12	2.0000E+1	2.8487E-11
2.5900E+5	1.0000E+0	-1.0401E-11	2.0000E+1	2.9168E-11
2.5950E+5	1.0000E+0	-1.2107E-11	2.0000E+1	3.3994E-11
2.6000E+5	1.0000E+0	-1.0050E-11	2.0000E+1	3.3024E-11
2.6050E+5	1.0000E+0	-9.1279E-12	2.0000E+1	3.1730E-11
2.6100E+5	1.0000E+0	-8.5497E-12	2.0000E+1	3.0057E-11
2.6150E+5	1.0000E+0	-8.2433E-12	2.0000E+1	2.9793E-11
2.6200E+5	1.0000E+0	-7.1835E-12	2.0000E+1	2.8577E-11
2.6250E+5	1.0000E+0	-6.7329E-12	2.0000E+1	2.7991E-11
2.6300E+5	1.0000E+0	-6.1882E-12	2.0000E+1	2.7138E-11
2.6350E+5	1.0000E+0	-5.6684E-12	2.0000E+1	2.6914E-11
2.6400E+5	1.0000E+0	-5.6660E-12	2.0000E+1	2.6383E-11
2.6450E+5	1.0000E+0	4.0305E-12	2.0000E+1	2.6034E-11
2.6500E+5	1.0000E+0	5.6968E-11	2.0000E+1	2.8513E-9
2.6550E+5	1.0000E+0	5.8250E-11	2.0000E+1	2.8528E-9
2.6600E+5	1.0000E+0	5.8177E-11	2.0000E+1	2.8528E-9
2.6650E+5	1.0000E+0	5.8211E-11	2.0000E+1	2.8517E-9
2.6700E+5	1.0000E+0	5.8308E-11	2.0000E+1	2.8515E-9
2.6750E+5	1.0000E+0	5.8402E-11	2.0000E+1	2.8513E-9
2.6800E+5	1.0000E+0	5.8137E-11	2.0000E+1	2.8501E-9
2.6850E+5	1.0000E+0	5.8267E-11	2.0000E+1	2.8507E-9
2.6900E+5	1.0000E+0	5.8114E-11	2.0000E+1	2.8509E-9
2.6950E+5	1.0000E+0	5.7761E-11	2.0000E+1	2.8507E-9
2.7000E+5	1.0000E+0	5.7652E-11	2.0000E+1	2.8499E-9
2.7050E+5	1.0000E+0	5.7770E-11	2.0000E+1	2.8491E-9
2.7100E+5	1.0000E+0	5.8218E-11	2.0000E+1	2.8495E-9
2.7150E+5	1.0000E+0	5.7960E-11	2.0000E+1	2.8475E-9
2.7200E+5	1.0000E+0	5.7980E-11	2.0000E+1	2.8483E-9
2.7250E+5	1.0000E+0	5.8142E-11	2.0000E+1	2.8478E-9
2.7300E+5	1.0000E+0	5.8370E-11	2.0000E+1	2.8474E-9
2.7350E+5	1.0000E+0	5.8591E-11	2.0000E+1	2.8496E-9
2.7400E+5	1.0000E+0	5.8492E-11	2.0000E+1	2.8489E-9
2.7450E+5	1.0000E+0	5.8796E-11	2.0000E+1	2.8489E-9
2.7500E+5	1.0000E+0	4.2105E-12	2.0000E+1	1.8442E-10
2.7550E+5	1.0000E+0	-2.4962E-12	2.0000E+1	4.5725E-11
2.7600E+5	1.0000E+0	-3.1233E-12	2.0000E+1	3.0070E-11
2.7650E+5	1.0000E+0	-3.0851E-12	2.0000E+1	2.6376E-11
2.7700E+5	1.0000E+0	-3.2222E-12	2.0000E+1	2.5070E-11
2.7750E+5	1.0000E+0	-3.0923E-12	2.0000E+1	2.4451E-11
2.7800E+5	1.0000E+0	-3.0398E-12	2.0000E+1	2.4186E-11
2.7850E+5	1.0000E+0	-3.2008E-12	2.0000E+1	2.4189E-11
2.7900E+5	1.0000E+0	-3.1042E-12	2.0000E+1	2.4004E-11
2.7950E+5	1.0000E+0	-3.0482E-12	2.0000E+1	2.4011E-11
2.8000E+5	1.0000E+0	-2.8789E-12	2.0000E+1	2.3812E-11
2.8050E+5	1.0000E+0	-2.9099E-12	2.0000E+1	2.3673E-11
2.8100E+5	1.0000E+0	-2.8884E-12	2.0000E+1	2.3882E-11
2.8150E+5	1.0000E+0	-2.8420E-12	2.0000E+1	2.3745E-11
2.8200E+5	1.0000E+0	-2.6286E-12	2.0000E+1	2.3552E-11
2.8250E+5	1.0000E+0	-2.8598E-12	2.0000E+1	2.3470E-11
2.8300E+5	1.0000E+0	-2.8014E-12	2.0000E+1	2.3525E-11
2.8350E+5	1.0000E+0	-2.7692E-12	2.0000E+1	2.3638E-11
2.8400E+5	1.0000E+0	-2.7299E-12	2.0000E+1	2.3605E-11
2.8450E+5	1.0000E+0	1.4913E-12	2.0000E+1	2.3053E-11
2.8500E+5	1.0000E+0	5.7954E-11	2.0000E+1	2.8488E-9
2.8550E+5	1.0000E+0	5.9898E-11	2.0000E+1	2.8493E-9
2.8600E+5	1.0000E+0	6.0240E-11	2.0000E+1	2.8499E-9
2.8650E+5	1.0000E+0	5.9910E-11	2.0000E+1	2.8491E-9
2.8700E+5	1.0000E+0	5.9792E-11	2.0000E+1	2.8482E-9
2.8750E+5	1.0000E+0	5.9832E-11	2.0000E+1	2.8474E-9
2.8800E+5	1.0000E+0	5.9611E-11	2.0000E+1	2.8452E-9
2.8850E+5	1.0000E+0	5.9475E-11	2.0000E+1	2.8458E-9
2.8900E+5	1.0000E+0	5.9243E-11	2.0000E+1	2.8467E-9
2.8950E+5	1.0000E+0	5.9241E-11	2.0000E+1	2.8452E-9
2.9000E+5	1.0000E+0	5.9103E-11	2.0000E+1	2.8440E-9
2.9050E+5	1.0000E+0	5.9116E-11	2.0000E+1	2.8445E-9
2.9100E+5	1.0000E+0	5.9407E-11	2.0000E+1	2.8428E-9
2.9150E+5	1.0000E+0	5.9197E-11	2.0000E+1	2.8425E-9
2.9200E+5	1.0000E+0	5.9284E-11	2.0000E+1	2.8435E-9
2.9250E+5	1.0000E+0	5.9365E-11	2.0000E+1	2.8414E-9
2.9300E+5	1.0000E+0	5.9340E-11	2.0000E+1	2.8419E-9
2.9350E+5	1.0000E+0	5.9485E-11	2.0000E+1	2.8414E-9
2.9400E+5	1.0000E+0	5.9472E-11	2.0000E+1	2.8408E-9
2.9450E+5	1.0000E+0	5.9513E-11	2.0000E+1	2.8397E-9
2.9500E+5	1.0000E+0	5.3239E-12	2.0000E+1	2.2559E-10
2.9550E+5	1.0000E+0	-1.6510E-12	2.0000E+1	4.5550E-11
2.9600E+5	1.0000E+0	-2.2495E-12	2.0000E+1	2.8790E-11
2.9650E+5	1.0000E+0	-2.2042E-12	2.0000E+1	2.4780E-11
2.9700E+5	1.0000E+0	-2.3127E-12	2.0000E+1	2.3701E-11
2.9750E+5	1.0000E+0	-2.6143E-12	2.0000E+1	2.2994E-11
2.9800E+5	1.0000E+0	-2.3937E-12	2.0000E+1	2.2745E-11
2.9850E+5	1.0000E+0	-2.4950E-12	2.0000E+1	2.2789E-11
2.9900E+5	1.0000E+0	-2.3532E-12	2.0000E+1	2.2671E-11
2.9950E+5	1.0000E+0	-2.4545E-12	2.0000E+1	2.2607E-11
3.0000E+5	1.0000E+0	-2.4211E-12	2.0000E+1	2.2597E-11
3.0050E+5	1.0000E+0	-2.4152E-12	2.0000E+1	2.2572E-11
3.0100E+5	1.0000E+0	-2.4557E-12	2.0000E+1	2.2236E-11
3.0150E+5	1.0000E+0	-2.2960E-12	2.0000E+1	2.2417E-11
3.0200E+5	1.0000E+0	-2.3234E-12	2.0000E+1	2.2361E-11
3.0250E+5	1.0000E+0	-2.3556E-12	2.0000E+1	2.2585E-11
3.0300E+5	1.0000E+0	-2.3758E-12	2.0000E+1	2.2473E-11
3.0350E+5	1.0000E+0	-2.2387E-12	2.0000E+1	2.2678E-11
3.0400E+5	1.0000E+0	-2.2733E-12	2.0000E+1	2.2674E-11
3.0450E+5	1.0000E+0	-1.5235E-12	2.0000E+1	2.2472E-11
3.0500E+5	1.0000E+0	5.8849E-11	2.0000E+1	2.8408E-9
3.0550E+5	1.0000E+0	6.0904E-11	2.0000E+1	2.8418E-9
3.0600E+5	1.0000E+0	6.0555E-11	2.0000E+1	2.8419E-9
3.0650E+5	1.0000E+0	6.0500E-11	2.0000E+1	2.8436E-9
3.0700E+5	1.0000E+0	6.0241E-11	2.0000E+1	2.8417E-9
3.0750E+5	1.0000E+0	6.0276E-11	2.0000E+1	2.8397E-9
3.0800E+5	1.0000E+0	6.0011E-11	2.0000E+1	2.8388E-9
3.0850E+5	1.0000E+0	5.9947E-11	2.0000E+1	2.8405E-9
3.0900E+5	1.0000E+0	5.9881E-11	2.0000E+1	2.8376E-9
3.0950E+5	1.0000E+0	5.9880E-11	2.0000E+1	2.8372E-9
3.1000E+5	1.0000E+0	5.9793E-11	2.0000E+1	2.8368E-9
3.1050E+5	1.0000E+0	5.9725E-11	2.0000E+1	2.8358E-9
3.1100E+5	1.0000E+0	5.9799E-11	2.0000E+1	2.8357E-9
3.1150E+5	1.0000E+0	5.9934E-11	2.0000E+1	2.8340E-9
3.1200E+5	1.0000E+0	5.9973E-11	2.0000E+1	2.8331E-9
3.1250E+5	1.0000E+0	6.0034E-11	2.0000E+1	2.8322E-9
3.1300E+5	1.0000E+0	6.0201E-11	2.0000E+1	2.8333E-9
3.1350E+5	1.0000E+0	6.0087E-11	2.0000E+1	2.8337E-9
3.1400E+5	1.0000E+0	6.0070E-11	2.0000E+1	2.8342E-9
3.1450E+5	1.0000E+0	6.0162E-11	2.0000E+1	2.8332E-9
3.1500E+5	1.0000E+0	7.4637E-12	2.0000E+1	3.0744E-10
3.1550E+5	1.0000E+0	-1.1527E-12	2.0000E+1	4.7846E-11
3.1600E+5	1.0000E+0	-2.0921E-12	2.0000E+1	2.8778E-11
3.1650E+5	1.0000E+0	-2.1613E-12	2.0000E+1	2.4545E-11
3.1700E+5	1.0000E+0	-2.2995E-12	2.0000E+1	2.2924E-11
3.1750E+5	1.0000E+0	-2.2006E-12	2.0000E+1	2.2719E-11
3.1800E+5	1.0000E+0	-2.1267E-12	2.0000E+1	2.2340E-11
3.1850E+5	1.0000E+0	-2.2328E-12	2.0000E+1	2.2296E-11
3.1900E+5	1.0000E+0	-2.3484E-12	2.0000E+1	2.2376E-11
3.1950E+5	1.0000E+0	-2.2805E-12	2.0000E+1	2.2284E-11
3.2000E+5	1.0000E+0	-2.3198E-12	2.0000E+1	2.2349E-11
3.2050E+5	1.0000E+0	-4.8616E-11	3.0000E+1	1.8503E-10
3.2100E+5	1.0000E+0	-1.8973E-11	3.0000E+1	8.4801E-11
3.2150E+5	1.0000E+0	-1.6054E-11	3.0000E+1	6.9337E-11
3.2200E+5	1.0000E+0	-1.3640E-11	3.0000E+1	6.2693E-11
3.2250E+5	1.0000E+0	-1.2009E-11	3.0000E+1	5.7379E-11
3.2300E+5	1.0000E+0	-1.0121E-11	3.0000E+1	5.2747E-11
3.2350E+5	1.0000E+0	-8.5604E-12	3.0000E+1	4.8262E-11
3.2400E+5	1.0000E+0	-7.7021E-12	3.0000E+1	4.6045E-11
3.2450E+5	1.0000E+0	-9.4175E-12	3.0000E+1	4.4621E-11
3.2500E+5	1.0000E+0	4.1687E-11	3.0000E+1	3.7094E-9
3.2550E+5	1.0000E+0	4.3226E-11	3.0000E+1	3.6916E-9
3.2600E+5	1.0000E+0	4.3822E-11	3.0000E+1	3.6883E-9
3.2650E+5	1.0000E+0	4.3356E-11	3.0000E+1	3.6848E-9
3.2700E+5	1.0000E+0	4.0978E-11	3.0000E+1	3.6854E-9
3.2750E+5	1.0000E+0	3.9910E-11	3.0000E+1	3.6850E-9
3.2800E+5	1.0000E+0	4.1025E-11	3.0000E+1	3.6842E-9
3.2850E+5	1.0000E+0	4.2506E-11	3.0000E+1	3.6830E-9
3.2900E+5	1.0000E+0	4.2374E-11	3.0000E+1	3.6833E-9
3.2950E+5	1.0000E+0	4.3232E-11	3.0000E+1	3.6827E-9
3.3000E+5	1.0000E+0	4.3116E-11	3.0000E+1	3.6849E-9
3.3050E+5	1.0000E+0	4.3052E-11	3.0000E+1	3.6843E-9
3.3100E+5	1.0000E+0	4.2443E-11	3.0000E+1	3.6854E-9
3.3150E+5	1.0000E+0	4.3060E-11	3.0000E+1	3.6863E-9
3.3200E+5	1.0000E+0	4.3662E-11	3.0000E+1	3.6845E-9
3.3250E+5	1.0000E+0	4.4017E-11	3.0000E+1	3.6840E-9
3.3300E+5	1.0000E+0	4.4118E-11	3.0000E+1	3.6834E-9
3.3350E+5	1.0000E+0	4.3917E-11	3.0000E+1	3.6832E-9
3.3400E+5	1.0000E+0	4.4301E-11	3.0000E+1	3.6841E-9
3.3450E+5	1.0000E+0	4.3774E-11	3.0000E+1	3.6839E-9
3.3500E+5	1.0000E+0	5.8031E-12	3.0000E+1	6.1985E-10
3.3550E+5	1.0000E+0	-2.9564E-12	3.0000E+1	6.5094E-11
3.3600E+5	1.0000E+0	-4.5931E-12	3.0000E+1	4.0543E-11
3.3650E+5	1.0000E+0	-4.6170E-12	3.0000E+1	3.4540E-11
3.3700E+5	1.0000E+0	-4.4906E-12	3.0000E+1	3.3095E-11
3.3750E+5	1.0000E+0	-3.9005E-12	3.0000E+1	3.1619E-11
3.3800E+5	1.0000E+0	-4.2093E-12	3.0000E+1	3.1697E-11
3.3850E+5	1.0000E+0	-4.0173E-12	3.0000E+1	3.1333E-11
3.3900E+5	1.0000E+0	-3.7229E-12	3.0000E+1	3.0826E-11
3.3950E+5	1.0000E+0	-3.5500E-12	3.0000E+1	3.0966E-11
3.4000E+5	1.0000E+0	-3.7885E-12	3.0000E+1	3.0754E-11
3.4050E+5	1.0000E+0	-3.8791E-12	3.0000E+1	3.1069E-11
3.4100E+5	1.0000E+0	-3.6395E-12	3.0000E+1	3.0299E-11
3.4150E+5	1.0000E+0	-3.4344E-12	3.0000E+1	3.0776E-11
3.4200E+5	1.0000E+0	-3.5465E-12	3.0000E+1	2.9693E-11
3.4250E+5	1.0000E+0	-3.0506E-12	3.0000E+1	2.9360E-11
3.4300E+5	1.0000E+0	-3.1614E-12	3.0000E+1	2.9339E-11
3.4350E+5	1.0000E+0	-3.3867E-12	3.0000E+1	2.9200E-11
3.4400E+5	1.0000E+0	-3.4678E-12	3.0000E+1	3.0190E-11
3.4450E+5	1.0000E+0	-3.5500E-12	3.0000E+1	2.9657E-11
3.4500E+5	1.0000E+0	4.1342E-11	3.0000E+1	3.6756E-9
3.4550E+5	1.0000E+0	4.4864E-11	3.0000E+1	3.6871E-9
3.4600E+5	1.0000E+0	4.4988E-11	3.0000E+1	3.6879E-9
3.4650E+5	1.0000E+0	4.4985E-11	3.0000E+1	3.6868E-9
3.4700E+5	1.0000E+0	4.5118E-11	3.0000E+1	3.6860E-9
3.4750E+5	1.0000E+0	4.4718E-11	3.0000E+1	3.6841E-9
3.4800E+5	1.0000E+0	4.4620E-11	3.0000E+1	3.6847E-9
3.4850E+5	1.0000E+0	4.4500E-11	3.0000E+1	3.6869E-9
3.4900E+5	1.0000E+0	4.4401E-11	3.0000E+1	3.6872E-9
3.4950E+5	1.0000E+0	4.4149E-11	3.0000E+1	3.6871E-9
3.5000E+5	1.0000E+0	4.4286E-11	3.0000E+1	3.6876E-9
3.5050E+5	1.0000E+0	4.3864E-11	3.0000E+1	3.6863E-9
3.5100E+5	1.0000E+0	4.3247E-11	3.0000E+1	3.6889E-9
3.5150E+5	1.0000E+0	4.3225E-11	3.0000E+1	3.6884E-9
3.5200E+5	1.0000E+0	4.3116E-11	3.0000E+1	3.6893E-9
3.5250E+5	1.0000E+0	4.3199E-11	3.0000E+1	3.6899E-9
3.5300E+5	1.0000E+0	4.3495E-11	3.0000E+1	3.6899E-9
3.5350E+5	1.0000E+0	4.3558E-11	3.0000E+1	3.6897E-9
3.5400E+5	1.0000E+0	4.3548E-11	3.0000E+1	3.6884E-9
3.5450E+5	1.0000E+0	4.3274E-11	3.0000E+1	3.6892E-9
3.5500E+5	1.0000E+0	7.6842E-12	3.0000E+1	1.1033E-9
3.5550E+5	1.0000E+0	-2.8431E-12	3.0000E+1	6.7812E-11
3.5600E+5	1.0000E+0	-4.3118E-12	3.0000E+1	3.9997E-11
3.5650E+5	1.0000E+0	-4.2677E-12	3.0000E+1	3.3459E-11
3.5700E+5	1.0000E+0	-4.0948E-12	3.0000E+1	3.1458E-11
3.5750E+5	1.0000E+0	-3.5798E-12	3.0000E+1	3.0609E-11
3.5800E+5	1.0000E+0	-3.9744E-12	3.0000E+1	3.0379E-11
3.5850E+5	1.0000E+0	-3.6311E-12	3.0000E+1	3.0322E-11
3.5900E+5	1.0000E+0	-3.7015E-12	3.0000E+1	2.9914E-11
3.5950E+5	1.0000E+0	-4.0495E-12	3.0000E+1	2.9978E-11
3.6000E+5	1.0000E+0	-4.1747E-12	3.0000E+1	3.0556E-11
3.6050E+5	1.0000E+0	-3.9101E-12	3.0000E+1	3.0465E-11
3.6100E+5	1.0000E+0	-3.6633E-12	3.0000E+1	2.9397E-11
3.6150E+5	1.0000E+0	-3.6287E-12	3.0000E+1	2.9481E-11
3.6200E+5	1.0000E+0	-3.8242E-12	3.0000E+1	2.9830E-11
3.6250E+5	1.0000E+0	-3.6466E-12	3.0000E+1	2.9603E-11
3.6300E+5	1.0000E+0	-3.6109E-12	3.0000E+1	2.9198E-11
3.6350E+5	1.0000E+0	-3.3307E-12	3.0000E+1	2.9408E-11
3.6400E+5	1.0000E+0	-3.1364E-12	3.0000E+1	2.8911E-11
3.6450E+5	1.0000E+0	-3.1674E-12	3.0000E+1	2.9076E-11
3.6500E+5	1.0000E+0	4.1696E-11	3.0000E+1	3.5509E-9
3.6550E+5	1.0000E+0	4.4470E-11	3.0000E+1	3.6917E-9
3.6600E+5	1.0000E+0	4.4582E-11	3.0000E+1	3.6904E-9
3.6650E+5	1.0000E+0	4.4585E-11	3.0000E+1	3.6918E-9
3.6700E+5	1.0000E+0	4.4216E-11	3.0000E+1	3.6914E-9
3.6750E+5	1.0000E+0	4.4420E-11	3.0000E+1	3.6915E-9
3.6800E+5	1.0000E+0	4.4357E-11	3.0000E+1	3.6903E-9
3.6850E+5	1.0000E+0	4.4211E-11	3.0000E+1	3.6906E-9
3.6900E+5	1.0000E+0	4.4149E-11	3.0000E+1	3.6891E-9
3.6950E+5	1.0000E+0	4.4066E-11	3.0000E+1	3.6899E-9
3.7000E+5	1.0000E+0	4.4124E-11	3.0000E+1	3.6885E-9
3.7050E+5	1.0000E+0	4.4063E-11	3.0000E+1	3.6885E-9
3.7100E+5	1.0000E+0	4.4037E-11	3.0000E+1	3.6874E-9
3.7150E+5	1.0000E+0	4.3955E-11	3.0000E+1	3.6879E-9
3.7200E+5	1.0000E+0	4.3664E-11	3.0000E+1	3.6888E-9
3.7250E+5	1.0000E+0	4.3647E-11	3.0000E+1	3.6878E-9
3.7300E+5	1.0000E+0	4.4219E-11	3.0000E+1	3.6877E-9
3.7350E+5	1.0000E+0	4.3813E-11	3.0000E+1	3.6878E-9
3.7400E+5	1.0000E+0	4.3906E-11	3.0000E+1	3.6872E-9
3.7450E+5	1.0000E+0	4.3705E-11	3.0000E+1	3.6854E-9
3.7500E+5	1.0000E+0	1.0124E-11	3.0000E+1	1.5975E-9
3.7550E+5	1.0000E+0	-1.5581E-12	3.0000E+1	7.0813E-11
3.7600E+5	1.0000E+0	-2.5082E-12	3.0000E+1	3.9091E-11
3.7650E+5	1.0000E+0	-2.5189E-12	3.0000E+1	3.1830E-11
3.7700E+5	1.0000E+0	-2.6739E-12	3.0000E+1	2.9929E-11
3.7750E+5	1.0000E+0	-2.6262E-12	3.0000E+1	2.8906E-11
3.7800E+5	1.0000E+0	-2.4557E-12	3.0000E+1	2.8539E-11
3.7850E+5	1.0000E+0	-2.4283E-12	3.0000E+1	2.8603E-11
3.7900E+5	1.0000E+0	-2.4009E-12	3.0000E+1	2.8253E-11
3.7950E+5	1.0000E+0	-2.4807E-12	3.0000E+1	2.8012E-11
3.8000E+5	1.0000E+0	-2.4164E-12	3.0000E+1	2.8123E-11
3.8050E+5	1.0000E+0	-2.3889E-12	3.0000E+1	2.7950E-11
3.8100E+5	1.0000E+0	-2.4545E-12	3.0000E+1	2.7655E-11
3.8150E+5	1.0000E+0	-2.4891E-12	3.0000E+1	2.7868E-11
3.8200E+5	1.0000E+0	-2.3913E-12	3.0000E+1	2.7869E-11
3.8250E+5	1.0000E+0	-2.3222E-12	3.0000E+1	2.7963E-11
3.8300E+5	1.0000E+0	-2.5392E-12	3.0000E+1	2.7908E-11
3.8350E+5	1.0000E+0	-2.5296E-12	3.0000E+1	2.7939E-11
3.8400E+5	1.0000E+0	-2.4641E-12	3.0000E+1	2.7816E-11
3.8450E+5	1.0000E+0	-2.4760E-12	3.0000E+1	2.8020E-11
3.8500E+5	1.0000E+0	4.1452E-11	3.0000E+1	3.0551E-9
3.8550E+5	1.0000E+0	4.5060E-11	3.0000E+1	3.6843E-9
3.8600E+5	1.0000E+0	4.4944E-11	3.0000E+1	3.6841E-9
3.8650E+5	1.0000E+0	4.4881E-11	3.0000E+1	3.6866E-9
3.8700E+5	1.0000E+0	4.4484E-11	3.0000E+1	3.6851E-9
3.8750E+5	1.0000E+0	4.4546E-11	3.0000E+1	3.6847E-9
3.8800E+5	1.0000E+0	4.4391E-11	3.0000E+1	3.6867E-9
3.8850E+5	1.0000E+0	4.4291E-11	3.0000E+1	3.6854E-9
3.8900E+5	1.0000E+0	4.4421E-11	3.0000E+1	3.6844E-9
3.8950E+5	1.0000E+0	4.4442E-11	3.0000E+1	3.6824E-9
3.9000E+5	1.0000E+0	4.4539E-11	3.0000E+1	3.6812E-9
3.9050E+5	1.0000E+0	4.4546E-11	3.0000E+1	3.6812E-9
3.9100E+5	1.0000E+0	4.4527E-11	3.0000E+1	3.6792E-9
3.9150E+5	1.0000E+0	4.4552E-11	3.0000E+1	3.6782E-9
3.9200E+5	1.0000E+0	4.4233E-11	3.0000E+1	3.6785E-9
3.9250E+5	1.0000E+0	4.4398E-11	3.0000E+1	3.6768E-9
3.9300E+5	1.0000E+0	4.4315E-11	3.0000E+1	3.6782E-9
3.9350E+5	1.0000E+0	4.4390E-11	3.0000E+1	3.6780E-9
3.9400E+5	1.0000E+0	4.4265E-11	3.0000E+1	3.6771E-9
3.9450E+5	1.0000E+0	4.4460E-11	3.0000E+1	3.6761E-9
3.9500E+5	1.0000E+0	1.2428E-11	3.0000E+1	2.0822E-9
3.9550E+5	1.0000E+0	-9.4652E-13	3.0000E+1	7.3450E-11
3.9600E+5	1.0000E+0	-2.0194E-12	3.0000E+1	3.8521E-11
3.9650E+5	1.0000E+0	-2.2769E-12	3.0000E+1	3.1081E-11
3.9700E+5	1.0000E+0	-2.3341E-12	3.0000E+1	2.9186E-11
3.9750E+5	1.0000E+0	-2.2447E-12	3.0000E+1	2.7884E-11
3.9800E+5	1.0000E+0	-2.3198E-12	3.0000E+1	2.7450E-11
3.9850E+5	1.0000E+0	-2.2995E-12	3.0000E+1	2.7816E-11
3.9900E+5	1.0000E+0	-2.1648E-12	3.0000E+1	2.7579E-11
3.9950E+5	1.0000E+0	-2.2829E-12	3.0000E+1	2.7348E-11
4.0000E+5	1.0000E+0	-2.2411E-12	3.0000E+1	2.7207E-11
4.0050E+5	1.0000E+0	-2.4998E-10	5.0000E+1	8.3552E-10
4.0100E+5	1.0000E+0	-5.6444E-11	5.0000E+1	2.1690E-10
4.0150E+5	1.0000E+0	-2.1042E-11	5.0000E+1	1.4155E-10
4.0200E+5	1.0000E+0	-1.2690E-11	5.0000E+1	1.1825E-10
4.0250E+5	1.0000E+0	-9.5487E-12	5.0000E+1	1.0506E-10
4.0300E+5	1.0000E+0	-7.8189E-12	5.0000E+1	9.6598E-11
4.0350E+5	1.0000E+0	-7.1680E-12	5.0000E+1	9.0040E-11
4.0400E+5	1.0000E+0	-6.3694E-12	5.0000E+1	8.5667E-11
4.0450E+5	1.0000E+0	-5.4562E-12	5.0000E+1	7.9947E-11
4.0500E+5	1.0000E+0	-1.8113E-11	5.0000E+1	3.8248E-9
4.0550E+5	1.0000E+0	-1.9151E-11	5.0000E+1	5.1892E-9
4.0600E+5	1.0000E+0	4.4096E-12	5.0000E+1	5.0103E-9
4.0650E+5	1.0000E+0	2.2904E-11	5.0000E+1	4.9664E-9
4.0700E+5	1.0000E+0	2.3398E-11	5.0000E+1	4.9668E-9
4.0750E+5	1.0000E+0	2.3006E-11	5.0000E+1	4.9688E-9
4.0800E+5	1.0000E+0	2.2533E-11	5.0000E+1	4.9686E-9
4.0850E+5	1.0000E+0	2.2336E-11	5.0000E+1	4.9675E-9
4.0900E+5	1.0000E+0	2.1667E-11	5.0000E+1	4.9679E-9
4.0950E+5	1.0000E+0	2.0938E-11	5.0000E+1	4.9676E-9
4.1000E+5	1.0000E+0	2.1038E-11	5.0000E+1	4.9702E-9
4.1050E+5	1.0000E+0	2.0510E-11	5.0000E+1	4.9710E-9
4.1100E+5	1.0000E+0	2.0571E-11	5.0000E+1	4.9714E-9
4.1150E+5	1.0000E+0	2.0213E-11	5.0000E+1	4.9716E-9
4.1200E+5	1.0000E+0	2.0083E-11	5.0000E+1	4.9705E-9
4.1250E+5	1.0000E+0	2.0342E-11	5.0000E+1	4.9727E-9
4.1300E+5	1.0000E+0	2.0599E-11	5.0000E+1	4.9721E-9
4.1350E+5	1.0000E+0	2.0466E-11	5.0000E+1	4.9763E-9
4.1400E+5	1.0000E+0	2.0810E-11	5.0000E+1	4.9799E-9
4.1450E+5	1.0000E+0	2.1000E-11	5.0000E+1	4.9815E-9
4.1500E+5	1.0000E+0	1.9917E-11	5.0000E+1	3.3680E-9
4.1550E+5	1.0000E+0	3.1197E-12	5.0000E+1	4.5627E-11
4.1600E+5	1.0000E+0	-1.2994E-13	5.0000E+1	1.8192E-11
4.1650E+5	1.0000E+0	-1.0538E-12	5.0000E+1	1.9325E-11
4.1700E+5	1.0000E+0	-1.6069E-12	5.0000E+1	2.3919E-11
4.1750E+5	1.0000E+0	-1.6260E-12	5.0000E+1	2.7570E-11
4.1800E+5	1.0000E+0	-1.9574E-12	5.0000E+1	2.9890E-11
4.1850E+5	1.0000E+0	-2.2185E-12	5.0000E+1	3.2234E-11
4.1900E+5	1.0000E+0	-2.2590E-12	5.0000E+1	3.3499E-11
4.1950E+5	1.0000E+0	-2.3341E-12	5.0000E+1	3.4988E-11
4.2000E+5	1.0000E+0	-2.3627E-12	5.0000E+1	3.6054E-11
4.2050E+5	1.0000E+0	-2.4080E-12	5.0000E+1	3.6471E-11
4.2100E+5	1.0000E+0	-2.4247E-12	5.0000E+1	3.6888E-11
4.2150E+5	1.0000E+0	-2.3961E-12	5.0000E+1	3.6936E-11
4.2200E+5	1.0000E+0	-2.2125E-12	5.0000E+1	3.7578E-11
4.2250E+5	1.0000E+0	-2.5022E-12	5.0000E+1	3.7520E-11
4.2300E+5	1.0000E+0	-2.5642E-12	5.0000E+1	3.8022E-11
4.2350E+5	1.0000E+0	-2.6166E-12	5.0000E+1	3.8240E-11
4.2400E+5	1.0000E+0	-2.7430E-12	5.0000E+1	3.8561E-11
4.2450E+5	1.0000E+0	-2.8563E-12	5.0000E+1	3.9406E-11
4.2500E+5	1.0000E+0	-8.2135E-12	5.0000E+1	2.9531E-9
4.2550E+5	1.0000E+0	1.6576E-11	5.0000E+1	5.0850E-9
4.2600E+5	1.0000E+0	2.0314E-11	5.0000E+1	4.9844E-9
4.2650E+5	1.0000E+0	2.0270E-11	5.0000E+1	4.9841E-9
4.2700E+5	1.0000E+0	2.0367E-11	5.0000E+1	4.9881E-9
4.2750E+5	1.0000E+0	2.0297E-11	5.0000E+1	4.9867E-9
4.2800E+5	1.0000E+0	2.0282E-11	5.0000E+1	4.9855E-9
4.2850E+5	1.0000E+0	2.0096E-11	5.0000E+1	4.9871E-9
4.2900E+5	1.0000E+0	1.9914E-11	5.0000E+1	4.9858E-9
4.2950E+5	1.0000E+0	1.9728E-11	5.0000E+1	4.9864E-9
4.3000E+5	1.0000E+0	1.9380E-11	5.0000E+1	4.9864E-9
4.3050E+5	1.0000E+0	1.9561E-11	5.0000E+1	4.9868E-9
4.3100E+5	1.0000E+0	1.9583E-11	5.0000E+1	4.9861E-9
4.3150E+5	1.0000E+0	1.9523E-11	5.0000E+1	4.9862E-9
4.3200E+5	1.0000E+0	1.9671E-11	5.0000E+1	4.9865E-9
4.3250E+5	1.0000E+0	1.9597E-11	5.0000E+1	4.9853E-9
4.3300E+5	1.0000E+0	1.9729E-11	5.0000E+1	4.9894E-9
4.3350E+5	1.0000E+0	1.9460E-11	5.0000E+1	4.9899E-9
4.3400E+5	1.0000E+0	1.9362E-11	5.0000E+1	4.9881E-9
4.3450E+5	1.0000E+0	1.9310E-11	5.0000E+1	4.9894E-9
4.3500E+5	1.0000E+0	2.1443E-11	5.0000E+1	4.0297E-9
4.3550E+5	1.0000E+0	3.6561E-12	5.0000E+1	4.8209E-11
4.3600E+5	1.0000E+0	3.3379E-13	5.0000E+1	1.5917E-11
4.3650E+5	1.0000E+0	-6.6519E-13	5.0000E+1	1.7357E-11
4.3700E+5	1.0000E+0	-1.0467E-12	5.0000E+1	2.1231E-11
4.3750E+5	1.0000E+0	-1.3578E-12	5.0000E+1	2.4900E-11
4.3800E+5	1.0000E+0	-1.5414E-12	5.0000E+1	2.7168E-11
4.3850E+5	1.0000E+0	-1.5163E-12	5.0000E+1	2.9593E-11
4.3900E+5	1.0000E+0	-1.7321E-12	5.0000E+1	3.1128E-11
4.3950E+5	1.0000E+0	-1.8048E-12	5.0000E+1	3.2437E-11
4.4000E+5	1.0000E+0	-1.9038E-12	5.0000E+1	3.2867E-11
4.4050E+5	1.0000E+0	-1.9669E-12	5.0000E+1	3.3802E-11
4.4100E+5	1.0000E+0	-2.0397E-12	5.0000E+1	3.4629E-11
4.4150E+5	1.0000E+0	-2.0003E-12	5.0000E+1	3.4932E-11
4.4200E+5	1.0000E+0	-2.1863E-12	5.0000E+1	3.5257E-11
4.4250E+5	1.0000E+0	-2.1601E-12	5.0000E+1	3.5837E-11
4.4300E+5	1.0000E+0	-2.0623E-12	5.0000E+1	3.5694E-11
4.4350E+5	1.0000E+0	-2.1720E-12	5.0000E+1	3.6006E-11
4.4400E+5	1.0000E+0	-2.3341E-12	5.0000E+1	3.6324E-11
4.4450E+5	1.0000E+0	-2.1946E-12	5.0000E+1	3.7013E-11
4.4500E+5	1.0000E+0	-8.5187E-12	5.0000E+1	2.1937E-9
4.4550E+5	1.0000E+0	1.6108E-11	5.0000E+1	5.1133E-9
4.4600E+5	1.0000E+0	2.0610E-11	5.0000E+1	4.9981E-9
4.4650E+5	1.0000E+0	2.0322E-11	5.0000E+1	4.9943E-9
4.4700E+5	1.0000E+0	2.0163E-11	5.0000E+1	4.9944E-9
4.4750E+5	1.0000E+0	2.0091E-11	5.0000E+1	4.9953E-9
4.4800E+5	1.0000E+0	2.0137E-11	5.0000E+1	4.9934E-9
4.4850E+5	1.0000E+0	1.9861E-11	5.0000E+1	4.9952E-9
4.4900E+5	1.0000E+0	1.9801E-11	5.0000E+1	4.9953E-9
4.4950E+5	1.0000E+0	1.9641E-11	5.0000E+1	4.9961E-9
4.5000E+5	1.0000E+0	1.9650E-11	5.0000E+1	4.9969E-9
4.5050E+5	1.0000E+0	1.9596E-11	5.0000E+1	4.9974E-9
4.5100E+5	1.0000E+0	1.9650E-11	5.0000E+1	4.9997E-9
4.5150E+5	1.0000E+0	1.9535E-11	5.0000E+1	4.9988E-9
4.5200E+5	1.0000E+0	1.9382E-11	5.0000E+1	4.9964E-9
4.5250E+5	1.0000E+0	1.9385E-11	5.0000E+1	4.9962E-9
4.5300E+5	1.0000E+0	1.9504E-11	5.0000E+1	4.9963E-9
4.5350E+5	1.0000E+0	1.9637E-11	5.0000E+1	4.9969E-9
4.5400E+5	1.0000E+0	1.9800E-11	5.0000E+1	5.0000E-9
4.5450E+5	1.0000E+0	1.9735E-11	5.0000E+1	5.0049E-9
4.5500E+5	1.0000E+0	1.8992E-11	5.0000E+1	3.8145E-9
4.5550E+5	1.0000E+0	4.6337E-12	5.0000E+1	5.1860E-11
4.5600E+5	1.0000E+0	4.5061E-13	5.0000E+1	1.4572E-11
4.5650E+5	1.0000E+0	-4.3392E-13	5.0000E+1	1.6279E-11
4.5700E+5	1.0000E+0	-9.7632E-13	5.0000E+1	2.0779E-11
4.5750E+5	1.0000E+0	-1.2863E-12	5.0000E+1	2.4363E-11
4.5800E+5	1.0000E+0	-1.5009E-12	5.0000E+1	2.7256E-11
4.5850E+5	1.0000E+0	-1.6809E-12	5.0000E+1	2.9911E-11
4.5900E+5	1.0000E+0	-1.9884E-12	5.0000E+1	3.1701E-11
4.5950E+5	1.0000E+0	-2.0146E-12	5.0000E+1	3.2833E-11
4.6000E+5	1.0000E+0	-2.1541E-12	5.0000E+1	3.4291E-11
4.6050E+5	1.0000E+0	-2.1946E-12	5.0000E+1	3.4488E-11
4.6100E+5	1.0000E+0	-2.2602E-12	5.0000E+1	3.5591E-11
4.6150E+5	1.0000E+0	-2.3389E-12	5.0000E+1	3.6748E-11
4.6200E+5	1.0000E+0	-2.2733E-12	5.0000E+1	3.7007E-11
4.6250E+5	1.0000E+0	-2.3174E-12	5.0000E+1	3.6426E-11
4.6300E+5	1.0000E+0	-2.2554E-12	5.0000E+1	3.5489E-11
4.6350E+5	1.0000E+0	-2.2769E-12	5.0000E+1	3.5577E-11
4.6400E+5	1.0000E+0	-2.3222E-12	5.0000E+1	3.5838E-11
4.6450E+5	1.0000E+0	-2.1160E-12	5.0000E+1	3.4854E-11
4.6500E+5	1.0000E+0	-7.9906E-12	5.0000E+1	1.4481E-9
4.6550E+5	1.0000E+0	1.4267E-11	5.0000E+1	5.1377E-9
4.6600E+5	1.0000E+0	1.9788E-11	5.0000E+1	5.0083E-9
4.6650E+5	1.0000E+0	2.0002E-11	5.0000E+1	5.0054E-9
4.6700E+5	1.0000E+0	1.9916E-11	5.0000E+1	5.0065E-9
4.6750E+5	1.0000E+0	2.0065E-11	5.0000E+1	5.0050E-9
4.6800E+5	1.0000E+0	1.9920E-11	5.0000E+1	5.0034E-9
4.6850E+5	1.0000E+0	1.9782E-11	5.0000E+1	5.0042E-9
4.6900E+5	1.0000E+0	1.9935E-11	5.0000E+1	5.0060E-9
4.6950E+5	1.0000E+0	1.9780E-11	5.0000E+1	5.0059E-9
4.7000E+5	1.0000E+0	1.9814E-11	5.0000E+1	5.0047E-9
4.7050E+5	1.0000E+0	1.9869E-11	5.0000E+1	5.0038E-9
4.7100E+5	1.0000E+0	1.9629E-11	5.0000E+1	5.0039E-9
4.7150E+5	1.0000E+0	1.9724E-11	5.0000E+1	5.0032E-9
4.7200E+5	1.0000E+0	1.9823E-11	5.0000E+1	5.0053E-9
4.7250E+5	1.0000E+0	1.9858E-11	5.0000E+1	5.0030E-9
4.7300E+5	1.0000E+0	2.0241E-11	5.0000E+1	5.0049E-9
4.7350E+5	1.0000E+0	2.0608E-11	5.0000E+1	5.0054E-9
4.7400E+5	1.0000E+0	2.0462E-11	5.0000E+1	5.0082E-9
4.7450E+5	1.0000E+0	2.0225E-11	5.0000E+1	5.0034E-9
4.7500E+5	1.0000E+0	2.8332E-11	5.0000E+1	5.0051E-9
4.7550E+5	1.0000E+0	5.2845E-12	5.0000E+1	6.0047E-11
4.7600E+5	1.0000E+0	6.9380E-13	5.0000E+1	1.5304E-11
4.7650E+5	1.0000E+0	-3.7551E-13	5.0000E+1	1.5570E-11
4.7700E+5	1.0000E+0	-8.9288E-13	5.0000E+1	2.0086E-11
4.7750E+5	1.0000E+0	-1.2219E-12	5.0000E+1	2.4747E-11
4.7800E+5	1.0000E+0	-1.4925E-12	5.0000E+1	2.7870E-11
4.7850E+5	1.0000E+0	-1.4985E-12	5.0000E+1	2.9426E-11
4.7900E+5	1.0000E+0	-1.6582E-12	5.0000E+1	3.1160E-11
4.7950E+5	1.0000E+0	-1.7095E-12	5.0000E+1	3.2610E-11
4.8000E+5	1.0000E+0	-1.8024E-12	5.0000E+1	3.3253E-11
4.8050E+5	1.0000E+0	9.2737E-11	0.0000E+0	-7.2075E-9
