File Name: 11_Sample14_device3_It_150kV_VDrain1V_VGate40V.dat
File Data: 22/11/2023	13:19:43
Start V: 0
Step V: 0
Stop V: 0
Range V: 200
Delay(ms): 0
Auorange: yes
Sweep type: log
Instrument Meter: SM2614
Time(ms)	Vdrain(V)	Idrain(A)	Vgate(V)	Igate(A)
0.0000E+0	1.0000E+0	1.2006E-6	4.0000E+1	2.1530E-10
1.0000E+3	1.0000E+0	1.1137E-6	4.0000E+1	1.7927E-10
1.5000E+3	1.0000E+0	1.0841E-6	4.0000E+1	1.7109E-10
2.0000E+3	1.0000E+0	1.0679E-6	4.0000E+1	1.6541E-10
2.5000E+3	1.0000E+0	1.0365E-6	4.0000E+1	1.6237E-10
3.0000E+3	1.0000E+0	9.9247E-7	4.0000E+1	1.5967E-10
3.5000E+3	1.0000E+0	9.8166E-7	4.0000E+1	1.5776E-10
4.0000E+3	1.0000E+0	9.7203E-7	4.0000E+1	1.5433E-10
4.5000E+3	1.0000E+0	9.5701E-7	4.0000E+1	1.5299E-10
5.0000E+3	1.0000E+0	9.3920E-7	4.0000E+1	1.5110E-10
5.5000E+3	1.0000E+0	9.4485E-7	4.0000E+1	1.4996E-10
6.0000E+3	1.0000E+0	9.3602E-7	4.0000E+1	1.4959E-10
6.5000E+3	1.0000E+0	9.1444E-7	4.0000E+1	1.4869E-10
7.0000E+3	1.0000E+0	8.9370E-7	4.0000E+1	1.4732E-10
7.5000E+3	1.0000E+0	8.9287E-7	4.0000E+1	1.4476E-10
8.0000E+3	1.0000E+0	8.7555E-7	4.0000E+1	1.4389E-10
8.5000E+3	1.0000E+0	8.8697E-7	4.0000E+1	1.4326E-10
9.0000E+3	1.0000E+0	8.6062E-7	4.0000E+1	1.4335E-10
9.5000E+3	1.0000E+0	8.6099E-7	4.0000E+1	1.4347E-10
1.0000E+4	1.0000E+0	8.5990E-7	4.0000E+1	1.4301E-10
1.0500E+4	1.0000E+0	8.4640E-7	4.0000E+1	1.4090E-10
1.1000E+4	1.0000E+0	8.5056E-7	4.0000E+1	1.4010E-10
1.1500E+4	1.0000E+0	8.3982E-7	4.0000E+1	1.3933E-10
1.2000E+4	1.0000E+0	8.2012E-7	4.0000E+1	1.3835E-10
1.2500E+4	1.0000E+0	8.1715E-7	4.0000E+1	1.3846E-10
1.3000E+4	1.0000E+0	8.0187E-7	4.0000E+1	1.3743E-10
1.3500E+4	1.0000E+0	7.9787E-7	4.0000E+1	1.3674E-10
1.4000E+4	1.0000E+0	7.8792E-7	4.0000E+1	1.3737E-10
1.4500E+4	1.0000E+0	7.8296E-7	4.0000E+1	1.3658E-10
1.5000E+4	1.0000E+0	7.6773E-7	4.0000E+1	1.3589E-10
1.5500E+4	1.0000E+0	7.6421E-7	4.0000E+1	1.3452E-10
1.6000E+4	1.0000E+0	7.6969E-7	4.0000E+1	1.3505E-10
1.6500E+4	1.0000E+0	7.4425E-7	4.0000E+1	1.3671E-10
1.7000E+4	1.0000E+0	7.4492E-7	4.0000E+1	1.3539E-10
1.7500E+4	1.0000E+0	7.4153E-7	4.0000E+1	1.3474E-10
1.8000E+4	1.0000E+0	7.4181E-7	4.0000E+1	1.3503E-10
1.8500E+4	1.0000E+0	7.4284E-7	4.0000E+1	1.3443E-10
1.9000E+4	1.0000E+0	7.2826E-7	4.0000E+1	1.3355E-10
1.9500E+4	1.0000E+0	7.2292E-7	4.0000E+1	1.3195E-10
2.0000E+4	1.0000E+0	7.1579E-7	4.0000E+1	1.3372E-10
2.0500E+4	1.0000E+0	7.1707E-7	4.0000E+1	1.3227E-10
2.1000E+4	1.0000E+0	7.1782E-7	4.0000E+1	1.3307E-10
2.1500E+4	1.0000E+0	7.2410E-7	4.0000E+1	1.3301E-10
2.2000E+4	1.0000E+0	7.2323E-7	4.0000E+1	1.3303E-10
2.2500E+4	1.0000E+0	7.1259E-7	4.0000E+1	1.3237E-10
2.3000E+4	1.0000E+0	7.1688E-7	4.0000E+1	1.3262E-10
2.3500E+4	1.0000E+0	7.1742E-7	4.0000E+1	1.3187E-10
2.4000E+4	1.0000E+0	7.0514E-7	4.0000E+1	1.3239E-10
2.4500E+4	1.0000E+0	7.0046E-7	4.0000E+1	1.3280E-10
2.5000E+4	1.0000E+0	7.0214E-7	4.0000E+1	1.3199E-10
2.5500E+4	1.0000E+0	6.9721E-7	4.0000E+1	1.3159E-10
2.6000E+4	1.0000E+0	7.0260E-7	4.0000E+1	1.3047E-10
2.6500E+4	1.0000E+0	6.9342E-7	4.0000E+1	1.3112E-10
2.7000E+4	1.0000E+0	6.9132E-7	4.0000E+1	1.3185E-10
2.7500E+4	1.0000E+0	6.8161E-7	4.0000E+1	1.3014E-10
2.8000E+4	1.0000E+0	6.7793E-7	4.0000E+1	1.3119E-10
2.8500E+4	1.0000E+0	6.6443E-7	4.0000E+1	1.3101E-10
2.9000E+4	1.0000E+0	6.6606E-7	4.0000E+1	1.3002E-10
2.9500E+4	1.0000E+0	6.6608E-7	4.0000E+1	1.3072E-10
3.0000E+4	1.0000E+0	6.6241E-7	4.0000E+1	1.3166E-10
3.0500E+4	1.0000E+0	6.5392E-7	4.0000E+1	1.3120E-10
3.1000E+4	1.0000E+0	6.4156E-7	4.0000E+1	1.3178E-10
3.1500E+4	1.0000E+0	6.3567E-7	4.0000E+1	1.3193E-10
3.2000E+4	1.0000E+0	6.3892E-7	4.0000E+1	1.3217E-10
3.2500E+4	1.0000E+0	6.4034E-7	4.0000E+1	1.3114E-10
3.3000E+4	1.0000E+0	6.3674E-7	4.0000E+1	1.3026E-10
3.3500E+4	1.0000E+0	6.3064E-7	4.0000E+1	1.3076E-10
3.4000E+4	1.0000E+0	6.3730E-7	4.0000E+1	1.3096E-10
3.4500E+4	1.0000E+0	6.2441E-7	4.0000E+1	1.2996E-10
3.5000E+4	1.0000E+0	6.2777E-7	4.0000E+1	1.2967E-10
3.5500E+4	1.0000E+0	6.2020E-7	4.0000E+1	1.3004E-10
3.6000E+4	1.0000E+0	6.2559E-7	4.0000E+1	1.3037E-10
3.6500E+4	1.0000E+0	6.1283E-7	4.0000E+1	1.3073E-10
3.7000E+4	1.0000E+0	6.1996E-7	4.0000E+1	1.2942E-10
3.7500E+4	1.0000E+0	6.1603E-7	4.0000E+1	1.3036E-10
3.8000E+4	1.0000E+0	6.1922E-7	4.0000E+1	1.2938E-10
3.8500E+4	1.0000E+0	6.1288E-7	4.0000E+1	1.3068E-10
3.9000E+4	1.0000E+0	6.0472E-7	4.0000E+1	1.2908E-10
3.9500E+4	1.0000E+0	5.9689E-7	4.0000E+1	1.2880E-10
4.0000E+4	1.0000E+0	5.9734E-7	4.0000E+1	1.2945E-10
4.0500E+4	1.0000E+0	5.9529E-7	4.0000E+1	1.2738E-10
4.1000E+4	1.0000E+0	5.9616E-7	4.0000E+1	1.2832E-10
4.1500E+4	1.0000E+0	6.0053E-7	4.0000E+1	1.2858E-10
4.2000E+4	1.0000E+0	5.9618E-7	4.0000E+1	1.2908E-10
4.2500E+4	1.0000E+0	5.9032E-7	4.0000E+1	1.2956E-10
4.3000E+4	1.0000E+0	5.9321E-7	4.0000E+1	1.2918E-10
4.3500E+4	1.0000E+0	5.8344E-7	4.0000E+1	1.2845E-10
4.4000E+4	1.0000E+0	5.9689E-7	4.0000E+1	1.2904E-10
4.4500E+4	1.0000E+0	5.7966E-7	4.0000E+1	1.2842E-10
4.5000E+4	1.0000E+0	5.7922E-7	4.0000E+1	1.2926E-10
4.5500E+4	1.0000E+0	5.7242E-7	4.0000E+1	1.2900E-10
4.6000E+4	1.0000E+0	5.7016E-7	4.0000E+1	1.2850E-10
4.6500E+4	1.0000E+0	5.7477E-7	4.0000E+1	1.2882E-10
4.7000E+4	1.0000E+0	5.6565E-7	4.0000E+1	1.2833E-10
4.7500E+4	1.0000E+0	5.6192E-7	4.0000E+1	1.2651E-10
4.8000E+4	1.0000E+0	5.6340E-7	4.0000E+1	1.2744E-10
4.8500E+4	1.0000E+0	5.6069E-7	4.0000E+1	1.2703E-10
4.9000E+4	1.0000E+0	5.5073E-7	4.0000E+1	1.2827E-10
4.9500E+4	1.0000E+0	5.5126E-7	4.0000E+1	1.2782E-10
5.0000E+4	1.0000E+0	5.5167E-7	4.0000E+1	1.2885E-10
5.0500E+4	1.0000E+0	5.5890E-7	4.0000E+1	1.2716E-10
5.1000E+4	1.0000E+0	5.4328E-7	4.0000E+1	1.2768E-10
5.1500E+4	1.0000E+0	5.4871E-7	4.0000E+1	1.2770E-10
5.2000E+4	1.0000E+0	5.4875E-7	4.0000E+1	1.2682E-10
5.2500E+4	1.0000E+0	5.3813E-7	4.0000E+1	1.2770E-10
5.3000E+4	1.0000E+0	5.4556E-7	4.0000E+1	1.2862E-10
5.3500E+4	1.0000E+0	5.3740E-7	4.0000E+1	1.2660E-10
5.4000E+4	1.0000E+0	5.2826E-7	4.0000E+1	1.2690E-10
5.4500E+4	1.0000E+0	5.3851E-7	4.0000E+1	1.2722E-10
5.5000E+4	1.0000E+0	5.2564E-7	4.0000E+1	1.2773E-10
5.5500E+4	1.0000E+0	5.3363E-7	4.0000E+1	1.2683E-10
5.6000E+4	1.0000E+0	5.2794E-7	4.0000E+1	1.2744E-10
5.6500E+4	1.0000E+0	5.2360E-7	4.0000E+1	1.2704E-10
5.7000E+4	1.0000E+0	5.1780E-7	4.0000E+1	1.2726E-10
5.7500E+4	1.0000E+0	5.1488E-7	4.0000E+1	1.2737E-10
5.8000E+4	1.0000E+0	5.1443E-7	4.0000E+1	1.2635E-10
5.8500E+4	1.0000E+0	5.1528E-7	4.0000E+1	1.2629E-10
5.9000E+4	1.0000E+0	5.0840E-7	4.0000E+1	1.2811E-10
5.9500E+4	1.0000E+0	5.0391E-7	4.0000E+1	1.2788E-10
6.0000E+4	1.0000E+0	5.0208E-7	4.0000E+1	1.2801E-10
6.0500E+4	1.0000E+0	5.0059E-7	4.0000E+1	1.2755E-10
6.1000E+4	1.0000E+0	4.9563E-7	4.0000E+1	1.2737E-10
6.1500E+4	1.0000E+0	4.9138E-7	4.0000E+1	1.2733E-10
6.2000E+4	1.0000E+0	4.8596E-7	4.0000E+1	1.2811E-10
6.2500E+4	1.0000E+0	4.8452E-7	4.0000E+1	1.2675E-10
6.3000E+4	1.0000E+0	4.7418E-7	4.0000E+1	1.2707E-10
6.3500E+4	1.0000E+0	4.7503E-7	4.0000E+1	1.2810E-10
6.4000E+4	1.0000E+0	4.7429E-7	4.0000E+1	1.2759E-10
6.4500E+4	1.0000E+0	4.6613E-7	4.0000E+1	1.2832E-10
6.5000E+4	1.0000E+0	4.5593E-7	4.0000E+1	1.2772E-10
6.5500E+4	1.0000E+0	4.5652E-7	4.0000E+1	1.2682E-10
6.6000E+4	1.0000E+0	4.6067E-7	4.0000E+1	1.2652E-10
6.6500E+4	1.0000E+0	4.5455E-7	4.0000E+1	1.2737E-10
6.7000E+4	1.0000E+0	4.5600E-7	4.0000E+1	1.2712E-10
6.7500E+4	1.0000E+0	4.5121E-7	4.0000E+1	1.2617E-10
6.8000E+4	1.0000E+0	4.5349E-7	4.0000E+1	1.2718E-10
6.8500E+4	1.0000E+0	4.5996E-7	4.0000E+1	1.2649E-10
6.9000E+4	1.0000E+0	4.3956E-7	4.0000E+1	1.2482E-10
6.9500E+4	1.0000E+0	4.3436E-7	4.0000E+1	1.2652E-10
7.0000E+4	1.0000E+0	4.2792E-7	4.0000E+1	1.2662E-10
7.0500E+4	1.0000E+0	4.2610E-7	4.0000E+1	1.2518E-10
7.1000E+4	1.0000E+0	4.3276E-7	4.0000E+1	1.2490E-10
7.1500E+4	1.0000E+0	4.2687E-7	4.0000E+1	1.2623E-10
7.2000E+4	1.0000E+0	4.2528E-7	4.0000E+1	1.2681E-10
7.2500E+4	1.0000E+0	4.2777E-7	4.0000E+1	1.2682E-10
7.3000E+4	1.0000E+0	4.2168E-7	4.0000E+1	1.2576E-10
7.3500E+4	1.0000E+0	4.1884E-7	4.0000E+1	1.2665E-10
7.4000E+4	1.0000E+0	4.1331E-7	4.0000E+1	1.2599E-10
7.4500E+4	1.0000E+0	4.1781E-7	4.0000E+1	1.2642E-10
7.5000E+4	1.0000E+0	4.1236E-7	4.0000E+1	1.2648E-10
7.5500E+4	1.0000E+0	4.1089E-7	4.0000E+1	1.2509E-10
7.6000E+4	1.0000E+0	4.1139E-7	4.0000E+1	1.2574E-10
7.6500E+4	1.0000E+0	4.0756E-7	4.0000E+1	1.2515E-10
7.7000E+4	1.0000E+0	4.0201E-7	4.0000E+1	1.2459E-10
7.7500E+4	1.0000E+0	4.0159E-7	4.0000E+1	1.2475E-10
7.8000E+4	1.0000E+0	3.9088E-7	4.0000E+1	1.2549E-10
7.8500E+4	1.0000E+0	3.9760E-7	4.0000E+1	1.2521E-10
7.9000E+4	1.0000E+0	3.8855E-7	4.0000E+1	1.2388E-10
7.9500E+4	1.0000E+0	3.9554E-7	4.0000E+1	1.2547E-10
8.0000E+4	1.0000E+0	3.8960E-7	4.0000E+1	1.2520E-10
8.0500E+4	1.0000E+0	3.9048E-7	4.0000E+1	1.2433E-10
8.1000E+4	1.0000E+0	3.8975E-7	4.0000E+1	1.2490E-10
8.1500E+4	1.0000E+0	3.7863E-7	4.0000E+1	1.2594E-10
8.2000E+4	1.0000E+0	3.8285E-7	4.0000E+1	1.2502E-10
8.2500E+4	1.0000E+0	3.7752E-7	4.0000E+1	1.2491E-10
8.3000E+4	1.0000E+0	3.7426E-7	4.0000E+1	1.2435E-10
8.3500E+4	1.0000E+0	3.7378E-7	4.0000E+1	1.2480E-10
8.4000E+4	1.0000E+0	3.7152E-7	4.0000E+1	1.2451E-10
8.4500E+4	1.0000E+0	3.6990E-7	4.0000E+1	1.2456E-10
8.5000E+4	1.0000E+0	3.6945E-7	4.0000E+1	1.2480E-10
8.5500E+4	1.0000E+0	3.6532E-7	4.0000E+1	1.2448E-10
8.6000E+4	1.0000E+0	3.5999E-7	4.0000E+1	1.2487E-10
8.6500E+4	1.0000E+0	3.5864E-7	4.0000E+1	1.2461E-10
8.7000E+4	1.0000E+0	3.6207E-7	4.0000E+1	1.2390E-10
8.7500E+4	1.0000E+0	3.5465E-7	4.0000E+1	1.2549E-10
8.8000E+4	1.0000E+0	3.5080E-7	4.0000E+1	1.2445E-10
8.8500E+4	1.0000E+0	3.5227E-7	4.0000E+1	1.2549E-10
8.9000E+4	1.0000E+0	3.4315E-7	4.0000E+1	1.2452E-10
8.9500E+4	1.0000E+0	3.4381E-7	4.0000E+1	1.2409E-10
9.0000E+4	1.0000E+0	3.3868E-7	4.0000E+1	1.2396E-10
9.0500E+4	1.0000E+0	3.3856E-7	4.0000E+1	1.2330E-10
9.1000E+4	1.0000E+0	3.3616E-7	4.0000E+1	1.2493E-10
9.1500E+4	1.0000E+0	3.3453E-7	4.0000E+1	1.2492E-10
9.2000E+4	1.0000E+0	3.3434E-7	4.0000E+1	1.2389E-10
9.2500E+4	1.0000E+0	3.3096E-7	4.0000E+1	1.2396E-10
9.3000E+4	1.0000E+0	3.2869E-7	4.0000E+1	1.2412E-10
9.3500E+4	1.0000E+0	3.2233E-7	4.0000E+1	1.2505E-10
9.4000E+4	1.0000E+0	3.2450E-7	4.0000E+1	1.2436E-10
9.4500E+4	1.0000E+0	3.2517E-7	4.0000E+1	1.2590E-10
9.5000E+4	1.0000E+0	3.2052E-7	4.0000E+1	1.2557E-10
9.5500E+4	1.0000E+0	3.1708E-7	4.0000E+1	1.2435E-10
9.6000E+4	1.0000E+0	3.1552E-7	4.0000E+1	1.2333E-10
9.6500E+4	1.0000E+0	3.1532E-7	4.0000E+1	1.2564E-10
9.7000E+4	1.0000E+0	3.1149E-7	4.0000E+1	1.2487E-10
9.7500E+4	1.0000E+0	3.0847E-7	4.0000E+1	1.2456E-10
9.8000E+4	1.0000E+0	3.0249E-7	4.0000E+1	1.2348E-10
9.8500E+4	1.0000E+0	2.9804E-7	4.0000E+1	1.2420E-10
9.9000E+4	1.0000E+0	2.9600E-7	4.0000E+1	1.2505E-10
9.9500E+4	1.0000E+0	2.9444E-7	4.0000E+1	1.2549E-10
1.0000E+5	1.0000E+0	2.9140E-7	4.0000E+1	1.2512E-10
1.0050E+5	1.0000E+0	2.8675E-7	4.0000E+1	1.2411E-10
1.0100E+5	1.0000E+0	2.8203E-7	4.0000E+1	1.2412E-10
1.0150E+5	1.0000E+0	2.7784E-7	4.0000E+1	1.2448E-10
1.0200E+5	1.0000E+0	2.7619E-7	4.0000E+1	1.2505E-10
1.0250E+5	1.0000E+0	2.7406E-7	4.0000E+1	1.2385E-10
1.0300E+5	1.0000E+0	2.7024E-7	4.0000E+1	1.2530E-10
1.0350E+5	1.0000E+0	2.6924E-7	4.0000E+1	1.2500E-10
1.0400E+5	1.0000E+0	2.6696E-7	4.0000E+1	1.2367E-10
1.0450E+5	1.0000E+0	2.6622E-7	4.0000E+1	1.2334E-10
1.0500E+5	1.0000E+0	2.6543E-7	4.0000E+1	1.2390E-10
1.0550E+5	1.0000E+0	2.6170E-7	4.0000E+1	1.2427E-10
1.0600E+5	1.0000E+0	2.5873E-7	4.0000E+1	1.2415E-10
1.0650E+5	1.0000E+0	2.5584E-7	4.0000E+1	1.2237E-10
1.0700E+5	1.0000E+0	2.5211E-7	4.0000E+1	1.2447E-10
1.0750E+5	1.0000E+0	2.5300E-7	4.0000E+1	1.2411E-10
1.0800E+5	1.0000E+0	2.5104E-7	4.0000E+1	1.2466E-10
1.0850E+5	1.0000E+0	2.4739E-7	4.0000E+1	1.2358E-10
1.0900E+5	1.0000E+0	2.4602E-7	4.0000E+1	1.2347E-10
1.0950E+5	1.0000E+0	2.4413E-7	4.0000E+1	1.2464E-10
1.1000E+5	1.0000E+0	2.4200E-7	4.0000E+1	1.2480E-10
1.1050E+5	1.0000E+0	2.3800E-7	4.0000E+1	1.2395E-10
1.1100E+5	1.0000E+0	2.3681E-7	4.0000E+1	1.2342E-10
1.1150E+5	1.0000E+0	2.3428E-7	4.0000E+1	1.2275E-10
1.1200E+5	1.0000E+0	2.3053E-7	4.0000E+1	1.2352E-10
1.1250E+5	1.0000E+0	2.2547E-7	4.0000E+1	1.2309E-10
1.1300E+5	1.0000E+0	2.2391E-7	4.0000E+1	1.2268E-10
1.1350E+5	1.0000E+0	2.2056E-7	4.0000E+1	1.2377E-10
1.1400E+5	1.0000E+0	2.2162E-7	4.0000E+1	1.2474E-10
1.1450E+5	1.0000E+0	2.1929E-7	4.0000E+1	1.2389E-10
1.1500E+5	1.0000E+0	2.1731E-7	4.0000E+1	1.2354E-10
1.1550E+5	1.0000E+0	2.1640E-7	4.0000E+1	1.2368E-10
1.1600E+5	1.0000E+0	2.1340E-7	4.0000E+1	1.2291E-10
1.1650E+5	1.0000E+0	2.1278E-7	4.0000E+1	1.2340E-10
1.1700E+5	1.0000E+0	2.0897E-7	4.0000E+1	1.2319E-10
1.1750E+5	1.0000E+0	2.0758E-7	4.0000E+1	1.2357E-10
1.1800E+5	1.0000E+0	2.0613E-7	4.0000E+1	1.2414E-10
1.1850E+5	1.0000E+0	2.0474E-7	4.0000E+1	1.2391E-10
1.1900E+5	1.0000E+0	2.0298E-7	4.0000E+1	1.2265E-10
1.1950E+5	1.0000E+0	2.0146E-7	4.0000E+1	1.2391E-10
1.2000E+5	1.0000E+0	1.9799E-7	4.0000E+1	1.2312E-10
1.2050E+5	1.0000E+0	1.9323E-7	4.0000E+1	1.2273E-10
1.2100E+5	1.0000E+0	1.9106E-7	4.0000E+1	1.2442E-10
1.2150E+5	1.0000E+0	1.8990E-7	4.0000E+1	1.2320E-10
1.2200E+5	1.0000E+0	1.8880E-7	4.0000E+1	1.2614E-10
1.2250E+5	1.0000E+0	1.8594E-7	4.0000E+1	1.2471E-10
1.2300E+5	1.0000E+0	1.8346E-7	4.0000E+1	1.2373E-10
1.2350E+5	1.0000E+0	1.8182E-7	4.0000E+1	1.2511E-10
1.2400E+5	1.0000E+0	1.8015E-7	4.0000E+1	1.2394E-10
1.2450E+5	1.0000E+0	1.7817E-7	4.0000E+1	1.2368E-10
1.2500E+5	1.0000E+0	1.7608E-7	4.0000E+1	1.2439E-10
1.2550E+5	1.0000E+0	1.7382E-7	4.0000E+1	1.2572E-10
1.2600E+5	1.0000E+0	1.7377E-7	4.0000E+1	1.2500E-10
1.2650E+5	1.0000E+0	1.7199E-7	4.0000E+1	1.2429E-10
1.2700E+5	1.0000E+0	1.7024E-7	4.0000E+1	1.2361E-10
1.2750E+5	1.0000E+0	1.6781E-7	4.0000E+1	1.2597E-10
1.2800E+5	1.0000E+0	1.6532E-7	4.0000E+1	1.2474E-10
1.2850E+5	1.0000E+0	1.6408E-7	4.0000E+1	1.2447E-10
1.2900E+5	1.0000E+0	1.6350E-7	4.0000E+1	1.2405E-10
1.2950E+5	1.0000E+0	1.6281E-7	4.0000E+1	1.2279E-10
1.3000E+5	1.0000E+0	1.6095E-7	4.0000E+1	1.2395E-10
1.3050E+5	1.0000E+0	1.5956E-7	4.0000E+1	1.2372E-10
1.3100E+5	1.0000E+0	1.5765E-7	4.0000E+1	1.2360E-10
1.3150E+5	1.0000E+0	1.5786E-7	4.0000E+1	1.2490E-10
1.3200E+5	1.0000E+0	1.5639E-7	4.0000E+1	1.2376E-10
1.3250E+5	1.0000E+0	1.5245E-7	4.0000E+1	1.2302E-10
1.3300E+5	1.0000E+0	1.5023E-7	4.0000E+1	1.2448E-10
1.3350E+5	1.0000E+0	1.4761E-7	4.0000E+1	1.2467E-10
1.3400E+5	1.0000E+0	1.4483E-7	4.0000E+1	1.2433E-10
1.3450E+5	1.0000E+0	1.4610E-7	4.0000E+1	1.2387E-10
1.3500E+5	1.0000E+0	1.4574E-7	4.0000E+1	1.2460E-10
1.3550E+5	1.0000E+0	1.4340E-7	4.0000E+1	1.2416E-10
1.3600E+5	1.0000E+0	1.4183E-7	4.0000E+1	1.2406E-10
1.3650E+5	1.0000E+0	1.3921E-7	4.0000E+1	1.2326E-10
1.3700E+5	1.0000E+0	1.3606E-7	4.0000E+1	1.2510E-10
1.3750E+5	1.0000E+0	1.3475E-7	4.0000E+1	1.2415E-10
1.3800E+5	1.0000E+0	1.3274E-7	4.0000E+1	1.2454E-10
1.3850E+5	1.0000E+0	1.3115E-7	4.0000E+1	1.2320E-10
1.3900E+5	1.0000E+0	1.2990E-7	4.0000E+1	1.2384E-10
1.3950E+5	1.0000E+0	1.2817E-7	4.0000E+1	1.2564E-10
1.4000E+5	1.0000E+0	1.2670E-7	4.0000E+1	1.2490E-10
1.4050E+5	1.0000E+0	1.2591E-7	4.0000E+1	1.2364E-10
1.4100E+5	1.0000E+0	1.2432E-7	4.0000E+1	1.2292E-10
1.4150E+5	1.0000E+0	1.2380E-7	4.0000E+1	1.2384E-10
1.4200E+5	1.0000E+0	1.2268E-7	4.0000E+1	1.2373E-10
1.4250E+5	1.0000E+0	1.2055E-7	4.0000E+1	1.2412E-10
1.4300E+5	1.0000E+0	1.1862E-7	4.0000E+1	1.2332E-10
1.4350E+5	1.0000E+0	1.1708E-7	4.0000E+1	1.2470E-10
1.4400E+5	1.0000E+0	1.1722E-7	4.0000E+1	1.2406E-10
1.4450E+5	1.0000E+0	1.1597E-7	4.0000E+1	1.2354E-10
1.4500E+5	1.0000E+0	1.1435E-7	4.0000E+1	1.2322E-10
1.4550E+5	1.0000E+0	1.1363E-7	4.0000E+1	1.2499E-10
1.4600E+5	1.0000E+0	1.1093E-7	4.0000E+1	1.2448E-10
1.4650E+5	1.0000E+0	1.0938E-7	4.0000E+1	1.2423E-10
1.4700E+5	1.0000E+0	1.0805E-7	4.0000E+1	1.2361E-10
1.4750E+5	1.0000E+0	1.0748E-7	4.0000E+1	1.2386E-10
1.4800E+5	1.0000E+0	1.0667E-7	4.0000E+1	1.2420E-10
1.4850E+5	1.0000E+0	1.0477E-7	4.0000E+1	1.2416E-10
1.4900E+5	1.0000E+0	1.0435E-7	4.0000E+1	1.2431E-10
1.4950E+5	1.0000E+0	1.0233E-7	4.0000E+1	1.2460E-10
1.5000E+5	1.0000E+0	1.0141E-7	4.0000E+1	1.2355E-10
1.5050E+5	1.0000E+0	9.8782E-8	4.0000E+1	1.2396E-10
1.5100E+5	1.0000E+0	9.8518E-8	4.0000E+1	1.2318E-10
1.5150E+5	1.0000E+0	9.6433E-8	4.0000E+1	1.2387E-10
1.5200E+5	1.0000E+0	9.5252E-8	4.0000E+1	1.2413E-10
1.5250E+5	1.0000E+0	9.4414E-8	4.0000E+1	1.2429E-10
1.5300E+5	1.0000E+0	9.3771E-8	4.0000E+1	1.2372E-10
1.5350E+5	1.0000E+0	9.2130E-8	4.0000E+1	1.2396E-10
1.5400E+5	1.0000E+0	9.1357E-8	4.0000E+1	1.2472E-10
1.5450E+5	1.0000E+0	8.9899E-8	4.0000E+1	1.2387E-10
1.5500E+5	1.0000E+0	8.9132E-8	4.0000E+1	1.2521E-10
1.5550E+5	1.0000E+0	8.7705E-8	4.0000E+1	1.2315E-10
1.5600E+5	1.0000E+0	8.7278E-8	4.0000E+1	1.2395E-10
1.5650E+5	1.0000E+0	8.5836E-8	4.0000E+1	1.2405E-10
1.5700E+5	1.0000E+0	8.4797E-8	4.0000E+1	1.2414E-10
1.5750E+5	1.0000E+0	8.4167E-8	4.0000E+1	1.2402E-10
1.5800E+5	1.0000E+0	8.3003E-8	4.0000E+1	1.2420E-10
1.5850E+5	1.0000E+0	8.1471E-8	4.0000E+1	1.2470E-10
1.5900E+5	1.0000E+0	7.9965E-8	4.0000E+1	1.2436E-10
1.5950E+5	1.0000E+0	7.9365E-8	4.0000E+1	1.2385E-10
1.6000E+5	1.0000E+0	7.7545E-8	4.0000E+1	1.2396E-10
1.6050E+5	1.0000E+0	7.6949E-8	4.0000E+1	1.2442E-10
1.6100E+5	1.0000E+0	7.5997E-8	4.0000E+1	1.2368E-10
1.6150E+5	1.0000E+0	7.4952E-8	4.0000E+1	1.2336E-10
1.6200E+5	1.0000E+0	7.4161E-8	4.0000E+1	1.2407E-10
1.6250E+5	1.0000E+0	7.2825E-8	4.0000E+1	1.2321E-10
1.6300E+5	1.0000E+0	7.1739E-8	4.0000E+1	1.2337E-10
1.6350E+5	1.0000E+0	7.1100E-8	4.0000E+1	1.2422E-10
1.6400E+5	1.0000E+0	7.0050E-8	4.0000E+1	1.2385E-10
1.6450E+5	1.0000E+0	6.9031E-8	4.0000E+1	1.2437E-10
1.6500E+5	1.0000E+0	6.8120E-8	4.0000E+1	1.2389E-10
1.6550E+5	1.0000E+0	6.7353E-8	4.0000E+1	1.2304E-10
1.6600E+5	1.0000E+0	6.6546E-8	4.0000E+1	1.2538E-10
1.6650E+5	1.0000E+0	6.4850E-8	4.0000E+1	1.2416E-10
1.6700E+5	1.0000E+0	6.4568E-8	4.0000E+1	1.2335E-10
1.6750E+5	1.0000E+0	6.4006E-8	4.0000E+1	1.2461E-10
1.6800E+5	1.0000E+0	6.3326E-8	4.0000E+1	1.2383E-10
1.6850E+5	1.0000E+0	6.2484E-8	4.0000E+1	1.2377E-10
1.6900E+5	1.0000E+0	6.1351E-8	4.0000E+1	1.2287E-10
1.6950E+5	1.0000E+0	6.0493E-8	4.0000E+1	1.2419E-10
1.7000E+5	1.0000E+0	5.9846E-8	4.0000E+1	1.2368E-10
1.7050E+5	1.0000E+0	5.9043E-8	4.0000E+1	1.2315E-10
1.7100E+5	1.0000E+0	5.8066E-8	4.0000E+1	1.2296E-10
1.7150E+5	1.0000E+0	5.7292E-8	4.0000E+1	1.2442E-10
1.7200E+5	1.0000E+0	5.6585E-8	4.0000E+1	1.2503E-10
1.7250E+5	1.0000E+0	5.5704E-8	4.0000E+1	1.2329E-10
1.7300E+5	1.0000E+0	5.4973E-8	4.0000E+1	1.2382E-10
1.7350E+5	1.0000E+0	5.4436E-8	4.0000E+1	1.2376E-10
1.7400E+5	1.0000E+0	5.3904E-8	4.0000E+1	1.2448E-10
1.7450E+5	1.0000E+0	5.3012E-8	4.0000E+1	1.2309E-10
1.7500E+5	1.0000E+0	5.1924E-8	4.0000E+1	1.2373E-10
1.7550E+5	1.0000E+0	5.1242E-8	4.0000E+1	1.2263E-10
1.7600E+5	1.0000E+0	5.0176E-8	4.0000E+1	1.2572E-10
1.7650E+5	1.0000E+0	4.9218E-8	4.0000E+1	1.2391E-10
1.7700E+5	1.0000E+0	4.8614E-8	4.0000E+1	1.2371E-10
1.7750E+5	1.0000E+0	4.8175E-8	4.0000E+1	1.2417E-10
1.7800E+5	1.0000E+0	4.7434E-8	4.0000E+1	1.2396E-10
1.7850E+5	1.0000E+0	4.6841E-8	4.0000E+1	1.2379E-10
1.7900E+5	1.0000E+0	4.5943E-8	4.0000E+1	1.2268E-10
1.7950E+5	1.0000E+0	4.5568E-8	4.0000E+1	1.2582E-10
1.8000E+5	1.0000E+0	4.4976E-8	4.0000E+1	1.2386E-10
1.8050E+5	1.0000E+0	4.4305E-8	4.0000E+1	1.2292E-10
1.8100E+5	1.0000E+0	4.3761E-8	4.0000E+1	1.2515E-10
1.8150E+5	1.0000E+0	4.2829E-8	4.0000E+1	1.2368E-10
1.8200E+5	1.0000E+0	4.2454E-8	4.0000E+1	1.2487E-10
1.8250E+5	1.0000E+0	4.1812E-8	4.0000E+1	1.2387E-10
1.8300E+5	1.0000E+0	4.1196E-8	4.0000E+1	1.2422E-10
1.8350E+5	1.0000E+0	4.0594E-8	4.0000E+1	1.2507E-10
1.8400E+5	1.0000E+0	4.0002E-8	4.0000E+1	1.2393E-10
1.8450E+5	1.0000E+0	3.9683E-8	4.0000E+1	1.2317E-10
1.8500E+5	1.0000E+0	3.8812E-8	4.0000E+1	1.2288E-10
1.8550E+5	1.0000E+0	3.8149E-8	4.0000E+1	1.2427E-10
1.8600E+5	1.0000E+0	3.7791E-8	4.0000E+1	1.2355E-10
1.8650E+5	1.0000E+0	3.7142E-8	4.0000E+1	1.2364E-10
1.8700E+5	1.0000E+0	3.6714E-8	4.0000E+1	1.2376E-10
1.8750E+5	1.0000E+0	3.6089E-8	4.0000E+1	1.2219E-10
1.8800E+5	1.0000E+0	3.5620E-8	4.0000E+1	1.2291E-10
1.8850E+5	1.0000E+0	3.5022E-8	4.0000E+1	1.2406E-10
1.8900E+5	1.0000E+0	3.4317E-8	4.0000E+1	1.2566E-10
1.8950E+5	1.0000E+0	3.4007E-8	4.0000E+1	1.2425E-10
1.9000E+5	1.0000E+0	3.3524E-8	4.0000E+1	1.2358E-10
1.9050E+5	1.0000E+0	3.3123E-8	4.0000E+1	1.2344E-10
1.9100E+5	1.0000E+0	3.2677E-8	4.0000E+1	1.2448E-10
1.9150E+5	1.0000E+0	3.2141E-8	4.0000E+1	1.2350E-10
1.9200E+5	1.0000E+0	3.1746E-8	4.0000E+1	1.2286E-10
1.9250E+5	1.0000E+0	3.1231E-8	4.0000E+1	1.2437E-10
1.9300E+5	1.0000E+0	3.0670E-8	4.0000E+1	1.2341E-10
1.9350E+5	1.0000E+0	3.0499E-8	4.0000E+1	1.2371E-10
1.9400E+5	1.0000E+0	3.0050E-8	4.0000E+1	1.2395E-10
1.9450E+5	1.0000E+0	2.9781E-8	4.0000E+1	1.2379E-10
1.9500E+5	1.0000E+0	2.9166E-8	4.0000E+1	1.2344E-10
1.9550E+5	1.0000E+0	2.8792E-8	4.0000E+1	1.2437E-10
1.9600E+5	1.0000E+0	2.8301E-8	4.0000E+1	1.2311E-10
1.9650E+5	1.0000E+0	2.7864E-8	4.0000E+1	1.2502E-10
1.9700E+5	1.0000E+0	2.7317E-8	4.0000E+1	1.2486E-10
1.9750E+5	1.0000E+0	2.7185E-8	4.0000E+1	1.2487E-10
1.9800E+5	1.0000E+0	2.6976E-8	4.0000E+1	1.2411E-10
1.9850E+5	1.0000E+0	2.6596E-8	4.0000E+1	1.2450E-10
1.9900E+5	1.0000E+0	2.5977E-8	4.0000E+1	1.2443E-10
1.9950E+5	1.0000E+0	2.5543E-8	4.0000E+1	1.2459E-10
2.0000E+5	1.0000E+0	2.5114E-8	4.0000E+1	1.2391E-10
2.0050E+5	1.0000E+0	2.4880E-8	4.0000E+1	1.2393E-10
2.0100E+5	1.0000E+0	2.4383E-8	4.0000E+1	1.2364E-10
2.0150E+5	1.0000E+0	2.4183E-8	4.0000E+1	1.2312E-10
2.0200E+5	1.0000E+0	2.3894E-8	4.0000E+1	1.2330E-10
2.0250E+5	1.0000E+0	2.3336E-8	4.0000E+1	1.2305E-10
2.0300E+5	1.0000E+0	2.3448E-8	4.0000E+1	1.2311E-10
2.0350E+5	1.0000E+0	2.2898E-8	4.0000E+1	1.2463E-10
2.0400E+5	1.0000E+0	2.2686E-8	4.0000E+1	1.2344E-10
2.0450E+5	1.0000E+0	2.2479E-8	4.0000E+1	1.2546E-10
2.0500E+5	1.0000E+0	2.2210E-8	4.0000E+1	1.2421E-10
2.0550E+5	1.0000E+0	2.1956E-8	4.0000E+1	1.2478E-10
2.0600E+5	1.0000E+0	2.1403E-8	4.0000E+1	1.2392E-10
2.0650E+5	1.0000E+0	2.1222E-8	4.0000E+1	1.2419E-10
2.0700E+5	1.0000E+0	2.1049E-8	4.0000E+1	1.2350E-10
2.0750E+5	1.0000E+0	2.0638E-8	4.0000E+1	1.2426E-10
2.0800E+5	1.0000E+0	2.0469E-8	4.0000E+1	1.2288E-10
2.0850E+5	1.0000E+0	2.0111E-8	4.0000E+1	1.2365E-10
2.0900E+5	1.0000E+0	1.9767E-8	4.0000E+1	1.2361E-10
2.0950E+5	1.0000E+0	1.9503E-8	4.0000E+1	1.2311E-10
2.1000E+5	1.0000E+0	1.9268E-8	4.0000E+1	1.2375E-10
2.1050E+5	1.0000E+0	1.8952E-8	4.0000E+1	1.2393E-10
2.1100E+5	1.0000E+0	1.8619E-8	4.0000E+1	1.2298E-10
2.1150E+5	1.0000E+0	1.8595E-8	4.0000E+1	1.2406E-10
2.1200E+5	1.0000E+0	1.8275E-8	4.0000E+1	1.2445E-10
2.1250E+5	1.0000E+0	1.8076E-8	4.0000E+1	1.2471E-10
2.1300E+5	1.0000E+0	1.7906E-8	4.0000E+1	1.2276E-10
2.1350E+5	1.0000E+0	1.7699E-8	4.0000E+1	1.2356E-10
2.1400E+5	1.0000E+0	1.7291E-8	4.0000E+1	1.2486E-10
2.1450E+5	1.0000E+0	1.7214E-8	4.0000E+1	1.2292E-10
2.1500E+5	1.0000E+0	1.7001E-8	4.0000E+1	1.2372E-10
2.1550E+5	1.0000E+0	1.6745E-8	4.0000E+1	1.2250E-10
2.1600E+5	1.0000E+0	1.6481E-8	4.0000E+1	1.2450E-10
2.1650E+5	1.0000E+0	1.6329E-8	4.0000E+1	1.2315E-10
2.1700E+5	1.0000E+0	1.6059E-8	4.0000E+1	1.2338E-10
2.1750E+5	1.0000E+0	1.5996E-8	4.0000E+1	1.2315E-10
2.1800E+5	1.0000E+0	1.5872E-8	4.0000E+1	1.2292E-10
2.1850E+5	1.0000E+0	1.5677E-8	4.0000E+1	1.2389E-10
2.1900E+5	1.0000E+0	1.5510E-8	4.0000E+1	1.2338E-10
2.1950E+5	1.0000E+0	1.5327E-8	4.0000E+1	1.2248E-10
2.2000E+5	1.0000E+0	1.5109E-8	4.0000E+1	1.2334E-10
2.2050E+5	1.0000E+0	1.5021E-8	4.0000E+1	1.2309E-10
2.2100E+5	1.0000E+0	1.4864E-8	4.0000E+1	1.2473E-10
2.2150E+5	1.0000E+0	1.4661E-8	4.0000E+1	1.2375E-10
2.2200E+5	1.0000E+0	1.4479E-8	4.0000E+1	1.2384E-10
2.2250E+5	1.0000E+0	1.4310E-8	4.0000E+1	1.2420E-10
2.2300E+5	1.0000E+0	1.4083E-8	4.0000E+1	1.2319E-10
2.2350E+5	1.0000E+0	1.3848E-8	4.0000E+1	1.2371E-10
2.2400E+5	1.0000E+0	1.3705E-8	4.0000E+1	1.2398E-10
2.2450E+5	1.0000E+0	1.3430E-8	4.0000E+1	1.2303E-10
2.2500E+5	1.0000E+0	1.3432E-8	4.0000E+1	1.2381E-10
2.2550E+5	1.0000E+0	1.3193E-8	4.0000E+1	1.2347E-10
2.2600E+5	1.0000E+0	1.2884E-8	4.0000E+1	1.2404E-10
2.2650E+5	1.0000E+0	1.2732E-8	4.0000E+1	1.2311E-10
2.2700E+5	1.0000E+0	1.2548E-8	4.0000E+1	1.2299E-10
2.2750E+5	1.0000E+0	1.2298E-8	4.0000E+1	1.2436E-10
2.2800E+5	1.0000E+0	1.2101E-8	4.0000E+1	1.2460E-10
2.2850E+5	1.0000E+0	1.2132E-8	4.0000E+1	1.2388E-10
2.2900E+5	1.0000E+0	1.1873E-8	4.0000E+1	1.2417E-10
2.2950E+5	1.0000E+0	1.1720E-8	4.0000E+1	1.2440E-10
2.3000E+5	1.0000E+0	1.1670E-8	4.0000E+1	1.2444E-10
2.3050E+5	1.0000E+0	1.1543E-8	4.0000E+1	1.2387E-10
2.3100E+5	1.0000E+0	1.1321E-8	4.0000E+1	1.2366E-10
2.3150E+5	1.0000E+0	1.1222E-8	4.0000E+1	1.2496E-10
2.3200E+5	1.0000E+0	1.0947E-8	4.0000E+1	1.2521E-10
2.3250E+5	1.0000E+0	1.0783E-8	4.0000E+1	1.2479E-10
2.3300E+5	1.0000E+0	1.0701E-8	4.0000E+1	1.2446E-10
2.3350E+5	1.0000E+0	1.0546E-8	4.0000E+1	1.2405E-10
2.3400E+5	1.0000E+0	1.0464E-8	4.0000E+1	1.2516E-10
2.3450E+5	1.0000E+0	1.0403E-8	4.0000E+1	1.2398E-10
2.3500E+5	1.0000E+0	1.0273E-8	4.0000E+1	1.2376E-10
2.3550E+5	1.0000E+0	1.0141E-8	4.0000E+1	1.2467E-10
2.3600E+5	1.0000E+0	1.0013E-8	4.0000E+1	1.2394E-10
2.3650E+5	1.0000E+0	1.0021E-8	4.0000E+1	1.2344E-10
2.3700E+5	1.0000E+0	9.9069E-9	4.0000E+1	1.2444E-10
2.3750E+5	1.0000E+0	9.7455E-9	4.0000E+1	1.2448E-10
2.3800E+5	1.0000E+0	9.6265E-9	4.0000E+1	1.2416E-10
2.3850E+5	1.0000E+0	9.5286E-9	4.0000E+1	1.2451E-10
2.3900E+5	1.0000E+0	9.4613E-9	4.0000E+1	1.2374E-10
2.3950E+5	1.0000E+0	9.4089E-9	4.0000E+1	1.2361E-10
2.4000E+5	1.0000E+0	9.3084E-9	4.0000E+1	1.2245E-10
2.4050E+5	1.0000E+0	9.1839E-9	4.0000E+1	1.2373E-10
2.4100E+5	1.0000E+0	8.9264E-9	4.0000E+1	1.2480E-10
2.4150E+5	1.0000E+0	8.8222E-9	4.0000E+1	1.2302E-10
2.4200E+5	1.0000E+0	8.7272E-9	4.0000E+1	1.2388E-10
2.4250E+5	1.0000E+0	8.6620E-9	4.0000E+1	1.2282E-10
2.4300E+5	1.0000E+0	8.5609E-9	4.0000E+1	1.2420E-10
2.4350E+5	1.0000E+0	8.4537E-9	4.0000E+1	1.2410E-10
2.4400E+5	1.0000E+0	8.3942E-9	4.0000E+1	1.2304E-10
2.4450E+5	1.0000E+0	8.2877E-9	4.0000E+1	1.2466E-10
2.4500E+5	1.0000E+0	8.2219E-9	4.0000E+1	1.2390E-10
2.4550E+5	1.0000E+0	8.2066E-9	4.0000E+1	1.2434E-10
2.4600E+5	1.0000E+0	8.0722E-9	4.0000E+1	1.2445E-10
2.4650E+5	1.0000E+0	8.0663E-9	4.0000E+1	1.2327E-10
2.4700E+5	1.0000E+0	7.9994E-9	4.0000E+1	1.2486E-10
2.4750E+5	1.0000E+0	7.9038E-9	4.0000E+1	1.2371E-10
2.4800E+5	1.0000E+0	7.7545E-9	4.0000E+1	1.2515E-10
2.4850E+5	1.0000E+0	7.6282E-9	4.0000E+1	1.2497E-10
2.4900E+5	1.0000E+0	7.5835E-9	4.0000E+1	1.2424E-10
2.4950E+5	1.0000E+0	7.4574E-9	4.0000E+1	1.2489E-10
2.5000E+5	1.0000E+0	7.4200E-9	4.0000E+1	1.2412E-10
2.5050E+5	1.0000E+0	7.3150E-9	4.0000E+1	1.2568E-10
2.5100E+5	1.0000E+0	7.2140E-9	4.0000E+1	1.2519E-10
2.5150E+5	1.0000E+0	7.0422E-9	4.0000E+1	1.2515E-10
2.5200E+5	1.0000E+0	7.0035E-9	4.0000E+1	1.2501E-10
2.5250E+5	1.0000E+0	6.8749E-9	4.0000E+1	1.2404E-10
2.5300E+5	1.0000E+0	6.9083E-9	4.0000E+1	1.2461E-10
2.5350E+5	1.0000E+0	6.7930E-9	4.0000E+1	1.2433E-10
2.5400E+5	1.0000E+0	6.7014E-9	4.0000E+1	1.2351E-10
2.5450E+5	1.0000E+0	6.6735E-9	4.0000E+1	1.2415E-10
2.5500E+5	1.0000E+0	6.5199E-9	4.0000E+1	1.2466E-10
2.5550E+5	1.0000E+0	6.4906E-9	4.0000E+1	1.2498E-10
2.5600E+5	1.0000E+0	6.4584E-9	4.0000E+1	1.2621E-10
2.5650E+5	1.0000E+0	6.4691E-9	4.0000E+1	1.2438E-10
2.5700E+5	1.0000E+0	6.4070E-9	4.0000E+1	1.2362E-10
2.5750E+5	1.0000E+0	6.2876E-9	4.0000E+1	1.2362E-10
2.5800E+5	1.0000E+0	6.2604E-9	4.0000E+1	1.2545E-10
2.5850E+5	1.0000E+0	6.1491E-9	4.0000E+1	1.2549E-10
2.5900E+5	1.0000E+0	6.0944E-9	4.0000E+1	1.2469E-10
2.5950E+5	1.0000E+0	6.0400E-9	4.0000E+1	1.2496E-10
2.6000E+5	1.0000E+0	5.9464E-9	4.0000E+1	1.2446E-10
2.6050E+5	1.0000E+0	5.9156E-9	4.0000E+1	1.2430E-10
2.6100E+5	1.0000E+0	5.8552E-9	4.0000E+1	1.2519E-10
2.6150E+5	1.0000E+0	5.7610E-9	4.0000E+1	1.2418E-10
2.6200E+5	1.0000E+0	5.6832E-9	4.0000E+1	1.2357E-10
2.6250E+5	1.0000E+0	5.6773E-9	4.0000E+1	1.2348E-10
2.6300E+5	1.0000E+0	5.5531E-9	4.0000E+1	1.2417E-10
2.6350E+5	1.0000E+0	5.3741E-9	4.0000E+1	1.2399E-10
2.6400E+5	1.0000E+0	5.3616E-9	4.0000E+1	1.2418E-10
2.6450E+5	1.0000E+0	5.3168E-9	4.0000E+1	1.2472E-10
2.6500E+5	1.0000E+0	5.2073E-9	4.0000E+1	1.2371E-10
2.6550E+5	1.0000E+0	5.2218E-9	4.0000E+1	1.2410E-10
2.6600E+5	1.0000E+0	5.1457E-9	4.0000E+1	1.2405E-10
2.6650E+5	1.0000E+0	5.1192E-9	4.0000E+1	1.2516E-10
2.6700E+5	1.0000E+0	5.0471E-9	4.0000E+1	1.2530E-10
2.6750E+5	1.0000E+0	5.0305E-9	4.0000E+1	1.2441E-10
2.6800E+5	1.0000E+0	4.9726E-9	4.0000E+1	1.2399E-10
2.6850E+5	1.0000E+0	4.9123E-9	4.0000E+1	1.2479E-10
2.6900E+5	1.0000E+0	4.8759E-9	4.0000E+1	1.2411E-10
2.6950E+5	1.0000E+0	4.7691E-9	4.0000E+1	1.2442E-10
2.7000E+5	1.0000E+0	4.7784E-9	4.0000E+1	1.2446E-10
2.7050E+5	1.0000E+0	4.7068E-9	4.0000E+1	1.2439E-10
2.7100E+5	1.0000E+0	4.6834E-9	4.0000E+1	1.2517E-10
2.7150E+5	1.0000E+0	4.6368E-9	4.0000E+1	1.2502E-10
2.7200E+5	1.0000E+0	4.6207E-9	4.0000E+1	1.2382E-10
2.7250E+5	1.0000E+0	4.5574E-9	4.0000E+1	1.2426E-10
2.7300E+5	1.0000E+0	4.5188E-9	4.0000E+1	1.2426E-10
2.7350E+5	1.0000E+0	4.4781E-9	4.0000E+1	1.2443E-10
2.7400E+5	1.0000E+0	4.4301E-9	4.0000E+1	1.2557E-10
2.7450E+5	1.0000E+0	4.3922E-9	4.0000E+1	1.2445E-10
2.7500E+5	1.0000E+0	4.3343E-9	4.0000E+1	1.2508E-10
2.7550E+5	1.0000E+0	4.3166E-9	4.0000E+1	1.2575E-10
2.7600E+5	1.0000E+0	4.2077E-9	4.0000E+1	1.2472E-10
2.7650E+5	1.0000E+0	4.1814E-9	4.0000E+1	1.2551E-10
2.7700E+5	1.0000E+0	4.1030E-9	4.0000E+1	1.2378E-10
2.7750E+5	1.0000E+0	4.0880E-9	4.0000E+1	1.2595E-10
2.7800E+5	1.0000E+0	4.0202E-9	4.0000E+1	1.2334E-10
2.7850E+5	1.0000E+0	4.0131E-9	4.0000E+1	1.2405E-10
2.7900E+5	1.0000E+0	4.0187E-9	4.0000E+1	1.2450E-10
2.7950E+5	1.0000E+0	3.9448E-9	4.0000E+1	1.2427E-10
2.8000E+5	1.0000E+0	3.9092E-9	4.0000E+1	1.2501E-10
2.8050E+5	1.0000E+0	3.8747E-9	4.0000E+1	1.2339E-10
2.8100E+5	1.0000E+0	3.8619E-9	4.0000E+1	1.2490E-10
2.8150E+5	1.0000E+0	3.8696E-9	4.0000E+1	1.2545E-10
2.8200E+5	1.0000E+0	3.7452E-9	4.0000E+1	1.2514E-10
2.8250E+5	1.0000E+0	3.7574E-9	4.0000E+1	1.2532E-10
2.8300E+5	1.0000E+0	3.7540E-9	4.0000E+1	1.2298E-10
2.8350E+5	1.0000E+0	3.6930E-9	4.0000E+1	1.2542E-10
2.8400E+5	1.0000E+0	3.6617E-9	4.0000E+1	1.2520E-10
2.8450E+5	1.0000E+0	3.6007E-9	4.0000E+1	1.2440E-10
2.8500E+5	1.0000E+0	3.5709E-9	4.0000E+1	1.2301E-10
2.8550E+5	1.0000E+0	3.5460E-9	4.0000E+1	1.2304E-10
2.8600E+5	1.0000E+0	3.5236E-9	4.0000E+1	1.2352E-10
2.8650E+5	1.0000E+0	3.4943E-9	4.0000E+1	1.2346E-10
2.8700E+5	1.0000E+0	3.4477E-9	4.0000E+1	1.2387E-10
2.8750E+5	1.0000E+0	3.4180E-9	4.0000E+1	1.2284E-10
2.8800E+5	1.0000E+0	3.3631E-9	4.0000E+1	1.2246E-10
2.8850E+5	1.0000E+0	3.3311E-9	4.0000E+1	1.2335E-10
2.8900E+5	1.0000E+0	3.3585E-9	4.0000E+1	1.2308E-10
2.8950E+5	1.0000E+0	3.3551E-9	4.0000E+1	1.2256E-10
2.9000E+5	1.0000E+0	3.3315E-9	4.0000E+1	1.2341E-10
2.9050E+5	1.0000E+0	3.3097E-9	4.0000E+1	1.2292E-10
2.9100E+5	1.0000E+0	3.3229E-9	4.0000E+1	1.2447E-10
2.9150E+5	1.0000E+0	3.3087E-9	4.0000E+1	1.2379E-10
2.9200E+5	1.0000E+0	3.2807E-9	4.0000E+1	1.2402E-10
2.9250E+5	1.0000E+0	3.2213E-9	4.0000E+1	1.2433E-10
2.9300E+5	1.0000E+0	3.2174E-9	4.0000E+1	1.2448E-10
2.9400E+5	1.0000E+0	3.2007E-9	4.0000E+1	1.2364E-10
2.9450E+5	1.0000E+0	3.1661E-9	4.0000E+1	1.2366E-10
2.9500E+5	1.0000E+0	3.1264E-9	4.0000E+1	1.2402E-10
2.9550E+5	1.0000E+0	3.0934E-9	4.0000E+1	1.2404E-10
2.9600E+5	1.0000E+0	3.0991E-9	4.0000E+1	1.2389E-10
2.9650E+5	1.0000E+0	3.0760E-9	4.0000E+1	1.2430E-10
2.9700E+5	1.0000E+0	3.0199E-9	4.0000E+1	1.2265E-10
2.9750E+5	1.0000E+0	3.0134E-9	4.0000E+1	1.2311E-10
2.9800E+5	1.0000E+0	3.0140E-9	4.0000E+1	1.2395E-10
2.9850E+5	1.0000E+0	3.0102E-9	4.0000E+1	1.2467E-10
2.9900E+5	1.0000E+0	2.9597E-9	4.0000E+1	1.2492E-10
2.9950E+5	1.0000E+0	2.9491E-9	4.0000E+1	1.2362E-10
3.0000E+5	1.0000E+0	2.9453E-9	4.0000E+1	1.2406E-10
3.0050E+5	1.0000E+0	2.9196E-9	4.0000E+1	1.2404E-10
3.0100E+5	1.0000E+0	2.8990E-9	4.0000E+1	1.2398E-10
3.0150E+5	1.0000E+0	2.8663E-9	4.0000E+1	1.2429E-10
3.0200E+5	1.0000E+0	2.8673E-9	4.0000E+1	1.2446E-10
3.0250E+5	1.0000E+0	2.8615E-9	4.0000E+1	1.2565E-10
3.0300E+5	1.0000E+0	2.8001E-9	4.0000E+1	1.2398E-10
3.0350E+5	1.0000E+0	2.7981E-9	4.0000E+1	1.2405E-10
3.0400E+5	1.0000E+0	2.7585E-9	4.0000E+1	1.2453E-10
3.0450E+5	1.0000E+0	2.6845E-9	4.0000E+1	1.2475E-10
3.0500E+5	1.0000E+0	2.6717E-9	4.0000E+1	1.2325E-10
3.0550E+5	1.0000E+0	2.6617E-9	4.0000E+1	1.2333E-10
3.0600E+5	1.0000E+0	2.6392E-9	4.0000E+1	1.2581E-10
3.0650E+5	1.0000E+0	2.6457E-9	4.0000E+1	1.2547E-10
3.0700E+5	1.0000E+0	2.6187E-9	4.0000E+1	1.2563E-10
3.0750E+5	1.0000E+0	2.6544E-9	4.0000E+1	1.2351E-10
3.0800E+5	1.0000E+0	2.5968E-9	4.0000E+1	1.2384E-10
3.0850E+5	1.0000E+0	2.8046E-9	4.0000E+1	1.2405E-10
3.0900E+5	1.0000E+0	3.4961E-9	4.0000E+1	1.7105E-8
3.0950E+5	1.0000E+0	3.5931E-9	4.0000E+1	1.7167E-8
3.1000E+5	1.0000E+0	3.6327E-9	4.0000E+1	1.7200E-8
3.1050E+5	1.0000E+0	3.6152E-9	4.0000E+1	1.7220E-8
3.1100E+5	1.0000E+0	3.6031E-9	4.0000E+1	1.7235E-8
3.1150E+5	1.0000E+0	3.6002E-9	4.0000E+1	1.7243E-8
3.1200E+5	1.0000E+0	3.6077E-9	4.0000E+1	1.7245E-8
3.1250E+5	1.0000E+0	3.5536E-9	4.0000E+1	1.7250E-8
3.1300E+5	1.0000E+0	3.5516E-9	4.0000E+1	1.7245E-8
3.1350E+5	1.0000E+0	3.5281E-9	4.0000E+1	1.7247E-8
3.1400E+5	1.0000E+0	3.4068E-9	4.0000E+1	1.7249E-8
3.1450E+5	1.0000E+0	3.5030E-9	4.0000E+1	1.7247E-8
3.1500E+5	1.0000E+0	3.4310E-9	4.0000E+1	1.7240E-8
3.1550E+5	1.0000E+0	3.4431E-9	4.0000E+1	1.7237E-8
3.1600E+5	1.0000E+0	3.3278E-9	4.0000E+1	1.7234E-8
3.1650E+5	1.0000E+0	3.2692E-9	4.0000E+1	1.7226E-8
3.1700E+5	1.0000E+0	3.2458E-9	4.0000E+1	1.7221E-8
3.1750E+5	1.0000E+0	3.2522E-9	4.0000E+1	1.7214E-8
3.1800E+5	1.0000E+0	3.2192E-9	4.0000E+1	1.7208E-8
3.1850E+5	1.0000E+0	2.9081E-9	4.0000E+1	1.7203E-8
3.1900E+5	1.0000E+0	2.4813E-9	4.0000E+1	2.9166E-10
3.1950E+5	1.0000E+0	2.3966E-9	4.0000E+1	1.3311E-10
3.2000E+5	1.0000E+0	2.2957E-9	4.0000E+1	1.2278E-10
3.2050E+5	1.0000E+0	2.2419E-9	4.0000E+1	1.2213E-10
3.2100E+5	1.0000E+0	2.2373E-9	4.0000E+1	1.2093E-10
3.2150E+5	1.0000E+0	2.1847E-9	4.0000E+1	1.2231E-10
3.2200E+5	1.0000E+0	2.1169E-9	4.0000E+1	1.2308E-10
3.2250E+5	1.0000E+0	2.1077E-9	4.0000E+1	1.2335E-10
3.2300E+5	1.0000E+0	2.0850E-9	4.0000E+1	1.2192E-10
3.2350E+5	1.0000E+0	2.0723E-9	4.0000E+1	1.2191E-10
3.2400E+5	1.0000E+0	2.0251E-9	4.0000E+1	1.2142E-10
3.2450E+5	1.0000E+0	2.0010E-9	4.0000E+1	1.2250E-10
3.2500E+5	1.0000E+0	1.9869E-9	4.0000E+1	1.2440E-10
3.2550E+5	1.0000E+0	1.9673E-9	4.0000E+1	1.2324E-10
3.2600E+5	1.0000E+0	1.9631E-9	4.0000E+1	1.2393E-10
3.2650E+5	1.0000E+0	1.9373E-9	4.0000E+1	1.2386E-10
3.2700E+5	1.0000E+0	1.9216E-9	4.0000E+1	1.2488E-10
3.2750E+5	1.0000E+0	1.8985E-9	4.0000E+1	1.2530E-10
3.2800E+5	1.0000E+0	1.8606E-9	4.0000E+1	1.2465E-10
3.2850E+5	1.0000E+0	1.8676E-9	4.0000E+1	1.2364E-10
3.2900E+5	1.0000E+0	2.2391E-9	4.0000E+1	1.7287E-8
3.2950E+5	1.0000E+0	2.3389E-9	4.0000E+1	1.7288E-8
3.3000E+5	1.0000E+0	2.3313E-9	4.0000E+1	1.7281E-8
3.3050E+5	1.0000E+0	2.3661E-9	4.0000E+1	1.7275E-8
3.3100E+5	1.0000E+0	2.3784E-9	4.0000E+1	1.7269E-8
3.3150E+5	1.0000E+0	2.3867E-9	4.0000E+1	1.7263E-8
3.3200E+5	1.0000E+0	2.4384E-9	4.0000E+1	1.7260E-8
3.3250E+5	1.0000E+0	2.3945E-9	4.0000E+1	1.7251E-8
3.3300E+5	1.0000E+0	2.3794E-9	4.0000E+1	1.7246E-8
3.3350E+5	1.0000E+0	2.5377E-9	4.0000E+1	1.7239E-8
3.3400E+5	1.0000E+0	2.5342E-9	4.0000E+1	1.7238E-8
3.3450E+5	1.0000E+0	2.5344E-9	4.0000E+1	1.7230E-8
3.3500E+5	1.0000E+0	2.5151E-9	4.0000E+1	1.7225E-8
3.3550E+5	1.0000E+0	2.4799E-9	4.0000E+1	1.7220E-8
3.3600E+5	1.0000E+0	2.4434E-9	4.0000E+1	1.7215E-8
3.3650E+5	1.0000E+0	2.3925E-9	4.0000E+1	1.7206E-8
3.3700E+5	1.0000E+0	2.3523E-9	4.0000E+1	1.7203E-8
3.3750E+5	1.0000E+0	2.2790E-9	4.0000E+1	1.7195E-8
3.3800E+5	1.0000E+0	2.3002E-9	4.0000E+1	1.7188E-8
3.3850E+5	1.0000E+0	2.3481E-9	4.0000E+1	1.7187E-8
3.3900E+5	1.0000E+0	1.8872E-9	4.0000E+1	3.5595E-10
3.3950E+5	1.0000E+0	1.8784E-9	4.0000E+1	1.3344E-10
3.4000E+5	1.0000E+0	1.7833E-9	4.0000E+1	1.2379E-10
3.4050E+5	1.0000E+0	1.7185E-9	4.0000E+1	1.2200E-10
3.4100E+5	1.0000E+0	1.7029E-9	4.0000E+1	1.2302E-10
3.4150E+5	1.0000E+0	1.6355E-9	4.0000E+1	1.2228E-10
3.4200E+5	1.0000E+0	1.6202E-9	4.0000E+1	1.2202E-10
3.4250E+5	1.0000E+0	1.5789E-9	4.0000E+1	1.2215E-10
3.4300E+5	1.0000E+0	1.5476E-9	4.0000E+1	1.2403E-10
3.4350E+5	1.0000E+0	1.5322E-9	4.0000E+1	1.2338E-10
3.4400E+5	1.0000E+0	1.4807E-9	4.0000E+1	1.2307E-10
3.4450E+5	1.0000E+0	1.4466E-9	4.0000E+1	1.2473E-10
3.4500E+5	1.0000E+0	1.4135E-9	4.0000E+1	1.2389E-10
3.4550E+5	1.0000E+0	1.3789E-9	4.0000E+1	1.2362E-10
3.4600E+5	1.0000E+0	1.3804E-9	4.0000E+1	1.2536E-10
3.4650E+5	1.0000E+0	1.3608E-9	4.0000E+1	1.2443E-10
3.4700E+5	1.0000E+0	1.3529E-9	4.0000E+1	1.2473E-10
3.4750E+5	1.0000E+0	1.3663E-9	4.0000E+1	1.2450E-10
3.4800E+5	1.0000E+0	1.3475E-9	4.0000E+1	1.2539E-10
3.4850E+5	1.0000E+0	1.3683E-9	4.0000E+1	1.2500E-10
3.4900E+5	1.0000E+0	1.6302E-9	4.0000E+1	1.7285E-8
3.4950E+5	1.0000E+0	1.7120E-9	4.0000E+1	1.7284E-8
3.5000E+5	1.0000E+0	1.7392E-9	4.0000E+1	1.7278E-8
3.5050E+5	1.0000E+0	1.7468E-9	4.0000E+1	1.7272E-8
3.5100E+5	1.0000E+0	1.7382E-9	4.0000E+1	1.7271E-8
3.5150E+5	1.0000E+0	1.7510E-9	4.0000E+1	1.7260E-8
3.5200E+5	1.0000E+0	1.7243E-9	4.0000E+1	1.7252E-8
3.5250E+5	1.0000E+0	1.7217E-9	4.0000E+1	1.7246E-8
3.5300E+5	1.0000E+0	1.7871E-9	4.0000E+1	1.7239E-8
3.5350E+5	1.0000E+0	1.7237E-9	4.0000E+1	1.7232E-8
3.5400E+5	1.0000E+0	1.6978E-9	4.0000E+1	1.7223E-8
3.5450E+5	1.0000E+0	1.6804E-9	4.0000E+1	1.7215E-8
3.5500E+5	1.0000E+0	1.6578E-9	4.0000E+1	1.7208E-8
3.5550E+5	1.0000E+0	1.6927E-9	4.0000E+1	1.7204E-8
3.5600E+5	1.0000E+0	1.6931E-9	4.0000E+1	1.7191E-8
3.5650E+5	1.0000E+0	1.6883E-9	4.0000E+1	1.7183E-8
3.5700E+5	1.0000E+0	1.6688E-9	4.0000E+1	1.7179E-8
3.5750E+5	1.0000E+0	1.6893E-9	4.0000E+1	1.7172E-8
3.5800E+5	1.0000E+0	1.6696E-9	4.0000E+1	1.7167E-8
3.5850E+5	1.0000E+0	1.6709E-9	4.0000E+1	1.7159E-8
3.5900E+5	1.0000E+0	1.3750E-9	4.0000E+1	4.7128E-10
3.5950E+5	1.0000E+0	1.3201E-9	4.0000E+1	1.3684E-10
3.6000E+5	1.0000E+0	1.3054E-9	4.0000E+1	1.2323E-10
3.6050E+5	1.0000E+0	1.2603E-9	4.0000E+1	1.2312E-10
3.6100E+5	1.0000E+0	1.2582E-9	4.0000E+1	1.2225E-10
3.6150E+5	1.0000E+0	1.2379E-9	4.0000E+1	1.2364E-10
3.6200E+5	1.0000E+0	1.1827E-9	4.0000E+1	1.2326E-10
3.6250E+5	1.0000E+0	1.1934E-9	4.0000E+1	1.2311E-10
3.6300E+5	1.0000E+0	1.1826E-9	4.0000E+1	1.2440E-10
3.6350E+5	1.0000E+0	1.1457E-9	4.0000E+1	1.2372E-10
3.6400E+5	1.0000E+0	1.1290E-9	4.0000E+1	1.2411E-10
3.6450E+5	1.0000E+0	1.1072E-9	4.0000E+1	1.2314E-10
3.6500E+5	1.0000E+0	1.0957E-9	4.0000E+1	1.2365E-10
3.6550E+5	1.0000E+0	1.0931E-9	4.0000E+1	1.2332E-10
3.6600E+5	1.0000E+0	1.0628E-9	4.0000E+1	1.2292E-10
3.6650E+5	1.0000E+0	1.0421E-9	4.0000E+1	1.2356E-10
3.6700E+5	1.0000E+0	1.0483E-9	4.0000E+1	1.2457E-10
3.6750E+5	1.0000E+0	1.0279E-9	4.0000E+1	1.2391E-10
3.6800E+5	1.0000E+0	1.0231E-9	4.0000E+1	1.2448E-10
3.6850E+5	1.0000E+0	1.0067E-9	4.0000E+1	1.2491E-10
3.6900E+5	1.0000E+0	1.2749E-9	4.0000E+1	1.7245E-8
3.6950E+5	1.0000E+0	1.3246E-9	4.0000E+1	1.7246E-8
3.7000E+5	1.0000E+0	1.3390E-9	4.0000E+1	1.7241E-8
3.7050E+5	1.0000E+0	1.3402E-9	4.0000E+1	1.7232E-8
3.7100E+5	1.0000E+0	1.3774E-9	4.0000E+1	1.7226E-8
3.7150E+5	1.0000E+0	1.3806E-9	4.0000E+1	1.7221E-8
3.7200E+5	1.0000E+0	1.4438E-9	4.0000E+1	1.7209E-8
3.7250E+5	1.0000E+0	1.4792E-9	4.0000E+1	1.7204E-8
3.7300E+5	1.0000E+0	1.5028E-9	4.0000E+1	1.7195E-8
3.7350E+5	1.0000E+0	1.4845E-9	4.0000E+1	1.7190E-8
3.7400E+5	1.0000E+0	1.4968E-9	4.0000E+1	1.7179E-8
3.7450E+5	1.0000E+0	1.4950E-9	4.0000E+1	1.7173E-8
3.7500E+5	1.0000E+0	1.5008E-9	4.0000E+1	1.7165E-8
3.7550E+5	1.0000E+0	1.4734E-9	4.0000E+1	1.7159E-8
3.7600E+5	1.0000E+0	1.4882E-9	4.0000E+1	1.7147E-8
3.7650E+5	1.0000E+0	1.4753E-9	4.0000E+1	1.7139E-8
3.7700E+5	1.0000E+0	1.4671E-9	4.0000E+1	1.7136E-8
3.7750E+5	1.0000E+0	1.4619E-9	4.0000E+1	1.7132E-8
3.7800E+5	1.0000E+0	1.4376E-9	4.0000E+1	1.7122E-8
3.7850E+5	1.0000E+0	1.4303E-9	4.0000E+1	1.7118E-8
3.7900E+5	1.0000E+0	1.2200E-9	4.0000E+1	8.0094E-10
3.7950E+5	1.0000E+0	1.2096E-9	4.0000E+1	1.3781E-10
3.8000E+5	1.0000E+0	1.1893E-9	4.0000E+1	1.2525E-10
3.8050E+5	1.0000E+0	1.1549E-9	4.0000E+1	1.2228E-10
3.8100E+5	1.0000E+0	1.1268E-9	4.0000E+1	1.2383E-10
3.8150E+5	1.0000E+0	1.0868E-9	4.0000E+1	1.2417E-10
3.8200E+5	1.0000E+0	1.0802E-9	4.0000E+1	1.2373E-10
3.8250E+5	1.0000E+0	1.0405E-9	4.0000E+1	1.2419E-10
3.8300E+5	1.0000E+0	1.0340E-9	4.0000E+1	1.2364E-10
3.8350E+5	1.0000E+0	1.0192E-9	4.0000E+1	1.2359E-10
3.8400E+5	1.0000E+0	1.0196E-9	4.0000E+1	1.2476E-10
3.8450E+5	1.0000E+0	9.9179E-10	4.0000E+1	1.2579E-10
3.8500E+5	1.0000E+0	9.5748E-10	4.0000E+1	1.2422E-10
3.8550E+5	1.0000E+0	9.4947E-10	4.0000E+1	1.2445E-10
3.8600E+5	1.0000E+0	9.4390E-10	4.0000E+1	1.2587E-10
3.8650E+5	1.0000E+0	9.4871E-10	4.0000E+1	1.2451E-10
3.8700E+5	1.0000E+0	9.3265E-10	4.0000E+1	1.2616E-10
3.8750E+5	1.0000E+0	9.3055E-10	4.0000E+1	1.2627E-10
