File Name: 12_Sample14_device3_It_150kV_VDrain1V_VGate50V.dat
File Data: 22/11/2023	13:29:38
Start V: 0
Step V: 0
Stop V: 0
Range V: 200
Delay(ms): 0
Auorange: yes
Sweep type: log
Instrument Meter: SM2614
Time(ms)	Vdrain(V)	Idrain(A)	Vgate(V)	Igate(A)
0.0000E+0	1.0000E+0	1.5553E-6	5.0000E+1	2.3669E-10
1.0000E+3	1.0000E+0	1.4511E-6	5.0000E+1	2.0261E-10
1.5000E+3	1.0000E+0	1.3869E-6	5.0000E+1	1.9455E-10
2.0000E+3	1.0000E+0	1.3588E-6	5.0000E+1	1.8923E-10
2.5000E+3	1.0000E+0	1.3290E-6	5.0000E+1	1.8474E-10
3.0000E+3	1.0000E+0	1.3187E-6	5.0000E+1	1.7984E-10
3.5000E+3	1.0000E+0	1.3004E-6	5.0000E+1	1.7678E-10
4.0000E+3	1.0000E+0	1.2801E-6	5.0000E+1	1.7319E-10
4.5000E+3	1.0000E+0	1.2534E-6	5.0000E+1	1.6965E-10
5.0000E+3	1.0000E+0	1.2443E-6	5.0000E+1	1.6696E-10
5.5000E+3	1.0000E+0	1.2296E-6	5.0000E+1	1.6440E-10
6.0000E+3	1.0000E+0	1.2192E-6	5.0000E+1	1.6377E-10
6.5000E+3	1.0000E+0	1.2036E-6	5.0000E+1	1.6162E-10
7.0000E+3	1.0000E+0	1.1763E-6	5.0000E+1	1.6019E-10
7.5000E+3	1.0000E+0	1.1757E-6	5.0000E+1	1.6039E-10
8.0000E+3	1.0000E+0	1.1784E-6	5.0000E+1	1.5978E-10
8.5000E+3	1.0000E+0	1.1651E-6	5.0000E+1	1.5789E-10
9.0000E+3	1.0000E+0	1.1363E-6	5.0000E+1	1.5842E-10
9.5000E+3	1.0000E+0	1.1273E-6	5.0000E+1	1.5557E-10
1.0000E+4	1.0000E+0	1.1197E-6	5.0000E+1	1.5534E-10
1.0500E+4	1.0000E+0	1.0982E-6	5.0000E+1	1.5444E-10
1.1000E+4	1.0000E+0	1.0993E-6	5.0000E+1	1.5512E-10
1.1500E+4	1.0000E+0	1.0961E-6	5.0000E+1	1.5532E-10
1.2000E+4	1.0000E+0	1.0865E-6	5.0000E+1	1.5289E-10
1.2500E+4	1.0000E+0	1.0805E-6	5.0000E+1	1.5368E-10
1.3000E+4	1.0000E+0	1.0737E-6	5.0000E+1	1.5334E-10
1.3500E+4	1.0000E+0	1.0595E-6	5.0000E+1	1.5131E-10
1.4000E+4	1.0000E+0	1.0434E-6	5.0000E+1	1.5151E-10
1.4500E+4	1.0000E+0	1.0306E-6	5.0000E+1	1.5136E-10
1.5000E+4	1.0000E+0	1.0321E-6	5.0000E+1	1.5034E-10
1.5500E+4	1.0000E+0	1.0119E-6	5.0000E+1	1.4900E-10
1.6000E+4	1.0000E+0	1.0068E-6	5.0000E+1	1.5011E-10
1.6500E+4	1.0000E+0	1.0025E-6	5.0000E+1	1.4929E-10
1.7000E+4	1.0000E+0	9.8122E-7	5.0000E+1	1.4906E-10
1.7500E+4	1.0000E+0	9.7925E-7	5.0000E+1	1.4802E-10
1.8000E+4	1.0000E+0	9.6947E-7	5.0000E+1	1.4884E-10
1.8500E+4	1.0000E+0	9.5691E-7	5.0000E+1	1.4716E-10
1.9000E+4	1.0000E+0	9.4185E-7	5.0000E+1	1.4770E-10
1.9500E+4	1.0000E+0	9.3878E-7	5.0000E+1	1.4756E-10
2.0000E+4	1.0000E+0	9.2960E-7	5.0000E+1	1.4810E-10
2.0500E+4	1.0000E+0	9.2167E-7	5.0000E+1	1.4757E-10
2.1000E+4	1.0000E+0	9.1429E-7	5.0000E+1	1.4737E-10
2.1500E+4	1.0000E+0	9.1712E-7	5.0000E+1	1.4765E-10
2.2000E+4	1.0000E+0	9.0894E-7	5.0000E+1	1.4775E-10
2.2500E+4	1.0000E+0	9.0674E-7	5.0000E+1	1.4716E-10
2.3000E+4	1.0000E+0	8.9335E-7	5.0000E+1	1.4627E-10
2.3500E+4	1.0000E+0	8.7658E-7	5.0000E+1	1.4555E-10
2.4000E+4	1.0000E+0	8.7495E-7	5.0000E+1	1.4552E-10
2.4500E+4	1.0000E+0	8.7155E-7	5.0000E+1	1.4524E-10
2.5000E+4	1.0000E+0	8.6753E-7	5.0000E+1	1.4490E-10
2.5500E+4	1.0000E+0	8.6833E-7	5.0000E+1	1.4476E-10
2.6000E+4	1.0000E+0	8.6018E-7	5.0000E+1	1.4486E-10
2.6500E+4	1.0000E+0	8.4994E-7	5.0000E+1	1.4346E-10
2.7000E+4	1.0000E+0	8.5625E-7	5.0000E+1	1.4552E-10
2.7500E+4	1.0000E+0	8.5176E-7	5.0000E+1	1.4581E-10
2.8000E+4	1.0000E+0	8.3658E-7	5.0000E+1	1.4552E-10
2.8500E+4	1.0000E+0	8.3648E-7	5.0000E+1	1.4421E-10
2.9000E+4	1.0000E+0	8.2927E-7	5.0000E+1	1.4504E-10
2.9500E+4	1.0000E+0	8.1421E-7	5.0000E+1	1.4517E-10
3.0000E+4	1.0000E+0	8.1011E-7	5.0000E+1	1.4462E-10
3.0500E+4	1.0000E+0	8.0094E-7	5.0000E+1	1.4460E-10
3.1000E+4	1.0000E+0	7.8875E-7	5.0000E+1	1.4489E-10
3.1500E+4	1.0000E+0	7.8085E-7	5.0000E+1	1.4398E-10
3.2000E+4	1.0000E+0	7.7416E-7	5.0000E+1	1.4567E-10
3.2500E+4	1.0000E+0	7.6644E-7	5.0000E+1	1.4537E-10
3.3000E+4	1.0000E+0	7.5140E-7	5.0000E+1	1.4418E-10
3.3500E+4	1.0000E+0	7.4204E-7	5.0000E+1	1.4461E-10
3.4000E+4	1.0000E+0	7.5321E-7	5.0000E+1	1.4394E-10
3.4500E+4	1.0000E+0	7.4881E-7	5.0000E+1	1.4321E-10
3.5000E+4	1.0000E+0	7.4187E-7	5.0000E+1	1.4275E-10
3.5500E+4	1.0000E+0	7.3495E-7	5.0000E+1	1.4431E-10
3.6000E+4	1.0000E+0	7.2575E-7	5.0000E+1	1.4379E-10
3.6500E+4	1.0000E+0	7.2292E-7	5.0000E+1	1.4421E-10
3.7000E+4	1.0000E+0	7.1681E-7	5.0000E+1	1.4321E-10
3.7500E+4	1.0000E+0	7.0713E-7	5.0000E+1	1.4225E-10
3.8000E+4	1.0000E+0	7.0077E-7	5.0000E+1	1.4340E-10
3.8500E+4	1.0000E+0	6.9844E-7	5.0000E+1	1.4368E-10
3.9000E+4	1.0000E+0	6.9502E-7	5.0000E+1	1.4286E-10
3.9500E+4	1.0000E+0	6.8524E-7	5.0000E+1	1.4365E-10
4.0000E+4	1.0000E+0	6.8256E-7	5.0000E+1	1.4130E-10
4.0500E+4	1.0000E+0	6.7325E-7	5.0000E+1	1.4217E-10
4.1000E+4	1.0000E+0	6.5968E-7	5.0000E+1	1.4230E-10
4.1500E+4	1.0000E+0	6.5751E-7	5.0000E+1	1.4224E-10
4.2000E+4	1.0000E+0	6.5326E-7	5.0000E+1	1.4251E-10
4.2500E+4	1.0000E+0	6.4870E-7	5.0000E+1	1.4423E-10
4.3000E+4	1.0000E+0	6.5095E-7	5.0000E+1	1.4483E-10
4.3500E+4	1.0000E+0	6.4073E-7	5.0000E+1	1.4219E-10
4.4000E+4	1.0000E+0	6.3253E-7	5.0000E+1	1.4219E-10
4.4500E+4	1.0000E+0	6.1593E-7	5.0000E+1	1.4265E-10
4.5000E+4	1.0000E+0	6.1340E-7	5.0000E+1	1.4175E-10
4.5500E+4	1.0000E+0	6.0615E-7	5.0000E+1	1.4167E-10
4.6000E+4	1.0000E+0	6.0884E-7	5.0000E+1	1.4421E-10
4.6500E+4	1.0000E+0	6.0148E-7	5.0000E+1	1.4371E-10
4.7000E+4	1.0000E+0	6.0000E-7	5.0000E+1	1.4207E-10
4.7500E+4	1.0000E+0	5.9713E-7	5.0000E+1	1.4178E-10
4.8000E+4	1.0000E+0	5.9118E-7	5.0000E+1	1.4253E-10
4.8500E+4	1.0000E+0	5.8305E-7	5.0000E+1	1.4229E-10
4.9000E+4	1.0000E+0	5.7691E-7	5.0000E+1	1.4335E-10
4.9500E+4	1.0000E+0	5.7215E-7	5.0000E+1	1.4222E-10
5.0000E+4	1.0000E+0	5.6924E-7	5.0000E+1	1.4345E-10
5.0500E+4	1.0000E+0	5.6441E-7	5.0000E+1	1.4316E-10
5.1000E+4	1.0000E+0	5.5897E-7	5.0000E+1	1.4201E-10
5.1500E+4	1.0000E+0	5.4783E-7	5.0000E+1	1.4200E-10
5.2000E+4	1.0000E+0	5.4397E-7	5.0000E+1	1.4318E-10
5.2500E+4	1.0000E+0	5.3849E-7	5.0000E+1	1.4271E-10
5.3000E+4	1.0000E+0	5.3817E-7	5.0000E+1	1.4199E-10
5.3500E+4	1.0000E+0	5.3051E-7	5.0000E+1	1.4250E-10
5.4000E+4	1.0000E+0	5.2834E-7	5.0000E+1	1.4286E-10
5.4500E+4	1.0000E+0	5.1930E-7	5.0000E+1	1.4201E-10
5.5000E+4	1.0000E+0	5.1258E-7	5.0000E+1	1.4150E-10
5.5500E+4	1.0000E+0	5.0608E-7	5.0000E+1	1.4151E-10
5.6000E+4	1.0000E+0	5.0447E-7	5.0000E+1	1.4128E-10
5.6500E+4	1.0000E+0	4.9478E-7	5.0000E+1	1.4156E-10
5.7000E+4	1.0000E+0	4.8995E-7	5.0000E+1	1.4165E-10
5.7500E+4	1.0000E+0	4.8566E-7	5.0000E+1	1.4121E-10
5.8000E+4	1.0000E+0	4.7924E-7	5.0000E+1	1.4181E-10
5.8500E+4	1.0000E+0	4.7442E-7	5.0000E+1	1.4114E-10
5.9000E+4	1.0000E+0	4.7078E-7	5.0000E+1	1.4131E-10
5.9500E+4	1.0000E+0	4.6843E-7	5.0000E+1	1.4118E-10
6.0000E+4	1.0000E+0	4.6256E-7	5.0000E+1	1.4147E-10
6.0500E+4	1.0000E+0	4.5573E-7	5.0000E+1	1.4281E-10
6.1000E+4	1.0000E+0	4.5042E-7	5.0000E+1	1.4245E-10
6.1500E+4	1.0000E+0	4.4698E-7	5.0000E+1	1.4222E-10
6.2000E+4	1.0000E+0	4.4429E-7	5.0000E+1	1.4005E-10
6.2500E+4	1.0000E+0	4.4001E-7	5.0000E+1	1.4241E-10
6.3000E+4	1.0000E+0	4.3617E-7	5.0000E+1	1.4223E-10
6.3500E+4	1.0000E+0	4.2828E-7	5.0000E+1	1.4207E-10
6.4000E+4	1.0000E+0	4.2330E-7	5.0000E+1	1.4083E-10
6.4500E+4	1.0000E+0	4.1814E-7	5.0000E+1	1.4302E-10
6.5000E+4	1.0000E+0	4.1484E-7	5.0000E+1	1.4104E-10
6.5500E+4	1.0000E+0	4.0798E-7	5.0000E+1	1.4153E-10
6.6000E+4	1.0000E+0	4.0438E-7	5.0000E+1	1.4199E-10
6.6500E+4	1.0000E+0	3.9864E-7	5.0000E+1	1.4153E-10
6.7000E+4	1.0000E+0	3.9473E-7	5.0000E+1	1.4245E-10
6.7500E+4	1.0000E+0	3.9021E-7	5.0000E+1	1.4212E-10
6.8000E+4	1.0000E+0	3.8447E-7	5.0000E+1	1.4219E-10
6.8500E+4	1.0000E+0	3.7867E-7	5.0000E+1	1.4062E-10
6.9000E+4	1.0000E+0	3.7328E-7	5.0000E+1	1.4193E-10
6.9500E+4	1.0000E+0	3.6920E-7	5.0000E+1	1.4119E-10
7.0000E+4	1.0000E+0	3.6787E-7	5.0000E+1	1.4027E-10
7.0500E+4	1.0000E+0	3.6034E-7	5.0000E+1	1.3993E-10
7.1000E+4	1.0000E+0	3.5650E-7	5.0000E+1	1.3974E-10
7.1500E+4	1.0000E+0	3.5277E-7	5.0000E+1	1.4018E-10
7.2000E+4	1.0000E+0	3.4879E-7	5.0000E+1	1.4080E-10
7.2500E+4	1.0000E+0	3.4724E-7	5.0000E+1	1.4153E-10
7.3000E+4	1.0000E+0	3.4179E-7	5.0000E+1	1.4066E-10
7.3500E+4	1.0000E+0	3.3844E-7	5.0000E+1	1.3966E-10
7.4000E+4	1.0000E+0	3.3455E-7	5.0000E+1	1.4084E-10
7.4500E+4	1.0000E+0	3.3024E-7	5.0000E+1	1.3976E-10
7.5000E+4	1.0000E+0	3.2686E-7	5.0000E+1	1.4008E-10
7.5500E+4	1.0000E+0	3.2264E-7	5.0000E+1	1.4152E-10
7.6000E+4	1.0000E+0	3.1746E-7	5.0000E+1	1.4108E-10
7.6500E+4	1.0000E+0	3.1333E-7	5.0000E+1	1.4118E-10
7.7000E+4	1.0000E+0	3.1094E-7	5.0000E+1	1.4132E-10
7.7500E+4	1.0000E+0	3.0767E-7	5.0000E+1	1.3964E-10
7.8000E+4	1.0000E+0	3.0333E-7	5.0000E+1	1.4084E-10
7.8500E+4	1.0000E+0	3.0011E-7	5.0000E+1	1.4003E-10
7.9000E+4	1.0000E+0	2.9664E-7	5.0000E+1	1.4071E-10
7.9500E+4	1.0000E+0	2.9213E-7	5.0000E+1	1.4003E-10
8.0000E+4	1.0000E+0	2.8707E-7	5.0000E+1	1.4067E-10
8.0500E+4	1.0000E+0	2.8488E-7	5.0000E+1	1.4064E-10
8.1000E+4	1.0000E+0	2.7904E-7	5.0000E+1	1.4057E-10
8.1500E+4	1.0000E+0	2.7562E-7	5.0000E+1	1.4115E-10
8.2000E+4	1.0000E+0	2.7071E-7	5.0000E+1	1.4135E-10
8.2500E+4	1.0000E+0	2.6800E-7	5.0000E+1	1.4061E-10
8.3000E+4	1.0000E+0	2.6490E-7	5.0000E+1	1.4155E-10
8.3500E+4	1.0000E+0	2.6176E-7	5.0000E+1	1.4069E-10
8.4000E+4	1.0000E+0	2.5750E-7	5.0000E+1	1.4128E-10
8.4500E+4	1.0000E+0	2.5415E-7	5.0000E+1	1.4155E-10
8.5000E+4	1.0000E+0	2.5020E-7	5.0000E+1	1.4104E-10
8.5500E+4	1.0000E+0	2.4728E-7	5.0000E+1	1.4142E-10
8.6000E+4	1.0000E+0	2.4384E-7	5.0000E+1	1.4101E-10
8.6500E+4	1.0000E+0	2.4179E-7	5.0000E+1	1.4050E-10
8.7000E+4	1.0000E+0	2.3893E-7	5.0000E+1	1.4073E-10
8.7500E+4	1.0000E+0	2.3579E-7	5.0000E+1	1.4027E-10
8.8000E+4	1.0000E+0	2.3310E-7	5.0000E+1	1.4111E-10
8.8500E+4	1.0000E+0	2.3025E-7	5.0000E+1	1.4025E-10
8.9000E+4	1.0000E+0	2.2645E-7	5.0000E+1	1.4063E-10
8.9500E+4	1.0000E+0	2.2366E-7	5.0000E+1	1.4068E-10
9.0000E+4	1.0000E+0	2.2133E-7	5.0000E+1	1.4025E-10
9.0500E+4	1.0000E+0	2.1868E-7	5.0000E+1	1.3942E-10
9.1000E+4	1.0000E+0	2.1498E-7	5.0000E+1	1.4092E-10
9.1500E+4	1.0000E+0	2.1272E-7	5.0000E+1	1.4079E-10
9.2000E+4	1.0000E+0	2.0936E-7	5.0000E+1	1.4071E-10
9.2500E+4	1.0000E+0	2.0674E-7	5.0000E+1	1.3954E-10
9.3000E+4	1.0000E+0	2.0332E-7	5.0000E+1	1.4138E-10
9.3500E+4	1.0000E+0	1.9997E-7	5.0000E+1	1.4136E-10
9.4000E+4	1.0000E+0	1.9670E-7	5.0000E+1	1.3986E-10
9.4500E+4	1.0000E+0	1.9319E-7	5.0000E+1	1.3946E-10
9.5000E+4	1.0000E+0	1.8971E-7	5.0000E+1	1.4095E-10
9.5500E+4	1.0000E+0	1.8733E-7	5.0000E+1	1.4063E-10
9.6000E+4	1.0000E+0	1.8429E-7	5.0000E+1	1.4060E-10
9.6500E+4	1.0000E+0	1.8145E-7	5.0000E+1	1.3963E-10
9.7000E+4	1.0000E+0	1.7911E-7	5.0000E+1	1.4066E-10
9.7500E+4	1.0000E+0	1.7639E-7	5.0000E+1	1.4178E-10
9.8000E+4	1.0000E+0	1.7334E-7	5.0000E+1	1.4021E-10
9.8500E+4	1.0000E+0	1.7048E-7	5.0000E+1	1.3957E-10
9.9000E+4	1.0000E+0	1.6825E-7	5.0000E+1	1.4046E-10
9.9500E+4	1.0000E+0	1.6485E-7	5.0000E+1	1.3976E-10
1.0000E+5	1.0000E+0	1.6218E-7	5.0000E+1	1.4067E-10
1.0050E+5	1.0000E+0	1.6020E-7	5.0000E+1	1.4125E-10
1.0100E+5	1.0000E+0	1.5783E-7	5.0000E+1	1.4179E-10
1.0150E+5	1.0000E+0	1.5535E-7	5.0000E+1	1.4137E-10
1.0200E+5	1.0000E+0	1.5315E-7	5.0000E+1	1.4051E-10
1.0250E+5	1.0000E+0	1.5108E-7	5.0000E+1	1.3996E-10
1.0300E+5	1.0000E+0	1.4905E-7	5.0000E+1	1.4127E-10
1.0350E+5	1.0000E+0	1.4656E-7	5.0000E+1	1.4188E-10
1.0400E+5	1.0000E+0	1.4452E-7	5.0000E+1	1.4010E-10
1.0450E+5	1.0000E+0	1.4306E-7	5.0000E+1	1.4080E-10
1.0500E+5	1.0000E+0	1.4105E-7	5.0000E+1	1.4095E-10
1.0550E+5	1.0000E+0	1.3846E-7	5.0000E+1	1.4132E-10
1.0600E+5	1.0000E+0	1.3558E-7	5.0000E+1	1.4126E-10
1.0650E+5	1.0000E+0	1.3470E-7	5.0000E+1	1.4106E-10
1.0700E+5	1.0000E+0	1.3263E-7	5.0000E+1	1.4019E-10
1.0750E+5	1.0000E+0	1.3094E-7	5.0000E+1	1.4084E-10
1.0800E+5	1.0000E+0	1.2849E-7	5.0000E+1	1.4141E-10
1.0850E+5	1.0000E+0	1.2674E-7	5.0000E+1	1.4080E-10
1.0900E+5	1.0000E+0	1.2549E-7	5.0000E+1	1.4167E-10
1.0950E+5	1.0000E+0	1.2320E-7	5.0000E+1	1.4052E-10
1.1000E+5	1.0000E+0	1.2092E-7	5.0000E+1	1.4098E-10
1.1050E+5	1.0000E+0	1.1915E-7	5.0000E+1	1.4062E-10
1.1100E+5	1.0000E+0	1.1764E-7	5.0000E+1	1.4034E-10
1.1150E+5	1.0000E+0	1.1652E-7	5.0000E+1	1.4162E-10
1.1200E+5	1.0000E+0	1.1503E-7	5.0000E+1	1.4041E-10
1.1250E+5	1.0000E+0	1.1258E-7	5.0000E+1	1.4181E-10
1.1300E+5	1.0000E+0	1.1062E-7	5.0000E+1	1.3946E-10
1.1350E+5	1.0000E+0	1.0919E-7	5.0000E+1	1.4028E-10
1.1400E+5	1.0000E+0	1.0750E-7	5.0000E+1	1.4011E-10
1.1450E+5	1.0000E+0	1.0586E-7	5.0000E+1	1.3956E-10
1.1500E+5	1.0000E+0	1.0409E-7	5.0000E+1	1.4002E-10
1.1550E+5	1.0000E+0	1.0193E-7	5.0000E+1	1.3969E-10
1.1600E+5	1.0000E+0	1.0075E-7	5.0000E+1	1.3972E-10
1.1650E+5	1.0000E+0	9.9410E-8	5.0000E+1	1.4115E-10
1.1700E+5	1.0000E+0	9.7937E-8	5.0000E+1	1.3962E-10
1.1750E+5	1.0000E+0	9.6648E-8	5.0000E+1	1.4133E-10
1.1800E+5	1.0000E+0	9.5548E-8	5.0000E+1	1.4009E-10
1.1850E+5	1.0000E+0	9.3957E-8	5.0000E+1	1.4035E-10
1.1900E+5	1.0000E+0	9.3225E-8	5.0000E+1	1.4021E-10
1.1950E+5	1.0000E+0	9.1598E-8	5.0000E+1	1.3981E-10
1.2000E+5	1.0000E+0	9.0035E-8	5.0000E+1	1.4089E-10
1.2050E+5	1.0000E+0	8.8480E-8	5.0000E+1	1.4069E-10
1.2100E+5	1.0000E+0	8.6742E-8	5.0000E+1	1.4134E-10
1.2150E+5	1.0000E+0	8.5452E-8	5.0000E+1	1.3975E-10
1.2200E+5	1.0000E+0	8.4512E-8	5.0000E+1	1.3984E-10
1.2250E+5	1.0000E+0	8.3493E-8	5.0000E+1	1.4078E-10
1.2300E+5	1.0000E+0	8.2216E-8	5.0000E+1	1.4075E-10
1.2350E+5	1.0000E+0	8.0809E-8	5.0000E+1	1.3982E-10
1.2400E+5	1.0000E+0	7.9705E-8	5.0000E+1	1.4036E-10
1.2450E+5	1.0000E+0	7.8956E-8	5.0000E+1	1.4039E-10
1.2500E+5	1.0000E+0	7.7774E-8	5.0000E+1	1.4064E-10
1.2550E+5	1.0000E+0	7.6638E-8	5.0000E+1	1.4138E-10
1.2600E+5	1.0000E+0	7.5710E-8	5.0000E+1	1.4033E-10
1.2650E+5	1.0000E+0	7.3871E-8	5.0000E+1	1.3917E-10
1.2700E+5	1.0000E+0	7.3181E-8	5.0000E+1	1.3990E-10
1.2750E+5	1.0000E+0	7.2350E-8	5.0000E+1	1.3986E-10
1.2800E+5	1.0000E+0	7.1327E-8	5.0000E+1	1.4124E-10
1.2850E+5	1.0000E+0	7.0426E-8	5.0000E+1	1.3969E-10
1.2900E+5	1.0000E+0	6.9361E-8	5.0000E+1	1.4196E-10
1.2950E+5	1.0000E+0	6.8388E-8	5.0000E+1	1.4112E-10
1.3000E+5	1.0000E+0	6.7259E-8	5.0000E+1	1.4044E-10
1.3050E+5	1.0000E+0	6.6559E-8	5.0000E+1	1.4128E-10
1.3100E+5	1.0000E+0	6.5003E-8	5.0000E+1	1.4023E-10
1.3150E+5	1.0000E+0	6.3895E-8	5.0000E+1	1.3947E-10
1.3200E+5	1.0000E+0	6.2735E-8	5.0000E+1	1.4162E-10
1.3250E+5	1.0000E+0	6.1326E-8	5.0000E+1	1.4103E-10
1.3300E+5	1.0000E+0	6.0819E-8	5.0000E+1	1.4129E-10
1.3350E+5	1.0000E+0	6.0301E-8	5.0000E+1	1.4041E-10
1.3400E+5	1.0000E+0	5.9525E-8	5.0000E+1	1.4086E-10
1.3450E+5	1.0000E+0	5.8653E-8	5.0000E+1	1.3994E-10
1.3500E+5	1.0000E+0	5.7626E-8	5.0000E+1	1.3978E-10
1.3550E+5	1.0000E+0	5.6945E-8	5.0000E+1	1.3987E-10
1.3600E+5	1.0000E+0	5.6275E-8	5.0000E+1	1.3974E-10
1.3650E+5	1.0000E+0	5.5453E-8	5.0000E+1	1.4120E-10
1.3700E+5	1.0000E+0	5.4709E-8	5.0000E+1	1.4008E-10
1.3750E+5	1.0000E+0	5.3353E-8	5.0000E+1	1.4000E-10
1.3800E+5	1.0000E+0	5.2529E-8	5.0000E+1	1.4037E-10
1.3850E+5	1.0000E+0	5.2155E-8	5.0000E+1	1.4139E-10
1.3900E+5	1.0000E+0	5.1152E-8	5.0000E+1	1.4246E-10
1.3950E+5	1.0000E+0	5.0374E-8	5.0000E+1	1.4111E-10
1.4000E+5	1.0000E+0	4.9612E-8	5.0000E+1	1.3982E-10
1.4050E+5	1.0000E+0	4.8776E-8	5.0000E+1	1.3938E-10
1.4100E+5	1.0000E+0	4.8083E-8	5.0000E+1	1.4000E-10
1.4150E+5	1.0000E+0	4.7665E-8	5.0000E+1	1.3990E-10
1.4200E+5	1.0000E+0	4.6857E-8	5.0000E+1	1.4121E-10
1.4250E+5	1.0000E+0	4.6207E-8	5.0000E+1	1.3960E-10
1.4300E+5	1.0000E+0	4.5439E-8	5.0000E+1	1.4009E-10
1.4350E+5	1.0000E+0	4.5136E-8	5.0000E+1	1.4037E-10
1.4400E+5	1.0000E+0	4.4291E-8	5.0000E+1	1.4006E-10
1.4450E+5	1.0000E+0	4.3979E-8	5.0000E+1	1.4005E-10
1.4500E+5	1.0000E+0	4.3181E-8	5.0000E+1	1.4015E-10
1.4550E+5	1.0000E+0	4.2525E-8	5.0000E+1	1.4064E-10
1.4600E+5	1.0000E+0	4.1615E-8	5.0000E+1	1.4258E-10
1.4650E+5	1.0000E+0	4.1220E-8	5.0000E+1	1.4119E-10
1.4700E+5	1.0000E+0	4.0664E-8	5.0000E+1	1.4061E-10
1.4750E+5	1.0000E+0	4.0180E-8	5.0000E+1	1.4085E-10
1.4800E+5	1.0000E+0	3.9654E-8	5.0000E+1	1.4147E-10
1.4850E+5	1.0000E+0	3.8960E-8	5.0000E+1	1.4143E-10
1.4900E+5	1.0000E+0	3.8392E-8	5.0000E+1	1.4203E-10
1.4950E+5	1.0000E+0	3.7852E-8	5.0000E+1	1.4131E-10
1.5000E+5	1.0000E+0	3.7297E-8	5.0000E+1	1.4127E-10
1.5050E+5	1.0000E+0	3.6961E-8	5.0000E+1	1.4115E-10
1.5100E+5	1.0000E+0	3.6505E-8	5.0000E+1	1.4253E-10
1.5150E+5	1.0000E+0	3.5698E-8	5.0000E+1	1.4120E-10
1.5200E+5	1.0000E+0	3.5188E-8	5.0000E+1	1.4172E-10
1.5250E+5	1.0000E+0	3.4967E-8	5.0000E+1	1.4120E-10
1.5300E+5	1.0000E+0	3.4456E-8	5.0000E+1	1.4073E-10
1.5350E+5	1.0000E+0	3.4216E-8	5.0000E+1	1.4081E-10
1.5400E+5	1.0000E+0	3.3693E-8	5.0000E+1	1.4218E-10
1.5450E+5	1.0000E+0	3.3145E-8	5.0000E+1	1.4064E-10
1.5500E+5	1.0000E+0	3.2899E-8	5.0000E+1	1.4113E-10
1.5550E+5	1.0000E+0	3.2317E-8	5.0000E+1	1.4013E-10
1.5600E+5	1.0000E+0	3.1665E-8	5.0000E+1	1.4168E-10
1.5650E+5	1.0000E+0	3.1144E-8	5.0000E+1	1.4212E-10
1.5700E+5	1.0000E+0	3.0677E-8	5.0000E+1	1.4109E-10
1.5750E+5	1.0000E+0	3.0276E-8	5.0000E+1	1.4075E-10
1.5800E+5	1.0000E+0	2.9878E-8	5.0000E+1	1.3982E-10
1.5850E+5	1.0000E+0	2.9373E-8	5.0000E+1	1.4197E-10
1.5900E+5	1.0000E+0	2.9100E-8	5.0000E+1	1.4012E-10
1.5950E+5	1.0000E+0	2.8743E-8	5.0000E+1	1.4150E-10
1.6000E+5	1.0000E+0	2.8439E-8	5.0000E+1	1.4160E-10
1.6050E+5	1.0000E+0	2.8274E-8	5.0000E+1	1.3957E-10
1.6100E+5	1.0000E+0	2.7865E-8	5.0000E+1	1.3993E-10
1.6150E+5	1.0000E+0	2.7409E-8	5.0000E+1	1.4022E-10
1.6200E+5	1.0000E+0	2.7267E-8	5.0000E+1	1.4052E-10
1.6250E+5	1.0000E+0	2.6984E-8	5.0000E+1	1.3907E-10
1.6300E+5	1.0000E+0	2.6462E-8	5.0000E+1	1.3972E-10
1.6350E+5	1.0000E+0	2.6042E-8	5.0000E+1	1.3923E-10
1.6400E+5	1.0000E+0	2.5643E-8	5.0000E+1	1.3916E-10
1.6450E+5	1.0000E+0	2.5195E-8	5.0000E+1	1.3993E-10
1.6500E+5	1.0000E+0	2.4859E-8	5.0000E+1	1.3997E-10
1.6550E+5	1.0000E+0	2.4446E-8	5.0000E+1	1.3917E-10
1.6600E+5	1.0000E+0	2.3991E-8	5.0000E+1	1.3967E-10
1.6650E+5	1.0000E+0	2.3810E-8	5.0000E+1	1.4001E-10
1.6700E+5	1.0000E+0	2.3630E-8	5.0000E+1	1.4106E-10
1.6750E+5	1.0000E+0	2.3150E-8	5.0000E+1	1.4180E-10
1.6800E+5	1.0000E+0	2.2976E-8	5.0000E+1	1.4122E-10
1.6850E+5	1.0000E+0	2.2768E-8	5.0000E+1	1.4022E-10
1.6900E+5	1.0000E+0	2.2459E-8	5.0000E+1	1.3962E-10
1.6950E+5	1.0000E+0	2.2362E-8	5.0000E+1	1.4017E-10
1.7000E+5	1.0000E+0	2.1930E-8	5.0000E+1	1.4100E-10
1.7050E+5	1.0000E+0	2.1496E-8	5.0000E+1	1.3994E-10
1.7100E+5	1.0000E+0	2.1071E-8	5.0000E+1	1.4106E-10
1.7150E+5	1.0000E+0	2.0854E-8	5.0000E+1	1.3951E-10
1.7200E+5	1.0000E+0	2.0593E-8	5.0000E+1	1.3971E-10
1.7250E+5	1.0000E+0	2.0395E-8	5.0000E+1	1.3979E-10
1.7300E+5	1.0000E+0	2.0017E-8	5.0000E+1	1.4171E-10
1.7350E+5	1.0000E+0	1.9844E-8	5.0000E+1	1.4024E-10
1.7400E+5	1.0000E+0	1.9601E-8	5.0000E+1	1.3860E-10
1.7450E+5	1.0000E+0	1.9282E-8	5.0000E+1	1.4062E-10
1.7500E+5	1.0000E+0	1.8985E-8	5.0000E+1	1.3966E-10
1.7550E+5	1.0000E+0	1.8808E-8	5.0000E+1	1.3961E-10
1.7600E+5	1.0000E+0	1.8523E-8	5.0000E+1	1.4114E-10
1.7650E+5	1.0000E+0	1.8324E-8	5.0000E+1	1.4205E-10
1.7700E+5	1.0000E+0	1.8152E-8	5.0000E+1	1.4060E-10
1.7750E+5	1.0000E+0	1.8026E-8	5.0000E+1	1.3926E-10
1.7800E+5	1.0000E+0	1.7763E-8	5.0000E+1	1.4039E-10
1.7850E+5	1.0000E+0	1.7413E-8	5.0000E+1	1.4059E-10
1.7900E+5	1.0000E+0	1.7144E-8	5.0000E+1	1.4138E-10
1.7950E+5	1.0000E+0	1.6763E-8	5.0000E+1	1.3977E-10
1.8000E+5	1.0000E+0	1.6655E-8	5.0000E+1	1.4115E-10
1.8050E+5	1.0000E+0	1.6673E-8	5.0000E+1	1.4146E-10
1.8100E+5	1.0000E+0	1.6433E-8	5.0000E+1	1.4188E-10
1.8150E+5	1.0000E+0	1.5999E-8	5.0000E+1	1.3959E-10
1.8200E+5	1.0000E+0	1.5693E-8	5.0000E+1	1.4124E-10
1.8250E+5	1.0000E+0	1.5625E-8	5.0000E+1	1.4131E-10
1.8300E+5	1.0000E+0	1.5355E-8	5.0000E+1	1.3933E-10
1.8350E+5	1.0000E+0	1.5275E-8	5.0000E+1	1.4032E-10
1.8400E+5	1.0000E+0	1.4983E-8	5.0000E+1	1.3956E-10
1.8450E+5	1.0000E+0	1.4958E-8	5.0000E+1	1.3964E-10
1.8500E+5	1.0000E+0	1.4837E-8	5.0000E+1	1.3965E-10
1.8550E+5	1.0000E+0	1.4674E-8	5.0000E+1	1.4070E-10
1.8600E+5	1.0000E+0	1.4537E-8	5.0000E+1	1.4081E-10
1.8650E+5	1.0000E+0	1.4255E-8	5.0000E+1	1.4113E-10
1.8700E+5	1.0000E+0	1.4158E-8	5.0000E+1	1.4070E-10
1.8750E+5	1.0000E+0	1.4038E-8	5.0000E+1	1.4051E-10
1.8800E+5	1.0000E+0	1.3795E-8	5.0000E+1	1.3975E-10
1.8850E+5	1.0000E+0	1.3639E-8	5.0000E+1	1.4189E-10
1.8900E+5	1.0000E+0	1.3410E-8	5.0000E+1	1.4214E-10
1.8950E+5	1.0000E+0	1.3415E-8	5.0000E+1	1.4038E-10
1.9000E+5	1.0000E+0	1.3085E-8	5.0000E+1	1.4090E-10
1.9050E+5	1.0000E+0	1.2862E-8	5.0000E+1	1.4012E-10
1.9100E+5	1.0000E+0	1.2897E-8	5.0000E+1	1.4061E-10
1.9150E+5	1.0000E+0	1.2717E-8	5.0000E+1	1.4204E-10
1.9200E+5	1.0000E+0	1.2586E-8	5.0000E+1	1.4030E-10
1.9250E+5	1.0000E+0	1.2450E-8	5.0000E+1	1.3975E-10
1.9300E+5	1.0000E+0	1.2242E-8	5.0000E+1	1.4110E-10
1.9350E+5	1.0000E+0	1.2117E-8	5.0000E+1	1.4090E-10
1.9400E+5	1.0000E+0	1.1865E-8	5.0000E+1	1.3996E-10
1.9450E+5	1.0000E+0	1.1734E-8	5.0000E+1	1.4011E-10
1.9500E+5	1.0000E+0	1.1709E-8	5.0000E+1	1.3985E-10
1.9550E+5	1.0000E+0	1.1515E-8	5.0000E+1	1.4094E-10
1.9600E+5	1.0000E+0	1.1340E-8	5.0000E+1	1.4034E-10
1.9650E+5	1.0000E+0	1.1132E-8	5.0000E+1	1.4203E-10
1.9700E+5	1.0000E+0	1.1011E-8	5.0000E+1	1.4182E-10
1.9750E+5	1.0000E+0	1.0903E-8	5.0000E+1	1.4199E-10
1.9800E+5	1.0000E+0	1.0742E-8	5.0000E+1	1.4139E-10
1.9850E+5	1.0000E+0	1.0673E-8	5.0000E+1	1.4326E-10
1.9900E+5	1.0000E+0	1.0592E-8	5.0000E+1	1.4092E-10
1.9950E+5	1.0000E+0	1.0498E-8	5.0000E+1	1.3985E-10
2.0000E+5	1.0000E+0	1.0397E-8	5.0000E+1	1.4052E-10
2.0050E+5	1.0000E+0	1.0276E-8	5.0000E+1	1.4236E-10
2.0100E+5	1.0000E+0	1.0150E-8	5.0000E+1	1.4194E-10
2.0150E+5	1.0000E+0	9.8557E-9	5.0000E+1	1.4039E-10
2.0200E+5	1.0000E+0	9.7862E-9	5.0000E+1	1.4071E-10
2.0250E+5	1.0000E+0	9.6642E-9	5.0000E+1	1.4138E-10
2.0300E+5	1.0000E+0	9.5365E-9	5.0000E+1	1.4004E-10
2.0350E+5	1.0000E+0	9.3936E-9	5.0000E+1	1.3999E-10
2.0400E+5	1.0000E+0	9.2539E-9	5.0000E+1	1.3923E-10
2.0450E+5	1.0000E+0	9.1661E-9	5.0000E+1	1.4241E-10
2.0500E+5	1.0000E+0	9.1308E-9	5.0000E+1	1.4092E-10
2.0550E+5	1.0000E+0	9.1200E-9	5.0000E+1	1.4042E-10
2.0600E+5	1.0000E+0	9.0440E-9	5.0000E+1	1.4007E-10
2.0650E+5	1.0000E+0	8.9666E-9	5.0000E+1	1.3952E-10
2.0700E+5	1.0000E+0	8.9162E-9	5.0000E+1	1.4103E-10
2.0750E+5	1.0000E+0	8.6709E-9	5.0000E+1	1.4025E-10
2.0800E+5	1.0000E+0	8.6559E-9	5.0000E+1	1.4019E-10
2.0850E+5	1.0000E+0	8.5523E-9	5.0000E+1	1.4155E-10
2.0900E+5	1.0000E+0	8.3731E-9	5.0000E+1	1.4084E-10
2.0950E+5	1.0000E+0	8.3268E-9	5.0000E+1	1.4146E-10
2.1000E+5	1.0000E+0	8.2154E-9	5.0000E+1	1.4164E-10
2.1050E+5	1.0000E+0	8.1464E-9	5.0000E+1	1.4049E-10
2.1100E+5	1.0000E+0	8.0795E-9	5.0000E+1	1.4108E-10
2.1150E+5	1.0000E+0	7.9883E-9	5.0000E+1	1.4046E-10
2.1200E+5	1.0000E+0	7.9294E-9	5.0000E+1	1.4211E-10
2.1250E+5	1.0000E+0	7.8345E-9	5.0000E+1	1.4242E-10
2.1300E+5	1.0000E+0	7.6813E-9	5.0000E+1	1.4052E-10
2.1350E+5	1.0000E+0	7.6571E-9	5.0000E+1	1.4103E-10
2.1400E+5	1.0000E+0	7.6263E-9	5.0000E+1	1.4123E-10
2.1450E+5	1.0000E+0	7.4928E-9	5.0000E+1	1.3981E-10
2.1500E+5	1.0000E+0	7.4221E-9	5.0000E+1	1.4022E-10
2.1550E+5	1.0000E+0	7.3022E-9	5.0000E+1	1.4147E-10
2.1600E+5	1.0000E+0	7.3190E-9	5.0000E+1	1.4008E-10
2.1650E+5	1.0000E+0	7.3782E-9	5.0000E+1	1.4115E-10
2.1700E+5	1.0000E+0	7.3875E-9	5.0000E+1	1.4025E-10
2.1750E+5	1.0000E+0	7.3083E-9	5.0000E+1	1.3946E-10
2.1800E+5	1.0000E+0	7.2020E-9	5.0000E+1	1.3961E-10
2.1850E+5	1.0000E+0	7.0674E-9	5.0000E+1	1.4137E-10
2.1900E+5	1.0000E+0	6.9774E-9	5.0000E+1	1.4054E-10
2.1950E+5	1.0000E+0	6.8972E-9	5.0000E+1	1.4098E-10
2.2000E+5	1.0000E+0	6.8543E-9	5.0000E+1	1.4033E-10
2.2050E+5	1.0000E+0	6.7736E-9	5.0000E+1	1.4068E-10
2.2100E+5	1.0000E+0	6.6678E-9	5.0000E+1	1.4210E-10
2.2150E+5	1.0000E+0	6.6266E-9	5.0000E+1	1.4325E-10
2.2200E+5	1.0000E+0	6.6005E-9	5.0000E+1	1.4197E-10
2.2250E+5	1.0000E+0	6.4220E-9	5.0000E+1	1.4224E-10
2.2300E+5	1.0000E+0	6.3624E-9	5.0000E+1	1.4115E-10
2.2350E+5	1.0000E+0	6.2803E-9	5.0000E+1	1.4209E-10
2.2400E+5	1.0000E+0	6.2402E-9	5.0000E+1	1.4127E-10
2.2450E+5	1.0000E+0	6.1868E-9	5.0000E+1	1.4138E-10
2.2500E+5	1.0000E+0	6.1989E-9	5.0000E+1	1.4059E-10
2.2550E+5	1.0000E+0	6.1692E-9	5.0000E+1	1.4126E-10
2.2600E+5	1.0000E+0	6.1088E-9	5.0000E+1	1.4114E-10
2.2650E+5	1.0000E+0	6.0750E-9	5.0000E+1	1.4168E-10
2.2700E+5	1.0000E+0	6.0226E-9	5.0000E+1	1.4147E-10
2.2750E+5	1.0000E+0	5.8931E-9	5.0000E+1	1.4161E-10
2.2800E+5	1.0000E+0	5.8039E-9	5.0000E+1	1.4196E-10
2.2850E+5	1.0000E+0	5.7649E-9	5.0000E+1	1.4204E-10
2.2900E+5	1.0000E+0	5.7408E-9	5.0000E+1	1.4116E-10
2.2950E+5	1.0000E+0	5.6651E-9	5.0000E+1	1.4105E-10
2.3000E+5	1.0000E+0	5.5878E-9	5.0000E+1	1.4074E-10
2.3050E+5	1.0000E+0	5.6157E-9	5.0000E+1	1.4057E-10
2.3100E+5	1.0000E+0	5.5589E-9	5.0000E+1	1.4006E-10
2.3150E+5	1.0000E+0	5.5299E-9	5.0000E+1	1.4007E-10
2.3200E+5	1.0000E+0	5.5117E-9	5.0000E+1	1.4025E-10
2.3250E+5	1.0000E+0	5.4975E-9	5.0000E+1	1.4110E-10
2.3300E+5	1.0000E+0	5.4465E-9	5.0000E+1	1.3988E-10
2.3350E+5	1.0000E+0	5.3491E-9	5.0000E+1	1.4157E-10
2.3400E+5	1.0000E+0	5.3535E-9	5.0000E+1	1.4099E-10
2.3450E+5	1.0000E+0	5.3384E-9	5.0000E+1	1.3997E-10
2.3500E+5	1.0000E+0	5.1806E-9	5.0000E+1	1.4169E-10
2.3550E+5	1.0000E+0	5.1072E-9	5.0000E+1	1.4098E-10
2.3600E+5	1.0000E+0	5.0936E-9	5.0000E+1	1.4183E-10
2.3650E+5	1.0000E+0	5.0132E-9	5.0000E+1	1.4037E-10
2.3700E+5	1.0000E+0	4.9866E-9	5.0000E+1	1.4156E-10
2.3750E+5	1.0000E+0	4.9277E-9	5.0000E+1	1.4135E-10
2.3800E+5	1.0000E+0	4.8975E-9	5.0000E+1	1.4183E-10
2.3850E+5	1.0000E+0	4.8214E-9	5.0000E+1	1.4200E-10
2.3900E+5	1.0000E+0	4.8011E-9	5.0000E+1	1.4187E-10
2.3950E+5	1.0000E+0	4.7815E-9	5.0000E+1	1.4229E-10
2.4000E+5	1.0000E+0	4.7298E-9	5.0000E+1	1.4147E-10
2.4050E+5	1.0000E+0	4.6217E-9	5.0000E+1	1.4098E-10
2.4100E+5	1.0000E+0	4.6593E-9	5.0000E+1	1.4131E-10
2.4150E+5	1.0000E+0	4.5765E-9	5.0000E+1	1.4050E-10
2.4200E+5	1.0000E+0	4.4942E-9	5.0000E+1	1.4151E-10
2.4250E+5	1.0000E+0	4.5073E-9	5.0000E+1	1.4237E-10
2.4300E+5	1.0000E+0	4.4569E-9	5.0000E+1	1.4113E-10
2.4350E+5	1.0000E+0	4.4844E-9	5.0000E+1	1.4093E-10
2.4400E+5	1.0000E+0	4.4393E-9	5.0000E+1	1.4197E-10
2.4450E+5	1.0000E+0	4.4050E-9	5.0000E+1	1.4016E-10
2.4500E+5	1.0000E+0	4.3631E-9	5.0000E+1	1.4168E-10
2.4550E+5	1.0000E+0	4.2916E-9	5.0000E+1	1.4092E-10
2.4600E+5	1.0000E+0	4.2089E-9	5.0000E+1	1.3988E-10
2.4650E+5	1.0000E+0	4.2160E-9	5.0000E+1	1.4145E-10
2.4700E+5	1.0000E+0	4.2135E-9	5.0000E+1	1.4133E-10
2.4750E+5	1.0000E+0	4.1634E-9	5.0000E+1	1.4201E-10
2.4800E+5	1.0000E+0	4.1937E-9	5.0000E+1	1.4098E-10
2.4850E+5	1.0000E+0	4.1308E-9	5.0000E+1	1.4096E-10
2.4900E+5	1.0000E+0	4.1403E-9	5.0000E+1	1.3984E-10
2.4950E+5	1.0000E+0	4.0977E-9	5.0000E+1	1.4216E-10
2.5000E+5	1.0000E+0	4.0957E-9	5.0000E+1	1.3932E-10
2.5050E+5	1.0000E+0	4.0600E-9	5.0000E+1	1.4080E-10
2.5100E+5	1.0000E+0	3.9972E-9	5.0000E+1	1.4192E-10
2.5150E+5	1.0000E+0	3.9573E-9	5.0000E+1	1.4201E-10
2.5200E+5	1.0000E+0	3.9681E-9	5.0000E+1	1.4103E-10
2.5250E+5	1.0000E+0	3.9449E-9	5.0000E+1	1.4153E-10
2.5300E+5	1.0000E+0	3.8902E-9	5.0000E+1	1.3981E-10
2.5350E+5	1.0000E+0	3.8934E-9	5.0000E+1	1.4030E-10
2.5400E+5	1.0000E+0	3.8937E-9	5.0000E+1	1.4069E-10
2.5450E+5	1.0000E+0	3.8768E-9	5.0000E+1	1.3892E-10
2.5500E+5	1.0000E+0	3.8683E-9	5.0000E+1	1.4023E-10
2.5550E+5	1.0000E+0	3.8519E-9	5.0000E+1	1.3980E-10
2.5600E+5	1.0000E+0	3.8431E-9	5.0000E+1	1.4032E-10
2.5650E+5	1.0000E+0	3.7909E-9	5.0000E+1	1.4073E-10
2.5700E+5	1.0000E+0	3.7640E-9	5.0000E+1	1.4027E-10
2.5750E+5	1.0000E+0	3.6919E-9	5.0000E+1	1.4152E-10
2.5800E+5	1.0000E+0	3.6865E-9	5.0000E+1	1.4045E-10
2.5850E+5	1.0000E+0	3.6793E-9	5.0000E+1	1.4146E-10
2.5900E+5	1.0000E+0	3.6559E-9	5.0000E+1	1.4083E-10
2.5950E+5	1.0000E+0	3.6247E-9	5.0000E+1	1.3985E-10
2.6000E+5	1.0000E+0	3.5422E-9	5.0000E+1	1.4044E-10
2.6050E+5	1.0000E+0	3.5378E-9	5.0000E+1	1.4004E-10
2.6100E+5	1.0000E+0	3.5067E-9	5.0000E+1	1.4189E-10
2.6150E+5	1.0000E+0	3.5655E-9	5.0000E+1	1.4125E-10
2.6200E+5	1.0000E+0	3.5665E-9	5.0000E+1	1.4209E-10
2.6250E+5	1.0000E+0	3.5572E-9	5.0000E+1	1.3980E-10
2.6300E+5	1.0000E+0	3.5244E-9	5.0000E+1	1.4036E-10
2.6350E+5	1.0000E+0	3.4727E-9	5.0000E+1	1.4181E-10
2.6400E+5	1.0000E+0	3.4357E-9	5.0000E+1	1.4115E-10
2.6450E+5	1.0000E+0	3.3911E-9	5.0000E+1	1.4040E-10
2.6500E+5	1.0000E+0	3.3910E-9	5.0000E+1	1.4068E-10
2.6550E+5	1.0000E+0	3.3995E-9	5.0000E+1	1.4059E-10
2.6600E+5	1.0000E+0	3.3614E-9	5.0000E+1	1.4079E-10
2.6650E+5	1.0000E+0	3.3381E-9	5.0000E+1	1.4181E-10
2.6700E+5	1.0000E+0	3.3289E-9	5.0000E+1	1.4059E-10
2.6750E+5	1.0000E+0	3.3209E-9	5.0000E+1	1.4219E-10
2.6800E+5	1.0000E+0	3.2770E-9	5.0000E+1	1.4095E-10
2.6850E+5	1.0000E+0	3.2867E-9	5.0000E+1	1.4029E-10
2.6900E+5	1.0000E+0	3.2401E-9	5.0000E+1	1.4027E-10
2.6950E+5	1.0000E+0	3.2144E-9	5.0000E+1	1.4122E-10
2.7000E+5	1.0000E+0	3.2158E-9	5.0000E+1	1.4108E-10
2.7050E+5	1.0000E+0	3.1708E-9	5.0000E+1	1.4044E-10
2.7100E+5	1.0000E+0	3.1478E-9	5.0000E+1	1.4050E-10
2.7150E+5	1.0000E+0	3.1284E-9	5.0000E+1	1.4034E-10
2.7200E+5	1.0000E+0	3.0998E-9	5.0000E+1	1.4143E-10
2.7250E+5	1.0000E+0	3.0760E-9	5.0000E+1	1.4225E-10
2.7300E+5	1.0000E+0	3.0410E-9	5.0000E+1	1.4006E-10
2.7350E+5	1.0000E+0	3.0834E-9	5.0000E+1	1.3915E-10
2.7400E+5	1.0000E+0	3.0398E-9	5.0000E+1	1.4204E-10
2.7450E+5	1.0000E+0	2.9706E-9	5.0000E+1	1.4127E-10
2.7500E+5	1.0000E+0	2.9739E-9	5.0000E+1	1.4014E-10
2.7550E+5	1.0000E+0	2.9794E-9	5.0000E+1	1.3960E-10
2.7600E+5	1.0000E+0	2.9776E-9	5.0000E+1	1.4023E-10
2.7650E+5	1.0000E+0	2.9679E-9	5.0000E+1	1.3994E-10
2.7700E+5	1.0000E+0	2.9634E-9	5.0000E+1	1.4074E-10
2.7750E+5	1.0000E+0	2.9513E-9	5.0000E+1	1.4038E-10
2.7800E+5	1.0000E+0	2.9325E-9	5.0000E+1	1.4013E-10
2.7850E+5	1.0000E+0	2.9373E-9	5.0000E+1	1.3948E-10
2.7900E+5	1.0000E+0	2.9129E-9	5.0000E+1	1.3997E-10
2.7950E+5	1.0000E+0	2.8871E-9	5.0000E+1	1.3983E-10
2.8000E+5	1.0000E+0	2.8459E-9	5.0000E+1	1.3958E-10
2.8050E+5	1.0000E+0	2.8459E-9	5.0000E+1	1.3886E-10
2.8100E+5	1.0000E+0	2.8158E-9	5.0000E+1	1.3964E-10
2.8150E+5	1.0000E+0	2.8178E-9	5.0000E+1	1.4149E-10
2.8200E+5	1.0000E+0	2.8024E-9	5.0000E+1	1.4077E-10
2.8250E+5	1.0000E+0	2.7713E-9	5.0000E+1	1.3984E-10
2.8300E+5	1.0000E+0	2.7951E-9	5.0000E+1	1.4184E-10
2.8350E+5	1.0000E+0	2.7543E-9	5.0000E+1	1.4019E-10
2.8400E+5	1.0000E+0	2.7422E-9	5.0000E+1	1.4115E-10
2.8450E+5	1.0000E+0	2.7338E-9	5.0000E+1	1.4091E-10
2.8500E+5	1.0000E+0	2.7213E-9	5.0000E+1	1.4028E-10
2.8550E+5	1.0000E+0	2.6909E-9	5.0000E+1	1.4049E-10
2.8600E+5	1.0000E+0	2.6615E-9	5.0000E+1	1.4163E-10
2.8650E+5	1.0000E+0	2.6240E-9	5.0000E+1	1.4122E-10
2.8700E+5	1.0000E+0	2.6085E-9	5.0000E+1	1.4184E-10
2.8750E+5	1.0000E+0	2.6059E-9	5.0000E+1	1.4072E-10
2.8800E+5	1.0000E+0	2.5310E-9	5.0000E+1	1.4034E-10
2.8850E+5	1.0000E+0	2.5343E-9	5.0000E+1	1.4033E-10
2.8900E+5	1.0000E+0	2.5305E-9	5.0000E+1	1.4073E-10
2.8950E+5	1.0000E+0	2.4989E-9	5.0000E+1	1.4091E-10
2.9000E+5	1.0000E+0	2.4870E-9	5.0000E+1	1.4016E-10
2.9050E+5	1.0000E+0	2.4555E-9	5.0000E+1	1.4084E-10
2.9100E+5	1.0000E+0	2.4428E-9	5.0000E+1	1.4057E-10
2.9150E+5	1.0000E+0	2.4064E-9	5.0000E+1	1.3983E-10
2.9200E+5	1.0000E+0	2.4247E-9	5.0000E+1	1.4104E-10
2.9250E+5	1.0000E+0	2.4153E-9	5.0000E+1	1.4002E-10
2.9300E+5	1.0000E+0	2.4169E-9	5.0000E+1	1.4220E-10
2.9350E+5	1.0000E+0	2.3985E-9	5.0000E+1	1.4077E-10
2.9400E+5	1.0000E+0	2.3858E-9	5.0000E+1	1.3929E-10
2.9450E+5	1.0000E+0	2.4122E-9	5.0000E+1	1.4075E-10
2.9500E+5	1.0000E+0	2.3857E-9	5.0000E+1	1.3912E-10
2.9550E+5	1.0000E+0	2.3717E-9	5.0000E+1	1.4116E-10
2.9600E+5	1.0000E+0	2.3359E-9	5.0000E+1	1.4046E-10
2.9650E+5	1.0000E+0	2.3217E-9	5.0000E+1	1.4118E-10
2.9700E+5	1.0000E+0	2.2975E-9	5.0000E+1	1.4008E-10
2.9750E+5	1.0000E+0	2.3262E-9	5.0000E+1	1.4052E-10
2.9800E+5	1.0000E+0	2.2645E-9	5.0000E+1	1.4036E-10
2.9850E+5	1.0000E+0	2.2239E-9	5.0000E+1	1.4172E-10
2.9900E+5	1.0000E+0	2.1976E-9	5.0000E+1	1.4153E-10
2.9950E+5	1.0000E+0	2.2078E-9	5.0000E+1	1.4133E-10
3.0000E+5	1.0000E+0	2.1854E-9	5.0000E+1	1.4177E-10
3.0050E+5	1.0000E+0	2.1596E-9	5.0000E+1	1.4201E-10
3.0100E+5	1.0000E+0	2.1419E-9	5.0000E+1	1.4161E-10
3.0150E+5	1.0000E+0	2.1292E-9	5.0000E+1	1.4185E-10
3.0200E+5	1.0000E+0	2.1395E-9	5.0000E+1	1.4169E-10
3.0250E+5	1.0000E+0	2.1349E-9	5.0000E+1	1.4136E-10
3.0300E+5	1.0000E+0	2.1121E-9	5.0000E+1	1.4219E-10
3.0350E+5	1.0000E+0	2.1181E-9	5.0000E+1	1.4296E-10
3.0400E+5	1.0000E+0	2.1313E-9	5.0000E+1	1.4162E-10
3.0450E+5	1.0000E+0	2.1141E-9	5.0000E+1	1.4047E-10
3.0500E+5	1.0000E+0	2.1070E-9	5.0000E+1	1.4019E-10
3.0550E+5	1.0000E+0	2.1005E-9	5.0000E+1	1.4064E-10
3.0600E+5	1.0000E+0	2.0933E-9	5.0000E+1	1.4004E-10
3.0650E+5	1.0000E+0	2.0828E-9	5.0000E+1	1.4083E-10
3.0700E+5	1.0000E+0	2.0530E-9	5.0000E+1	1.4271E-10
3.0750E+5	1.0000E+0	2.0143E-9	5.0000E+1	1.4069E-10
3.0800E+5	1.0000E+0	2.0151E-9	5.0000E+1	1.3985E-10
3.0850E+5	1.0000E+0	2.0103E-9	5.0000E+1	1.4059E-10
3.0900E+5	1.0000E+0	2.0296E-9	5.0000E+1	1.4064E-10
3.0950E+5	1.0000E+0	1.9953E-9	5.0000E+1	1.4032E-10
3.1000E+5	1.0000E+0	4.0684E-9	5.0000E+1	2.0039E-8
3.1050E+5	1.0000E+0	4.0413E-9	5.0000E+1	2.0104E-8
3.1100E+5	1.0000E+0	4.2158E-9	5.0000E+1	2.0125E-8
3.1150E+5	1.0000E+0	4.1905E-9	5.0000E+1	2.0136E-8
3.1200E+5	1.0000E+0	4.1715E-9	5.0000E+1	2.0137E-8
3.1250E+5	1.0000E+0	4.2307E-9	5.0000E+1	2.0135E-8
3.1300E+5	1.0000E+0	4.2427E-9	5.0000E+1	2.0132E-8
3.1350E+5	1.0000E+0	4.3579E-9	5.0000E+1	2.0122E-8
3.1400E+5	1.0000E+0	4.2075E-9	5.0000E+1	2.0117E-8
3.1450E+5	1.0000E+0	4.2113E-9	5.0000E+1	2.0109E-8
3.1500E+5	1.0000E+0	4.1148E-9	5.0000E+1	2.0098E-8
3.1550E+5	1.0000E+0	4.1918E-9	5.0000E+1	2.0089E-8
3.1600E+5	1.0000E+0	4.1083E-9	5.0000E+1	2.0084E-8
3.1650E+5	1.0000E+0	4.0088E-9	5.0000E+1	2.0071E-8
3.1700E+5	1.0000E+0	3.8216E-9	5.0000E+1	2.0066E-8
3.1750E+5	1.0000E+0	3.7790E-9	5.0000E+1	2.0055E-8
3.1800E+5	1.0000E+0	3.7568E-9	5.0000E+1	2.0051E-8
3.1850E+5	1.0000E+0	3.7689E-9	5.0000E+1	2.0039E-8
3.1900E+5	1.0000E+0	3.6652E-9	5.0000E+1	2.0038E-8
3.1950E+5	1.0000E+0	3.6405E-9	5.0000E+1	2.0034E-8
3.2000E+5	1.0000E+0	2.5088E-9	5.0000E+1	4.9905E-10
3.2050E+5	1.0000E+0	2.2288E-9	5.0000E+1	1.4162E-10
3.2100E+5	1.0000E+0	2.1359E-9	5.0000E+1	1.3591E-10
3.2150E+5	1.0000E+0	2.0555E-9	5.0000E+1	1.3758E-10
3.2200E+5	1.0000E+0	2.0134E-9	5.0000E+1	1.3943E-10
3.2250E+5	1.0000E+0	1.9683E-9	5.0000E+1	1.4058E-10
3.2300E+5	1.0000E+0	1.9474E-9	5.0000E+1	1.4344E-10
3.2350E+5	1.0000E+0	1.9134E-9	5.0000E+1	1.4236E-10
3.2400E+5	1.0000E+0	1.9034E-9	5.0000E+1	1.4409E-10
3.2450E+5	1.0000E+0	1.8592E-9	5.0000E+1	1.4211E-10
3.2500E+5	1.0000E+0	1.8585E-9	5.0000E+1	1.4209E-10
3.2550E+5	1.0000E+0	1.8151E-9	5.0000E+1	1.4274E-10
3.2600E+5	1.0000E+0	1.8161E-9	5.0000E+1	1.4272E-10
3.2650E+5	1.0000E+0	1.8034E-9	5.0000E+1	1.4432E-10
3.2700E+5	1.0000E+0	1.7928E-9	5.0000E+1	1.4378E-10
3.2750E+5	1.0000E+0	1.7952E-9	5.0000E+1	1.4226E-10
3.2800E+5	1.0000E+0	1.7908E-9	5.0000E+1	1.4301E-10
3.2850E+5	1.0000E+0	1.8026E-9	5.0000E+1	1.4495E-10
3.2900E+5	1.0000E+0	1.7533E-9	5.0000E+1	1.4497E-10
3.2950E+5	1.0000E+0	1.7480E-9	5.0000E+1	1.4322E-10
3.3000E+5	1.0000E+0	3.1605E-9	5.0000E+1	2.0237E-8
3.3050E+5	1.0000E+0	3.1188E-9	5.0000E+1	2.0218E-8
3.3100E+5	1.0000E+0	3.0888E-9	5.0000E+1	2.0213E-8
3.3150E+5	1.0000E+0	3.1087E-9	5.0000E+1	2.0197E-8
3.3200E+5	1.0000E+0	3.0714E-9	5.0000E+1	2.0183E-8
3.3250E+5	1.0000E+0	3.1076E-9	5.0000E+1	2.0171E-8
3.3300E+5	1.0000E+0	3.0115E-9	5.0000E+1	2.0155E-8
3.3350E+5	1.0000E+0	3.0050E-9	5.0000E+1	2.0147E-8
3.3400E+5	1.0000E+0	2.9892E-9	5.0000E+1	2.0132E-8
3.3450E+5	1.0000E+0	2.9530E-9	5.0000E+1	2.0127E-8
3.3500E+5	1.0000E+0	2.9003E-9	5.0000E+1	2.0114E-8
3.3550E+5	1.0000E+0	2.8987E-9	5.0000E+1	2.0102E-8
3.3600E+5	1.0000E+0	2.8305E-9	5.0000E+1	2.0086E-8
3.3650E+5	1.0000E+0	2.7543E-9	5.0000E+1	2.0075E-8
3.3700E+5	1.0000E+0	2.7557E-9	5.0000E+1	2.0061E-8
3.3750E+5	1.0000E+0	2.7653E-9	5.0000E+1	2.0048E-8
3.3800E+5	1.0000E+0	2.6884E-9	5.0000E+1	2.0039E-8
3.3850E+5	1.0000E+0	2.7065E-9	5.0000E+1	2.0039E-8
3.3900E+5	1.0000E+0	2.6875E-9	5.0000E+1	2.0031E-8
3.3950E+5	1.0000E+0	2.6393E-9	5.0000E+1	2.0029E-8
3.4000E+5	1.0000E+0	1.8422E-9	5.0000E+1	1.0705E-9
3.4050E+5	1.0000E+0	1.6155E-9	5.0000E+1	1.4309E-10
3.4100E+5	1.0000E+0	1.5321E-9	5.0000E+1	1.3683E-10
3.4150E+5	1.0000E+0	1.4905E-9	5.0000E+1	1.3783E-10
3.4200E+5	1.0000E+0	1.4789E-9	5.0000E+1	1.3858E-10
3.4250E+5	1.0000E+0	1.4581E-9	5.0000E+1	1.3891E-10
3.4300E+5	1.0000E+0	1.4398E-9	5.0000E+1	1.3981E-10
3.4351E+5	1.0000E+0	1.4439E-9	5.0000E+1	1.3941E-10
3.4400E+5	1.0000E+0	1.4307E-9	5.0000E+1	1.4028E-10
3.4450E+5	1.0000E+0	1.4208E-9	5.0000E+1	1.4079E-10
3.4500E+5	1.0000E+0	1.4151E-9	5.0000E+1	1.3998E-10
3.4550E+5	1.0000E+0	1.3897E-9	5.0000E+1	1.4202E-10
3.4600E+5	1.0000E+0	1.3840E-9	5.0000E+1	1.4168E-10
3.4650E+5	1.0000E+0	1.3718E-9	5.0000E+1	1.4157E-10
3.4700E+5	1.0000E+0	1.3891E-9	5.0000E+1	1.4284E-10
3.4750E+5	1.0000E+0	1.3954E-9	5.0000E+1	1.4216E-10
3.4800E+5	1.0000E+0	1.3906E-9	5.0000E+1	1.4207E-10
3.4850E+5	1.0000E+0	1.3878E-9	5.0000E+1	1.4305E-10
3.4900E+5	1.0000E+0	1.3822E-9	5.0000E+1	1.4237E-10
3.4950E+5	1.0000E+0	1.3854E-9	5.0000E+1	1.4258E-10
3.5000E+5	1.0000E+0	2.5487E-9	5.0000E+1	2.0231E-8
3.5050E+5	1.0000E+0	2.5714E-9	5.0000E+1	2.0176E-8
3.5100E+5	1.0000E+0	2.6379E-9	5.0000E+1	2.0169E-8
3.5150E+5	1.0000E+0	2.6582E-9	5.0000E+1	2.0158E-8
3.5200E+5	1.0000E+0	2.6959E-9	5.0000E+1	2.0150E-8
3.5250E+5	1.0000E+0	2.6937E-9	5.0000E+1	2.0135E-8
3.5300E+5	1.0000E+0	2.6379E-9	5.0000E+1	2.0126E-8
3.5350E+5	1.0000E+0	2.5736E-9	5.0000E+1	2.0113E-8
3.5400E+5	1.0000E+0	2.5330E-9	5.0000E+1	2.0098E-8
3.5450E+5	1.0000E+0	2.5447E-9	5.0000E+1	2.0087E-8
3.5500E+5	1.0000E+0	2.5379E-9	5.0000E+1	2.0076E-8
3.5550E+5	1.0000E+0	2.5752E-9	5.0000E+1	2.0064E-8
3.5600E+5	1.0000E+0	2.5539E-9	5.0000E+1	2.0052E-8
3.5650E+5	1.0000E+0	2.4983E-9	5.0000E+1	2.0042E-8
3.5700E+5	1.0000E+0	2.4728E-9	5.0000E+1	2.0028E-8
3.5750E+5	1.0000E+0	2.4433E-9	5.0000E+1	2.0017E-8
3.5800E+5	1.0000E+0	2.4389E-9	5.0000E+1	2.0008E-8
3.5850E+5	1.0000E+0	2.4192E-9	5.0000E+1	1.9999E-8
3.5900E+5	1.0000E+0	2.4353E-9	5.0000E+1	1.9991E-8
3.5950E+5	1.0000E+0	2.4487E-9	5.0000E+1	1.9984E-8
3.6000E+5	1.0000E+0	1.7170E-9	5.0000E+1	3.6718E-9
3.6050E+5	1.0000E+0	1.5056E-9	5.0000E+1	1.4775E-10
3.6100E+5	1.0000E+0	1.4207E-9	5.0000E+1	1.3430E-10
3.6150E+5	1.0000E+0	1.3815E-9	5.0000E+1	1.3624E-10
3.6200E+5	1.0000E+0	1.3270E-9	5.0000E+1	1.3741E-10
3.6250E+5	1.0000E+0	1.2908E-9	5.0000E+1	1.3780E-10
3.6300E+5	1.0000E+0	1.2686E-9	5.0000E+1	1.3863E-10
3.6350E+5	1.0000E+0	1.2512E-9	5.0000E+1	1.3972E-10
3.6400E+5	1.0000E+0	1.2494E-9	5.0000E+1	1.4068E-10
3.6450E+5	1.0000E+0	1.2395E-9	5.0000E+1	1.4161E-10
3.6500E+5	1.0000E+0	1.2368E-9	5.0000E+1	1.4164E-10
3.6550E+5	1.0000E+0	1.2230E-9	5.0000E+1	1.3934E-10
3.6600E+5	1.0000E+0	1.2443E-9	5.0000E+1	1.4104E-10
3.6650E+5	1.0000E+0	1.2391E-9	5.0000E+1	1.4069E-10
3.6700E+5	1.0000E+0	1.2453E-9	5.0000E+1	1.4040E-10
3.6750E+5	1.0000E+0	1.2413E-9	5.0000E+1	1.4122E-10
3.6800E+5	1.0000E+0	1.2337E-9	5.0000E+1	1.4005E-10
3.6850E+5	1.0000E+0	1.2407E-9	5.0000E+1	1.4065E-10
3.6900E+5	1.0000E+0	1.2223E-9	5.0000E+1	1.4202E-10
3.6950E+5	1.0000E+0	1.2045E-9	5.0000E+1	1.4094E-10
3.7000E+5	1.0000E+0	2.2139E-9	5.0000E+1	2.0260E-8
3.7050E+5	1.0000E+0	2.2259E-9	5.0000E+1	2.0148E-8
3.7100E+5	1.0000E+0	2.1920E-9	5.0000E+1	2.0145E-8
3.7150E+5	1.0000E+0	2.1475E-9	5.0000E+1	2.0135E-8
3.7200E+5	1.0000E+0	2.1034E-9	5.0000E+1	2.0124E-8
3.7250E+5	1.0000E+0	2.0523E-9	5.0000E+1	2.0115E-8
3.7300E+5	1.0000E+0	2.1055E-9	5.0000E+1	2.0101E-8
3.7350E+5	1.0000E+0	2.1163E-9	5.0000E+1	2.0091E-8
3.7400E+5	1.0000E+0	2.0875E-9	5.0000E+1	2.0080E-8
3.7450E+5	1.0000E+0	2.1364E-9	5.0000E+1	2.0069E-8
3.7500E+5	1.0000E+0	2.0898E-9	5.0000E+1	2.0056E-8
3.7550E+5	1.0000E+0	2.1990E-9	5.0000E+1	2.0044E-8
3.7600E+5	1.0000E+0	2.1415E-9	5.0000E+1	2.0036E-8
3.7650E+5	1.0000E+0	2.1422E-9	5.0000E+1	2.0022E-8
3.7700E+5	1.0000E+0	2.1552E-9	5.0000E+1	2.0010E-8
3.7750E+5	1.0000E+0	2.1161E-9	5.0000E+1	1.9998E-8
3.7800E+5	1.0000E+0	2.1028E-9	5.0000E+1	1.9991E-8
3.7850E+5	1.0000E+0	2.0832E-9	5.0000E+1	1.9985E-8
3.7900E+5	1.0000E+0	2.0357E-9	5.0000E+1	1.9974E-8
3.7950E+5	1.0000E+0	2.0785E-9	5.0000E+1	1.9971E-8
3.8000E+5	1.0000E+0	1.5280E-9	5.0000E+1	6.5132E-9
3.8050E+5	1.0000E+0	1.3683E-9	5.0000E+1	1.4916E-10
3.8100E+5	1.0000E+0	1.3049E-9	5.0000E+1	1.3671E-10
3.8150E+5	1.0000E+0	1.2590E-9	5.0000E+1	1.3761E-10
3.8200E+5	1.0000E+0	1.2235E-9	5.0000E+1	1.3963E-10
3.8250E+5	1.0000E+0	1.2017E-9	5.0000E+1	1.3999E-10
3.8300E+5	1.0000E+0	1.1750E-9	5.0000E+1	1.3892E-10
3.8350E+5	1.0000E+0	1.1633E-9	5.0000E+1	1.4061E-10
3.8400E+5	1.0000E+0	1.1538E-9	5.0000E+1	1.3977E-10
3.8450E+5	1.0000E+0	1.1689E-9	5.0000E+1	1.3999E-10
3.8500E+5	1.0000E+0	1.1587E-9	5.0000E+1	1.4132E-10
3.8550E+5	1.0000E+0	1.1622E-9	5.0000E+1	1.3801E-10
3.8600E+5	1.0000E+0	1.1390E-9	5.0000E+1	1.3167E-10
3.8650E+5	1.0000E+0	1.1350E-9	5.0000E+1	1.2654E-10
3.8700E+5	1.0000E+0	1.1399E-9	5.0000E+1	1.2170E-10
3.8750E+5	1.0000E+0	1.1340E-9	5.0000E+1	1.2042E-10
3.8800E+5	1.0000E+0	1.1313E-9	5.0000E+1	1.2088E-10
3.8850E+5	1.0000E+0	1.1285E-9	5.0000E+1	1.2027E-10
3.8900E+5	1.0000E+0	1.1272E-9	5.0000E+1	1.1911E-10
3.8950E+5	1.0000E+0	1.1372E-9	5.0000E+1	1.2059E-10
3.9000E+5	1.0000E+0	1.1154E-9	5.0000E+1	1.2173E-10
3.9050E+5	1.0000E+0	1.1233E-9	5.0000E+1	1.2092E-10
3.9100E+5	1.0000E+0	1.1262E-9	5.0000E+1	1.2078E-10
3.9150E+5	1.0000E+0	1.1241E-9	5.0000E+1	1.2091E-10
3.9200E+5	1.0000E+0	1.1037E-9	5.0000E+1	1.2093E-10
3.9250E+5	1.0000E+0	1.0910E-9	5.0000E+1	1.2003E-10
3.9300E+5	1.0000E+0	1.1061E-9	5.0000E+1	1.2134E-10
3.9350E+5	1.0000E+0	1.0979E-9	5.0000E+1	1.1948E-10
3.9400E+5	1.0000E+0	1.1123E-9	5.0000E+1	1.2128E-10
3.9450E+5	1.0000E+0	1.0923E-9	5.0000E+1	1.2199E-10
3.9500E+5	1.0000E+0	1.0722E-9	5.0000E+1	1.2172E-10
3.9550E+5	1.0000E+0	1.0675E-9	5.0000E+1	1.2151E-10
3.9600E+5	1.0000E+0	1.0620E-9	5.0000E+1	1.2254E-10
3.9650E+5	1.0000E+0	1.0573E-9	5.0000E+1	1.2190E-10
3.9700E+5	1.0000E+0	1.0406E-9	5.0000E+1	1.2214E-10
3.9750E+5	1.0000E+0	1.0191E-9	5.0000E+1	1.2228E-10
3.9800E+5	1.0000E+0	1.0115E-9	5.0000E+1	1.2308E-10
3.9850E+5	1.0000E+0	1.0064E-9	5.0000E+1	1.2268E-10
3.9900E+5	1.0000E+0	9.8521E-10	5.0000E+1	1.2197E-10
3.9950E+5	1.0000E+0	9.8847E-10	5.0000E+1	1.2041E-10
4.0000E+5	1.0000E+0	9.9544E-10	5.0000E+1	1.2123E-10
4.0050E+5	1.0000E+0	9.7310E-10	5.0000E+1	1.2095E-10
4.0100E+5	1.0000E+0	9.7401E-10	5.0000E+1	1.2102E-10
4.0150E+5	1.0000E+0	9.7212E-10	5.0000E+1	1.2216E-10
4.0200E+5	1.0000E+0	9.6458E-10	5.0000E+1	1.2107E-10
4.0250E+5	1.0000E+0	9.8024E-10	5.0000E+1	1.2136E-10
4.0300E+5	1.0000E+0	9.7474E-10	5.0000E+1	1.2193E-10
4.0350E+5	1.0000E+0	9.6428E-10	5.0000E+1	1.2062E-10
4.0400E+5	1.0000E+0	9.5974E-10	5.0000E+1	1.2083E-10
4.0450E+5	1.0000E+0	9.5365E-10	5.0000E+1	1.2161E-10
4.0500E+5	1.0000E+0	9.5889E-10	5.0000E+1	1.2147E-10
4.0550E+5	1.0000E+0	9.4931E-10	5.0000E+1	1.2068E-10
4.0600E+5	1.0000E+0	9.4846E-10	5.0000E+1	1.1993E-10
4.0650E+5	1.0000E+0	9.5227E-10	5.0000E+1	1.2015E-10
4.0700E+5	1.0000E+0	9.4560E-10	5.0000E+1	1.2010E-10
4.0750E+5	1.0000E+0	9.3092E-10	5.0000E+1	1.2029E-10
4.0800E+5	1.0000E+0	9.3541E-10	5.0000E+1	1.2017E-10
4.0850E+5	1.0000E+0	9.2882E-10	5.0000E+1	1.2066E-10
4.0900E+5	1.0000E+0	9.5571E-10	5.0000E+1	1.2026E-10
4.0950E+5	1.0000E+0	1.8936E-9	5.0000E+1	1.7074E-8
4.1000E+5	1.0000E+0	1.8851E-9	5.0000E+1	1.7066E-8
4.1050E+5	1.0000E+0	1.8818E-9	5.0000E+1	1.7052E-8
4.1100E+5	1.0000E+0	1.8973E-9	5.0000E+1	1.7032E-8
4.1150E+5	1.0000E+0	1.9156E-9	5.0000E+1	1.7019E-8
4.1200E+5	1.0000E+0	1.8805E-9	5.0000E+1	1.7005E-8
4.1250E+5	1.0000E+0	1.8694E-9	5.0000E+1	1.6994E-8
4.1300E+5	1.0000E+0	1.8602E-9	5.0000E+1	1.6982E-8
4.1350E+5	1.0000E+0	1.8407E-9	5.0000E+1	1.6967E-8
4.1400E+5	1.0000E+0	1.9276E-9	5.0000E+1	1.6955E-8
4.1450E+5	1.0000E+0	1.9739E-9	5.0000E+1	1.6942E-8
4.1500E+5	1.0000E+0	1.9186E-9	5.0000E+1	1.6928E-8
4.1550E+5	1.0000E+0	1.9110E-9	5.0000E+1	1.6916E-8
4.1600E+5	1.0000E+0	1.8902E-9	5.0000E+1	1.6910E-8
4.1650E+5	1.0000E+0	1.8934E-9	5.0000E+1	1.6897E-8
4.1700E+5	1.0000E+0	1.8864E-9	5.0000E+1	1.6886E-8
4.1750E+5	1.0000E+0	1.8712E-9	5.0000E+1	1.6879E-8
4.1800E+5	1.0000E+0	1.8314E-9	5.0000E+1	1.6869E-8
4.1850E+5	1.0000E+0	1.8340E-9	5.0000E+1	1.6860E-8
4.1900E+5	1.0000E+0	1.7873E-9	5.0000E+1	1.6847E-8
4.1950E+5	1.0000E+0	1.1918E-9	5.0000E+1	2.9360E-10
4.2000E+5	1.0000E+0	1.0835E-9	5.0000E+1	1.1990E-10
4.2050E+5	1.0000E+0	1.0304E-9	5.0000E+1	1.1383E-10
4.2100E+5	1.0000E+0	9.9364E-10	5.0000E+1	1.1411E-10
4.2150E+5	1.0000E+0	9.7408E-10	5.0000E+1	1.1608E-10
4.2200E+5	1.0000E+0	9.3736E-10	5.0000E+1	1.1783E-10
4.2250E+5	1.0000E+0	9.1912E-10	5.0000E+1	1.1758E-10
4.2300E+5	1.0000E+0	9.0617E-10	5.0000E+1	1.1906E-10
4.2350E+5	1.0000E+0	8.8244E-10	5.0000E+1	1.2028E-10
4.2400E+5	1.0000E+0	8.8837E-10	5.0000E+1	1.1929E-10
4.2450E+5	1.0000E+0	8.8751E-10	5.0000E+1	1.2094E-10
4.2500E+5	1.0000E+0	8.9245E-10	5.0000E+1	1.2113E-10
4.2550E+5	1.0000E+0	8.8772E-10	5.0000E+1	1.2186E-10
4.2600E+5	1.0000E+0	8.8126E-10	5.0000E+1	1.2119E-10
4.2650E+5	1.0000E+0	8.8728E-10	5.0000E+1	1.2126E-10
4.2700E+5	1.0000E+0	8.7901E-10	5.0000E+1	1.2166E-10
4.2750E+5	1.0000E+0	8.6348E-10	5.0000E+1	1.2170E-10
4.2800E+5	1.0000E+0	8.8252E-10	5.0000E+1	1.2095E-10
4.2850E+5	1.0000E+0	8.6672E-10	5.0000E+1	1.2141E-10
4.2900E+5	1.0000E+0	8.6249E-10	5.0000E+1	1.2151E-10
4.2950E+5	1.0000E+0	1.6979E-9	5.0000E+1	1.6954E-8
4.3000E+5	1.0000E+0	1.6761E-9	5.0000E+1	1.6945E-8
4.3050E+5	1.0000E+0	1.6450E-9	5.0000E+1	1.6938E-8
4.3100E+5	1.0000E+0	1.6590E-9	5.0000E+1	1.6926E-8
4.3150E+5	1.0000E+0	1.6615E-9	5.0000E+1	1.6920E-8
4.3200E+5	1.0000E+0	1.6477E-9	5.0000E+1	1.6907E-8
4.3250E+5	1.0000E+0	1.6348E-9	5.0000E+1	1.6894E-8
4.3300E+5	1.0000E+0	1.6083E-9	5.0000E+1	1.6883E-8
4.3350E+5	1.0000E+0	1.6572E-9	5.0000E+1	1.6875E-8
4.3400E+5	1.0000E+0	1.6596E-9	5.0000E+1	1.6865E-8
4.3450E+5	1.0000E+0	1.6136E-9	5.0000E+1	1.6854E-8
4.3500E+5	1.0000E+0	1.6049E-9	5.0000E+1	1.6844E-8
4.3550E+5	1.0000E+0	1.6175E-9	5.0000E+1	1.6831E-8
4.3600E+5	1.0000E+0	1.6150E-9	5.0000E+1	1.6823E-8
4.3650E+5	1.0000E+0	1.6181E-9	5.0000E+1	1.6811E-8
4.3700E+5	1.0000E+0	1.6140E-9	5.0000E+1	1.6805E-8
4.3750E+5	1.0000E+0	1.5830E-9	5.0000E+1	1.6796E-8
4.3800E+5	1.0000E+0	1.5859E-9	5.0000E+1	1.6793E-8
4.3850E+5	1.0000E+0	1.5821E-9	5.0000E+1	1.6785E-8
4.3900E+5	1.0000E+0	1.5740E-9	5.0000E+1	1.6781E-8
4.3950E+5	1.0000E+0	1.0104E-9	5.0000E+1	3.6688E-10
4.4000E+5	1.0000E+0	9.3681E-10	5.0000E+1	1.2363E-10
4.4050E+5	1.0000E+0	8.8840E-10	5.0000E+1	1.1499E-10
4.4100E+5	1.0000E+0	8.6015E-10	5.0000E+1	1.1577E-10
4.4150E+5	1.0000E+0	8.3195E-10	5.0000E+1	1.1580E-10
4.4200E+5	1.0000E+0	8.2490E-10	5.0000E+1	1.1671E-10
4.4250E+5	1.0000E+0	8.2874E-10	5.0000E+1	1.1714E-10
4.4300E+5	1.0000E+0	8.2637E-10	5.0000E+1	1.1778E-10
4.4350E+5	1.0000E+0	8.2184E-10	5.0000E+1	1.1792E-10
4.4400E+5	1.0000E+0	8.1943E-10	5.0000E+1	1.1905E-10
4.4450E+5	1.0000E+0	8.0196E-10	5.0000E+1	1.2110E-10
4.4500E+5	1.0000E+0	7.9988E-10	5.0000E+1	1.1993E-10
4.4550E+5	1.0000E+0	8.0601E-10	5.0000E+1	1.2112E-10
4.4600E+5	1.0000E+0	8.0721E-10	5.0000E+1	1.2043E-10
4.4650E+5	1.0000E+0	7.9873E-10	5.0000E+1	1.2014E-10
4.4700E+5	1.0000E+0	7.9679E-10	5.0000E+1	1.2165E-10
4.4750E+5	1.0000E+0	7.8811E-10	5.0000E+1	1.2102E-10
4.4800E+5	1.0000E+0	7.8139E-10	5.0000E+1	1.2122E-10
4.4850E+5	1.0000E+0	7.8196E-10	5.0000E+1	1.2055E-10
4.4900E+5	1.0000E+0	7.7433E-10	5.0000E+1	1.2015E-10
4.4950E+5	1.0000E+0	1.5908E-9	5.0000E+1	1.6895E-8
4.5000E+5	1.0000E+0	1.5405E-9	5.0000E+1	1.6879E-8
4.5050E+5	1.0000E+0	1.5267E-9	5.0000E+1	1.6873E-8
4.5100E+5	1.0000E+0	1.4889E-9	5.0000E+1	1.6860E-8
4.5150E+5	1.0000E+0	1.4955E-9	5.0000E+1	1.6853E-8
4.5200E+5	1.0000E+0	1.5127E-9	5.0000E+1	1.6842E-8
4.5250E+5	1.0000E+0	1.5531E-9	5.0000E+1	1.6831E-8
4.5300E+5	1.0000E+0	1.5108E-9	5.0000E+1	1.6822E-8
4.5350E+5	1.0000E+0	1.5306E-9	5.0000E+1	1.6809E-8
4.5400E+5	1.0000E+0	1.6375E-9	5.0000E+1	1.6803E-8
4.5450E+5	1.0000E+0	1.6981E-9	5.0000E+1	1.6788E-8
4.5500E+5	1.0000E+0	1.7420E-9	5.0000E+1	1.6779E-8
4.5550E+5	1.0000E+0	1.7232E-9	5.0000E+1	1.6769E-8
4.5600E+5	1.0000E+0	1.6859E-9	5.0000E+1	1.6760E-8
4.5650E+5	1.0000E+0	1.6667E-9	5.0000E+1	1.6751E-8
4.5700E+5	1.0000E+0	1.6377E-9	5.0000E+1	1.6739E-8
4.5750E+5	1.0000E+0	1.6633E-9	5.0000E+1	1.6734E-8
4.5800E+5	1.0000E+0	1.6424E-9	5.0000E+1	1.6725E-8
4.5850E+5	1.0000E+0	1.6279E-9	5.0000E+1	1.6718E-8
4.5900E+5	1.0000E+0	1.6597E-9	5.0000E+1	1.6708E-8
4.5950E+5	1.0000E+0	1.1175E-9	5.0000E+1	5.6427E-10
4.6000E+5	1.0000E+0	9.8811E-10	5.0000E+1	1.2310E-10
4.6050E+5	1.0000E+0	9.3649E-10	5.0000E+1	1.1382E-10
4.6100E+5	1.0000E+0	8.9541E-10	5.0000E+1	1.1463E-10
4.6150E+5	1.0000E+0	8.7317E-10	5.0000E+1	1.1486E-10
4.6200E+5	1.0000E+0	8.7020E-10	5.0000E+1	1.1582E-10
4.6250E+5	1.0000E+0	8.4364E-10	5.0000E+1	1.1612E-10
4.6300E+5	1.0000E+0	8.5224E-10	5.0000E+1	1.1757E-10
4.6350E+5	1.0000E+0	8.2563E-10	5.0000E+1	1.1723E-10
4.6400E+5	1.0000E+0	8.2312E-10	5.0000E+1	1.1707E-10
4.6450E+5	1.0000E+0	8.0315E-10	5.0000E+1	1.1765E-10
4.6500E+5	1.0000E+0	8.0239E-10	5.0000E+1	1.1864E-10
4.6550E+5	1.0000E+0	8.0733E-10	5.0000E+1	1.1843E-10
4.6600E+5	1.0000E+0	7.9615E-10	5.0000E+1	1.1759E-10
4.6650E+5	1.0000E+0	7.9572E-10	5.0000E+1	1.1819E-10
4.6700E+5	1.0000E+0	8.0669E-10	5.0000E+1	1.1869E-10
4.6750E+5	1.0000E+0	8.0370E-10	5.0000E+1	1.1966E-10
4.6800E+5	1.0000E+0	7.8678E-10	5.0000E+1	1.2003E-10
4.6850E+5	1.0000E+0	7.8285E-10	5.0000E+1	1.1961E-10
4.6900E+5	1.0000E+0	7.8685E-10	5.0000E+1	1.1803E-10
4.6950E+5	1.0000E+0	1.6203E-9	5.0000E+1	1.6837E-8
4.7000E+5	1.0000E+0	1.5718E-9	5.0000E+1	1.6781E-8
4.7050E+5	1.0000E+0	1.6428E-9	5.0000E+1	1.6776E-8
4.7100E+5	1.0000E+0	1.6556E-9	5.0000E+1	1.6770E-8
4.7150E+5	1.0000E+0	1.6176E-9	5.0000E+1	1.6768E-8
4.7200E+5	1.0000E+0	1.6021E-9	5.0000E+1	1.6756E-8
4.7250E+5	1.0000E+0	1.6654E-9	5.0000E+1	1.6753E-8
4.7300E+5	1.0000E+0	1.7141E-9	5.0000E+1	1.6746E-8
4.7350E+5	1.0000E+0	1.7600E-9	5.0000E+1	1.6738E-8
4.7400E+5	1.0000E+0	1.7378E-9	5.0000E+1	1.6729E-8
4.7450E+5	1.0000E+0	1.7042E-9	5.0000E+1	1.6724E-8
4.7500E+5	1.0000E+0	1.6694E-9	5.0000E+1	1.6717E-8
4.7550E+5	1.0000E+0	1.6530E-9	5.0000E+1	1.6712E-8
4.7600E+5	1.0000E+0	1.6415E-9	5.0000E+1	1.6703E-8
4.7650E+5	1.0000E+0	1.6269E-9	5.0000E+1	1.6699E-8
4.7700E+5	1.0000E+0	1.6443E-9	5.0000E+1	1.6689E-8
4.7750E+5	1.0000E+0	1.6757E-9	5.0000E+1	1.6684E-8
4.7800E+5	1.0000E+0	1.7232E-9	5.0000E+1	1.6673E-8
4.7850E+5	1.0000E+0	1.7052E-9	5.0000E+1	1.6667E-8
4.7900E+5	1.0000E+0	1.7819E-9	5.0000E+1	1.6662E-8
4.7950E+5	1.0000E+0	1.1833E-9	5.0000E+1	1.6907E-9
4.8000E+5	1.0000E+0	1.0157E-9	5.0000E+1	1.2601E-10
4.8050E+5	1.0000E+0	9.5008E-10	5.0000E+1	1.1313E-10
4.8100E+5	1.0000E+0	9.0758E-10	5.0000E+1	1.1390E-10
4.8150E+5	1.0000E+0	8.9231E-10	5.0000E+1	1.1621E-10
4.8200E+5	1.0000E+0	8.7942E-10	5.0000E+1	1.1642E-10
4.8250E+5	1.0000E+0	8.6557E-10	5.0000E+1	1.1650E-10
4.8300E+5	1.0000E+0	8.5334E-10	5.0000E+1	1.1101E-10
4.8350E+5	1.0000E+0	8.6560E-10	5.0000E+1	1.0611E-10
4.8400E+5	1.0000E+0	8.6227E-10	5.0000E+1	1.0134E-10
4.8450E+5	1.0000E+0	8.5471E-10	5.0000E+1	9.6630E-11
4.8500E+5	1.0000E+0	8.5150E-10	5.0000E+1	9.6253E-11
4.8550E+5	1.0000E+0	8.3703E-10	5.0000E+1	9.6194E-11
4.8600E+5	1.0000E+0	8.3941E-10	5.0000E+1	9.6802E-11
4.8650E+5	1.0000E+0	8.4519E-10	5.0000E+1	9.6893E-11
4.8700E+5	1.0000E+0	8.3731E-10	5.0000E+1	9.6413E-11
4.8750E+5	1.0000E+0	8.3676E-10	5.0000E+1	9.6708E-11
4.8800E+5	1.0000E+0	8.4007E-10	5.0000E+1	9.7409E-11
4.8850E+5	1.0000E+0	8.4535E-10	5.0000E+1	9.7309E-11
4.8900E+5	1.0000E+0	8.2562E-10	5.0000E+1	9.7103E-11
4.8950E+5	1.0000E+0	8.1091E-10	5.0000E+1	9.6983E-11
4.9000E+5	1.0000E+0	8.2775E-10	5.0000E+1	9.5489E-11
4.9050E+5	1.0000E+0	8.2721E-10	5.0000E+1	9.5451E-11
4.9100E+5	1.0000E+0	8.1547E-10	5.0000E+1	9.6866E-11
4.9150E+5	1.0000E+0	7.9992E-10	5.0000E+1	9.5831E-11
4.9200E+5	1.0000E+0	8.0730E-10	5.0000E+1	9.6186E-11
4.9250E+5	1.0000E+0	8.0557E-10	5.0000E+1	9.6455E-11
4.9300E+5	1.0000E+0	8.1778E-10	5.0000E+1	9.6026E-11
4.9350E+5	1.0000E+0	8.0359E-10	5.0000E+1	9.6252E-11
4.9400E+5	1.0000E+0	8.2089E-10	5.0000E+1	9.7311E-11
4.9450E+5	1.0000E+0	8.3234E-10	5.0000E+1	9.7126E-11
4.9500E+5	1.0000E+0	8.3826E-10	5.0000E+1	9.6588E-11
4.9550E+5	1.0000E+0	8.4335E-10	5.0000E+1	9.7013E-11
4.9600E+5	1.0000E+0	8.4092E-10	5.0000E+1	9.7268E-11
4.9650E+5	1.0000E+0	8.2108E-10	5.0000E+1	9.7064E-11
4.9700E+5	1.0000E+0	8.2533E-10	5.0000E+1	9.7341E-11
4.9750E+5	1.0000E+0	8.1188E-10	5.0000E+1	9.6740E-11
4.9800E+5	1.0000E+0	8.1514E-10	5.0000E+1	9.6803E-11
4.9850E+5	1.0000E+0	8.2771E-10	5.0000E+1	9.7634E-11
4.9900E+5	1.0000E+0	8.2395E-10	5.0000E+1	9.7498E-11
4.9950E+5	1.0000E+0	8.2057E-10	5.0000E+1	9.6552E-11
5.0000E+5	1.0000E+0	8.1530E-10	5.0000E+1	9.6898E-11
5.0050E+5	1.0000E+0	8.1298E-10	5.0000E+1	9.6623E-11
5.0100E+5	1.0000E+0	8.1572E-10	5.0000E+1	9.7100E-11
5.0150E+5	1.0000E+0	8.1325E-10	5.0000E+1	9.6822E-11
5.0200E+5	1.0000E+0	8.1571E-10	5.0000E+1	9.7334E-11
5.0250E+5	1.0000E+0	8.1847E-10	5.0000E+1	9.8170E-11
5.0300E+5	1.0000E+0	8.1876E-10	5.0000E+1	9.7235E-11
5.0350E+5	1.0000E+0	8.1247E-10	5.0000E+1	9.7324E-11
5.0400E+5	1.0000E+0	8.2140E-10	5.0000E+1	9.6337E-11
5.0450E+5	1.0000E+0	8.1716E-10	5.0000E+1	9.6104E-11
5.0500E+5	1.0000E+0	7.9817E-10	5.0000E+1	9.6605E-11
5.0550E+5	1.0000E+0	8.0195E-10	5.0000E+1	9.8317E-11
5.0600E+5	1.0000E+0	8.0831E-10	5.0000E+1	9.7043E-11
5.0650E+5	1.0000E+0	8.0481E-10	5.0000E+1	9.7294E-11
5.0700E+5	1.0000E+0	8.1466E-10	5.0000E+1	9.7153E-11
5.0750E+5	1.0000E+0	8.0147E-10	5.0000E+1	9.7665E-11
5.0800E+5	1.0000E+0	7.9910E-10	5.0000E+1	9.5967E-11
5.0850E+5	1.0000E+0	1.4346E-9	5.0000E+1	1.3024E-8
5.0900E+5	1.0000E+0	1.4087E-9	5.0000E+1	1.3414E-8
5.0950E+5	1.0000E+0	1.3962E-9	5.0000E+1	1.3410E-8
5.1000E+5	1.0000E+0	1.3809E-9	5.0000E+1	1.3397E-8
5.1050E+5	1.0000E+0	1.4508E-9	5.0000E+1	1.3389E-8
5.1100E+5	1.0000E+0	1.4757E-9	5.0000E+1	1.3378E-8
5.1150E+5	1.0000E+0	1.4937E-9	5.0000E+1	1.3368E-8
5.1200E+5	1.0000E+0	1.5354E-9	5.0000E+1	1.3359E-8
5.1250E+5	1.0000E+0	1.5350E-9	5.0000E+1	1.3352E-8
5.1300E+5	1.0000E+0	1.5428E-9	5.0000E+1	1.3343E-8
5.1350E+5	1.0000E+0	1.5288E-9	5.0000E+1	1.3336E-8
5.1400E+5	1.0000E+0	1.5139E-9	5.0000E+1	1.3326E-8
5.1450E+5	1.0000E+0	1.5437E-9	5.0000E+1	1.3315E-8
5.1500E+5	1.0000E+0	1.5676E-9	5.0000E+1	1.3304E-8
5.1550E+5	1.0000E+0	1.5284E-9	5.0000E+1	1.3299E-8
5.1600E+5	1.0000E+0	1.4930E-9	5.0000E+1	1.3293E-8
5.1650E+5	1.0000E+0	1.5360E-9	5.0000E+1	1.3286E-8
5.1700E+5	1.0000E+0	1.5374E-9	5.0000E+1	1.3281E-8
5.1750E+5	1.0000E+0	1.5424E-9	5.0000E+1	1.3275E-8
5.1800E+5	1.0000E+0	1.5507E-9	5.0000E+1	1.3269E-8
5.1850E+5	1.0000E+0	1.1134E-9	5.0000E+1	6.0760E-9
5.1900E+5	1.0000E+0	9.8549E-10	5.0000E+1	1.1990E-10
5.1950E+5	1.0000E+0	9.4700E-10	5.0000E+1	9.7351E-11
5.2000E+5	1.0000E+0	9.4289E-10	5.0000E+1	9.5165E-11
5.2050E+5	1.0000E+0	9.3083E-10	5.0000E+1	9.5893E-11
5.2100E+5	1.0000E+0	9.2995E-10	5.0000E+1	9.6149E-11
5.2150E+5	1.0000E+0	9.2299E-10	5.0000E+1	9.6086E-11
5.2200E+5	1.0000E+0	9.3505E-10	5.0000E+1	9.5719E-11
5.2250E+5	1.0000E+0	9.2334E-10	5.0000E+1	9.6537E-11
5.2300E+5	1.0000E+0	9.0918E-10	5.0000E+1	9.6586E-11
5.2350E+5	1.0000E+0	8.9527E-10	5.0000E+1	9.5884E-11
5.2400E+5	1.0000E+0	8.8653E-10	5.0000E+1	9.6601E-11
5.2450E+5	1.0000E+0	8.5998E-10	5.0000E+1	9.5658E-11
5.2500E+5	1.0000E+0	8.6245E-10	5.0000E+1	9.5890E-11
5.2550E+5	1.0000E+0	8.5854E-10	5.0000E+1	9.6289E-11
5.2600E+5	1.0000E+0	8.5924E-10	5.0000E+1	9.6675E-11
5.2650E+5	1.0000E+0	8.5743E-10	5.0000E+1	9.5848E-11
5.2700E+5	1.0000E+0	8.4227E-10	5.0000E+1	9.6149E-11
5.2750E+5	1.0000E+0	8.4861E-10	5.0000E+1	9.5083E-11
5.2800E+5	1.0000E+0	8.4654E-10	5.0000E+1	9.7301E-11
5.2850E+5	1.0000E+0	1.4591E-9	5.0000E+1	1.1026E-8
5.2900E+5	1.0000E+0	1.3925E-9	5.0000E+1	1.3308E-8
5.2950E+5	1.0000E+0	1.3870E-9	5.0000E+1	1.3305E-8
5.3000E+5	1.0000E+0	1.3962E-9	5.0000E+1	1.3296E-8
5.3050E+5	1.0000E+0	1.3784E-9	5.0000E+1	1.3291E-8
5.3100E+5	1.0000E+0	1.3977E-9	5.0000E+1	1.3279E-8
5.3150E+5	1.0000E+0	1.4103E-9	5.0000E+1	1.3274E-8
5.3200E+5	1.0000E+0	1.4453E-9	5.0000E+1	1.3267E-8
5.3250E+5	1.0000E+0	1.4230E-9	5.0000E+1	1.3262E-8
5.3300E+5	1.0000E+0	1.4066E-9	5.0000E+1	1.3256E-8
5.3350E+5	1.0000E+0	1.4053E-9	5.0000E+1	1.3247E-8
5.3400E+5	1.0000E+0	1.4195E-9	5.0000E+1	1.3242E-8
5.3450E+5	1.0000E+0	1.3765E-9	5.0000E+1	1.3235E-8
5.3500E+5	1.0000E+0	1.3819E-9	5.0000E+1	1.3226E-8
5.3550E+5	1.0000E+0	1.3553E-9	5.0000E+1	1.3217E-8
5.3600E+5	1.0000E+0	1.3165E-9	5.0000E+1	1.3212E-8
5.3650E+5	1.0000E+0	1.3361E-9	5.0000E+1	1.3205E-8
5.3700E+5	1.0000E+0	1.3367E-9	5.0000E+1	1.3201E-8
5.3750E+5	1.0000E+0	1.3423E-9	5.0000E+1	1.3194E-8
5.3800E+5	1.0000E+0	1.4025E-9	5.0000E+1	1.3186E-8
5.3850E+5	1.0000E+0	1.0806E-9	5.0000E+1	7.8262E-9
5.3900E+5	1.0000E+0	9.2842E-10	5.0000E+1	1.2396E-10
5.3950E+5	1.0000E+0	9.0198E-10	5.0000E+1	9.7535E-11
5.4000E+5	1.0000E+0	8.9357E-10	5.0000E+1	9.5493E-11
5.4050E+5	1.0000E+0	8.7771E-10	5.0000E+1	9.4696E-11
5.4100E+5	1.0000E+0	8.7593E-10	5.0000E+1	9.4999E-11
5.4150E+5	1.0000E+0	8.7299E-10	5.0000E+1	9.6418E-11
5.4200E+5	1.0000E+0	8.7536E-10	5.0000E+1	9.5954E-11
5.4250E+5	1.0000E+0	8.6069E-10	5.0000E+1	9.6363E-11
5.4300E+5	1.0000E+0	8.5635E-10	5.0000E+1	9.5459E-11
5.4350E+5	1.0000E+0	8.6941E-10	5.0000E+1	9.5167E-11
5.4400E+5	1.0000E+0	8.5464E-10	5.0000E+1	9.5323E-11
5.4450E+5	1.0000E+0	8.4324E-10	5.0000E+1	9.5136E-11
5.4500E+5	1.0000E+0	8.4044E-10	5.0000E+1	9.5294E-11
5.4550E+5	1.0000E+0	8.2555E-10	5.0000E+1	9.6077E-11
5.4600E+5	1.0000E+0	8.3069E-10	5.0000E+1	9.7414E-11
5.4650E+5	1.0000E+0	8.3148E-10	5.0000E+1	9.6906E-11
5.4700E+5	1.0000E+0	8.3570E-10	5.0000E+1	9.5737E-11
5.4750E+5	1.0000E+0	8.3831E-10	5.0000E+1	9.7435E-11
5.4800E+5	1.0000E+0	8.3962E-10	5.0000E+1	9.6859E-11
5.4850E+5	1.0000E+0	1.4176E-9	5.0000E+1	9.0534E-9
5.4900E+5	1.0000E+0	1.3662E-9	5.0000E+1	1.3235E-8
5.4950E+5	1.0000E+0	1.3402E-9	5.0000E+1	1.3214E-8
5.5000E+5	1.0000E+0	1.3207E-9	5.0000E+1	1.3211E-8
5.5050E+5	1.0000E+0	1.3416E-9	5.0000E+1	1.3202E-8
5.5100E+5	1.0000E+0	1.3349E-9	5.0000E+1	1.3195E-8
5.5150E+5	1.0000E+0	1.3061E-9	5.0000E+1	1.3188E-8
5.5200E+5	1.0000E+0	1.3173E-9	5.0000E+1	1.3179E-8
5.5250E+5	1.0000E+0	1.2861E-9	5.0000E+1	1.3171E-8
5.5300E+5	1.0000E+0	1.3542E-9	5.0000E+1	1.3170E-8
5.5350E+5	1.0000E+0	1.3770E-9	5.0000E+1	1.3162E-8
5.5400E+5	1.0000E+0	1.3779E-9	5.0000E+1	1.3151E-8
5.5450E+5	1.0000E+0	1.4318E-9	5.0000E+1	1.3145E-8
5.5500E+5	1.0000E+0	1.4995E-9	5.0000E+1	1.3136E-8
5.5550E+5	1.0000E+0	1.5066E-9	5.0000E+1	1.3129E-8
5.5600E+5	1.0000E+0	1.5147E-9	5.0000E+1	1.3123E-8
5.5650E+5	1.0000E+0	1.5314E-9	5.0000E+1	1.3120E-8
5.5700E+5	1.0000E+0	1.5134E-9	5.0000E+1	1.3114E-8
5.5750E+5	1.0000E+0	1.4902E-9	5.0000E+1	1.3109E-8
5.5800E+5	1.0000E+0	1.4762E-9	5.0000E+1	1.3107E-8
5.5850E+5	1.0000E+0	1.1004E-9	5.0000E+1	9.5960E-9
5.5900E+5	1.0000E+0	9.5064E-10	5.0000E+1	1.2891E-10
5.5950E+5	1.0000E+0	9.1459E-10	5.0000E+1	9.9121E-11
5.6000E+5	1.0000E+0	8.8989E-10	5.0000E+1	9.7358E-11
5.6050E+5	1.0000E+0	8.7677E-10	5.0000E+1	9.5735E-11
5.6100E+5	1.0000E+0	8.7049E-10	5.0000E+1	9.7090E-11
5.6150E+5	1.0000E+0	8.6420E-10	5.0000E+1	9.6027E-11
5.6200E+5	1.0000E+0	8.4673E-10	5.0000E+1	9.6905E-11
5.6250E+5	1.0000E+0	8.5116E-10	5.0000E+1	9.6936E-11
5.6300E+5	1.0000E+0	8.3977E-10	5.0000E+1	9.6285E-11
5.6350E+5	1.0000E+0	8.3023E-10	5.0000E+1	9.5978E-11
5.6400E+5	1.0000E+0	8.1988E-10	5.0000E+1	9.5997E-11
5.6450E+5	1.0000E+0	8.2094E-10	5.0000E+1	9.6561E-11
5.6500E+5	1.0000E+0	8.2063E-10	5.0000E+1	9.5360E-11
5.6550E+5	1.0000E+0	8.1794E-10	5.0000E+1	9.4553E-11
5.6600E+5	1.0000E+0	8.1953E-10	5.0000E+1	9.5774E-11
5.6650E+5	1.0000E+0	8.2665E-10	5.0000E+1	9.6362E-11
5.6700E+5	1.0000E+0	8.2104E-10	5.0000E+1	9.5820E-11
5.6750E+5	1.0000E+0	8.3172E-10	5.0000E+1	9.6506E-11
5.6800E+5	1.0000E+0	8.1745E-10	5.0000E+1	9.6749E-11
5.6850E+5	1.0000E+0	1.3930E-9	5.0000E+1	7.1086E-9
5.6900E+5	1.0000E+0	1.3633E-9	5.0000E+1	1.3169E-8
5.6950E+5	1.0000E+0	1.3808E-9	5.0000E+1	1.3146E-8
5.7000E+5	1.0000E+0	1.4073E-9	5.0000E+1	1.3140E-8
5.7050E+5	1.0000E+0	1.3958E-9	5.0000E+1	1.3134E-8
5.7100E+5	1.0000E+0	1.3708E-9	5.0000E+1	1.3129E-8
5.7150E+5	1.0000E+0	1.3785E-9	5.0000E+1	1.3120E-8
5.7200E+5	1.0000E+0	1.4351E-9	5.0000E+1	1.3113E-8
5.7250E+5	1.0000E+0	1.4094E-9	5.0000E+1	1.3104E-8
5.7300E+5	1.0000E+0	1.3894E-9	5.0000E+1	1.3097E-8
5.7350E+5	1.0000E+0	1.3974E-9	5.0000E+1	1.3085E-8
5.7400E+5	1.0000E+0	1.4140E-9	5.0000E+1	1.3083E-8
5.7450E+5	1.0000E+0	1.4125E-9	5.0000E+1	1.3073E-8
5.7500E+5	1.0000E+0	1.4175E-9	5.0000E+1	1.3064E-8
5.7550E+5	1.0000E+0	1.3968E-9	5.0000E+1	1.3057E-8
5.7600E+5	1.0000E+0	1.3851E-9	5.0000E+1	1.3054E-8
5.7650E+5	1.0000E+0	1.4233E-9	5.0000E+1	1.3046E-8
5.7700E+5	1.0000E+0	1.3969E-9	5.0000E+1	1.3040E-8
5.7750E+5	1.0000E+0	1.4047E-9	5.0000E+1	1.3035E-8
5.7800E+5	1.0000E+0	1.3923E-9	5.0000E+1	1.3032E-8
5.7850E+5	1.0000E+0	1.0898E-9	5.0000E+1	1.1282E-8
5.7900E+5	1.0000E+0	8.9913E-10	5.0000E+1	1.3508E-10
5.7950E+5	1.0000E+0	8.7098E-10	5.0000E+1	9.9928E-11
5.8000E+5	1.0000E+0	8.6057E-10	5.0000E+1	9.6297E-11
5.8050E+5	1.0000E+0	8.6230E-10	5.0000E+1	9.5724E-11
5.8100E+5	1.0000E+0	8.6397E-10	5.0000E+1	9.6284E-11
5.8150E+5	1.0000E+0	8.5975E-10	5.0000E+1	9.6210E-11
5.8200E+5	1.0000E+0	8.4188E-10	5.0000E+1	9.6099E-11
5.8250E+5	1.0000E+0	8.4445E-10	5.0000E+1	9.6123E-11
5.8300E+5	1.0000E+0	8.4826E-10	5.0000E+1	9.2737E-11
5.8350E+5	1.0000E+0	8.4871E-10	5.0000E+1	8.6154E-11
5.8400E+5	1.0000E+0	8.2243E-10	5.0000E+1	8.0259E-11
5.8450E+5	1.0000E+0	8.2572E-10	5.0000E+1	7.3948E-11
5.8500E+5	1.0000E+0	8.2860E-10	5.0000E+1	7.1245E-11
5.8550E+5	1.0000E+0	8.1937E-10	5.0000E+1	6.9637E-11
5.8600E+5	1.0000E+0	8.1513E-10	5.0000E+1	6.9987E-11
5.8650E+5	1.0000E+0	7.9194E-10	5.0000E+1	6.9923E-11
5.8700E+5	1.0000E+0	8.0409E-10	5.0000E+1	7.0419E-11
5.8750E+5	1.0000E+0	8.0911E-10	5.0000E+1	7.0056E-11
5.8800E+5	1.0000E+0	7.9975E-10	5.0000E+1	7.0589E-11
5.8850E+5	1.0000E+0	8.0182E-10	5.0000E+1	7.0572E-11
5.8900E+5	1.0000E+0	8.0112E-10	5.0000E+1	6.9939E-11
5.8950E+5	1.0000E+0	7.9998E-10	5.0000E+1	7.0478E-11
5.9000E+5	1.0000E+0	8.0406E-10	5.0000E+1	7.0816E-11
5.9050E+5	1.0000E+0	8.1056E-10	5.0000E+1	7.0878E-11
5.9100E+5	1.0000E+0	8.0471E-10	5.0000E+1	7.1160E-11
5.9150E+5	1.0000E+0	7.9822E-10	5.0000E+1	7.0918E-11
5.9200E+5	1.0000E+0	7.9267E-10	5.0000E+1	7.1057E-11
5.9250E+5	1.0000E+0	7.7949E-10	5.0000E+1	7.0790E-11
5.9300E+5	1.0000E+0	7.8810E-10	5.0000E+1	7.0813E-11
5.9350E+5	1.0000E+0	7.9263E-10	5.0000E+1	7.0282E-11
5.9400E+5	1.0000E+0	7.9653E-10	5.0000E+1	7.1036E-11
5.9450E+5	1.0000E+0	7.8846E-10	5.0000E+1	6.9878E-11
5.9500E+5	1.0000E+0	7.8313E-10	5.0000E+1	7.1225E-11
5.9550E+5	1.0000E+0	7.8357E-10	5.0000E+1	7.1507E-11
5.9600E+5	1.0000E+0	7.9018E-10	5.0000E+1	7.0849E-11
5.9650E+5	1.0000E+0	7.8196E-10	5.0000E+1	7.1049E-11
5.9700E+5	1.0000E+0	7.8556E-10	5.0000E+1	7.0727E-11
5.9750E+5	1.0000E+0	7.8372E-10	5.0000E+1	7.0711E-11
5.9800E+5	1.0000E+0	7.8534E-10	5.0000E+1	7.0984E-11
5.9850E+5	1.0000E+0	7.8359E-10	5.0000E+1	7.0746E-11
5.9900E+5	1.0000E+0	7.8007E-10	5.0000E+1	7.1013E-11
5.9950E+5	1.0000E+0	7.7766E-10	5.0000E+1	7.1733E-11
6.0000E+5	1.0000E+0	7.6899E-10	5.0000E+1	7.1195E-11
6.0050E+5	1.0000E+0	7.5901E-10	5.0000E+1	7.1634E-11
6.0100E+5	1.0000E+0	7.5467E-10	5.0000E+1	7.1368E-11
6.0150E+5	1.0000E+0	7.4879E-10	5.0000E+1	7.0977E-11
6.0200E+5	1.0000E+0	7.5336E-10	5.0000E+1	7.0936E-11
6.0250E+5	1.0000E+0	7.5813E-10	5.0000E+1	7.0887E-11
6.0300E+5	1.0000E+0	7.7280E-10	5.0000E+1	7.1834E-11
6.0350E+5	1.0000E+0	7.7911E-10	5.0000E+1	7.2132E-11
6.0400E+5	1.0000E+0	7.7737E-10	5.0000E+1	7.1551E-11
6.0450E+5	1.0000E+0	7.6714E-10	5.0000E+1	7.1478E-11
6.0500E+5	1.0000E+0	7.7662E-10	5.0000E+1	7.0363E-11
6.0550E+5	1.0000E+0	7.8337E-10	5.0000E+1	7.0437E-11
6.0600E+5	1.0000E+0	7.7898E-10	5.0000E+1	7.1323E-11
6.0650E+5	1.0000E+0	7.8018E-10	5.0000E+1	7.0746E-11
6.0700E+5	1.0000E+0	1.1521E-9	5.0000E+1	3.5321E-9
6.0750E+5	1.0000E+0	1.2045E-9	5.0000E+1	9.3708E-9
6.0800E+5	1.0000E+0	1.1884E-9	5.0000E+1	9.3611E-9
6.0850E+5	1.0000E+0	1.1913E-9	5.0000E+1	9.3569E-9
6.0900E+5	1.0000E+0	1.1745E-9	5.0000E+1	9.3494E-9
6.0950E+5	1.0000E+0	1.1670E-9	5.0000E+1	9.3420E-9
6.1000E+5	1.0000E+0	1.2095E-9	5.0000E+1	9.3391E-9
6.1050E+5	1.0000E+0	1.1874E-9	5.0000E+1	9.3349E-9
6.1100E+5	1.0000E+0	1.1618E-9	5.0000E+1	9.3309E-9
6.1150E+5	1.0000E+0	1.1568E-9	5.0000E+1	9.3237E-9
6.1200E+5	1.0000E+0	1.1636E-9	5.0000E+1	9.3204E-9
6.1250E+5	1.0000E+0	1.1750E-9	5.0000E+1	9.3139E-9
6.1300E+5	1.0000E+0	1.1664E-9	5.0000E+1	9.3080E-9
6.1350E+5	1.0000E+0	1.1833E-9	5.0000E+1	9.3011E-9
6.1400E+5	1.0000E+0	1.1713E-9	5.0000E+1	9.2991E-9
6.1450E+5	1.0000E+0	1.1798E-9	5.0000E+1	9.2934E-9
6.1500E+5	1.0000E+0	1.1632E-9	5.0000E+1	9.2881E-9
6.1550E+5	1.0000E+0	1.1646E-9	5.0000E+1	9.2825E-9
6.1600E+5	1.0000E+0	1.1787E-9	5.0000E+1	9.2771E-9
6.1650E+5	1.0000E+0	1.1741E-9	5.0000E+1	9.2733E-9
6.1700E+5	1.0000E+0	1.0061E-9	5.0000E+1	9.1531E-9
6.1750E+5	1.0000E+0	8.0719E-10	5.0000E+1	1.2711E-10
6.1800E+5	1.0000E+0	7.8712E-10	5.0000E+1	7.9131E-11
6.1850E+5	1.0000E+0	7.8855E-10	5.0000E+1	7.1732E-11
6.1900E+5	1.0000E+0	8.0448E-10	5.0000E+1	7.0883E-11
6.1950E+5	1.0000E+0	8.1205E-10	5.0000E+1	7.0742E-11
6.2000E+5	1.0000E+0	8.0833E-10	5.0000E+1	7.0491E-11
6.2050E+5	1.0000E+0	7.9029E-10	5.0000E+1	7.0996E-11
6.2100E+5	1.0000E+0	7.8414E-10	5.0000E+1	7.0382E-11
6.2150E+5	1.0000E+0	7.8322E-10	5.0000E+1	6.9623E-11
6.2200E+5	1.0000E+0	7.8980E-10	5.0000E+1	7.0142E-11
6.2250E+5	1.0000E+0	7.8950E-10	5.0000E+1	7.0640E-11
6.2300E+5	1.0000E+0	7.8324E-10	5.0000E+1	7.0728E-11
6.2350E+5	1.0000E+0	7.8216E-10	5.0000E+1	7.0695E-11
6.2400E+5	1.0000E+0	7.8811E-10	5.0000E+1	7.0555E-11
6.2450E+5	1.0000E+0	7.8483E-10	5.0000E+1	7.0989E-11
6.2500E+5	1.0000E+0	7.8375E-10	5.0000E+1	7.0904E-11
6.2550E+5	1.0000E+0	7.8567E-10	5.0000E+1	7.0711E-11
6.2600E+5	1.0000E+0	7.7529E-10	5.0000E+1	7.1640E-11
6.2650E+5	1.0000E+0	7.7031E-10	5.0000E+1	7.1104E-11
6.2700E+5	1.0000E+0	1.1199E-9	5.0000E+1	2.1604E-9
6.2750E+5	1.0000E+0	1.2170E-9	5.0000E+1	9.2815E-9
6.2800E+5	1.0000E+0	1.2178E-9	5.0000E+1	9.2735E-9
6.2850E+5	1.0000E+0	1.2382E-9	5.0000E+1	9.2713E-9
6.2900E+5	1.0000E+0	1.2350E-9	5.0000E+1	9.2680E-9
6.2950E+5	1.0000E+0	1.2231E-9	5.0000E+1	9.2669E-9
6.3000E+5	1.0000E+0	1.2071E-9	5.0000E+1	9.2639E-9
6.3050E+5	1.0000E+0	1.1937E-9	5.0000E+1	9.2575E-9
6.3100E+5	1.0000E+0	1.1801E-9	5.0000E+1	9.2565E-9
6.3150E+5	1.0000E+0	1.1875E-9	5.0000E+1	9.2521E-9
6.3200E+5	1.0000E+0	1.1913E-9	5.0000E+1	9.2472E-9
6.3250E+5	1.0000E+0	1.1947E-9	5.0000E+1	9.2433E-9
6.3300E+5	1.0000E+0	1.2041E-9	5.0000E+1	9.2385E-9
6.3350E+5	1.0000E+0	1.2145E-9	5.0000E+1	9.2328E-9
6.3400E+5	1.0000E+0	1.2121E-9	5.0000E+1	9.2307E-9
6.3450E+5	1.0000E+0	1.2088E-9	5.0000E+1	9.2250E-9
6.3500E+5	1.0000E+0	1.1957E-9	5.0000E+1	9.2212E-9
6.3550E+5	1.0000E+0	1.2277E-9	5.0000E+1	9.2182E-9
6.3600E+5	1.0000E+0	1.1923E-9	5.0000E+1	9.2164E-9
6.3650E+5	1.0000E+0	1.1916E-9	5.0000E+1	9.2142E-9
6.3700E+5	1.0000E+0	9.5793E-10	5.0000E+1	8.7805E-9
6.3750E+5	1.0000E+0	8.1995E-10	5.0000E+1	1.3393E-10
6.3800E+5	1.0000E+0	8.0169E-10	5.0000E+1	8.1389E-11
6.3850E+5	1.0000E+0	8.1098E-10	5.0000E+1	7.3197E-11
6.3900E+5	1.0000E+0	7.9241E-10	5.0000E+1	7.2166E-11
6.3950E+5	1.0000E+0	7.8606E-10	5.0000E+1	7.2781E-11
6.4000E+5	1.0000E+0	7.9019E-10	5.0000E+1	7.2066E-11
6.4050E+5	1.0000E+0	7.9222E-10	5.0000E+1	7.2185E-11
6.4100E+5	1.0000E+0	7.8909E-10	5.0000E+1	7.2260E-11
6.4150E+5	1.0000E+0	7.8671E-10	5.0000E+1	7.1002E-11
6.4200E+5	1.0000E+0	7.8693E-10	5.0000E+1	7.1465E-11
6.4250E+5	1.0000E+0	7.7305E-10	5.0000E+1	7.1166E-11
6.4300E+5	1.0000E+0	7.7942E-10	5.0000E+1	7.0916E-11
6.4350E+5	1.0000E+0	7.8142E-10	5.0000E+1	7.1268E-11
6.4400E+5	1.0000E+0	7.8196E-10	5.0000E+1	7.1073E-11
6.4450E+5	1.0000E+0	7.8236E-10	5.0000E+1	7.0498E-11
6.4500E+5	1.0000E+0	7.7692E-10	5.0000E+1	7.0795E-11
6.4550E+5	1.0000E+0	7.7650E-10	5.0000E+1	7.1640E-11
6.4600E+5	1.0000E+0	7.8560E-10	5.0000E+1	7.1745E-11
6.4650E+5	1.0000E+0	7.7587E-10	5.0000E+1	7.1399E-11
6.4700E+5	1.0000E+0	1.0730E-9	5.0000E+1	8.1364E-10
6.4750E+5	1.0000E+0	1.1859E-9	5.0000E+1	9.2470E-9
6.4800E+5	1.0000E+0	1.1793E-9	5.0000E+1	9.2374E-9
6.4850E+5	1.0000E+0	1.1715E-9	5.0000E+1	9.2341E-9
6.4900E+5	1.0000E+0	1.1583E-9	5.0000E+1	9.2296E-9
6.4950E+5	1.0000E+0	1.1699E-9	5.0000E+1	9.2286E-9
6.5000E+5	1.0000E+0	1.1633E-9	5.0000E+1	9.2249E-9
6.5050E+5	1.0000E+0	1.1495E-9	5.0000E+1	9.2231E-9
6.5100E+5	1.0000E+0	1.1446E-9	5.0000E+1	9.2203E-9
6.5150E+5	1.0000E+0	1.1316E-9	5.0000E+1	9.2186E-9
6.5200E+5	1.0000E+0	1.1438E-9	5.0000E+1	9.2138E-9
6.5250E+5	1.0000E+0	1.1553E-9	5.0000E+1	9.2101E-9
6.5300E+5	1.0000E+0	1.1460E-9	5.0000E+1	9.2097E-9
6.5350E+5	1.0000E+0	1.1605E-9	5.0000E+1	9.2058E-9
6.5400E+5	1.0000E+0	1.1465E-9	5.0000E+1	9.2049E-9
6.5450E+5	1.0000E+0	1.1410E-9	5.0000E+1	9.2011E-9
6.5500E+5	1.0000E+0	1.1466E-9	5.0000E+1	9.1981E-9
6.5550E+5	1.0000E+0	1.1489E-9	5.0000E+1	9.1948E-9
6.5600E+5	1.0000E+0	1.1576E-9	5.0000E+1	9.1923E-9
6.5650E+5	1.0000E+0	1.1402E-9	5.0000E+1	9.1863E-9
6.5700E+5	1.0000E+0	1.0567E-9	5.0000E+1	9.1858E-9
6.5750E+5	1.0000E+0	8.0358E-10	5.0000E+1	1.4297E-10
6.5800E+5	1.0000E+0	7.7172E-10	5.0000E+1	8.0853E-11
6.5850E+5	1.0000E+0	7.6374E-10	5.0000E+1	7.3735E-11
6.5900E+5	1.0000E+0	7.5280E-10	5.0000E+1	7.2452E-11
6.5950E+5	1.0000E+0	7.3946E-10	5.0000E+1	7.1501E-11
6.6000E+5	1.0000E+0	7.3992E-10	5.0000E+1	7.1530E-11
6.6050E+5	1.0000E+0	7.3821E-10	5.0000E+1	7.1508E-11
6.6100E+5	1.0000E+0	7.4573E-10	5.0000E+1	7.1474E-11
6.6150E+5	1.0000E+0	7.4664E-10	5.0000E+1	7.1393E-11
6.6200E+5	1.0000E+0	7.4539E-10	5.0000E+1	7.1386E-11
6.6250E+5	1.0000E+0	7.4681E-10	5.0000E+1	7.1560E-11
6.6300E+5	1.0000E+0	7.4068E-10	5.0000E+1	7.1702E-11
6.6350E+5	1.0000E+0	7.4865E-10	5.0000E+1	7.1024E-11
6.6400E+5	1.0000E+0	7.5299E-10	5.0000E+1	7.0319E-11
6.6450E+5	1.0000E+0	7.6076E-10	5.0000E+1	7.0217E-11
6.6500E+5	1.0000E+0	7.6138E-10	5.0000E+1	7.0826E-11
6.6550E+5	1.0000E+0	7.7355E-10	5.0000E+1	7.1073E-11
6.6600E+5	1.0000E+0	7.5755E-10	5.0000E+1	7.0620E-11
6.6650E+5	1.0000E+0	7.6039E-10	5.0000E+1	7.1380E-11
6.6700E+5	1.0000E+0	1.0658E-9	5.0000E+1	1.3096E-9
6.6750E+5	1.0000E+0	1.1565E-9	5.0000E+1	9.2308E-9
6.6800E+5	1.0000E+0	1.1393E-9	5.0000E+1	9.2220E-9
6.6850E+5	1.0000E+0	1.1386E-9	5.0000E+1	9.2201E-9
6.6900E+5	1.0000E+0	1.1178E-9	5.0000E+1	9.2191E-9
6.6950E+5	1.0000E+0	1.1292E-9	5.0000E+1	9.2150E-9
6.7000E+5	1.0000E+0	1.1305E-9	5.0000E+1	9.2085E-9
6.7050E+5	1.0000E+0	1.1273E-9	5.0000E+1	9.2080E-9
6.7100E+5	1.0000E+0	1.1150E-9	5.0000E+1	9.2027E-9
6.7150E+5	1.0000E+0	1.1278E-9	5.0000E+1	9.2002E-9
6.7200E+5	1.0000E+0	1.1105E-9	5.0000E+1	9.1979E-9
6.7250E+5	1.0000E+0	1.1045E-9	5.0000E+1	9.1931E-9
6.7300E+5	1.0000E+0	1.1092E-9	5.0000E+1	9.1903E-9
6.7350E+5	1.0000E+0	1.0968E-9	5.0000E+1	9.1907E-9
6.7400E+5	1.0000E+0	1.1098E-9	5.0000E+1	9.1855E-9
6.7450E+5	1.0000E+0	1.1034E-9	5.0000E+1	9.1817E-9
6.7500E+5	1.0000E+0	1.0914E-9	5.0000E+1	9.1802E-9
6.7550E+5	1.0000E+0	1.0815E-9	5.0000E+1	9.1775E-9
6.7600E+5	1.0000E+0	1.1392E-9	5.0000E+1	9.1730E-9
6.7650E+5	1.0000E+0	1.1481E-9	5.0000E+1	9.1727E-9
6.7700E+5	1.0000E+0	1.0777E-9	5.0000E+1	9.1662E-9
6.7750E+5	1.0000E+0	8.0889E-10	5.0000E+1	1.5186E-10
6.7800E+5	1.0000E+0	7.7957E-10	5.0000E+1	8.1935E-11
6.7850E+5	1.0000E+0	7.6317E-10	5.0000E+1	7.3004E-11
6.7900E+5	1.0000E+0	7.5355E-10	5.0000E+1	7.2004E-11
6.7950E+5	1.0000E+0	7.5842E-10	5.0000E+1	7.1578E-11
6.8000E+5	1.0000E+0	7.4896E-10	5.0000E+1	7.1540E-11
6.8050E+5	1.0000E+0	7.5342E-10	5.0000E+1	6.8120E-11
6.8100E+5	1.0000E+0	7.6032E-10	5.0000E+1	6.1325E-11
6.8150E+5	1.0000E+0	7.6896E-10	5.0000E+1	5.3737E-11
6.8200E+5	1.0000E+0	7.5989E-10	5.0000E+1	4.5733E-11
6.8250E+5	1.0000E+0	7.7165E-10	5.0000E+1	4.2706E-11
6.8300E+5	1.0000E+0	7.6242E-10	5.0000E+1	4.1759E-11
6.8350E+5	1.0000E+0	7.6142E-10	5.0000E+1	4.1270E-11
6.8400E+5	1.0000E+0	7.5427E-10	5.0000E+1	4.1412E-11
6.8450E+5	1.0000E+0	7.5895E-10	5.0000E+1	4.1046E-11
6.8500E+5	1.0000E+0	7.5530E-10	5.0000E+1	4.1761E-11
6.8550E+5	1.0000E+0	7.6930E-10	5.0000E+1	4.1778E-11
6.8600E+5	1.0000E+0	7.6406E-10	5.0000E+1	4.1816E-11
6.8650E+5	1.0000E+0	7.5812E-10	5.0000E+1	4.1307E-11
6.8700E+5	1.0000E+0	7.6788E-10	5.0000E+1	4.1691E-11
6.8750E+5	1.0000E+0	7.5517E-10	5.0000E+1	4.1664E-11
6.8800E+5	1.0000E+0	7.5335E-10	5.0000E+1	4.1958E-11
6.8850E+5	1.0000E+0	7.4296E-10	5.0000E+1	4.1532E-11
6.8900E+5	1.0000E+0	7.4531E-10	5.0000E+1	4.1795E-11
6.8950E+5	1.0000E+0	7.5227E-10	5.0000E+1	4.1125E-11
6.9000E+5	1.0000E+0	7.6458E-10	5.0000E+1	4.2257E-11
6.9050E+5	1.0000E+0	7.5297E-10	5.0000E+1	4.2468E-11
6.9100E+5	1.0000E+0	7.6569E-10	5.0000E+1	4.2897E-11
6.9150E+5	1.0000E+0	7.6410E-10	5.0000E+1	4.2553E-11
6.9200E+5	1.0000E+0	7.7111E-10	5.0000E+1	4.2551E-11
6.9250E+5	1.0000E+0	7.6474E-10	5.0000E+1	4.2473E-11
6.9300E+5	1.0000E+0	7.5940E-10	5.0000E+1	4.2394E-11
6.9350E+5	1.0000E+0	7.6221E-10	5.0000E+1	4.2001E-11
6.9400E+5	1.0000E+0	7.6643E-10	5.0000E+1	4.1467E-11
6.9450E+5	1.0000E+0	7.6466E-10	5.0000E+1	4.1699E-11
6.9500E+5	1.0000E+0	7.6762E-10	5.0000E+1	4.2481E-11
6.9550E+5	1.0000E+0	7.5509E-10	5.0000E+1	4.2632E-11
6.9600E+5	1.0000E+0	7.4516E-10	5.0000E+1	4.2199E-11
6.9650E+5	1.0000E+0	7.5234E-10	5.0000E+1	4.2008E-11
6.9700E+5	1.0000E+0	7.5298E-10	5.0000E+1	4.2328E-11
6.9750E+5	1.0000E+0	7.6356E-10	5.0000E+1	4.2304E-11
6.9800E+5	1.0000E+0	7.6511E-10	5.0000E+1	4.1888E-11
6.9850E+5	1.0000E+0	7.6279E-10	5.0000E+1	4.2072E-11
6.9900E+5	1.0000E+0	7.5120E-10	5.0000E+1	4.1895E-11
6.9950E+5	1.0000E+0	7.5652E-10	5.0000E+1	4.1975E-11
7.0000E+5	1.0000E+0	7.5336E-10	5.0000E+1	4.2131E-11
7.0050E+5	1.0000E+0	7.5198E-10	5.0000E+1	4.1990E-11
7.0100E+5	1.0000E+0	7.4598E-10	5.0000E+1	4.2410E-11
7.0150E+5	1.0000E+0	7.5664E-10	5.0000E+1	4.2538E-11
7.0200E+5	1.0000E+0	7.4830E-10	5.0000E+1	4.2555E-11
7.0250E+5	1.0000E+0	7.4956E-10	5.0000E+1	4.2340E-11
7.0300E+5	1.0000E+0	7.4853E-10	5.0000E+1	4.2182E-11
7.0350E+5	1.0000E+0	7.4243E-10	5.0000E+1	4.2450E-11
7.0400E+5	1.0000E+0	7.4572E-10	5.0000E+1	4.1898E-11
7.0450E+5	1.0000E+0	7.3984E-10	5.0000E+1	4.1634E-11
7.0500E+5	1.0000E+0	7.4658E-10	5.0000E+1	4.2006E-11
7.0550E+5	1.0000E+0	7.5077E-10	5.0000E+1	4.1847E-11
7.0600E+5	1.0000E+0	7.4468E-10	5.0000E+1	4.2541E-11
7.0650E+5	1.0000E+0	7.3883E-10	5.0000E+1	4.1933E-11
7.0700E+5	1.0000E+0	7.4534E-10	5.0000E+1	4.2124E-11
7.0750E+5	1.0000E+0	7.5141E-10	5.0000E+1	4.1319E-11
7.0800E+5	1.0000E+0	7.4231E-10	5.0000E+1	4.1754E-11
7.0850E+5	1.0000E+0	7.3373E-10	5.0000E+1	4.1524E-11
7.0900E+5	1.0000E+0	7.1595E-10	5.0000E+1	4.1426E-11
7.0950E+5	1.0000E+0	7.2563E-10	5.0000E+1	4.1524E-11
7.1000E+5	1.0000E+0	9.8986E-10	5.0000E+1	5.1526E-9
7.1050E+5	1.0000E+0	9.8541E-10	5.0000E+1	5.1277E-9
7.1100E+5	1.0000E+0	9.9881E-10	5.0000E+1	5.1252E-9
7.1150E+5	1.0000E+0	9.8002E-10	5.0000E+1	5.1261E-9
7.1200E+5	1.0000E+0	9.7880E-10	5.0000E+1	5.1252E-9
7.1250E+5	1.0000E+0	9.6089E-10	5.0000E+1	5.1247E-9
7.1300E+5	1.0000E+0	9.6863E-10	5.0000E+1	5.1236E-9
7.1350E+5	1.0000E+0	9.6706E-10	5.0000E+1	5.1215E-9
7.1400E+5	1.0000E+0	9.7071E-10	5.0000E+1	5.1220E-9
7.1450E+5	1.0000E+0	9.8323E-10	5.0000E+1	5.1172E-9
7.1500E+5	1.0000E+0	9.8304E-10	5.0000E+1	5.1179E-9
7.1550E+5	1.0000E+0	9.7363E-10	5.0000E+1	5.1187E-9
7.1600E+5	1.0000E+0	9.6339E-10	5.0000E+1	5.1182E-9
7.1650E+5	1.0000E+0	9.7094E-10	5.0000E+1	5.1166E-9
7.1700E+5	1.0000E+0	9.8028E-10	5.0000E+1	5.1146E-9
7.1750E+5	1.0000E+0	9.7334E-10	5.0000E+1	5.1134E-9
7.1800E+5	1.0000E+0	9.5720E-10	5.0000E+1	5.1111E-9
7.1850E+5	1.0000E+0	9.6263E-10	5.0000E+1	5.1108E-9
7.1900E+5	1.0000E+0	9.5540E-10	5.0000E+1	5.1105E-9
7.1950E+5	1.0000E+0	9.8890E-10	5.0000E+1	5.1097E-9
7.2000E+5	1.0000E+0	7.7960E-10	5.0000E+1	2.2026E-10
7.2050E+5	1.0000E+0	7.3661E-10	5.0000E+1	6.6990E-11
7.2100E+5	1.0000E+0	7.2603E-10	5.0000E+1	4.8298E-11
7.2150E+5	1.0000E+0	7.2261E-10	5.0000E+1	4.3519E-11
7.2200E+5	1.0000E+0	7.1169E-10	5.0000E+1	4.1735E-11
7.2250E+5	1.0000E+0	7.2338E-10	5.0000E+1	4.1113E-11
7.2300E+5	1.0000E+0	7.1810E-10	5.0000E+1	4.1437E-11
7.2350E+5	1.0000E+0	7.1906E-10	5.0000E+1	4.1739E-11
7.2400E+5	1.0000E+0	7.1461E-10	5.0000E+1	4.1770E-11
7.2450E+5	1.0000E+0	7.1985E-10	5.0000E+1	4.2093E-11
7.2500E+5	1.0000E+0	7.2336E-10	5.0000E+1	4.2864E-11
7.2550E+5	1.0000E+0	7.1953E-10	5.0000E+1	4.2926E-11
7.2600E+5	1.0000E+0	7.1960E-10	5.0000E+1	4.3046E-11
7.2650E+5	1.0000E+0	7.1896E-10	5.0000E+1	4.3280E-11
7.2700E+5	1.0000E+0	7.2273E-10	5.0000E+1	4.3089E-11
7.2750E+5	1.0000E+0	7.1261E-10	5.0000E+1	4.2723E-11
7.2800E+5	1.0000E+0	7.1137E-10	5.0000E+1	4.2686E-11
7.2850E+5	1.0000E+0	7.2090E-10	5.0000E+1	4.2609E-11
7.2900E+5	1.0000E+0	7.0649E-10	5.0000E+1	4.2119E-11
7.2950E+5	1.0000E+0	6.9936E-10	5.0000E+1	4.2211E-11
7.3000E+5	1.0000E+0	9.6265E-10	5.0000E+1	5.1639E-9
7.3050E+5	1.0000E+0	9.5744E-10	5.0000E+1	5.1269E-9
7.3100E+5	1.0000E+0	9.6542E-10	5.0000E+1	5.1265E-9
7.3150E+5	1.0000E+0	9.4678E-10	5.0000E+1	5.1261E-9
7.3200E+5	1.0000E+0	9.5841E-10	5.0000E+1	5.1248E-9
7.3250E+5	1.0000E+0	9.5815E-10	5.0000E+1	5.1269E-9
7.3300E+5	1.0000E+0	9.6771E-10	5.0000E+1	5.1260E-9
7.3350E+5	1.0000E+0	9.6870E-10	5.0000E+1	5.1231E-9
7.3400E+5	1.0000E+0	9.8380E-10	5.0000E+1	5.1253E-9
7.3450E+5	1.0000E+0	9.8705E-10	5.0000E+1	5.1231E-9
7.3500E+5	1.0000E+0	9.6833E-10	5.0000E+1	5.1240E-9
7.3550E+5	1.0000E+0	9.7359E-10	5.0000E+1	5.1224E-9
7.3600E+5	1.0000E+0	9.7140E-10	5.0000E+1	5.1233E-9
7.3650E+5	1.0000E+0	9.6834E-10	5.0000E+1	5.1220E-9
7.3700E+5	1.0000E+0	9.5362E-10	5.0000E+1	5.1215E-9
7.3750E+5	1.0000E+0	9.5356E-10	5.0000E+1	5.1181E-9
7.3800E+5	1.0000E+0	9.4021E-10	5.0000E+1	5.1189E-9
7.3850E+5	1.0000E+0	9.8539E-10	5.0000E+1	5.1191E-9
7.3900E+5	1.0000E+0	9.8976E-10	5.0000E+1	5.1182E-9
7.3950E+5	1.0000E+0	9.7975E-10	5.0000E+1	5.1174E-9
7.4000E+5	1.0000E+0	7.7611E-10	5.0000E+1	2.6744E-10
7.4050E+5	1.0000E+0	7.2178E-10	5.0000E+1	6.8599E-11
7.4100E+5	1.0000E+0	7.0174E-10	5.0000E+1	4.8608E-11
7.4150E+5	1.0000E+0	6.9919E-10	5.0000E+1	4.4192E-11
7.4200E+5	1.0000E+0	7.0490E-10	5.0000E+1	4.3213E-11
7.4250E+5	1.0000E+0	6.9198E-10	5.0000E+1	4.2701E-11
7.4300E+5	1.0000E+0	7.0135E-10	5.0000E+1	4.2521E-11
7.4350E+5	1.0000E+0	7.0349E-10	5.0000E+1	4.1912E-11
7.4400E+5	1.0000E+0	7.0377E-10	5.0000E+1	4.2157E-11
7.4450E+5	1.0000E+0	7.0408E-10	5.0000E+1	4.1654E-11
7.4500E+5	1.0000E+0	7.0317E-10	5.0000E+1	4.1602E-11
7.4550E+5	1.0000E+0	7.0678E-10	5.0000E+1	4.1500E-11
7.4600E+5	1.0000E+0	7.1642E-10	5.0000E+1	4.1355E-11
7.4650E+5	1.0000E+0	7.1397E-10	5.0000E+1	4.1407E-11
7.4700E+5	1.0000E+0	7.1606E-10	5.0000E+1	4.1391E-11
7.4750E+5	1.0000E+0	7.1369E-10	5.0000E+1	4.1740E-11
7.4800E+5	1.0000E+0	7.0879E-10	5.0000E+1	4.1382E-11
7.4850E+5	1.0000E+0	7.0566E-10	5.0000E+1	4.1125E-11
7.4900E+5	1.0000E+0	7.0525E-10	5.0000E+1	4.1745E-11
7.4950E+5	1.0000E+0	7.1265E-10	5.0000E+1	4.1493E-11
7.5000E+5	1.0000E+0	9.9190E-10	5.0000E+1	5.1845E-9
7.5050E+5	1.0000E+0	9.8975E-10	5.0000E+1	5.1424E-9
7.5100E+5	1.0000E+0	9.7415E-10	5.0000E+1	5.1427E-9
7.5150E+5	1.0000E+0	9.7063E-10	5.0000E+1	5.1450E-9
7.5200E+5	1.0000E+0	9.6602E-10	5.0000E+1	5.1452E-9
7.5250E+5	1.0000E+0	9.6426E-10	5.0000E+1	5.1455E-9
7.5300E+5	1.0000E+0	9.7477E-10	5.0000E+1	5.1454E-9
7.5350E+5	1.0000E+0	9.6786E-10	5.0000E+1	5.1456E-9
7.5400E+5	1.0000E+0	9.7408E-10	5.0000E+1	5.1438E-9
7.5450E+5	1.0000E+0	9.7210E-10	5.0000E+1	5.1431E-9
7.5500E+5	1.0000E+0	9.6919E-10	5.0000E+1	5.1457E-9
7.5550E+5	1.0000E+0	9.6532E-10	5.0000E+1	5.1421E-9
7.5600E+5	1.0000E+0	9.6610E-10	5.0000E+1	5.1405E-9
7.5650E+5	1.0000E+0	9.5898E-10	5.0000E+1	5.1418E-9
7.5700E+5	1.0000E+0	9.4843E-10	5.0000E+1	5.1406E-9
7.5750E+5	1.0000E+0	9.4416E-10	5.0000E+1	5.1372E-9
7.5800E+5	1.0000E+0	9.5797E-10	5.0000E+1	5.1379E-9
7.5850E+5	1.0000E+0	9.5331E-10	5.0000E+1	5.1357E-9
7.5900E+5	1.0000E+0	9.4587E-10	5.0000E+1	5.1357E-9
7.5950E+5	1.0000E+0	9.5467E-10	5.0000E+1	5.1353E-9
7.6000E+5	1.0000E+0	7.4611E-10	5.0000E+1	3.4349E-10
7.6050E+5	1.0000E+0	7.0782E-10	5.0000E+1	7.1505E-11
7.6100E+5	1.0000E+0	6.9587E-10	5.0000E+1	4.8692E-11
7.6150E+5	1.0000E+0	6.9204E-10	5.0000E+1	4.3837E-11
7.6200E+5	1.0000E+0	6.9791E-10	5.0000E+1	4.1679E-11
7.6250E+5	1.0000E+0	7.1048E-10	5.0000E+1	4.1488E-11
7.6300E+5	1.0000E+0	7.1224E-10	5.0000E+1	4.1895E-11
7.6350E+5	1.0000E+0	6.9251E-10	5.0000E+1	4.0699E-11
7.6400E+5	1.0000E+0	6.9713E-10	5.0000E+1	4.1165E-11
7.6450E+5	1.0000E+0	6.9977E-10	5.0000E+1	4.1169E-11
7.6500E+5	1.0000E+0	7.0032E-10	5.0000E+1	4.0834E-11
7.6550E+5	1.0000E+0	7.0231E-10	5.0000E+1	4.1463E-11
7.6600E+5	1.0000E+0	7.0954E-10	5.0000E+1	4.1065E-11
7.6650E+5	1.0000E+0	7.0104E-10	5.0000E+1	4.1149E-11
7.6700E+5	1.0000E+0	7.0053E-10	5.0000E+1	4.1656E-11
7.6750E+5	1.0000E+0	7.1351E-10	5.0000E+1	4.1778E-11
7.6800E+5	1.0000E+0	7.1457E-10	5.0000E+1	4.1387E-11
7.6850E+5	1.0000E+0	7.1351E-10	5.0000E+1	4.1845E-11
7.6900E+5	1.0000E+0	7.1505E-10	5.0000E+1	4.1978E-11
7.6950E+5	1.0000E+0	7.1595E-10	5.0000E+1	4.1556E-11
7.7000E+5	1.0000E+0	9.8706E-10	5.0000E+1	5.2179E-9
7.7050E+5	1.0000E+0	9.8223E-10	5.0000E+1	5.1799E-9
7.7100E+5	1.0000E+0	9.8013E-10	5.0000E+1	5.1795E-9
7.7150E+5	1.0000E+0	9.6155E-10	5.0000E+1	5.1814E-9
7.7200E+5	1.0000E+0	9.5110E-10	5.0000E+1	5.1818E-9
7.7250E+5	1.0000E+0	9.7127E-10	5.0000E+1	5.1820E-9
7.7300E+5	1.0000E+0	9.5782E-10	5.0000E+1	5.1809E-9
7.7350E+5	1.0000E+0	9.4508E-10	5.0000E+1	5.1808E-9
7.7400E+5	1.0000E+0	9.4389E-10	5.0000E+1	5.1804E-9
7.7450E+5	1.0000E+0	9.5529E-10	5.0000E+1	5.1824E-9
7.7500E+5	1.0000E+0	9.5501E-10	5.0000E+1	5.1819E-9
7.7550E+5	1.0000E+0	9.4533E-10	5.0000E+1	5.1803E-9
7.7600E+5	1.0000E+0	9.5818E-10	5.0000E+1	5.1786E-9
7.7650E+5	1.0000E+0	9.5089E-10	5.0000E+1	5.1768E-9
7.7700E+5	1.0000E+0	9.4841E-10	5.0000E+1	5.1769E-9
7.7750E+5	1.0000E+0	9.4318E-10	5.0000E+1	5.1755E-9
7.7800E+5	1.0000E+0	9.4542E-10	5.0000E+1	5.1767E-9
7.7850E+5	1.0000E+0	9.6146E-10	5.0000E+1	5.1752E-9
7.7900E+5	1.0000E+0	9.5887E-10	5.0000E+1	5.1762E-9
7.7950E+5	1.0000E+0	9.7254E-10	5.0000E+1	5.1742E-9
7.8000E+5	1.0000E+0	7.9223E-10	5.0000E+1	5.1594E-10
7.8050E+5	1.0000E+0	7.4844E-10	5.0000E+1	7.4891E-11
7.8100E+5	1.0000E+0	7.3248E-10	5.0000E+1	5.1877E-11
7.8150E+5	1.0000E+0	7.3790E-10	5.0000E+1	4.5861E-11
7.8200E+5	1.0000E+0	7.4063E-10	5.0000E+1	4.3163E-11
7.8250E+5	1.0000E+0	7.3054E-10	5.0000E+1	4.2416E-11
7.8300E+5	1.0000E+0	7.2289E-10	5.0000E+1	4.2062E-11
7.8350E+5	1.0000E+0	7.2497E-10	5.0000E+1	4.1510E-11
7.8400E+5	1.0000E+0	7.2066E-10	5.0000E+1	4.1406E-11
7.8450E+5	1.0000E+0	7.2429E-10	5.0000E+1	4.1506E-11
7.8500E+5	1.0000E+0	7.3234E-10	5.0000E+1	4.1257E-11
7.8550E+5	1.0000E+0	7.3641E-10	5.0000E+1	4.1372E-11
7.8600E+5	1.0000E+0	7.2666E-10	5.0000E+1	4.1531E-11
7.8650E+5	1.0000E+0	7.3807E-10	5.0000E+1	4.1739E-11
7.8700E+5	1.0000E+0	7.4749E-10	5.0000E+1	4.1649E-11
7.8750E+5	1.0000E+0	7.4158E-10	5.0000E+1	4.1485E-11
7.8800E+5	1.0000E+0	7.4870E-10	5.0000E+1	4.1286E-11
7.8850E+5	1.0000E+0	7.4108E-10	5.0000E+1	4.1233E-11
7.8900E+5	1.0000E+0	7.3560E-10	5.0000E+1	4.1462E-11
7.8950E+5	1.0000E+0	7.3434E-10	5.0000E+1	4.1876E-11
7.9000E+5	1.0000E+0	7.4209E-10	5.0000E+1	4.2024E-11
7.9050E+5	1.0000E+0	7.4943E-10	5.0000E+1	4.1559E-11
7.9100E+5	1.0000E+0	7.6424E-10	5.0000E+1	4.2033E-11
7.9150E+5	1.0000E+0	7.6370E-10	5.0000E+1	4.1984E-11
7.9200E+5	1.0000E+0	7.6509E-10	5.0000E+1	4.2468E-11
7.9250E+5	1.0000E+0	7.5707E-10	5.0000E+1	4.2775E-11
7.9300E+5	1.0000E+0	7.5795E-10	5.0000E+1	4.2516E-11
7.9350E+5	1.0000E+0	7.4008E-10	5.0000E+1	4.2903E-11
7.9400E+5	1.0000E+0	7.5390E-10	5.0000E+1	4.2694E-11
7.9450E+5	1.0000E+0	7.4293E-10	5.0000E+1	4.3109E-11
7.9500E+5	1.0000E+0	7.4433E-10	5.0000E+1	4.2626E-11
7.9550E+5	1.0000E+0	7.3663E-10	5.0000E+1	4.2697E-11
7.9600E+5	1.0000E+0	7.4160E-10	5.0000E+1	4.2785E-11
7.9650E+5	1.0000E+0	7.4326E-10	5.0000E+1	4.2216E-11
