File Name: 01_Sample1_device1_It_sweep_150kV_100uA_VDrain1V_VGateCHanging.dat
File Data: 07/11/2023	16:31:37
Start V: 0
Step V: 0
Stop V: 0
Range V: 200
Delay(ms): 0
Auorange: yes
Sweep type: log
Instrument Meter: SM2614
Time(ms)	Vdrain(V)	Idrain(A)	Vgate(V)	Igate(A)
0.0000E+0	1.0000E+0	1.1337E-12	3.0000E+0	1.2496E-10
1.0000E+3	1.0000E+0	3.6955E-13	3.0000E+0	1.0498E-10
1.5000E+3	1.0000E+0	1.1206E-13	3.0000E+0	9.6347E-11
2.0000E+3	1.0000E+0	2.7418E-14	3.0000E+0	8.9934E-11
2.5000E+3	1.0000E+0	-6.5565E-14	3.0000E+0	8.5304E-11
3.0000E+3	1.0000E+0	-2.7299E-13	3.0000E+0	7.9447E-11
3.5000E+3	1.0000E+0	-2.6703E-13	3.0000E+0	7.2142E-11
4.0000E+3	1.0000E+0	9.6172E-11	3.0000E+0	2.4255E-10
4.5000E+3	1.0000E+0	1.1306E-10	3.0000E+0	6.9824E-10
5.0000E+3	1.0000E+0	1.1141E-10	3.0000E+0	6.8838E-10
5.5000E+3	1.0000E+0	1.1043E-10	3.0000E+0	6.8060E-10
6.0000E+3	1.0000E+0	1.0962E-10	3.0000E+0	6.7401E-10
6.5000E+3	1.0000E+0	1.0928E-10	3.0000E+0	6.6945E-10
7.0000E+3	1.0000E+0	1.0887E-10	3.0000E+0	6.6501E-10
7.5000E+3	1.0000E+0	1.0867E-10	3.0000E+0	6.6198E-10
8.0000E+3	1.0000E+0	1.0857E-10	3.0000E+0	6.5819E-10
8.5000E+3	1.0000E+0	1.0819E-10	3.0000E+0	6.5603E-10
9.0000E+3	1.0000E+0	1.0817E-10	3.0000E+0	6.5374E-10
9.5000E+3	1.0000E+0	1.0816E-10	3.0000E+0	6.4931E-10
1.0000E+4	1.0000E+0	1.0803E-10	3.0000E+0	6.4699E-10
1.0500E+4	1.0000E+0	1.0781E-10	3.0000E+0	6.4538E-10
1.1000E+4	1.0000E+0	1.0768E-10	3.0000E+0	6.4391E-10
1.1500E+4	1.0000E+0	1.0767E-10	3.0000E+0	6.4293E-10
1.2000E+4	1.0000E+0	1.0772E-10	3.0000E+0	6.4046E-10
1.2500E+4	1.0000E+0	1.0756E-10	3.0000E+0	6.3785E-10
1.3000E+4	1.0000E+0	1.0756E-10	3.0000E+0	6.3700E-10
1.3500E+4	1.0000E+0	1.0757E-10	3.0000E+0	6.3626E-10
1.4000E+4	1.0000E+0	4.4277E-11	3.0000E+0	6.1832E-10
1.4500E+4	1.0000E+0	2.1601E-12	3.0000E+0	4.4066E-11
1.5000E+4	1.0000E+0	-6.2466E-13	3.0000E+0	2.3353E-11
1.5500E+4	1.0000E+0	-1.1158E-12	3.0000E+0	1.9790E-11
1.6000E+4	1.0000E+0	-1.1849E-12	3.0000E+0	1.8561E-11
1.6500E+4	1.0000E+0	-1.2493E-12	3.0000E+0	1.7599E-11
1.7000E+4	1.0000E+0	-1.3101E-12	3.0000E+0	1.6611E-11
1.7500E+4	1.0000E+0	-1.2767E-12	3.0000E+0	1.5929E-11
1.8000E+4	1.0000E+0	-1.2469E-12	3.0000E+0	1.5441E-11
1.8500E+4	1.0000E+0	-1.3816E-12	3.0000E+0	1.4596E-11
1.9000E+4	1.0000E+0	-1.2827E-12	3.0000E+0	1.3689E-11
1.9500E+4	1.0000E+0	-1.3089E-12	3.0000E+0	1.3331E-11
2.0000E+4	1.0000E+0	-1.3471E-12	3.0000E+0	1.3030E-11
2.0500E+4	1.0000E+0	-1.2898E-12	3.0000E+0	1.2347E-11
2.1000E+4	1.0000E+0	-1.2636E-12	3.0000E+0	1.1935E-11
2.1500E+4	1.0000E+0	-1.3256E-12	3.0000E+0	1.1550E-11
2.2000E+4	1.0000E+0	-1.2505E-12	3.0000E+0	1.1177E-11
2.2500E+4	1.0000E+0	-1.2326E-12	3.0000E+0	1.0730E-11
2.3000E+4	1.0000E+0	-1.2636E-12	3.0000E+0	1.0425E-11
2.3500E+4	1.0000E+0	-1.3184E-12	3.0000E+0	1.0122E-11
2.4000E+4	1.0000E+0	8.1552E-11	3.0000E+0	8.5276E-11
2.4500E+4	1.0000E+0	1.0490E-10	3.0000E+0	6.1973E-10
2.5000E+4	1.0000E+0	1.0750E-10	3.0000E+0	6.2179E-10
2.5500E+4	1.0000E+0	1.0738E-10	3.0000E+0	6.2161E-10
2.6000E+4	1.0000E+0	1.0739E-10	3.0000E+0	6.2117E-10
2.6500E+4	1.0000E+0	1.0736E-10	3.0000E+0	6.2134E-10
2.7000E+4	1.0000E+0	1.0742E-10	3.0000E+0	6.2109E-10
2.7500E+4	1.0000E+0	1.0720E-10	3.0000E+0	6.2052E-10
2.8000E+4	1.0000E+0	1.0706E-10	3.0000E+0	6.2084E-10
2.8500E+4	1.0000E+0	1.0722E-10	3.0000E+0	6.2045E-10
2.9000E+4	1.0000E+0	1.0710E-10	3.0000E+0	6.2011E-10
2.9500E+4	1.0000E+0	1.0711E-10	3.0000E+0	6.2007E-10
3.0000E+4	1.0000E+0	1.0715E-10	3.0000E+0	6.1963E-10
3.0500E+4	1.0000E+0	1.0705E-10	3.0000E+0	6.1934E-10
3.1000E+4	1.0000E+0	1.0706E-10	3.0000E+0	6.1922E-10
3.1500E+4	1.0000E+0	1.0707E-10	3.0000E+0	6.1919E-10
3.2000E+4	1.0000E+0	1.0697E-10	3.0000E+0	6.1860E-10
3.2500E+4	1.0000E+0	1.0685E-10	3.0000E+0	6.1889E-10
3.3000E+4	1.0000E+0	1.0682E-10	3.0000E+0	6.1852E-10
3.3500E+4	1.0000E+0	1.0687E-10	3.0000E+0	6.1836E-10
3.4000E+4	1.0000E+0	5.4632E-11	3.0000E+0	6.1747E-10
3.4500E+4	1.0000E+0	2.4152E-12	3.0000E+0	3.6886E-11
3.5000E+4	1.0000E+0	-9.4533E-13	3.0000E+0	1.3639E-11
3.5500E+4	1.0000E+0	-1.3006E-12	3.0000E+0	1.0512E-11
3.6000E+4	1.0000E+0	-1.2743E-12	3.0000E+0	9.6798E-12
3.6500E+4	1.0000E+0	-1.3328E-12	3.0000E+0	9.2447E-12
3.7000E+4	1.0000E+0	-1.3316E-12	3.0000E+0	8.9335E-12
3.7500E+4	1.0000E+0	-1.4615E-12	3.0000E+0	8.6677E-12
3.8000E+4	1.0000E+0	-1.4651E-12	3.0000E+0	8.5807E-12
3.8500E+4	1.0000E+0	-1.4830E-12	3.0000E+0	8.2803E-12
3.9000E+4	1.0000E+0	-1.4353E-12	3.0000E+0	8.1122E-12
3.9500E+4	1.0000E+0	-1.3900E-12	3.0000E+0	7.9048E-12
4.0000E+4	1.0000E+0	-1.4031E-12	3.0000E+0	7.7379E-12
4.0500E+4	1.0000E+0	-1.4043E-12	3.0000E+0	7.5936E-12
4.1000E+4	1.0000E+0	-1.3828E-12	3.0000E+0	7.5865E-12
4.1500E+4	1.0000E+0	-1.3483E-12	3.0000E+0	7.3945E-12
4.2000E+4	1.0000E+0	-1.3149E-12	3.0000E+0	7.2670E-12
4.2500E+4	1.0000E+0	-1.3566E-12	3.0000E+0	7.1728E-12
4.3000E+4	1.0000E+0	-1.3423E-12	3.0000E+0	7.1728E-12
4.3500E+4	1.0000E+0	-1.3864E-12	3.0000E+0	7.0310E-12
4.4000E+4	1.0000E+0	7.5290E-11	3.0000E+0	3.6714E-11
4.4500E+4	1.0000E+0	1.0454E-10	3.0000E+0	6.1258E-10
4.5000E+4	1.0000E+0	1.0684E-10	3.0000E+0	6.1532E-10
4.5500E+4	1.0000E+0	1.0686E-10	3.0000E+0	6.1520E-10
4.6000E+4	1.0000E+0	1.0689E-10	3.0000E+0	6.1527E-10
4.6500E+4	1.0000E+0	1.0698E-10	3.0000E+0	6.1505E-10
4.7000E+4	1.0000E+0	1.0670E-10	3.0000E+0	6.1524E-10
4.7500E+4	1.0000E+0	1.0675E-10	3.0000E+0	6.1509E-10
4.8000E+4	1.0000E+0	1.0663E-10	3.0000E+0	6.1514E-10
4.8500E+4	1.0000E+0	1.0662E-10	3.0000E+0	6.1508E-10
4.9000E+4	1.0000E+0	1.0655E-10	3.0000E+0	6.1511E-10
4.9500E+4	1.0000E+0	1.0663E-10	3.0000E+0	6.1513E-10
5.0000E+4	1.0000E+0	1.0659E-10	3.0000E+0	6.1500E-10
5.0500E+4	1.0000E+0	1.0663E-10	3.0000E+0	6.1509E-10
5.1000E+4	1.0000E+0	1.0647E-10	3.0000E+0	6.1488E-10
5.1500E+4	1.0000E+0	1.0660E-10	3.0000E+0	6.1464E-10
5.2000E+4	1.0000E+0	1.0650E-10	3.0000E+0	6.1461E-10
5.2500E+4	1.0000E+0	1.0652E-10	3.0000E+0	6.1444E-10
5.3000E+4	1.0000E+0	1.0653E-10	3.0000E+0	6.1453E-10
5.3500E+4	1.0000E+0	1.0654E-10	3.0000E+0	6.1447E-10
5.4000E+4	1.0000E+0	6.5182E-11	3.0000E+0	6.1427E-10
5.4500E+4	1.0000E+0	2.8396E-12	3.0000E+0	4.0499E-11
5.5000E+4	1.0000E+0	-7.5459E-13	3.0000E+0	1.3249E-11
5.5500E+4	1.0000E+0	-1.1838E-12	3.0000E+0	1.0132E-11
5.6000E+4	1.0000E+0	-1.2028E-12	3.0000E+0	9.3579E-12
5.6500E+4	1.0000E+0	-1.3566E-12	3.0000E+0	8.8775E-12
5.7000E+4	1.0000E+0	-1.2863E-12	3.0000E+0	8.5568E-12
5.7500E+4	1.0000E+0	-1.2851E-12	3.0000E+0	8.2910E-12
5.8000E+4	1.0000E+0	-1.3673E-12	3.0000E+0	8.1050E-12
5.8500E+4	1.0000E+0	-1.3554E-12	3.0000E+0	7.8142E-12
5.9000E+4	1.0000E+0	-1.4222E-12	3.0000E+0	7.8154E-12
5.9500E+4	1.0000E+0	-1.4472E-12	3.0000E+0	7.5781E-12
6.0000E+4	1.0000E+0	-1.4162E-12	3.0000E+0	7.5007E-12
6.0500E+4	1.0000E+0	-1.3423E-12	3.0000E+0	7.2944E-12
6.1000E+4	1.0000E+0	-1.3530E-12	3.0000E+0	7.1001E-12
6.1500E+4	1.0000E+0	-1.4520E-12	3.0000E+0	7.2825E-12
6.2000E+4	1.0000E+0	-1.2648E-12	3.0000E+0	6.9869E-12
6.2500E+4	1.0000E+0	-1.3411E-12	3.0000E+0	6.9869E-12
6.3000E+4	1.0000E+0	-1.4198E-12	3.0000E+0	6.9034E-12
6.3500E+4	1.0000E+0	-1.3304E-12	3.0000E+0	6.8808E-12
6.4000E+4	1.0000E+0	6.7958E-11	3.0000E+0	9.1696E-12
6.4500E+4	1.0000E+0	1.0516E-10	3.0000E+0	6.0876E-10
6.5000E+4	1.0000E+0	1.0697E-10	3.0000E+0	6.1147E-10
6.5500E+4	1.0000E+0	1.0690E-10	3.0000E+0	6.1185E-10
6.6000E+4	1.0000E+0	1.0677E-10	3.0000E+0	6.1144E-10
6.6500E+4	1.0000E+0	1.0670E-10	3.0000E+0	6.1188E-10
6.7000E+4	1.0000E+0	1.0666E-10	3.0000E+0	6.1150E-10
6.7500E+4	1.0000E+0	1.0657E-10	3.0000E+0	6.1151E-10
6.8000E+4	1.0000E+0	1.0663E-10	3.0000E+0	6.1172E-10
6.8500E+4	1.0000E+0	1.0654E-10	3.0000E+0	6.1142E-10
6.9000E+4	1.0000E+0	1.0655E-10	3.0000E+0	6.1114E-10
6.9500E+4	1.0000E+0	1.0640E-10	3.0000E+0	6.1123E-10
7.0000E+4	1.0000E+0	1.0648E-10	3.0000E+0	6.1072E-10
7.0500E+4	1.0000E+0	1.0649E-10	3.0000E+0	6.1066E-10
7.1000E+4	1.0000E+0	1.0634E-10	3.0000E+0	6.1075E-10
7.1500E+4	1.0000E+0	1.0647E-10	3.0000E+0	6.1070E-10
7.2000E+4	1.0000E+0	1.0645E-10	3.0000E+0	6.1098E-10
7.2500E+4	1.0000E+0	1.0645E-10	3.0000E+0	6.1071E-10
7.3000E+4	1.0000E+0	1.0651E-10	3.0000E+0	6.1090E-10
7.3500E+4	1.0000E+0	1.0643E-10	3.0000E+0	6.1061E-10
7.4000E+4	1.0000E+0	7.5736E-11	3.0000E+0	6.1025E-10
7.4500E+4	1.0000E+0	3.4213E-12	3.0000E+0	4.4889E-11
7.5000E+4	1.0000E+0	-8.7261E-13	3.0000E+0	1.3403E-11
7.5500E+4	1.0000E+0	-1.3506E-12	3.0000E+0	1.0188E-11
7.6000E+4	1.0000E+0	-1.5223E-12	3.0000E+0	9.2232E-12
7.6500E+4	1.0000E+0	-1.3781E-12	3.0000E+0	8.8847E-12
7.7000E+4	1.0000E+0	-1.4150E-12	3.0000E+0	8.4889E-12
7.7500E+4	1.0000E+0	-1.3637E-12	3.0000E+0	8.3852E-12
7.8000E+4	1.0000E+0	-1.4007E-12	3.0000E+0	8.3005E-12
7.8500E+4	1.0000E+0	-1.3292E-12	3.0000E+0	8.0073E-12
7.9000E+4	1.0000E+0	-1.4210E-12	3.0000E+0	7.7605E-12
7.9500E+4	1.0000E+0	-1.4424E-12	3.0000E+0	7.5460E-12
8.0000E+4	1.0000E+0	-1.4031E-12	3.0000E+0	7.4518E-12
8.0500E+4	1.0000E+0	8.6856E-12	2.0000E+0	-1.1592E-10
8.1000E+4	1.0000E+0	-7.9989E-13	2.0000E+0	-3.1927E-11
8.1500E+4	1.0000E+0	-1.2457E-12	2.0000E+0	-2.5611E-11
8.2000E+4	1.0000E+0	-1.3304E-12	2.0000E+0	-2.2720E-11
8.2500E+4	1.0000E+0	-1.3649E-12	2.0000E+0	-2.1110E-11
8.3000E+4	1.0000E+0	-1.3042E-12	2.0000E+0	-1.9187E-11
8.3500E+4	1.0000E+0	-1.4639E-12	2.0000E+0	-1.7570E-11
8.4000E+4	1.0000E+0	5.9823E-11	2.0000E+0	-1.5442E-11
8.4500E+4	1.0000E+0	1.0832E-10	2.0000E+0	3.5885E-10
8.5000E+4	1.0000E+0	1.0941E-10	2.0000E+0	3.6748E-10
8.5500E+4	1.0000E+0	1.0959E-10	2.0000E+0	3.7057E-10
8.6000E+4	1.0000E+0	1.0946E-10	2.0000E+0	3.7264E-10
8.6500E+4	1.0000E+0	1.0939E-10	2.0000E+0	3.7395E-10
8.7000E+4	1.0000E+0	1.0952E-10	2.0000E+0	3.7547E-10
8.7500E+4	1.0000E+0	1.0926E-10	2.0000E+0	3.7695E-10
8.8000E+4	1.0000E+0	1.0941E-10	2.0000E+0	3.7779E-10
8.8500E+4	1.0000E+0	1.0950E-10	2.0000E+0	3.7854E-10
8.9000E+4	1.0000E+0	1.0943E-10	2.0000E+0	3.7959E-10
8.9500E+4	1.0000E+0	1.0941E-10	2.0000E+0	3.8030E-10
9.0000E+4	1.0000E+0	1.0926E-10	2.0000E+0	3.8039E-10
9.0500E+4	1.0000E+0	1.0933E-10	2.0000E+0	3.8123E-10
9.1000E+4	1.0000E+0	1.0940E-10	2.0000E+0	3.8187E-10
9.1500E+4	1.0000E+0	1.0933E-10	2.0000E+0	3.8205E-10
9.2000E+4	1.0000E+0	1.0921E-10	2.0000E+0	3.8221E-10
9.2500E+4	1.0000E+0	1.0928E-10	2.0000E+0	3.8278E-10
9.3000E+4	1.0000E+0	1.0924E-10	2.0000E+0	3.8335E-10
9.3500E+4	1.0000E+0	1.0923E-10	2.0000E+0	3.8344E-10
9.4000E+4	1.0000E+0	8.8220E-11	2.0000E+0	3.8375E-10
9.4500E+4	1.0000E+0	4.1652E-12	2.0000E+0	3.6473E-11
9.5000E+4	1.0000E+0	-6.4254E-13	2.0000E+0	5.0020E-12
9.5500E+4	1.0000E+0	-1.1563E-12	2.0000E+0	2.2471E-12
9.6000E+4	1.0000E+0	-1.3220E-12	2.0000E+0	1.7667E-12
9.6500E+4	1.0000E+0	-1.3614E-12	2.0000E+0	1.7941E-12
9.7000E+4	1.0000E+0	-1.2445E-12	2.0000E+0	1.8334E-12
9.7500E+4	1.0000E+0	-1.3137E-12	2.0000E+0	1.9169E-12
9.8000E+4	1.0000E+0	-1.2898E-12	2.0000E+0	1.8287E-12
9.8500E+4	1.0000E+0	-1.2362E-12	2.0000E+0	1.7834E-12
9.9000E+4	1.0000E+0	-1.2708E-12	2.0000E+0	1.8454E-12
9.9500E+4	1.0000E+0	-1.3661E-12	2.0000E+0	1.8775E-12
1.0000E+5	1.0000E+0	-1.3208E-12	2.0000E+0	2.0337E-12
1.0050E+5	1.0000E+0	-1.2195E-12	2.0000E+0	2.0492E-12
1.0100E+5	1.0000E+0	-1.3530E-12	2.0000E+0	2.1517E-12
1.0150E+5	1.0000E+0	-1.4114E-12	2.0000E+0	2.2292E-12
1.0200E+5	1.0000E+0	-1.3816E-12	2.0000E+0	2.2686E-12
1.0250E+5	1.0000E+0	-1.4174E-12	2.0000E+0	2.2876E-12
1.0300E+5	1.0000E+0	-1.3852E-12	2.0000E+0	2.4402E-12
1.0350E+5	1.0000E+0	-1.3471E-12	2.0000E+0	2.3735E-12
1.0400E+5	1.0000E+0	4.7935E-11	2.0000E+0	2.3913E-12
1.0450E+5	1.0000E+0	1.0994E-10	2.0000E+0	3.8708E-10
1.0500E+5	1.0000E+0	1.1280E-10	2.0000E+0	3.8929E-10
1.0550E+5	1.0000E+0	1.1278E-10	2.0000E+0	3.9043E-10
1.0600E+5	1.0000E+0	1.1255E-10	2.0000E+0	3.9074E-10
1.0650E+5	1.0000E+0	1.1265E-10	2.0000E+0	3.9098E-10
1.0700E+5	1.0000E+0	1.1265E-10	2.0000E+0	3.9102E-10
1.0750E+5	1.0000E+0	1.1242E-10	2.0000E+0	3.9129E-10
1.0800E+5	1.0000E+0	1.1270E-10	2.0000E+0	3.9100E-10
1.0850E+5	1.0000E+0	1.1260E-10	2.0000E+0	3.9150E-10
1.0900E+5	1.0000E+0	1.1249E-10	2.0000E+0	3.9123E-10
1.0950E+5	1.0000E+0	1.1252E-10	2.0000E+0	3.9151E-10
1.1000E+5	1.0000E+0	1.1247E-10	2.0000E+0	3.9135E-10
1.1050E+5	1.0000E+0	1.1241E-10	2.0000E+0	3.9162E-10
1.1100E+5	1.0000E+0	1.1237E-10	2.0000E+0	3.9144E-10
1.1150E+5	1.0000E+0	1.1226E-10	2.0000E+0	3.9168E-10
1.1200E+5	1.0000E+0	1.1240E-10	2.0000E+0	3.9185E-10
1.1250E+5	1.0000E+0	1.1239E-10	2.0000E+0	3.9199E-10
1.1300E+5	1.0000E+0	1.1259E-10	2.0000E+0	3.9212E-10
1.1350E+5	1.0000E+0	1.1247E-10	2.0000E+0	3.9186E-10
1.1400E+5	1.0000E+0	9.8385E-11	2.0000E+0	3.9227E-10
1.1450E+5	1.0000E+0	5.4312E-12	2.0000E+0	4.6178E-11
1.1500E+5	1.0000E+0	-5.2452E-13	2.0000E+0	1.0188E-11
1.1550E+5	1.0000E+0	-1.2052E-12	2.0000E+0	6.7937E-12
1.1600E+5	1.0000E+0	-1.2612E-12	2.0000E+0	6.1595E-12
1.1650E+5	1.0000E+0	-1.3495E-12	2.0000E+0	5.7316E-12
1.1700E+5	1.0000E+0	-1.3244E-12	2.0000E+0	5.5623E-12
1.1750E+5	1.0000E+0	-1.2362E-12	2.0000E+0	5.4956E-12
1.1800E+5	1.0000E+0	-1.2958E-12	2.0000E+0	5.4979E-12
1.1850E+5	1.0000E+0	-1.3733E-12	2.0000E+0	5.3334E-12
1.1900E+5	1.0000E+0	-1.3542E-12	2.0000E+0	5.3275E-12
1.1950E+5	1.0000E+0	-1.4079E-12	2.0000E+0	5.0914E-12
1.2000E+5	1.0000E+0	-1.3637E-12	2.0000E+0	5.1248E-12
1.2050E+5	1.0000E+0	-1.4377E-12	2.0000E+0	4.9019E-12
1.2100E+5	1.0000E+0	-1.3495E-12	2.0000E+0	4.9102E-12
1.2150E+5	1.0000E+0	-1.3149E-12	2.0000E+0	5.0807E-12
1.2200E+5	1.0000E+0	-1.4043E-12	2.0000E+0	4.6611E-12
1.2250E+5	1.0000E+0	-1.3137E-12	2.0000E+0	4.6825E-12
1.2300E+5	1.0000E+0	-1.2720E-12	2.0000E+0	4.5312E-12
1.2350E+5	1.0000E+0	-1.3518E-12	2.0000E+0	4.4405E-12
1.2400E+5	1.0000E+0	3.5464E-11	2.0000E+0	4.3893E-12
1.2450E+5	1.0000E+0	1.1020E-10	2.0000E+0	3.8780E-10
1.2500E+5	1.0000E+0	1.1289E-10	2.0000E+0	3.9069E-10
1.2550E+5	1.0000E+0	1.1282E-10	2.0000E+0	3.9102E-10
1.2600E+5	1.0000E+0	1.1282E-10	2.0000E+0	3.9118E-10
1.2650E+5	1.0000E+0	1.1276E-10	2.0000E+0	3.9114E-10
1.2700E+5	1.0000E+0	1.1276E-10	2.0000E+0	3.9087E-10
1.2750E+5	1.0000E+0	1.1272E-10	2.0000E+0	3.9131E-10
1.2800E+5	1.0000E+0	1.1263E-10	2.0000E+0	3.9131E-10
1.2850E+5	1.0000E+0	1.1263E-10	2.0000E+0	3.9128E-10
1.2900E+5	1.0000E+0	1.1256E-10	2.0000E+0	3.9128E-10
1.2950E+5	1.0000E+0	1.1245E-10	2.0000E+0	3.9158E-10
1.3000E+5	1.0000E+0	1.1257E-10	2.0000E+0	3.9120E-10
1.3050E+5	1.0000E+0	1.1251E-10	2.0000E+0	3.9147E-10
1.3100E+5	1.0000E+0	1.1240E-10	2.0000E+0	3.9168E-10
1.3150E+5	1.0000E+0	1.1256E-10	2.0000E+0	3.9156E-10
1.3200E+5	1.0000E+0	1.1256E-10	2.0000E+0	3.9170E-10
1.3250E+5	1.0000E+0	1.1266E-10	2.0000E+0	3.9165E-10
1.3300E+5	1.0000E+0	1.1228E-10	2.0000E+0	3.9173E-10
1.3350E+5	1.0000E+0	1.1252E-10	2.0000E+0	3.9162E-10
1.3400E+5	1.0000E+0	1.0587E-10	2.0000E+0	3.9134E-10
1.3450E+5	1.0000E+0	6.3145E-12	2.0000E+0	5.3616E-11
1.3500E+5	1.0000E+0	-3.4094E-13	2.0000E+0	1.1593E-11
1.3550E+5	1.0000E+0	-1.1408E-12	2.0000E+0	7.5018E-12
1.3600E+5	1.0000E+0	-1.3936E-12	2.0000E+0	6.8200E-12
1.3650E+5	1.0000E+0	-1.2898E-12	2.0000E+0	6.4862E-12
1.3700E+5	1.0000E+0	-1.2422E-12	2.0000E+0	6.2787E-12
1.3750E+5	1.0000E+0	-1.3411E-12	2.0000E+0	6.2323E-12
1.3800E+5	1.0000E+0	-1.4305E-12	2.0000E+0	5.9283E-12
1.3850E+5	1.0000E+0	-1.3232E-12	2.0000E+0	5.9843E-12
1.3900E+5	1.0000E+0	-1.4162E-12	2.0000E+0	5.8985E-12
1.3950E+5	1.0000E+0	-1.4520E-12	2.0000E+0	5.8138E-12
1.4000E+5	1.0000E+0	-1.3888E-12	2.0000E+0	5.5182E-12
1.4050E+5	1.0000E+0	-1.4341E-12	2.0000E+0	5.4562E-12
1.4100E+5	1.0000E+0	-1.4651E-12	2.0000E+0	5.3346E-12
1.4150E+5	1.0000E+0	-1.2815E-12	2.0000E+0	5.2929E-12
1.4200E+5	1.0000E+0	-1.3471E-12	2.0000E+0	5.3275E-12
1.4250E+5	1.0000E+0	-1.4090E-12	2.0000E+0	5.2691E-12
1.4300E+5	1.0000E+0	-1.2028E-12	2.0000E+0	5.1248E-12
1.4350E+5	1.0000E+0	-1.3089E-12	2.0000E+0	5.1463E-12
1.4400E+5	1.0000E+0	2.4712E-11	2.0000E+0	4.8804E-12
1.4450E+5	1.0000E+0	1.1037E-10	2.0000E+0	3.8692E-10
1.4500E+5	1.0000E+0	1.1297E-10	2.0000E+0	3.9023E-10
1.4550E+5	1.0000E+0	1.1286E-10	2.0000E+0	3.9036E-10
1.4600E+5	1.0000E+0	1.1276E-10	2.0000E+0	3.9055E-10
1.4650E+5	1.0000E+0	1.1264E-10	2.0000E+0	3.9064E-10
1.4700E+5	1.0000E+0	1.1269E-10	2.0000E+0	3.9059E-10
1.4750E+5	1.0000E+0	1.1262E-10	2.0000E+0	3.9049E-10
1.4800E+5	1.0000E+0	1.1257E-10	2.0000E+0	3.9031E-10
1.4850E+5	1.0000E+0	1.1257E-10	2.0000E+0	3.9031E-10
1.4900E+5	1.0000E+0	1.1252E-10	2.0000E+0	3.9039E-10
1.4950E+5	1.0000E+0	1.1251E-10	2.0000E+0	3.9029E-10
1.5000E+5	1.0000E+0	1.1241E-10	2.0000E+0	3.9013E-10
1.5050E+5	1.0000E+0	1.1233E-10	2.0000E+0	3.9027E-10
1.5100E+5	1.0000E+0	1.1238E-10	2.0000E+0	3.9011E-10
1.5150E+5	1.0000E+0	1.1230E-10	2.0000E+0	3.8989E-10
1.5200E+5	1.0000E+0	1.1234E-10	2.0000E+0	3.8996E-10
1.5250E+5	1.0000E+0	1.1232E-10	2.0000E+0	3.9015E-10
1.5300E+5	1.0000E+0	1.1236E-10	2.0000E+0	3.9022E-10
1.5350E+5	1.0000E+0	1.1223E-10	2.0000E+0	3.9011E-10
1.5400E+5	1.0000E+0	1.1117E-10	2.0000E+0	3.9000E-10
1.5450E+5	1.0000E+0	7.4983E-12	2.0000E+0	6.2196E-11
1.5500E+5	1.0000E+0	-3.6955E-13	2.0000E+0	1.2060E-11
1.5550E+5	1.0000E+0	-1.1945E-12	2.0000E+0	7.8702E-12
1.5600E+5	1.0000E+0	-1.3125E-12	2.0000E+0	6.9451E-12
1.5650E+5	1.0000E+0	-1.4186E-12	2.0000E+0	6.6423E-12
1.5700E+5	1.0000E+0	-1.3471E-12	2.0000E+0	6.3872E-12
1.5750E+5	1.0000E+0	-1.2159E-12	2.0000E+0	6.3944E-12
1.5800E+5	1.0000E+0	-1.3137E-12	2.0000E+0	6.1870E-12
1.5850E+5	1.0000E+0	-1.4424E-12	2.0000E+0	6.0153E-12
1.5900E+5	1.0000E+0	-1.3101E-12	2.0000E+0	5.8627E-12
1.5950E+5	1.0000E+0	-1.3709E-12	2.0000E+0	5.7888E-12
1.6000E+5	1.0000E+0	-1.3113E-12	2.0000E+0	5.6326E-12
1.6050E+5	1.0000E+0	8.8572E-12	1.0000E+0	-1.1133E-10
1.6100E+5	1.0000E+0	-8.7261E-13	1.0000E+0	-2.5867E-11
1.6150E+5	1.0000E+0	-1.1682E-12	1.0000E+0	-2.0319E-11
1.6200E+5	1.0000E+0	-1.2100E-12	1.0000E+0	-1.8979E-11
1.6250E+5	1.0000E+0	-1.3280E-12	1.0000E+0	-1.7929E-11
1.6300E+5	1.0000E+0	-1.3113E-12	1.0000E+0	-1.6595E-11
1.6350E+5	1.0000E+0	-1.2863E-12	1.0000E+0	-1.5432E-11
1.6400E+5	1.0000E+0	1.6198E-11	1.0000E+0	-1.4865E-11
1.6450E+5	1.0000E+0	1.2089E-10	1.0000E+0	8.8164E-11
1.6500E+5	1.0000E+0	1.2281E-10	1.0000E+0	1.1647E-10
1.6550E+5	1.0000E+0	1.2314E-10	1.0000E+0	1.2234E-10
1.6600E+5	1.0000E+0	1.2306E-10	1.0000E+0	1.2462E-10
1.6650E+5	1.0000E+0	1.2300E-10	1.0000E+0	1.2646E-10
1.6700E+5	1.0000E+0	1.2291E-10	1.0000E+0	1.2793E-10
1.6750E+5	1.0000E+0	1.2283E-10	1.0000E+0	1.2893E-10
1.6800E+5	1.0000E+0	1.2267E-10	1.0000E+0	1.3041E-10
1.6850E+5	1.0000E+0	1.2271E-10	1.0000E+0	1.3122E-10
1.6900E+5	1.0000E+0	1.2257E-10	1.0000E+0	1.3198E-10
1.6950E+5	1.0000E+0	1.2269E-10	1.0000E+0	1.3241E-10
1.7000E+5	1.0000E+0	1.2272E-10	1.0000E+0	1.3336E-10
1.7050E+5	1.0000E+0	1.2264E-10	1.0000E+0	1.3396E-10
1.7100E+5	1.0000E+0	1.2242E-10	1.0000E+0	1.3423E-10
1.7150E+5	1.0000E+0	1.2233E-10	1.0000E+0	1.3457E-10
1.7200E+5	1.0000E+0	1.2229E-10	1.0000E+0	1.3487E-10
1.7250E+5	1.0000E+0	1.2242E-10	1.0000E+0	1.3553E-10
1.7300E+5	1.0000E+0	1.2258E-10	1.0000E+0	1.3587E-10
1.7350E+5	1.0000E+0	1.2245E-10	1.0000E+0	1.3625E-10
1.7400E+5	1.0000E+0	1.2224E-10	1.0000E+0	1.3664E-10
1.7450E+5	1.0000E+0	9.1743E-12	1.0000E+0	3.3529E-11
1.7500E+5	1.0000E+0	-1.3471E-13	1.0000E+0	7.7128E-13
1.7550E+5	1.0000E+0	-1.0514E-12	1.0000E+0	-1.3542E-12
1.7600E+5	1.0000E+0	-1.2589E-12	1.0000E+0	-1.8036E-12
1.7650E+5	1.0000E+0	-1.2863E-12	1.0000E+0	-1.7655E-12
1.7700E+5	1.0000E+0	-1.2171E-12	1.0000E+0	-1.6320E-12
1.7750E+5	1.0000E+0	-1.2600E-12	1.0000E+0	-1.7536E-12
1.7800E+5	1.0000E+0	-1.3387E-12	1.0000E+0	-1.6058E-12
1.7850E+5	1.0000E+0	-1.2803E-12	1.0000E+0	-1.3661E-12
1.7900E+5	1.0000E+0	-1.2779E-12	1.0000E+0	-1.4734E-12
1.7950E+5	1.0000E+0	-1.3506E-12	1.0000E+0	-1.3614E-12
1.8000E+5	1.0000E+0	-1.2040E-12	1.0000E+0	-1.2946E-12
1.8050E+5	1.0000E+0	-1.4102E-12	1.0000E+0	-1.1551E-12
1.8100E+5	1.0000E+0	-1.3387E-12	1.0000E+0	-1.0967E-12
1.8150E+5	1.0000E+0	-1.3268E-12	1.0000E+0	-1.1194E-12
1.8200E+5	1.0000E+0	-1.3697E-12	1.0000E+0	-1.1396E-12
1.8250E+5	1.0000E+0	-1.3816E-12	1.0000E+0	-1.0884E-12
1.8300E+5	1.0000E+0	-1.2970E-12	1.0000E+0	-9.8705E-13
1.8350E+5	1.0000E+0	-1.2791E-12	1.0000E+0	-9.2983E-13
1.8400E+5	1.0000E+0	6.7210E-12	1.0000E+0	-8.6308E-13
1.8450E+5	1.0000E+0	1.1891E-10	1.0000E+0	1.1396E-10
1.8500E+5	1.0000E+0	1.2223E-10	1.0000E+0	1.3692E-10
1.8550E+5	1.0000E+0	1.2237E-10	1.0000E+0	1.3899E-10
1.8600E+5	1.0000E+0	1.2233E-10	1.0000E+0	1.3932E-10
1.8650E+5	1.0000E+0	1.2227E-10	1.0000E+0	1.3971E-10
1.8700E+5	1.0000E+0	1.2225E-10	1.0000E+0	1.3974E-10
1.8750E+5	1.0000E+0	1.2208E-10	1.0000E+0	1.4001E-10
1.8800E+5	1.0000E+0	1.2217E-10	1.0000E+0	1.4024E-10
1.8850E+5	1.0000E+0	1.2213E-10	1.0000E+0	1.4037E-10
1.8900E+5	1.0000E+0	1.2216E-10	1.0000E+0	1.4042E-10
1.8950E+5	1.0000E+0	1.2194E-10	1.0000E+0	1.4068E-10
1.9000E+5	1.0000E+0	1.2185E-10	1.0000E+0	1.4097E-10
1.9050E+5	1.0000E+0	1.2205E-10	1.0000E+0	1.4102E-10
1.9100E+5	1.0000E+0	1.2195E-10	1.0000E+0	1.4114E-10
1.9150E+5	1.0000E+0	1.2198E-10	1.0000E+0	1.4130E-10
1.9200E+5	1.0000E+0	1.2187E-10	1.0000E+0	1.4142E-10
1.9250E+5	1.0000E+0	1.2191E-10	1.0000E+0	1.4145E-10
1.9300E+5	1.0000E+0	1.2187E-10	1.0000E+0	1.4170E-10
1.9350E+5	1.0000E+0	1.2186E-10	1.0000E+0	1.4187E-10
1.9400E+5	1.0000E+0	1.0399E-10	1.0000E+0	1.4187E-10
1.9500E+5	1.0000E+0	3.5763E-14	1.0000E+0	5.0378E-12
1.9550E+5	1.0000E+0	-1.0252E-12	1.0000E+0	2.5821E-12
1.9600E+5	1.0000E+0	-1.2469E-12	1.0000E+0	2.0897E-12
1.9650E+5	1.0000E+0	-1.3483E-12	1.0000E+0	1.9872E-12
1.9700E+5	1.0000E+0	-1.3983E-12	1.0000E+0	1.7738E-12
1.9750E+5	1.0000E+0	-1.4138E-12	1.0000E+0	1.7619E-12
1.9800E+5	1.0000E+0	-1.5414E-12	1.0000E+0	1.8167E-12
1.9850E+5	1.0000E+0	-1.3578E-12	1.0000E+0	1.9109E-12
1.9900E+5	1.0000E+0	-1.4889E-12	1.0000E+0	1.8382E-12
1.9950E+5	1.0000E+0	-1.4246E-12	1.0000E+0	1.7655E-12
2.0000E+5	1.0000E+0	-1.4329E-12	1.0000E+0	1.6689E-12
2.0050E+5	1.0000E+0	-1.4102E-12	1.0000E+0	1.5640E-12
2.0100E+5	1.0000E+0	-1.3328E-12	1.0000E+0	1.6332E-12
2.0150E+5	1.0000E+0	-1.3614E-12	1.0000E+0	1.6534E-12
2.0200E+5	1.0000E+0	-1.3053E-12	1.0000E+0	1.5759E-12
2.0250E+5	1.0000E+0	-1.3566E-12	1.0000E+0	1.6439E-12
2.0300E+5	1.0000E+0	-1.4806E-12	1.0000E+0	1.5378E-12
2.0350E+5	1.0000E+0	-1.4102E-12	1.0000E+0	1.5211E-12
2.0400E+5	1.0000E+0	1.7881E-13	1.0000E+0	1.6177E-12
2.0450E+5	1.0000E+0	1.1774E-10	1.0000E+0	1.1447E-10
2.0500E+5	1.0000E+0	1.2232E-10	1.0000E+0	1.4156E-10
2.0550E+5	1.0000E+0	1.2225E-10	1.0000E+0	1.4248E-10
2.0600E+5	1.0000E+0	1.2200E-10	1.0000E+0	1.4257E-10
2.0650E+5	1.0000E+0	1.2206E-10	1.0000E+0	1.4253E-10
2.0700E+5	1.0000E+0	1.2196E-10	1.0000E+0	1.4263E-10
2.0750E+5	1.0000E+0	1.2208E-10	1.0000E+0	1.4283E-10
2.0800E+5	1.0000E+0	1.2190E-10	1.0000E+0	1.4307E-10
2.0850E+5	1.0000E+0	1.2178E-10	1.0000E+0	1.4305E-10
2.0900E+5	1.0000E+0	1.2188E-10	1.0000E+0	1.4311E-10
2.0950E+5	1.0000E+0	1.2173E-10	1.0000E+0	1.4320E-10
2.1000E+5	1.0000E+0	1.2163E-10	1.0000E+0	1.4332E-10
2.1050E+5	1.0000E+0	1.2173E-10	1.0000E+0	1.4347E-10
2.1100E+5	1.0000E+0	1.2156E-10	1.0000E+0	1.4349E-10
2.1150E+5	1.0000E+0	1.2163E-10	1.0000E+0	1.4369E-10
2.1200E+5	1.0000E+0	1.2157E-10	1.0000E+0	1.4360E-10
2.1250E+5	1.0000E+0	1.2146E-10	1.0000E+0	1.4389E-10
2.1300E+5	1.0000E+0	1.2160E-10	1.0000E+0	1.4395E-10
2.1350E+5	1.0000E+0	1.2163E-10	1.0000E+0	1.4394E-10
2.1400E+5	1.0000E+0	1.2144E-10	1.0000E+0	1.4406E-10
2.1450E+5	1.0000E+0	1.3045E-11	1.0000E+0	5.4963E-11
2.1500E+5	1.0000E+0	4.7684E-14	1.0000E+0	6.7103E-12
2.1550E+5	1.0000E+0	-1.2004E-12	1.0000E+0	3.8171E-12
2.1600E+5	1.0000E+0	-1.3471E-12	1.0000E+0	3.3283E-12
2.1650E+5	1.0000E+0	-1.4150E-12	1.0000E+0	3.1483E-12
2.1700E+5	1.0000E+0	-1.2934E-12	1.0000E+0	3.0720E-12
2.1750E+5	1.0000E+0	-1.4722E-12	1.0000E+0	2.9063E-12
2.1800E+5	1.0000E+0	-1.2994E-12	1.0000E+0	2.8312E-12
2.1850E+5	1.0000E+0	-1.3959E-12	1.0000E+0	2.7645E-12
2.1900E+5	1.0000E+0	-1.4114E-12	1.0000E+0	2.5392E-12
2.1950E+5	1.0000E+0	-1.5032E-12	1.0000E+0	2.4772E-12
2.2000E+5	1.0000E+0	-1.2946E-12	1.0000E+0	2.4974E-12
2.2050E+5	1.0000E+0	-1.3852E-12	1.0000E+0	2.4998E-12
2.2100E+5	1.0000E+0	-1.4210E-12	1.0000E+0	2.5237E-12
2.2150E+5	1.0000E+0	-1.2648E-12	1.0000E+0	2.4915E-12
2.2200E+5	1.0000E+0	-1.3363E-12	1.0000E+0	2.3770E-12
2.2250E+5	1.0000E+0	-1.2994E-12	1.0000E+0	2.3794E-12
2.2300E+5	1.0000E+0	-1.3196E-12	1.0000E+0	2.2852E-12
2.2350E+5	1.0000E+0	-1.3149E-12	1.0000E+0	2.2411E-12
2.2400E+5	1.0000E+0	-1.3435E-12	1.0000E+0	2.1792E-12
2.2450E+5	1.0000E+0	1.1525E-10	1.0000E+0	1.0798E-10
2.2500E+5	1.0000E+0	1.2086E-10	1.0000E+0	1.4021E-10
2.2550E+5	1.0000E+0	1.2213E-10	1.0000E+0	1.4348E-10
2.2600E+5	1.0000E+0	1.2205E-10	1.0000E+0	1.4404E-10
2.2650E+5	1.0000E+0	1.2202E-10	1.0000E+0	1.4406E-10
2.2700E+5	1.0000E+0	1.2204E-10	1.0000E+0	1.4407E-10
2.2750E+5	1.0000E+0	1.2182E-10	1.0000E+0	1.4437E-10
2.2800E+5	1.0000E+0	1.2185E-10	1.0000E+0	1.4455E-10
2.2850E+5	1.0000E+0	1.2171E-10	1.0000E+0	1.4450E-10
2.2900E+5	1.0000E+0	1.2174E-10	1.0000E+0	1.4455E-10
2.2950E+5	1.0000E+0	1.2170E-10	1.0000E+0	1.4482E-10
2.3000E+5	1.0000E+0	1.2171E-10	1.0000E+0	1.4476E-10
2.3050E+5	1.0000E+0	1.2165E-10	1.0000E+0	1.4493E-10
2.3100E+5	1.0000E+0	1.2165E-10	1.0000E+0	1.4504E-10
2.3150E+5	1.0000E+0	1.2163E-10	1.0000E+0	1.4512E-10
2.3200E+5	1.0000E+0	1.2167E-10	1.0000E+0	1.4507E-10
2.3250E+5	1.0000E+0	1.2164E-10	1.0000E+0	1.4537E-10
2.3300E+5	1.0000E+0	1.2167E-10	1.0000E+0	1.4531E-10
2.3350E+5	1.0000E+0	1.2163E-10	1.0000E+0	1.4544E-10
2.3400E+5	1.0000E+0	1.2147E-10	1.0000E+0	1.4546E-10
2.3450E+5	1.0000E+0	1.5246E-11	1.0000E+0	6.5415E-11
2.3500E+5	1.0000E+0	1.0967E-13	1.0000E+0	7.5328E-12
2.3550E+5	1.0000E+0	-1.1158E-12	1.0000E+0	4.0841E-12
2.3600E+5	1.0000E+0	-1.3065E-12	1.0000E+0	3.5691E-12
2.3650E+5	1.0000E+0	-1.3304E-12	1.0000E+0	3.3724E-12
2.3700E+5	1.0000E+0	-1.4317E-12	1.0000E+0	3.2866E-12
2.3750E+5	1.0000E+0	-1.4937E-12	1.0000E+0	3.1447E-12
2.3800E+5	1.0000E+0	-1.3578E-12	1.0000E+0	2.9993E-12
2.3850E+5	1.0000E+0	-1.4567E-12	1.0000E+0	3.0029E-12
2.3900E+5	1.0000E+0	-1.4520E-12	1.0000E+0	2.9492E-12
2.3950E+5	1.0000E+0	-1.4186E-12	1.0000E+0	2.8288E-12
2.4000E+5	1.0000E+0	-1.4424E-12	1.0000E+0	2.8348E-12
2.4050E+5	1.0000E+0	-1.3459E-12	1.0000E+0	2.7513E-12
2.4100E+5	1.0000E+0	1.1551E-11	-1.0000E+1	-3.3170E-10
2.4150E+5	1.0000E+0	1.0371E-13	-1.0000E+1	-1.9408E-10
2.4200E+5	1.0000E+0	-4.7088E-13	-1.0000E+1	-1.7030E-10
2.4250E+5	1.0000E+0	-5.3525E-13	-1.0000E+1	-1.5903E-10
2.4300E+5	1.0000E+0	-7.0333E-13	-1.0000E+1	-1.4526E-10
2.4350E+5	1.0000E+0	-5.7340E-13	-1.0000E+1	-1.3410E-10
2.4400E+5	1.0000E+0	-6.6400E-13	-1.0000E+1	-1.2442E-10
2.4450E+5	1.0000E+0	1.3617E-10	-1.0000E+1	-1.8556E-9
2.4500E+5	1.0000E+0	1.4705E-10	-1.0000E+1	-1.8204E-9
2.4550E+5	1.0000E+0	1.4879E-10	-1.0000E+1	-1.8091E-9
2.4600E+5	1.0000E+0	1.4932E-10	-1.0000E+1	-1.7980E-9
2.4650E+5	1.0000E+0	1.5004E-10	-1.0000E+1	-1.7908E-9
2.4700E+5	1.0000E+0	1.5025E-10	-1.0000E+1	-1.7880E-9
2.4750E+5	1.0000E+0	1.5031E-10	-1.0000E+1	-1.7839E-9
2.4800E+5	1.0000E+0	1.5048E-10	-1.0000E+1	-1.7766E-9
2.4850E+5	1.0000E+0	1.5054E-10	-1.0000E+1	-1.7733E-9
2.4900E+5	1.0000E+0	1.5090E-10	-1.0000E+1	-1.7728E-9
2.4950E+5	1.0000E+0	1.5095E-10	-1.0000E+1	-1.7697E-9
2.5000E+5	1.0000E+0	1.5093E-10	-1.0000E+1	-1.7692E-9
2.5050E+5	1.0000E+0	1.5085E-10	-1.0000E+1	-1.7693E-9
2.5100E+5	1.0000E+0	1.5107E-10	-1.0000E+1	-1.7649E-9
2.5150E+5	1.0000E+0	1.5112E-10	-1.0000E+1	-1.7627E-9
2.5200E+5	1.0000E+0	1.5129E-10	-1.0000E+1	-1.7619E-9
2.5250E+5	1.0000E+0	1.5133E-10	-1.0000E+1	-1.7620E-9
2.5300E+5	1.0000E+0	1.5140E-10	-1.0000E+1	-1.7592E-9
2.5350E+5	1.0000E+0	1.5147E-10	-1.0000E+1	-1.7581E-9
2.5400E+5	1.0000E+0	1.5157E-10	-1.0000E+1	-1.7592E-9
2.5450E+5	1.0000E+0	2.1071E-11	-1.0000E+1	-6.3589E-10
2.5500E+5	1.0000E+0	9.6202E-13	-1.0000E+1	-8.3982E-11
2.5550E+5	1.0000E+0	-4.7445E-13	-1.0000E+1	-6.6124E-11
2.5600E+5	1.0000E+0	-7.3791E-13	-1.0000E+1	-6.0126E-11
2.5650E+5	1.0000E+0	-8.9168E-13	-1.0000E+1	-5.7909E-11
2.5700E+5	1.0000E+0	-7.2598E-13	-1.0000E+1	-5.6427E-11
2.5750E+5	1.0000E+0	-9.1672E-13	-1.0000E+1	-5.5361E-11
2.5800E+5	1.0000E+0	-8.8811E-13	-1.0000E+1	-5.3603E-11
2.5850E+5	1.0000E+0	-8.3923E-13	-1.0000E+1	-5.0929E-11
2.5900E+5	1.0000E+0	-9.0957E-13	-1.0000E+1	-4.8899E-11
2.5950E+5	1.0000E+0	-9.5487E-13	-1.0000E+1	-5.0013E-11
2.6000E+5	1.0000E+0	-9.6917E-13	-1.0000E+1	-4.9889E-11
2.6050E+5	1.0000E+0	-8.6188E-13	-1.0000E+1	-4.9537E-11
2.6100E+5	1.0000E+0	-9.0480E-13	-1.0000E+1	-4.9114E-11
2.6150E+5	1.0000E+0	-9.2745E-13	-1.0000E+1	-4.8989E-11
2.6200E+5	1.0000E+0	-8.9765E-13	-1.0000E+1	-4.7232E-11
2.6250E+5	1.0000E+0	-8.8692E-13	-1.0000E+1	-4.6717E-11
2.6300E+5	1.0000E+0	-9.3579E-13	-1.0000E+1	-4.5874E-11
2.6350E+5	1.0000E+0	-9.2030E-13	-1.0000E+1	-4.4444E-11
2.6400E+5	1.0000E+0	-8.9765E-13	-1.0000E+1	-4.3579E-11
2.6450E+5	1.0000E+0	1.3993E-10	-1.0000E+1	-1.5494E-9
2.6500E+5	1.0000E+0	1.4933E-10	-1.0000E+1	-1.7475E-9
2.6550E+5	1.0000E+0	1.5252E-10	-1.0000E+1	-1.7417E-9
2.6600E+5	1.0000E+0	1.5167E-10	-1.0000E+1	-1.7417E-9
2.6650E+5	1.0000E+0	1.5161E-10	-1.0000E+1	-1.7403E-9
2.6700E+5	1.0000E+0	1.5169E-10	-1.0000E+1	-1.7411E-9
2.6750E+5	1.0000E+0	1.5163E-10	-1.0000E+1	-1.7405E-9
2.6800E+5	1.0000E+0	1.5170E-10	-1.0000E+1	-1.7401E-9
2.6850E+5	1.0000E+0	1.5159E-10	-1.0000E+1	-1.7408E-9
2.6900E+5	1.0000E+0	1.5166E-10	-1.0000E+1	-1.7395E-9
2.6950E+5	1.0000E+0	1.5163E-10	-1.0000E+1	-1.7384E-9
2.7000E+5	1.0000E+0	1.5154E-10	-1.0000E+1	-1.7380E-9
2.7050E+5	1.0000E+0	1.5148E-10	-1.0000E+1	-1.7364E-9
2.7100E+5	1.0000E+0	1.5146E-10	-1.0000E+1	-1.7351E-9
2.7150E+5	1.0000E+0	1.5153E-10	-1.0000E+1	-1.7350E-9
2.7200E+5	1.0000E+0	1.5134E-10	-1.0000E+1	-1.7346E-9
2.7250E+5	1.0000E+0	1.5154E-10	-1.0000E+1	-1.7342E-9
2.7300E+5	1.0000E+0	1.5164E-10	-1.0000E+1	-1.7332E-9
2.7350E+5	1.0000E+0	1.5150E-10	-1.0000E+1	-1.7316E-9
2.7400E+5	1.0000E+0	1.5148E-10	-1.0000E+1	-1.7333E-9
2.7450E+5	1.0000E+0	2.4687E-11	-1.0000E+1	-8.3862E-10
2.7500E+5	1.0000E+0	1.1992E-12	-1.0000E+1	-6.4763E-11
2.7550E+5	1.0000E+0	-6.2466E-13	-1.0000E+1	-4.0653E-11
2.7600E+5	1.0000E+0	-8.9765E-13	-1.0000E+1	-3.6628E-11
2.7650E+5	1.0000E+0	-8.5592E-13	-1.0000E+1	-3.5780E-11
2.7700E+5	1.0000E+0	-8.5712E-13	-1.0000E+1	-3.5174E-11
2.7750E+5	1.0000E+0	-9.1314E-13	-1.0000E+1	-3.5080E-11
2.7800E+5	1.0000E+0	-8.1778E-13	-1.0000E+1	-3.4515E-11
2.7850E+5	1.0000E+0	-9.2626E-13	-1.0000E+1	-3.4002E-11
2.7900E+5	1.0000E+0	-9.7513E-13	-1.0000E+1	-3.3521E-11
2.7950E+5	1.0000E+0	-1.0359E-12	-1.0000E+1	-3.3014E-11
2.8000E+5	1.0000E+0	-9.9540E-13	-1.0000E+1	-3.3073E-11
2.8050E+5	1.0000E+0	-1.0741E-12	-1.0000E+1	-3.2505E-11
2.8100E+5	1.0000E+0	-1.0252E-12	-1.0000E+1	-3.2073E-11
2.8150E+5	1.0000E+0	-1.0538E-12	-1.0000E+1	-3.2631E-11
2.8200E+5	1.0000E+0	-1.1098E-12	-1.0000E+1	-3.2624E-11
2.8250E+5	1.0000E+0	-1.0586E-12	-1.0000E+1	-3.2380E-11
2.8300E+5	1.0000E+0	-1.0622E-12	-1.0000E+1	-3.1820E-11
2.8350E+5	1.0000E+0	-1.0276E-12	-1.0000E+1	-3.1416E-11
2.8400E+5	1.0000E+0	-1.0932E-12	-1.0000E+1	-3.0923E-11
2.8450E+5	1.0000E+0	1.3757E-10	-1.0000E+1	-1.3047E-9
2.8500E+5	1.0000E+0	1.5139E-10	-1.0000E+1	-1.7269E-9
2.8550E+5	1.0000E+0	1.5166E-10	-1.0000E+1	-1.7269E-9
2.8600E+5	1.0000E+0	1.5161E-10	-1.0000E+1	-1.7249E-9
2.8650E+5	1.0000E+0	1.5149E-10	-1.0000E+1	-1.7242E-9
2.8700E+5	1.0000E+0	1.5149E-10	-1.0000E+1	-1.7229E-9
2.8750E+5	1.0000E+0	1.5154E-10	-1.0000E+1	-1.7225E-9
2.8800E+5	1.0000E+0	1.5124E-10	-1.0000E+1	-1.7222E-9
2.8850E+5	1.0000E+0	1.5096E-10	-1.0000E+1	-1.7225E-9
2.8900E+5	1.0000E+0	1.5095E-10	-1.0000E+1	-1.7220E-9
2.8950E+5	1.0000E+0	1.5102E-10	-1.0000E+1	-1.7221E-9
2.9000E+5	1.0000E+0	1.5089E-10	-1.0000E+1	-1.7213E-9
2.9050E+5	1.0000E+0	1.5110E-10	-1.0000E+1	-1.7201E-9
2.9100E+5	1.0000E+0	1.5079E-10	-1.0000E+1	-1.7209E-9
2.9150E+5	1.0000E+0	1.5068E-10	-1.0000E+1	-1.7203E-9
2.9200E+5	1.0000E+0	1.5090E-10	-1.0000E+1	-1.7190E-9
2.9250E+5	1.0000E+0	1.5085E-10	-1.0000E+1	-1.7184E-9
2.9300E+5	1.0000E+0	1.5084E-10	-1.0000E+1	-1.7191E-9
2.9350E+5	1.0000E+0	1.5099E-10	-1.0000E+1	-1.7196E-9
2.9400E+5	1.0000E+0	1.5095E-10	-1.0000E+1	-1.7196E-9
2.9450E+5	1.0000E+0	2.9634E-11	-1.0000E+1	-1.0415E-9
2.9500E+5	1.0000E+0	1.4246E-12	-1.0000E+1	-6.1275E-11
2.9550E+5	1.0000E+0	-7.5102E-13	-1.0000E+1	-3.3486E-11
2.9600E+5	1.0000E+0	-9.5129E-13	-1.0000E+1	-2.9646E-11
2.9650E+5	1.0000E+0	-9.6798E-13	-1.0000E+1	-2.8567E-11
2.9700E+5	1.0000E+0	-9.9659E-13	-1.0000E+1	-2.8001E-11
2.9750E+5	1.0000E+0	-9.9421E-13	-1.0000E+1	-2.7952E-11
2.9800E+5	1.0000E+0	-9.2387E-13	-1.0000E+1	-2.7572E-11
2.9850E+5	1.0000E+0	-1.0753E-12	-1.0000E+1	-2.7096E-11
2.9900E+5	1.0000E+0	-1.0622E-12	-1.0000E+1	-2.7559E-11
2.9950E+5	1.0000E+0	-1.0204E-12	-1.0000E+1	-2.8317E-11
3.0000E+5	1.0000E+0	-1.0157E-12	-1.0000E+1	-2.8435E-11
3.0050E+5	1.0000E+0	-1.0455E-12	-1.0000E+1	-2.8723E-11
3.0100E+5	1.0000E+0	-1.0622E-12	-1.0000E+1	-2.8344E-11
3.0150E+5	1.0000E+0	-1.0574E-12	-1.0000E+1	-2.8303E-11
3.0200E+5	1.0000E+0	-1.0026E-12	-1.0000E+1	-2.8595E-11
3.0250E+5	1.0000E+0	-1.0264E-12	-1.0000E+1	-2.8479E-11
3.0300E+5	1.0000E+0	-9.1672E-13	-1.0000E+1	-2.8492E-11
3.0350E+5	1.0000E+0	-9.4414E-13	-1.0000E+1	-2.7752E-11
3.0400E+5	1.0000E+0	-9.9897E-13	-1.0000E+1	-2.7130E-11
3.0450E+5	1.0000E+0	1.3426E-10	-1.0000E+1	-1.0513E-9
3.0500E+5	1.0000E+0	1.5015E-10	-1.0000E+1	-1.7217E-9
3.0550E+5	1.0000E+0	1.5124E-10	-1.0000E+1	-1.7173E-9
3.0600E+5	1.0000E+0	1.5113E-10	-1.0000E+1	-1.7185E-9
3.0650E+5	1.0000E+0	1.5125E-10	-1.0000E+1	-1.7168E-9
3.0700E+5	1.0000E+0	1.5120E-10	-1.0000E+1	-1.7168E-9
3.0750E+5	1.0000E+0	1.5112E-10	-1.0000E+1	-1.7165E-9
3.0800E+5	1.0000E+0	1.5105E-10	-1.0000E+1	-1.7135E-9
3.0850E+5	1.0000E+0	1.5091E-10	-1.0000E+1	-1.7137E-9
3.0900E+5	1.0000E+0	1.5087E-10	-1.0000E+1	-1.7126E-9
3.0950E+5	1.0000E+0	1.5071E-10	-1.0000E+1	-1.7122E-9
3.1000E+5	1.0000E+0	1.5085E-10	-1.0000E+1	-1.7117E-9
3.1050E+5	1.0000E+0	1.5083E-10	-1.0000E+1	-1.7124E-9
3.1100E+5	1.0000E+0	1.5077E-10	-1.0000E+1	-1.7120E-9
3.1150E+5	1.0000E+0	1.5075E-10	-1.0000E+1	-1.7113E-9
3.1200E+5	1.0000E+0	1.5070E-10	-1.0000E+1	-1.7100E-9
3.1250E+5	1.0000E+0	1.5072E-10	-1.0000E+1	-1.7109E-9
3.1300E+5	1.0000E+0	1.5080E-10	-1.0000E+1	-1.7097E-9
3.1350E+5	1.0000E+0	1.5050E-10	-1.0000E+1	-1.7100E-9
3.1400E+5	1.0000E+0	1.5081E-10	-1.0000E+1	-1.7101E-9
3.1450E+5	1.0000E+0	3.5864E-11	-1.0000E+1	-1.2432E-9
3.1500E+5	1.0000E+0	1.6582E-12	-1.0000E+1	-6.2119E-11
3.1550E+5	1.0000E+0	-6.2823E-13	-1.0000E+1	-2.9659E-11
3.1600E+5	1.0000E+0	-9.0599E-13	-1.0000E+1	-2.5313E-11
3.1650E+5	1.0000E+0	-1.0681E-12	-1.0000E+1	-2.4209E-11
3.1700E+5	1.0000E+0	-1.0562E-12	-1.0000E+1	-2.4020E-11
3.1750E+5	1.0000E+0	-1.0097E-12	-1.0000E+1	-2.3557E-11
3.1800E+5	1.0000E+0	-9.0837E-13	-1.0000E+1	-2.3903E-11
3.1850E+5	1.0000E+0	-1.0204E-12	-1.0000E+1	-2.3543E-11
3.1900E+5	1.0000E+0	-1.0073E-12	-1.0000E+1	-2.3576E-11
3.1950E+5	1.0000E+0	-9.5725E-13	-1.0000E+1	-2.3623E-11
3.2000E+5	1.0000E+0	-1.0181E-12	-1.0000E+1	-2.3367E-11
3.2050E+5	1.0000E+0	-1.0133E-12	-1.0000E+1	-2.3073E-11
3.2100E+5	1.0000E+0	-9.5010E-12	-5.0000E+1	-4.5168E-10
3.2150E+5	1.0000E+0	7.5114E-12	-5.0000E+1	-2.7913E-10
3.2200E+5	1.0000E+0	1.2200E-11	-5.0000E+1	-2.4904E-10
3.2250E+5	1.0000E+0	1.1808E-11	-5.0000E+1	-2.2877E-10
3.2300E+5	1.0000E+0	1.0270E-11	-5.0000E+1	-2.1044E-10
3.2350E+5	1.0000E+0	1.4193E-11	-5.0000E+1	-1.9724E-10
3.2400E+5	1.0000E+0	9.1517E-12	-5.0000E+1	-1.8640E-10
3.2450E+5	1.0000E+0	1.8206E-10	-5.0000E+1	-2.8411E-9
3.2500E+5	1.0000E+0	1.9678E-10	-5.0000E+1	-4.7798E-9
3.2550E+5	1.0000E+0	1.9898E-10	-5.0000E+1	-4.7658E-9
3.2600E+5	1.0000E+0	1.9892E-10	-5.0000E+1	-4.7567E-9
3.2650E+5	1.0000E+0	2.0063E-10	-5.0000E+1	-4.7544E-9
3.2700E+5	1.0000E+0	1.9918E-10	-5.0000E+1	-4.7498E-9
3.2750E+5	1.0000E+0	1.9841E-10	-5.0000E+1	-4.7438E-9
3.2800E+5	1.0000E+0	1.9683E-10	-5.0000E+1	-4.7452E-9
3.2850E+5	1.0000E+0	1.9759E-10	-5.0000E+1	-4.7453E-9
3.2900E+5	1.0000E+0	1.9905E-10	-5.0000E+1	-4.7460E-9
3.2950E+5	1.0000E+0	1.9752E-10	-5.0000E+1	-4.7464E-9
3.3000E+5	1.0000E+0	1.9741E-10	-5.0000E+1	-4.7478E-9
3.3050E+5	1.0000E+0	1.9781E-10	-5.0000E+1	-4.7464E-9
3.3100E+5	1.0000E+0	1.9803E-10	-5.0000E+1	-4.7530E-9
3.3150E+5	1.0000E+0	1.9756E-10	-5.0000E+1	-4.7560E-9
3.3200E+5	1.0000E+0	2.0114E-10	-5.0000E+1	-4.7519E-9
3.3250E+5	1.0000E+0	2.0403E-10	-5.0000E+1	-4.7552E-9
3.3300E+5	1.0000E+0	2.0432E-10	-5.0000E+1	-4.7560E-9
3.3350E+5	1.0000E+0	2.0304E-10	-5.0000E+1	-4.7595E-9
3.3400E+5	1.0000E+0	2.0399E-10	-5.0000E+1	-4.7597E-9
3.3450E+5	1.0000E+0	5.7740E-11	-5.0000E+1	-3.8706E-9
3.3500E+5	1.0000E+0	1.1417E-11	-5.0000E+1	-1.8983E-10
3.3550E+5	1.0000E+0	8.9037E-12	-5.0000E+1	-1.3145E-10
3.3600E+5	1.0000E+0	8.7833E-12	-5.0000E+1	-1.1794E-10
3.3650E+5	1.0000E+0	7.6520E-12	-5.0000E+1	-1.1287E-10
3.3700E+5	1.0000E+0	8.2958E-12	-5.0000E+1	-1.1033E-10
3.3750E+5	1.0000E+0	7.9584E-12	-5.0000E+1	-1.1005E-10
3.3800E+5	1.0000E+0	8.3744E-12	-5.0000E+1	-1.0847E-10
3.3850E+5	1.0000E+0	8.5580E-12	-5.0000E+1	-1.0907E-10
3.3900E+5	1.0000E+0	8.7154E-12	-5.0000E+1	-1.0850E-10
3.3950E+5	1.0000E+0	9.1469E-12	-5.0000E+1	-1.0792E-10
3.4000E+5	1.0000E+0	7.7903E-12	-5.0000E+1	-1.0658E-10
3.4050E+5	1.0000E+0	6.7663E-12	-5.0000E+1	-1.0343E-10
3.4100E+5	1.0000E+0	6.6912E-12	-5.0000E+1	-1.0166E-10
3.4150E+5	1.0000E+0	6.2489E-12	-5.0000E+1	-1.0106E-10
3.4200E+5	1.0000E+0	6.2394E-12	-5.0000E+1	-1.0135E-10
3.4250E+5	1.0000E+0	6.1846E-12	-5.0000E+1	-1.0091E-10
3.4300E+5	1.0000E+0	5.8353E-12	-5.0000E+1	-1.0074E-10
3.4350E+5	1.0000E+0	5.7304E-12	-5.0000E+1	-9.9770E-11
3.4400E+5	1.0000E+0	5.5659E-12	-5.0000E+1	-9.8546E-11
3.4450E+5	1.0000E+0	1.6982E-10	-5.0000E+1	-1.9736E-9
3.4500E+5	1.0000E+0	1.9799E-10	-5.0000E+1	-4.7450E-9
3.4550E+5	1.0000E+0	1.9999E-10	-5.0000E+1	-4.7402E-9
3.4600E+5	1.0000E+0	1.9966E-10	-5.0000E+1	-4.7398E-9
3.4650E+5	1.0000E+0	1.9985E-10	-5.0000E+1	-4.7420E-9
3.4700E+5	1.0000E+0	1.9979E-10	-5.0000E+1	-4.7427E-9
3.4750E+5	1.0000E+0	1.9949E-10	-5.0000E+1	-4.7472E-9
3.4800E+5	1.0000E+0	1.9941E-10	-5.0000E+1	-4.7449E-9
3.4850E+5	1.0000E+0	1.9968E-10	-5.0000E+1	-4.7449E-9
3.4900E+5	1.0000E+0	1.9958E-10	-5.0000E+1	-4.7441E-9
3.4950E+5	1.0000E+0	1.9939E-10	-5.0000E+1	-4.7449E-9
3.5000E+5	1.0000E+0	1.9932E-10	-5.0000E+1	-4.7421E-9
3.5050E+5	1.0000E+0	1.9944E-10	-5.0000E+1	-4.7418E-9
3.5100E+5	1.0000E+0	1.9958E-10	-5.0000E+1	-4.7449E-9
3.5150E+5	1.0000E+0	1.9978E-10	-5.0000E+1	-4.7445E-9
3.5200E+5	1.0000E+0	1.9965E-10	-5.0000E+1	-4.7452E-9
3.5250E+5	1.0000E+0	2.0000E-10	-5.0000E+1	-4.7483E-9
3.5300E+5	1.0000E+0	2.0036E-10	-5.0000E+1	-4.7482E-9
3.5350E+5	1.0000E+0	1.9999E-10	-5.0000E+1	-4.7506E-9
3.5400E+5	1.0000E+0	1.9994E-10	-5.0000E+1	-4.7536E-9
3.5450E+5	1.0000E+0	6.4522E-11	-5.0000E+1	-4.4119E-9
3.5500E+5	1.0000E+0	7.5138E-12	-5.0000E+1	-1.7257E-10
3.5550E+5	1.0000E+0	4.3500E-12	-5.0000E+1	-1.0327E-10
3.5600E+5	1.0000E+0	3.6800E-12	-5.0000E+1	-8.9356E-11
3.5650E+5	1.0000E+0	3.3701E-12	-5.0000E+1	-8.4844E-11
3.5700E+5	1.0000E+0	3.1793E-12	-5.0000E+1	-8.3444E-11
3.5750E+5	1.0000E+0	3.1138E-12	-5.0000E+1	-8.2446E-11
3.5800E+5	1.0000E+0	3.0637E-12	-5.0000E+1	-8.0844E-11
3.5850E+5	1.0000E+0	3.2020E-12	-5.0000E+1	-8.1374E-11
3.5900E+5	1.0000E+0	3.2258E-12	-5.0000E+1	-8.0692E-11
3.5950E+5	1.0000E+0	3.2282E-12	-5.0000E+1	-8.0146E-11
3.6000E+5	1.0000E+0	3.1054E-12	-5.0000E+1	-8.0093E-11
3.6050E+5	1.0000E+0	3.0053E-12	-5.0000E+1	-7.8564E-11
3.6100E+5	1.0000E+0	2.9624E-12	-5.0000E+1	-7.8428E-11
3.6150E+5	1.0000E+0	2.8837E-12	-5.0000E+1	-7.7140E-11
3.6200E+5	1.0000E+0	3.0708E-12	-5.0000E+1	-7.7379E-11
3.6250E+5	1.0000E+0	2.8825E-12	-5.0000E+1	-7.7452E-11
3.6300E+5	1.0000E+0	2.6381E-12	-5.0000E+1	-7.6476E-11
3.6350E+5	1.0000E+0	2.6524E-12	-5.0000E+1	-7.6743E-11
3.6400E+5	1.0000E+0	2.5177E-12	-5.0000E+1	-7.6718E-11
3.6450E+5	1.0000E+0	1.5965E-10	-5.0000E+1	-1.2848E-9
3.6500E+5	1.0000E+0	1.9655E-10	-5.0000E+1	-4.7501E-9
3.6550E+5	1.0000E+0	1.9821E-10	-5.0000E+1	-4.7468E-9
3.6600E+5	1.0000E+0	1.9795E-10	-5.0000E+1	-4.7458E-9
3.6650E+5	1.0000E+0	1.9803E-10	-5.0000E+1	-4.7460E-9
3.6700E+5	1.0000E+0	1.9802E-10	-5.0000E+1	-4.7448E-9
3.6750E+5	1.0000E+0	1.9824E-10	-5.0000E+1	-4.7404E-9
3.6800E+5	1.0000E+0	1.9826E-10	-5.0000E+1	-4.7390E-9
3.6850E+5	1.0000E+0	1.9868E-10	-5.0000E+1	-4.7398E-9
3.6900E+5	1.0000E+0	1.9861E-10	-5.0000E+1	-4.7402E-9
3.6950E+5	1.0000E+0	1.9855E-10	-5.0000E+1	-4.7421E-9
3.7000E+5	1.0000E+0	1.9862E-10	-5.0000E+1	-4.7437E-9
3.7050E+5	1.0000E+0	1.9849E-10	-5.0000E+1	-4.7439E-9
3.7100E+5	1.0000E+0	1.9846E-10	-5.0000E+1	-4.7477E-9
3.7150E+5	1.0000E+0	1.9849E-10	-5.0000E+1	-4.7480E-9
3.7200E+5	1.0000E+0	1.9825E-10	-5.0000E+1	-4.7475E-9
3.7250E+5	1.0000E+0	1.9846E-10	-5.0000E+1	-4.7460E-9
3.7300E+5	1.0000E+0	1.9844E-10	-5.0000E+1	-4.7468E-9
3.7350E+5	1.0000E+0	1.9853E-10	-5.0000E+1	-4.7525E-9
3.7400E+5	1.0000E+0	1.9896E-10	-5.0000E+1	-4.7563E-9
3.7450E+5	1.0000E+0	8.1400E-11	-5.0000E+1	-4.7575E-9
3.7500E+5	1.0000E+0	6.7973E-12	-5.0000E+1	-1.6749E-10
3.7550E+5	1.0000E+0	2.8861E-12	-5.0000E+1	-9.0655E-11
3.7600E+5	1.0000E+0	2.3913E-12	-5.0000E+1	-7.5827E-11
3.7650E+5	1.0000E+0	2.3425E-12	-5.0000E+1	-7.0784E-11
3.7700E+5	1.0000E+0	2.1863E-12	-5.0000E+1	-6.9938E-11
3.7750E+5	1.0000E+0	1.9765E-12	-5.0000E+1	-6.9799E-11
3.7800E+5	1.0000E+0	2.0039E-12	-5.0000E+1	-6.9705E-11
3.7850E+5	1.0000E+0	2.2101E-12	-5.0000E+1	-6.9388E-11
3.7900E+5	1.0000E+0	1.9062E-12	-5.0000E+1	-6.9252E-11
3.7950E+5	1.0000E+0	1.8144E-12	-5.0000E+1	-6.8716E-11
3.8000E+5	1.0000E+0	1.7977E-12	-5.0000E+1	-6.7881E-11
3.8050E+5	1.0000E+0	1.7250E-12	-5.0000E+1	-6.7254E-11
3.8100E+5	1.0000E+0	1.6653E-12	-5.0000E+1	-6.7484E-11
3.8150E+5	1.0000E+0	1.5271E-12	-5.0000E+1	-6.7875E-11
3.8200E+5	1.0000E+0	1.5199E-12	-5.0000E+1	-6.7664E-11
3.8250E+5	1.0000E+0	1.3888E-12	-5.0000E+1	-6.7277E-11
3.8300E+5	1.0000E+0	1.3912E-12	-5.0000E+1	-6.6738E-11
3.8350E+5	1.0000E+0	1.5581E-12	-5.0000E+1	-6.6344E-11
3.8400E+5	1.0000E+0	1.6892E-12	-5.0000E+1	-6.6865E-11
3.8450E+5	1.0000E+0	1.4851E-10	-5.0000E+1	-6.1248E-10
3.8500E+5	1.0000E+0	1.9830E-10	-5.0000E+1	-4.7522E-9
3.8550E+5	1.0000E+0	1.9876E-10	-5.0000E+1	-4.7502E-9
3.8600E+5	1.0000E+0	1.9921E-10	-5.0000E+1	-4.7513E-9
3.8650E+5	1.0000E+0	1.9921E-10	-5.0000E+1	-4.7527E-9
3.8700E+5	1.0000E+0	1.9899E-10	-5.0000E+1	-4.7547E-9
3.8750E+5	1.0000E+0	1.9903E-10	-5.0000E+1	-4.7543E-9
3.8800E+5	1.0000E+0	1.9870E-10	-5.0000E+1	-4.7547E-9
3.8850E+5	1.0000E+0	1.9894E-10	-5.0000E+1	-4.7580E-9
3.8900E+5	1.0000E+0	1.9911E-10	-5.0000E+1	-4.7575E-9
3.8950E+5	1.0000E+0	1.9952E-10	-5.0000E+1	-4.7601E-9
3.9000E+5	1.0000E+0	1.9949E-10	-5.0000E+1	-4.7595E-9
3.9050E+5	1.0000E+0	1.9970E-10	-5.0000E+1	-4.7613E-9
3.9100E+5	1.0000E+0	1.9971E-10	-5.0000E+1	-4.7614E-9
3.9150E+5	1.0000E+0	1.9941E-10	-5.0000E+1	-4.7634E-9
3.9200E+5	1.0000E+0	1.9928E-10	-5.0000E+1	-4.7617E-9
3.9250E+5	1.0000E+0	1.9912E-10	-5.0000E+1	-4.7619E-9
3.9300E+5	1.0000E+0	1.9893E-10	-5.0000E+1	-4.7618E-9
3.9350E+5	1.0000E+0	1.9874E-10	-5.0000E+1	-4.7616E-9
3.9400E+5	1.0000E+0	1.9846E-10	-5.0000E+1	-4.7620E-9
3.9450E+5	1.0000E+0	1.0381E-10	-5.0000E+1	-4.7623E-9
3.9500E+5	1.0000E+0	6.3694E-12	-5.0000E+1	-1.7298E-10
3.9550E+5	1.0000E+0	2.0409E-12	-5.0000E+1	-8.5463E-11
3.9600E+5	1.0000E+0	1.4448E-12	-5.0000E+1	-6.8886E-11
3.9650E+5	1.0000E+0	1.2696E-12	-5.0000E+1	-6.4865E-11
3.9700E+5	1.0000E+0	1.3161E-12	-5.0000E+1	-6.3596E-11
3.9750E+5	1.0000E+0	1.2922E-12	-5.0000E+1	-6.2957E-11
3.9800E+5	1.0000E+0	1.2946E-12	-5.0000E+1	-6.2320E-11
3.9850E+5	1.0000E+0	1.3375E-12	-5.0000E+1	-6.1568E-11
3.9900E+5	1.0000E+0	1.3101E-12	-5.0000E+1	-6.2130E-11
3.9950E+5	1.0000E+0	1.5211E-12	-5.0000E+1	-6.2033E-11
4.0000E+5	1.0000E+0	1.2839E-12	-5.0000E+1	-6.1756E-11
4.0050E+5	1.0000E+0	1.1325E-12	-5.0000E+1	-6.1702E-11
4.0100E+5	1.0000E+0	-4.2779E-11	0.0000E+0	3.3075E-9
