Time (s)	|IDrain (A)|	|IGate (A)	Vdrain(V)	Vgate(V)
0.0	1.2263e-06	6.6827e-11	-10.0	-2.5
1.0	1.2101e-06	1.6899e-10	-10.0	-2.5
1.5	1.2074e-06	1.6869e-10	-10.0	-2.5
2.0	1.2026e-06	1.6906e-10	-10.0	-2.5
2.5	1.1962e-06	1.7442e-10	-10.0	-2.5
3.0	1.1932e-06	1.7653e-10	-10.0	-2.5
3.5	1.1881e-06	1.7435e-10	-10.0	-2.5
4.0	1.1839e-06	1.6955e-10	-10.0	-2.5
4.5	1.1805e-06	1.6491e-10	-10.0	-2.5
5.0	1.1787e-06	1.7303e-10	-10.0	-2.5
5.5	1.1776e-06	1.6234e-10	-10.0	-2.5
6.0	1.1781e-06	1.6371e-10	-10.0	-2.5
6.5	1.1717e-06	1.6644e-10	-10.0	-2.5
7.0	1.1685e-06	1.6585e-10	-10.0	-2.5
7.5	1.1611e-06	1.6931e-10	-10.0	-2.5
8.0	1.1629e-06	1.5543e-10	-10.0	-2.5
8.5	1.1632e-06	1.6884e-10	-10.0	-2.5
9.0	1.1618e-06	1.6818e-10	-10.0	-2.5
9.5	1.1583e-06	1.6559e-10	-10.0	-2.5
10.0	1.1552e-06	1.6229e-10	-10.0	-2.5
10.5	1.1568e-06	1.5719e-10	-10.0	-2.5
11.0	1.1529e-06	1.6546e-10	-10.0	-2.5
11.5	1.1528e-06	1.5476e-10	-10.0	-2.5
12.0	1.1524e-06	1.5903e-10	-10.0	-2.5
12.5	1.1512e-06	1.5692e-10	-10.0	-2.5
13.0	1.147e-06	1.6057e-10	-10.0	-2.5
13.5	1.1433e-06	1.6139e-10	-10.0	-2.5
14.0	1.1444e-06	1.5395e-10	-10.0	-2.5
14.5	1.1395e-06	1.6131e-10	-10.0	-2.5
15.0	1.1398e-06	1.5436e-10	-10.0	-2.5
15.5	1.1364e-06	1.5483e-10	-10.0	-2.5
16.0	1.1364e-06	1.5354e-10	-10.0	-2.5
16.5	1.1362e-06	1.5801e-10	-10.0	-2.5
17.0	1.1383e-06	1.5452e-10	-10.0	-2.5
17.5	1.1354e-06	1.5057e-10	-10.0	-2.5
18.0	1.1349e-06	1.5143e-10	-10.0	-2.5
18.5	1.1301e-06	1.5553e-10	-10.0	-2.5
19.0	1.1303e-06	1.4874e-10	-10.0	-2.5
19.5	1.1322e-06	1.4794e-10	-10.0	-2.5
20.0	1.1292e-06	1.5007e-10	-10.0	-2.5
20.5	1.1272e-06	1.5343e-10	-10.0	-2.5
21.0	1.1268e-06	1.5103e-10	-10.0	-2.5
21.5	1.127e-06	1.4801e-10	-10.0	-2.5
22.0	1.1285e-06	1.4726e-10	-10.0	-2.5
22.5	1.1299e-06	1.4188e-10	-10.0	-2.5
23.0	1.1257e-06	1.4708e-10	-10.0	-2.5
23.5	1.1256e-06	1.4778e-10	-10.0	-2.5
24.0	1.1239e-06	1.4814e-10	-10.0	-2.5
24.5	1.1203e-06	1.5109e-10	-10.0	-2.5
25.0	1.1236e-06	1.4641e-10	-10.0	-2.5
25.5	1.121e-06	1.4913e-10	-10.0	-2.5
26.0	1.1184e-06	1.4614e-10	-10.0	-2.5
26.5	1.119e-06	1.5077e-10	-10.0	-2.5
27.0	1.1161e-06	1.4805e-10	-10.0	-2.5
27.5	1.1146e-06	1.467e-10	-10.0	-2.5
28.0	1.1161e-06	1.4589e-10	-10.0	-2.5
28.5	1.1181e-06	1.3706e-10	-10.0	-2.5
29.0	1.1147e-06	1.4276e-10	-10.0	-2.5
29.5	1.1127e-06	1.4262e-10	-10.0	-2.5
30.0	1.1151e-06	1.4337e-10	-10.0	-2.5
30.5	1.1134e-06	1.4016e-10	-10.0	-2.5
31.0	1.1102e-06	1.4472e-10	-10.0	-2.5
31.5	1.1103e-06	1.4143e-10	-10.0	-2.5
32.0	1.1114e-06	1.4199e-10	-10.0	-2.5
32.5	1.1083e-06	1.4057e-10	-10.0	-2.5
33.0	1.1077e-06	1.4125e-10	-10.0	-2.5
33.5	1.1105e-06	1.3342e-10	-10.0	-2.5
34.0	1.1062e-06	1.4306e-10	-10.0	-2.5
34.5	1.1052e-06	1.3848e-10	-10.0	-2.5
35.0	1.1035e-06	1.3989e-10	-10.0	-2.5
35.5	1.1074e-06	1.3914e-10	-10.0	-2.5
36.0	1.1075e-06	1.3712e-10	-10.0	-2.5
36.5	1.1063e-06	1.376e-10	-10.0	-2.5
37.0	1.104e-06	1.4026e-10	-10.0	-2.5
37.5	1.1037e-06	1.3919e-10	-10.0	-2.5
38.0	1.1026e-06	1.4036e-10	-10.0	-2.5
38.5	1.1017e-06	1.3428e-10	-10.0	-2.5
39.0	1.1014e-06	1.363e-10	-10.0	-2.5
39.5	1.1025e-06	1.289e-10	-10.0	-2.5
40.0	1.0987e-06	1.3651e-10	-10.0	-2.5
40.5	1.0976e-06	1.3516e-10	-10.0	-2.5
41.0	1.1025e-06	1.3205e-10	-10.0	-2.5
41.5	1.0966e-06	1.425e-10	-10.0	-2.5
42.0	1.1022e-06	1.2908e-10	-10.0	-2.5
42.5	1.0977e-06	1.3558e-10	-10.0	-2.5
43.0	1.0988e-06	1.3163e-10	-10.0	-2.5
43.5	1.1e-06	1.3187e-10	-10.0	-2.5
44.0	1.099e-06	1.3773e-10	-10.0	-2.5
44.5	1.0974e-06	1.3692e-10	-10.0	-2.5
45.0	1.0973e-06	1.3321e-10	-10.0	-2.5
45.5	1.0997e-06	1.348e-10	-10.0	-2.5
46.0	1.0973e-06	1.3452e-10	-10.0	-2.5
46.5	1.0957e-06	1.3354e-10	-10.0	-2.5
47.0	1.0938e-06	1.3561e-10	-10.0	-2.5
47.5	1.0921e-06	1.3044e-10	-10.0	-2.5
48.0	1.0947e-06	1.3498e-10	-10.0	-2.5
48.5	1.0937e-06	1.3608e-10	-10.0	-2.5
49.0	1.0884e-06	1.3614e-10	-10.0	-2.5
49.5	1.0903e-06	1.3275e-10	-10.0	-2.5
50.0	1.0923e-06	1.35e-10	-10.0	-2.5
50.5	1.0911e-06	1.3193e-10	-10.0	-2.5
51.0	1.0892e-06	1.331e-10	-10.0	-2.5
51.5	1.0899e-06	1.326e-10	-10.0	-2.5
52.0	1.0895e-06	1.3234e-10	-10.0	-2.5
52.5	1.0902e-06	1.2997e-10	-10.0	-2.5
53.0	1.0895e-06	1.3478e-10	-10.0	-2.5
53.5	1.0906e-06	1.3323e-10	-10.0	-2.5
54.0	1.0907e-06	1.2443e-10	-10.0	-2.5
54.5	1.0903e-06	1.2424e-10	-10.0	-2.5
55.0	1.0888e-06	1.2751e-10	-10.0	-2.5
55.5	1.0888e-06	1.2408e-10	-10.0	-2.5
56.0	1.0842e-06	1.2728e-10	-10.0	-2.5
56.5	1.0821e-06	1.324e-10	-10.0	-2.5
57.0	1.0808e-06	1.2865e-10	-10.0	-2.5
57.5	1.0817e-06	1.2456e-10	-10.0	-2.5
58.0	1.0823e-06	1.2949e-10	-10.0	-2.5
58.5	1.0827e-06	1.2218e-10	-10.0	-2.5
59.0	1.0835e-06	1.3136e-10	-10.0	-2.5
59.5	1.0817e-06	1.3068e-10	-10.0	-2.5
60.0	1.0835e-06	1.2046e-10	-10.0	-2.5
60.5	1.0852e-06	1.2575e-10	-10.0	-2.5
61.0	1.0815e-06	1.2784e-10	-10.0	-2.5
61.5	1.082e-06	1.2837e-10	-10.0	-2.5
62.0	1.0843e-06	1.2412e-10	-10.0	-2.5
62.5	1.0831e-06	1.2384e-10	-10.0	-2.5
63.0	1.0802e-06	1.3544e-10	-10.0	-2.5
63.5	1.0806e-06	1.2657e-10	-10.0	-2.5
64.0	1.0782e-06	1.2141e-10	-10.0	-2.5
64.5	1.0826e-06	1.2318e-10	-10.0	-2.5
65.0	1.08e-06	1.2512e-10	-10.0	-2.5
65.5	1.0812e-06	1.2151e-10	-10.0	-2.5
66.0	1.0814e-06	1.2071e-10	-10.0	-2.5
66.5	1.0817e-06	1.222e-10	-10.0	-2.5
67.0	1.0829e-06	1.2097e-10	-10.0	-2.5
67.5	1.0822e-06	1.2818e-10	-10.0	-2.5
68.0	1.0835e-06	1.1946e-10	-10.0	-2.5
68.5	1.0815e-06	1.2449e-10	-10.0	-2.5
69.0	1.0773e-06	1.2787e-10	-10.0	-2.5
69.5	1.0778e-06	1.2494e-10	-10.0	-2.5
70.0	1.0771e-06	1.2602e-10	-10.0	-2.5
70.5	1.0763e-06	1.229e-10	-10.0	-2.5
71.0	1.0785e-06	1.1974e-10	-10.0	-2.5
71.5	1.077e-06	1.2109e-10	-10.0	-2.5
72.0	1.079e-06	1.2145e-10	-10.0	-2.5
72.5	1.0804e-06	1.2529e-10	-10.0	-2.5
73.0	1.0807e-06	1.2155e-10	-10.0	-2.5
73.5	1.0765e-06	1.2228e-10	-10.0	-2.5
74.0	1.0801e-06	1.1708e-10	-10.0	-2.5
74.5	1.0779e-06	1.2835e-10	-10.0	-2.5
75.0	1.0792e-06	1.2129e-10	-10.0	-2.5
75.5	1.0769e-06	1.1984e-10	-10.0	-2.5
76.0	1.077e-06	1.1737e-10	-10.0	-2.5
76.5	1.0781e-06	1.1582e-10	-10.0	-2.5
77.0	1.0769e-06	1.2725e-10	-10.0	-2.5
77.5	1.0762e-06	1.2433e-10	-10.0	-2.5
78.0	1.0734e-06	1.1831e-10	-10.0	-2.5
78.5	1.0769e-06	1.1875e-10	-10.0	-2.5
79.0	1.0747e-06	1.2152e-10	-10.0	-2.5
79.5	1.0747e-06	1.1648e-10	-10.0	-2.5
80.0	1.0724e-06	1.1795e-10	-10.0	-2.5
80.5	1.0759e-06	1.1729e-10	-10.0	-2.5
81.0	1.0732e-06	1.1983e-10	-10.0	-2.5
81.5	1.0722e-06	1.2036e-10	-10.0	-2.5
82.0	1.0716e-06	1.1834e-10	-10.0	-2.5
82.5	1.0751e-06	1.1379e-10	-10.0	-2.5
83.0	1.0749e-06	1.1646e-10	-10.0	-2.5
83.5	1.0729e-06	1.2336e-10	-10.0	-2.5
84.0	1.0729e-06	1.1939e-10	-10.0	-2.5
84.5	1.0712e-06	1.213e-10	-10.0	-2.5
85.0	1.0738e-06	1.1745e-10	-10.0	-2.5
85.5	1.0724e-06	1.2171e-10	-10.0	-2.5
86.0	1.0714e-06	1.1536e-10	-10.0	-2.5
86.5	1.0723e-06	1.1893e-10	-10.0	-2.5
87.0	1.0695e-06	1.216e-10	-10.0	-2.5
87.5	1.0703e-06	1.1943e-10	-10.0	-2.5
88.0	1.0728e-06	1.1591e-10	-10.0	-2.5
88.5	1.0707e-06	1.2732e-10	-10.0	-2.5
89.0	1.068e-06	1.2172e-10	-10.0	-2.5
89.5	1.067e-06	1.129e-10	-10.0	-2.5
90.0	1.0682e-06	1.1599e-10	-10.0	-2.5
90.5	1.0661e-06	1.1888e-10	-10.0	-2.5
91.0	1.0655e-06	1.2186e-10	-10.0	-2.5
91.5	1.0645e-06	1.1775e-10	-10.0	-2.5
92.0	1.0651e-06	1.1183e-10	-10.0	-2.5
92.5	1.0654e-06	1.1404e-10	-10.0	-2.5
93.0	1.0645e-06	1.1663e-10	-10.0	-2.5
93.5	1.0661e-06	1.149e-10	-10.0	-2.5
94.0	1.0643e-06	1.2147e-10	-10.0	-2.5
94.5	1.065e-06	1.1532e-10	-10.0	-2.5
95.0	1.0661e-06	1.1569e-10	-10.0	-2.5
95.5	1.0633e-06	1.1968e-10	-10.0	-2.5
96.0	1.0647e-06	1.1383e-10	-10.0	-2.5
96.5	1.0658e-06	1.1428e-10	-10.0	-2.5
97.0	1.0662e-06	1.1789e-10	-10.0	-2.5
97.5	1.0654e-06	1.1474e-10	-10.0	-2.5
98.0	1.0645e-06	1.2484e-10	-10.0	-2.5
98.5	1.0633e-06	1.1695e-10	-10.0	-2.5
99.0	1.0646e-06	1.0912e-10	-10.0	-2.5
99.5	1.0623e-06	1.17e-10	-10.0	-2.5
100.0	1.0628e-06	1.1093e-10	-10.0	-2.5
100.5	1.0618e-06	1.1549e-10	-10.0	-2.5
101.0	1.0635e-06	1.1571e-10	-10.0	-2.5
101.5	1.0623e-06	1.1421e-10	-10.0	-2.5
102.0	1.0654e-06	1.1048e-10	-10.0	-2.5
102.5	1.0648e-06	1.1078e-10	-10.0	-2.5
103.0	1.065e-06	1.1179e-10	-10.0	-2.5
103.5	1.0635e-06	1.1345e-10	-10.0	-2.5
104.0	1.0654e-06	1.1405e-10	-10.0	-2.5
104.5	1.065e-06	1.1444e-10	-10.0	-2.5
105.0	1.0644e-06	1.1265e-10	-10.0	-2.5
105.5	1.0656e-06	1.1247e-10	-10.0	-2.5
106.0	1.065e-06	1.0237e-10	-10.0	-2.5
106.5	1.0639e-06	1.1489e-10	-10.0	-2.5
107.0	1.0615e-06	1.2168e-10	-10.0	-2.5
107.5	1.0604e-06	1.144e-10	-10.0	-2.5
108.0	1.0624e-06	1.1611e-10	-10.0	-2.5
108.5	1.0625e-06	1.1444e-10	-10.0	-2.5
109.0	1.0627e-06	1.1385e-10	-10.0	-2.5
109.5	1.0622e-06	1.1326e-10	-10.0	-2.5
110.0	1.0627e-06	1.0855e-10	-10.0	-2.5
110.5	1.0619e-06	1.1305e-10	-10.0	-2.5
111.0	1.06e-06	1.1416e-10	-10.0	-2.5
111.5	1.0594e-06	1.1004e-10	-10.0	-2.5
112.0	1.0612e-06	1.096e-10	-10.0	-2.5
112.5	1.0595e-06	1.1126e-10	-10.0	-2.5
113.0	1.0606e-06	1.0817e-10	-10.0	-2.5
113.5	1.06e-06	1.1079e-10	-10.0	-2.5
114.0	1.0606e-06	1.0462e-10	-10.0	-2.5
114.5	1.0594e-06	1.136e-10	-10.0	-2.5
115.0	1.0611e-06	1.1003e-10	-10.0	-2.5
115.5	1.0583e-06	1.1104e-10	-10.0	-2.5
116.0	1.0592e-06	1.0542e-10	-10.0	-2.5
116.5	1.0581e-06	1.0602e-10	-10.0	-2.5
117.0	1.0609e-06	1.0677e-10	-10.0	-2.5
117.5	1.059e-06	1.1116e-10	-10.0	-2.5
118.0	1.0586e-06	1.0993e-10	-10.0	-2.5
118.5	1.0592e-06	1.0396e-10	-10.0	-2.5
119.0	1.0589e-06	1.0882e-10	-10.0	-2.5
119.5	1.059e-06	1.0705e-10	-10.0	-2.5
120.0	1.0573e-06	2.6259e-10	-10.0	-2.5
120.5	1.0583e-06	2.9391e-10	-10.0	-2.5
121.0	1.0578e-06	2.9501e-10	-10.0	-2.5
121.5	1.0572e-06	2.9431e-10	-10.0	-2.5
122.0	1.054e-06	2.9126e-10	-10.0	-2.5
122.5	1.0555e-06	2.9085e-10	-10.0	-2.5
123.0	1.0542e-06	2.9254e-10	-10.0	-2.5
123.5	1.0543e-06	2.9352e-10	-10.0	-2.5
124.0	1.0547e-06	2.8864e-10	-10.0	-2.5
124.5	1.0544e-06	2.885e-10	-10.0	-2.5
125.0	1.0543e-06	2.8559e-10	-10.0	-2.5
125.5	1.0559e-06	2.7776e-10	-10.0	-2.5
126.0	1.0562e-06	2.8867e-10	-10.0	-2.5
126.5	1.0549e-06	2.8094e-10	-10.0	-2.5
127.0	1.0544e-06	2.798e-10	-10.0	-2.5
127.5	1.055e-06	2.8574e-10	-10.0	-2.5
128.0	1.0541e-06	2.8033e-10	-10.0	-2.5
128.5	1.0512e-06	2.8137e-10	-10.0	-2.5
129.0	1.0485e-06	2.8021e-10	-10.0	-2.5
129.5	1.0511e-06	2.717e-10	-10.0	-2.5
130.0	1.0507e-06	2.6953e-10	-10.0	-2.5
130.5	1.0503e-06	2.7965e-10	-10.0	-2.5
131.0	1.0521e-06	2.7097e-10	-10.0	-2.5
131.5	1.0504e-06	2.7573e-10	-10.0	-2.5
132.0	1.0498e-06	2.7634e-10	-10.0	-2.5
132.5	1.0485e-06	2.7628e-10	-10.0	-2.5
133.0	1.0487e-06	2.7157e-10	-10.0	-2.5
133.5	1.0496e-06	2.7301e-10	-10.0	-2.5
134.0	1.0487e-06	2.6778e-10	-10.0	-2.5
134.5	1.05e-06	2.7571e-10	-10.0	-2.5
135.0	1.0512e-06	2.6823e-10	-10.0	-2.5
135.5	1.0483e-06	2.6869e-10	-10.0	-2.5
136.0	1.049e-06	2.6891e-10	-10.0	-2.5
136.5	1.0485e-06	2.6423e-10	-10.0	-2.5
137.0	1.047e-06	2.6471e-10	-10.0	-2.5
137.5	1.0483e-06	2.6198e-10	-10.0	-2.5
138.0	1.0472e-06	2.6595e-10	-10.0	-2.5
138.5	1.0446e-06	2.7149e-10	-10.0	-2.5
139.0	1.0485e-06	2.5817e-10	-10.0	-2.5
139.5	1.0478e-06	2.6e-10	-10.0	-2.5
140.0	1.0448e-06	2.6733e-10	-10.0	-2.5
140.5	1.0448e-06	2.6586e-10	-10.0	-2.5
141.0	1.0446e-06	2.6769e-10	-10.0	-2.5
141.5	1.0436e-06	2.6529e-10	-10.0	-2.5
142.0	1.0426e-06	2.6295e-10	-10.0	-2.5
142.5	1.0419e-06	2.61e-10	-10.0	-2.5
143.0	1.0429e-06	2.5608e-10	-10.0	-2.5
143.5	1.0413e-06	2.6332e-10	-10.0	-2.5
144.0	1.0423e-06	2.5928e-10	-10.0	-2.5
144.5	1.0434e-06	2.5577e-10	-10.0	-2.5
145.0	1.043e-06	2.562e-10	-10.0	-2.5
145.5	1.0418e-06	2.5801e-10	-10.0	-2.5
146.0	1.0407e-06	2.5636e-10	-10.0	-2.5
146.5	1.0401e-06	2.5429e-10	-10.0	-2.5
147.0	1.0375e-06	2.5184e-10	-10.0	-2.5
147.5	1.0339e-06	2.5872e-10	-10.0	-2.5
148.0	1.0353e-06	2.5655e-10	-10.0	-2.5
148.5	1.0385e-06	2.5288e-10	-10.0	-2.5
149.0	1.0354e-06	2.5346e-10	-10.0	-2.5
149.5	1.0354e-06	2.5009e-10	-10.0	-2.5
150.0	1.0371e-06	2.4782e-10	-10.0	-2.5
150.5	1.0372e-06	2.5026e-10	-10.0	-2.5
151.0	1.0374e-06	2.5257e-10	-10.0	-2.5
151.5	1.0343e-06	2.5021e-10	-10.0	-2.5
152.0	1.0338e-06	2.5625e-10	-10.0	-2.5
152.5	1.0369e-06	2.4441e-10	-10.0	-2.5
153.0	1.0349e-06	2.4896e-10	-10.0	-2.5
153.5	1.0367e-06	2.502e-10	-10.0	-2.5
154.0	1.0336e-06	2.5048e-10	-10.0	-2.5
154.5	1.0339e-06	2.5203e-10	-10.0	-2.5
155.0	1.0324e-06	2.559e-10	-10.0	-2.5
155.5	1.0332e-06	2.5313e-10	-10.0	-2.5
156.0	1.0316e-06	2.5279e-10	-10.0	-2.5
156.5	1.0315e-06	2.4958e-10	-10.0	-2.5
157.0	1.0326e-06	2.4647e-10	-10.0	-2.5
157.5	1.0321e-06	2.4927e-10	-10.0	-2.5
158.0	1.031e-06	2.4641e-10	-10.0	-2.5
158.5	1.0291e-06	2.5302e-10	-10.0	-2.5
159.0	1.0311e-06	2.4836e-10	-10.0	-2.5
159.5	1.0273e-06	2.5035e-10	-10.0	-2.5
160.0	1.0285e-06	2.4496e-10	-10.0	-2.5
160.5	1.0291e-06	2.4598e-10	-10.0	-2.5
161.0	1.0288e-06	2.4354e-10	-10.0	-2.5
161.5	1.0292e-06	2.463e-10	-10.0	-2.5
162.0	1.0288e-06	2.4543e-10	-10.0	-2.5
162.5	1.0295e-06	2.3952e-10	-10.0	-2.5
163.0	1.0304e-06	2.4505e-10	-10.0	-2.5
163.5	1.0303e-06	2.4561e-10	-10.0	-2.5
164.0	1.0294e-06	2.4461e-10	-10.0	-2.5
164.5	1.0287e-06	2.4603e-10	-10.0	-2.5
165.0	1.0287e-06	2.4465e-10	-10.0	-2.5
165.5	1.0269e-06	2.4143e-10	-10.0	-2.5
166.0	1.0281e-06	2.4331e-10	-10.0	-2.5
166.5	1.0274e-06	2.4919e-10	-10.0	-2.5
167.0	1.026e-06	2.4462e-10	-10.0	-2.5
167.5	1.026e-06	2.417e-10	-10.0	-2.5
168.0	1.0252e-06	2.4274e-10	-10.0	-2.5
168.5	1.0265e-06	2.4301e-10	-10.0	-2.5
169.0	1.0255e-06	2.4002e-10	-10.0	-2.5
169.5	1.0242e-06	2.4059e-10	-10.0	-2.5
170.0	1.0214e-06	2.4151e-10	-10.0	-2.5
170.5	1.024e-06	2.3624e-10	-10.0	-2.5
171.0	1.0227e-06	2.4639e-10	-10.0	-2.5
171.5	1.0247e-06	2.3993e-10	-10.0	-2.5
172.0	1.0244e-06	2.407e-10	-10.0	-2.5
172.5	1.0249e-06	2.3633e-10	-10.0	-2.5
173.0	1.0247e-06	2.3622e-10	-10.0	-2.5
173.5	1.0253e-06	2.3863e-10	-10.0	-2.5
174.0	1.0242e-06	2.3871e-10	-10.0	-2.5
174.5	1.0267e-06	2.4253e-10	-10.0	-2.5
175.0	1.0226e-06	2.4454e-10	-10.0	-2.5
175.5	1.0253e-06	2.3499e-10	-10.0	-2.5
176.0	1.0224e-06	2.409e-10	-10.0	-2.5
176.5	1.0226e-06	2.4084e-10	-10.0	-2.5
177.0	1.0236e-06	2.3851e-10	-10.0	-2.5
177.5	1.0224e-06	2.3776e-10	-10.0	-2.5
178.0	1.021e-06	2.4299e-10	-10.0	-2.5
178.5	1.0218e-06	2.3711e-10	-10.0	-2.5
179.0	1.0175e-06	2.4178e-10	-10.0	-2.5
179.5	1.0185e-06	2.3991e-10	-10.0	-2.5
180.0	1.0162e-06	1.5477e-10	-10.0	-2.5
180.5	1.0182e-06	6.5768e-11	-10.0	-2.5
181.0	1.0175e-06	6.0381e-11	-10.0	-2.5
181.5	1.0192e-06	5.9965e-11	-10.0	-2.5
182.0	1.0183e-06	6.1746e-11	-10.0	-2.5
182.5	1.0202e-06	6.1443e-11	-10.0	-2.5
183.0	1.0192e-06	5.9251e-11	-10.0	-2.5
183.5	1.0219e-06	5.8112e-11	-10.0	-2.5
184.0	1.021e-06	5.9489e-11	-10.0	-2.5
184.5	1.0194e-06	6.1165e-11	-10.0	-2.5
185.0	1.0176e-06	6.5818e-11	-10.0	-2.5
185.5	1.0164e-06	5.5537e-11	-10.0	-2.5
186.0	1.0174e-06	5.6969e-11	-10.0	-2.5
186.5	1.0159e-06	6.1169e-11	-10.0	-2.5
187.0	1.0185e-06	6.0029e-11	-10.0	-2.5
187.5	1.0173e-06	5.941e-11	-10.0	-2.5
188.0	1.0184e-06	5.6869e-11	-10.0	-2.5
188.5	1.0162e-06	6.384e-11	-10.0	-2.5
189.0	1.0181e-06	6.2159e-11	-10.0	-2.5
189.5	1.0155e-06	6.2184e-11	-10.0	-2.5
190.0	1.0167e-06	6.1156e-11	-10.0	-2.5
190.5	1.015e-06	7.0617e-11	-10.0	-2.5
191.0	1.014e-06	5.9866e-11	-10.0	-2.5
191.5	1.0154e-06	6.0566e-11	-10.0	-2.5
192.0	1.0135e-06	6.4557e-11	-10.0	-2.5
192.5	1.0151e-06	6.5187e-11	-10.0	-2.5
193.0	1.0141e-06	6.1834e-11	-10.0	-2.5
193.5	1.0155e-06	5.8083e-11	-10.0	-2.5
194.0	1.0148e-06	6.2707e-11	-10.0	-2.5
194.5	1.0159e-06	6.3061e-11	-10.0	-2.5
195.0	1.0158e-06	6.1818e-11	-10.0	-2.5
195.5	1.0173e-06	5.782e-11	-10.0	-2.5
196.0	1.0163e-06	6.2264e-11	-10.0	-2.5
196.5	1.0165e-06	6.0628e-11	-10.0	-2.5
197.0	1.0162e-06	6.4453e-11	-10.0	-2.5
197.5	1.0144e-06	6.6664e-11	-10.0	-2.5
198.0	1.0152e-06	6.6509e-11	-10.0	-2.5
198.5	1.0144e-06	6.0755e-11	-10.0	-2.5
199.0	1.0153e-06	6.3688e-11	-10.0	-2.5
199.5	1.0165e-06	6.3561e-11	-10.0	-2.5
200.0	1.0184e-06	5.6883e-11	-10.0	-2.5
200.5	1.0158e-06	6.37e-11	-10.0	-2.5
201.0	1.0145e-06	6.3525e-11	-10.0	-2.5
201.5	1.0164e-06	6.721e-11	-10.0	-2.5
202.0	1.0171e-06	5.3564e-11	-10.0	-2.5
202.5	1.016e-06	6.7998e-11	-10.0	-2.5
203.0	1.015e-06	6.0768e-11	-10.0	-2.5
203.5	1.0181e-06	6.189e-11	-10.0	-2.5
204.0	1.0193e-06	6.1266e-11	-10.0	-2.5
204.5	1.0179e-06	6.3184e-11	-10.0	-2.5
205.0	1.0176e-06	5.8601e-11	-10.0	-2.5
205.5	1.016e-06	6.8393e-11	-10.0	-2.5
206.0	1.017e-06	6.4397e-11	-10.0	-2.5
206.5	1.0168e-06	6.5931e-11	-10.0	-2.5
207.0	1.0191e-06	6.1132e-11	-10.0	-2.5
207.5	1.0174e-06	6.809e-11	-10.0	-2.5
208.0	1.0177e-06	6.6048e-11	-10.0	-2.5
208.5	1.0186e-06	6.0384e-11	-10.0	-2.5
209.0	1.0163e-06	6.4845e-11	-10.0	-2.5
209.5	1.0208e-06	5.9398e-11	-10.0	-2.5
210.0	1.0186e-06	6.678e-11	-10.0	-2.5
210.5	1.0174e-06	6.2971e-11	-10.0	-2.5
211.0	1.0166e-06	6.4266e-11	-10.0	-2.5
211.5	1.0174e-06	6.5719e-11	-10.0	-2.5
212.0	1.0155e-06	6.6268e-11	-10.0	-2.5
212.5	1.0184e-06	6.3655e-11	-10.0	-2.5
213.0	1.0171e-06	6.7114e-11	-10.0	-2.5
213.5	1.0177e-06	6.4595e-11	-10.0	-2.5
214.0	1.0191e-06	6.1173e-11	-10.0	-2.5
214.5	1.0182e-06	6.6656e-11	-10.0	-2.5
215.0	1.016e-06	6.1583e-11	-10.0	-2.5
215.5	1.0191e-06	6.3174e-11	-10.0	-2.5
216.0	1.018e-06	6.2244e-11	-10.0	-2.5
216.5	1.0165e-06	6.0463e-11	-10.0	-2.5
217.0	1.0201e-06	6.2253e-11	-10.0	-2.5
217.5	1.0192e-06	6.2402e-11	-10.0	-2.5
218.0	1.0163e-06	7.1281e-11	-10.0	-2.5
218.5	1.0154e-06	6.4644e-11	-10.0	-2.5
219.0	1.0175e-06	5.8367e-11	-10.0	-2.5
219.5	1.0201e-06	5.5419e-11	-10.0	-2.5
220.0	1.0178e-06	6.5641e-11	-10.0	-2.5
220.5	1.0181e-06	6.3386e-11	-10.0	-2.5
221.0	1.0195e-06	6.4741e-11	-10.0	-2.5
221.5	1.0201e-06	6.4032e-11	-10.0	-2.5
222.0	1.0192e-06	6.8963e-11	-10.0	-2.5
222.5	1.02e-06	6.1078e-11	-10.0	-2.5
223.0	1.0177e-06	6.7855e-11	-10.0	-2.5
223.5	1.0195e-06	6.3711e-11	-10.0	-2.5
224.0	1.0172e-06	6.8011e-11	-10.0	-2.5
224.5	1.0161e-06	6.7682e-11	-10.0	-2.5
225.0	1.0152e-06	6.5751e-11	-10.0	-2.5
225.5	1.0163e-06	6.2017e-11	-10.0	-2.5
226.0	1.0169e-06	6.2584e-11	-10.0	-2.5
226.5	1.0196e-06	6.5714e-11	-10.0	-2.5
227.0	1.0207e-06	6.5471e-11	-10.0	-2.5
227.5	1.0213e-06	6.394e-11	-10.0	-2.5
228.0	1.019e-06	6.8452e-11	-10.0	-2.5
228.5	1.0216e-06	6.2686e-11	-10.0	-2.5
229.0	1.0217e-06	6.2168e-11	-10.0	-2.5
229.5	1.0197e-06	6.9658e-11	-10.0	-2.5
230.0	1.016e-06	6.717e-11	-10.0	-2.5
230.5	1.0199e-06	5.7739e-11	-10.0	-2.5
231.0	1.021e-06	6.7858e-11	-10.0	-2.5
231.5	1.0199e-06	6.6283e-11	-10.0	-2.5
232.0	1.0211e-06	6.677e-11	-10.0	-2.5
232.5	1.0217e-06	6.7128e-11	-10.0	-2.5
233.0	1.02e-06	6.9994e-11	-10.0	-2.5
233.5	1.0207e-06	6.3067e-11	-10.0	-2.5
234.0	1.0218e-06	6.5803e-11	-10.0	-2.5
234.5	1.0207e-06	6.6418e-11	-10.0	-2.5
235.0	1.0224e-06	6.685e-11	-10.0	-2.5
235.5	1.0227e-06	6.6133e-11	-10.0	-2.5
236.0	1.0217e-06	6.7502e-11	-10.0	-2.5
236.5	1.0192e-06	7.0058e-11	-10.0	-2.5
237.0	1.0191e-06	6.8089e-11	-10.0	-2.5
237.5	1.0176e-06	6.4939e-11	-10.0	-2.5
238.0	1.0181e-06	6.3666e-11	-10.0	-2.5
238.5	1.0216e-06	6.5343e-11	-10.0	-2.5
239.0	1.021e-06	6.5544e-11	-10.0	-2.5
239.5	1.0196e-06	6.9642e-11	-10.0	-2.5
240.0	1.0194e-06	2.0513e-10	-10.0	-2.5
240.5	1.0183e-06	2.4777e-10	-10.0	-2.5
241.0	1.0169e-06	2.4445e-10	-10.0	-2.5
241.5	1.0164e-06	2.5041e-10	-10.0	-2.5
242.0	1.0154e-06	2.5254e-10	-10.0	-2.5
242.5	1.0153e-06	2.4588e-10	-10.0	-2.5
243.0	1.0142e-06	2.4918e-10	-10.0	-2.5
243.5	1.0151e-06	2.416e-10	-10.0	-2.5
244.0	1.014e-06	2.4674e-10	-10.0	-2.5
244.5	1.014e-06	2.4677e-10	-10.0	-2.5
245.0	1.0138e-06	2.4439e-10	-10.0	-2.5
245.5	1.016e-06	2.4158e-10	-10.0	-2.5
246.0	1.0153e-06	2.4026e-10	-10.0	-2.5
246.5	1.0138e-06	2.4764e-10	-10.0	-2.5
247.0	1.0162e-06	2.4072e-10	-10.0	-2.5
247.5	1.013e-06	2.4411e-10	-10.0	-2.5
248.0	1.014e-06	2.4341e-10	-10.0	-2.5
248.5	1.0125e-06	2.4317e-10	-10.0	-2.5
249.0	1.0116e-06	2.3974e-10	-10.0	-2.5
249.5	1.0127e-06	2.3583e-10	-10.0	-2.5
250.0	1.0065e-06	2.439e-10	-10.0	-2.5
250.5	1.0071e-06	2.3373e-10	-10.0	-2.5
251.0	1.0056e-06	2.4088e-10	-10.0	-2.5
251.5	1.0058e-06	2.3927e-10	-10.0	-2.5
252.0	1.0053e-06	2.3918e-10	-10.0	-2.5
252.5	1.0082e-06	2.3723e-10	-10.0	-2.5
253.0	1.0055e-06	2.4819e-10	-10.0	-2.5
253.5	1.0057e-06	2.3817e-10	-10.0	-2.5
254.0	1.0058e-06	2.3717e-10	-10.0	-2.5
254.5	1.0043e-06	2.4182e-10	-10.0	-2.5
255.0	1.0016e-06	2.2919e-10	-10.0	-2.5
255.5	1.0029e-06	2.355e-10	-10.0	-2.5
256.0	1.0017e-06	2.3593e-10	-10.0	-2.5
256.5	1.004e-06	2.3592e-10	-10.0	-2.5
257.0	1.0033e-06	2.3506e-10	-10.0	-2.5
257.5	1.0023e-06	2.3578e-10	-10.0	-2.5
258.0	1.0025e-06	2.3246e-10	-10.0	-2.5
258.5	1.003e-06	2.3075e-10	-10.0	-2.5
259.0	1.0035e-06	2.315e-10	-10.0	-2.5
259.5	1.0032e-06	2.3245e-10	-10.0	-2.5
260.0	1.0045e-06	2.3394e-10	-10.0	-2.5
260.5	1.0013e-06	2.278e-10	-10.0	-2.5
261.0	1.0016e-06	2.3342e-10	-10.0	-2.5
261.5	9.9867e-07	2.3474e-10	-10.0	-2.5
262.5	1.001e-06	2.3111e-10	-10.0	-2.5
263.5	9.9915e-07	2.3443e-10	-10.0	-2.5
264.0	1.0004e-06	2.2774e-10	-10.0	-2.5
265.0	1.0006e-06	2.3175e-10	-10.0	-2.5
266.0	1.0037e-06	2.2824e-10	-10.0	-2.5
266.5	1.0056e-06	2.2676e-10	-10.0	-2.5
267.0	1.004e-06	2.3012e-10	-10.0	-2.5
267.5	1.0012e-06	2.3487e-10	-10.0	-2.5
268.0	1.0024e-06	2.2627e-10	-10.0	-2.5
268.5	1.0018e-06	2.3074e-10	-10.0	-2.5
269.0	1.0012e-06	2.2261e-10	-10.0	-2.5
269.5	1.0022e-06	2.2785e-10	-10.0	-2.5
270.0	1.0015e-06	2.2585e-10	-10.0	-2.5
270.5	1.0026e-06	2.2888e-10	-10.0	-2.5
271.0	1.0037e-06	2.2836e-10	-10.0	-2.5
271.5	1.003e-06	2.3091e-10	-10.0	-2.5
272.0	1.004e-06	2.2805e-10	-10.0	-2.5
272.5	1.0011e-06	2.2893e-10	-10.0	-2.5
273.0	9.9709e-07	2.2864e-10	-10.0	-2.5
274.0	9.9926e-07	2.2402e-10	-10.0	-2.5
274.5	9.9735e-07	2.2906e-10	-10.0	-2.5
275.0	9.975e-07	2.2435e-10	-10.0	-2.5
275.5	9.9885e-07	2.2134e-10	-10.0	-2.5
276.0	9.9848e-07	2.3341e-10	-10.0	-2.5
276.5	9.9714e-07	2.29e-10	-10.0	-2.5
277.0	9.9781e-07	2.2467e-10	-10.0	-2.5
277.5	9.9822e-07	2.2416e-10	-10.0	-2.5
278.0	9.977e-07	2.2625e-10	-10.0	-2.5
278.5	1.0013e-06	2.245e-10	-10.0	-2.5
279.0	1.001e-06	2.2074e-10	-10.0	-2.5
279.5	9.9743e-07	2.231e-10	-10.0	-2.5
280.0	9.9675e-07	2.2686e-10	-10.0	-2.5
280.5	9.9535e-07	2.2459e-10	-10.0	-2.5
281.0	9.9403e-07	2.2819e-10	-10.0	-2.5
281.5	9.9835e-07	2.2072e-10	-10.0	-2.5
282.0	9.9764e-07	2.2608e-10	-10.0	-2.5
282.5	9.9769e-07	2.1945e-10	-10.0	-2.5
283.0	9.9805e-07	2.1975e-10	-10.0	-2.5
283.5	9.9815e-07	2.2141e-10	-10.0	-2.5
284.0	9.9853e-07	2.2152e-10	-10.0	-2.5
284.5	9.9872e-07	2.2305e-10	-10.0	-2.5
285.0	9.9556e-07	2.2693e-10	-10.0	-2.5
285.5	9.9584e-07	2.2263e-10	-10.0	-2.5
286.0	9.967e-07	2.2125e-10	-10.0	-2.5
286.5	9.9608e-07	2.2524e-10	-10.0	-2.5
287.0	9.9845e-07	2.2375e-10	-10.0	-2.5
287.5	9.9897e-07	2.248e-10	-10.0	-2.5
288.0	9.973e-07	2.2886e-10	-10.0	-2.5
288.5	9.9811e-07	2.2359e-10	-10.0	-2.5
289.0	9.9881e-07	2.2473e-10	-10.0	-2.5
289.5	1.0024e-06	2.2415e-10	-10.0	-2.5
290.0	1.0007e-06	2.2319e-10	-10.0	-2.5
290.5	9.9964e-07	2.2418e-10	-10.0	-2.5
291.5	9.9679e-07	2.2273e-10	-10.0	-2.5
292.0	9.9882e-07	2.2323e-10	-10.0	-2.5
292.5	9.9881e-07	2.2103e-10	-10.0	-2.5
293.0	9.9804e-07	2.1888e-10	-10.0	-2.5
293.5	9.9547e-07	2.2147e-10	-10.0	-2.5
294.0	9.9255e-07	2.2481e-10	-10.0	-2.5
294.5	9.9355e-07	2.2427e-10	-10.0	-2.5
295.0	9.9322e-07	2.2081e-10	-10.0	-2.5
295.5	9.9334e-07	2.2275e-10	-10.0	-2.5
296.0	9.9276e-07	2.2111e-10	-10.0	-2.5
296.5	9.953e-07	2.1547e-10	-10.0	-2.5
297.0	9.9348e-07	2.2071e-10	-10.0	-2.5
297.5	9.9278e-07	2.2294e-10	-10.0	-2.5
298.0	9.9449e-07	2.1882e-10	-10.0	-2.5
298.5	9.9598e-07	2.1651e-10	-10.0	-2.5
299.0	9.968e-07	2.1952e-10	-10.0	-2.5
299.5	9.9376e-07	2.2124e-10	-10.0	-2.5
300.0	9.9257e-07	1.5385e-10	-10.0	-2.5
300.5	9.9319e-07	5.0129e-11	-10.0	-2.5
301.0	9.9364e-07	4.2673e-11	-10.0	-2.5
301.5	9.9539e-07	3.8217e-11	-10.0	-2.5
302.0	9.9713e-07	3.4598e-11	-10.0	-2.5
302.5	9.9787e-07	3.7327e-11	-10.0	-2.5
303.0	9.9543e-07	4.3033e-11	-10.0	-2.5
303.5	9.953e-07	4.2201e-11	-10.0	-2.5
304.0	9.9123e-07	4.4116e-11	-10.0	-2.5
304.5	9.9464e-07	4.1295e-11	-10.0	-2.5
305.0	9.9262e-07	4.3411e-11	-10.0	-2.5
305.5	9.91e-07	4.9057e-11	-10.0	-2.5
306.0	9.9233e-07	4.1248e-11	-10.0	-2.5
306.5	9.9159e-07	4.2316e-11	-10.0	-2.5
307.0	9.9192e-07	3.8573e-11	-10.0	-2.5
307.5	9.9375e-07	4.1478e-11	-10.0	-2.5
308.0	9.9434e-07	4.3008e-11	-10.0	-2.5
308.5	9.9417e-07	4.3584e-11	-10.0	-2.5
309.0	9.9477e-07	4.344e-11	-10.0	-2.5
309.5	9.9486e-07	4.1692e-11	-10.0	-2.5
310.0	9.9243e-07	4.4157e-11	-10.0	-2.5
310.5	9.9226e-07	4.6529e-11	-10.0	-2.5
311.0	9.9429e-07	4.3595e-11	-10.0	-2.5
311.5	9.9206e-07	4.3527e-11	-10.0	-2.5
312.0	9.8904e-07	5.3012e-11	-10.0	-2.5
312.5	9.9416e-07	4.3132e-11	-10.0	-2.5
313.0	9.9397e-07	4.1889e-11	-10.0	-2.5
313.5	9.9378e-07	4.5358e-11	-10.0	-2.5
314.0	9.9244e-07	4.5301e-11	-10.0	-2.5
314.5	9.9304e-07	4.136e-11	-10.0	-2.5
315.0	9.926e-07	4.9651e-11	-10.0	-2.5
315.5	9.9297e-07	4.7984e-11	-10.0	-2.5
316.0	9.9403e-07	4.791e-11	-10.0	-2.5
316.5	9.9284e-07	4.4031e-11	-10.0	-2.5
317.0	9.9358e-07	5.5822e-11	-10.0	-2.5
317.5	9.9467e-07	4.2657e-11	-10.0	-2.5
318.0	9.9261e-07	5.0631e-11	-10.0	-2.5
318.5	9.946e-07	4.4059e-11	-10.0	-2.5
319.0	9.9509e-07	4.6873e-11	-10.0	-2.5
319.5	9.9638e-07	4.7058e-11	-10.0	-2.5
320.0	9.9336e-07	5.5555e-11	-10.0	-2.5
320.5	9.9234e-07	4.4036e-11	-10.0	-2.5
321.0	9.9245e-07	5.0262e-11	-10.0	-2.5
321.5	9.9162e-07	4.2123e-11	-10.0	-2.5
322.0	9.9388e-07	4.3635e-11	-10.0	-2.5
322.5	9.9384e-07	4.6996e-11	-10.0	-2.5
323.0	9.9082e-07	4.6227e-11	-10.0	-2.5
323.5	9.9118e-07	4.6536e-11	-10.0	-2.5
324.0	9.8948e-07	4.6498e-11	-10.0	-2.5
324.5	9.9231e-07	4.9928e-11	-10.0	-2.5
325.0	9.9128e-07	4.8138e-11	-10.0	-2.5
325.5	9.9123e-07	4.6849e-11	-10.0	-2.5
326.0	9.9141e-07	4.8631e-11	-10.0	-2.5
326.5	9.9279e-07	4.963e-11	-10.0	-2.5
327.0	9.9363e-07	4.5999e-11	-10.0	-2.5
327.5	9.9306e-07	5.1502e-11	-10.0	-2.5
328.0	9.9304e-07	5.2985e-11	-10.0	-2.5
328.5	9.9275e-07	4.678e-11	-10.0	-2.5
329.0	9.8934e-07	5.9007e-11	-10.0	-2.5
329.5	9.9035e-07	5.0241e-11	-10.0	-2.5
330.0	9.9173e-07	4.3494e-11	-10.0	-2.5
330.5	9.9041e-07	5.1774e-11	-10.0	-2.5
331.0	9.9068e-07	5.0148e-11	-10.0	-2.5
331.5	9.927e-07	4.5937e-11	-10.0	-2.5
332.0	9.931e-07	4.569e-11	-10.0	-2.5
332.5	9.9276e-07	4.7162e-11	-10.0	-2.5
333.0	9.9226e-07	5.1665e-11	-10.0	-2.5
333.5	9.9066e-07	4.7878e-11	-10.0	-2.5
334.0	9.9258e-07	5.0347e-11	-10.0	-2.5
334.5	9.9165e-07	4.7427e-11	-10.0	-2.5
335.0	9.9254e-07	4.643e-11	-10.0	-2.5
335.5	9.9044e-07	5.0954e-11	-10.0	-2.5
336.0	9.9076e-07	4.6138e-11	-10.0	-2.5
336.5	9.9279e-07	4.5539e-11	-10.0	-2.5
337.0	9.8921e-07	5.1649e-11	-10.0	-2.5
337.5	9.9084e-07	5.0216e-11	-10.0	-2.5
338.0	9.8829e-07	5.6983e-11	-10.0	-2.5
338.5	9.9056e-07	4.9286e-11	-10.0	-2.5
339.0	9.8937e-07	4.4248e-11	-10.0	-2.5
339.5	9.9156e-07	4.4839e-11	-10.0	-2.5
340.0	9.9017e-07	5.0216e-11	-10.0	-2.5
340.5	9.8758e-07	5.1382e-11	-10.0	-2.5
341.0	9.8815e-07	4.735e-11	-10.0	-2.5
341.5	9.908e-07	5.0151e-11	-10.0	-2.5
342.0	9.9039e-07	4.8368e-11	-10.0	-2.5
342.5	9.8851e-07	5.1885e-11	-10.0	-2.5
343.0	9.897e-07	4.7151e-11	-10.0	-2.5
343.5	9.9047e-07	4.6939e-11	-10.0	-2.5
344.0	9.9296e-07	4.4824e-11	-10.0	-2.5
344.5	9.9142e-07	5.137e-11	-10.0	-2.5
345.0	9.9185e-07	5.3207e-11	-10.0	-2.5
345.5	9.9272e-07	4.7931e-11	-10.0	-2.5
346.0	9.9307e-07	4.8859e-11	-10.0	-2.5
346.5	9.9208e-07	4.8839e-11	-10.0	-2.5
347.0	9.9335e-07	4.5617e-11	-10.0	-2.5
347.5	9.9448e-07	4.7934e-11	-10.0	-2.5
348.0	9.9146e-07	5.3358e-11	-10.0	-2.5
348.5	9.9228e-07	4.9294e-11	-10.0	-2.5
349.0	9.9181e-07	4.8102e-11	-10.0	-2.5
349.5	9.9377e-07	5.1673e-11	-10.0	-2.5
350.0	9.9431e-07	5.1978e-11	-10.0	-2.5
350.5	9.9376e-07	4.8914e-11	-10.0	-2.5
351.0	9.9521e-07	4.7455e-11	-10.0	-2.5
351.5	9.9524e-07	4.2539e-11	-10.0	-2.5
352.0	9.9505e-07	5.1805e-11	-10.0	-2.5
352.5	9.9669e-07	4.8017e-11	-10.0	-2.5
353.0	9.9634e-07	5.0294e-11	-10.0	-2.5
353.5	9.9203e-07	5.244e-11	-10.0	-2.5
354.0	9.934e-07	4.9098e-11	-10.0	-2.5
354.5	9.9273e-07	5.6497e-11	-10.0	-2.5
355.0	9.9221e-07	4.7821e-11	-10.0	-2.5
355.5	9.9246e-07	5.42e-11	-10.0	-2.5
356.0	9.9419e-07	5.0141e-11	-10.0	-2.5
356.5	9.9422e-07	4.5369e-11	-10.0	-2.5
357.0	9.9346e-07	4.8658e-11	-10.0	-2.5
357.5	9.934e-07	5.0509e-11	-10.0	-2.5
358.0	9.944e-07	4.8345e-11	-10.0	-2.5
358.5	9.9332e-07	4.7898e-11	-10.0	-2.5
359.0	9.9661e-07	5.0398e-11	-10.0	-2.5
359.5	9.9717e-07	5.1117e-11	-10.0	-2.5
360.0	9.9514e-07	1.8265e-10	-10.0	-2.5
360.5	9.9852e-07	2.2714e-10	-10.0	-2.5
361.0	9.9636e-07	2.3833e-10	-10.0	-2.5
361.5	9.9575e-07	2.3875e-10	-10.0	-2.5
362.0	9.9628e-07	2.3318e-10	-10.0	-2.5
362.5	9.9623e-07	2.2993e-10	-10.0	-2.5
363.0	9.9817e-07	2.2968e-10	-10.0	-2.5
363.5	9.9418e-07	2.3194e-10	-10.0	-2.5
364.0	9.9561e-07	2.3085e-10	-10.0	-2.5
364.5	9.9167e-07	2.3424e-10	-10.0	-2.5
365.0	9.9132e-07	2.2883e-10	-10.0	-2.5
365.5	9.9219e-07	2.3065e-10	-10.0	-2.5
366.0	9.9146e-07	2.3367e-10	-10.0	-2.5
366.5	9.9232e-07	2.3068e-10	-10.0	-2.5
367.0	9.9355e-07	2.2423e-10	-10.0	-2.5
367.5	9.9233e-07	2.2692e-10	-10.0	-2.5
368.0	9.9068e-07	2.3218e-10	-10.0	-2.5
368.5	9.9081e-07	2.3034e-10	-10.0	-2.5
369.0	9.9179e-07	2.2262e-10	-10.0	-2.5
369.5	9.9055e-07	2.2328e-10	-10.0	-2.5
370.0	9.9254e-07	2.1851e-10	-10.0	-2.5
370.5	9.9079e-07	2.269e-10	-10.0	-2.5
371.0	9.8957e-07	2.2739e-10	-10.0	-2.5
371.5	9.9241e-07	2.2198e-10	-10.0	-2.5
372.0	9.888e-07	2.3245e-10	-10.0	-2.5
372.5	9.9123e-07	2.1924e-10	-10.0	-2.5
373.0	9.9046e-07	2.2277e-10	-10.0	-2.5
373.5	9.9042e-07	2.2139e-10	-10.0	-2.5
374.0	9.912e-07	2.164e-10	-10.0	-2.5
374.5	9.9069e-07	2.2766e-10	-10.0	-2.5
375.0	9.8771e-07	2.2003e-10	-10.0	-2.5
375.5	9.9182e-07	2.1588e-10	-10.0	-2.5
376.0	9.9206e-07	2.1901e-10	-10.0	-2.5
376.5	9.9247e-07	2.1963e-10	-10.0	-2.5
377.0	9.8905e-07	2.285e-10	-10.0	-2.5
377.5	9.9156e-07	2.2475e-10	-10.0	-2.5
378.0	9.9059e-07	2.1986e-10	-10.0	-2.5
378.5	9.9054e-07	2.2135e-10	-10.0	-2.5
379.0	9.8805e-07	2.1685e-10	-10.0	-2.5
379.5	9.8792e-07	2.1142e-10	-10.0	-2.5
380.0	9.8974e-07	2.2104e-10	-10.0	-2.5
380.5	9.9109e-07	2.2335e-10	-10.0	-2.5
381.0	9.9031e-07	2.1655e-10	-10.0	-2.5
381.5	9.8904e-07	2.1998e-10	-10.0	-2.5
382.0	9.9045e-07	2.2442e-10	-10.0	-2.5
382.5	9.8781e-07	2.2305e-10	-10.0	-2.5
383.0	9.9062e-07	2.2001e-10	-10.0	-2.5
383.5	9.8798e-07	2.1775e-10	-10.0	-2.5
384.0	9.8983e-07	2.189e-10	-10.0	-2.5
384.5	9.8716e-07	2.1724e-10	-10.0	-2.5
385.0	9.8714e-07	2.1515e-10	-10.0	-2.5
385.5	9.8656e-07	2.2273e-10	-10.0	-2.5
386.0	9.902e-07	2.1223e-10	-10.0	-2.5
386.5	9.8518e-07	2.23e-10	-10.0	-2.5
387.0	9.8595e-07	2.165e-10	-10.0	-2.5
387.5	9.8475e-07	2.1762e-10	-10.0	-2.5
388.0	9.8452e-07	2.225e-10	-10.0	-2.5
388.5	9.8508e-07	2.2115e-10	-10.0	-2.5
389.0	9.861e-07	2.1179e-10	-10.0	-2.5
389.5	9.8746e-07	2.159e-10	-10.0	-2.5
390.0	9.8831e-07	2.1554e-10	-10.0	-2.5
390.5	9.8673e-07	2.2001e-10	-10.0	-2.5
391.0	9.8641e-07	2.1546e-10	-10.0	-2.5
391.5	9.8658e-07	2.1768e-10	-10.0	-2.5
392.0	9.865e-07	2.1538e-10	-10.0	-2.5
392.5	9.864e-07	2.1933e-10	-10.0	-2.5
393.0	9.8808e-07	2.0808e-10	-10.0	-2.5
393.5	9.8339e-07	2.1754e-10	-10.0	-2.5
394.0	9.8177e-07	2.2371e-10	-10.0	-2.5
394.5	9.7899e-07	2.1234e-10	-10.0	-2.5
395.0	9.8192e-07	2.1267e-10	-10.0	-2.5
395.5	9.8203e-07	2.1797e-10	-10.0	-2.5
396.0	9.8163e-07	2.1898e-10	-10.0	-2.5
396.5	9.8163e-07	2.1638e-10	-10.0	-2.5
397.0	9.8037e-07	2.141e-10	-10.0	-2.5
397.5	9.8088e-07	2.0886e-10	-10.0	-2.5
398.0	9.8323e-07	2.1213e-10	-10.0	-2.5
398.5	9.8213e-07	2.136e-10	-10.0	-2.5
399.0	9.8088e-07	2.1712e-10	-10.0	-2.5
399.5	9.8085e-07	2.1459e-10	-10.0	-2.5
400.0	9.8255e-07	2.0447e-10	-10.0	-2.5
400.5	9.8056e-07	2.1605e-10	-10.0	-2.5
401.0	9.8005e-07	2.1234e-10	-10.0	-2.5
401.5	9.7724e-07	2.1134e-10	-10.0	-2.5
402.0	9.788e-07	2.1065e-10	-10.0	-2.5
402.5	9.7879e-07	2.1281e-10	-10.0	-2.5
403.0	9.7636e-07	2.1468e-10	-10.0	-2.5
403.5	9.7767e-07	2.0896e-10	-10.0	-2.5
404.0	9.7613e-07	2.1382e-10	-10.0	-2.5
404.5	9.7554e-07	2.1347e-10	-10.0	-2.5
405.0	9.7649e-07	2.1393e-10	-10.0	-2.5
405.5	9.7633e-07	2.0812e-10	-10.0	-2.5
406.0	9.7687e-07	2.0931e-10	-10.0	-2.5
406.5	9.7609e-07	2.1731e-10	-10.0	-2.5
407.0	9.7484e-07	2.192e-10	-10.0	-2.5
407.5	9.7532e-07	2.1956e-10	-10.0	-2.5
408.0	9.7503e-07	2.1457e-10	-10.0	-2.5
408.5	9.7359e-07	2.1518e-10	-10.0	-2.5
409.0	9.7335e-07	2.1289e-10	-10.0	-2.5
409.5	9.7392e-07	2.1274e-10	-10.0	-2.5
410.0	9.7225e-07	2.1088e-10	-10.0	-2.5
410.5	9.7627e-07	2.1081e-10	-10.0	-2.5
411.0	9.7431e-07	2.1406e-10	-10.0	-2.5
411.5	9.7492e-07	2.137e-10	-10.0	-2.5
412.0	9.7647e-07	2.0486e-10	-10.0	-2.5
412.5	9.7615e-07	2.0978e-10	-10.0	-2.5
413.0	9.7741e-07	2.1076e-10	-10.0	-2.5
413.5	9.7556e-07	2.0975e-10	-10.0	-2.5
414.0	9.7909e-07	2.0827e-10	-10.0	-2.5
414.5	9.8116e-07	2.0987e-10	-10.0	-2.5
415.0	9.7871e-07	2.1658e-10	-10.0	-2.5
415.5	9.7974e-07	2.103e-10	-10.0	-2.5
416.0	9.7868e-07	2.1124e-10	-10.0	-2.5
416.5	9.7869e-07	2.158e-10	-10.0	-2.5
417.0	9.7616e-07	2.1134e-10	-10.0	-2.5
417.5	9.7661e-07	2.0779e-10	-10.0	-2.5
418.0	9.7652e-07	2.0586e-10	-10.0	-2.5
418.5	9.7493e-07	2.0774e-10	-10.0	-2.5
419.0	9.7238e-07	2.1742e-10	-10.0	-2.5
419.5	9.725e-07	2.135e-10	-10.0	-2.5
420.0	9.7388e-07	1.5189e-10	-10.0	-2.5
420.5	9.727e-07	3.9121e-11	-10.0	-2.5
421.0	9.7383e-07	3.2173e-11	-10.0	-2.5
421.5	9.725e-07	3.3039e-11	-10.0	-2.5
422.0	9.7241e-07	2.9763e-11	-10.0	-2.5
422.5	9.7461e-07	3.0092e-11	-10.0	-2.5
423.0	9.7419e-07	2.6454e-11	-10.0	-2.5
423.5	9.7387e-07	3.2713e-11	-10.0	-2.5
424.0	9.7372e-07	2.9334e-11	-10.0	-2.5
424.5	9.7197e-07	3.3085e-11	-10.0	-2.5
425.0	9.7218e-07	3.2266e-11	-10.0	-2.5
425.5	9.7556e-07	2.785e-11	-10.0	-2.5
426.0	9.7951e-07	2.7058e-11	-10.0	-2.5
426.5	9.7883e-07	3.2537e-11	-10.0	-2.5
427.0	9.7915e-07	3.9088e-11	-10.0	-2.5
427.5	9.81e-07	3.0574e-11	-10.0	-2.5
428.0	9.8044e-07	3.9275e-11	-10.0	-2.5
428.5	9.8116e-07	2.8038e-11	-10.0	-2.5
429.0	9.7966e-07	3.4746e-11	-10.0	-2.5
429.5	9.7788e-07	3.7035e-11	-10.0	-2.5
430.0	9.7888e-07	3.2405e-11	-10.0	-2.5
430.5	9.7776e-07	3.7471e-11	-10.0	-2.5
431.0	9.7848e-07	3.3196e-11	-10.0	-2.5
431.5	9.7997e-07	2.7507e-11	-10.0	-2.5
432.0	9.7543e-07	3.0774e-11	-10.0	-2.5
432.5	9.7524e-07	3.2244e-11	-10.0	-2.5
433.0	9.7473e-07	3.1707e-11	-10.0	-2.5
433.5	9.7433e-07	3.7104e-11	-10.0	-2.5
434.0	9.7294e-07	3.8208e-11	-10.0	-2.5
434.5	9.7447e-07	3.6762e-11	-10.0	-2.5
435.0	9.7631e-07	3.3075e-11	-10.0	-2.5
435.5	9.7367e-07	3.1751e-11	-10.0	-2.5
436.0	9.7701e-07	2.6103e-11	-10.0	-2.5
436.5	9.7436e-07	4.139e-11	-10.0	-2.5
437.0	9.777e-07	3.2772e-11	-10.0	-2.5
437.5	9.7802e-07	2.8925e-11	-10.0	-2.5
438.0	9.7613e-07	3.9589e-11	-10.0	-2.5
438.5	9.7781e-07	3.1592e-11	-10.0	-2.5
439.0	9.7605e-07	3.4516e-11	-10.0	-2.5
439.5	9.7613e-07	3.9122e-11	-10.0	-2.5
440.0	9.7714e-07	3.5336e-11	-10.0	-2.5
440.5	9.7685e-07	3.3096e-11	-10.0	-2.5
441.0	9.7724e-07	3.2488e-11	-10.0	-2.5
441.5	9.7685e-07	3.4704e-11	-10.0	-2.5
442.0	9.7702e-07	3.9896e-11	-10.0	-2.5
442.5	9.8071e-07	3.3281e-11	-10.0	-2.5
443.0	9.7448e-07	3.709e-11	-10.0	-2.5
443.5	9.7685e-07	3.0324e-11	-10.0	-2.5
444.0	9.7848e-07	3.0103e-11	-10.0	-2.5
444.5	9.7918e-07	3.4522e-11	-10.0	-2.5
445.0	9.786e-07	1.0471e-11	-10.0	-2.5
445.5	9.7857e-07	3.4728e-11	-10.0	-2.5
446.0	9.8e-07	3.4324e-11	-10.0	-2.5
446.5	9.8051e-07	3.263e-11	-10.0	-2.5
447.0	9.7766e-07	4.1859e-11	-10.0	-2.5
447.5	9.7683e-07	3.8363e-11	-10.0	-2.5
448.0	9.7554e-07	3.9577e-11	-10.0	-2.5
448.5	9.7853e-07	4.2684e-11	-10.0	-2.5
449.0	9.7748e-07	3.638e-11	-10.0	-2.5
449.5	9.7867e-07	3.9905e-11	-10.0	-2.5
450.0	9.7658e-07	3.891e-11	-10.0	-2.5
450.5	9.7826e-07	3.3197e-11	-10.0	-2.5
451.0	9.784e-07	3.4575e-11	-10.0	-2.5
451.5	9.7665e-07	3.9746e-11	-10.0	-2.5
452.0	9.8001e-07	3.5915e-11	-10.0	-2.5
452.5	9.7835e-07	3.7258e-11	-10.0	-2.5
453.0	9.7878e-07	3.9829e-11	-10.0	-2.5
453.5	9.8316e-07	3.2598e-11	-10.0	-2.5
454.0	9.7914e-07	3.9228e-11	-10.0	-2.5
