Time (s)	|IDrain (A)|	|IGate (A)	Vdrain(V)	Vgate(V)
0.0	6.7618e-07	2.4571e-10	-10.0	-2.5
1.0	6.7211e-07	1.2915e-10	-10.0	-2.5
1.5	6.7184e-07	1.8539e-10	-10.0	-2.5
2.0	6.7135e-07	2.0676e-10	-10.0	-2.5
2.5	6.7165e-07	2.298e-10	-10.0	-2.5
3.0	6.6885e-07	2.3162e-10	-10.0	-2.5
3.5	6.6741e-07	2.4723e-10	-10.0	-2.5
4.0	6.6813e-07	2.4595e-10	-10.0	-2.5
4.5	6.6827e-07	2.4995e-10	-10.0	-2.5
5.0	6.6807e-07	2.5266e-10	-10.0	-2.5
5.5	6.6676e-07	2.5322e-10	-10.0	-2.5
6.0	6.6614e-07	2.5514e-10	-10.0	-2.5
6.5	6.6492e-07	2.5369e-10	-10.0	-2.5
7.0	6.6524e-07	2.6189e-10	-10.0	-2.5
7.5	6.6427e-07	2.5565e-10	-10.0	-2.5
8.0	6.6381e-07	2.6067e-10	-10.0	-2.5
8.5	6.6336e-07	2.5685e-10	-10.0	-2.5
9.0	6.6303e-07	2.6509e-10	-10.0	-2.5
9.5	6.6296e-07	2.5924e-10	-10.0	-2.5
10.0	6.6269e-07	2.6123e-10	-10.0	-2.5
10.5	6.6185e-07	2.6042e-10	-10.0	-2.5
11.0	6.6205e-07	2.6451e-10	-10.0	-2.5
11.5	6.6148e-07	2.6392e-10	-10.0	-2.5
12.0	6.607e-07	2.5646e-10	-10.0	-2.5
12.5	6.6047e-07	2.582e-10	-10.0	-2.5
13.0	6.6054e-07	2.5865e-10	-10.0	-2.5
13.5	6.5867e-07	2.547e-10	-10.0	-2.5
14.0	6.5848e-07	2.6749e-10	-10.0	-2.5
14.5	6.5939e-07	2.6091e-10	-10.0	-2.5
15.0	6.5972e-07	2.621e-10	-10.0	-2.5
15.5	6.5997e-07	2.604e-10	-10.0	-2.5
16.0	6.5817e-07	2.5865e-10	-10.0	-2.5
16.5	6.5811e-07	2.6427e-10	-10.0	-2.5
17.0	6.5763e-07	2.6043e-10	-10.0	-2.5
17.5	6.5733e-07	2.5946e-10	-10.0	-2.5
18.0	6.5738e-07	2.5922e-10	-10.0	-2.5
18.5	6.5692e-07	2.6308e-10	-10.0	-2.5
19.0	6.5855e-07	2.5808e-10	-10.0	-2.5
19.5	6.5628e-07	2.5532e-10	-10.0	-2.5
20.0	6.5597e-07	2.5822e-10	-10.0	-2.5
20.5	6.5513e-07	2.4925e-10	-10.0	-2.5
21.0	6.5512e-07	2.5635e-10	-10.0	-2.5
21.5	6.5539e-07	2.5897e-10	-10.0	-2.5
22.0	6.537e-07	2.5475e-10	-10.0	-2.5
22.5	6.5392e-07	2.5646e-10	-10.0	-2.5
23.0	6.5488e-07	2.5743e-10	-10.0	-2.5
23.5	6.5609e-07	2.6723e-10	-10.0	-2.5
24.0	6.5395e-07	2.5598e-10	-10.0	-2.5
24.5	6.5393e-07	2.5677e-10	-10.0	-2.5
25.0	6.5446e-07	2.5917e-10	-10.0	-2.5
25.5	6.5448e-07	2.5902e-10	-10.0	-2.5
26.0	6.5419e-07	2.5705e-10	-10.0	-2.5
26.5	6.5415e-07	2.5297e-10	-10.0	-2.5
27.0	6.5271e-07	2.5205e-10	-10.0	-2.5
27.5	6.5243e-07	2.55e-10	-10.0	-2.5
28.0	6.523e-07	2.5724e-10	-10.0	-2.5
28.5	6.5225e-07	2.5427e-10	-10.0	-2.5
29.0	6.5065e-07	2.5108e-10	-10.0	-2.5
29.5	6.5054e-07	2.5658e-10	-10.0	-2.5
30.0	6.4964e-07	2.5519e-10	-10.0	-2.5
30.5	6.5053e-07	2.5923e-10	-10.0	-2.5
31.0	6.5019e-07	2.5466e-10	-10.0	-2.5
31.5	6.509e-07	2.5689e-10	-10.0	-2.5
32.0	6.5086e-07	2.5392e-10	-10.0	-2.5
32.5	6.5132e-07	2.5988e-10	-10.0	-2.5
33.0	6.515e-07	2.5521e-10	-10.0	-2.5
33.5	6.5138e-07	2.5527e-10	-10.0	-2.5
34.0	6.5076e-07	2.5451e-10	-10.0	-2.5
34.5	6.504e-07	2.5433e-10	-10.0	-2.5
35.0	6.5036e-07	2.5425e-10	-10.0	-2.5
35.5	6.4979e-07	2.51e-10	-10.0	-2.5
36.0	6.4938e-07	2.5343e-10	-10.0	-2.5
36.5	6.5072e-07	2.592e-10	-10.0	-2.5
37.0	6.5099e-07	2.5929e-10	-10.0	-2.5
37.5	6.5025e-07	2.5182e-10	-10.0	-2.5
38.0	6.4952e-07	2.5444e-10	-10.0	-2.5
38.5	6.4891e-07	2.5576e-10	-10.0	-2.5
39.0	6.487e-07	2.532e-10	-10.0	-2.5
39.5	6.4966e-07	2.581e-10	-10.0	-2.5
40.0	6.5034e-07	2.5577e-10	-10.0	-2.5
40.5	6.5101e-07	2.6048e-10	-10.0	-2.5
41.0	6.5067e-07	2.545e-10	-10.0	-2.5
41.5	6.5058e-07	2.5516e-10	-10.0	-2.5
42.0	6.5103e-07	2.5701e-10	-10.0	-2.5
42.5	6.5129e-07	2.5602e-10	-10.0	-2.5
43.0	6.511e-07	2.5245e-10	-10.0	-2.5
43.5	6.5052e-07	2.5099e-10	-10.0	-2.5
44.0	6.5004e-07	2.4884e-10	-10.0	-2.5
44.5	6.4985e-07	2.5275e-10	-10.0	-2.5
45.0	6.4935e-07	2.5221e-10	-10.0	-2.5
45.5	6.4951e-07	2.5537e-10	-10.0	-2.5
46.0	6.4728e-07	2.5274e-10	-10.0	-2.5
46.5	6.4844e-07	2.5935e-10	-10.0	-2.5
47.0	6.4853e-07	2.5007e-10	-10.0	-2.5
47.5	6.4779e-07	2.5471e-10	-10.0	-2.5
48.0	6.4869e-07	2.5718e-10	-10.0	-2.5
48.5	6.4821e-07	2.5255e-10	-10.0	-2.5
49.0	6.4768e-07	2.5122e-10	-10.0	-2.5
49.5	6.4781e-07	2.5057e-10	-10.0	-2.5
50.0	6.4814e-07	2.5395e-10	-10.0	-2.5
50.5	6.4758e-07	2.5082e-10	-10.0	-2.5
51.0	6.4647e-07	2.5314e-10	-10.0	-2.5
51.5	6.4688e-07	2.5538e-10	-10.0	-2.5
52.0	6.4786e-07	2.5188e-10	-10.0	-2.5
52.5	6.4797e-07	2.5845e-10	-10.0	-2.5
53.0	6.46e-07	2.4967e-10	-10.0	-2.5
53.5	6.4663e-07	2.5411e-10	-10.0	-2.5
54.0	6.4607e-07	2.496e-10	-10.0	-2.5
54.5	6.462e-07	2.5608e-10	-10.0	-2.5
55.0	6.4841e-07	2.5807e-10	-10.0	-2.5
55.5	6.4642e-07	2.4898e-10	-10.0	-2.5
56.0	6.4719e-07	2.5654e-10	-10.0	-2.5
56.5	6.4593e-07	2.5501e-10	-10.0	-2.5
57.0	6.4621e-07	2.4986e-10	-10.0	-2.5
57.5	6.4576e-07	2.5265e-10	-10.0	-2.5
58.0	6.4505e-07	2.5478e-10	-10.0	-2.5
58.5	6.4649e-07	2.498e-10	-10.0	-2.5
59.0	6.4543e-07	2.5176e-10	-10.0	-2.5
59.5	6.4618e-07	2.531e-10	-10.0	-2.5
60.0	6.4431e-07	2.4624e-10	-10.0	-2.5
60.5	6.4461e-07	2.4803e-10	-10.0	-2.5
61.0	6.4331e-07	2.4258e-10	-10.0	-2.5
61.5	6.4412e-07	2.5013e-10	-10.0	-2.5
62.0	6.4475e-07	2.5741e-10	-10.0	-2.5
62.5	6.4544e-07	2.533e-10	-10.0	-2.5
63.0	6.4469e-07	2.4762e-10	-10.0	-2.5
63.5	6.4397e-07	2.5002e-10	-10.0	-2.5
64.0	6.4425e-07	2.5286e-10	-10.0	-2.5
64.5	6.4613e-07	2.5704e-10	-10.0	-2.5
65.0	6.4582e-07	2.4879e-10	-10.0	-2.5
65.5	6.4598e-07	2.5414e-10	-10.0	-2.5
66.0	6.4615e-07	2.5042e-10	-10.0	-2.5
66.5	6.4501e-07	2.4624e-10	-10.0	-2.5
67.0	6.4516e-07	2.5408e-10	-10.0	-2.5
67.5	6.446e-07	2.5378e-10	-10.0	-2.5
68.0	6.4419e-07	2.4847e-10	-10.0	-2.5
68.5	6.4315e-07	2.4198e-10	-10.0	-2.5
69.0	6.4252e-07	2.4405e-10	-10.0	-2.5
69.5	6.4376e-07	2.5139e-10	-10.0	-2.5
70.0	6.437e-07	2.484e-10	-10.0	-2.5
70.5	6.4357e-07	2.5123e-10	-10.0	-2.5
71.0	6.4368e-07	2.5107e-10	-10.0	-2.5
71.5	6.4363e-07	2.5533e-10	-10.0	-2.5
72.0	6.4419e-07	2.532e-10	-10.0	-2.5
72.5	6.4438e-07	2.5299e-10	-10.0	-2.5
73.0	6.441e-07	2.4986e-10	-10.0	-2.5
73.5	6.4463e-07	2.5195e-10	-10.0	-2.5
74.0	6.4481e-07	2.5048e-10	-10.0	-2.5
74.5	6.4379e-07	2.4539e-10	-10.0	-2.5
75.0	6.4349e-07	2.4635e-10	-10.0	-2.5
75.5	6.4498e-07	2.577e-10	-10.0	-2.5
76.0	6.4285e-07	2.4299e-10	-10.0	-2.5
76.5	6.4282e-07	2.5172e-10	-10.0	-2.5
77.0	6.4314e-07	2.4912e-10	-10.0	-2.5
77.5	6.4304e-07	2.4741e-10	-10.0	-2.5
78.0	6.4343e-07	2.5056e-10	-10.0	-2.5
78.5	6.4377e-07	2.4493e-10	-10.0	-2.5
79.0	6.451e-07	2.4809e-10	-10.0	-2.5
79.5	6.436e-07	2.4786e-10	-10.0	-2.5
80.0	6.4349e-07	2.4737e-10	-10.0	-2.5
80.5	6.4276e-07	2.4454e-10	-10.0	-2.5
81.0	6.4412e-07	2.4795e-10	-10.0	-2.5
81.5	6.4448e-07	2.4682e-10	-10.0	-2.5
82.0	6.4358e-07	2.4584e-10	-10.0	-2.5
82.5	6.4397e-07	2.4233e-10	-10.0	-2.5
83.0	6.4389e-07	2.5158e-10	-10.0	-2.5
83.5	6.4444e-07	2.5076e-10	-10.0	-2.5
84.0	6.4391e-07	2.4968e-10	-10.0	-2.5
84.5	6.4417e-07	2.4527e-10	-10.0	-2.5
85.0	6.4462e-07	2.5147e-10	-10.0	-2.5
85.5	6.4343e-07	2.5143e-10	-10.0	-2.5
86.0	6.4317e-07	2.4772e-10	-10.0	-2.5
86.5	6.4299e-07	2.5019e-10	-10.0	-2.5
87.0	6.4268e-07	2.4868e-10	-10.0	-2.5
87.5	6.445e-07	2.5631e-10	-10.0	-2.5
88.0	6.4337e-07	2.4818e-10	-10.0	-2.5
88.5	6.4419e-07	2.4839e-10	-10.0	-2.5
89.0	6.4355e-07	2.4415e-10	-10.0	-2.5
89.5	6.4153e-07	2.4643e-10	-10.0	-2.5
90.0	6.4312e-07	2.5506e-10	-10.0	-2.5
90.5	6.4295e-07	2.4585e-10	-10.0	-2.5
91.0	6.423e-07	2.4916e-10	-10.0	-2.5
91.5	6.4218e-07	2.4688e-10	-10.0	-2.5
92.0	6.4249e-07	2.5204e-10	-10.0	-2.5
92.5	6.4288e-07	2.5126e-10	-10.0	-2.5
93.0	6.4346e-07	2.475e-10	-10.0	-2.5
93.5	6.4294e-07	2.4513e-10	-10.0	-2.5
94.0	6.4211e-07	2.4681e-10	-10.0	-2.5
94.5	6.4161e-07	2.4895e-10	-10.0	-2.5
95.0	6.425e-07	2.5075e-10	-10.0	-2.5
95.5	6.4204e-07	2.4833e-10	-10.0	-2.5
96.0	6.4146e-07	2.4504e-10	-10.0	-2.5
96.5	6.4187e-07	2.4884e-10	-10.0	-2.5
97.0	6.4215e-07	2.498e-10	-10.0	-2.5
97.5	6.4077e-07	2.4519e-10	-10.0	-2.5
98.0	6.405e-07	2.5019e-10	-10.0	-2.5
98.5	6.4081e-07	2.4777e-10	-10.0	-2.5
99.0	6.4033e-07	2.4611e-10	-10.0	-2.5
99.5	6.4154e-07	2.5349e-10	-10.0	-2.5
100.0	6.4118e-07	2.4978e-10	-10.0	-2.5
100.5	6.4175e-07	2.4707e-10	-10.0	-2.5
101.0	6.4153e-07	2.4872e-10	-10.0	-2.5
101.5	6.4222e-07	2.5025e-10	-10.0	-2.5
102.0	6.4043e-07	2.4436e-10	-10.0	-2.5
102.5	6.4012e-07	2.4724e-10	-10.0	-2.5
103.0	6.4219e-07	2.4965e-10	-10.0	-2.5
103.5	6.4247e-07	2.4738e-10	-10.0	-2.5
104.0	6.42e-07	2.471e-10	-10.0	-2.5
104.5	6.4207e-07	2.4769e-10	-10.0	-2.5
105.0	6.4126e-07	2.4424e-10	-10.0	-2.5
105.5	6.412e-07	2.452e-10	-10.0	-2.5
106.0	6.412e-07	2.4882e-10	-10.0	-2.5
106.5	6.413e-07	2.4778e-10	-10.0	-2.5
107.0	6.4147e-07	2.4343e-10	-10.0	-2.5
107.5	6.413e-07	2.4881e-10	-10.0	-2.5
108.0	6.4164e-07	2.504e-10	-10.0	-2.5
108.5	6.4149e-07	2.4635e-10	-10.0	-2.5
109.0	6.4166e-07	2.4502e-10	-10.0	-2.5
109.5	6.4171e-07	2.4753e-10	-10.0	-2.5
110.0	6.4138e-07	2.4721e-10	-10.0	-2.5
110.5	6.4076e-07	2.4503e-10	-10.0	-2.5
111.0	6.4019e-07	2.4051e-10	-10.0	-2.5
111.5	6.412e-07	2.5351e-10	-10.0	-2.5
112.0	6.4175e-07	2.5377e-10	-10.0	-2.5
112.5	6.4146e-07	2.4434e-10	-10.0	-2.5
113.0	6.4217e-07	2.4997e-10	-10.0	-2.5
113.5	6.4153e-07	2.4056e-10	-10.0	-2.5
114.0	6.4132e-07	2.4572e-10	-10.0	-2.5
114.5	6.4099e-07	2.452e-10	-10.0	-2.5
115.0	6.4119e-07	2.4582e-10	-10.0	-2.5
115.5	6.4144e-07	2.509e-10	-10.0	-2.5
116.0	6.4179e-07	2.4648e-10	-10.0	-2.5
116.5	6.4158e-07	2.4652e-10	-10.0	-2.5
117.0	6.4097e-07	2.438e-10	-10.0	-2.5
117.5	6.4127e-07	2.4863e-10	-10.0	-2.5
118.0	6.4119e-07	2.4932e-10	-10.0	-2.5
118.5	6.4104e-07	2.4709e-10	-10.0	-2.5
119.0	6.3984e-07	2.4685e-10	-10.0	-2.5
119.5	6.3974e-07	2.6043e-10	-10.0	-2.5
120.0	6.3922e-07	2.8454e-10	-10.0	-2.5
120.5	6.4049e-07	2.8908e-10	-10.0	-2.5
121.0	6.4063e-07	2.8058e-10	-10.0	-2.5
121.5	6.4078e-07	2.7695e-10	-10.0	-2.5
122.0	6.4091e-07	2.7607e-10	-10.0	-2.5
122.5	6.4023e-07	2.7192e-10	-10.0	-2.5
123.0	6.3944e-07	2.6845e-10	-10.0	-2.5
123.5	6.3843e-07	2.7583e-10	-10.0	-2.5
124.0	6.3932e-07	2.7475e-10	-10.0	-2.5
124.5	6.3896e-07	2.7228e-10	-10.0	-2.5
125.0	6.3843e-07	2.7015e-10	-10.0	-2.5
125.5	6.3801e-07	2.706e-10	-10.0	-2.5
126.0	6.3776e-07	2.578e-10	-10.0	-2.5
126.5	6.393e-07	2.7716e-10	-10.0	-2.5
127.0	6.3928e-07	2.6592e-10	-10.0	-2.5
127.5	6.3918e-07	2.6522e-10	-10.0	-2.5
128.0	6.3878e-07	2.6097e-10	-10.0	-2.5
128.5	6.4006e-07	2.7104e-10	-10.0	-2.5
129.0	6.3945e-07	2.6807e-10	-10.0	-2.5
129.5	6.3872e-07	2.6387e-10	-10.0	-2.5
130.0	6.3837e-07	2.6518e-10	-10.0	-2.5
130.5	6.396e-07	2.66e-10	-10.0	-2.5
131.0	6.3936e-07	2.6266e-10	-10.0	-2.5
131.5	6.3956e-07	2.6775e-10	-10.0	-2.5
132.0	6.3961e-07	2.6109e-10	-10.0	-2.5
132.5	6.3932e-07	2.6372e-10	-10.0	-2.5
133.0	6.3938e-07	2.6841e-10	-10.0	-2.5
133.5	6.3914e-07	2.6562e-10	-10.0	-2.5
134.0	6.3903e-07	2.6119e-10	-10.0	-2.5
134.5	6.3854e-07	2.6326e-10	-10.0	-2.5
135.0	6.3861e-07	2.5621e-10	-10.0	-2.5
135.5	6.3751e-07	2.5561e-10	-10.0	-2.5
136.0	6.3851e-07	2.6148e-10	-10.0	-2.5
136.5	6.3758e-07	2.558e-10	-10.0	-2.5
137.0	6.3823e-07	2.6174e-10	-10.0	-2.5
137.5	6.3834e-07	2.5677e-10	-10.0	-2.5
138.0	6.38e-07	2.6222e-10	-10.0	-2.5
138.5	6.3759e-07	2.6186e-10	-10.0	-2.5
139.0	6.3704e-07	2.5373e-10	-10.0	-2.5
139.5	6.3631e-07	2.544e-10	-10.0	-2.5
140.0	6.3637e-07	2.5154e-10	-10.0	-2.5
140.5	6.3614e-07	2.5223e-10	-10.0	-2.5
141.0	6.3596e-07	2.5776e-10	-10.0	-2.5
141.5	6.3623e-07	2.5532e-10	-10.0	-2.5
142.0	6.3582e-07	2.5196e-10	-10.0	-2.5
142.5	6.3557e-07	2.5585e-10	-10.0	-2.5
143.0	6.3665e-07	2.577e-10	-10.0	-2.5
143.5	6.3626e-07	2.5927e-10	-10.0	-2.5
144.0	6.3575e-07	2.4827e-10	-10.0	-2.5
144.5	6.3628e-07	2.5142e-10	-10.0	-2.5
145.0	6.3641e-07	2.5743e-10	-10.0	-2.5
145.5	6.3625e-07	2.554e-10	-10.0	-2.5
146.0	6.3714e-07	2.5188e-10	-10.0	-2.5
146.5	6.3568e-07	2.5045e-10	-10.0	-2.5
147.0	6.3574e-07	2.5223e-10	-10.0	-2.5
147.5	6.3553e-07	2.4865e-10	-10.0	-2.5
148.0	6.3541e-07	2.5301e-10	-10.0	-2.5
148.5	6.361e-07	2.501e-10	-10.0	-2.5
149.0	6.3641e-07	2.5379e-10	-10.0	-2.5
149.5	6.3555e-07	2.488e-10	-10.0	-2.5
150.0	6.3564e-07	2.5173e-10	-10.0	-2.5
150.5	6.3558e-07	2.5145e-10	-10.0	-2.5
151.0	6.3541e-07	2.4986e-10	-10.0	-2.5
151.5	6.3544e-07	2.515e-10	-10.0	-2.5
152.0	6.3517e-07	2.4196e-10	-10.0	-2.5
152.5	6.3474e-07	2.483e-10	-10.0	-2.5
153.0	6.3434e-07	2.4967e-10	-10.0	-2.5
153.5	6.3435e-07	2.4788e-10	-10.0	-2.5
154.0	6.3416e-07	2.4611e-10	-10.0	-2.5
154.5	6.3428e-07	2.4779e-10	-10.0	-2.5
155.0	6.3323e-07	2.4738e-10	-10.0	-2.5
155.5	6.3269e-07	2.4884e-10	-10.0	-2.5
156.0	6.3328e-07	2.5207e-10	-10.0	-2.5
156.5	6.323e-07	2.4222e-10	-10.0	-2.5
157.0	6.3239e-07	2.432e-10	-10.0	-2.5
157.5	6.3073e-07	2.4371e-10	-10.0	-2.5
158.0	6.322e-07	2.4975e-10	-10.0	-2.5
158.5	6.3253e-07	2.4688e-10	-10.0	-2.5
159.0	6.3111e-07	2.416e-10	-10.0	-2.5
159.5	6.3117e-07	2.4793e-10	-10.0	-2.5
160.0	6.3125e-07	2.4812e-10	-10.0	-2.5
160.5	6.3146e-07	2.4669e-10	-10.0	-2.5
161.0	6.3228e-07	2.5e-10	-10.0	-2.5
161.5	6.3217e-07	2.4516e-10	-10.0	-2.5
162.0	6.3154e-07	2.4382e-10	-10.0	-2.5
162.5	6.306e-07	2.4348e-10	-10.0	-2.5
163.0	6.3065e-07	2.4514e-10	-10.0	-2.5
163.5	6.3068e-07	2.4536e-10	-10.0	-2.5
164.0	6.3046e-07	2.4348e-10	-10.0	-2.5
164.5	6.3074e-07	2.4094e-10	-10.0	-2.5
165.0	6.3048e-07	2.4551e-10	-10.0	-2.5
165.5	6.3081e-07	2.4216e-10	-10.0	-2.5
166.0	6.3057e-07	2.4769e-10	-10.0	-2.5
166.5	6.2962e-07	2.3974e-10	-10.0	-2.5
167.0	6.2955e-07	2.4292e-10	-10.0	-2.5
167.5	6.3015e-07	2.4561e-10	-10.0	-2.5
168.0	6.3088e-07	2.3954e-10	-10.0	-2.5
168.5	6.305e-07	2.4212e-10	-10.0	-2.5
169.0	6.3072e-07	2.4248e-10	-10.0	-2.5
169.5	6.314e-07	2.4425e-10	-10.0	-2.5
170.0	6.3228e-07	2.4539e-10	-10.0	-2.5
170.5	6.3101e-07	2.4136e-10	-10.0	-2.5
171.0	6.319e-07	2.4126e-10	-10.0	-2.5
171.5	6.318e-07	2.3739e-10	-10.0	-2.5
172.0	6.3162e-07	2.4232e-10	-10.0	-2.5
172.5	6.3173e-07	2.4019e-10	-10.0	-2.5
173.0	6.3116e-07	2.4247e-10	-10.0	-2.5
173.5	6.3055e-07	2.4036e-10	-10.0	-2.5
174.0	6.3221e-07	2.4587e-10	-10.0	-2.5
174.5	6.3182e-07	2.3882e-10	-10.0	-2.5
175.0	6.3298e-07	2.4392e-10	-10.0	-2.5
175.5	6.3182e-07	2.3789e-10	-10.0	-2.5
176.0	6.3192e-07	2.3712e-10	-10.0	-2.5
176.5	6.3181e-07	2.4046e-10	-10.0	-2.5
177.0	6.3141e-07	2.397e-10	-10.0	-2.5
177.5	6.3182e-07	2.4467e-10	-10.0	-2.5
178.0	6.3207e-07	2.4047e-10	-10.0	-2.5
178.5	6.3174e-07	2.3647e-10	-10.0	-2.5
179.0	6.309e-07	2.3789e-10	-10.0	-2.5
179.5	6.3004e-07	2.3833e-10	-10.0	-2.5
180.0	6.2922e-07	2.2378e-10	-10.0	-2.5
180.5	6.2965e-07	2.2155e-10	-10.0	-2.5
181.0	6.2973e-07	2.2386e-10	-10.0	-2.5
181.5	6.2842e-07	2.1898e-10	-10.0	-2.5
182.0	6.2905e-07	2.2284e-10	-10.0	-2.5
182.5	6.2854e-07	2.2108e-10	-10.0	-2.5
183.0	6.2953e-07	2.2899e-10	-10.0	-2.5
183.5	6.2957e-07	2.2682e-10	-10.0	-2.5
184.0	6.2887e-07	2.2348e-10	-10.0	-2.5
184.5	6.2844e-07	2.2782e-10	-10.0	-2.5
185.0	6.2886e-07	2.267e-10	-10.0	-2.5
185.5	6.291e-07	2.2836e-10	-10.0	-2.5
186.0	6.278e-07	2.2634e-10	-10.0	-2.5
186.5	6.2835e-07	2.3457e-10	-10.0	-2.5
187.0	6.2927e-07	2.2716e-10	-10.0	-2.5
187.5	6.3038e-07	2.2892e-10	-10.0	-2.5
188.0	6.2956e-07	2.2696e-10	-10.0	-2.5
188.5	6.2977e-07	2.2584e-10	-10.0	-2.5
189.0	6.2923e-07	2.2511e-10	-10.0	-2.5
189.5	6.2851e-07	2.2727e-10	-10.0	-2.5
190.0	6.3053e-07	2.3137e-10	-10.0	-2.5
190.5	6.2942e-07	2.2471e-10	-10.0	-2.5
191.0	6.299e-07	2.3096e-10	-10.0	-2.5
191.5	6.2991e-07	2.2874e-10	-10.0	-2.5
192.0	6.299e-07	2.3272e-10	-10.0	-2.5
192.5	6.2936e-07	2.2506e-10	-10.0	-2.5
193.0	6.2964e-07	2.3222e-10	-10.0	-2.5
193.5	6.3024e-07	2.3113e-10	-10.0	-2.5
194.0	6.2974e-07	2.2748e-10	-10.0	-2.5
194.5	6.2897e-07	2.2687e-10	-10.0	-2.5
195.0	6.2911e-07	2.3069e-10	-10.0	-2.5
195.5	6.2898e-07	2.2741e-10	-10.0	-2.5
196.0	6.289e-07	2.3009e-10	-10.0	-2.5
196.5	6.2954e-07	2.2877e-10	-10.0	-2.5
197.0	6.2876e-07	2.2735e-10	-10.0	-2.5
197.5	6.2955e-07	2.2867e-10	-10.0	-2.5
198.0	6.2858e-07	2.2623e-10	-10.0	-2.5
198.5	6.2798e-07	2.2798e-10	-10.0	-2.5
199.0	6.2775e-07	2.3298e-10	-10.0	-2.5
199.5	6.2799e-07	2.3082e-10	-10.0	-2.5
200.0	6.2829e-07	2.3372e-10	-10.0	-2.5
200.5	6.2868e-07	2.3072e-10	-10.0	-2.5
201.0	6.2811e-07	2.28e-10	-10.0	-2.5
201.5	6.2834e-07	2.2991e-10	-10.0	-2.5
202.0	6.2808e-07	2.2841e-10	-10.0	-2.5
202.5	6.2757e-07	2.3206e-10	-10.0	-2.5
203.0	6.2753e-07	2.3292e-10	-10.0	-2.5
203.5	6.2768e-07	2.2792e-10	-10.0	-2.5
204.0	6.2818e-07	2.338e-10	-10.0	-2.5
204.5	6.2794e-07	2.2785e-10	-10.0	-2.5
205.0	6.2762e-07	2.3471e-10	-10.0	-2.5
205.5	6.2771e-07	2.3043e-10	-10.0	-2.5
206.0	6.263e-07	2.3033e-10	-10.0	-2.5
206.5	6.2826e-07	2.3215e-10	-10.0	-2.5
207.0	6.2821e-07	2.3091e-10	-10.0	-2.5
207.5	6.2821e-07	2.2927e-10	-10.0	-2.5
208.0	6.2795e-07	2.2815e-10	-10.0	-2.5
208.5	6.2737e-07	2.2687e-10	-10.0	-2.5
209.0	6.2787e-07	2.3228e-10	-10.0	-2.5
209.5	6.2726e-07	2.2765e-10	-10.0	-2.5
210.0	6.2881e-07	2.3676e-10	-10.0	-2.5
210.5	6.2763e-07	2.2788e-10	-10.0	-2.5
211.0	6.273e-07	2.288e-10	-10.0	-2.5
211.5	6.2691e-07	2.3164e-10	-10.0	-2.5
212.0	6.2713e-07	2.2977e-10	-10.0	-2.5
212.5	6.2692e-07	2.2803e-10	-10.0	-2.5
213.0	6.2789e-07	2.296e-10	-10.0	-2.5
213.5	6.2753e-07	2.3033e-10	-10.0	-2.5
214.0	6.2828e-07	2.325e-10	-10.0	-2.5
214.5	6.2765e-07	2.3297e-10	-10.0	-2.5
215.0	6.2852e-07	2.3563e-10	-10.0	-2.5
215.5	6.2663e-07	2.3108e-10	-10.0	-2.5
216.0	6.276e-07	2.3246e-10	-10.0	-2.5
216.5	6.2815e-07	2.3364e-10	-10.0	-2.5
217.0	6.2791e-07	2.3392e-10	-10.0	-2.5
217.5	6.2858e-07	2.3364e-10	-10.0	-2.5
218.0	6.2755e-07	2.2991e-10	-10.0	-2.5
218.5	6.2776e-07	2.3116e-10	-10.0	-2.5
219.0	6.2749e-07	2.2894e-10	-10.0	-2.5
219.5	6.2768e-07	2.3101e-10	-10.0	-2.5
220.0	6.2859e-07	2.3225e-10	-10.0	-2.5
220.5	6.2862e-07	2.2948e-10	-10.0	-2.5
221.0	6.2702e-07	2.2761e-10	-10.0	-2.5
221.5	6.2727e-07	2.3552e-10	-10.0	-2.5
222.0	6.2838e-07	2.3407e-10	-10.0	-2.5
222.5	6.2829e-07	2.3222e-10	-10.0	-2.5
223.0	6.2889e-07	2.284e-10	-10.0	-2.5
223.5	6.2866e-07	2.3197e-10	-10.0	-2.5
224.0	6.2865e-07	2.3019e-10	-10.0	-2.5
224.5	6.2771e-07	2.3138e-10	-10.0	-2.5
225.0	6.2772e-07	2.3034e-10	-10.0	-2.5
225.5	6.2797e-07	2.3504e-10	-10.0	-2.5
226.0	6.2806e-07	2.3275e-10	-10.0	-2.5
226.5	6.2767e-07	2.3185e-10	-10.0	-2.5
227.0	6.2693e-07	2.3162e-10	-10.0	-2.5
227.5	6.2742e-07	2.3745e-10	-10.0	-2.5
228.0	6.2844e-07	2.3438e-10	-10.0	-2.5
228.5	6.2701e-07	2.2735e-10	-10.0	-2.5
229.0	6.2811e-07	2.3351e-10	-10.0	-2.5
229.5	6.2801e-07	2.3388e-10	-10.0	-2.5
230.0	6.2782e-07	2.2966e-10	-10.0	-2.5
230.5	6.2796e-07	2.3502e-10	-10.0	-2.5
231.0	6.279e-07	2.3278e-10	-10.0	-2.5
231.5	6.2772e-07	2.3255e-10	-10.0	-2.5
232.0	6.2836e-07	2.3414e-10	-10.0	-2.5
232.5	6.2826e-07	2.3065e-10	-10.0	-2.5
233.0	6.2879e-07	2.318e-10	-10.0	-2.5
233.5	6.2883e-07	2.3689e-10	-10.0	-2.5
234.0	6.2869e-07	2.2936e-10	-10.0	-2.5
234.5	6.2768e-07	2.32e-10	-10.0	-2.5
235.0	6.2824e-07	2.3762e-10	-10.0	-2.5
235.5	6.2849e-07	2.3507e-10	-10.0	-2.5
236.0	6.2957e-07	2.347e-10	-10.0	-2.5
236.5	6.2898e-07	2.3365e-10	-10.0	-2.5
237.0	6.29e-07	2.3222e-10	-10.0	-2.5
237.5	6.2926e-07	2.3489e-10	-10.0	-2.5
238.0	6.2867e-07	2.2812e-10	-10.0	-2.5
238.5	6.2942e-07	2.4069e-10	-10.0	-2.5
239.0	6.2828e-07	2.3047e-10	-10.0	-2.5
239.5	6.2918e-07	2.3924e-10	-10.0	-2.5
240.0	6.2848e-07	2.7393e-10	-10.0	-2.5
240.5	6.289e-07	2.8417e-10	-10.0	-2.5
241.0	6.2892e-07	2.7919e-10	-10.0	-2.5
241.5	6.2891e-07	2.8142e-10	-10.0	-2.5
242.0	6.2822e-07	2.7871e-10	-10.0	-2.5
242.5	6.2798e-07	2.7807e-10	-10.0	-2.5
243.0	6.2836e-07	2.7872e-10	-10.0	-2.5
243.5	6.2923e-07	2.845e-10	-10.0	-2.5
244.0	6.2847e-07	2.7633e-10	-10.0	-2.5
244.5	6.2861e-07	2.7605e-10	-10.0	-2.5
245.0	6.2853e-07	2.7723e-10	-10.0	-2.5
245.5	6.2837e-07	2.7223e-10	-10.0	-2.5
246.0	6.2749e-07	2.7351e-10	-10.0	-2.5
246.5	6.2771e-07	2.7552e-10	-10.0	-2.5
247.0	6.2768e-07	2.7281e-10	-10.0	-2.5
247.5	6.2808e-07	2.7432e-10	-10.0	-2.5
248.0	6.2833e-07	2.7233e-10	-10.0	-2.5
248.5	6.2758e-07	2.6771e-10	-10.0	-2.5
249.0	6.2885e-07	2.7196e-10	-10.0	-2.5
249.5	6.2782e-07	2.735e-10	-10.0	-2.5
250.0	6.2903e-07	2.7171e-10	-10.0	-2.5
250.5	6.2925e-07	2.6548e-10	-10.0	-2.5
251.0	6.2892e-07	2.6751e-10	-10.0	-2.5
251.5	6.287e-07	2.714e-10	-10.0	-2.5
252.0	6.2935e-07	2.7225e-10	-10.0	-2.5
252.5	6.2891e-07	2.647e-10	-10.0	-2.5
253.0	6.2888e-07	2.6752e-10	-10.0	-2.5
253.5	6.2885e-07	2.6755e-10	-10.0	-2.5
254.0	6.2797e-07	2.643e-10	-10.0	-2.5
254.5	6.2806e-07	2.6594e-10	-10.0	-2.5
255.0	6.281e-07	2.6472e-10	-10.0	-2.5
255.5	6.2918e-07	2.6756e-10	-10.0	-2.5
256.0	6.2722e-07	2.5928e-10	-10.0	-2.5
256.5	6.2784e-07	2.6904e-10	-10.0	-2.5
257.0	6.2726e-07	2.64e-10	-10.0	-2.5
257.5	6.2683e-07	2.6275e-10	-10.0	-2.5
258.0	6.2742e-07	2.6367e-10	-10.0	-2.5
258.5	6.2724e-07	2.6356e-10	-10.0	-2.5
259.0	6.2628e-07	2.6286e-10	-10.0	-2.5
259.5	6.2692e-07	2.6735e-10	-10.0	-2.5
260.0	6.2741e-07	2.6818e-10	-10.0	-2.5
260.5	6.2715e-07	2.6262e-10	-10.0	-2.5
261.0	6.267e-07	2.6471e-10	-10.0	-2.5
261.5	6.2695e-07	2.6817e-10	-10.0	-2.5
262.0	6.2642e-07	2.643e-10	-10.0	-2.5
262.5	6.2631e-07	2.6448e-10	-10.0	-2.5
263.0	6.2567e-07	2.6243e-10	-10.0	-2.5
263.5	6.2478e-07	2.5851e-10	-10.0	-2.5
264.0	6.2457e-07	2.6302e-10	-10.0	-2.5
264.5	6.2427e-07	2.5922e-10	-10.0	-2.5
265.0	6.2387e-07	2.6218e-10	-10.0	-2.5
265.5	6.242e-07	2.6339e-10	-10.0	-2.5
266.0	6.2442e-07	2.6178e-10	-10.0	-2.5
266.5	6.2469e-07	2.6244e-10	-10.0	-2.5
267.0	6.2451e-07	2.6264e-10	-10.0	-2.5
267.5	6.2593e-07	2.6241e-10	-10.0	-2.5
268.0	6.2584e-07	2.647e-10	-10.0	-2.5
268.5	6.2685e-07	2.6376e-10	-10.0	-2.5
269.0	6.2597e-07	2.5941e-10	-10.0	-2.5
269.5	6.2604e-07	2.6194e-10	-10.0	-2.5
270.0	6.2592e-07	2.6177e-10	-10.0	-2.5
270.5	6.2613e-07	2.6521e-10	-10.0	-2.5
271.0	6.2431e-07	2.5508e-10	-10.0	-2.5
271.5	6.2559e-07	2.6665e-10	-10.0	-2.5
272.0	6.2602e-07	2.638e-10	-10.0	-2.5
272.5	6.2711e-07	2.639e-10	-10.0	-2.5
273.0	6.2628e-07	2.5894e-10	-10.0	-2.5
273.5	6.2698e-07	2.5836e-10	-10.0	-2.5
274.0	6.2738e-07	2.6037e-10	-10.0	-2.5
274.5	6.2681e-07	2.5539e-10	-10.0	-2.5
275.0	6.2659e-07	2.6118e-10	-10.0	-2.5
275.5	6.2596e-07	2.5491e-10	-10.0	-2.5
276.0	6.2565e-07	2.6398e-10	-10.0	-2.5
276.5	6.2563e-07	2.5975e-10	-10.0	-2.5
277.0	6.2526e-07	2.5838e-10	-10.0	-2.5
277.5	6.2536e-07	2.6075e-10	-10.0	-2.5
278.0	6.2561e-07	2.5911e-10	-10.0	-2.5
278.5	6.2585e-07	2.6143e-10	-10.0	-2.5
279.0	6.2492e-07	2.5951e-10	-10.0	-2.5
279.5	6.2504e-07	2.5842e-10	-10.0	-2.5
280.0	6.2571e-07	2.573e-10	-10.0	-2.5
280.5	6.2461e-07	2.6024e-10	-10.0	-2.5
281.0	6.2419e-07	2.5828e-10	-10.0	-2.5
281.5	6.2495e-07	2.6332e-10	-10.0	-2.5
282.0	6.2419e-07	2.5627e-10	-10.0	-2.5
282.5	6.2475e-07	2.6096e-10	-10.0	-2.5
283.0	6.2476e-07	2.6197e-10	-10.0	-2.5
283.5	6.2527e-07	2.5898e-10	-10.0	-2.5
284.0	6.2406e-07	2.58e-10	-10.0	-2.5
284.5	6.2365e-07	2.5941e-10	-10.0	-2.5
285.0	6.2369e-07	2.6011e-10	-10.0	-2.5
285.5	6.2383e-07	2.6084e-10	-10.0	-2.5
286.0	6.2377e-07	2.6215e-10	-10.0	-2.5
286.5	6.2344e-07	2.561e-10	-10.0	-2.5
287.0	6.2456e-07	2.5874e-10	-10.0	-2.5
287.5	6.2344e-07	2.599e-10	-10.0	-2.5
288.0	6.225e-07	2.5775e-10	-10.0	-2.5
288.5	6.2376e-07	2.6089e-10	-10.0	-2.5
289.0	6.2258e-07	2.5505e-10	-10.0	-2.5
289.5	6.2296e-07	2.5666e-10	-10.0	-2.5
290.0	6.2299e-07	2.5694e-10	-10.0	-2.5
290.5	6.2291e-07	2.562e-10	-10.0	-2.5
291.0	6.2281e-07	2.5846e-10	-10.0	-2.5
291.5	6.2268e-07	2.5959e-10	-10.0	-2.5
292.0	6.2364e-07	2.5942e-10	-10.0	-2.5
292.5	6.2369e-07	2.6086e-10	-10.0	-2.5
293.0	6.2392e-07	2.5695e-10	-10.0	-2.5
293.5	6.2334e-07	2.5632e-10	-10.0	-2.5
294.0	6.2357e-07	2.5663e-10	-10.0	-2.5
294.5	6.2348e-07	2.5633e-10	-10.0	-2.5
295.0	6.227e-07	2.5505e-10	-10.0	-2.5
295.5	6.2344e-07	2.5893e-10	-10.0	-2.5
296.0	6.2252e-07	2.5529e-10	-10.0	-2.5
296.5	6.231e-07	2.5748e-10	-10.0	-2.5
297.0	6.2136e-07	2.5167e-10	-10.0	-2.5
297.5	6.224e-07	2.6148e-10	-10.0	-2.5
298.0	6.2231e-07	2.5622e-10	-10.0	-2.5
298.5	6.2274e-07	2.5878e-10	-10.0	-2.5
299.0	6.2261e-07	2.5504e-10	-10.0	-2.5
299.5	6.2222e-07	2.5536e-10	-10.0	-2.5
300.0	6.2192e-07	2.2346e-10	-10.0	-2.5
300.5	6.2199e-07	2.1539e-10	-10.0	-2.5
301.0	6.2191e-07	2.1567e-10	-10.0	-2.5
301.5	6.2272e-07	2.1698e-10	-10.0	-2.5
302.0	6.2221e-07	2.1801e-10	-10.0	-2.5
302.5	6.2243e-07	2.1924e-10	-10.0	-2.5
303.0	6.2314e-07	2.195e-10	-10.0	-2.5
303.5	6.2271e-07	2.1816e-10	-10.0	-2.5
304.0	6.2379e-07	2.2358e-10	-10.0	-2.5
304.5	6.2297e-07	2.1881e-10	-10.0	-2.5
305.0	6.2304e-07	2.2468e-10	-10.0	-2.5
305.5	6.2224e-07	2.1952e-10	-10.0	-2.5
306.0	6.2161e-07	2.2208e-10	-10.0	-2.5
306.5	6.216e-07	2.244e-10	-10.0	-2.5
307.0	6.2208e-07	2.2406e-10	-10.0	-2.5
307.5	6.2169e-07	2.1792e-10	-10.0	-2.5
308.0	6.2235e-07	2.2303e-10	-10.0	-2.5
308.5	6.2273e-07	2.2644e-10	-10.0	-2.5
309.0	6.2175e-07	2.2542e-10	-10.0	-2.5
309.5	6.2197e-07	2.2493e-10	-10.0	-2.5
310.0	6.2103e-07	2.2532e-10	-10.0	-2.5
310.5	6.2066e-07	2.2406e-10	-10.0	-2.5
311.0	6.1995e-07	2.2185e-10	-10.0	-2.5
311.5	6.2031e-07	2.2787e-10	-10.0	-2.5
312.0	6.2039e-07	2.2471e-10	-10.0	-2.5
312.5	6.2022e-07	2.2679e-10	-10.0	-2.5
313.0	6.1958e-07	2.2401e-10	-10.0	-2.5
313.5	6.2005e-07	2.2855e-10	-10.0	-2.5
314.0	6.1988e-07	2.2649e-10	-10.0	-2.5
314.5	6.2033e-07	2.2699e-10	-10.0	-2.5
315.0	6.1978e-07	2.2733e-10	-10.0	-2.5
315.5	6.2016e-07	2.2655e-10	-10.0	-2.5
316.0	6.2023e-07	2.2608e-10	-10.0	-2.5
316.5	6.2163e-07	2.3367e-10	-10.0	-2.5
317.0	6.2106e-07	2.236e-10	-10.0	-2.5
317.5	6.2079e-07	2.2526e-10	-10.0	-2.5
318.0	6.2072e-07	2.2671e-10	-10.0	-2.5
318.5	6.2014e-07	2.2483e-10	-10.0	-2.5
319.0	6.1905e-07	2.2225e-10	-10.0	-2.5
319.5	6.2099e-07	2.2959e-10	-10.0	-2.5
320.0	6.2e-07	2.2704e-10	-10.0	-2.5
320.5	6.2001e-07	2.2772e-10	-10.0	-2.5
321.0	6.2026e-07	2.3114e-10	-10.0	-2.5
321.5	6.2056e-07	2.2911e-10	-10.0	-2.5
322.0	6.1993e-07	2.2502e-10	-10.0	-2.5
322.5	6.2114e-07	2.2818e-10	-10.0	-2.5
323.0	6.2065e-07	2.3152e-10	-10.0	-2.5
323.5	6.2077e-07	2.2626e-10	-10.0	-2.5
324.0	6.2133e-07	2.2847e-10	-10.0	-2.5
324.5	6.2193e-07	2.2979e-10	-10.0	-2.5
325.0	6.2151e-07	2.2835e-10	-10.0	-2.5
325.5	6.2111e-07	2.2825e-10	-10.0	-2.5
326.0	6.2108e-07	2.2745e-10	-10.0	-2.5
326.5	6.2209e-07	2.2406e-10	-10.0	-2.5
327.0	6.215e-07	2.2577e-10	-10.0	-2.5
327.5	6.2031e-07	2.246e-10	-10.0	-2.5
328.0	6.2088e-07	2.2767e-10	-10.0	-2.5
328.5	6.206e-07	2.2753e-10	-10.0	-2.5
329.0	6.1917e-07	2.278e-10	-10.0	-2.5
329.5	6.2032e-07	2.3168e-10	-10.0	-2.5
330.0	6.2069e-07	2.3242e-10	-10.0	-2.5
330.5	6.1984e-07	2.2857e-10	-10.0	-2.5
331.0	6.207e-07	2.3351e-10	-10.0	-2.5
331.5	6.2045e-07	2.3085e-10	-10.0	-2.5
332.0	6.2032e-07	2.2673e-10	-10.0	-2.5
332.5	6.2016e-07	2.3081e-10	-10.0	-2.5
333.0	6.1973e-07	2.3197e-10	-10.0	-2.5
333.5	6.1905e-07	2.2723e-10	-10.0	-2.5
334.0	6.1786e-07	2.2576e-10	-10.0	-2.5
334.5	6.1911e-07	2.3312e-10	-10.0	-2.5
335.0	6.1929e-07	2.3397e-10	-10.0	-2.5
335.5	6.1884e-07	2.2835e-10	-10.0	-2.5
336.0	6.1988e-07	2.3179e-10	-10.0	-2.5
336.5	6.1955e-07	2.339e-10	-10.0	-2.5
337.0	6.1965e-07	2.3073e-10	-10.0	-2.5
337.5	6.1954e-07	2.2963e-10	-10.0	-2.5
338.0	6.1983e-07	2.3022e-10	-10.0	-2.5
338.5	6.2041e-07	2.3044e-10	-10.0	-2.5
339.0	6.2011e-07	2.2724e-10	-10.0	-2.5
339.5	6.2016e-07	2.3118e-10	-10.0	-2.5
340.0	6.1952e-07	2.2914e-10	-10.0	-2.5
340.5	6.2038e-07	2.2933e-10	-10.0	-2.5
341.0	6.2014e-07	2.2989e-10	-10.0	-2.5
341.5	6.1924e-07	2.2819e-10	-10.0	-2.5
342.0	6.2016e-07	2.2993e-10	-10.0	-2.5
342.5	6.2073e-07	2.2874e-10	-10.0	-2.5
343.0	6.2063e-07	2.2765e-10	-10.0	-2.5
343.5	6.2065e-07	2.2884e-10	-10.0	-2.5
344.0	6.212e-07	2.3004e-10	-10.0	-2.5
344.5	6.202e-07	2.2835e-10	-10.0	-2.5
345.0	6.1977e-07	2.292e-10	-10.0	-2.5
345.5	6.1929e-07	2.2673e-10	-10.0	-2.5
346.0	6.1937e-07	2.3161e-10	-10.0	-2.5
346.5	6.2028e-07	2.3153e-10	-10.0	-2.5
347.0	6.2019e-07	2.3035e-10	-10.0	-2.5
347.5	6.2053e-07	2.3145e-10	-10.0	-2.5
348.0	6.2052e-07	2.3161e-10	-10.0	-2.5
348.5	6.2002e-07	2.3023e-10	-10.0	-2.5
349.0	6.1973e-07	2.3017e-10	-10.0	-2.5
349.5	6.2015e-07	2.3441e-10	-10.0	-2.5
350.0	6.202e-07	2.2987e-10	-10.0	-2.5
350.5	6.2106e-07	2.3542e-10	-10.0	-2.5
351.0	6.2039e-07	2.2895e-10	-10.0	-2.5
351.5	6.2094e-07	2.2742e-10	-10.0	-2.5
352.0	6.2148e-07	2.317e-10	-10.0	-2.5
352.5	6.2108e-07	2.3232e-10	-10.0	-2.5
353.0	6.208e-07	2.2945e-10	-10.0	-2.5
353.5	6.2101e-07	2.2957e-10	-10.0	-2.5
354.0	6.2001e-07	2.2923e-10	-10.0	-2.5
354.5	6.197e-07	2.2977e-10	-10.0	-2.5
355.0	6.1956e-07	2.2643e-10	-10.0	-2.5
355.5	6.2072e-07	2.3437e-10	-10.0	-2.5
356.0	6.2032e-07	2.2733e-10	-10.0	-2.5
356.5	6.2123e-07	2.3246e-10	-10.0	-2.5
357.0	6.2103e-07	2.3299e-10	-10.0	-2.5
357.5	6.2045e-07	2.3139e-10	-10.0	-2.5
358.0	6.201e-07	2.3216e-10	-10.0	-2.5
358.5	6.2079e-07	2.3193e-10	-10.0	-2.5
359.0	6.2013e-07	2.2929e-10	-10.0	-2.5
359.5	6.1934e-07	2.2983e-10	-10.0	-2.5
360.0	6.198e-07	2.8062e-10	-10.0	-2.5
360.5	6.2012e-07	2.8459e-10	-10.0	-2.5
361.0	6.2019e-07	2.811e-10	-10.0	-2.5
361.5	6.1928e-07	2.8055e-10	-10.0	-2.5
362.0	6.1888e-07	2.8267e-10	-10.0	-2.5
362.5	6.1931e-07	2.7785e-10	-10.0	-2.5
363.0	6.1908e-07	2.7539e-10	-10.0	-2.5
363.5	6.1989e-07	2.8029e-10	-10.0	-2.5
364.0	6.1947e-07	2.7685e-10	-10.0	-2.5
364.5	6.1963e-07	2.7375e-10	-10.0	-2.5
365.0	6.1936e-07	2.7531e-10	-10.0	-2.5
365.5	6.1986e-07	2.8025e-10	-10.0	-2.5
366.0	6.1975e-07	2.745e-10	-10.0	-2.5
366.5	6.1921e-07	2.7021e-10	-10.0	-2.5
367.0	6.1942e-07	2.7161e-10	-10.0	-2.5
367.5	6.1957e-07	2.7216e-10	-10.0	-2.5
368.0	6.1977e-07	2.7296e-10	-10.0	-2.5
368.5	6.2096e-07	2.6933e-10	-10.0	-2.5
369.0	6.2002e-07	2.6474e-10	-10.0	-2.5
369.5	6.2064e-07	2.7168e-10	-10.0	-2.5
370.0	6.1948e-07	2.6512e-10	-10.0	-2.5
370.5	6.1954e-07	2.6929e-10	-10.0	-2.5
371.0	6.2012e-07	2.7217e-10	-10.0	-2.5
371.5	6.2035e-07	2.646e-10	-10.0	-2.5
372.0	6.2102e-07	2.7115e-10	-10.0	-2.5
372.5	6.2118e-07	2.6853e-10	-10.0	-2.5
373.0	6.2018e-07	2.6443e-10	-10.0	-2.5
373.5	6.2052e-07	2.7029e-10	-10.0	-2.5
374.0	6.2045e-07	2.6696e-10	-10.0	-2.5
374.5	6.2059e-07	2.654e-10	-10.0	-2.5
375.0	6.207e-07	2.6462e-10	-10.0	-2.5
375.5	6.2027e-07	2.619e-10	-10.0	-2.5
376.0	6.2032e-07	2.6568e-10	-10.0	-2.5
376.5	6.1951e-07	2.6208e-10	-10.0	-2.5
377.0	6.2014e-07	2.659e-10	-10.0	-2.5
377.5	6.2095e-07	2.6542e-10	-10.0	-2.5
378.0	6.1987e-07	2.6311e-10	-10.0	-2.5
378.5	6.1994e-07	2.6254e-10	-10.0	-2.5
379.0	6.2012e-07	2.5997e-10	-10.0	-2.5
379.5	6.2088e-07	2.6541e-10	-10.0	-2.5
380.0	6.209e-07	2.6717e-10	-10.0	-2.5
380.5	6.2055e-07	2.6092e-10	-10.0	-2.5
381.0	6.2157e-07	2.6318e-10	-10.0	-2.5
381.5	6.2069e-07	2.6086e-10	-10.0	-2.5
382.0	6.1945e-07	2.608e-10	-10.0	-2.5
382.5	6.1935e-07	2.6165e-10	-10.0	-2.5
383.0	6.1927e-07	2.5982e-10	-10.0	-2.5
383.5	6.2031e-07	2.6369e-10	-10.0	-2.5
384.0	6.1986e-07	2.5988e-10	-10.0	-2.5
384.5	6.1965e-07	2.6222e-10	-10.0	-2.5
385.0	6.1975e-07	2.6285e-10	-10.0	-2.5
385.5	6.1956e-07	2.616e-10	-10.0	-2.5
386.0	6.2004e-07	2.6396e-10	-10.0	-2.5
386.5	6.2031e-07	2.6486e-10	-10.0	-2.5
387.0	6.196e-07	2.6007e-10	-10.0	-2.5
387.5	6.2103e-07	2.6373e-10	-10.0	-2.5
388.0	6.2027e-07	2.6105e-10	-10.0	-2.5
388.5	6.1963e-07	2.6232e-10	-10.0	-2.5
389.0	6.2019e-07	2.5907e-10	-10.0	-2.5
389.5	6.2032e-07	2.6003e-10	-10.0	-2.5
390.0	6.1993e-07	2.5987e-10	-10.0	-2.5
390.5	6.198e-07	2.5793e-10	-10.0	-2.5
391.0	6.1887e-07	2.5719e-10	-10.0	-2.5
391.5	6.1919e-07	2.5754e-10	-10.0	-2.5
392.0	6.1906e-07	2.5922e-10	-10.0	-2.5
392.5	6.1822e-07	2.5889e-10	-10.0	-2.5
393.0	6.188e-07	2.586e-10	-10.0	-2.5
393.5	6.187e-07	2.5764e-10	-10.0	-2.5
394.0	6.1897e-07	2.6239e-10	-10.0	-2.5
394.5	6.1909e-07	2.6299e-10	-10.0	-2.5
395.0	6.1925e-07	2.6293e-10	-10.0	-2.5
395.5	6.1959e-07	2.6096e-10	-10.0	-2.5
396.0	6.1849e-07	2.5634e-10	-10.0	-2.5
396.5	6.1873e-07	2.609e-10	-10.0	-2.5
397.0	6.1963e-07	2.6063e-10	-10.0	-2.5
397.5	6.1906e-07	2.5956e-10	-10.0	-2.5
398.0	6.1959e-07	2.5986e-10	-10.0	-2.5
398.5	6.1922e-07	2.6215e-10	-10.0	-2.5
399.0	6.1949e-07	2.5989e-10	-10.0	-2.5
399.5	6.1937e-07	2.5846e-10	-10.0	-2.5
400.0	6.1891e-07	2.6159e-10	-10.0	-2.5
400.5	6.1928e-07	2.609e-10	-10.0	-2.5
401.0	6.1971e-07	2.5922e-10	-10.0	-2.5
401.5	6.1986e-07	2.5877e-10	-10.0	-2.5
402.0	6.1979e-07	2.5492e-10	-10.0	-2.5
402.5	6.1954e-07	2.5859e-10	-10.0	-2.5
403.0	6.1989e-07	2.5828e-10	-10.0	-2.5
403.5	6.2036e-07	2.5881e-10	-10.0	-2.5
404.0	6.195e-07	2.5557e-10	-10.0	-2.5
404.5	6.1943e-07	2.5491e-10	-10.0	-2.5
405.0	6.1895e-07	2.5439e-10	-10.0	-2.5
405.5	6.1934e-07	2.5802e-10	-10.0	-2.5
406.0	6.1856e-07	2.55e-10	-10.0	-2.5
406.5	6.1917e-07	2.5972e-10	-10.0	-2.5
407.0	6.1874e-07	2.5787e-10	-10.0	-2.5
407.5	6.1765e-07	2.5617e-10	-10.0	-2.5
408.0	6.1687e-07	2.5625e-10	-10.0	-2.5
408.5	6.1629e-07	2.5869e-10	-10.0	-2.5
409.0	6.1744e-07	2.6342e-10	-10.0	-2.5
409.5	6.1729e-07	2.6025e-10	-10.0	-2.5
410.0	6.1649e-07	2.5767e-10	-10.0	-2.5
410.5	6.1643e-07	2.5744e-10	-10.0	-2.5
411.0	6.1622e-07	2.612e-10	-10.0	-2.5
411.5	6.154e-07	2.5964e-10	-10.0	-2.5
412.0	6.1542e-07	2.5601e-10	-10.0	-2.5
412.5	6.1537e-07	2.6172e-10	-10.0	-2.5
413.0	6.149e-07	2.5536e-10	-10.0	-2.5
413.5	6.1553e-07	2.5769e-10	-10.0	-2.5
414.0	6.1539e-07	2.5617e-10	-10.0	-2.5
414.5	6.1591e-07	2.5852e-10	-10.0	-2.5
415.0	6.1563e-07	2.5845e-10	-10.0	-2.5
415.5	6.1544e-07	2.5577e-10	-10.0	-2.5
416.0	6.1567e-07	2.5705e-10	-10.0	-2.5
416.5	6.1586e-07	2.586e-10	-10.0	-2.5
417.0	6.1457e-07	2.5745e-10	-10.0	-2.5
417.5	6.1561e-07	2.5774e-10	-10.0	-2.5
418.0	6.1412e-07	2.561e-10	-10.0	-2.5
418.5	6.1533e-07	2.6118e-10	-10.0	-2.5
419.0	6.1432e-07	2.5659e-10	-10.0	-2.5
419.5	6.1407e-07	2.5433e-10	-10.0	-2.5
420.0	6.1278e-07	2.1786e-10	-10.0	-2.5
420.5	6.1422e-07	2.1967e-10	-10.0	-2.5
421.0	6.1386e-07	2.1889e-10	-10.0	-2.5
421.5	6.1382e-07	2.1629e-10	-10.0	-2.5
422.0	6.1398e-07	2.1665e-10	-10.0	-2.5
422.5	6.133e-07	2.1928e-10	-10.0	-2.5
423.0	6.1361e-07	2.1977e-10	-10.0	-2.5
423.5	6.1437e-07	2.2194e-10	-10.0	-2.5
424.0	6.1412e-07	2.2162e-10	-10.0	-2.5
424.5	6.1409e-07	2.21e-10	-10.0	-2.5
425.0	6.1335e-07	2.1858e-10	-10.0	-2.5
425.5	6.1279e-07	2.1952e-10	-10.0	-2.5
426.0	6.1362e-07	2.207e-10	-10.0	-2.5
426.5	6.1414e-07	2.2412e-10	-10.0	-2.5
427.0	6.1447e-07	2.2518e-10	-10.0	-2.5
427.5	6.1415e-07	2.1706e-10	-10.0	-2.5
428.0	6.1431e-07	2.242e-10	-10.0	-2.5
428.5	6.1331e-07	2.2541e-10	-10.0	-2.5
429.0	6.1403e-07	2.2721e-10	-10.0	-2.5
429.5	6.1347e-07	2.2361e-10	-10.0	-2.5
430.0	6.1276e-07	2.2266e-10	-10.0	-2.5
430.5	6.1231e-07	2.2351e-10	-10.0	-2.5
431.0	6.126e-07	2.2387e-10	-10.0	-2.5
431.5	6.1289e-07	2.2714e-10	-10.0	-2.5
432.0	6.1415e-07	2.2625e-10	-10.0	-2.5
432.5	6.1405e-07	2.2304e-10	-10.0	-2.5
433.0	6.143e-07	2.2889e-10	-10.0	-2.5
433.5	6.1415e-07	2.2701e-10	-10.0	-2.5
434.0	6.1408e-07	2.2736e-10	-10.0	-2.5
434.5	6.1494e-07	2.2822e-10	-10.0	-2.5
435.0	6.1429e-07	2.2365e-10	-10.0	-2.5
435.5	6.1471e-07	2.286e-10	-10.0	-2.5
436.0	6.1368e-07	2.2531e-10	-10.0	-2.5
436.5	6.1494e-07	2.2863e-10	-10.0	-2.5
437.0	6.1451e-07	2.2563e-10	-10.0	-2.5
437.5	6.1408e-07	2.2704e-10	-10.0	-2.5
438.0	6.1422e-07	2.2725e-10	-10.0	-2.5
438.5	6.1423e-07	2.2636e-10	-10.0	-2.5
439.0	6.1381e-07	2.2356e-10	-10.0	-2.5
439.5	6.1457e-07	2.2877e-10	-10.0	-2.5
440.0	6.1596e-07	2.3324e-10	-10.0	-2.5
440.5	6.1668e-07	2.3168e-10	-10.0	-2.5
441.0	6.165e-07	2.2765e-10	-10.0	-2.5
441.5	6.15e-07	2.2552e-10	-10.0	-2.5
442.0	6.1549e-07	2.2707e-10	-10.0	-2.5
442.5	6.1509e-07	2.2852e-10	-10.0	-2.5
443.0	6.1506e-07	2.2859e-10	-10.0	-2.5
443.5	6.1514e-07	2.2666e-10	-10.0	-2.5
444.0	6.1559e-07	2.3061e-10	-10.0	-2.5
444.5	6.1633e-07	2.2971e-10	-10.0	-2.5
445.0	6.1515e-07	2.2519e-10	-10.0	-2.5
445.5	6.1428e-07	2.2907e-10	-10.0	-2.5
446.0	6.1491e-07	2.3003e-10	-10.0	-2.5
446.5	6.149e-07	2.2973e-10	-10.0	-2.5
447.0	6.1553e-07	2.3287e-10	-10.0	-2.5
447.5	6.1462e-07	2.2867e-10	-10.0	-2.5
448.0	6.1562e-07	2.3216e-10	-10.0	-2.5
448.5	6.1535e-07	2.2957e-10	-10.0	-2.5
449.0	6.1547e-07	2.2981e-10	-10.0	-2.5
449.5	6.1474e-07	2.267e-10	-10.0	-2.5
450.0	6.1508e-07	2.2846e-10	-10.0	-2.5
450.5	6.155e-07	2.2972e-10	-10.0	-2.5
451.0	6.1589e-07	2.3163e-10	-10.0	-2.5
451.5	6.1617e-07	2.3022e-10	-10.0	-2.5
452.0	6.1645e-07	2.3081e-10	-10.0	-2.5
452.5	6.1715e-07	2.2973e-10	-10.0	-2.5
453.0	6.1588e-07	2.2668e-10	-10.0	-2.5
453.5	6.1629e-07	2.2763e-10	-10.0	-2.5
454.0	6.163e-07	2.2819e-10	-10.0	-2.5
454.5	6.1627e-07	2.2925e-10	-10.0	-2.5
455.0	6.1673e-07	2.3077e-10	-10.0	-2.5
455.5	6.1639e-07	2.2985e-10	-10.0	-2.5
456.0	6.1642e-07	2.3214e-10	-10.0	-2.5
456.5	6.1679e-07	2.3292e-10	-10.0	-2.5
457.0	6.155e-07	2.2605e-10	-10.0	-2.5
457.5	6.1638e-07	2.308e-10	-10.0	-2.5
458.0	6.1602e-07	2.3226e-10	-10.0	-2.5
458.5	6.1573e-07	2.3162e-10	-10.0	-2.5
459.0	6.1559e-07	2.3137e-10	-10.0	-2.5
459.5	6.1566e-07	2.3012e-10	-10.0	-2.5
460.0	6.1559e-07	2.3261e-10	-10.0	-2.5
460.5	6.1606e-07	2.3252e-10	-10.0	-2.5
461.0	6.1683e-07	2.336e-10	-10.0	-2.5
461.5	6.1581e-07	2.289e-10	-10.0	-2.5
462.0	6.1621e-07	2.2923e-10	-10.0	-2.5
462.5	6.1599e-07	2.3082e-10	-10.0	-2.5
463.0	6.1581e-07	2.329e-10	-10.0	-2.5
463.5	6.1555e-07	2.3187e-10	-10.0	-2.5
464.0	6.155e-07	2.3323e-10	-10.0	-2.5
464.5	6.1576e-07	2.2777e-10	-10.0	-2.5
465.0	6.1504e-07	2.2818e-10	-10.0	-2.5
465.5	6.1543e-07	2.2971e-10	-10.0	-2.5
466.0	6.1653e-07	2.3381e-10	-10.0	-2.5
466.5	6.1644e-07	2.2993e-10	-10.0	-2.5
467.0	6.1687e-07	2.3379e-10	-10.0	-2.5
467.5	6.1602e-07	2.277e-10	-10.0	-2.5
468.0	6.1717e-07	2.3336e-10	-10.0	-2.5
468.5	6.1627e-07	2.2821e-10	-10.0	-2.5
469.0	6.17e-07	2.326e-10	-10.0	-2.5
469.5	6.1786e-07	2.3386e-10	-10.0	-2.5
470.0	6.1726e-07	2.3059e-10	-10.0	-2.5
470.5	6.1651e-07	2.3165e-10	-10.0	-2.5
471.0	6.173e-07	2.3378e-10	-10.0	-2.5
471.5	6.1708e-07	2.2974e-10	-10.0	-2.5
472.0	6.1774e-07	2.3137e-10	-10.0	-2.5
472.5	6.1719e-07	2.3624e-10	-10.0	-2.5
473.0	6.1721e-07	2.3174e-10	-10.0	-2.5
473.5	6.1734e-07	2.3243e-10	-10.0	-2.5
474.0	6.1837e-07	2.3887e-10	-10.0	-2.5
474.5	6.1791e-07	2.3062e-10	-10.0	-2.5
475.0	6.173e-07	2.3085e-10	-10.0	-2.5
475.5	6.1652e-07	2.2719e-10	-10.0	-2.5
476.0	6.1739e-07	2.3459e-10	-10.0	-2.5
476.5	6.1777e-07	2.3275e-10	-10.0	-2.5
477.0	6.1778e-07	2.3563e-10	-10.0	-2.5
477.5	6.1728e-07	2.3569e-10	-10.0	-2.5
478.0	6.1753e-07	2.3113e-10	-10.0	-2.5
478.5	6.1605e-07	2.3215e-10	-10.0	-2.5
479.0	6.1549e-07	2.3278e-10	-10.0	-2.5
479.5	6.1565e-07	2.3472e-10	-10.0	-2.5
480.0	6.1724e-07	2.8126e-10	-10.0	-2.5
480.5	6.1592e-07	2.8581e-10	-10.0	-2.5
481.0	6.1724e-07	2.8669e-10	-10.0	-2.5
481.5	6.163e-07	2.7739e-10	-10.0	-2.5
482.0	6.1848e-07	2.8597e-10	-10.0	-2.5
482.5	6.1783e-07	2.8064e-10	-10.0	-2.5
483.0	6.1694e-07	2.7763e-10	-10.0	-2.5
483.5	6.1685e-07	2.7822e-10	-10.0	-2.5
484.0	6.1737e-07	2.7788e-10	-10.0	-2.5
484.5	6.1745e-07	2.765e-10	-10.0	-2.5
485.0	6.1748e-07	2.7722e-10	-10.0	-2.5
485.5	6.1854e-07	2.8107e-10	-10.0	-2.5
486.0	6.1847e-07	2.7273e-10	-10.0	-2.5
486.5	6.1826e-07	2.748e-10	-10.0	-2.5
487.0	6.188e-07	2.7167e-10	-10.0	-2.5
487.5	6.1794e-07	2.7241e-10	-10.0	-2.5
488.0	6.1869e-07	2.7809e-10	-10.0	-2.5
488.5	6.1844e-07	2.6887e-10	-10.0	-2.5
489.0	6.1907e-07	2.7206e-10	-10.0	-2.5
489.5	6.178e-07	2.6872e-10	-10.0	-2.5
490.0	6.1891e-07	2.7164e-10	-10.0	-2.5
490.5	6.1901e-07	2.6843e-10	-10.0	-2.5
491.0	6.1844e-07	2.7171e-10	-10.0	-2.5
491.5	6.1793e-07	2.6823e-10	-10.0	-2.5
492.0	6.1708e-07	2.6651e-10	-10.0	-2.5
492.5	6.1723e-07	2.6744e-10	-10.0	-2.5
493.0	6.1766e-07	2.7045e-10	-10.0	-2.5
493.5	6.1679e-07	2.658e-10	-10.0	-2.5
494.0	6.1617e-07	2.6651e-10	-10.0	-2.5
494.5	6.1569e-07	2.6547e-10	-10.0	-2.5
495.0	6.1594e-07	2.6761e-10	-10.0	-2.5
495.5	6.1562e-07	2.664e-10	-10.0	-2.5
496.0	6.1616e-07	2.6692e-10	-10.0	-2.5
496.5	6.1553e-07	2.6021e-10	-10.0	-2.5
497.0	6.1569e-07	2.6247e-10	-10.0	-2.5
497.5	6.1589e-07	2.6555e-10	-10.0	-2.5
498.0	6.154e-07	2.6808e-10	-10.0	-2.5
498.5	6.1498e-07	2.6549e-10	-10.0	-2.5
499.0	6.1456e-07	2.6657e-10	-10.0	-2.5
499.5	6.1515e-07	2.6515e-10	-10.0	-2.5
500.0	6.1493e-07	2.6495e-10	-10.0	-2.5
500.5	6.1501e-07	2.6489e-10	-10.0	-2.5
501.0	6.1341e-07	2.5913e-10	-10.0	-2.5
501.5	6.1411e-07	2.6855e-10	-10.0	-2.5
502.0	6.1415e-07	2.6013e-10	-10.0	-2.5
502.5	6.1345e-07	2.5912e-10	-10.0	-2.5
503.0	6.1306e-07	2.6375e-10	-10.0	-2.5
503.5	6.127e-07	2.6319e-10	-10.0	-2.5
504.0	6.14e-07	2.6548e-10	-10.0	-2.5
504.5	6.134e-07	2.6118e-10	-10.0	-2.5
505.0	6.1305e-07	2.6702e-10	-10.0	-2.5
505.5	6.1439e-07	2.6665e-10	-10.0	-2.5
506.0	6.1502e-07	2.6516e-10	-10.0	-2.5
506.5	6.1426e-07	2.6157e-10	-10.0	-2.5
507.0	6.1479e-07	2.6602e-10	-10.0	-2.5
507.5	6.1538e-07	2.6196e-10	-10.0	-2.5
508.0	6.1508e-07	2.6183e-10	-10.0	-2.5
508.5	6.1513e-07	2.6035e-10	-10.0	-2.5
509.0	6.1574e-07	2.6177e-10	-10.0	-2.5
509.5	6.1583e-07	2.5959e-10	-10.0	-2.5
510.0	6.1456e-07	2.5932e-10	-10.0	-2.5
510.5	6.1398e-07	2.6144e-10	-10.0	-2.5
511.0	6.1509e-07	2.6379e-10	-10.0	-2.5
511.5	6.1628e-07	2.6328e-10	-10.0	-2.5
512.0	6.1627e-07	2.5943e-10	-10.0	-2.5
512.5	6.1647e-07	2.6087e-10	-10.0	-2.5
513.0	6.1552e-07	2.58e-10	-10.0	-2.5
513.5	6.1482e-07	2.5968e-10	-10.0	-2.5
514.0	6.1578e-07	2.6275e-10	-10.0	-2.5
514.5	6.15e-07	2.5795e-10	-10.0	-2.5
515.0	6.1565e-07	2.6527e-10	-10.0	-2.5
515.5	6.1671e-07	2.6447e-10	-10.0	-2.5
516.0	6.1543e-07	2.5807e-10	-10.0	-2.5
516.5	6.1542e-07	2.6155e-10	-10.0	-2.5
517.0	6.1558e-07	2.617e-10	-10.0	-2.5
517.5	6.1518e-07	2.5984e-10	-10.0	-2.5
518.0	6.1537e-07	2.6354e-10	-10.0	-2.5
518.5	6.1554e-07	2.5528e-10	-10.0	-2.5
519.0	6.1538e-07	2.5989e-10	-10.0	-2.5
519.5	6.151e-07	2.6098e-10	-10.0	-2.5
520.0	6.1433e-07	2.6367e-10	-10.0	-2.5
520.5	6.149e-07	2.6303e-10	-10.0	-2.5
521.0	6.1552e-07	2.6587e-10	-10.0	-2.5
521.5	6.1423e-07	2.5865e-10	-10.0	-2.5
522.0	6.136e-07	2.5799e-10	-10.0	-2.5
522.5	6.1351e-07	2.5994e-10	-10.0	-2.5
523.0	6.1311e-07	2.6125e-10	-10.0	-2.5
523.5	6.1283e-07	2.6195e-10	-10.0	-2.5
524.0	6.1338e-07	2.5909e-10	-10.0	-2.5
524.5	6.122e-07	2.5482e-10	-10.0	-2.5
525.0	6.1265e-07	2.6258e-10	-10.0	-2.5
525.5	6.1227e-07	2.6019e-10	-10.0	-2.5
526.0	6.1176e-07	2.578e-10	-10.0	-2.5
526.5	6.1191e-07	2.6068e-10	-10.0	-2.5
527.0	6.1245e-07	2.6101e-10	-10.0	-2.5
527.5	6.1288e-07	2.6142e-10	-10.0	-2.5
528.0	6.1316e-07	2.6134e-10	-10.0	-2.5
528.5	6.1327e-07	2.6022e-10	-10.0	-2.5
529.0	6.1385e-07	2.6208e-10	-10.0	-2.5
529.5	6.138e-07	2.5625e-10	-10.0	-2.5
530.0	6.1414e-07	2.6046e-10	-10.0	-2.5
530.5	6.1215e-07	2.5265e-10	-10.0	-2.5
531.0	6.1352e-07	2.6308e-10	-10.0	-2.5
531.5	6.1287e-07	2.568e-10	-10.0	-2.5
532.0	6.122e-07	2.5619e-10	-10.0	-2.5
532.5	6.1227e-07	2.6473e-10	-10.0	-2.5
533.0	6.1158e-07	2.6179e-10	-10.0	-2.5
533.5	6.1158e-07	2.6201e-10	-10.0	-2.5
534.0	6.1244e-07	2.5963e-10	-10.0	-2.5
534.5	6.12e-07	2.5757e-10	-10.0	-2.5
535.0	6.1295e-07	2.6135e-10	-10.0	-2.5
535.5	6.1182e-07	2.5737e-10	-10.0	-2.5
536.0	6.1077e-07	2.5634e-10	-10.0	-2.5
536.5	6.1061e-07	2.5892e-10	-10.0	-2.5
537.0	6.1059e-07	2.5698e-10	-10.0	-2.5
537.5	6.1094e-07	2.5909e-10	-10.0	-2.5
538.0	6.1103e-07	2.5779e-10	-10.0	-2.5
538.5	6.1119e-07	2.5919e-10	-10.0	-2.5
539.0	6.1034e-07	2.5762e-10	-10.0	-2.5
539.5	6.0998e-07	2.5691e-10	-10.0	-2.5
540.0	6.0942e-07	2.2268e-10	-10.0	-2.5
540.5	6.0974e-07	2.181e-10	-10.0	-2.5
541.0	6.1129e-07	2.1928e-10	-10.0	-2.5
541.5	6.0912e-07	2.1585e-10	-10.0	-2.5
542.0	6.0866e-07	2.1575e-10	-10.0	-2.5
542.5	6.0885e-07	2.1392e-10	-10.0	-2.5
543.0	6.0854e-07	2.19e-10	-10.0	-2.5
543.5	6.0889e-07	2.1929e-10	-10.0	-2.5
544.0	6.0843e-07	2.2043e-10	-10.0	-2.5
544.5	6.1032e-07	2.233e-10	-10.0	-2.5
545.0	6.1067e-07	2.2341e-10	-10.0	-2.5
545.5	6.1004e-07	2.2107e-10	-10.0	-2.5
546.0	6.0972e-07	2.2008e-10	-10.0	-2.5
546.5	6.0817e-07	2.2331e-10	-10.0	-2.5
547.0	6.0779e-07	2.2389e-10	-10.0	-2.5
547.5	6.0828e-07	2.2649e-10	-10.0	-2.5
548.0	6.0849e-07	2.2253e-10	-10.0	-2.5
548.5	6.0879e-07	2.2503e-10	-10.0	-2.5
549.0	6.0889e-07	2.2467e-10	-10.0	-2.5
549.5	6.0966e-07	2.2963e-10	-10.0	-2.5
550.0	6.0959e-07	2.2701e-10	-10.0	-2.5
550.5	6.0954e-07	2.2764e-10	-10.0	-2.5
551.0	6.0902e-07	2.2512e-10	-10.0	-2.5
551.5	6.0906e-07	2.2691e-10	-10.0	-2.5
552.0	6.0868e-07	2.2633e-10	-10.0	-2.5
552.5	6.0885e-07	2.2595e-10	-10.0	-2.5
553.0	6.0873e-07	2.2497e-10	-10.0	-2.5
553.5	6.0852e-07	2.2717e-10	-10.0	-2.5
554.0	6.0948e-07	2.2682e-10	-10.0	-2.5
554.5	6.0985e-07	2.2836e-10	-10.0	-2.5
555.0	6.0862e-07	2.2394e-10	-10.0	-2.5
555.5	6.0858e-07	2.2834e-10	-10.0	-2.5
556.0	6.0986e-07	2.3145e-10	-10.0	-2.5
556.5	6.0949e-07	2.2471e-10	-10.0	-2.5
557.0	6.099e-07	2.2925e-10	-10.0	-2.5
557.5	6.0805e-07	2.2404e-10	-10.0	-2.5
558.0	6.0799e-07	2.2646e-10	-10.0	-2.5
558.5	6.095e-07	2.2876e-10	-10.0	-2.5
559.0	6.0839e-07	2.2052e-10	-10.0	-2.5
559.5	6.0824e-07	2.241e-10	-10.0	-2.5
560.0	6.0935e-07	2.3178e-10	-10.0	-2.5
560.5	6.0834e-07	2.2585e-10	-10.0	-2.5
561.0	6.0804e-07	2.2732e-10	-10.0	-2.5
561.5	6.0799e-07	2.2809e-10	-10.0	-2.5
562.0	6.0826e-07	2.245e-10	-10.0	-2.5
562.5	6.0871e-07	2.279e-10	-10.0	-2.5
563.0	6.081e-07	2.2508e-10	-10.0	-2.5
563.5	6.0759e-07	2.2637e-10	-10.0	-2.5
564.0	6.0786e-07	2.286e-10	-10.0	-2.5
564.5	6.0753e-07	2.2319e-10	-10.0	-2.5
565.0	6.0823e-07	2.2974e-10	-10.0	-2.5
565.5	6.0793e-07	2.2696e-10	-10.0	-2.5
566.0	6.084e-07	2.3064e-10	-10.0	-2.5
566.5	6.1013e-07	2.3932e-10	-10.0	-2.5
567.0	6.0904e-07	2.2822e-10	-10.0	-2.5
567.5	6.0904e-07	2.3191e-10	-10.0	-2.5
568.0	6.0923e-07	2.2905e-10	-10.0	-2.5
568.5	6.1028e-07	2.3081e-10	-10.0	-2.5
569.0	6.0953e-07	2.2685e-10	-10.0	-2.5
569.5	6.0929e-07	2.268e-10	-10.0	-2.5
570.0	6.0955e-07	2.3072e-10	-10.0	-2.5
570.5	6.0959e-07	2.3222e-10	-10.0	-2.5
571.0	6.0967e-07	2.2703e-10	-10.0	-2.5
571.5	6.0985e-07	2.318e-10	-10.0	-2.5
572.0	6.1048e-07	2.3166e-10	-10.0	-2.5
572.5	6.0956e-07	2.2827e-10	-10.0	-2.5
573.0	6.0973e-07	2.2576e-10	-10.0	-2.5
573.5	6.1056e-07	2.3292e-10	-10.0	-2.5
574.0	6.0948e-07	2.2769e-10	-10.0	-2.5
574.5	6.103e-07	2.3089e-10	-10.0	-2.5
575.0	6.0986e-07	2.3191e-10	-10.0	-2.5
575.5	6.0963e-07	2.2624e-10	-10.0	-2.5
576.0	6.0974e-07	2.2816e-10	-10.0	-2.5
576.5	6.0886e-07	2.2918e-10	-10.0	-2.5
577.0	6.0904e-07	2.2664e-10	-10.0	-2.5
577.5	6.0935e-07	2.2935e-10	-10.0	-2.5
578.0	6.0833e-07	2.2896e-10	-10.0	-2.5
578.5	6.0882e-07	2.2894e-10	-10.0	-2.5
579.0	6.0907e-07	2.3259e-10	-10.0	-2.5
579.5	6.0981e-07	2.3046e-10	-10.0	-2.5
580.0	6.1025e-07	2.3279e-10	-10.0	-2.5
580.5	6.1119e-07	2.3163e-10	-10.0	-2.5
581.0	6.1107e-07	2.3086e-10	-10.0	-2.5
581.5	6.0983e-07	2.2384e-10	-10.0	-2.5
582.0	6.1e-07	2.2716e-10	-10.0	-2.5
582.5	6.1107e-07	2.3132e-10	-10.0	-2.5
583.0	6.1025e-07	2.2738e-10	-10.0	-2.5
583.5	6.1013e-07	2.2983e-10	-10.0	-2.5
584.0	6.0955e-07	2.281e-10	-10.0	-2.5
584.5	6.1005e-07	2.3038e-10	-10.0	-2.5
585.0	6.1048e-07	2.3128e-10	-10.0	-2.5
585.5	6.0951e-07	2.262e-10	-10.0	-2.5
586.0	6.1077e-07	2.31e-10	-10.0	-2.5
586.5	6.1009e-07	2.2719e-10	-10.0	-2.5
587.0	6.0964e-07	2.3147e-10	-10.0	-2.5
587.5	6.0934e-07	2.2749e-10	-10.0	-2.5
588.0	6.0932e-07	2.3182e-10	-10.0	-2.5
588.5	6.1054e-07	2.3291e-10	-10.0	-2.5
589.0	6.1069e-07	2.3159e-10	-10.0	-2.5
589.5	6.1068e-07	2.33e-10	-10.0	-2.5
590.0	6.1082e-07	2.3422e-10	-10.0	-2.5
590.5	6.1099e-07	2.3122e-10	-10.0	-2.5
591.0	6.1143e-07	2.3389e-10	-10.0	-2.5
591.5	6.1154e-07	2.3135e-10	-10.0	-2.5
592.0	6.1136e-07	2.3414e-10	-10.0	-2.5
592.5	6.1089e-07	2.2854e-10	-10.0	-2.5
593.0	6.1103e-07	2.3123e-10	-10.0	-2.5
593.5	6.1184e-07	2.3168e-10	-10.0	-2.5
594.0	6.1238e-07	2.3358e-10	-10.0	-2.5
594.5	6.1187e-07	2.3175e-10	-10.0	-2.5
595.0	6.1098e-07	2.3325e-10	-10.0	-2.5
595.5	6.1257e-07	2.338e-10	-10.0	-2.5
596.0	6.1183e-07	2.3205e-10	-10.0	-2.5
596.5	6.1099e-07	2.3097e-10	-10.0	-2.5
597.0	6.112e-07	2.329e-10	-10.0	-2.5
597.5	6.1155e-07	2.2961e-10	-10.0	-2.5
598.0	6.1147e-07	2.3044e-10	-10.0	-2.5
598.5	6.1131e-07	2.3221e-10	-10.0	-2.5
599.0	6.1199e-07	2.2943e-10	-10.0	-2.5
599.5	6.1171e-07	2.3374e-10	-10.0	-2.5
600.0	6.111e-07	2.3264e-10	-10.0	-2.5
600.5	6.1112e-07	2.3315e-10	-10.0	-2.5
601.0	6.1134e-07	2.3129e-10	-10.0	-2.5
601.5	6.1164e-07	2.3565e-10	-10.0	-2.5
602.0	6.1084e-07	2.3098e-10	-10.0	-2.5
602.5	6.109e-07	2.2999e-10	-10.0	-2.5
603.0	6.1083e-07	2.3355e-10	-10.0	-2.5
603.5	6.1026e-07	2.311e-10	-10.0	-2.5
604.0	6.1021e-07	2.3329e-10	-10.0	-2.5
604.5	6.101e-07	2.3288e-10	-10.0	-2.5
605.0	6.1006e-07	2.2834e-10	-10.0	-2.5
605.5	6.1088e-07	2.2986e-10	-10.0	-2.5
606.0	6.1057e-07	2.3523e-10	-10.0	-2.5
606.5	6.1197e-07	2.3933e-10	-10.0	-2.5
607.0	6.1194e-07	2.3428e-10	-10.0	-2.5
607.5	6.1151e-07	2.3293e-10	-10.0	-2.5
608.0	6.1143e-07	2.3504e-10	-10.0	-2.5
608.5	6.1174e-07	2.344e-10	-10.0	-2.5
609.0	6.1253e-07	2.3256e-10	-10.0	-2.5
609.5	6.1251e-07	2.3421e-10	-10.0	-2.5
610.0	6.1291e-07	2.3287e-10	-10.0	-2.5
610.5	6.1271e-07	2.3315e-10	-10.0	-2.5
611.0	6.135e-07	2.3038e-10	-10.0	-2.5
611.5	6.1328e-07	2.3342e-10	-10.0	-2.5
612.0	6.1391e-07	2.3377e-10	-10.0	-2.5
612.5	6.134e-07	2.3226e-10	-10.0	-2.5
613.0	6.1334e-07	2.3402e-10	-10.0	-2.5
613.5	6.1321e-07	2.3541e-10	-10.0	-2.5
614.0	6.1207e-07	2.3112e-10	-10.0	-2.5
614.5	6.1313e-07	2.3696e-10	-10.0	-2.5
615.0	6.1232e-07	2.3395e-10	-10.0	-2.5
615.5	6.1338e-07	2.3556e-10	-10.0	-2.5
616.0	6.1321e-07	2.3365e-10	-10.0	-2.5
616.5	6.134e-07	2.3361e-10	-10.0	-2.5
617.0	6.125e-07	2.3407e-10	-10.0	-2.5
617.5	6.1324e-07	2.347e-10	-10.0	-2.5
618.0	6.1246e-07	2.3102e-10	-10.0	-2.5
618.5	6.1334e-07	2.4027e-10	-10.0	-2.5
619.0	6.1327e-07	2.3349e-10	-10.0	-2.5
619.5	6.1312e-07	2.3625e-10	-10.0	-2.5
620.0	6.129e-07	2.3676e-10	-10.0	-2.5
620.5	6.1435e-07	2.3784e-10	-10.0	-2.5
621.0	6.1381e-07	2.353e-10	-10.0	-2.5
621.5	6.1329e-07	2.3037e-10	-10.0	-2.5
622.0	6.1294e-07	2.3647e-10	-10.0	-2.5
622.5	6.1391e-07	2.3978e-10	-10.0	-2.5
623.0	6.1355e-07	2.3934e-10	-10.0	-2.5
623.5	6.1308e-07	2.3356e-10	-10.0	-2.5
624.0	6.1303e-07	2.3413e-10	-10.0	-2.5
624.5	6.1341e-07	2.3606e-10	-10.0	-2.5
625.0	6.1344e-07	2.3719e-10	-10.0	-2.5
625.5	6.1396e-07	2.3769e-10	-10.0	-2.5
626.0	6.1348e-07	2.3752e-10	-10.0	-2.5
626.5	6.1413e-07	2.392e-10	-10.0	-2.5
627.0	6.1366e-07	2.3472e-10	-10.0	-2.5
627.5	6.1423e-07	2.3847e-10	-10.0	-2.5
628.0	6.139e-07	2.358e-10	-10.0	-2.5
628.5	6.1408e-07	2.354e-10	-10.0	-2.5
629.0	6.1477e-07	2.3516e-10	-10.0	-2.5
629.5	6.1461e-07	2.3536e-10	-10.0	-2.5
630.0	6.143e-07	2.3204e-10	-10.0	-2.5
630.5	6.1451e-07	2.3738e-10	-10.0	-2.5
