File Name: 12_Sample14_device4_It_150kV_VDrain1V_VGate1V.dat
File Data: 22/11/2023	14:14:12
Start V: 0
Step V: 0
Stop V: 0
Range V: 200
Delay(ms): 0
Auorange: yes
Sweep type: log
Instrument Meter: SM2614
Time(ms)	Vdrain(V)	Idrain(A)	Vgate(V)	Igate(A)
0.0000E+0	1.0000E+0	7.2586E-6	1.0000E+0	9.4151E-12
1.0000E+3	1.0000E+0	7.2446E-6	1.0000E+0	1.1576E-11
1.5000E+3	1.0000E+0	7.2400E-6	1.0000E+0	1.1080E-11
2.0000E+3	1.0000E+0	7.2379E-6	1.0000E+0	1.0458E-11
2.5000E+3	1.0000E+0	7.2344E-6	1.0000E+0	1.0278E-11
3.0000E+3	1.0000E+0	7.2259E-6	1.0000E+0	9.9587E-12
3.5000E+3	1.0000E+0	7.2216E-6	1.0000E+0	9.4867E-12
4.0000E+3	1.0000E+0	7.2222E-6	1.0000E+0	9.8038E-12
4.5000E+3	1.0000E+0	7.2162E-6	1.0000E+0	9.4521E-12
5.0000E+3	1.0000E+0	7.2150E-6	1.0000E+0	9.4271E-12
5.5000E+3	1.0000E+0	7.2111E-6	1.0000E+0	9.4771E-12
6.0000E+3	1.0000E+0	7.2072E-6	1.0000E+0	9.6071E-12
6.5000E+3	1.0000E+0	7.2025E-6	1.0000E+0	8.7643E-12
7.0000E+3	1.0000E+0	7.1997E-6	1.0000E+0	8.7547E-12
7.5000E+3	1.0000E+0	7.2008E-6	1.0000E+0	8.9228E-12
8.0000E+3	1.0000E+0	7.1976E-6	1.0000E+0	8.9323E-12
8.5000E+3	1.0000E+0	7.1975E-6	1.0000E+0	8.9908E-12
9.0000E+3	1.0000E+0	7.1921E-6	1.0000E+0	8.9574E-12
9.5000E+3	1.0000E+0	7.1928E-6	1.0000E+0	8.5521E-12
1.0000E+4	1.0000E+0	7.1948E-6	1.0000E+0	8.6677E-12
1.0500E+4	1.0000E+0	7.1903E-6	1.0000E+0	8.7070E-12
1.1000E+4	1.0000E+0	7.1904E-6	1.0000E+0	8.5807E-12
1.1500E+4	1.0000E+0	7.1885E-6	1.0000E+0	8.3983E-12
1.2000E+4	1.0000E+0	7.1894E-6	1.0000E+0	8.6045E-12
1.2500E+4	1.0000E+0	7.1862E-6	1.0000E+0	8.3661E-12
1.3000E+4	1.0000E+0	7.1829E-6	1.0000E+0	8.4531E-12
1.3500E+4	1.0000E+0	7.1838E-6	1.0000E+0	8.3268E-12
1.4000E+4	1.0000E+0	7.1802E-6	1.0000E+0	8.0252E-12
1.4500E+4	1.0000E+0	7.1769E-6	1.0000E+0	8.2004E-12
1.5000E+4	1.0000E+0	7.1787E-6	1.0000E+0	7.9930E-12
1.5500E+4	1.0000E+0	7.1740E-6	1.0000E+0	7.8368E-12
1.6000E+4	1.0000E+0	7.1751E-6	1.0000E+0	7.9429E-12
1.6500E+4	1.0000E+0	7.1770E-6	1.0000E+0	7.9977E-12
1.7000E+4	1.0000E+0	7.1740E-6	1.0000E+0	8.3792E-12
1.7500E+4	1.0000E+0	7.1697E-6	1.0000E+0	8.3542E-12
1.8000E+4	1.0000E+0	7.1683E-6	1.0000E+0	8.0133E-12
1.8500E+4	1.0000E+0	7.1677E-6	1.0000E+0	7.9906E-12
1.9000E+4	1.0000E+0	7.1632E-6	1.0000E+0	8.2302E-12
1.9500E+4	1.0000E+0	7.1654E-6	1.0000E+0	8.3518E-12
2.0000E+4	1.0000E+0	7.1596E-6	1.0000E+0	7.9536E-12
2.0500E+4	1.0000E+0	7.1587E-6	1.0000E+0	8.2016E-12
2.1000E+4	1.0000E+0	7.1555E-6	1.0000E+0	8.0395E-12
2.1500E+4	1.0000E+0	7.1557E-6	1.0000E+0	8.1253E-12
2.2000E+4	1.0000E+0	7.1540E-6	1.0000E+0	8.0121E-12
2.2500E+4	1.0000E+0	7.1503E-6	1.0000E+0	7.7772E-12
2.3000E+4	1.0000E+0	7.1516E-6	1.0000E+0	8.0872E-12
2.3500E+4	1.0000E+0	7.1543E-6	1.0000E+0	7.9751E-12
2.4000E+4	1.0000E+0	7.1536E-6	1.0000E+0	8.0073E-12
2.4500E+4	1.0000E+0	7.1508E-6	1.0000E+0	7.8118E-12
2.5000E+4	1.0000E+0	7.1493E-6	1.0000E+0	7.8416E-12
2.5500E+4	1.0000E+0	7.1486E-6	1.0000E+0	8.0478E-12
2.6000E+4	1.0000E+0	7.1442E-6	1.0000E+0	8.1825E-12
2.6500E+4	1.0000E+0	7.1439E-6	1.0000E+0	7.6020E-12
2.7000E+4	1.0000E+0	7.1375E-6	1.0000E+0	7.7689E-12
2.7500E+4	1.0000E+0	7.1383E-6	1.0000E+0	7.6985E-12
2.8000E+4	1.0000E+0	7.1360E-6	1.0000E+0	7.5841E-12
2.8500E+4	1.0000E+0	7.1388E-6	1.0000E+0	7.4339E-12
2.9000E+4	1.0000E+0	7.1364E-6	1.0000E+0	7.8857E-12
2.9500E+4	1.0000E+0	7.1391E-6	1.0000E+0	7.8166E-12
3.0000E+4	1.0000E+0	7.1373E-6	1.0000E+0	7.5948E-12
3.0500E+4	1.0000E+0	7.1374E-6	1.0000E+0	7.9095E-12
3.1000E+4	1.0000E+0	7.1324E-6	1.0000E+0	7.9334E-12
3.1500E+4	1.0000E+0	7.1289E-6	1.0000E+0	7.8607E-12
3.2000E+4	1.0000E+0	7.1293E-6	1.0000E+0	7.8952E-12
3.2500E+4	1.0000E+0	7.1279E-6	1.0000E+0	7.7426E-12
3.3000E+4	1.0000E+0	7.1311E-6	1.0000E+0	8.1408E-12
3.3500E+4	1.0000E+0	7.1240E-6	1.0000E+0	7.7748E-12
3.4000E+4	1.0000E+0	7.1230E-6	1.0000E+0	7.6413E-12
3.4500E+4	1.0000E+0	7.1235E-6	1.0000E+0	7.6997E-12
3.5000E+4	1.0000E+0	7.1267E-6	1.0000E+0	7.9048E-12
3.5500E+4	1.0000E+0	7.1213E-6	1.0000E+0	7.7462E-12
3.6000E+4	1.0000E+0	7.1184E-6	1.0000E+0	7.9155E-12
3.6500E+4	1.0000E+0	7.1184E-6	1.0000E+0	7.6950E-12
3.7000E+4	1.0000E+0	7.1133E-6	1.0000E+0	7.6520E-12
3.7500E+4	1.0000E+0	7.1117E-6	1.0000E+0	7.7701E-12
3.8000E+4	1.0000E+0	7.1126E-6	1.0000E+0	7.8225E-12
3.8500E+4	1.0000E+0	7.1124E-6	1.0000E+0	7.5579E-12
3.9000E+4	1.0000E+0	7.1080E-6	1.0000E+0	7.8595E-12
3.9500E+4	1.0000E+0	7.1129E-6	1.0000E+0	7.7307E-12
4.0000E+4	1.0000E+0	7.1141E-6	1.0000E+0	7.7879E-12
4.0500E+4	1.0000E+0	7.1115E-6	1.0000E+0	7.7939E-12
4.1000E+4	1.0000E+0	7.1096E-6	1.0000E+0	7.6568E-12
4.1500E+4	1.0000E+0	7.1069E-6	1.0000E+0	7.8404E-12
4.2000E+4	1.0000E+0	7.1069E-6	1.0000E+0	7.5650E-12
4.2500E+4	1.0000E+0	7.1122E-6	1.0000E+0	7.4589E-12
4.3000E+4	1.0000E+0	7.1097E-6	1.0000E+0	7.3326E-12
4.3500E+4	1.0000E+0	7.1065E-6	1.0000E+0	7.6723E-12
4.4000E+4	1.0000E+0	7.1094E-6	1.0000E+0	7.4577E-12
4.4500E+4	1.0000E+0	7.1045E-6	1.0000E+0	7.3528E-12
4.5000E+4	1.0000E+0	7.1041E-6	1.0000E+0	7.3552E-12
4.5500E+4	1.0000E+0	7.1020E-6	1.0000E+0	7.4339E-12
4.6000E+4	1.0000E+0	7.0975E-6	1.0000E+0	7.5090E-12
4.6500E+4	1.0000E+0	7.0960E-6	1.0000E+0	7.7009E-12
4.7000E+4	1.0000E+0	7.0953E-6	1.0000E+0	7.4673E-12
4.7500E+4	1.0000E+0	7.0949E-6	1.0000E+0	7.5018E-12
4.8000E+4	1.0000E+0	7.0948E-6	1.0000E+0	7.2825E-12
4.8500E+4	1.0000E+0	7.0932E-6	1.0000E+0	7.5042E-12
4.9000E+4	1.0000E+0	7.0927E-6	1.0000E+0	7.7009E-12
4.9500E+4	1.0000E+0	7.0933E-6	1.0000E+0	7.6711E-12
5.0000E+4	1.0000E+0	7.0928E-6	1.0000E+0	7.5436E-12
5.0500E+4	1.0000E+0	7.0932E-6	1.0000E+0	7.4863E-12
5.1000E+4	1.0000E+0	7.0952E-6	1.0000E+0	7.4542E-12
5.1500E+4	1.0000E+0	7.0895E-6	1.0000E+0	7.3457E-12
5.2000E+4	1.0000E+0	7.0855E-6	1.0000E+0	7.3194E-12
5.2500E+4	1.0000E+0	7.0873E-6	1.0000E+0	7.3695E-12
5.3000E+4	1.0000E+0	7.0855E-6	1.0000E+0	7.3755E-12
5.3500E+4	1.0000E+0	7.0834E-6	1.0000E+0	7.4792E-12
5.4000E+4	1.0000E+0	7.0810E-6	1.0000E+0	7.0310E-12
5.4500E+4	1.0000E+0	7.0856E-6	1.0000E+0	7.3016E-12
5.5000E+4	1.0000E+0	7.0848E-6	1.0000E+0	7.6020E-12
5.5500E+4	1.0000E+0	7.0815E-6	1.0000E+0	7.3755E-12
5.6000E+4	1.0000E+0	7.0772E-6	1.0000E+0	7.4565E-12
5.6500E+4	1.0000E+0	7.0797E-6	1.0000E+0	7.3516E-12
5.7000E+4	1.0000E+0	7.0771E-6	1.0000E+0	7.3040E-12
5.7500E+4	1.0000E+0	7.0789E-6	1.0000E+0	7.4410E-12
5.8000E+4	1.0000E+0	7.0714E-6	1.0000E+0	7.3731E-12
5.8500E+4	1.0000E+0	7.0742E-6	1.0000E+0	7.4017E-12
5.9000E+4	1.0000E+0	7.0737E-6	1.0000E+0	7.1180E-12
5.9500E+4	1.0000E+0	7.0742E-6	1.0000E+0	7.4291E-12
6.0000E+4	1.0000E+0	7.0710E-6	1.0000E+0	7.4577E-12
6.0500E+4	1.0000E+0	7.0724E-6	1.0000E+0	7.3516E-12
6.1000E+4	1.0000E+0	7.0754E-6	1.0000E+0	7.4279E-12
6.1500E+4	1.0000E+0	7.0740E-6	1.0000E+0	7.1168E-12
6.2000E+4	1.0000E+0	7.0718E-6	1.0000E+0	7.3135E-12
6.2500E+4	1.0000E+0	7.0694E-6	1.0000E+0	7.3814E-12
6.3000E+4	1.0000E+0	7.0697E-6	1.0000E+0	7.3183E-12
6.3500E+4	1.0000E+0	7.0696E-6	1.0000E+0	7.5519E-12
6.4000E+4	1.0000E+0	7.0648E-6	1.0000E+0	7.5245E-12
6.4500E+4	1.0000E+0	7.0628E-6	1.0000E+0	7.3171E-12
6.5000E+4	1.0000E+0	7.0638E-6	1.0000E+0	7.4196E-12
6.5500E+4	1.0000E+0	7.0654E-6	1.0000E+0	7.4744E-12
6.6000E+4	1.0000E+0	7.0649E-6	1.0000E+0	7.4649E-12
6.6500E+4	1.0000E+0	7.0656E-6	1.0000E+0	7.2801E-12
6.7000E+4	1.0000E+0	7.0689E-6	1.0000E+0	7.2360E-12
6.7500E+4	1.0000E+0	7.0696E-6	1.0000E+0	7.1835E-12
6.8000E+4	1.0000E+0	7.0646E-6	1.0000E+0	7.3767E-12
6.8500E+4	1.0000E+0	7.0642E-6	1.0000E+0	7.2956E-12
6.9000E+4	1.0000E+0	7.0629E-6	1.0000E+0	7.2718E-12
6.9500E+4	1.0000E+0	7.0610E-6	1.0000E+0	7.0155E-12
7.0000E+4	1.0000E+0	7.0621E-6	1.0000E+0	7.1764E-12
7.0500E+4	1.0000E+0	7.0586E-6	1.0000E+0	7.3194E-12
7.1000E+4	1.0000E+0	7.0607E-6	1.0000E+0	7.4053E-12
7.1500E+4	1.0000E+0	7.0607E-6	1.0000E+0	7.4172E-12
7.2000E+4	1.0000E+0	7.0542E-6	1.0000E+0	7.3457E-12
7.2500E+4	1.0000E+0	7.0565E-6	1.0000E+0	7.1442E-12
7.3000E+4	1.0000E+0	7.0570E-6	1.0000E+0	7.4649E-12
7.3500E+4	1.0000E+0	7.0591E-6	1.0000E+0	7.1943E-12
7.4000E+4	1.0000E+0	7.0591E-6	1.0000E+0	7.2610E-12
7.4500E+4	1.0000E+0	7.0595E-6	1.0000E+0	7.1764E-12
7.5000E+4	1.0000E+0	7.0538E-6	1.0000E+0	7.1847E-12
7.5500E+4	1.0000E+0	7.0513E-6	1.0000E+0	7.2002E-12
7.6000E+4	1.0000E+0	7.0504E-6	1.0000E+0	7.1204E-12
7.6500E+4	1.0000E+0	7.0499E-6	1.0000E+0	7.1478E-12
7.7000E+4	1.0000E+0	7.0533E-6	1.0000E+0	7.0071E-12
7.7500E+4	1.0000E+0	7.0494E-6	1.0000E+0	7.0810E-12
7.8000E+4	1.0000E+0	7.0516E-6	1.0000E+0	7.2718E-12
7.8500E+4	1.0000E+0	7.0459E-6	1.0000E+0	7.0476E-12
7.9000E+4	1.0000E+0	7.0484E-6	1.0000E+0	7.0834E-12
7.9500E+4	1.0000E+0	7.0468E-6	1.0000E+0	6.9702E-12
8.0000E+4	1.0000E+0	7.0450E-6	1.0000E+0	7.4744E-12
8.0500E+4	1.0000E+0	7.0403E-6	1.0000E+0	7.5197E-12
8.1000E+4	1.0000E+0	7.0481E-6	1.0000E+0	7.2300E-12
8.1500E+4	1.0000E+0	7.0453E-6	1.0000E+0	7.2360E-12
8.2000E+4	1.0000E+0	7.0454E-6	1.0000E+0	7.3659E-12
8.2500E+4	1.0000E+0	7.0458E-6	1.0000E+0	7.1037E-12
8.3000E+4	1.0000E+0	7.0416E-6	1.0000E+0	6.9940E-12
8.3500E+4	1.0000E+0	7.0406E-6	1.0000E+0	7.1835E-12
8.4000E+4	1.0000E+0	7.0370E-6	1.0000E+0	7.2634E-12
8.4500E+4	1.0000E+0	7.0358E-6	1.0000E+0	7.0751E-12
8.5000E+4	1.0000E+0	7.0365E-6	1.0000E+0	6.9201E-12
8.5500E+4	1.0000E+0	7.0375E-6	1.0000E+0	6.9535E-12
8.6000E+4	1.0000E+0	7.0354E-6	1.0000E+0	7.1979E-12
8.6500E+4	1.0000E+0	7.0353E-6	1.0000E+0	6.7866E-12
8.7000E+4	1.0000E+0	7.0362E-6	1.0000E+0	7.1359E-12
8.7500E+4	1.0000E+0	7.0352E-6	1.0000E+0	7.0655E-12
8.8000E+4	1.0000E+0	7.0345E-6	1.0000E+0	6.9797E-12
8.8500E+4	1.0000E+0	7.0371E-6	1.0000E+0	7.2408E-12
8.9000E+4	1.0000E+0	7.0325E-6	1.0000E+0	7.0274E-12
8.9500E+4	1.0000E+0	7.0333E-6	1.0000E+0	7.5960E-12
9.0000E+4	1.0000E+0	7.0295E-6	1.0000E+0	7.4124E-12
9.0500E+4	1.0000E+0	7.0298E-6	1.0000E+0	7.0155E-12
9.1000E+4	1.0000E+0	7.0318E-6	1.0000E+0	7.2980E-12
9.1500E+4	1.0000E+0	7.0281E-6	1.0000E+0	7.1025E-12
9.2000E+4	1.0000E+0	7.0303E-6	1.0000E+0	7.4804E-12
9.2500E+4	1.0000E+0	7.0256E-6	1.0000E+0	7.3183E-12
9.3000E+4	1.0000E+0	7.0234E-6	1.0000E+0	7.2265E-12
9.3500E+4	1.0000E+0	7.0253E-6	1.0000E+0	7.2491E-12
9.4000E+4	1.0000E+0	7.0248E-6	1.0000E+0	7.1776E-12
9.4500E+4	1.0000E+0	7.0237E-6	1.0000E+0	7.1418E-12
9.5000E+4	1.0000E+0	7.0228E-6	1.0000E+0	6.9547E-12
9.5500E+4	1.0000E+0	7.0224E-6	1.0000E+0	7.3099E-12
9.6000E+4	1.0000E+0	7.0193E-6	1.0000E+0	6.9582E-12
9.6500E+4	1.0000E+0	7.0228E-6	1.0000E+0	7.0310E-12
9.7000E+4	1.0000E+0	7.0194E-6	1.0000E+0	6.9249E-12
9.7500E+4	1.0000E+0	7.0199E-6	1.0000E+0	7.0095E-12
9.8000E+4	1.0000E+0	7.0182E-6	1.0000E+0	7.3063E-12
9.8500E+4	1.0000E+0	7.0227E-6	1.0000E+0	7.1251E-12
9.9000E+4	1.0000E+0	7.0158E-6	1.0000E+0	7.0977E-12
9.9500E+4	1.0000E+0	7.0133E-6	1.0000E+0	7.2587E-12
1.0000E+5	1.0000E+0	7.0188E-6	1.0000E+0	7.0596E-12
1.0050E+5	1.0000E+0	7.0162E-6	1.0000E+0	7.0119E-12
1.0100E+5	1.0000E+0	7.0137E-6	1.0000E+0	7.2539E-12
1.0150E+5	1.0000E+0	7.0161E-6	1.0000E+0	7.2539E-12
1.0200E+5	1.0000E+0	7.0158E-6	1.0000E+0	7.2563E-12
1.0250E+5	1.0000E+0	7.0160E-6	1.0000E+0	7.2753E-12
1.0300E+5	1.0000E+0	7.0130E-6	1.0000E+0	7.3254E-12
1.0350E+5	1.0000E+0	7.0116E-6	1.0000E+0	7.1919E-12
1.0400E+5	1.0000E+0	7.0153E-6	1.0000E+0	7.1442E-12
1.0450E+5	1.0000E+0	7.0142E-6	1.0000E+0	7.0906E-12
1.0500E+5	1.0000E+0	7.0131E-6	1.0000E+0	7.4720E-12
1.0550E+5	1.0000E+0	7.0125E-6	1.0000E+0	7.4232E-12
1.0600E+5	1.0000E+0	7.0125E-6	1.0000E+0	7.1180E-12
1.0650E+5	1.0000E+0	7.0081E-6	1.0000E+0	7.2002E-12
1.0700E+5	1.0000E+0	7.0089E-6	1.0000E+0	7.1478E-12
1.0750E+5	1.0000E+0	7.0073E-6	1.0000E+0	7.1955E-12
1.0800E+5	1.0000E+0	7.0035E-6	1.0000E+0	7.1728E-12
1.0850E+5	1.0000E+0	7.0018E-6	1.0000E+0	7.0095E-12
1.0900E+5	1.0000E+0	7.0018E-6	1.0000E+0	7.1406E-12
1.0950E+5	1.0000E+0	7.0007E-6	1.0000E+0	7.3361E-12
1.1000E+5	1.0000E+0	7.0012E-6	1.0000E+0	7.1621E-12
1.1050E+5	1.0000E+0	6.9976E-6	1.0000E+0	7.3290E-12
1.1100E+5	1.0000E+0	6.9960E-6	1.0000E+0	7.1323E-12
1.1150E+5	1.0000E+0	6.9976E-6	1.0000E+0	7.1001E-12
1.1200E+5	1.0000E+0	6.9909E-6	1.0000E+0	7.0024E-12
1.1250E+5	1.0000E+0	6.9953E-6	1.0000E+0	7.0357E-12
1.1300E+5	1.0000E+0	6.9929E-6	1.0000E+0	7.1299E-12
1.1350E+5	1.0000E+0	6.9962E-6	1.0000E+0	7.1287E-12
1.1400E+5	1.0000E+0	6.9965E-6	1.0000E+0	7.3206E-12
1.1450E+5	1.0000E+0	6.9936E-6	1.0000E+0	7.2145E-12
1.1500E+5	1.0000E+0	6.9928E-6	1.0000E+0	7.2193E-12
1.1550E+5	1.0000E+0	6.9946E-6	1.0000E+0	7.2932E-12
1.1600E+5	1.0000E+0	6.9945E-6	1.0000E+0	7.2432E-12
1.1650E+5	1.0000E+0	6.9961E-6	1.0000E+0	6.9749E-12
1.1700E+5	1.0000E+0	6.9942E-6	1.0000E+0	7.1287E-12
1.1750E+5	1.0000E+0	6.9959E-6	1.0000E+0	6.9940E-12
1.1800E+5	1.0000E+0	6.9927E-6	1.0000E+0	6.9201E-12
1.1850E+5	1.0000E+0	6.9913E-6	1.0000E+0	7.0560E-12
1.1900E+5	1.0000E+0	6.9888E-6	1.0000E+0	7.2610E-12
1.1950E+5	1.0000E+0	6.9862E-6	1.0000E+0	7.1263E-12
1.2000E+5	1.0000E+0	6.9882E-6	1.0000E+0	7.0858E-12
1.2050E+5	1.0000E+0	6.9882E-6	1.0000E+0	7.1037E-12
1.2100E+5	1.0000E+0	6.9807E-6	1.0000E+0	7.1776E-12
1.2150E+5	1.0000E+0	6.9837E-6	1.0000E+0	7.1394E-12
1.2200E+5	1.0000E+0	6.9831E-6	1.0000E+0	6.9690E-12
1.2250E+5	1.0000E+0	6.9810E-6	1.0000E+0	6.9451E-12
1.2300E+5	1.0000E+0	6.9832E-6	1.0000E+0	7.0500E-12
1.2350E+5	1.0000E+0	6.9821E-6	1.0000E+0	6.9964E-12
1.2400E+5	1.0000E+0	6.9836E-6	1.0000E+0	7.3099E-12
1.2450E+5	1.0000E+0	6.9820E-6	1.0000E+0	7.4446E-12
1.2500E+5	1.0000E+0	6.9806E-6	1.0000E+0	7.2539E-12
1.2550E+5	1.0000E+0	6.9804E-6	1.0000E+0	7.2491E-12
1.2600E+5	1.0000E+0	6.9747E-6	1.0000E+0	7.0512E-12
1.2650E+5	1.0000E+0	6.9752E-6	1.0000E+0	7.1967E-12
1.2700E+5	1.0000E+0	6.9759E-6	1.0000E+0	7.3910E-12
1.2750E+5	1.0000E+0	6.9774E-6	1.0000E+0	7.3981E-12
1.2800E+5	1.0000E+0	6.9750E-6	1.0000E+0	7.1216E-12
1.2850E+5	1.0000E+0	6.9755E-6	1.0000E+0	7.0274E-12
1.2900E+5	1.0000E+0	6.9761E-6	1.0000E+0	7.0703E-12
1.2950E+5	1.0000E+0	6.9738E-6	1.0000E+0	7.1478E-12
1.3000E+5	1.0000E+0	6.9748E-6	1.0000E+0	7.0143E-12
1.3050E+5	1.0000E+0	6.9734E-6	1.0000E+0	6.8772E-12
1.3100E+5	1.0000E+0	6.9730E-6	1.0000E+0	7.1847E-12
1.3150E+5	1.0000E+0	6.9727E-6	1.0000E+0	7.1383E-12
1.3200E+5	1.0000E+0	6.9706E-6	1.0000E+0	6.9523E-12
1.3250E+5	1.0000E+0	6.9729E-6	1.0000E+0	6.9725E-12
1.3300E+5	1.0000E+0	6.9744E-6	1.0000E+0	6.8235E-12
1.3350E+5	1.0000E+0	6.9730E-6	1.0000E+0	7.0560E-12
1.3400E+5	1.0000E+0	6.9715E-6	1.0000E+0	7.0596E-12
1.3450E+5	1.0000E+0	6.9660E-6	1.0000E+0	7.2348E-12
1.3500E+5	1.0000E+0	6.9700E-6	1.0000E+0	7.0727E-12
1.3550E+5	1.0000E+0	6.9679E-6	1.0000E+0	7.0918E-12
1.3600E+5	1.0000E+0	6.9708E-6	1.0000E+0	7.2706E-12
1.3650E+5	1.0000E+0	6.9685E-6	1.0000E+0	7.1931E-12
1.3700E+5	1.0000E+0	6.9675E-6	1.0000E+0	7.2074E-12
1.3750E+5	1.0000E+0	6.9670E-6	1.0000E+0	7.3266E-12
1.3800E+5	1.0000E+0	6.9688E-6	1.0000E+0	7.2610E-12
1.3850E+5	1.0000E+0	6.9676E-6	1.0000E+0	7.2682E-12
1.3900E+5	1.0000E+0	6.9691E-6	1.0000E+0	7.0846E-12
1.3950E+5	1.0000E+0	6.9680E-6	1.0000E+0	7.1740E-12
1.4000E+5	1.0000E+0	6.9705E-6	1.0000E+0	7.0238E-12
1.4050E+5	1.0000E+0	6.9686E-6	1.0000E+0	7.1061E-12
1.4100E+5	1.0000E+0	6.9707E-6	1.0000E+0	7.1967E-12
1.4150E+5	1.0000E+0	6.9691E-6	1.0000E+0	7.2157E-12
1.4200E+5	1.0000E+0	6.9674E-6	1.0000E+0	7.1800E-12
1.4250E+5	1.0000E+0	6.9668E-6	1.0000E+0	7.0822E-12
1.4300E+5	1.0000E+0	6.9653E-6	1.0000E+0	7.0000E-12
1.4350E+5	1.0000E+0	6.9650E-6	1.0000E+0	7.3004E-12
1.4400E+5	1.0000E+0	6.9636E-6	1.0000E+0	7.1406E-12
1.4450E+5	1.0000E+0	6.9611E-6	1.0000E+0	6.9475E-12
1.4500E+5	1.0000E+0	6.9585E-6	1.0000E+0	7.1001E-12
1.4550E+5	1.0000E+0	6.9574E-6	1.0000E+0	6.8498E-12
1.4600E+5	1.0000E+0	6.9574E-6	1.0000E+0	6.9535E-12
1.4650E+5	1.0000E+0	6.9557E-6	1.0000E+0	7.1144E-12
1.4700E+5	1.0000E+0	6.9537E-6	1.0000E+0	7.2658E-12
1.4750E+5	1.0000E+0	6.9524E-6	1.0000E+0	7.1144E-12
1.4800E+5	1.0000E+0	6.9534E-6	1.0000E+0	7.0608E-12
1.4850E+5	1.0000E+0	6.9519E-6	1.0000E+0	7.1943E-12
1.4900E+5	1.0000E+0	6.9537E-6	1.0000E+0	7.1084E-12
1.4950E+5	1.0000E+0	6.9509E-6	1.0000E+0	7.0977E-12
1.5000E+5	1.0000E+0	6.9483E-6	1.0000E+0	7.2229E-12
1.5050E+5	1.0000E+0	6.9476E-6	1.0000E+0	7.0691E-12
1.5100E+5	1.0000E+0	6.9483E-6	1.0000E+0	7.2503E-12
1.5150E+5	1.0000E+0	6.9520E-6	1.0000E+0	7.1466E-12
1.5200E+5	1.0000E+0	6.9478E-6	1.0000E+0	7.1585E-12
1.5250E+5	1.0000E+0	6.9482E-6	1.0000E+0	7.1859E-12
1.5300E+5	1.0000E+0	6.9473E-6	1.0000E+0	7.3206E-12
1.5350E+5	1.0000E+0	6.9461E-6	1.0000E+0	7.2444E-12
1.5400E+5	1.0000E+0	6.9476E-6	1.0000E+0	7.3504E-12
1.5450E+5	1.0000E+0	6.9472E-6	1.0000E+0	7.1967E-12
1.5500E+5	1.0000E+0	6.9477E-6	1.0000E+0	7.3194E-12
1.5550E+5	1.0000E+0	6.9448E-6	1.0000E+0	7.3302E-12
1.5600E+5	1.0000E+0	6.9452E-6	1.0000E+0	7.7355E-12
1.5650E+5	1.0000E+0	6.9489E-6	1.0000E+0	7.0441E-12
1.5700E+5	1.0000E+0	6.9522E-6	1.0000E+0	7.0763E-12
1.5750E+5	1.0000E+0	6.9506E-6	1.0000E+0	7.1478E-12
1.5800E+5	1.0000E+0	6.9472E-6	1.0000E+0	7.2157E-12
1.5850E+5	1.0000E+0	6.9441E-6	1.0000E+0	7.4065E-12
1.5900E+5	1.0000E+0	6.9457E-6	1.0000E+0	7.2575E-12
1.5950E+5	1.0000E+0	6.9447E-6	1.0000E+0	7.4196E-12
1.6000E+5	1.0000E+0	6.9442E-6	1.0000E+0	7.2634E-12
1.6050E+5	1.0000E+0	6.9451E-6	1.0000E+0	7.2169E-12
1.6100E+5	1.0000E+0	6.9456E-6	1.0000E+0	7.5555E-12
1.6150E+5	1.0000E+0	6.9420E-6	1.0000E+0	7.2968E-12
1.6200E+5	1.0000E+0	6.9406E-6	1.0000E+0	7.2599E-12
1.6250E+5	1.0000E+0	6.9410E-6	1.0000E+0	7.1812E-12
1.6300E+5	1.0000E+0	6.9380E-6	1.0000E+0	7.2622E-12
1.6350E+5	1.0000E+0	6.9376E-6	1.0000E+0	7.1883E-12
1.6400E+5	1.0000E+0	6.9389E-6	1.0000E+0	7.1597E-12
1.6450E+5	1.0000E+0	6.9415E-6	1.0000E+0	7.1120E-12
1.6500E+5	1.0000E+0	6.9369E-6	1.0000E+0	6.9630E-12
1.6550E+5	1.0000E+0	6.9380E-6	1.0000E+0	7.1192E-12
1.6600E+5	1.0000E+0	6.9371E-6	1.0000E+0	7.3349E-12
1.6650E+5	1.0000E+0	6.9404E-6	1.0000E+0	7.1800E-12
1.6700E+5	1.0000E+0	6.9406E-6	1.0000E+0	7.3111E-12
1.6750E+5	1.0000E+0	6.9378E-6	1.0000E+0	6.9892E-12
1.6800E+5	1.0000E+0	6.9371E-6	1.0000E+0	6.8617E-12
1.6850E+5	1.0000E+0	6.9352E-6	1.0000E+0	6.7830E-12
1.6900E+5	1.0000E+0	6.9311E-6	1.0000E+0	6.8891E-12
1.6950E+5	1.0000E+0	6.9322E-6	1.0000E+0	6.7878E-12
1.7000E+5	1.0000E+0	6.9320E-6	1.0000E+0	6.9117E-12
1.7050E+5	1.0000E+0	6.9327E-6	1.0000E+0	6.8045E-12
1.7100E+5	1.0000E+0	6.9300E-6	1.0000E+0	7.1287E-12
1.7150E+5	1.0000E+0	6.9298E-6	1.0000E+0	6.9201E-12
1.7200E+5	1.0000E+0	6.9279E-6	1.0000E+0	6.7615E-12
1.7250E+5	1.0000E+0	6.9334E-6	1.0000E+0	6.7687E-12
1.7300E+5	1.0000E+0	6.9298E-6	1.0000E+0	6.7663E-12
1.7350E+5	1.0000E+0	6.9318E-6	1.0000E+0	6.8319E-12
1.7400E+5	1.0000E+0	6.9313E-6	1.0000E+0	7.0095E-12
1.7450E+5	1.0000E+0	6.9292E-6	1.0000E+0	7.2229E-12
1.7500E+5	1.0000E+0	6.9281E-6	1.0000E+0	7.1073E-12
1.7550E+5	1.0000E+0	6.9296E-6	1.0000E+0	6.7425E-12
1.7600E+5	1.0000E+0	6.9304E-6	1.0000E+0	6.8486E-12
1.7650E+5	1.0000E+0	6.9291E-6	1.0000E+0	7.2432E-12
1.7700E+5	1.0000E+0	6.9287E-6	1.0000E+0	6.7127E-12
1.7750E+5	1.0000E+0	6.9251E-6	1.0000E+0	6.6829E-12
1.7800E+5	1.0000E+0	6.9241E-6	1.0000E+0	6.6340E-12
1.7850E+5	1.0000E+0	6.9222E-6	1.0000E+0	6.7735E-12
1.7900E+5	1.0000E+0	6.9230E-6	1.0000E+0	6.9308E-12
1.7950E+5	1.0000E+0	6.9219E-6	1.0000E+0	6.8677E-12
1.8000E+5	1.0000E+0	6.9210E-6	1.0000E+0	6.9153E-12
1.8050E+5	1.0000E+0	6.9204E-6	1.0000E+0	6.9225E-12
1.8100E+5	1.0000E+0	6.9186E-6	1.0000E+0	6.8963E-12
1.8150E+5	1.0000E+0	6.9180E-6	1.0000E+0	6.7973E-12
1.8200E+5	1.0000E+0	6.9179E-6	1.0000E+0	6.9773E-12
1.8250E+5	1.0000E+0	6.9168E-6	1.0000E+0	7.0822E-12
1.8300E+5	1.0000E+0	6.9189E-6	1.0000E+0	7.0679E-12
1.8350E+5	1.0000E+0	6.9167E-6	1.0000E+0	6.8867E-12
1.8400E+5	1.0000E+0	6.9161E-6	1.0000E+0	6.8116E-12
1.8450E+5	1.0000E+0	6.9173E-6	1.0000E+0	6.8986E-12
1.8500E+5	1.0000E+0	6.9146E-6	1.0000E+0	6.7878E-12
1.8550E+5	1.0000E+0	6.9154E-6	1.0000E+0	6.7949E-12
1.8600E+5	1.0000E+0	6.9191E-6	1.0000E+0	6.7878E-12
1.8650E+5	1.0000E+0	6.9176E-6	1.0000E+0	6.8677E-12
1.8700E+5	1.0000E+0	6.9180E-6	1.0000E+0	6.9117E-12
1.8750E+5	1.0000E+0	6.9188E-6	1.0000E+0	6.8045E-12
1.8800E+5	1.0000E+0	6.9184E-6	1.0000E+0	6.8033E-12
1.8850E+5	1.0000E+0	6.9153E-6	1.0000E+0	7.0512E-12
1.8900E+5	1.0000E+0	6.9169E-6	1.0000E+0	6.9845E-12
1.8950E+5	1.0000E+0	6.9133E-6	1.0000E+0	6.7496E-12
1.9000E+5	1.0000E+0	6.9149E-6	1.0000E+0	6.7842E-12
1.9050E+5	1.0000E+0	6.9150E-6	1.0000E+0	6.8092E-12
1.9100E+5	1.0000E+0	6.9153E-6	1.0000E+0	6.6161E-12
1.9150E+5	1.0000E+0	6.9148E-6	1.0000E+0	6.6674E-12
1.9200E+5	1.0000E+0	6.9130E-6	1.0000E+0	6.8223E-12
1.9250E+5	1.0000E+0	6.9123E-6	1.0000E+0	6.6626E-12
1.9300E+5	1.0000E+0	6.9125E-6	1.0000E+0	7.0655E-12
1.9350E+5	1.0000E+0	6.9092E-6	1.0000E+0	7.0000E-12
1.9400E+5	1.0000E+0	6.9098E-6	1.0000E+0	7.3159E-12
1.9450E+5	1.0000E+0	6.9056E-6	1.0000E+0	6.8951E-12
1.9500E+5	1.0000E+0	6.9048E-6	1.0000E+0	6.8092E-12
1.9550E+5	1.0000E+0	6.9086E-6	1.0000E+0	6.9380E-12
1.9600E+5	1.0000E+0	6.9060E-6	1.0000E+0	6.6304E-12
1.9650E+5	1.0000E+0	6.9075E-6	1.0000E+0	6.7508E-12
1.9700E+5	1.0000E+0	6.9106E-6	1.0000E+0	7.0190E-12
1.9750E+5	1.0000E+0	6.9088E-6	1.0000E+0	6.8009E-12
1.9800E+5	1.0000E+0	6.9059E-6	1.0000E+0	6.9451E-12
1.9850E+5	1.0000E+0	6.9028E-6	1.0000E+0	6.9511E-12
1.9900E+5	1.0000E+0	6.9058E-6	1.0000E+0	6.8700E-12
1.9950E+5	1.0000E+0	6.9045E-6	1.0000E+0	6.8510E-12
2.0000E+5	1.0000E+0	6.9052E-6	1.0000E+0	6.8593E-12
2.0050E+5	1.0000E+0	6.9048E-6	1.0000E+0	6.8974E-12
2.0100E+5	1.0000E+0	6.9040E-6	1.0000E+0	6.9988E-12
2.0150E+5	1.0000E+0	6.9045E-6	1.0000E+0	6.9261E-12
2.0200E+5	1.0000E+0	6.9022E-6	1.0000E+0	6.8438E-12
2.0250E+5	1.0000E+0	6.9037E-6	1.0000E+0	6.9165E-12
2.0300E+5	1.0000E+0	6.8997E-6	1.0000E+0	6.8164E-12
2.0350E+5	1.0000E+0	6.8960E-6	1.0000E+0	7.0941E-12
2.0400E+5	1.0000E+0	6.8955E-6	1.0000E+0	6.6650E-12
2.0450E+5	1.0000E+0	6.8975E-6	1.0000E+0	6.8009E-12
2.0500E+5	1.0000E+0	6.8946E-6	1.0000E+0	6.8617E-12
2.0550E+5	1.0000E+0	6.8949E-6	1.0000E+0	6.7270E-12
2.0600E+5	1.0000E+0	6.8949E-6	1.0000E+0	6.8557E-12
2.0650E+5	1.0000E+0	6.8952E-6	1.0000E+0	6.8140E-12
2.0700E+5	1.0000E+0	6.8930E-6	1.0000E+0	7.0441E-12
2.0750E+5	1.0000E+0	6.8923E-6	1.0000E+0	7.2098E-12
2.0800E+5	1.0000E+0	6.8943E-6	1.0000E+0	6.9344E-12
2.0850E+5	1.0000E+0	6.8983E-6	1.0000E+0	6.7329E-12
2.0900E+5	1.0000E+0	6.8963E-6	1.0000E+0	7.0524E-12
2.0950E+5	1.0000E+0	6.8923E-6	1.0000E+0	6.6865E-12
2.1000E+5	1.0000E+0	6.8955E-6	1.0000E+0	6.9571E-12
2.1050E+5	1.0000E+0	6.8941E-6	1.0000E+0	6.8450E-12
2.1100E+5	1.0000E+0	6.8983E-6	1.0000E+0	6.8545E-12
2.1150E+5	1.0000E+0	6.8934E-6	1.0000E+0	6.7973E-12
2.1200E+5	1.0000E+0	6.8959E-6	1.0000E+0	6.7079E-12
2.1250E+5	1.0000E+0	6.8935E-6	1.0000E+0	6.6435E-12
2.1300E+5	1.0000E+0	6.8927E-6	1.0000E+0	6.7866E-12
2.1350E+5	1.0000E+0	6.8913E-6	1.0000E+0	6.5291E-12
2.1400E+5	1.0000E+0	6.8874E-6	1.0000E+0	6.6376E-12
2.1450E+5	1.0000E+0	6.8891E-6	1.0000E+0	6.5541E-12
2.1500E+5	1.0000E+0	6.8876E-6	1.0000E+0	6.8295E-12
2.1550E+5	1.0000E+0	6.8911E-6	1.0000E+0	6.6948E-12
2.1600E+5	1.0000E+0	6.8852E-6	1.0000E+0	6.5887E-12
2.1650E+5	1.0000E+0	6.8840E-6	1.0000E+0	6.6459E-12
2.1700E+5	1.0000E+0	6.8864E-6	1.0000E+0	6.5243E-12
2.1750E+5	1.0000E+0	6.8862E-6	1.0000E+0	6.6114E-12
2.1800E+5	1.0000E+0	6.8869E-6	1.0000E+0	6.5398E-12
2.1850E+5	1.0000E+0	6.8857E-6	1.0000E+0	6.5756E-12
2.1900E+5	1.0000E+0	6.8849E-6	1.0000E+0	6.5803E-12
2.1950E+5	1.0000E+0	6.8827E-6	1.0000E+0	6.4898E-12
2.2000E+5	1.0000E+0	6.8837E-6	1.0000E+0	6.4850E-12
2.2050E+5	1.0000E+0	6.8821E-6	1.0000E+0	6.5327E-12
2.2100E+5	1.0000E+0	6.8869E-6	1.0000E+0	6.7508E-12
2.2150E+5	1.0000E+0	6.8819E-6	1.0000E+0	6.8951E-12
2.2200E+5	1.0000E+0	6.8829E-6	1.0000E+0	6.8140E-12
2.2250E+5	1.0000E+0	6.8814E-6	1.0000E+0	6.6948E-12
2.2300E+5	1.0000E+0	6.8824E-6	1.0000E+0	6.8152E-12
2.2350E+5	1.0000E+0	6.8823E-6	1.0000E+0	6.5887E-12
2.2400E+5	1.0000E+0	6.8860E-6	1.0000E+0	6.4635E-12
2.2450E+5	1.0000E+0	6.8830E-6	1.0000E+0	6.7556E-12
2.2500E+5	1.0000E+0	6.8821E-6	1.0000E+0	6.9547E-12
2.2550E+5	1.0000E+0	6.8807E-6	1.0000E+0	6.9106E-12
2.2600E+5	1.0000E+0	6.8793E-6	1.0000E+0	6.6817E-12
2.2650E+5	1.0000E+0	6.8773E-6	1.0000E+0	6.5363E-12
2.2700E+5	1.0000E+0	6.8761E-6	1.0000E+0	6.8140E-12
2.2750E+5	1.0000E+0	6.8767E-6	1.0000E+0	6.6495E-12
2.2800E+5	1.0000E+0	6.8733E-6	1.0000E+0	6.6996E-12
2.2850E+5	1.0000E+0	6.8764E-6	1.0000E+0	6.7449E-12
2.2900E+5	1.0000E+0	6.8756E-6	1.0000E+0	6.7222E-12
2.2950E+5	1.0000E+0	6.8738E-6	1.0000E+0	6.5350E-12
2.3000E+5	1.0000E+0	6.8702E-6	1.0000E+0	6.6960E-12
2.3050E+5	1.0000E+0	6.8711E-6	1.0000E+0	6.9857E-12
2.3100E+5	1.0000E+0	6.8704E-6	1.0000E+0	6.6829E-12
2.3150E+5	1.0000E+0	6.8686E-6	1.0000E+0	6.7318E-12
2.3200E+5	1.0000E+0	6.8684E-6	1.0000E+0	6.4850E-12
2.3250E+5	1.0000E+0	6.8678E-6	1.0000E+0	6.5279E-12
2.3300E+5	1.0000E+0	6.8678E-6	1.0000E+0	6.6519E-12
2.3350E+5	1.0000E+0	6.8674E-6	1.0000E+0	6.4671E-12
2.3400E+5	1.0000E+0	6.8745E-6	1.0000E+0	6.7318E-12
2.3450E+5	1.0000E+0	6.8732E-6	1.0000E+0	6.6102E-12
2.3500E+5	1.0000E+0	6.8677E-6	1.0000E+0	6.8355E-12
2.3550E+5	1.0000E+0	6.8677E-6	1.0000E+0	6.6054E-12
2.3600E+5	1.0000E+0	6.8636E-6	1.0000E+0	6.4719E-12
2.3650E+5	1.0000E+0	6.8678E-6	1.0000E+0	6.6090E-12
2.3700E+5	1.0000E+0	6.8647E-6	1.0000E+0	6.6733E-12
2.3750E+5	1.0000E+0	6.8677E-6	1.0000E+0	6.5744E-12
2.3800E+5	1.0000E+0	6.8678E-6	1.0000E+0	6.6340E-12
2.3850E+5	1.0000E+0	6.8657E-6	1.0000E+0	6.6984E-12
2.3900E+5	1.0000E+0	6.8669E-6	1.0000E+0	6.5887E-12
2.3950E+5	1.0000E+0	6.8658E-6	1.0000E+0	6.4981E-12
2.4000E+5	1.0000E+0	6.8639E-6	1.0000E+0	6.5970E-12
2.4050E+5	1.0000E+0	6.8611E-6	1.0000E+0	6.7043E-12
2.4100E+5	1.0000E+0	6.8597E-6	1.0000E+0	6.7353E-12
2.4150E+5	1.0000E+0	6.8582E-6	1.0000E+0	6.5339E-12
2.4200E+5	1.0000E+0	6.8594E-6	1.0000E+0	6.6853E-12
2.4250E+5	1.0000E+0	6.8589E-6	1.0000E+0	6.9010E-12
2.4300E+5	1.0000E+0	6.8602E-6	1.0000E+0	6.6805E-12
2.4350E+5	1.0000E+0	6.8617E-6	1.0000E+0	6.7162E-12
2.4400E+5	1.0000E+0	6.8606E-6	1.0000E+0	6.7568E-12
2.4450E+5	1.0000E+0	6.8577E-6	1.0000E+0	6.5482E-12
2.4500E+5	1.0000E+0	6.8572E-6	1.0000E+0	6.5613E-12
2.4550E+5	1.0000E+0	6.8587E-6	1.0000E+0	6.7604E-12
2.4600E+5	1.0000E+0	6.8564E-6	1.0000E+0	6.4504E-12
2.4650E+5	1.0000E+0	6.8562E-6	1.0000E+0	6.4540E-12
2.4700E+5	1.0000E+0	6.8565E-6	1.0000E+0	6.6090E-12
2.4750E+5	1.0000E+0	6.8559E-6	1.0000E+0	6.8009E-12
2.4800E+5	1.0000E+0	6.8526E-6	1.0000E+0	6.6960E-12
2.4850E+5	1.0000E+0	6.8513E-6	1.0000E+0	6.7198E-12
2.4900E+5	1.0000E+0	6.8487E-6	1.0000E+0	6.7723E-12
2.4950E+5	1.0000E+0	6.8509E-6	1.0000E+0	6.6340E-12
2.5000E+5	1.0000E+0	6.8533E-6	1.0000E+0	6.4838E-12
2.5050E+5	1.0000E+0	6.8539E-6	1.0000E+0	6.5434E-12
2.5100E+5	1.0000E+0	6.8527E-6	1.0000E+0	6.5792E-12
2.5150E+5	1.0000E+0	6.8482E-6	1.0000E+0	6.5541E-12
2.5200E+5	1.0000E+0	6.8521E-6	1.0000E+0	6.5064E-12
2.5250E+5	1.0000E+0	6.8515E-6	1.0000E+0	6.5422E-12
2.5300E+5	1.0000E+0	6.8519E-6	1.0000E+0	6.6185E-12
2.5350E+5	1.0000E+0	6.8497E-6	1.0000E+0	6.5637E-12
2.5400E+5	1.0000E+0	6.8483E-6	1.0000E+0	6.5219E-12
2.5450E+5	1.0000E+0	6.8469E-6	1.0000E+0	6.3610E-12
2.5500E+5	1.0000E+0	6.8480E-6	1.0000E+0	6.4170E-12
2.5550E+5	1.0000E+0	6.8470E-6	1.0000E+0	6.4886E-12
2.5600E+5	1.0000E+0	6.8468E-6	1.0000E+0	6.6781E-12
2.5650E+5	1.0000E+0	6.8471E-6	1.0000E+0	6.6054E-12
2.5700E+5	1.0000E+0	6.8457E-6	1.0000E+0	6.4147E-12
2.5750E+5	1.0000E+0	6.8489E-6	1.0000E+0	6.4337E-12
2.5800E+5	1.0000E+0	6.8440E-6	1.0000E+0	6.5184E-12
2.5850E+5	1.0000E+0	6.8480E-6	1.0000E+0	6.4254E-12
2.5900E+5	1.0000E+0	6.8483E-6	1.0000E+0	6.3777E-12
2.5950E+5	1.0000E+0	6.8466E-6	1.0000E+0	6.4194E-12
2.6000E+5	1.0000E+0	6.8455E-6	1.0000E+0	6.3467E-12
2.6050E+5	1.0000E+0	6.8439E-6	1.0000E+0	6.3896E-12
2.6100E+5	1.0000E+0	6.8441E-6	1.0000E+0	6.5744E-12
2.6150E+5	1.0000E+0	6.8447E-6	1.0000E+0	6.4623E-12
2.6200E+5	1.0000E+0	6.8415E-6	1.0000E+0	6.4969E-12
2.6250E+5	1.0000E+0	6.8441E-6	1.0000E+0	6.5172E-12
2.6300E+5	1.0000E+0	6.8405E-6	1.0000E+0	6.7031E-12
2.6350E+5	1.0000E+0	6.8393E-6	1.0000E+0	6.5887E-12
2.6400E+5	1.0000E+0	6.8407E-6	1.0000E+0	6.6495E-12
2.6450E+5	1.0000E+0	6.8378E-6	1.0000E+0	6.3276E-12
2.6500E+5	1.0000E+0	6.8385E-6	1.0000E+0	6.4254E-12
2.6550E+5	1.0000E+0	6.8410E-6	1.0000E+0	6.4087E-12
2.6600E+5	1.0000E+0	6.8386E-6	1.0000E+0	6.4313E-12
2.6650E+5	1.0000E+0	6.8400E-6	1.0000E+0	6.6054E-12
2.6700E+5	1.0000E+0	6.8376E-6	1.0000E+0	6.5565E-12
2.6750E+5	1.0000E+0	6.8427E-6	1.0000E+0	6.6578E-12
2.6800E+5	1.0000E+0	6.8433E-6	1.0000E+0	6.5565E-12
2.6850E+5	1.0000E+0	6.8394E-6	1.0000E+0	6.3872E-12
2.6900E+5	1.0000E+0	6.8381E-6	1.0000E+0	6.7067E-12
2.6950E+5	1.0000E+0	6.8348E-6	1.0000E+0	6.7306E-12
2.7000E+5	1.0000E+0	6.8395E-6	1.0000E+0	6.5363E-12
2.7050E+5	1.0000E+0	6.8366E-6	1.0000E+0	6.3491E-12
2.7100E+5	1.0000E+0	6.8375E-6	1.0000E+0	6.5303E-12
2.7150E+5	1.0000E+0	6.8395E-6	1.0000E+0	6.1750E-12
2.7200E+5	1.0000E+0	6.8368E-6	1.0000E+0	6.5398E-12
2.7250E+5	1.0000E+0	6.8377E-6	1.0000E+0	6.8784E-12
2.7300E+5	1.0000E+0	6.8393E-6	1.0000E+0	6.4004E-12
2.7350E+5	1.0000E+0	6.8384E-6	1.0000E+0	6.4087E-12
2.7400E+5	1.0000E+0	6.8350E-6	1.0000E+0	6.4158E-12
2.7450E+5	1.0000E+0	6.8309E-6	1.0000E+0	6.3741E-12
2.7500E+5	1.0000E+0	6.8340E-6	1.0000E+0	6.6590E-12
2.7550E+5	1.0000E+0	6.8337E-6	1.0000E+0	6.7568E-12
2.7600E+5	1.0000E+0	6.8361E-6	1.0000E+0	6.6698E-12
2.7650E+5	1.0000E+0	6.8341E-6	1.0000E+0	6.4599E-12
2.7700E+5	1.0000E+0	6.8311E-6	1.0000E+0	6.3551E-12
2.7750E+5	1.0000E+0	6.8289E-6	1.0000E+0	6.5732E-12
2.7800E+5	1.0000E+0	6.8273E-6	1.0000E+0	6.3956E-12
2.7850E+5	1.0000E+0	6.8287E-6	1.0000E+0	6.5279E-12
2.7900E+5	1.0000E+0	6.8321E-6	1.0000E+0	6.7043E-12
2.7950E+5	1.0000E+0	6.8307E-6	1.0000E+0	6.2442E-12
2.8000E+5	1.0000E+0	6.8294E-6	1.0000E+0	6.3896E-12
2.8050E+5	1.0000E+0	6.8276E-6	1.0000E+0	6.4814E-12
2.8100E+5	1.0000E+0	6.8263E-6	1.0000E+0	6.2060E-12
2.8150E+5	1.0000E+0	6.8261E-6	1.0000E+0	6.4135E-12
2.8200E+5	1.0000E+0	6.8251E-6	1.0000E+0	6.5839E-12
2.8250E+5	1.0000E+0	6.8286E-6	1.0000E+0	6.5923E-12
2.8300E+5	1.0000E+0	6.8282E-6	1.0000E+0	6.5088E-12
2.8350E+5	1.0000E+0	6.8321E-6	1.0000E+0	6.5684E-12
2.8400E+5	1.0000E+0	6.8264E-6	1.0000E+0	6.5291E-12
2.8450E+5	1.0000E+0	6.8245E-6	1.0000E+0	6.4588E-12
2.8500E+5	1.0000E+0	6.8249E-6	1.0000E+0	6.4611E-12
2.8550E+5	1.0000E+0	6.8238E-6	1.0000E+0	6.6245E-12
2.8600E+5	1.0000E+0	6.8246E-6	1.0000E+0	6.4218E-12
2.8650E+5	1.0000E+0	6.8266E-6	1.0000E+0	6.4957E-12
2.8700E+5	1.0000E+0	6.8226E-6	1.0000E+0	6.5887E-12
2.8750E+5	1.0000E+0	6.8218E-6	1.0000E+0	6.4230E-12
2.8800E+5	1.0000E+0	6.8249E-6	1.0000E+0	6.4743E-12
2.8850E+5	1.0000E+0	6.8245E-6	1.0000E+0	6.4147E-12
2.8900E+5	1.0000E+0	6.8235E-6	1.0000E+0	6.2060E-12
2.8950E+5	1.0000E+0	6.8258E-6	1.0000E+0	6.1536E-12
2.9000E+5	1.0000E+0	6.8268E-6	1.0000E+0	6.4445E-12
2.9050E+5	1.0000E+0	6.8242E-6	1.0000E+0	6.2609E-12
2.9100E+5	1.0000E+0	6.8197E-6	1.0000E+0	6.3658E-12
2.9150E+5	1.0000E+0	6.8167E-6	1.0000E+0	6.2454E-12
2.9200E+5	1.0000E+0	6.8148E-6	1.0000E+0	6.4445E-12
2.9250E+5	1.0000E+0	6.8173E-6	1.0000E+0	6.1715E-12
2.9300E+5	1.0000E+0	6.8189E-6	1.0000E+0	6.1548E-12
2.9350E+5	1.0000E+0	6.8165E-6	1.0000E+0	6.0677E-12
2.9400E+5	1.0000E+0	6.8157E-6	1.0000E+0	6.1345E-12
2.9450E+5	1.0000E+0	6.8153E-6	1.0000E+0	6.1977E-12
2.9500E+5	1.0000E+0	6.8176E-6	1.0000E+0	6.0916E-12
2.9550E+5	1.0000E+0	6.8154E-6	1.0000E+0	6.0677E-12
2.9600E+5	1.0000E+0	6.8149E-6	1.0000E+0	6.3729E-12
2.9650E+5	1.0000E+0	6.8166E-6	1.0000E+0	6.3646E-12
2.9700E+5	1.0000E+0	6.8155E-6	1.0000E+0	6.4087E-12
2.9750E+5	1.0000E+0	6.8135E-6	1.0000E+0	6.2013E-12
2.9800E+5	1.0000E+0	6.8123E-6	1.0000E+0	6.4087E-12
2.9850E+5	1.0000E+0	6.8141E-6	1.0000E+0	6.1905E-12
2.9900E+5	1.0000E+0	6.8117E-6	1.0000E+0	6.2239E-12
2.9950E+5	1.0000E+0	6.8091E-6	1.0000E+0	6.5756E-12
3.0000E+5	1.0000E+0	6.8107E-6	1.0000E+0	6.3145E-12
3.0050E+5	1.0000E+0	6.8062E-6	1.0000E+0	6.3193E-12
3.0100E+5	1.0000E+0	6.8091E-6	1.0000E+0	6.3503E-12
3.0150E+5	1.0000E+0	6.8067E-6	1.0000E+0	6.4361E-12
3.0200E+5	1.0000E+0	6.8075E-6	1.0000E+0	6.3300E-12
3.0250E+5	1.0000E+0	6.8093E-6	1.0000E+0	6.3932E-12
3.0300E+5	1.0000E+0	6.8099E-6	1.0000E+0	6.5458E-12
3.0350E+5	1.0000E+0	6.8086E-6	1.0000E+0	6.4528E-12
3.0400E+5	1.0000E+0	6.8055E-6	1.0000E+0	6.6423E-12
3.0450E+5	1.0000E+0	6.8025E-6	1.0000E+0	6.6614E-12
3.0500E+5	1.0000E+0	6.8015E-6	1.0000E+0	6.3789E-12
3.0550E+5	1.0000E+0	6.8045E-6	1.0000E+0	6.4147E-12
3.0600E+5	1.0000E+0	6.8043E-6	1.0000E+0	6.4874E-12
3.0650E+5	1.0000E+0	6.8013E-6	1.0000E+0	6.3169E-12
3.0700E+5	1.0000E+0	6.8023E-6	1.0000E+0	6.2859E-12
3.0750E+5	1.0000E+0	6.8025E-6	1.0000E+0	6.1524E-12
3.0800E+5	1.0000E+0	6.8047E-6	1.0000E+0	6.4456E-12
3.0850E+5	1.0000E+0	6.8031E-6	1.0000E+0	6.8414E-12
3.0900E+5	1.0000E+0	6.8026E-6	1.0000E+0	6.4993E-12
3.0950E+5	1.0000E+0	6.8076E-6	1.0000E+0	6.5768E-12
3.1000E+5	1.0000E+0	6.8053E-6	1.0000E+0	6.4850E-12
3.1050E+5	1.0000E+0	6.8043E-6	1.0000E+0	6.4576E-12
3.1100E+5	1.0000E+0	6.8032E-6	1.0000E+0	6.2466E-12
3.1150E+5	1.0000E+0	6.8002E-6	1.0000E+0	6.4933E-12
3.1200E+5	1.0000E+0	6.8029E-6	1.0000E+0	6.3264E-12
3.1250E+5	1.0000E+0	6.8026E-6	1.0000E+0	6.2561E-12
3.1300E+5	1.0000E+0	6.8020E-6	1.0000E+0	6.4945E-12
3.1350E+5	1.0000E+0	6.7991E-6	1.0000E+0	6.3419E-12
3.1400E+5	1.0000E+0	6.8000E-6	1.0000E+0	6.4135E-12
3.1450E+5	1.0000E+0	6.7965E-6	1.0000E+0	6.7830E-12
3.1500E+5	1.0000E+0	6.7949E-6	1.0000E+0	6.2335E-12
3.1550E+5	1.0000E+0	6.7938E-6	1.0000E+0	6.3896E-12
3.1600E+5	1.0000E+0	6.7891E-6	1.0000E+0	6.4278E-12
3.1650E+5	1.0000E+0	6.7944E-6	1.0000E+0	6.5470E-12
3.1700E+5	1.0000E+0	6.7918E-6	1.0000E+0	6.3157E-12
3.1750E+5	1.0000E+0	6.7950E-6	1.0000E+0	6.3920E-12
3.1800E+5	1.0000E+0	6.7926E-6	1.0000E+0	6.2883E-12
3.1850E+5	1.0000E+0	6.7932E-6	1.0000E+0	6.3086E-12
3.1900E+5	1.0000E+0	6.7956E-6	1.0000E+0	6.2871E-12
3.1950E+5	1.0000E+0	6.7951E-6	1.0000E+0	6.2072E-12
3.2000E+5	1.0000E+0	6.7955E-6	1.0000E+0	6.1786E-12
3.2050E+5	1.0000E+0	6.7980E-6	1.0000E+0	6.3467E-12
3.2100E+5	1.0000E+0	6.7992E-6	1.0000E+0	6.4290E-12
3.2150E+5	1.0000E+0	6.7988E-6	1.0000E+0	6.4755E-12
3.2200E+5	1.0000E+0	6.7957E-6	1.0000E+0	6.3872E-12
3.2250E+5	1.0000E+0	6.7928E-6	1.0000E+0	6.4814E-12
3.2300E+5	1.0000E+0	6.7879E-6	1.0000E+0	6.3133E-12
3.2350E+5	1.0000E+0	6.7917E-6	1.0000E+0	6.5255E-12
3.2400E+5	1.0000E+0	6.7922E-6	1.0000E+0	6.4766E-12
3.2450E+5	1.0000E+0	6.7919E-6	1.0000E+0	6.5756E-12
3.2500E+5	1.0000E+0	6.7928E-6	1.0000E+0	6.7699E-12
3.2550E+5	1.0000E+0	6.7918E-6	1.0000E+0	6.5637E-12
3.2600E+5	1.0000E+0	6.7902E-6	1.0000E+0	6.5052E-12
3.2650E+5	1.0000E+0	6.7899E-6	1.0000E+0	6.7735E-12
3.2700E+5	1.0000E+0	6.7870E-6	1.0000E+0	6.5064E-12
3.2750E+5	1.0000E+0	6.7863E-6	1.0000E+0	6.3753E-12
3.2800E+5	1.0000E+0	6.7898E-6	1.0000E+0	6.5637E-12
3.2850E+5	1.0000E+0	6.7852E-6	1.0000E+0	6.4361E-12
3.2900E+5	1.0000E+0	6.7897E-6	1.0000E+0	6.4194E-12
3.2950E+5	1.0000E+0	6.7878E-6	1.0000E+0	6.3276E-12
3.3000E+5	1.0000E+0	6.7904E-6	1.0000E+0	6.3121E-12
3.3050E+5	1.0000E+0	6.7882E-6	1.0000E+0	6.4349E-12
3.3100E+5	1.0000E+0	6.7876E-6	1.0000E+0	6.6233E-12
3.3150E+5	1.0000E+0	6.7888E-6	1.0000E+0	6.5815E-12
3.3200E+5	1.0000E+0	6.7872E-6	1.0000E+0	6.3610E-12
3.3250E+5	1.0000E+0	6.7869E-6	1.0000E+0	6.4266E-12
3.3300E+5	1.0000E+0	6.7866E-6	1.0000E+0	6.3741E-12
3.3350E+5	1.0000E+0	6.7873E-6	1.0000E+0	6.2978E-12
3.3400E+5	1.0000E+0	6.7861E-6	1.0000E+0	6.4075E-12
3.3450E+5	1.0000E+0	6.7876E-6	1.0000E+0	6.4015E-12
3.3500E+5	1.0000E+0	6.7858E-6	1.0000E+0	6.1977E-12
3.3550E+5	1.0000E+0	6.7867E-6	1.0000E+0	6.2013E-12
3.3600E+5	1.0000E+0	6.7826E-6	1.0000E+0	6.3014E-12
3.3650E+5	1.0000E+0	6.7845E-6	1.0000E+0	6.3729E-12
3.3700E+5	1.0000E+0	6.7803E-6	1.0000E+0	6.4349E-12
3.3750E+5	1.0000E+0	6.7804E-6	1.0000E+0	6.1929E-12
3.3800E+5	1.0000E+0	6.7799E-6	1.0000E+0	6.3312E-12
3.3850E+5	1.0000E+0	6.7831E-6	1.0000E+0	6.2180E-12
3.3900E+5	1.0000E+0	6.7807E-6	1.0000E+0	5.9867E-12
3.3950E+5	1.0000E+0	6.7799E-6	1.0000E+0	6.1035E-12
3.4000E+5	1.0000E+0	6.7803E-6	1.0000E+0	6.0332E-12
3.4050E+5	1.0000E+0	6.7827E-6	1.0000E+0	6.1738E-12
3.4100E+5	1.0000E+0	6.7789E-6	1.0000E+0	6.1333E-12
3.4150E+5	1.0000E+0	6.7799E-6	1.0000E+0	6.1977E-12
3.4200E+5	1.0000E+0	6.7782E-6	1.0000E+0	6.4671E-12
3.4250E+5	1.0000E+0	6.7770E-6	1.0000E+0	6.1905E-12
3.4300E+5	1.0000E+0	6.7758E-6	1.0000E+0	6.2442E-12
3.4350E+5	1.0000E+0	6.7770E-6	1.0000E+0	6.3908E-12
3.4400E+5	1.0000E+0	6.7773E-6	1.0000E+0	6.3372E-12
3.4450E+5	1.0000E+0	6.7759E-6	1.0000E+0	6.2776E-12
3.4500E+5	1.0000E+0	6.7758E-6	1.0000E+0	6.2394E-12
3.4550E+5	1.0000E+0	6.7727E-6	1.0000E+0	6.1297E-12
3.4600E+5	1.0000E+0	6.7750E-6	1.0000E+0	6.2561E-12
3.4650E+5	1.0000E+0	6.7757E-6	1.0000E+0	6.0999E-12
3.4700E+5	1.0000E+0	6.7741E-6	1.0000E+0	6.1703E-12
3.4750E+5	1.0000E+0	6.7756E-6	1.0000E+0	6.1750E-12
3.4800E+5	1.0000E+0	6.7738E-6	1.0000E+0	6.3157E-12
3.4850E+5	1.0000E+0	6.7731E-6	1.0000E+0	6.2752E-12
3.4900E+5	1.0000E+0	6.7758E-6	1.0000E+0	6.3002E-12
3.4950E+5	1.0000E+0	6.7755E-6	1.0000E+0	6.2215E-12
3.5000E+5	1.0000E+0	6.7729E-6	1.0000E+0	6.1083E-12
3.5050E+5	1.0000E+0	6.7703E-6	1.0000E+0	6.0809E-12
3.5100E+5	1.0000E+0	6.7719E-6	1.0000E+0	6.3300E-12
3.5150E+5	1.0000E+0	6.7719E-6	1.0000E+0	6.3801E-12
3.5200E+5	1.0000E+0	6.7689E-6	1.0000E+0	6.2692E-12
3.5250E+5	1.0000E+0	6.7691E-6	1.0000E+0	6.3825E-12
3.5300E+5	1.0000E+0	6.7647E-6	1.0000E+0	6.2370E-12
3.5350E+5	1.0000E+0	6.7694E-6	1.0000E+0	6.1476E-12
3.5400E+5	1.0000E+0	6.7681E-6	1.0000E+0	6.3789E-12
3.5450E+5	1.0000E+0	6.7675E-6	1.0000E+0	6.5982E-12
3.5500E+5	1.0000E+0	6.7676E-6	1.0000E+0	6.2931E-12
3.5550E+5	1.0000E+0	6.7686E-6	1.0000E+0	6.3443E-12
3.5600E+5	1.0000E+0	6.7699E-6	1.0000E+0	6.2704E-12
3.5650E+5	1.0000E+0	6.7672E-6	1.0000E+0	6.2954E-12
3.5700E+5	1.0000E+0	6.7656E-6	1.0000E+0	6.2168E-12
3.5750E+5	1.0000E+0	6.7648E-6	1.0000E+0	6.3586E-12
3.5800E+5	1.0000E+0	6.7659E-6	1.0000E+0	6.3491E-12
3.5850E+5	1.0000E+0	6.7641E-6	1.0000E+0	6.4421E-12
3.5900E+5	1.0000E+0	6.7635E-6	1.0000E+0	6.2418E-12
3.5950E+5	1.0000E+0	6.7659E-6	1.0000E+0	6.1989E-12
3.6000E+5	1.0000E+0	6.7657E-6	1.0000E+0	6.3431E-12
3.6050E+5	1.0000E+0	6.7661E-6	1.0000E+0	6.4456E-12
3.6100E+5	1.0000E+0	6.7636E-6	1.0000E+0	6.3026E-12
3.6150E+5	1.0000E+0	6.7621E-6	1.0000E+0	6.4731E-12
3.6200E+5	1.0000E+0	6.7664E-6	1.0000E+0	6.2501E-12
3.6250E+5	1.0000E+0	6.7665E-6	1.0000E+0	6.4385E-12
3.6300E+5	1.0000E+0	6.7629E-6	1.0000E+0	6.1309E-12
3.6350E+5	1.0000E+0	6.7654E-6	1.0000E+0	6.2907E-12
3.6400E+5	1.0000E+0	6.7658E-6	1.0000E+0	6.2966E-12
3.6450E+5	1.0000E+0	6.7596E-6	1.0000E+0	6.2943E-12
3.6500E+5	1.0000E+0	6.7608E-6	1.0000E+0	6.1941E-12
3.6550E+5	1.0000E+0	6.7570E-6	1.0000E+0	6.3276E-12
3.6600E+5	1.0000E+0	6.7587E-6	1.0000E+0	6.5875E-12
3.6650E+5	1.0000E+0	6.7585E-6	1.0000E+0	6.1822E-12
3.6700E+5	1.0000E+0	6.7590E-6	1.0000E+0	6.4874E-12
3.6750E+5	1.0000E+0	6.7613E-6	1.0000E+0	6.4504E-12
3.6800E+5	1.0000E+0	6.7584E-6	1.0000E+0	6.3872E-12
3.6850E+5	1.0000E+0	6.7582E-6	1.0000E+0	6.4802E-12
3.6900E+5	1.0000E+0	6.7579E-6	1.0000E+0	6.5708E-12
3.6950E+5	1.0000E+0	6.7608E-6	1.0000E+0	6.3920E-12
3.7000E+5	1.0000E+0	6.7579E-6	1.0000E+0	6.5219E-12
3.7050E+5	1.0000E+0	6.7587E-6	1.0000E+0	6.4898E-12
3.7100E+5	1.0000E+0	6.7587E-6	1.0000E+0	6.6137E-12
3.7150E+5	1.0000E+0	6.7575E-6	1.0000E+0	6.3705E-12
3.7200E+5	1.0000E+0	6.7550E-6	1.0000E+0	6.4874E-12
3.7250E+5	1.0000E+0	6.7517E-6	1.0000E+0	6.3431E-12
3.7300E+5	1.0000E+0	6.7502E-6	1.0000E+0	6.3455E-12
3.7350E+5	1.0000E+0	6.7474E-6	1.0000E+0	6.5410E-12
3.7400E+5	1.0000E+0	6.7515E-6	1.0000E+0	6.3682E-12
3.7450E+5	1.0000E+0	6.7481E-6	1.0000E+0	6.2311E-12
3.7500E+5	1.0000E+0	6.7463E-6	1.0000E+0	6.3229E-12
3.7550E+5	1.0000E+0	6.7482E-6	1.0000E+0	6.2513E-12
3.7600E+5	1.0000E+0	6.7457E-6	1.0000E+0	6.2895E-12
3.7650E+5	1.0000E+0	6.7505E-6	1.0000E+0	6.1810E-12
3.7700E+5	1.0000E+0	6.7512E-6	1.0000E+0	6.3169E-12
3.7750E+5	1.0000E+0	6.7487E-6	1.0000E+0	6.3634E-12
3.7800E+5	1.0000E+0	6.7480E-6	1.0000E+0	6.3610E-12
3.7850E+5	1.0000E+0	6.7514E-6	1.0000E+0	6.3539E-12
3.7900E+5	1.0000E+0	6.7482E-6	1.0000E+0	6.2156E-12
3.7950E+5	1.0000E+0	6.7488E-6	1.0000E+0	6.1703E-12
3.8050E+5	1.0000E+0	6.7506E-6	1.0000E+0	6.3527E-12
3.8100E+5	1.0000E+0	6.7501E-6	1.0000E+0	6.6650E-12
3.8150E+5	1.0000E+0	6.7499E-6	1.0000E+0	6.5052E-12
3.8200E+5	1.0000E+0	6.7485E-6	1.0000E+0	6.2513E-12
3.8250E+5	1.0000E+0	6.7487E-6	1.0000E+0	6.2776E-12
3.8300E+5	1.0000E+0	6.7500E-6	1.0000E+0	6.3646E-12
3.8350E+5	1.0000E+0	6.7505E-6	1.0000E+0	6.3980E-12
3.8400E+5	1.0000E+0	6.7478E-6	1.0000E+0	6.1858E-12
3.8450E+5	1.0000E+0	6.7482E-6	1.0000E+0	6.2978E-12
3.8500E+5	1.0000E+0	6.7478E-6	1.0000E+0	6.4492E-12
3.8550E+5	1.0000E+0	6.7500E-6	1.0000E+0	6.2144E-12
3.8600E+5	1.0000E+0	6.7497E-6	1.0000E+0	6.3551E-12
3.8650E+5	1.0000E+0	6.7425E-6	1.0000E+0	6.4468E-12
3.8700E+5	1.0000E+0	6.7467E-6	1.0000E+0	6.2859E-12
3.8750E+5	1.0000E+0	6.7476E-6	1.0000E+0	6.3336E-12
3.8800E+5	1.0000E+0	6.7506E-6	1.0000E+0	6.3300E-12
3.8850E+5	1.0000E+0	6.7469E-6	1.0000E+0	6.3038E-12
3.8900E+5	1.0000E+0	6.7467E-6	1.0000E+0	6.1405E-12
3.8950E+5	1.0000E+0	6.7453E-6	1.0000E+0	6.2597E-12
3.9000E+5	1.0000E+0	6.7456E-6	1.0000E+0	6.3038E-12
3.9050E+5	1.0000E+0	6.7425E-6	1.0000E+0	6.1250E-12
3.9100E+5	1.0000E+0	6.7405E-6	1.0000E+0	5.9760E-12
3.9150E+5	1.0000E+0	6.7441E-6	1.0000E+0	6.0797E-12
3.9200E+5	1.0000E+0	6.7436E-6	1.0000E+0	6.0809E-12
3.9250E+5	1.0000E+0	6.7445E-6	1.0000E+0	6.2621E-12
3.9300E+5	1.0000E+0	6.7426E-6	1.0000E+0	6.2001E-12
3.9350E+5	1.0000E+0	6.7425E-6	1.0000E+0	6.1369E-12
3.9400E+5	1.0000E+0	6.7417E-6	1.0000E+0	6.1631E-12
3.9450E+5	1.0000E+0	6.7414E-6	1.0000E+0	5.9879E-12
3.9500E+5	1.0000E+0	6.7393E-6	1.0000E+0	5.9378E-12
3.9550E+5	1.0000E+0	6.7403E-6	1.0000E+0	6.1059E-12
3.9600E+5	1.0000E+0	6.7414E-6	1.0000E+0	6.1393E-12
3.9650E+5	1.0000E+0	6.7408E-6	1.0000E+0	6.0380E-12
3.9700E+5	1.0000E+0	6.7398E-6	1.0000E+0	6.2764E-12
3.9750E+5	1.0000E+0	6.7380E-6	1.0000E+0	6.1178E-12
3.9800E+5	1.0000E+0	6.7422E-6	1.0000E+0	6.1882E-12
3.9850E+5	1.0000E+0	6.7360E-6	1.0000E+0	6.3658E-12
3.9900E+5	1.0000E+0	6.7366E-6	1.0000E+0	6.4695E-12
3.9950E+5	1.0000E+0	6.7375E-6	1.0000E+0	6.2990E-12
4.0000E+5	1.0000E+0	6.7406E-6	1.0000E+0	6.2335E-12
4.0050E+5	1.0000E+0	6.7406E-6	1.0000E+0	6.1643E-12
4.0100E+5	1.0000E+0	6.7383E-6	1.0000E+0	6.2704E-12
4.0150E+5	1.0000E+0	6.7390E-6	1.0000E+0	6.0630E-12
4.0200E+5	1.0000E+0	6.7393E-6	1.0000E+0	6.2704E-12
4.0250E+5	1.0000E+0	6.7361E-6	1.0000E+0	6.3396E-12
4.0300E+5	1.0000E+0	6.7344E-6	1.0000E+0	6.2382E-12
4.0350E+5	1.0000E+0	6.7310E-6	1.0000E+0	6.2847E-12
4.0400E+5	1.0000E+0	6.7310E-6	1.0000E+0	6.2895E-12
4.0450E+5	1.0000E+0	6.7331E-6	1.0000E+0	6.2108E-12
4.0500E+5	1.0000E+0	6.7306E-6	1.0000E+0	6.0976E-12
4.0550E+5	1.0000E+0	6.7364E-6	1.0000E+0	6.1131E-12
4.0600E+5	1.0000E+0	6.7308E-6	1.0000E+0	6.2299E-12
4.0650E+5	1.0000E+0	6.7306E-6	1.0000E+0	6.2573E-12
4.0700E+5	1.0000E+0	6.7325E-6	1.0000E+0	6.2358E-12
4.0750E+5	1.0000E+0	6.7336E-6	1.0000E+0	6.1131E-12
4.0800E+5	1.0000E+0	6.7334E-6	1.0000E+0	6.1202E-12
4.0850E+5	1.0000E+0	6.7322E-6	1.0000E+0	6.2728E-12
4.0900E+5	1.0000E+0	6.7282E-6	1.0000E+0	6.3086E-12
4.0950E+5	1.0000E+0	6.7310E-6	1.0000E+0	-1.4492E-11
4.1000E+5	1.0000E+0	6.7275E-6	1.0000E+0	-3.2175E-11
4.1050E+5	1.0000E+0	6.7259E-6	1.0000E+0	-3.9561E-11
4.1100E+5	1.0000E+0	6.7214E-6	1.0000E+0	-4.2787E-11
4.1150E+5	1.0000E+0	6.7201E-6	1.0000E+0	-4.5273E-11
4.1200E+5	1.0000E+0	6.7228E-6	1.0000E+0	-4.6314E-11
4.1250E+5	1.0000E+0	6.7182E-6	1.0000E+0	-4.7086E-11
4.1300E+5	1.0000E+0	6.7191E-6	1.0000E+0	-4.7361E-11
4.1350E+5	1.0000E+0	6.7181E-6	1.0000E+0	-4.7977E-11
4.1400E+5	1.0000E+0	6.7179E-6	1.0000E+0	-4.8552E-11
4.1450E+5	1.0000E+0	6.7123E-6	1.0000E+0	-4.8265E-11
4.1500E+5	1.0000E+0	6.7099E-6	1.0000E+0	-4.8741E-11
4.1550E+5	1.0000E+0	6.7070E-6	1.0000E+0	-4.8469E-11
4.1600E+5	1.0000E+0	6.7059E-6	1.0000E+0	-4.8402E-11
4.1650E+5	1.0000E+0	6.7012E-6	1.0000E+0	-4.7799E-11
4.1700E+5	1.0000E+0	6.6999E-6	1.0000E+0	-4.7436E-11
4.1750E+5	1.0000E+0	6.6985E-6	1.0000E+0	-4.6743E-11
4.1800E+5	1.0000E+0	6.6963E-6	1.0000E+0	-4.6402E-11
4.1850E+5	1.0000E+0	6.6951E-6	1.0000E+0	-4.5440E-11
4.1900E+5	1.0000E+0	6.6904E-6	1.0000E+0	-4.5297E-11
4.1950E+5	1.0000E+0	6.6876E-6	1.0000E+0	-1.5789E-11
4.2000E+5	1.0000E+0	6.6841E-6	1.0000E+0	5.3418E-12
4.2050E+5	1.0000E+0	6.6873E-6	1.0000E+0	6.3038E-12
4.2100E+5	1.0000E+0	6.6822E-6	1.0000E+0	6.5350E-12
4.2150E+5	1.0000E+0	6.6833E-6	1.0000E+0	6.6006E-12
4.2200E+5	1.0000E+0	6.6821E-6	1.0000E+0	6.4063E-12
4.2250E+5	1.0000E+0	6.6790E-6	1.0000E+0	6.4778E-12
4.2300E+5	1.0000E+0	6.6810E-6	1.0000E+0	6.3264E-12
4.2350E+5	1.0000E+0	6.6789E-6	1.0000E+0	6.4254E-12
4.2400E+5	1.0000E+0	6.6780E-6	1.0000E+0	6.4933E-12
4.2450E+5	1.0000E+0	6.6715E-6	1.0000E+0	6.2692E-12
4.2500E+5	1.0000E+0	6.6737E-6	1.0000E+0	6.2847E-12
4.2550E+5	1.0000E+0	6.6720E-6	1.0000E+0	6.1846E-12
4.2600E+5	1.0000E+0	6.6687E-6	1.0000E+0	6.1858E-12
4.2650E+5	1.0000E+0	6.6692E-6	1.0000E+0	6.0666E-12
4.2700E+5	1.0000E+0	6.6689E-6	1.0000E+0	6.2144E-12
4.2750E+5	1.0000E+0	6.6681E-6	1.0000E+0	6.1107E-12
4.2800E+5	1.0000E+0	6.6667E-6	1.0000E+0	6.2561E-12
4.2850E+5	1.0000E+0	6.6666E-6	1.0000E+0	6.2227E-12
4.2900E+5	1.0000E+0	6.6645E-6	1.0000E+0	6.3622E-12
4.2950E+5	1.0000E+0	6.6651E-6	1.0000E+0	-2.7904E-11
4.3000E+5	1.0000E+0	6.6617E-6	1.0000E+0	-4.1476E-11
4.3050E+5	1.0000E+0	6.6601E-6	1.0000E+0	-4.1718E-11
4.3100E+5	1.0000E+0	6.6603E-6	1.0000E+0	-4.1009E-11
4.3150E+5	1.0000E+0	6.6579E-6	1.0000E+0	-4.0153E-11
4.3200E+5	1.0000E+0	6.6543E-6	1.0000E+0	-3.9661E-11
4.3250E+5	1.0000E+0	6.6517E-6	1.0000E+0	-3.8966E-11
4.3300E+5	1.0000E+0	6.6518E-6	1.0000E+0	-3.7997E-11
4.3350E+5	1.0000E+0	6.6466E-6	1.0000E+0	-3.7222E-11
4.3400E+5	1.0000E+0	6.6431E-6	1.0000E+0	-3.6348E-11
4.3450E+5	1.0000E+0	6.6434E-6	1.0000E+0	-3.5222E-11
4.3500E+5	1.0000E+0	6.6411E-6	1.0000E+0	-3.4467E-11
4.3550E+5	1.0000E+0	6.6354E-6	1.0000E+0	-3.3778E-11
4.3600E+5	1.0000E+0	6.6357E-6	1.0000E+0	-3.2728E-11
4.3650E+5	1.0000E+0	6.6317E-6	1.0000E+0	-3.1976E-11
4.3700E+5	1.0000E+0	6.6302E-6	1.0000E+0	-3.0709E-11
4.3750E+5	1.0000E+0	6.6309E-6	1.0000E+0	-2.9793E-11
4.3800E+5	1.0000E+0	6.6278E-6	1.0000E+0	-2.9000E-11
4.3850E+5	1.0000E+0	6.6279E-6	1.0000E+0	-2.7640E-11
4.3900E+5	1.0000E+0	6.6255E-6	1.0000E+0	-2.6910E-11
4.3950E+5	1.0000E+0	6.6218E-6	1.0000E+0	-1.0643E-11
4.4000E+5	1.0000E+0	6.6210E-6	1.0000E+0	5.5587E-12
4.4050E+5	1.0000E+0	6.6164E-6	1.0000E+0	6.3097E-12
4.4100E+5	1.0000E+0	6.6173E-6	1.0000E+0	6.4552E-12
4.4150E+5	1.0000E+0	6.6125E-6	1.0000E+0	6.3396E-12
4.4200E+5	1.0000E+0	6.6089E-6	1.0000E+0	6.3968E-12
4.4250E+5	1.0000E+0	6.6103E-6	1.0000E+0	6.4790E-12
4.4300E+5	1.0000E+0	6.6087E-6	1.0000E+0	6.6483E-12
4.4350E+5	1.0000E+0	6.6051E-6	1.0000E+0	6.4671E-12
4.4400E+5	1.0000E+0	6.6071E-6	1.0000E+0	6.6674E-12
4.4450E+5	1.0000E+0	6.6040E-6	1.0000E+0	6.6268E-12
4.4500E+5	1.0000E+0	6.6044E-6	1.0000E+0	6.5064E-12
4.4550E+5	1.0000E+0	6.5999E-6	1.0000E+0	6.7174E-12
4.4600E+5	1.0000E+0	6.6024E-6	1.0000E+0	6.6912E-12
4.4650E+5	1.0000E+0	6.6035E-6	1.0000E+0	6.6900E-12
4.4700E+5	1.0000E+0	6.5989E-6	1.0000E+0	6.6233E-12
4.4750E+5	1.0000E+0	6.6022E-6	1.0000E+0	6.5696E-12
4.4800E+5	1.0000E+0	6.5945E-6	1.0000E+0	6.6078E-12
4.4850E+5	1.0000E+0	6.5951E-6	1.0000E+0	6.4814E-12
4.4900E+5	1.0000E+0	6.5930E-6	1.0000E+0	6.6423E-12
4.4950E+5	1.0000E+0	6.5897E-6	1.0000E+0	-1.4112E-11
4.5000E+5	1.0000E+0	6.5873E-6	1.0000E+0	-2.3899E-11
4.5050E+5	1.0000E+0	6.5863E-6	1.0000E+0	-2.3502E-11
4.5100E+5	1.0000E+0	6.5819E-6	1.0000E+0	-2.2803E-11
4.5150E+5	1.0000E+0	6.5804E-6	1.0000E+0	-2.1615E-11
4.5200E+5	1.0000E+0	6.5798E-6	1.0000E+0	-2.0701E-11
4.5250E+5	1.0000E+0	6.5759E-6	1.0000E+0	-1.9597E-11
4.5300E+5	1.0000E+0	6.5738E-6	1.0000E+0	-1.8594E-11
4.5350E+5	1.0000E+0	6.5701E-6	1.0000E+0	-1.7488E-11
4.5400E+5	1.0000E+0	6.5663E-6	1.0000E+0	-1.6434E-11
4.5450E+5	1.0000E+0	6.5684E-6	1.0000E+0	-1.5128E-11
4.5500E+5	1.0000E+0	6.5616E-6	1.0000E+0	-1.3717E-11
4.5550E+5	1.0000E+0	6.5578E-6	1.0000E+0	-1.2429E-11
4.5600E+5	1.0000E+0	6.5576E-6	1.0000E+0	-1.1689E-11
4.5650E+5	1.0000E+0	6.5535E-6	1.0000E+0	-1.0451E-11
4.5700E+5	1.0000E+0	6.5514E-6	1.0000E+0	-9.3281E-12
4.5750E+5	1.0000E+0	6.5482E-6	1.0000E+0	-8.1408E-12
4.5800E+5	1.0000E+0	6.5463E-6	1.0000E+0	-7.0095E-12
4.5850E+5	1.0000E+0	6.5404E-6	1.0000E+0	-5.8579E-12
4.5900E+5	1.0000E+0	6.5397E-6	1.0000E+0	-4.6217E-12
4.5950E+5	1.0000E+0	6.5342E-6	1.0000E+0	1.4579E-12
4.6000E+5	1.0000E+0	6.5353E-6	1.0000E+0	6.5792E-12
4.6050E+5	1.0000E+0	6.5318E-6	1.0000E+0	6.9749E-12
4.6100E+5	1.0000E+0	6.5302E-6	1.0000E+0	7.0190E-12
4.6150E+5	1.0000E+0	6.5261E-6	1.0000E+0	7.0894E-12
4.6200E+5	1.0000E+0	6.5286E-6	1.0000E+0	6.9332E-12
4.6250E+5	1.0000E+0	6.5234E-6	1.0000E+0	6.7556E-12
4.6300E+5	1.0000E+0	6.5213E-6	1.0000E+0	6.9344E-12
4.6350E+5	1.0000E+0	6.5234E-6	1.0000E+0	7.0489E-12
4.6400E+5	1.0000E+0	6.5213E-6	1.0000E+0	7.0095E-12
4.6450E+5	1.0000E+0	6.5206E-6	1.0000E+0	7.1037E-12
4.6500E+5	1.0000E+0	6.5179E-6	1.0000E+0	6.9606E-12
4.6550E+5	1.0000E+0	6.5153E-6	1.0000E+0	7.2217E-12
4.6600E+5	1.0000E+0	6.5136E-6	1.0000E+0	7.1824E-12
4.6650E+5	1.0000E+0	6.5187E-6	1.0000E+0	6.8521E-12
4.6700E+5	1.0000E+0	6.5142E-6	1.0000E+0	6.9690E-12
4.6750E+5	1.0000E+0	6.5128E-6	1.0000E+0	7.1502E-12
4.6800E+5	1.0000E+0	6.5101E-6	1.0000E+0	7.0906E-12
4.6850E+5	1.0000E+0	6.5110E-6	1.0000E+0	6.9404E-12
4.6900E+5	1.0000E+0	6.5118E-6	1.0000E+0	7.0620E-12
4.6950E+5	1.0000E+0	6.5070E-6	1.0000E+0	1.3721E-12
4.7000E+5	1.0000E+0	6.5046E-6	1.0000E+0	-1.6320E-12
4.7050E+5	1.0000E+0	6.5076E-6	1.0000E+0	-1.0037E-12
4.7100E+5	1.0000E+0	6.5032E-6	1.0000E+0	-2.0623E-13
4.7150E+5	1.0000E+0	6.4984E-6	1.0000E+0	8.9645E-13
4.7200E+5	1.0000E+0	6.4964E-6	1.0000E+0	2.2030E-12
4.7250E+5	1.0000E+0	6.4925E-6	1.0000E+0	3.1590E-12
4.7300E+5	1.0000E+0	6.4915E-6	1.0000E+0	4.0901E-12
4.7350E+5	1.0000E+0	6.4910E-6	1.0000E+0	5.0855E-12
4.7400E+5	1.0000E+0	6.4868E-6	1.0000E+0	6.6519E-12
4.7450E+5	1.0000E+0	6.4872E-6	1.0000E+0	7.6234E-12
4.7500E+5	1.0000E+0	6.4859E-6	1.0000E+0	8.9812E-12
4.7550E+5	1.0000E+0	6.4811E-6	1.0000E+0	1.0198E-11
4.7600E+5	1.0000E+0	6.4790E-6	1.0000E+0	1.1001E-11
4.7650E+5	1.0000E+0	6.4746E-6	1.0000E+0	1.2238E-11
4.7700E+5	1.0000E+0	6.4730E-6	1.0000E+0	1.3527E-11
4.7750E+5	1.0000E+0	6.4720E-6	1.0000E+0	1.4323E-11
4.7800E+5	1.0000E+0	6.4692E-6	1.0000E+0	1.5675E-11
4.7850E+5	1.0000E+0	6.4664E-6	1.0000E+0	1.6820E-11
4.7900E+5	1.0000E+0	6.4635E-6	1.0000E+0	1.8197E-11
4.7950E+5	1.0000E+0	6.4580E-6	1.0000E+0	1.8151E-11
4.8000E+5	1.0000E+0	6.4592E-6	1.0000E+0	7.8821E-12
4.8050E+5	1.0000E+0	6.4563E-6	1.0000E+0	7.1824E-12
4.8100E+5	1.0000E+0	6.4589E-6	1.0000E+0	7.2336E-12
4.8150E+5	1.0000E+0	6.4557E-6	1.0000E+0	7.2074E-12
4.8200E+5	1.0000E+0	6.4570E-6	1.0000E+0	7.0417E-12
4.8250E+5	1.0000E+0	6.4495E-6	1.0000E+0	6.8259E-12
4.8300E+5	1.0000E+0	6.4506E-6	1.0000E+0	6.7663E-12
4.8350E+5	1.0000E+0	6.4486E-6	1.0000E+0	6.3705E-12
4.8400E+5	1.0000E+0	6.4494E-6	1.0000E+0	6.2060E-12
4.8450E+5	1.0000E+0	6.4488E-6	1.0000E+0	5.9211E-12
4.8500E+5	1.0000E+0	6.4453E-6	1.0000E+0	6.0093E-12
4.8550E+5	1.0000E+0	6.4437E-6	1.0000E+0	5.8329E-12
4.8600E+5	1.0000E+0	6.4447E-6	1.0000E+0	5.7232E-12
4.8650E+5	1.0000E+0	6.4442E-6	1.0000E+0	6.0237E-12
4.8700E+5	1.0000E+0	6.4401E-6	1.0000E+0	5.7280E-12
4.8750E+5	1.0000E+0	6.4389E-6	1.0000E+0	5.8067E-12
4.8800E+5	1.0000E+0	6.4386E-6	1.0000E+0	5.8520E-12
4.8850E+5	1.0000E+0	6.4381E-6	1.0000E+0	5.6708E-12
4.8900E+5	1.0000E+0	6.4340E-6	1.0000E+0	5.7685E-12
4.8950E+5	1.0000E+0	6.4337E-6	1.0000E+0	5.8448E-12
4.9000E+5	1.0000E+0	6.4325E-6	1.0000E+0	5.6589E-12
4.9050E+5	1.0000E+0	6.4306E-6	1.0000E+0	6.0797E-12
4.9100E+5	1.0000E+0	6.4340E-6	1.0000E+0	5.8127E-12
4.9150E+5	1.0000E+0	6.4325E-6	1.0000E+0	5.7995E-12
4.9200E+5	1.0000E+0	6.4299E-6	1.0000E+0	5.8103E-12
4.9250E+5	1.0000E+0	6.4293E-6	1.0000E+0	5.8448E-12
4.9300E+5	1.0000E+0	6.4265E-6	1.0000E+0	5.6958E-12
4.9350E+5	1.0000E+0	6.4280E-6	1.0000E+0	5.5754E-12
4.9400E+5	1.0000E+0	6.4249E-6	1.0000E+0	5.7471E-12
4.9450E+5	1.0000E+0	6.4248E-6	1.0000E+0	5.6195E-12
4.9500E+5	1.0000E+0	6.4222E-6	1.0000E+0	5.8484E-12
4.9550E+5	1.0000E+0	6.4223E-6	1.0000E+0	5.7161E-12
4.9600E+5	1.0000E+0	6.4258E-6	1.0000E+0	5.6529E-12
4.9650E+5	1.0000E+0	6.4231E-6	1.0000E+0	5.6302E-12
4.9700E+5	1.0000E+0	6.4228E-6	1.0000E+0	5.7530E-12
4.9750E+5	1.0000E+0	6.4249E-6	1.0000E+0	5.8425E-12
4.9800E+5	1.0000E+0	6.4254E-6	1.0000E+0	5.8496E-12
4.9850E+5	1.0000E+0	6.4208E-6	1.0000E+0	5.6684E-12
4.9900E+5	1.0000E+0	6.4190E-6	1.0000E+0	5.7495E-12
4.9950E+5	1.0000E+0	6.4182E-6	1.0000E+0	5.8377E-12
5.0000E+5	1.0000E+0	6.4164E-6	1.0000E+0	5.8591E-12
5.0050E+5	1.0000E+0	6.4170E-6	1.0000E+0	5.9950E-12
5.0100E+5	1.0000E+0	6.4161E-6	1.0000E+0	6.1762E-12
5.0150E+5	1.0000E+0	6.4169E-6	1.0000E+0	5.8746E-12
5.0200E+5	1.0000E+0	6.4169E-6	1.0000E+0	5.8913E-12
5.0250E+5	1.0000E+0	6.4130E-6	1.0000E+0	5.8663E-12
5.0300E+5	1.0000E+0	6.4147E-6	1.0000E+0	6.1107E-12
5.0350E+5	1.0000E+0	6.4110E-6	1.0000E+0	6.2168E-12
5.0400E+5	1.0000E+0	6.4129E-6	1.0000E+0	6.1214E-12
5.0450E+5	1.0000E+0	6.4139E-6	1.0000E+0	6.0809E-12
5.0500E+5	1.0000E+0	6.4114E-6	1.0000E+0	5.9462E-12
5.0550E+5	1.0000E+0	6.4124E-6	1.0000E+0	5.7733E-12
5.0600E+5	1.0000E+0	6.4127E-6	1.0000E+0	5.9009E-12
5.0650E+5	1.0000E+0	6.4115E-6	1.0000E+0	5.8353E-12
5.0700E+5	1.0000E+0	6.4115E-6	1.0000E+0	5.9056E-12
5.0750E+5	1.0000E+0	6.4107E-6	1.0000E+0	5.9509E-12
5.0800E+5	1.0000E+0	6.4068E-6	1.0000E+0	2.0853E-11
5.0850E+5	1.0000E+0	6.4080E-6	1.0000E+0	2.3797E-11
5.0900E+5	1.0000E+0	6.4059E-6	1.0000E+0	2.4486E-11
5.0950E+5	1.0000E+0	6.4066E-6	1.0000E+0	2.5787E-11
5.1000E+5	1.0000E+0	6.4037E-6	1.0000E+0	2.6457E-11
5.1050E+5	1.0000E+0	6.4010E-6	1.0000E+0	2.7188E-11
5.1100E+5	1.0000E+0	6.3983E-6	1.0000E+0	2.8111E-11
5.1150E+5	1.0000E+0	6.3988E-6	1.0000E+0	2.8762E-11
5.1200E+5	1.0000E+0	6.3976E-6	1.0000E+0	2.9485E-11
5.1250E+5	1.0000E+0	6.3952E-6	1.0000E+0	3.0527E-11
5.1300E+5	1.0000E+0	6.3945E-6	1.0000E+0	3.1288E-11
5.1350E+5	1.0000E+0	6.3908E-6	1.0000E+0	3.2197E-11
5.1400E+5	1.0000E+0	6.3875E-6	1.0000E+0	3.2895E-11
5.1450E+5	1.0000E+0	6.3882E-6	1.0000E+0	3.4188E-11
5.1500E+5	1.0000E+0	6.3845E-6	1.0000E+0	3.5148E-11
5.1550E+5	1.0000E+0	6.3812E-6	1.0000E+0	3.5890E-11
5.1600E+5	1.0000E+0	6.3830E-6	1.0000E+0	3.6730E-11
5.1650E+5	1.0000E+0	6.3756E-6	1.0000E+0	3.7572E-11
5.1700E+5	1.0000E+0	6.3725E-6	1.0000E+0	3.8344E-11
5.1750E+5	1.0000E+0	6.3718E-6	1.0000E+0	3.9178E-11
5.1800E+5	1.0000E+0	6.3666E-6	1.0000E+0	1.3105E-11
5.1850E+5	1.0000E+0	6.3625E-6	1.0000E+0	6.4659E-12
5.1900E+5	1.0000E+0	6.3640E-6	1.0000E+0	6.3920E-12
5.1950E+5	1.0000E+0	6.3629E-6	1.0000E+0	6.1870E-12
5.2000E+5	1.0000E+0	6.3630E-6	1.0000E+0	6.0976E-12
5.2050E+5	1.0000E+0	6.3605E-6	1.0000E+0	6.4707E-12
5.2100E+5	1.0000E+0	6.3592E-6	1.0000E+0	6.3097E-12
5.2150E+5	1.0000E+0	6.3577E-6	1.0000E+0	6.1786E-12
5.2200E+5	1.0000E+0	6.3589E-6	1.0000E+0	6.2656E-12
5.2250E+5	1.0000E+0	6.3601E-6	1.0000E+0	6.1595E-12
5.2300E+5	1.0000E+0	6.3590E-6	1.0000E+0	6.1846E-12
5.2350E+5	1.0000E+0	6.3541E-6	1.0000E+0	6.0952E-12
5.2400E+5	1.0000E+0	6.3569E-6	1.0000E+0	6.1357E-12
5.2450E+5	1.0000E+0	6.3556E-6	1.0000E+0	6.2132E-12
5.2500E+5	1.0000E+0	6.3557E-6	1.0000E+0	6.2311E-12
5.2550E+5	1.0000E+0	6.3555E-6	1.0000E+0	6.6948E-12
5.2600E+5	1.0000E+0	6.3536E-6	1.0000E+0	6.2394E-12
5.2650E+5	1.0000E+0	6.3515E-6	1.0000E+0	6.3777E-12
5.2700E+5	1.0000E+0	6.3519E-6	1.0000E+0	6.2752E-12
5.2750E+5	1.0000E+0	6.3517E-6	1.0000E+0	6.4671E-12
5.2800E+5	1.0000E+0	6.3490E-6	1.0000E+0	3.7183E-11
5.2850E+5	1.0000E+0	6.3503E-6	1.0000E+0	4.2272E-11
5.2900E+5	1.0000E+0	6.3501E-6	1.0000E+0	4.3217E-11
5.2950E+5	1.0000E+0	6.3492E-6	1.0000E+0	4.3940E-11
5.3000E+5	1.0000E+0	6.3493E-6	1.0000E+0	4.4758E-11
5.3050E+5	1.0000E+0	6.3515E-6	1.0000E+0	4.5627E-11
5.3100E+5	1.0000E+0	6.3496E-6	1.0000E+0	4.6560E-11
5.3150E+5	1.0000E+0	6.3460E-6	1.0000E+0	4.7613E-11
5.3200E+5	1.0000E+0	6.3451E-6	1.0000E+0	4.8113E-11
5.3250E+5	1.0000E+0	6.3432E-6	1.0000E+0	4.9464E-11
5.3300E+5	1.0000E+0	6.3372E-6	1.0000E+0	5.0203E-11
5.3350E+5	1.0000E+0	6.3360E-6	1.0000E+0	5.1187E-11
5.3400E+5	1.0000E+0	6.3362E-6	1.0000E+0	5.1893E-11
5.3450E+5	1.0000E+0	6.3330E-6	1.0000E+0	5.2739E-11
5.3500E+5	1.0000E+0	6.3307E-6	1.0000E+0	5.3977E-11
5.3550E+5	1.0000E+0	6.3333E-6	1.0000E+0	5.5091E-11
5.3600E+5	1.0000E+0	6.3274E-6	1.0000E+0	5.5822E-11
5.3650E+5	1.0000E+0	6.3252E-6	1.0000E+0	5.6682E-11
5.3700E+5	1.0000E+0	6.3199E-6	1.0000E+0	5.7606E-11
5.3750E+5	1.0000E+0	6.3201E-6	1.0000E+0	5.8457E-11
5.3800E+5	1.0000E+0	6.3159E-6	1.0000E+0	1.9288E-11
5.3850E+5	1.0000E+0	6.3143E-6	1.0000E+0	6.7818E-12
5.3900E+5	1.0000E+0	6.3150E-6	1.0000E+0	6.1929E-12
5.3950E+5	1.0000E+0	6.3111E-6	1.0000E+0	6.7139E-12
5.4000E+5	1.0000E+0	6.3108E-6	1.0000E+0	6.4993E-12
5.4050E+5	1.0000E+0	6.3085E-6	1.0000E+0	6.3825E-12
5.4100E+5	1.0000E+0	6.3069E-6	1.0000E+0	6.3837E-12
5.4150E+5	1.0000E+0	6.3027E-6	1.0000E+0	6.2609E-12
5.4200E+5	1.0000E+0	6.3006E-6	1.0000E+0	6.2692E-12
5.4250E+5	1.0000E+0	6.3027E-6	1.0000E+0	6.4063E-12
5.4300E+5	1.0000E+0	6.3013E-6	1.0000E+0	6.4254E-12
5.4350E+5	1.0000E+0	6.3013E-6	1.0000E+0	6.4397E-12
5.4400E+5	1.0000E+0	6.3031E-6	1.0000E+0	6.6435E-12
5.4450E+5	1.0000E+0	6.3006E-6	1.0000E+0	6.4063E-12
5.4500E+5	1.0000E+0	6.2986E-6	1.0000E+0	6.3050E-12
5.4550E+5	1.0000E+0	6.2961E-6	1.0000E+0	6.4707E-12
5.4600E+5	1.0000E+0	6.2985E-6	1.0000E+0	6.5637E-12
5.4650E+5	1.0000E+0	6.2974E-6	1.0000E+0	6.5851E-12
5.4700E+5	1.0000E+0	6.2962E-6	1.0000E+0	6.3944E-12
5.4750E+5	1.0000E+0	6.2944E-6	1.0000E+0	6.5565E-12
5.4800E+5	1.0000E+0	6.2937E-6	1.0000E+0	5.1507E-11
5.4850E+5	1.0000E+0	6.2918E-6	1.0000E+0	6.0812E-11
5.4900E+5	1.0000E+0	6.2905E-6	1.0000E+0	6.1582E-11
5.4950E+5	1.0000E+0	6.2893E-6	1.0000E+0	6.2708E-11
5.5000E+5	1.0000E+0	6.2898E-6	1.0000E+0	6.3598E-11
5.5050E+5	1.0000E+0	6.2886E-6	1.0000E+0	6.4374E-11
5.5100E+5	1.0000E+0	6.2856E-6	1.0000E+0	6.4992E-11
5.5150E+5	1.0000E+0	6.2862E-6	1.0000E+0	6.6055E-11
5.5200E+5	1.0000E+0	6.2871E-6	1.0000E+0	6.6965E-11
5.5250E+5	1.0000E+0	6.2857E-6	1.0000E+0	6.7877E-11
5.5300E+5	1.0000E+0	6.2833E-6	1.0000E+0	6.8809E-11
5.5350E+5	1.0000E+0	6.2808E-6	1.0000E+0	6.9894E-11
5.5400E+5	1.0000E+0	6.2788E-6	1.0000E+0	7.0813E-11
5.5450E+5	1.0000E+0	6.2794E-6	1.0000E+0	7.1533E-11
5.5500E+5	1.0000E+0	6.2762E-6	1.0000E+0	7.2626E-11
5.5550E+5	1.0000E+0	6.2766E-6	1.0000E+0	7.3372E-11
5.5600E+5	1.0000E+0	6.2742E-6	1.0000E+0	7.4571E-11
5.5650E+5	1.0000E+0	6.2725E-6	1.0000E+0	7.5548E-11
5.5700E+5	1.0000E+0	6.2701E-6	1.0000E+0	7.6574E-11
5.5750E+5	1.0000E+0	6.2680E-6	1.0000E+0	7.7335E-11
5.5800E+5	1.0000E+0	6.2669E-6	1.0000E+0	2.7249E-11
5.5850E+5	1.0000E+0	6.2695E-6	1.0000E+0	7.5865E-12
5.5900E+5	1.0000E+0	6.2673E-6	1.0000E+0	6.9261E-12
5.5950E+5	1.0000E+0	6.2621E-6	1.0000E+0	6.6614E-12
5.6000E+5	1.0000E+0	6.2610E-6	1.0000E+0	6.9082E-12
5.6050E+5	1.0000E+0	6.2602E-6	1.0000E+0	6.8653E-12
5.6100E+5	1.0000E+0	6.2574E-6	1.0000E+0	7.0310E-12
5.6150E+5	1.0000E+0	6.2609E-6	1.0000E+0	6.8557E-12
5.6200E+5	1.0000E+0	6.2584E-6	1.0000E+0	6.8474E-12
5.6250E+5	1.0000E+0	6.2575E-6	1.0000E+0	6.8414E-12
5.6300E+5	1.0000E+0	6.2556E-6	1.0000E+0	6.9106E-12
5.6350E+5	1.0000E+0	6.2548E-6	1.0000E+0	6.9654E-12
5.6400E+5	1.0000E+0	6.2544E-6	1.0000E+0	6.9678E-12
5.6450E+5	1.0000E+0	6.2533E-6	1.0000E+0	6.7926E-12
5.6500E+5	1.0000E+0	6.2530E-6	1.0000E+0	6.5958E-12
5.6550E+5	1.0000E+0	6.2490E-6	1.0000E+0	6.8665E-12
5.6600E+5	1.0000E+0	6.2449E-6	1.0000E+0	6.7985E-12
5.6650E+5	1.0000E+0	6.2453E-6	1.0000E+0	6.8784E-12
5.6700E+5	1.0000E+0	6.2439E-6	1.0000E+0	6.7639E-12
5.6750E+5	1.0000E+0	6.2438E-6	1.0000E+0	6.9869E-12
5.6800E+5	1.0000E+0	6.2440E-6	1.0000E+0	6.4941E-11
5.6850E+5	1.0000E+0	6.2445E-6	1.0000E+0	7.6797E-11
5.6900E+5	1.0000E+0	6.2416E-6	1.0000E+0	7.7524E-11
5.6950E+5	1.0000E+0	6.2430E-6	1.0000E+0	7.8180E-11
5.7000E+5	1.0000E+0	6.2396E-6	1.0000E+0	7.8760E-11
5.7050E+5	1.0000E+0	6.2407E-6	1.0000E+0	7.9935E-11
5.7100E+5	1.0000E+0	6.2400E-6	1.0000E+0	8.0879E-11
5.7150E+5	1.0000E+0	6.2391E-6	1.0000E+0	8.1416E-11
5.7200E+5	1.0000E+0	6.2381E-6	1.0000E+0	8.2442E-11
5.7250E+5	1.0000E+0	6.2364E-6	1.0000E+0	8.3559E-11
5.7300E+5	1.0000E+0	6.2381E-6	1.0000E+0	8.4155E-11
5.7350E+5	1.0000E+0	6.2339E-6	1.0000E+0	8.5272E-11
5.7400E+5	1.0000E+0	6.2310E-6	1.0000E+0	8.5916E-11
5.7450E+5	1.0000E+0	6.2268E-6	1.0000E+0	8.6722E-11
5.7500E+5	1.0000E+0	6.2280E-6	1.0000E+0	8.7812E-11
5.7550E+5	1.0000E+0	6.2262E-6	1.0000E+0	8.8644E-11
5.7600E+5	1.0000E+0	6.2227E-6	1.0000E+0	8.9396E-11
5.7650E+5	1.0000E+0	6.2212E-6	1.0000E+0	9.0376E-11
5.7700E+5	1.0000E+0	6.2159E-6	1.0000E+0	9.1319E-11
5.7750E+5	1.0000E+0	6.2170E-6	1.0000E+0	9.1962E-11
5.7800E+5	1.0000E+0	6.2146E-6	1.0000E+0	3.4974E-11
5.7850E+5	1.0000E+0	6.2111E-6	1.0000E+0	8.0895E-12
5.7900E+5	1.0000E+0	6.2115E-6	1.0000E+0	6.8593E-12
5.7950E+5	1.0000E+0	6.2093E-6	1.0000E+0	7.0179E-12
5.8000E+5	1.0000E+0	6.2080E-6	1.0000E+0	6.9976E-12
5.8050E+5	1.0000E+0	6.2036E-6	1.0000E+0	6.8879E-12
5.8100E+5	1.0000E+0	6.2075E-6	1.0000E+0	6.9368E-12
5.8150E+5	1.0000E+0	6.2070E-6	1.0000E+0	7.0131E-12
5.8200E+5	1.0000E+0	6.2077E-6	1.0000E+0	6.9869E-12
5.8250E+5	1.0000E+0	6.2052E-6	1.0000E+0	6.5529E-12
5.8300E+5	1.0000E+0	6.2032E-6	1.0000E+0	5.9390E-12
5.8350E+5	1.0000E+0	6.2005E-6	1.0000E+0	5.5325E-12
5.8400E+5	1.0000E+0	6.2029E-6	1.0000E+0	5.3525E-12
5.8450E+5	1.0000E+0	6.2050E-6	1.0000E+0	5.3072E-12
5.8500E+5	1.0000E+0	6.2017E-6	1.0000E+0	5.3942E-12
5.8550E+5	1.0000E+0	6.2019E-6	1.0000E+0	5.5468E-12
5.8600E+5	1.0000E+0	6.1983E-6	1.0000E+0	5.3787E-12
5.8650E+5	1.0000E+0	6.1968E-6	1.0000E+0	5.4133E-12
5.8700E+5	1.0000E+0	6.1970E-6	1.0000E+0	5.3120E-12
5.8750E+5	1.0000E+0	6.1967E-6	1.0000E+0	5.2714E-12
5.8800E+5	1.0000E+0	6.1963E-6	1.0000E+0	5.5516E-12
5.8850E+5	1.0000E+0	6.1944E-6	1.0000E+0	5.4789E-12
5.8900E+5	1.0000E+0	6.1988E-6	1.0000E+0	5.4467E-12
5.8950E+5	1.0000E+0	6.1952E-6	1.0000E+0	5.4216E-12
5.9000E+5	1.0000E+0	6.1941E-6	1.0000E+0	5.2476E-12
5.9050E+5	1.0000E+0	6.1938E-6	1.0000E+0	5.3346E-12
5.9100E+5	1.0000E+0	6.1930E-6	1.0000E+0	5.3847E-12
5.9150E+5	1.0000E+0	6.1899E-6	1.0000E+0	5.4443E-12
5.9200E+5	1.0000E+0	6.1914E-6	1.0000E+0	5.4169E-12
5.9250E+5	1.0000E+0	6.1921E-6	1.0000E+0	5.4669E-12
5.9300E+5	1.0000E+0	6.1929E-6	1.0000E+0	5.4049E-12
5.9350E+5	1.0000E+0	6.1909E-6	1.0000E+0	5.4085E-12
5.9400E+5	1.0000E+0	6.1892E-6	1.0000E+0	5.3036E-12
5.9450E+5	1.0000E+0	6.1863E-6	1.0000E+0	5.3001E-12
5.9500E+5	1.0000E+0	6.1881E-6	1.0000E+0	5.3763E-12
5.9550E+5	1.0000E+0	6.1892E-6	1.0000E+0	5.4097E-12
5.9600E+5	1.0000E+0	6.1913E-6	1.0000E+0	5.3441E-12
5.9650E+5	1.0000E+0	6.1904E-6	1.0000E+0	5.2500E-12
5.9700E+5	1.0000E+0	6.1878E-6	1.0000E+0	5.3358E-12
5.9750E+5	1.0000E+0	6.1852E-6	1.0000E+0	5.2381E-12
5.9800E+5	1.0000E+0	6.1867E-6	1.0000E+0	5.2381E-12
5.9850E+5	1.0000E+0	6.1881E-6	1.0000E+0	5.2691E-12
5.9900E+5	1.0000E+0	6.1831E-6	1.0000E+0	5.1963E-12
5.9950E+5	1.0000E+0	6.1824E-6	1.0000E+0	5.3704E-12
6.0000E+5	1.0000E+0	6.1825E-6	1.0000E+0	5.3692E-12
6.0050E+5	1.0000E+0	6.1822E-6	1.0000E+0	5.2619E-12
6.0100E+5	1.0000E+0	6.1822E-6	1.0000E+0	5.2393E-12
6.0150E+5	1.0000E+0	6.1810E-6	1.0000E+0	5.3191E-12
6.0200E+5	1.0000E+0	6.1804E-6	1.0000E+0	5.2011E-12
6.0250E+5	1.0000E+0	6.1811E-6	1.0000E+0	5.1320E-12
6.0300E+5	1.0000E+0	6.1795E-6	1.0000E+0	5.2547E-12
6.0350E+5	1.0000E+0	6.1808E-6	1.0000E+0	5.3120E-12
6.0400E+5	1.0000E+0	6.1786E-6	1.0000E+0	5.0676E-12
6.0450E+5	1.0000E+0	6.1813E-6	1.0000E+0	5.2750E-12
6.0500E+5	1.0000E+0	6.1767E-6	1.0000E+0	5.1749E-12
6.0550E+5	1.0000E+0	6.1778E-6	1.0000E+0	5.4586E-12
6.0600E+5	1.0000E+0	6.1774E-6	1.0000E+0	5.3883E-12
6.0650E+5	1.0000E+0	6.1753E-6	1.0000E+0	5.3287E-12
6.0700E+5	1.0000E+0	6.1741E-6	1.0000E+0	5.2261E-12
6.0750E+5	1.0000E+0	6.1731E-6	1.0000E+0	5.2154E-12
6.0800E+5	1.0000E+0	6.1711E-6	1.0000E+0	5.3334E-12
6.0850E+5	1.0000E+0	6.1751E-6	1.0000E+0	6.6332E-11
6.0900E+5	1.0000E+0	6.1710E-6	1.0000E+0	8.3101E-11
6.0950E+5	1.0000E+0	6.1754E-6	1.0000E+0	8.3795E-11
6.1000E+5	1.0000E+0	6.1707E-6	1.0000E+0	8.4385E-11
6.1050E+5	1.0000E+0	6.1669E-6	1.0000E+0	8.4689E-11
6.1100E+5	1.0000E+0	6.1696E-6	1.0000E+0	8.5094E-11
6.1150E+5	1.0000E+0	6.1695E-6	1.0000E+0	8.5425E-11
6.1200E+5	1.0000E+0	6.1650E-6	1.0000E+0	8.6088E-11
6.1250E+5	1.0000E+0	6.1643E-6	1.0000E+0	8.6538E-11
6.1300E+5	1.0000E+0	6.1637E-6	1.0000E+0	8.7323E-11
6.1350E+5	1.0000E+0	6.1638E-6	1.0000E+0	8.7700E-11
6.1400E+5	1.0000E+0	6.1596E-6	1.0000E+0	8.8564E-11
6.1450E+5	1.0000E+0	6.1576E-6	1.0000E+0	8.8917E-11
6.1500E+5	1.0000E+0	6.1572E-6	1.0000E+0	8.9252E-11
6.1550E+5	1.0000E+0	6.1570E-6	1.0000E+0	8.9779E-11
6.1600E+5	1.0000E+0	6.1555E-6	1.0000E+0	9.0350E-11
6.1650E+5	1.0000E+0	6.1557E-6	1.0000E+0	9.1139E-11
6.1700E+5	1.0000E+0	6.1519E-6	1.0000E+0	9.1462E-11
6.1750E+5	1.0000E+0	6.1538E-6	1.0000E+0	9.1947E-11
6.1800E+5	1.0000E+0	6.1528E-6	1.0000E+0	9.2576E-11
6.1850E+5	1.0000E+0	6.1508E-6	1.0000E+0	4.1732E-11
6.1900E+5	1.0000E+0	6.1469E-6	1.0000E+0	6.8867E-12
6.1950E+5	1.0000E+0	6.1466E-6	1.0000E+0	5.4884E-12
6.2000E+5	1.0000E+0	6.1478E-6	1.0000E+0	5.4693E-12
6.2050E+5	1.0000E+0	6.1456E-6	1.0000E+0	5.4181E-12
6.2100E+5	1.0000E+0	6.1433E-6	1.0000E+0	5.3835E-12
6.2150E+5	1.0000E+0	6.1440E-6	1.0000E+0	5.3644E-12
6.2200E+5	1.0000E+0	6.1438E-6	1.0000E+0	5.3668E-12
6.2250E+5	1.0000E+0	6.1449E-6	1.0000E+0	5.5456E-12
6.2300E+5	1.0000E+0	6.1430E-6	1.0000E+0	5.5099E-12
6.2350E+5	1.0000E+0	6.1441E-6	1.0000E+0	5.3537E-12
6.2400E+5	1.0000E+0	6.1429E-6	1.0000E+0	5.5575E-12
6.2450E+5	1.0000E+0	6.1411E-6	1.0000E+0	5.5707E-12
6.2500E+5	1.0000E+0	6.1387E-6	1.0000E+0	5.2857E-12
6.2550E+5	1.0000E+0	6.1352E-6	1.0000E+0	5.5313E-12
6.2600E+5	1.0000E+0	6.1317E-6	1.0000E+0	5.4264E-12
6.2650E+5	1.0000E+0	6.1354E-6	1.0000E+0	5.4777E-12
6.2700E+5	1.0000E+0	6.1388E-6	1.0000E+0	5.3942E-12
6.2750E+5	1.0000E+0	6.1372E-6	1.0000E+0	5.4300E-12
6.2800E+5	1.0000E+0	6.1397E-6	1.0000E+0	5.4431E-12
6.2850E+5	1.0000E+0	6.1390E-6	1.0000E+0	7.1590E-11
