File Name: 01_Sample12_device4_It_150kV_VDrain1V_VGate30V.dat
File Data: 22/11/2023	10:02:40
Start V: 0
Step V: 0
Stop V: 0
Range V: 200
Delay(ms): 0
Auorange: yes
Sweep type: log
Instrument Meter: SM2614
Time(ms)	Vdrain(V)	Idrain(A)	Vgate(V)	Igate(A)
0.0000E+0	1.0000E+0	8.0326E-7	3.0000E+1	2.9522E-9
1.0000E+3	1.0000E+0	7.8049E-7	3.0000E+1	5.7602E-10
1.5000E+3	1.0000E+0	7.5380E-7	3.0000E+1	4.4559E-10
2.0000E+3	1.0000E+0	7.4494E-7	3.0000E+1	3.7939E-10
2.5000E+3	1.0000E+0	7.3244E-7	3.0000E+1	3.4182E-10
3.0000E+3	1.0000E+0	7.2948E-7	3.0000E+1	3.1327E-10
3.5000E+3	1.0000E+0	7.1790E-7	3.0000E+1	2.8670E-10
4.0000E+3	1.0000E+0	7.1709E-7	3.0000E+1	2.5757E-10
4.5000E+3	1.0000E+0	7.0815E-7	3.0000E+1	2.4211E-10
5.0000E+3	1.0000E+0	7.0146E-7	3.0000E+1	2.3953E-10
5.5000E+3	1.0000E+0	6.8655E-7	3.0000E+1	2.1712E-10
6.0000E+3	1.0000E+0	6.9074E-7	3.0000E+1	2.4558E-10
6.5000E+3	1.0000E+0	6.8290E-7	3.0000E+1	2.1775E-10
7.0000E+3	1.0000E+0	6.5619E-7	3.0000E+1	1.8416E-10
7.5000E+3	1.0000E+0	6.5936E-7	3.0000E+1	1.4486E-10
8.0000E+3	1.0000E+0	6.4859E-7	3.0000E+1	1.3060E-10
8.5000E+3	1.0000E+0	6.4277E-7	3.0000E+1	1.3606E-10
9.0000E+3	1.0000E+0	6.4071E-7	3.0000E+1	1.3684E-10
9.5000E+3	1.0000E+0	6.3349E-7	3.0000E+1	1.3669E-10
1.0000E+4	1.0000E+0	6.3181E-7	3.0000E+1	1.3635E-10
1.0500E+4	1.0000E+0	6.2356E-7	3.0000E+1	1.3224E-10
1.1000E+4	1.0000E+0	6.1395E-7	3.0000E+1	1.2857E-10
1.1500E+4	1.0000E+0	6.2567E-7	3.0000E+1	1.2507E-10
1.2000E+4	1.0000E+0	6.0282E-7	3.0000E+1	1.2462E-10
1.2500E+4	1.0000E+0	5.9274E-7	3.0000E+1	1.2113E-10
1.3000E+4	1.0000E+0	5.9271E-7	3.0000E+1	1.1761E-10
1.3500E+4	1.0000E+0	5.9431E-7	3.0000E+1	1.1565E-10
1.4000E+4	1.0000E+0	5.9072E-7	3.0000E+1	1.1531E-10
1.4500E+4	1.0000E+0	5.8137E-7	3.0000E+1	1.1410E-10
1.5000E+4	1.0000E+0	5.8366E-7	3.0000E+1	1.1293E-10
1.5500E+4	1.0000E+0	5.8556E-7	3.0000E+1	1.0751E-10
1.6000E+4	1.0000E+0	5.8372E-7	3.0000E+1	1.0612E-10
1.6500E+4	1.0000E+0	5.6340E-7	3.0000E+1	1.0615E-10
1.7000E+4	1.0000E+0	5.6542E-7	3.0000E+1	1.0565E-10
1.7500E+4	1.0000E+0	5.6917E-7	3.0000E+1	1.0352E-10
1.8000E+4	1.0000E+0	5.6814E-7	3.0000E+1	1.0174E-10
1.8500E+4	1.0000E+0	5.5734E-7	3.0000E+1	1.0174E-10
1.9000E+4	1.0000E+0	5.5367E-7	3.0000E+1	1.0076E-10
1.9500E+4	1.0000E+0	5.5195E-7	3.0000E+1	1.0158E-10
2.0000E+4	1.0000E+0	5.4687E-7	3.0000E+1	1.0035E-10
2.0500E+4	1.0000E+0	5.4104E-7	3.0000E+1	9.7373E-11
2.1000E+4	1.0000E+0	5.3453E-7	3.0000E+1	9.6254E-11
2.1500E+4	1.0000E+0	5.3730E-7	3.0000E+1	9.5938E-11
2.2000E+4	1.0000E+0	5.3754E-7	3.0000E+1	9.5187E-11
2.2500E+4	1.0000E+0	5.2283E-7	3.0000E+1	9.5296E-11
2.3000E+4	1.0000E+0	5.2152E-7	3.0000E+1	9.5544E-11
2.3500E+4	1.0000E+0	5.1575E-7	3.0000E+1	9.3908E-11
2.4000E+4	1.0000E+0	5.2418E-7	3.0000E+1	9.3027E-11
2.4500E+4	1.0000E+0	5.1354E-7	3.0000E+1	9.2435E-11
2.5000E+4	1.0000E+0	5.0356E-7	3.0000E+1	9.2425E-11
2.5500E+4	1.0000E+0	5.1147E-7	3.0000E+1	9.1391E-11
2.6000E+4	1.0000E+0	5.0260E-7	3.0000E+1	9.1897E-11
2.6500E+4	1.0000E+0	4.9890E-7	3.0000E+1	9.1472E-11
2.7000E+4	1.0000E+0	4.9655E-7	3.0000E+1	8.9734E-11
2.7500E+4	1.0000E+0	4.9110E-7	3.0000E+1	8.8477E-11
2.8000E+4	1.0000E+0	4.9687E-7	3.0000E+1	8.7639E-11
2.8500E+4	1.0000E+0	4.8515E-7	3.0000E+1	8.6943E-11
2.9000E+4	1.0000E+0	4.8852E-7	3.0000E+1	8.7677E-11
2.9500E+4	1.0000E+0	4.8703E-7	3.0000E+1	8.8373E-11
3.0000E+4	1.0000E+0	4.8371E-7	3.0000E+1	8.7479E-11
3.0500E+4	1.0000E+0	4.6707E-7	3.0000E+1	8.5828E-11
3.1000E+4	1.0000E+0	4.7132E-7	3.0000E+1	8.5278E-11
3.1500E+4	1.0000E+0	4.7186E-7	3.0000E+1	8.5360E-11
3.2000E+4	1.0000E+0	4.7047E-7	3.0000E+1	8.4127E-11
3.2500E+4	1.0000E+0	4.5724E-7	3.0000E+1	8.4031E-11
3.3000E+4	1.0000E+0	4.6542E-7	3.0000E+1	8.4321E-11
3.3500E+4	1.0000E+0	4.6935E-7	3.0000E+1	8.3803E-11
3.4000E+4	1.0000E+0	4.7406E-7	3.0000E+1	8.4282E-11
3.4500E+4	1.0000E+0	4.6356E-7	3.0000E+1	8.4140E-11
3.5000E+4	1.0000E+0	4.7103E-7	3.0000E+1	8.2649E-11
3.5500E+4	1.0000E+0	4.6414E-7	3.0000E+1	8.1779E-11
3.6000E+4	1.0000E+0	4.6612E-7	3.0000E+1	8.1633E-11
3.6500E+4	1.0000E+0	4.6510E-7	3.0000E+1	8.1008E-11
3.7000E+4	1.0000E+0	4.5616E-7	3.0000E+1	8.1606E-11
3.7500E+4	1.0000E+0	4.6113E-7	3.0000E+1	8.0339E-11
3.8000E+4	1.0000E+0	4.6776E-7	3.0000E+1	8.1136E-11
3.8500E+4	1.0000E+0	4.6912E-7	3.0000E+1	8.0659E-11
3.9000E+4	1.0000E+0	4.5324E-7	3.0000E+1	8.0149E-11
3.9500E+4	1.0000E+0	4.5031E-7	3.0000E+1	7.9492E-11
4.0000E+4	1.0000E+0	4.4413E-7	3.0000E+1	7.9221E-11
4.0500E+4	1.0000E+0	4.4757E-7	3.0000E+1	7.9547E-11
4.1000E+4	1.0000E+0	4.3835E-7	3.0000E+1	7.8264E-11
4.1500E+4	1.0000E+0	4.3724E-7	3.0000E+1	7.8276E-11
4.2000E+4	1.0000E+0	4.3532E-7	3.0000E+1	7.8007E-11
4.2500E+4	1.0000E+0	4.4239E-7	3.0000E+1	7.7868E-11
4.3000E+4	1.0000E+0	4.3684E-7	3.0000E+1	7.8347E-11
4.3500E+4	1.0000E+0	4.2989E-7	3.0000E+1	7.6747E-11
4.4000E+4	1.0000E+0	4.3523E-7	3.0000E+1	7.7614E-11
4.4500E+4	1.0000E+0	4.2408E-7	3.0000E+1	7.7088E-11
4.5000E+4	1.0000E+0	4.2197E-7	3.0000E+1	7.5908E-11
4.5500E+4	1.0000E+0	4.2423E-7	3.0000E+1	7.5706E-11
4.6000E+4	1.0000E+0	4.1754E-7	3.0000E+1	7.5640E-11
4.6500E+4	1.0000E+0	4.1887E-7	3.0000E+1	7.5798E-11
4.7000E+4	1.0000E+0	4.2159E-7	3.0000E+1	7.5576E-11
4.7500E+4	1.0000E+0	4.2186E-7	3.0000E+1	7.5413E-11
4.8000E+4	1.0000E+0	4.1679E-7	3.0000E+1	7.5274E-11
4.8500E+4	1.0000E+0	4.2064E-7	3.0000E+1	7.5713E-11
4.9000E+4	1.0000E+0	4.1439E-7	3.0000E+1	7.5513E-11
4.9500E+4	1.0000E+0	4.1684E-7	3.0000E+1	7.5806E-11
5.0000E+4	1.0000E+0	4.1483E-7	3.0000E+1	7.5961E-11
5.0500E+4	1.0000E+0	4.0858E-7	3.0000E+1	7.5713E-11
5.1000E+4	1.0000E+0	4.0579E-7	3.0000E+1	7.5373E-11
5.1500E+4	1.0000E+0	4.0085E-7	3.0000E+1	7.5617E-11
5.2000E+4	1.0000E+0	3.9669E-7	3.0000E+1	7.4671E-11
5.2500E+4	1.0000E+0	4.0243E-7	3.0000E+1	7.3403E-11
5.3000E+4	1.0000E+0	3.9007E-7	3.0000E+1	7.4110E-11
5.3500E+4	1.0000E+0	3.9786E-7	3.0000E+1	7.4141E-11
5.4000E+4	1.0000E+0	3.8952E-7	3.0000E+1	7.3907E-11
5.4500E+4	1.0000E+0	3.8701E-7	3.0000E+1	7.4025E-11
5.5000E+4	1.0000E+0	3.9074E-7	3.0000E+1	7.2997E-11
5.5500E+4	1.0000E+0	3.8069E-7	3.0000E+1	7.3315E-11
5.6000E+4	1.0000E+0	3.8290E-7	3.0000E+1	7.3146E-11
5.6500E+4	1.0000E+0	3.8616E-7	3.0000E+1	7.3174E-11
5.7000E+4	1.0000E+0	3.7829E-7	3.0000E+1	7.2615E-11
5.7500E+4	1.0000E+0	3.8141E-7	3.0000E+1	7.2449E-11
5.8000E+4	1.0000E+0	3.7582E-7	3.0000E+1	7.1771E-11
5.8500E+4	1.0000E+0	3.7494E-7	3.0000E+1	7.1833E-11
5.9000E+4	1.0000E+0	3.6940E-7	3.0000E+1	7.1310E-11
5.9500E+4	1.0000E+0	3.6378E-7	3.0000E+1	7.1050E-11
6.0000E+4	1.0000E+0	3.6529E-7	3.0000E+1	7.1007E-11
6.0500E+4	1.0000E+0	3.7004E-7	3.0000E+1	7.1274E-11
6.1000E+4	1.0000E+0	3.7105E-7	3.0000E+1	7.1162E-11
6.1500E+4	1.0000E+0	3.5856E-7	3.0000E+1	7.0930E-11
6.2000E+4	1.0000E+0	3.5319E-7	3.0000E+1	7.0442E-11
6.2500E+4	1.0000E+0	3.6040E-7	3.0000E+1	7.0742E-11
6.3000E+4	1.0000E+0	3.5380E-7	3.0000E+1	7.0742E-11
6.3500E+4	1.0000E+0	3.5404E-7	3.0000E+1	7.1284E-11
6.4000E+4	1.0000E+0	3.4953E-7	3.0000E+1	7.0447E-11
6.4500E+4	1.0000E+0	3.4550E-7	3.0000E+1	7.0484E-11
6.5000E+4	1.0000E+0	3.4525E-7	3.0000E+1	7.0600E-11
6.5500E+4	1.0000E+0	3.5487E-7	3.0000E+1	6.9886E-11
6.6000E+4	1.0000E+0	3.3967E-7	3.0000E+1	6.9279E-11
6.6500E+4	1.0000E+0	3.3865E-7	3.0000E+1	6.9996E-11
6.7000E+4	1.0000E+0	3.3293E-7	3.0000E+1	7.0356E-11
6.7500E+4	1.0000E+0	3.3596E-7	3.0000E+1	6.9630E-11
6.8000E+4	1.0000E+0	3.3568E-7	3.0000E+1	6.9613E-11
6.8500E+4	1.0000E+0	3.3103E-7	3.0000E+1	6.8471E-11
6.9000E+4	1.0000E+0	3.2470E-7	3.0000E+1	6.8309E-11
6.9500E+4	1.0000E+0	3.1491E-7	3.0000E+1	6.9314E-11
7.0000E+4	1.0000E+0	3.1635E-7	3.0000E+1	6.8414E-11
7.0500E+4	1.0000E+0	3.1685E-7	3.0000E+1	6.7962E-11
7.1000E+4	1.0000E+0	3.1131E-7	3.0000E+1	6.8456E-11
7.1500E+4	1.0000E+0	3.0641E-7	3.0000E+1	6.8110E-11
7.2000E+4	1.0000E+0	3.0576E-7	3.0000E+1	6.7774E-11
7.2500E+4	1.0000E+0	3.0566E-7	3.0000E+1	6.8157E-11
7.3000E+4	1.0000E+0	3.1094E-7	3.0000E+1	6.7271E-11
7.3500E+4	1.0000E+0	3.0349E-7	3.0000E+1	6.7196E-11
7.4000E+4	1.0000E+0	3.0589E-7	3.0000E+1	6.7506E-11
7.4500E+4	1.0000E+0	2.9857E-7	3.0000E+1	6.6538E-11
7.5000E+4	1.0000E+0	2.9217E-7	3.0000E+1	6.6201E-11
7.5500E+4	1.0000E+0	2.9300E-7	3.0000E+1	6.5893E-11
7.6000E+4	1.0000E+0	3.0329E-7	3.0000E+1	6.6000E-11
7.6500E+4	1.0000E+0	3.0054E-7	3.0000E+1	6.6457E-11
7.7000E+4	1.0000E+0	3.0328E-7	3.0000E+1	6.5868E-11
7.7500E+4	1.0000E+0	2.9889E-7	3.0000E+1	6.5236E-11
7.8000E+4	1.0000E+0	2.9592E-7	3.0000E+1	6.5483E-11
7.8500E+4	1.0000E+0	3.0179E-7	3.0000E+1	6.5699E-11
7.9000E+4	1.0000E+0	2.9687E-7	3.0000E+1	6.5646E-11
7.9500E+4	1.0000E+0	2.9747E-7	3.0000E+1	6.5484E-11
8.0000E+4	1.0000E+0	3.0974E-7	3.0000E+1	6.5725E-11
8.0500E+4	1.0000E+0	3.0526E-7	3.0000E+1	6.5656E-11
8.1000E+4	1.0000E+0	2.9454E-7	3.0000E+1	6.5740E-11
8.1500E+4	1.0000E+0	2.9630E-7	3.0000E+1	6.5572E-11
8.2000E+4	1.0000E+0	2.9145E-7	3.0000E+1	6.5652E-11
8.2500E+4	1.0000E+0	3.0130E-7	3.0000E+1	6.5190E-11
8.3000E+4	1.0000E+0	2.9695E-7	3.0000E+1	6.4390E-11
8.3500E+4	1.0000E+0	2.8571E-7	3.0000E+1	6.4555E-11
8.4000E+4	1.0000E+0	2.8781E-7	3.0000E+1	6.4615E-11
8.4500E+4	1.0000E+0	2.8793E-7	3.0000E+1	6.4372E-11
8.5000E+4	1.0000E+0	2.8727E-7	3.0000E+1	6.4880E-11
8.5500E+4	1.0000E+0	2.8090E-7	3.0000E+1	6.4110E-11
8.6000E+4	1.0000E+0	2.8755E-7	3.0000E+1	6.4167E-11
8.6500E+4	1.0000E+0	2.7880E-7	3.0000E+1	6.4440E-11
8.7000E+4	1.0000E+0	2.8171E-7	3.0000E+1	6.3570E-11
8.7500E+4	1.0000E+0	2.8019E-7	3.0000E+1	6.3744E-11
8.8000E+4	1.0000E+0	2.8066E-7	3.0000E+1	6.3701E-11
8.8500E+4	1.0000E+0	2.8451E-7	3.0000E+1	6.3819E-11
8.9000E+4	1.0000E+0	2.7811E-7	3.0000E+1	6.3664E-11
8.9500E+4	1.0000E+0	2.7164E-7	3.0000E+1	6.2717E-11
9.0000E+4	1.0000E+0	2.7599E-7	3.0000E+1	6.2743E-11
9.0500E+4	1.0000E+0	2.7571E-7	3.0000E+1	6.2970E-11
9.1000E+4	1.0000E+0	2.7823E-7	3.0000E+1	6.3328E-11
9.1500E+4	1.0000E+0	2.7572E-7	3.0000E+1	6.3431E-11
9.2000E+4	1.0000E+0	2.6879E-7	3.0000E+1	6.3163E-11
9.2500E+4	1.0000E+0	2.6873E-7	3.0000E+1	6.2594E-11
9.3000E+4	1.0000E+0	2.7869E-7	3.0000E+1	6.3759E-11
9.3500E+4	1.0000E+0	2.8132E-7	3.0000E+1	6.2572E-11
9.4000E+4	1.0000E+0	2.7593E-7	3.0000E+1	6.2984E-11
9.4500E+4	1.0000E+0	2.7253E-7	3.0000E+1	6.3035E-11
9.5000E+4	1.0000E+0	2.7064E-7	3.0000E+1	6.2191E-11
9.5500E+4	1.0000E+0	2.7475E-7	3.0000E+1	6.2497E-11
9.6000E+4	1.0000E+0	2.7411E-7	3.0000E+1	6.2357E-11
9.6500E+4	1.0000E+0	2.7551E-7	3.0000E+1	6.2615E-11
9.7000E+4	1.0000E+0	2.7611E-7	3.0000E+1	6.2463E-11
9.7500E+4	1.0000E+0	2.6856E-7	3.0000E+1	6.3037E-11
9.8000E+4	1.0000E+0	2.6998E-7	3.0000E+1	6.1755E-11
9.8500E+4	1.0000E+0	2.6752E-7	3.0000E+1	6.2702E-11
9.9000E+4	1.0000E+0	2.6900E-7	3.0000E+1	6.2951E-11
9.9500E+4	1.0000E+0	2.7236E-7	3.0000E+1	6.2220E-11
1.0000E+5	1.0000E+0	2.6603E-7	3.0000E+1	6.1622E-11
1.0050E+5	1.0000E+0	2.6034E-7	3.0000E+1	6.2319E-11
1.0100E+5	1.0000E+0	2.5781E-7	3.0000E+1	6.1523E-11
1.0150E+5	1.0000E+0	2.6352E-7	3.0000E+1	6.1735E-11
1.0200E+5	1.0000E+0	2.5776E-7	3.0000E+1	6.1712E-11
1.0250E+5	1.0000E+0	2.6385E-7	3.0000E+1	6.1489E-11
1.0300E+5	1.0000E+0	2.6161E-7	3.0000E+1	6.1595E-11
1.0350E+5	1.0000E+0	2.5872E-7	3.0000E+1	6.1252E-11
1.0400E+5	1.0000E+0	2.5759E-7	3.0000E+1	6.1195E-11
1.0450E+5	1.0000E+0	2.6024E-7	3.0000E+1	6.1191E-11
1.0500E+5	1.0000E+0	2.5811E-7	3.0000E+1	6.1188E-11
1.0550E+5	1.0000E+0	2.5857E-7	3.0000E+1	6.0707E-11
1.0600E+5	1.0000E+0	2.5592E-7	3.0000E+1	6.0437E-11
1.0650E+5	1.0000E+0	2.5847E-7	3.0000E+1	6.0508E-11
1.0700E+5	1.0000E+0	2.6746E-7	3.0000E+1	6.0618E-11
1.0750E+5	1.0000E+0	2.6493E-7	3.0000E+1	6.1301E-11
1.0800E+5	1.0000E+0	2.5523E-7	3.0000E+1	6.1254E-11
1.0850E+5	1.0000E+0	2.6081E-7	3.0000E+1	6.1355E-11
1.0900E+5	1.0000E+0	2.5743E-7	3.0000E+1	6.1283E-11
1.0950E+5	1.0000E+0	2.5578E-7	3.0000E+1	6.1316E-11
1.1000E+5	1.0000E+0	2.5073E-7	3.0000E+1	6.7135E-11
1.1050E+5	1.0000E+0	2.5717E-7	3.0000E+1	6.5688E-11
1.1100E+5	1.0000E+0	2.5650E-7	3.0000E+1	5.8795E-11
1.1150E+5	1.0000E+0	2.4987E-7	3.0000E+1	5.8956E-11
1.1200E+5	1.0000E+0	2.5110E-7	3.0000E+1	5.8873E-11
1.1250E+5	1.0000E+0	2.5003E-7	3.0000E+1	5.9166E-11
1.1300E+5	1.0000E+0	2.5220E-7	3.0000E+1	5.9696E-11
1.1350E+5	1.0000E+0	2.4671E-7	3.0000E+1	6.0055E-11
1.1400E+5	1.0000E+0	2.4680E-7	3.0000E+1	5.9719E-11
1.1450E+5	1.0000E+0	2.4966E-7	3.0000E+1	5.9871E-11
1.1500E+5	1.0000E+0	2.4418E-7	3.0000E+1	5.9487E-11
1.1550E+5	1.0000E+0	2.4858E-7	3.0000E+1	5.9909E-11
1.1600E+5	1.0000E+0	2.4679E-7	3.0000E+1	6.0127E-11
1.1650E+5	1.0000E+0	2.5185E-7	3.0000E+1	6.0368E-11
1.1700E+5	1.0000E+0	2.4294E-7	3.0000E+1	5.9845E-11
1.1750E+5	1.0000E+0	2.4708E-7	3.0000E+1	5.9916E-11
1.1800E+5	1.0000E+0	2.4754E-7	3.0000E+1	5.9539E-11
1.1850E+5	1.0000E+0	2.4945E-7	3.0000E+1	5.9618E-11
1.1900E+5	1.0000E+0	2.4409E-7	3.0000E+1	6.0148E-11
1.1950E+5	1.0000E+0	2.4389E-7	3.0000E+1	5.9038E-11
1.2000E+5	1.0000E+0	2.5154E-7	3.0000E+1	5.9631E-11
1.2050E+5	1.0000E+0	2.4868E-7	3.0000E+1	5.8831E-11
1.2100E+5	1.0000E+0	2.4929E-7	3.0000E+1	5.8744E-11
1.2150E+5	1.0000E+0	2.4102E-7	3.0000E+1	5.8724E-11
1.2200E+5	1.0000E+0	2.4365E-7	3.0000E+1	5.9135E-11
1.2250E+5	1.0000E+0	2.4274E-7	3.0000E+1	5.9471E-11
1.2300E+5	1.0000E+0	2.4735E-7	3.0000E+1	5.9427E-11
1.2350E+5	1.0000E+0	2.4433E-7	3.0000E+1	5.9077E-11
1.2400E+5	1.0000E+0	2.4082E-7	3.0000E+1	5.9382E-11
1.2450E+5	1.0000E+0	2.4238E-7	3.0000E+1	5.8931E-11
1.2500E+5	1.0000E+0	2.5127E-7	3.0000E+1	5.9080E-11
1.2550E+5	1.0000E+0	2.4256E-7	3.0000E+1	5.8774E-11
1.2600E+5	1.0000E+0	2.4067E-7	3.0000E+1	5.9135E-11
1.2650E+5	1.0000E+0	2.4549E-7	3.0000E+1	5.8625E-11
1.2700E+5	1.0000E+0	2.4243E-7	3.0000E+1	5.8560E-11
1.2750E+5	1.0000E+0	2.4720E-7	3.0000E+1	5.8545E-11
1.2800E+5	1.0000E+0	2.4886E-7	3.0000E+1	5.8812E-11
1.2850E+5	1.0000E+0	2.4377E-7	3.0000E+1	5.8535E-11
1.2900E+5	1.0000E+0	2.4155E-7	3.0000E+1	5.8793E-11
1.2950E+5	1.0000E+0	2.3955E-7	3.0000E+1	5.8483E-11
1.3000E+5	1.0000E+0	2.4098E-7	3.0000E+1	5.8261E-11
1.3050E+5	1.0000E+0	2.4442E-7	3.0000E+1	5.9214E-11
1.3100E+5	1.0000E+0	2.4608E-7	3.0000E+1	5.8761E-11
1.3150E+5	1.0000E+0	2.4753E-7	3.0000E+1	5.8489E-11
1.3200E+5	1.0000E+0	2.5025E-7	3.0000E+1	5.8696E-11
1.3250E+5	1.0000E+0	2.3857E-7	3.0000E+1	5.8124E-11
1.3300E+5	1.0000E+0	2.4278E-7	3.0000E+1	5.8845E-11
1.3350E+5	1.0000E+0	2.4646E-7	3.0000E+1	5.8340E-11
1.3400E+5	1.0000E+0	2.4544E-7	3.0000E+1	5.8452E-11
1.3450E+5	1.0000E+0	2.4681E-7	3.0000E+1	5.8349E-11
1.3500E+5	1.0000E+0	2.4248E-7	3.0000E+1	5.8458E-11
1.3550E+5	1.0000E+0	2.3705E-7	3.0000E+1	5.8348E-11
1.3600E+5	1.0000E+0	2.3679E-7	3.0000E+1	5.8068E-11
1.3650E+5	1.0000E+0	2.4139E-7	3.0000E+1	5.8361E-11
1.3700E+5	1.0000E+0	2.4303E-7	3.0000E+1	5.8542E-11
1.3750E+5	1.0000E+0	2.4267E-7	3.0000E+1	5.8184E-11
1.3800E+5	1.0000E+0	2.4015E-7	3.0000E+1	5.8094E-11
1.3850E+5	1.0000E+0	2.3979E-7	3.0000E+1	5.7467E-11
1.3900E+5	1.0000E+0	2.3349E-7	3.0000E+1	5.7995E-11
1.3950E+5	1.0000E+0	2.3296E-7	3.0000E+1	5.8025E-11
1.4000E+5	1.0000E+0	2.3542E-7	3.0000E+1	5.8050E-11
1.4050E+5	1.0000E+0	2.3178E-7	3.0000E+1	5.7652E-11
1.4100E+5	1.0000E+0	2.3326E-7	3.0000E+1	5.7823E-11
1.4150E+5	1.0000E+0	2.2843E-7	3.0000E+1	5.9760E-11
1.4200E+5	1.0000E+0	2.3100E-7	3.0000E+1	6.0734E-11
1.4250E+5	1.0000E+0	2.3350E-7	3.0000E+1	6.0219E-11
1.4300E+5	1.0000E+0	2.3858E-7	3.0000E+1	5.9717E-11
1.4350E+5	1.0000E+0	2.2698E-7	3.0000E+1	5.9342E-11
1.4400E+5	1.0000E+0	2.2784E-7	3.0000E+1	5.9050E-11
1.4450E+5	1.0000E+0	2.3328E-7	3.0000E+1	5.9081E-11
1.4500E+5	1.0000E+0	2.3472E-7	3.0000E+1	5.8502E-11
1.4550E+5	1.0000E+0	2.3325E-7	3.0000E+1	5.8000E-11
1.4600E+5	1.0000E+0	2.3296E-7	3.0000E+1	5.7644E-11
1.4650E+5	1.0000E+0	2.3053E-7	3.0000E+1	5.8050E-11
1.4700E+5	1.0000E+0	2.3096E-7	3.0000E+1	5.7448E-11
1.4750E+5	1.0000E+0	2.2957E-7	3.0000E+1	5.7337E-11
1.4800E+5	1.0000E+0	2.2846E-7	3.0000E+1	5.6863E-11
1.4850E+5	1.0000E+0	2.3287E-7	3.0000E+1	5.7207E-11
1.4900E+5	1.0000E+0	2.2909E-7	3.0000E+1	5.6602E-11
1.4950E+5	1.0000E+0	2.2047E-7	3.0000E+1	5.6466E-11
1.5000E+5	1.0000E+0	2.1917E-7	3.0000E+1	5.6657E-11
1.5050E+5	1.0000E+0	2.2232E-7	3.0000E+1	5.6444E-11
1.5100E+5	1.0000E+0	2.2351E-7	3.0000E+1	5.6887E-11
1.5150E+5	1.0000E+0	2.2057E-7	3.0000E+1	5.6952E-11
1.5200E+5	1.0000E+0	2.2191E-7	3.0000E+1	5.6891E-11
1.5250E+5	1.0000E+0	2.1999E-7	3.0000E+1	5.5997E-11
1.5300E+5	1.0000E+0	2.2039E-7	3.0000E+1	5.5913E-11
1.5350E+5	1.0000E+0	2.1566E-7	3.0000E+1	5.6398E-11
1.5400E+5	1.0000E+0	2.1402E-7	3.0000E+1	5.6318E-11
1.5450E+5	1.0000E+0	2.1566E-7	3.0000E+1	5.5707E-11
1.5500E+5	1.0000E+0	2.1835E-7	3.0000E+1	5.6399E-11
1.5550E+5	1.0000E+0	2.1643E-7	3.0000E+1	5.5318E-11
1.5600E+5	1.0000E+0	2.1267E-7	3.0000E+1	5.5944E-11
1.5650E+5	1.0000E+0	2.2090E-7	3.0000E+1	5.6163E-11
1.5700E+5	1.0000E+0	2.1849E-7	3.0000E+1	5.5956E-11
1.5750E+5	1.0000E+0	2.1439E-7	3.0000E+1	5.5645E-11
1.5800E+5	1.0000E+0	2.0956E-7	3.0000E+1	5.5691E-11
1.5850E+5	1.0000E+0	2.0902E-7	3.0000E+1	5.5938E-11
1.5900E+5	1.0000E+0	2.1125E-7	3.0000E+1	5.6073E-11
1.5950E+5	1.0000E+0	2.0726E-7	3.0000E+1	5.5621E-11
1.6000E+5	1.0000E+0	2.1493E-7	3.0000E+1	5.5472E-11
1.6050E+5	1.0000E+0	2.1285E-7	3.0000E+1	5.5592E-11
1.6100E+5	1.0000E+0	2.1303E-7	3.0000E+1	5.5841E-11
1.6150E+5	1.0000E+0	2.0900E-7	3.0000E+1	5.5435E-11
1.6200E+5	1.0000E+0	2.1160E-7	3.0000E+1	5.5717E-11
1.6250E+5	1.0000E+0	2.1022E-7	3.0000E+1	5.5556E-11
1.6300E+5	1.0000E+0	2.0818E-7	3.0000E+1	5.5065E-11
1.6350E+5	1.0000E+0	2.1093E-7	3.0000E+1	5.4739E-11
1.6400E+5	1.0000E+0	2.1435E-7	3.0000E+1	5.5718E-11
1.6450E+5	1.0000E+0	2.1127E-7	3.0000E+1	5.5037E-11
1.6500E+5	1.0000E+0	2.0657E-7	3.0000E+1	5.5533E-11
1.6550E+5	1.0000E+0	2.0560E-7	3.0000E+1	5.5659E-11
1.6600E+5	1.0000E+0	2.0763E-7	3.0000E+1	5.5209E-11
1.6650E+5	1.0000E+0	2.0657E-7	3.0000E+1	5.5535E-11
1.6700E+5	1.0000E+0	2.0937E-7	3.0000E+1	5.4964E-11
1.6750E+5	1.0000E+0	2.1005E-7	3.0000E+1	5.5101E-11
1.6800E+5	1.0000E+0	2.1104E-7	3.0000E+1	5.5226E-11
1.6850E+5	1.0000E+0	2.1696E-7	3.0000E+1	5.5136E-11
1.6900E+5	1.0000E+0	2.1278E-7	3.0000E+1	5.5062E-11
1.6950E+5	1.0000E+0	2.0898E-7	3.0000E+1	5.4797E-11
1.7000E+5	1.0000E+0	2.1109E-7	3.0000E+1	5.5083E-11
1.7050E+5	1.0000E+0	2.0498E-7	3.0000E+1	5.4929E-11
1.7100E+5	1.0000E+0	2.0618E-7	3.0000E+1	5.4630E-11
1.7150E+5	1.0000E+0	2.0729E-7	3.0000E+1	5.4754E-11
1.7200E+5	1.0000E+0	2.0034E-7	3.0000E+1	5.4439E-11
1.7250E+5	1.0000E+0	1.9986E-7	3.0000E+1	5.5168E-11
1.7300E+5	1.0000E+0	2.0385E-7	3.0000E+1	5.5156E-11
1.7350E+5	1.0000E+0	2.0376E-7	3.0000E+1	5.4975E-11
1.7400E+5	1.0000E+0	2.0339E-7	3.0000E+1	5.5376E-11
1.7450E+5	1.0000E+0	1.9773E-7	3.0000E+1	5.5178E-11
1.7500E+5	1.0000E+0	1.8865E-7	3.0000E+1	5.5316E-11
1.7550E+5	1.0000E+0	1.9824E-7	3.0000E+1	5.4717E-11
1.7600E+5	1.0000E+0	1.9805E-7	3.0000E+1	5.4458E-11
1.7650E+5	1.0000E+0	1.9525E-7	3.0000E+1	5.5029E-11
1.7700E+5	1.0000E+0	1.9779E-7	3.0000E+1	5.4708E-11
1.7750E+5	1.0000E+0	1.9655E-7	3.0000E+1	5.4403E-11
1.7800E+5	1.0000E+0	1.9469E-7	3.0000E+1	5.4549E-11
1.7850E+5	1.0000E+0	1.9624E-7	3.0000E+1	5.4566E-11
1.7900E+5	1.0000E+0	1.9376E-7	3.0000E+1	5.4758E-11
1.7950E+5	1.0000E+0	1.9246E-7	3.0000E+1	5.4103E-11
1.8000E+5	1.0000E+0	1.9317E-7	3.0000E+1	5.4395E-11
1.8050E+5	1.0000E+0	1.9368E-7	3.0000E+1	5.4241E-11
1.8100E+5	1.0000E+0	1.9566E-7	3.0000E+1	5.4091E-11
1.8150E+5	1.0000E+0	1.9814E-7	3.0000E+1	5.4227E-11
1.8200E+5	1.0000E+0	1.9668E-7	3.0000E+1	5.3624E-11
1.8250E+5	1.0000E+0	1.9692E-7	3.0000E+1	5.3840E-11
1.8300E+5	1.0000E+0	1.9584E-7	3.0000E+1	5.3679E-11
1.8350E+5	1.0000E+0	2.0274E-7	3.0000E+1	5.3664E-11
1.8400E+5	1.0000E+0	1.9865E-7	3.0000E+1	5.3869E-11
1.8450E+5	1.0000E+0	1.9823E-7	3.0000E+1	5.3572E-11
1.8500E+5	1.0000E+0	1.9403E-7	3.0000E+1	5.3599E-11
1.8550E+5	1.0000E+0	1.9662E-7	3.0000E+1	5.3703E-11
1.8600E+5	1.0000E+0	1.9295E-7	3.0000E+1	5.3539E-11
1.8650E+5	1.0000E+0	1.9161E-7	3.0000E+1	5.3620E-11
1.8700E+5	1.0000E+0	1.9407E-7	3.0000E+1	5.3484E-11
1.8750E+5	1.0000E+0	1.9070E-7	3.0000E+1	5.3325E-11
1.8800E+5	1.0000E+0	1.8922E-7	3.0000E+1	5.3368E-11
1.8850E+5	1.0000E+0	1.8943E-7	3.0000E+1	5.3362E-11
1.8900E+5	1.0000E+0	1.8821E-7	3.0000E+1	5.3296E-11
1.8950E+5	1.0000E+0	1.9099E-7	3.0000E+1	5.3334E-11
1.9000E+5	1.0000E+0	1.9487E-7	3.0000E+1	5.3085E-11
1.9050E+5	1.0000E+0	1.9270E-7	3.0000E+1	5.3059E-11
1.9100E+5	1.0000E+0	1.9341E-7	3.0000E+1	5.3077E-11
1.9150E+5	1.0000E+0	1.8926E-7	3.0000E+1	5.3256E-11
1.9200E+5	1.0000E+0	1.8953E-7	3.0000E+1	5.2676E-11
1.9250E+5	1.0000E+0	1.8871E-7	3.0000E+1	5.2754E-11
1.9300E+5	1.0000E+0	1.9430E-7	3.0000E+1	5.2507E-11
1.9350E+5	1.0000E+0	1.9436E-7	3.0000E+1	5.3065E-11
1.9400E+5	1.0000E+0	1.9016E-7	3.0000E+1	5.3312E-11
1.9450E+5	1.0000E+0	1.8290E-7	3.0000E+1	5.3997E-11
1.9500E+5	1.0000E+0	1.9115E-7	3.0000E+1	5.2410E-11
1.9550E+5	1.0000E+0	1.9106E-7	3.0000E+1	5.2502E-11
1.9600E+5	1.0000E+0	1.8997E-7	3.0000E+1	5.3113E-11
1.9650E+5	1.0000E+0	1.9036E-7	3.0000E+1	5.2633E-11
1.9700E+5	1.0000E+0	1.9503E-7	3.0000E+1	5.2742E-11
1.9750E+5	1.0000E+0	1.9321E-7	3.0000E+1	5.2847E-11
1.9800E+5	1.0000E+0	1.9196E-7	3.0000E+1	5.3071E-11
1.9850E+5	1.0000E+0	1.9124E-7	3.0000E+1	5.3434E-11
1.9900E+5	1.0000E+0	1.8865E-7	3.0000E+1	5.3212E-11
1.9950E+5	1.0000E+0	1.8888E-7	3.0000E+1	5.3992E-11
2.0000E+5	1.0000E+0	1.9054E-7	3.0000E+1	5.3377E-11
2.0050E+5	1.0000E+0	1.8607E-7	3.0000E+1	5.3178E-11
2.0100E+5	1.0000E+0	1.8546E-7	3.0000E+1	5.2977E-11
2.0150E+5	1.0000E+0	1.7942E-7	3.0000E+1	5.2580E-11
2.0200E+5	1.0000E+0	1.7862E-7	3.0000E+1	5.1949E-11
2.0250E+5	1.0000E+0	1.7917E-7	3.0000E+1	5.2335E-11
2.0300E+5	1.0000E+0	1.7726E-7	3.0000E+1	5.2382E-11
2.0350E+5	1.0000E+0	1.8294E-7	3.0000E+1	5.2230E-11
2.0400E+5	1.0000E+0	1.8165E-7	3.0000E+1	5.2615E-11
2.0450E+5	1.0000E+0	1.7810E-7	3.0000E+1	5.2295E-11
2.0500E+5	1.0000E+0	1.7971E-7	3.0000E+1	5.2420E-11
2.0550E+5	1.0000E+0	1.8477E-7	3.0000E+1	5.2410E-11
2.0600E+5	1.0000E+0	1.8812E-7	3.0000E+1	5.2035E-11
2.0650E+5	1.0000E+0	1.8435E-7	3.0000E+1	5.2825E-11
2.0700E+5	1.0000E+0	1.8538E-7	3.0000E+1	5.2868E-11
2.0750E+5	1.0000E+0	1.7458E-7	3.0000E+1	5.3257E-11
2.0800E+5	1.0000E+0	1.7362E-7	3.0000E+1	5.3507E-11
2.0850E+5	1.0000E+0	1.7720E-7	3.0000E+1	5.3108E-11
2.0900E+5	1.0000E+0	1.7664E-7	3.0000E+1	5.3482E-11
2.0950E+5	1.0000E+0	1.7610E-7	3.0000E+1	5.3297E-11
2.1000E+5	1.0000E+0	1.7133E-7	3.0000E+1	5.2990E-11
2.1050E+5	1.0000E+0	1.7936E-7	3.0000E+1	5.3008E-11
2.1100E+5	1.0000E+0	1.7558E-7	3.0000E+1	5.2701E-11
2.1150E+5	1.0000E+0	1.7420E-7	3.0000E+1	5.2418E-11
2.1200E+5	1.0000E+0	1.7212E-7	3.0000E+1	5.1787E-11
2.1250E+5	1.0000E+0	1.7150E-7	3.0000E+1	5.2214E-11
2.1300E+5	1.0000E+0	1.7058E-7	3.0000E+1	5.3024E-11
2.1350E+5	1.0000E+0	1.7033E-7	3.0000E+1	5.2598E-11
2.1400E+5	1.0000E+0	1.7103E-7	3.0000E+1	5.2543E-11
2.1450E+5	1.0000E+0	1.7538E-7	3.0000E+1	5.2091E-11
2.1500E+5	1.0000E+0	1.7971E-7	3.0000E+1	5.2714E-11
2.1550E+5	1.0000E+0	1.8088E-7	3.0000E+1	5.2255E-11
2.1600E+5	1.0000E+0	1.7755E-7	3.0000E+1	5.2774E-11
2.1650E+5	1.0000E+0	1.7800E-7	3.0000E+1	5.2248E-11
2.1700E+5	1.0000E+0	1.7597E-7	3.0000E+1	5.2469E-11
2.1750E+5	1.0000E+0	1.8158E-7	3.0000E+1	5.2342E-11
2.1800E+5	1.0000E+0	1.8197E-7	3.0000E+1	5.2231E-11
2.1850E+5	1.0000E+0	1.8120E-7	3.0000E+1	5.2297E-11
2.1900E+5	1.0000E+0	1.7421E-7	3.0000E+1	5.1939E-11
2.1950E+5	1.0000E+0	1.7313E-7	3.0000E+1	5.1891E-11
2.2000E+5	1.0000E+0	1.7151E-7	3.0000E+1	5.1669E-11
2.2050E+5	1.0000E+0	1.7716E-7	3.0000E+1	5.1639E-11
2.2100E+5	1.0000E+0	1.7331E-7	3.0000E+1	5.1324E-11
2.2150E+5	1.0000E+0	1.7486E-7	3.0000E+1	5.1782E-11
2.2200E+5	1.0000E+0	1.7725E-7	3.0000E+1	5.2249E-11
2.2250E+5	1.0000E+0	1.7793E-7	3.0000E+1	5.1987E-11
2.2300E+5	1.0000E+0	1.8336E-7	3.0000E+1	5.1177E-11
2.2350E+5	1.0000E+0	1.8396E-7	3.0000E+1	5.1613E-11
2.2400E+5	1.0000E+0	1.8243E-7	3.0000E+1	5.1939E-11
2.2450E+5	1.0000E+0	1.8030E-7	3.0000E+1	5.1576E-11
2.2500E+5	1.0000E+0	1.8118E-7	3.0000E+1	5.1670E-11
2.2550E+5	1.0000E+0	1.8215E-7	3.0000E+1	5.1397E-11
2.2600E+5	1.0000E+0	1.8107E-7	3.0000E+1	5.1717E-11
2.2650E+5	1.0000E+0	1.7780E-7	3.0000E+1	5.1197E-11
2.2700E+5	1.0000E+0	1.8044E-7	3.0000E+1	5.0790E-11
2.2750E+5	1.0000E+0	1.7604E-7	3.0000E+1	5.1061E-11
2.2800E+5	1.0000E+0	1.7705E-7	3.0000E+1	5.1331E-11
2.2850E+5	1.0000E+0	1.7363E-7	3.0000E+1	5.0875E-11
2.2900E+5	1.0000E+0	1.7488E-7	3.0000E+1	5.1328E-11
2.2950E+5	1.0000E+0	1.7299E-7	3.0000E+1	5.1605E-11
2.3000E+5	1.0000E+0	1.7553E-7	3.0000E+1	5.1441E-11
2.3050E+5	1.0000E+0	1.7508E-7	3.0000E+1	5.1509E-11
2.3100E+5	1.0000E+0	1.6976E-7	3.0000E+1	5.1484E-11
2.3150E+5	1.0000E+0	1.6784E-7	3.0000E+1	5.1316E-11
2.3200E+5	1.0000E+0	1.6801E-7	3.0000E+1	5.1260E-11
2.3250E+5	1.0000E+0	1.6629E-7	3.0000E+1	5.1401E-11
2.3300E+5	1.0000E+0	1.6622E-7	3.0000E+1	5.1403E-11
2.3350E+5	1.0000E+0	1.6834E-7	3.0000E+1	5.1726E-11
2.3400E+5	1.0000E+0	1.7097E-7	3.0000E+1	5.1094E-11
2.3450E+5	1.0000E+0	1.6954E-7	3.0000E+1	5.1103E-11
2.3500E+5	1.0000E+0	1.7333E-7	3.0000E+1	5.1167E-11
2.3550E+5	1.0000E+0	1.7044E-7	3.0000E+1	5.1502E-11
2.3600E+5	1.0000E+0	1.6832E-7	3.0000E+1	5.1334E-11
2.3650E+5	1.0000E+0	1.6605E-7	3.0000E+1	5.1640E-11
2.3700E+5	1.0000E+0	1.6880E-7	3.0000E+1	5.1337E-11
2.3750E+5	1.0000E+0	1.6708E-7	3.0000E+1	5.1502E-11
2.3800E+5	1.0000E+0	1.6477E-7	3.0000E+1	5.1193E-11
2.3850E+5	1.0000E+0	1.6851E-7	3.0000E+1	5.0888E-11
2.3900E+5	1.0000E+0	1.6752E-7	3.0000E+1	5.0762E-11
2.3950E+5	1.0000E+0	1.6895E-7	3.0000E+1	5.1089E-11
2.4000E+5	1.0000E+0	1.6849E-7	3.0000E+1	5.0890E-11
2.4050E+5	1.0000E+0	1.7139E-7	3.0000E+1	5.1168E-11
2.4100E+5	1.0000E+0	1.6797E-7	3.0000E+1	5.1134E-11
2.4150E+5	1.0000E+0	1.7124E-7	3.0000E+1	5.1157E-11
2.4200E+5	1.0000E+0	1.6772E-7	3.0000E+1	5.1467E-11
2.4250E+5	1.0000E+0	1.6776E-7	3.0000E+1	5.1197E-11
2.4300E+5	1.0000E+0	1.6679E-7	3.0000E+1	5.1022E-11
2.4350E+5	1.0000E+0	1.6786E-7	3.0000E+1	5.1206E-11
2.4400E+5	1.0000E+0	1.6835E-7	3.0000E+1	5.1386E-11
2.4450E+5	1.0000E+0	1.7306E-7	3.0000E+1	5.1445E-11
2.4500E+5	1.0000E+0	1.7089E-7	3.0000E+1	5.1329E-11
2.4550E+5	1.0000E+0	1.6908E-7	3.0000E+1	5.1591E-11
2.4600E+5	1.0000E+0	1.6628E-7	3.0000E+1	5.1621E-11
2.4650E+5	1.0000E+0	1.6740E-7	3.0000E+1	5.1333E-11
2.4700E+5	1.0000E+0	1.6861E-7	3.0000E+1	5.0508E-11
2.4750E+5	1.0000E+0	1.6407E-7	3.0000E+1	5.0187E-11
2.4800E+5	1.0000E+0	1.6719E-7	3.0000E+1	5.0671E-11
2.4850E+5	1.0000E+0	1.6719E-7	3.0000E+1	5.0381E-11
2.4900E+5	1.0000E+0	1.6685E-7	3.0000E+1	5.0405E-11
2.4950E+5	1.0000E+0	1.6149E-7	3.0000E+1	5.0292E-11
2.5000E+5	1.0000E+0	1.6457E-7	3.0000E+1	5.0615E-11
2.5050E+5	1.0000E+0	1.6235E-7	3.0000E+1	5.0579E-11
2.5100E+5	1.0000E+0	1.6546E-7	3.0000E+1	5.0769E-11
2.5150E+5	1.0000E+0	1.6636E-7	3.0000E+1	5.1185E-11
2.5200E+5	1.0000E+0	1.6588E-7	3.0000E+1	5.0637E-11
2.5250E+5	1.0000E+0	1.6450E-7	3.0000E+1	5.0319E-11
2.5300E+5	1.0000E+0	1.6810E-7	3.0000E+1	5.0540E-11
2.5350E+5	1.0000E+0	1.6400E-7	3.0000E+1	5.0747E-11
2.5400E+5	1.0000E+0	1.6621E-7	3.0000E+1	5.0753E-11
2.5450E+5	1.0000E+0	1.6354E-7	3.0000E+1	5.0626E-11
2.5500E+5	1.0000E+0	1.6701E-7	3.0000E+1	5.0641E-11
2.5550E+5	1.0000E+0	1.6599E-7	3.0000E+1	5.0657E-11
2.5600E+5	1.0000E+0	1.6273E-7	3.0000E+1	5.0595E-11
2.5650E+5	1.0000E+0	1.6131E-7	3.0000E+1	5.0043E-11
2.5700E+5	1.0000E+0	1.6061E-7	3.0000E+1	5.0002E-11
2.5750E+5	1.0000E+0	1.5835E-7	3.0000E+1	5.0225E-11
2.5800E+5	1.0000E+0	1.6118E-7	3.0000E+1	4.9795E-11
2.5850E+5	1.0000E+0	1.5962E-7	3.0000E+1	5.0145E-11
2.5900E+5	1.0000E+0	1.5703E-7	3.0000E+1	5.0831E-11
2.5950E+5	1.0000E+0	1.6056E-7	3.0000E+1	5.0727E-11
2.6000E+5	1.0000E+0	1.5750E-7	3.0000E+1	5.0505E-11
2.6050E+5	1.0000E+0	1.6199E-7	3.0000E+1	4.9835E-11
2.6100E+5	1.0000E+0	1.6104E-7	3.0000E+1	4.9917E-11
2.6150E+5	1.0000E+0	1.5530E-7	3.0000E+1	4.9850E-11
2.6200E+5	1.0000E+0	1.5593E-7	3.0000E+1	4.9720E-11
2.6250E+5	1.0000E+0	1.5558E-7	3.0000E+1	4.9713E-11
2.6300E+5	1.0000E+0	1.5565E-7	3.0000E+1	5.0113E-11
2.6350E+5	1.0000E+0	1.5726E-7	3.0000E+1	4.9657E-11
2.6400E+5	1.0000E+0	1.6108E-7	3.0000E+1	5.0255E-11
2.6450E+5	1.0000E+0	1.6075E-7	3.0000E+1	5.0546E-11
2.6500E+5	1.0000E+0	1.5956E-7	3.0000E+1	5.0006E-11
2.6550E+5	1.0000E+0	1.5447E-7	3.0000E+1	5.0403E-11
2.6600E+5	1.0000E+0	1.5589E-7	3.0000E+1	5.0578E-11
2.6650E+5	1.0000E+0	1.5739E-7	3.0000E+1	5.0121E-11
2.6700E+5	1.0000E+0	1.5852E-7	3.0000E+1	5.0095E-11
2.6750E+5	1.0000E+0	1.5465E-7	3.0000E+1	5.0266E-11
2.6800E+5	1.0000E+0	1.5764E-7	3.0000E+1	4.9868E-11
2.6850E+5	1.0000E+0	1.5758E-7	3.0000E+1	4.9251E-11
2.6900E+5	1.0000E+0	1.5451E-7	3.0000E+1	4.9770E-11
2.6950E+5	1.0000E+0	1.5610E-7	3.0000E+1	4.9823E-11
2.7000E+5	1.0000E+0	1.5837E-7	3.0000E+1	4.9840E-11
2.7050E+5	1.0000E+0	1.6175E-7	3.0000E+1	4.9925E-11
2.7100E+5	1.0000E+0	1.6158E-7	3.0000E+1	4.9734E-11
2.7150E+5	1.0000E+0	1.6096E-7	3.0000E+1	4.9927E-11
2.7200E+5	1.0000E+0	1.6214E-7	3.0000E+1	4.9965E-11
2.7250E+5	1.0000E+0	1.6237E-7	3.0000E+1	4.9676E-11
2.7300E+5	1.0000E+0	1.6065E-7	3.0000E+1	5.0913E-11
2.7350E+5	1.0000E+0	1.5834E-7	3.0000E+1	5.0796E-11
2.7400E+5	1.0000E+0	1.5760E-7	3.0000E+1	5.0508E-11
2.7450E+5	1.0000E+0	1.5860E-7	3.0000E+1	5.0713E-11
2.7500E+5	1.0000E+0	1.6213E-7	3.0000E+1	5.0775E-11
2.7550E+5	1.0000E+0	1.6308E-7	3.0000E+1	5.0873E-11
2.7600E+5	1.0000E+0	1.6328E-7	3.0000E+1	5.0834E-11
2.7650E+5	1.0000E+0	1.6119E-7	3.0000E+1	5.0615E-11
2.7700E+5	1.0000E+0	1.6387E-7	3.0000E+1	5.0683E-11
2.7750E+5	1.0000E+0	1.6104E-7	3.0000E+1	5.0291E-11
2.7800E+5	1.0000E+0	1.6181E-7	3.0000E+1	5.0011E-11
2.7850E+5	1.0000E+0	1.6302E-7	3.0000E+1	5.0355E-11
2.7900E+5	1.0000E+0	1.6365E-7	3.0000E+1	5.0578E-11
2.7950E+5	1.0000E+0	1.6438E-7	3.0000E+1	5.0920E-11
2.8000E+5	1.0000E+0	1.6150E-7	3.0000E+1	5.0477E-11
2.8050E+5	1.0000E+0	1.5875E-7	3.0000E+1	5.0266E-11
2.8100E+5	1.0000E+0	1.5765E-7	3.0000E+1	5.0079E-11
2.8150E+5	1.0000E+0	1.5744E-7	3.0000E+1	5.0271E-11
2.8200E+5	1.0000E+0	1.6033E-7	3.0000E+1	5.0081E-11
2.8250E+5	1.0000E+0	1.5664E-7	3.0000E+1	5.0371E-11
2.8300E+5	1.0000E+0	1.5461E-7	3.0000E+1	5.0980E-11
2.8350E+5	1.0000E+0	1.5582E-7	3.0000E+1	5.0433E-11
2.8400E+5	1.0000E+0	1.6092E-7	3.0000E+1	5.0241E-11
2.8450E+5	1.0000E+0	1.6031E-7	3.0000E+1	5.0018E-11
2.8500E+5	1.0000E+0	1.5397E-7	3.0000E+1	4.9591E-11
2.8550E+5	1.0000E+0	1.4877E-7	3.0000E+1	4.9434E-11
2.8600E+5	1.0000E+0	1.4949E-7	3.0000E+1	4.9416E-11
2.8650E+5	1.0000E+0	1.4857E-7	3.0000E+1	4.9461E-11
2.8700E+5	1.0000E+0	1.4990E-7	3.0000E+1	4.9571E-11
2.8750E+5	1.0000E+0	1.5331E-7	3.0000E+1	4.9404E-11
2.8800E+5	1.0000E+0	1.5020E-7	3.0000E+1	4.9350E-11
2.8850E+5	1.0000E+0	1.5133E-7	3.0000E+1	4.8704E-11
2.8900E+5	1.0000E+0	1.4777E-7	3.0000E+1	4.9079E-11
2.8950E+5	1.0000E+0	1.5163E-7	3.0000E+1	4.9686E-11
2.9000E+5	1.0000E+0	1.5247E-7	3.0000E+1	4.9514E-11
2.9050E+5	1.0000E+0	1.5563E-7	3.0000E+1	4.9120E-11
2.9100E+5	1.0000E+0	1.5118E-7	3.0000E+1	4.9177E-11
2.9150E+5	1.0000E+0	1.4577E-7	3.0000E+1	4.9293E-11
2.9200E+5	1.0000E+0	1.5097E-7	3.0000E+1	4.9171E-11
2.9250E+5	1.0000E+0	1.4656E-7	3.0000E+1	4.8643E-11
2.9300E+5	1.0000E+0	1.4541E-7	3.0000E+1	4.8594E-11
2.9350E+5	1.0000E+0	1.4732E-7	3.0000E+1	4.9118E-11
2.9400E+5	1.0000E+0	1.4603E-7	3.0000E+1	4.9074E-11
2.9450E+5	1.0000E+0	1.4328E-7	3.0000E+1	4.9227E-11
2.9500E+5	1.0000E+0	1.4547E-7	3.0000E+1	4.8972E-11
2.9550E+5	1.0000E+0	1.4168E-7	3.0000E+1	4.8922E-11
2.9600E+5	1.0000E+0	1.4529E-7	3.0000E+1	4.8406E-11
2.9650E+5	1.0000E+0	1.4434E-7	3.0000E+1	4.9131E-11
2.9700E+5	1.0000E+0	1.4480E-7	3.0000E+1	4.8858E-11
2.9750E+5	1.0000E+0	1.4135E-7	3.0000E+1	4.8707E-11
2.9800E+5	1.0000E+0	1.4357E-7	3.0000E+1	4.8722E-11
2.9850E+5	1.0000E+0	1.4496E-7	3.0000E+1	4.9031E-11
2.9900E+5	1.0000E+0	1.4732E-7	3.0000E+1	4.9233E-11
2.9950E+5	1.0000E+0	1.4220E-7	3.0000E+1	4.9276E-11
3.0000E+5	1.0000E+0	1.3976E-7	3.0000E+1	4.8901E-11
3.0050E+5	1.0000E+0	1.4162E-7	3.0000E+1	4.8866E-11
3.0100E+5	1.0000E+0	1.4064E-7	3.0000E+1	5.2593E-11
3.0150E+5	1.0000E+0	1.3755E-7	3.0000E+1	5.1185E-11
3.0200E+5	1.0000E+0	1.4087E-7	3.0000E+1	5.0548E-11
3.0250E+5	1.0000E+0	1.4052E-7	3.0000E+1	5.0343E-11
3.0300E+5	1.0000E+0	1.4144E-7	3.0000E+1	4.9688E-11
3.0350E+5	1.0000E+0	1.3836E-7	3.0000E+1	4.9391E-11
3.0400E+5	1.0000E+0	1.4161E-7	3.0000E+1	4.9186E-11
3.0450E+5	1.0000E+0	1.4086E-7	3.0000E+1	4.7151E-11
3.0500E+5	1.0000E+0	1.4184E-7	3.0000E+1	4.6650E-11
3.0550E+5	1.0000E+0	1.4293E-7	3.0000E+1	4.7123E-11
3.0600E+5	1.0000E+0	1.4296E-7	3.0000E+1	4.7789E-11
3.0650E+5	1.0000E+0	1.4592E-7	3.0000E+1	4.7747E-11
3.0700E+5	1.0000E+0	1.4255E-7	3.0000E+1	4.8343E-11
3.0750E+5	1.0000E+0	1.4234E-7	3.0000E+1	4.8204E-11
3.0800E+5	1.0000E+0	1.4224E-7	3.0000E+1	4.8072E-11
3.0850E+5	1.0000E+0	1.3410E-7	3.0000E+1	4.7934E-11
3.0900E+5	1.0000E+0	1.3820E-7	3.0000E+1	4.8370E-11
3.0950E+5	1.0000E+0	1.3811E-7	3.0000E+1	4.8641E-11
3.1000E+5	1.0000E+0	1.3395E-7	3.0000E+1	4.8662E-11
3.1050E+5	1.0000E+0	1.3652E-7	3.0000E+1	4.8324E-11
3.1100E+5	1.0000E+0	1.3832E-7	3.0000E+1	4.8271E-11
3.1150E+5	1.0000E+0	1.3890E-7	3.0000E+1	4.8259E-11
3.1200E+5	1.0000E+0	1.3924E-7	3.0000E+1	4.8674E-11
3.1250E+5	1.0000E+0	1.3447E-7	3.0000E+1	4.8838E-11
3.1300E+5	1.0000E+0	1.3551E-7	3.0000E+1	4.8384E-11
3.1350E+5	1.0000E+0	1.3570E-7	3.0000E+1	4.8646E-11
3.1400E+5	1.0000E+0	1.3833E-7	3.0000E+1	4.8624E-11
3.1450E+5	1.0000E+0	1.3697E-7	3.0000E+1	4.8113E-11
3.1500E+5	1.0000E+0	1.4105E-7	3.0000E+1	4.8127E-11
3.1550E+5	1.0000E+0	1.3888E-7	3.0000E+1	4.8096E-11
3.1600E+5	1.0000E+0	1.3835E-7	3.0000E+1	4.8021E-11
3.1650E+5	1.0000E+0	1.3967E-7	3.0000E+1	4.8763E-11
3.1700E+5	1.0000E+0	1.4319E-7	3.0000E+1	4.8443E-11
3.1750E+5	1.0000E+0	1.4286E-7	3.0000E+1	4.8240E-11
3.1800E+5	1.0000E+0	1.4374E-7	3.0000E+1	4.8089E-11
3.1850E+5	1.0000E+0	1.3979E-7	3.0000E+1	4.8248E-11
3.1900E+5	1.0000E+0	1.3742E-7	3.0000E+1	4.8116E-11
3.1950E+5	1.0000E+0	1.3889E-7	3.0000E+1	4.8327E-11
3.2000E+5	1.0000E+0	1.4106E-7	3.0000E+1	4.8479E-11
3.2050E+5	1.0000E+0	1.4043E-7	3.0000E+1	4.8138E-11
3.2100E+5	1.0000E+0	1.3966E-7	3.0000E+1	4.8679E-11
3.2150E+5	1.0000E+0	1.3689E-7	3.0000E+1	4.8527E-11
3.2200E+5	1.0000E+0	1.3797E-7	3.0000E+1	4.8463E-11
3.2250E+5	1.0000E+0	1.3828E-7	3.0000E+1	4.7853E-11
3.2300E+5	1.0000E+0	1.2853E-7	3.0000E+1	4.8283E-11
3.2350E+5	1.0000E+0	1.2826E-7	3.0000E+1	4.8020E-11
3.2400E+5	1.0000E+0	1.2983E-7	3.0000E+1	4.8494E-11
3.2450E+5	1.0000E+0	1.2846E-7	3.0000E+1	4.8909E-11
3.2500E+5	1.0000E+0	1.2682E-7	3.0000E+1	4.8705E-11
3.2550E+5	1.0000E+0	1.2681E-7	3.0000E+1	4.8727E-11
3.2600E+5	1.0000E+0	1.2747E-7	3.0000E+1	4.8350E-11
3.2650E+5	1.0000E+0	1.2916E-7	3.0000E+1	4.8630E-11
3.2700E+5	1.0000E+0	1.2733E-7	3.0000E+1	4.7783E-11
3.2750E+5	1.0000E+0	1.2732E-7	3.0000E+1	4.7989E-11
3.2800E+5	1.0000E+0	1.2542E-7	3.0000E+1	4.7922E-11
3.2850E+5	1.0000E+0	1.1850E-7	3.0000E+1	3.0540E-9
3.2900E+5	1.0000E+0	1.1903E-7	3.0000E+1	3.2131E-9
3.2950E+5	1.0000E+0	1.1921E-7	3.0000E+1	3.2625E-9
3.3000E+5	1.0000E+0	1.1697E-7	3.0000E+1	3.2783E-9
3.3050E+5	1.0000E+0	1.1538E-7	3.0000E+1	3.2975E-9
3.3100E+5	1.0000E+0	1.1508E-7	3.0000E+1	3.2820E-9
3.3150E+5	1.0000E+0	1.1601E-7	3.0000E+1	3.2843E-9
3.3200E+5	1.0000E+0	1.1518E-7	3.0000E+1	3.3146E-9
3.3250E+5	1.0000E+0	1.1294E-7	3.0000E+1	3.2762E-9
3.3300E+5	1.0000E+0	1.1773E-7	3.0000E+1	3.2854E-9
3.3350E+5	1.0000E+0	1.1700E-7	3.0000E+1	3.2927E-9
3.3400E+5	1.0000E+0	1.1461E-7	3.0000E+1	3.3005E-9
3.3450E+5	1.0000E+0	1.1542E-7	3.0000E+1	3.2925E-9
3.3500E+5	1.0000E+0	1.1523E-7	3.0000E+1	3.3014E-9
3.3550E+5	1.0000E+0	1.1788E-7	3.0000E+1	3.3206E-9
3.3600E+5	1.0000E+0	1.1609E-7	3.0000E+1	3.2932E-9
3.3650E+5	1.0000E+0	1.1825E-7	3.0000E+1	3.2931E-9
3.3700E+5	1.0000E+0	1.1529E-7	3.0000E+1	3.2824E-9
3.3750E+5	1.0000E+0	1.1898E-7	3.0000E+1	3.2978E-9
3.3800E+5	1.0000E+0	1.2351E-7	3.0000E+1	3.3028E-9
3.3850E+5	1.0000E+0	1.3040E-7	3.0000E+1	3.9068E-10
3.3900E+5	1.0000E+0	1.3215E-7	3.0000E+1	1.4069E-10
3.3950E+5	1.0000E+0	1.3193E-7	3.0000E+1	9.8605E-11
3.4000E+5	1.0000E+0	1.3165E-7	3.0000E+1	8.1125E-11
3.4050E+5	1.0000E+0	1.2983E-7	3.0000E+1	7.0801E-11
3.4100E+5	1.0000E+0	1.2873E-7	3.0000E+1	6.4388E-11
3.4150E+5	1.0000E+0	1.2906E-7	3.0000E+1	5.8761E-11
3.4200E+5	1.0000E+0	1.3103E-7	3.0000E+1	5.5418E-11
3.4250E+5	1.0000E+0	1.3119E-7	3.0000E+1	5.3507E-11
3.4300E+5	1.0000E+0	1.3078E-7	3.0000E+1	5.2201E-11
3.4350E+5	1.0000E+0	1.2709E-7	3.0000E+1	4.9989E-11
3.4400E+5	1.0000E+0	1.2769E-7	3.0000E+1	4.9465E-11
3.4450E+5	1.0000E+0	1.2534E-7	3.0000E+1	4.9987E-11
3.4500E+5	1.0000E+0	1.2553E-7	3.0000E+1	4.9735E-11
3.4550E+5	1.0000E+0	1.2563E-7	3.0000E+1	4.9546E-11
3.4600E+5	1.0000E+0	1.2479E-7	3.0000E+1	4.8366E-11
3.4650E+5	1.0000E+0	1.2302E-7	3.0000E+1	4.8744E-11
3.4700E+5	1.0000E+0	1.2494E-7	3.0000E+1	4.8983E-11
3.4750E+5	1.0000E+0	1.2588E-7	3.0000E+1	4.8444E-11
3.4800E+5	1.0000E+0	1.2901E-7	3.0000E+1	4.8481E-11
3.4850E+5	1.0000E+0	1.2022E-7	3.0000E+1	3.0645E-9
3.4900E+5	1.0000E+0	1.1789E-7	3.0000E+1	3.2266E-9
3.4950E+5	1.0000E+0	1.1748E-7	3.0000E+1	3.2784E-9
3.5000E+5	1.0000E+0	1.1843E-7	3.0000E+1	3.2742E-9
3.5050E+5	1.0000E+0	1.2227E-7	3.0000E+1	3.2821E-9
3.5100E+5	1.0000E+0	1.1937E-7	3.0000E+1	3.2981E-9
3.5150E+5	1.0000E+0	1.2193E-7	3.0000E+1	3.2889E-9
3.5200E+5	1.0000E+0	1.1845E-7	3.0000E+1	3.2983E-9
3.5250E+5	1.0000E+0	1.1832E-7	3.0000E+1	3.2938E-9
3.5300E+5	1.0000E+0	1.1688E-7	3.0000E+1	3.2990E-9
3.5350E+5	1.0000E+0	1.2154E-7	3.0000E+1	3.2866E-9
3.5400E+5	1.0000E+0	1.2277E-7	3.0000E+1	3.2861E-9
3.5450E+5	1.0000E+0	1.1906E-7	3.0000E+1	3.2868E-9
3.5500E+5	1.0000E+0	1.2296E-7	3.0000E+1	3.2938E-9
3.5550E+5	1.0000E+0	1.2370E-7	3.0000E+1	3.2865E-9
3.5600E+5	1.0000E+0	1.2263E-7	3.0000E+1	3.3059E-9
3.5650E+5	1.0000E+0	1.2200E-7	3.0000E+1	3.2861E-9
3.5700E+5	1.0000E+0	1.1848E-7	3.0000E+1	3.2873E-9
3.5750E+5	1.0000E+0	1.2228E-7	3.0000E+1	3.2913E-9
3.5800E+5	1.0000E+0	1.2550E-7	3.0000E+1	3.3039E-9
3.5850E+5	1.0000E+0	1.2190E-7	3.0000E+1	4.5492E-10
3.5900E+5	1.0000E+0	1.2648E-7	3.0000E+1	1.4855E-10
3.5950E+5	1.0000E+0	1.3046E-7	3.0000E+1	9.6290E-11
3.6000E+5	1.0000E+0	1.3264E-7	3.0000E+1	7.9634E-11
3.6050E+5	1.0000E+0	1.3117E-7	3.0000E+1	7.0703E-11
3.6100E+5	1.0000E+0	1.3173E-7	3.0000E+1	6.4254E-11
3.6150E+5	1.0000E+0	1.2996E-7	3.0000E+1	6.0146E-11
3.6200E+5	1.0000E+0	1.3018E-7	3.0000E+1	5.6281E-11
3.6250E+5	1.0000E+0	1.2962E-7	3.0000E+1	5.3796E-11
3.6300E+5	1.0000E+0	1.2862E-7	3.0000E+1	5.1895E-11
3.6350E+5	1.0000E+0	1.3076E-7	3.0000E+1	5.0861E-11
3.6400E+5	1.0000E+0	1.3333E-7	3.0000E+1	4.9738E-11
3.6450E+5	1.0000E+0	1.3318E-7	3.0000E+1	4.8770E-11
3.6500E+5	1.0000E+0	1.3108E-7	3.0000E+1	4.8640E-11
3.6550E+5	1.0000E+0	1.3618E-7	3.0000E+1	4.9156E-11
3.6600E+5	1.0000E+0	1.3596E-7	3.0000E+1	4.8788E-11
3.6650E+5	1.0000E+0	1.3880E-7	3.0000E+1	4.8443E-11
3.6700E+5	1.0000E+0	1.3106E-7	3.0000E+1	4.8668E-11
3.6750E+5	1.0000E+0	1.3434E-7	3.0000E+1	4.7471E-11
3.6800E+5	1.0000E+0	1.3459E-7	3.0000E+1	4.7807E-11
3.6850E+5	1.0000E+0	1.2821E-7	3.0000E+1	3.0421E-9
3.6900E+5	1.0000E+0	1.2385E-7	3.0000E+1	3.2300E-9
3.6950E+5	1.0000E+0	1.2063E-7	3.0000E+1	3.2873E-9
3.7000E+5	1.0000E+0	1.1865E-7	3.0000E+1	3.2624E-9
3.7050E+5	1.0000E+0	1.1730E-7	3.0000E+1	3.2853E-9
3.7100E+5	1.0000E+0	1.1838E-7	3.0000E+1	3.2843E-9
3.7150E+5	1.0000E+0	1.1786E-7	3.0000E+1	3.2782E-9
3.7200E+5	1.0000E+0	1.1558E-7	3.0000E+1	3.2975E-9
3.7250E+5	1.0000E+0	1.1395E-7	3.0000E+1	3.2936E-9
3.7300E+5	1.0000E+0	1.1489E-7	3.0000E+1	3.2813E-9
3.7350E+5	1.0000E+0	1.1305E-7	3.0000E+1	3.2871E-9
3.7400E+5	1.0000E+0	1.1433E-7	3.0000E+1	3.2741E-9
3.7450E+5	1.0000E+0	1.1467E-7	3.0000E+1	3.2931E-9
3.7500E+5	1.0000E+0	1.1049E-7	3.0000E+1	3.2666E-9
3.7550E+5	1.0000E+0	1.1211E-7	3.0000E+1	3.2715E-9
3.7600E+5	1.0000E+0	1.1186E-7	3.0000E+1	3.2891E-9
3.7650E+5	1.0000E+0	1.1186E-7	3.0000E+1	3.2757E-9
3.7700E+5	1.0000E+0	1.0967E-7	3.0000E+1	3.2866E-9
3.7750E+5	1.0000E+0	1.0876E-7	3.0000E+1	3.2817E-9
3.7800E+5	1.0000E+0	1.1177E-7	3.0000E+1	3.3022E-9
3.7850E+5	1.0000E+0	1.1562E-7	3.0000E+1	5.9464E-10
3.7900E+5	1.0000E+0	1.1965E-7	3.0000E+1	1.4801E-10
3.7950E+5	1.0000E+0	1.2094E-7	3.0000E+1	9.4848E-11
3.8000E+5	1.0000E+0	1.1993E-7	3.0000E+1	7.8793E-11
3.8050E+5	1.0000E+0	1.1923E-7	3.0000E+1	6.9885E-11
3.8100E+5	1.0000E+0	1.1929E-7	3.0000E+1	6.3523E-11
3.8150E+5	1.0000E+0	1.2063E-7	3.0000E+1	5.9255E-11
3.8200E+5	1.0000E+0	1.2039E-7	3.0000E+1	5.5937E-11
3.8250E+5	1.0000E+0	1.1875E-7	3.0000E+1	5.3580E-11
3.8300E+5	1.0000E+0	1.2011E-7	3.0000E+1	5.0932E-11
3.8350E+5	1.0000E+0	1.2050E-7	3.0000E+1	5.0265E-11
3.8400E+5	1.0000E+0	1.1980E-7	3.0000E+1	4.9679E-11
3.8450E+5	1.0000E+0	1.1961E-7	3.0000E+1	4.9504E-11
3.8500E+5	1.0000E+0	1.1949E-7	3.0000E+1	4.8456E-11
3.8550E+5	1.0000E+0	1.1604E-7	3.0000E+1	4.8693E-11
3.8600E+5	1.0000E+0	1.1663E-7	3.0000E+1	4.8187E-11
3.8650E+5	1.0000E+0	1.1626E-7	3.0000E+1	4.7753E-11
3.8700E+5	1.0000E+0	1.1864E-7	3.0000E+1	4.7586E-11
3.8750E+5	1.0000E+0	1.1863E-7	3.0000E+1	4.7532E-11
3.8800E+5	1.0000E+0	1.1875E-7	3.0000E+1	4.7494E-11
3.8850E+5	1.0000E+0	1.1104E-7	3.0000E+1	3.0217E-9
3.8900E+5	1.0000E+0	1.0881E-7	3.0000E+1	3.2278E-9
3.8950E+5	1.0000E+0	1.1204E-7	3.0000E+1	3.2652E-9
3.9000E+5	1.0000E+0	1.0885E-7	3.0000E+1	3.2734E-9
3.9050E+5	1.0000E+0	1.0718E-7	3.0000E+1	3.2778E-9
3.9100E+5	1.0000E+0	1.0777E-7	3.0000E+1	3.2672E-9
3.9150E+5	1.0000E+0	1.0827E-7	3.0000E+1	3.2767E-9
3.9200E+5	1.0000E+0	1.1058E-7	3.0000E+1	3.2958E-9
3.9250E+5	1.0000E+0	1.1161E-7	3.0000E+1	3.2551E-9
3.9300E+5	1.0000E+0	1.0812E-7	3.0000E+1	3.3015E-9
3.9350E+5	1.0000E+0	1.1006E-7	3.0000E+1	3.2755E-9
3.9400E+5	1.0000E+0	1.0704E-7	3.0000E+1	3.2736E-9
3.9450E+5	1.0000E+0	1.0703E-7	3.0000E+1	3.2801E-9
3.9500E+5	1.0000E+0	1.0931E-7	3.0000E+1	3.2932E-9
3.9550E+5	1.0000E+0	1.0786E-7	3.0000E+1	3.2645E-9
3.9600E+5	1.0000E+0	1.0937E-7	3.0000E+1	3.2788E-9
3.9650E+5	1.0000E+0	1.0845E-7	3.0000E+1	3.2853E-9
3.9700E+5	1.0000E+0	1.0676E-7	3.0000E+1	3.2833E-9
3.9750E+5	1.0000E+0	1.0745E-7	3.0000E+1	3.2948E-9
3.9800E+5	1.0000E+0	1.0948E-7	3.0000E+1	3.2806E-9
3.9850E+5	1.0000E+0	1.1235E-7	3.0000E+1	9.0938E-10
3.9900E+5	1.0000E+0	1.1189E-7	3.0000E+1	1.6146E-10
3.9950E+5	1.0000E+0	1.1320E-7	3.0000E+1	1.0013E-10
4.0000E+5	1.0000E+0	1.1187E-7	3.0000E+1	7.8298E-11
4.0050E+5	1.0000E+0	1.1405E-7	3.0000E+1	6.9492E-11
4.0100E+5	1.0000E+0	1.1451E-7	3.0000E+1	6.3678E-11
4.0150E+5	1.0000E+0	1.1128E-7	3.0000E+1	5.8789E-11
4.0200E+5	1.0000E+0	1.1423E-7	3.0000E+1	5.4214E-11
4.0250E+5	1.0000E+0	1.1239E-7	3.0000E+1	5.3024E-11
4.0300E+5	1.0000E+0	1.0923E-7	3.0000E+1	5.2034E-11
4.0350E+5	1.0000E+0	1.0736E-7	3.0000E+1	5.0137E-11
4.0400E+5	1.0000E+0	1.0727E-7	3.0000E+1	4.9415E-11
4.0450E+5	1.0000E+0	1.1042E-7	3.0000E+1	4.8982E-11
4.0500E+5	1.0000E+0	1.1080E-7	3.0000E+1	4.8467E-11
4.0550E+5	1.0000E+0	1.1071E-7	3.0000E+1	4.8009E-11
4.0600E+5	1.0000E+0	1.0977E-7	3.0000E+1	4.7697E-11
4.0650E+5	1.0000E+0	1.1167E-7	3.0000E+1	4.7623E-11
4.0700E+5	1.0000E+0	1.1134E-7	3.0000E+1	4.6796E-11
4.0750E+5	1.0000E+0	1.0939E-7	3.0000E+1	4.6983E-11
4.0800E+5	1.0000E+0	1.0932E-7	3.0000E+1	4.6967E-11
4.0850E+5	1.0000E+0	1.0835E-7	3.0000E+1	4.6496E-11
4.0900E+5	1.0000E+0	1.0620E-7	3.0000E+1	4.6595E-11
4.0950E+5	1.0000E+0	1.1021E-7	3.0000E+1	4.9471E-11
4.1000E+5	1.0000E+0	1.1012E-7	3.0000E+1	5.3961E-11
4.1050E+5	1.0000E+0	1.1208E-7	3.0000E+1	5.9623E-11
4.1100E+5	1.0000E+0	1.1035E-7	3.0000E+1	6.4450E-11
4.1150E+5	1.0000E+0	1.1589E-7	3.0000E+1	6.7168E-11
4.1200E+5	1.0000E+0	1.1221E-7	3.0000E+1	6.7038E-11
4.1250E+5	1.0000E+0	1.0856E-7	3.0000E+1	6.7920E-11
4.1300E+5	1.0000E+0	1.0820E-7	3.0000E+1	6.7599E-11
4.1350E+5	1.0000E+0	1.0743E-7	3.0000E+1	6.7556E-11
4.1400E+5	1.0000E+0	1.0875E-7	3.0000E+1	6.7446E-11
4.1450E+5	1.0000E+0	1.0463E-7	3.0000E+1	6.7388E-11
4.1500E+5	1.0000E+0	1.0519E-7	3.0000E+1	6.7955E-11
4.1550E+5	1.0000E+0	1.0604E-7	3.0000E+1	6.7393E-11
4.1600E+5	1.0000E+0	1.1131E-7	3.0000E+1	6.7110E-11
4.1650E+5	1.0000E+0	1.0632E-7	3.0000E+1	6.7366E-11
4.1700E+5	1.0000E+0	1.0892E-7	3.0000E+1	6.7526E-11
4.1750E+5	1.0000E+0	1.0706E-7	3.0000E+1	6.7613E-11
4.1800E+5	1.0000E+0	1.0783E-7	3.0000E+1	6.7499E-11
4.1850E+5	1.0000E+0	1.1106E-7	3.0000E+1	6.7288E-11
4.1900E+5	1.0000E+0	1.1589E-7	3.0000E+1	6.6987E-11
4.1950E+5	1.0000E+0	1.0785E-7	3.0000E+1	6.7743E-11
4.2000E+5	1.0000E+0	1.0523E-7	3.0000E+1	6.7803E-11
4.2050E+5	1.0000E+0	1.0600E-7	3.0000E+1	6.8079E-11
4.2100E+5	1.0000E+0	1.0906E-7	3.0000E+1	6.7778E-11
4.2150E+5	1.0000E+0	1.0718E-7	3.0000E+1	6.8250E-11
4.2200E+5	1.0000E+0	1.0757E-7	3.0000E+1	6.7859E-11
4.2250E+5	1.0000E+0	1.0726E-7	3.0000E+1	6.7841E-11
4.2300E+5	1.0000E+0	1.0456E-7	3.0000E+1	6.8097E-11
4.2350E+5	1.0000E+0	1.0306E-7	3.0000E+1	6.7748E-11
4.2400E+5	1.0000E+0	1.0327E-7	3.0000E+1	6.7132E-11
4.2450E+5	1.0000E+0	1.0453E-7	3.0000E+1	6.7898E-11
4.2500E+5	1.0000E+0	1.0467E-7	3.0000E+1	6.9556E-11
4.2550E+5	1.0000E+0	1.0397E-7	3.0000E+1	6.8789E-11
4.2600E+5	1.0000E+0	1.0206E-7	3.0000E+1	6.7241E-11
4.2650E+5	1.0000E+0	1.0632E-7	3.0000E+1	6.7238E-11
4.2700E+5	1.0000E+0	1.0714E-7	3.0000E+1	6.7494E-11
4.2750E+5	1.0000E+0	1.0630E-7	3.0000E+1	6.7204E-11
4.2800E+5	1.0000E+0	1.0548E-7	3.0000E+1	6.7470E-11
4.2850E+5	1.0000E+0	1.0686E-7	3.0000E+1	6.6778E-11
4.2900E+5	1.0000E+0	1.0967E-7	3.0000E+1	6.6177E-11
4.2950E+5	1.0000E+0	1.0525E-7	3.0000E+1	6.7319E-11
4.3000E+5	1.0000E+0	1.0493E-7	3.0000E+1	6.6515E-11
4.3050E+5	1.0000E+0	1.0218E-7	3.0000E+1	3.4146E-9
4.3100E+5	1.0000E+0	9.8384E-8	3.0000E+1	5.6781E-9
4.3150E+5	1.0000E+0	9.8908E-8	3.0000E+1	5.7087E-9
4.3200E+5	1.0000E+0	9.6386E-8	3.0000E+1	5.6988E-9
4.3250E+5	1.0000E+0	9.7616E-8	3.0000E+1	5.7212E-9
4.3300E+5	1.0000E+0	9.6620E-8	3.0000E+1	5.6970E-9
4.3350E+5	1.0000E+0	9.5773E-8	3.0000E+1	5.7029E-9
4.3400E+5	1.0000E+0	9.7728E-8	3.0000E+1	5.7128E-9
4.3450E+5	1.0000E+0	9.8389E-8	3.0000E+1	5.6957E-9
4.3550E+5	1.0000E+0	9.5660E-8	3.0000E+1	5.7042E-9
4.3600E+5	1.0000E+0	9.4111E-8	3.0000E+1	5.7088E-9
4.3650E+5	1.0000E+0	9.3134E-8	3.0000E+1	5.6914E-9
4.3700E+5	1.0000E+0	9.7248E-8	3.0000E+1	5.6806E-9
4.3750E+5	1.0000E+0	9.4483E-8	3.0000E+1	5.7219E-9
4.3800E+5	1.0000E+0	9.7521E-8	3.0000E+1	5.6776E-9
4.3850E+5	1.0000E+0	9.6647E-8	3.0000E+1	5.6901E-9
4.3900E+5	1.0000E+0	9.6855E-8	3.0000E+1	5.6924E-9
4.3950E+5	1.0000E+0	9.8772E-8	3.0000E+1	5.6905E-9
4.4000E+5	1.0000E+0	9.7802E-8	3.0000E+1	5.6863E-9
4.4100E+5	1.0000E+0	1.0390E-7	3.0000E+1	2.1369E-10
4.4150E+5	1.0000E+0	1.0470E-7	3.0000E+1	1.3268E-10
4.4200E+5	1.0000E+0	1.0480E-7	3.0000E+1	1.0798E-10
4.4250E+5	1.0000E+0	1.0655E-7	3.0000E+1	9.7591E-11
4.4300E+5	1.0000E+0	1.0608E-7	3.0000E+1	9.0953E-11
4.4350E+5	1.0000E+0	1.0861E-7	3.0000E+1	8.6689E-11
4.4400E+5	1.0000E+0	1.0775E-7	3.0000E+1	8.2741E-11
4.4450E+5	1.0000E+0	1.0884E-7	3.0000E+1	7.8766E-11
4.4500E+5	1.0000E+0	1.0771E-7	3.0000E+1	7.6194E-11
4.4550E+5	1.0000E+0	1.0585E-7	3.0000E+1	7.4357E-11
4.4600E+5	1.0000E+0	1.0586E-7	3.0000E+1	7.3047E-11
4.4650E+5	1.0000E+0	1.0889E-7	3.0000E+1	7.1362E-11
4.4700E+5	1.0000E+0	1.1401E-7	3.0000E+1	6.9860E-11
4.4750E+5	1.0000E+0	1.1079E-7	3.0000E+1	6.9002E-11
4.4800E+5	1.0000E+0	1.0943E-7	3.0000E+1	6.9222E-11
4.4850E+5	1.0000E+0	1.1200E-7	3.0000E+1	6.9294E-11
4.4900E+5	1.0000E+0	1.0882E-7	3.0000E+1	6.8702E-11
4.4950E+5	1.0000E+0	1.1039E-7	3.0000E+1	6.7671E-11
4.5000E+5	1.0000E+0	1.1177E-7	3.0000E+1	6.8092E-11
4.5050E+5	1.0000E+0	1.0430E-7	3.0000E+1	2.6190E-9
4.5100E+5	1.0000E+0	9.8389E-8	3.0000E+1	5.5857E-9
4.5150E+5	1.0000E+0	9.7079E-8	3.0000E+1	5.6298E-9
4.5200E+5	1.0000E+0	1.0098E-7	3.0000E+1	5.6193E-9
4.5250E+5	1.0000E+0	1.0289E-7	3.0000E+1	5.6619E-9
4.5300E+5	1.0000E+0	1.0131E-7	3.0000E+1	5.6589E-9
4.5350E+5	1.0000E+0	1.0102E-7	3.0000E+1	5.6421E-9
4.5400E+5	1.0000E+0	1.0170E-7	3.0000E+1	5.6459E-9
4.5500E+5	1.0000E+0	1.0017E-7	3.0000E+1	5.6498E-9
4.5600E+5	1.0000E+0	9.6766E-8	3.0000E+1	5.6363E-9
4.5650E+5	1.0000E+0	9.9144E-8	3.0000E+1	5.6211E-9
4.5750E+5	1.0000E+0	9.8142E-8	3.0000E+1	5.6263E-9
4.5850E+5	1.0000E+0	9.9286E-8	3.0000E+1	5.6268E-9
4.5950E+5	1.0000E+0	1.0056E-7	3.0000E+1	5.6169E-9
4.6050E+5	1.0000E+0	1.0657E-7	3.0000E+1	5.0807E-9
4.6100E+5	1.0000E+0	1.0879E-7	3.0000E+1	2.2145E-10
4.6150E+5	1.0000E+0	1.0931E-7	3.0000E+1	1.3262E-10
4.6200E+5	1.0000E+0	1.1023E-7	3.0000E+1	1.0515E-10
4.6250E+5	1.0000E+0	1.0959E-7	3.0000E+1	9.6136E-11
4.6300E+5	1.0000E+0	1.1005E-7	3.0000E+1	8.7633E-11
4.6350E+5	1.0000E+0	1.0707E-7	3.0000E+1	8.2426E-11
4.6400E+5	1.0000E+0	1.0848E-7	3.0000E+1	7.9706E-11
4.6450E+5	1.0000E+0	1.0785E-7	3.0000E+1	7.7514E-11
4.6500E+5	1.0000E+0	1.0576E-7	3.0000E+1	7.5600E-11
4.6550E+5	1.0000E+0	1.0746E-7	3.0000E+1	7.3256E-11
4.6600E+5	1.0000E+0	1.0892E-7	3.0000E+1	7.2156E-11
4.6650E+5	1.0000E+0	1.1049E-7	3.0000E+1	7.0256E-11
4.6700E+5	1.0000E+0	1.0641E-7	3.0000E+1	6.9000E-11
4.6750E+5	1.0000E+0	1.0960E-7	3.0000E+1	6.7872E-11
4.6800E+5	1.0000E+0	1.0168E-7	3.0000E+1	6.8952E-11
4.6900E+5	1.0000E+0	1.0899E-7	3.0000E+1	6.8039E-11
4.6950E+5	1.0000E+0	1.1161E-7	3.0000E+1	6.6562E-11
4.7000E+5	1.0000E+0	1.0787E-7	3.0000E+1	6.6719E-11
4.7050E+5	1.0000E+0	1.0063E-7	3.0000E+1	1.8609E-9
4.7100E+5	1.0000E+0	9.7142E-8	3.0000E+1	5.5337E-9
4.7150E+5	1.0000E+0	9.7504E-8	3.0000E+1	5.6005E-9
4.7200E+5	1.0000E+0	9.3208E-8	3.0000E+1	5.5801E-9
4.7250E+5	1.0000E+0	9.5182E-8	3.0000E+1	5.5907E-9
4.7300E+5	1.0000E+0	9.2460E-8	3.0000E+1	5.5799E-9
4.7350E+5	1.0000E+0	9.4947E-8	3.0000E+1	5.5930E-9
4.7400E+5	1.0000E+0	9.5930E-8	3.0000E+1	5.5902E-9
4.7450E+5	1.0000E+0	9.7562E-8	3.0000E+1	5.6225E-9
4.7550E+5	1.0000E+0	9.8410E-8	3.0000E+1	5.5835E-9
4.7600E+5	1.0000E+0	9.6300E-8	3.0000E+1	5.5713E-9
4.7650E+5	1.0000E+0	9.2993E-8	3.0000E+1	5.5860E-9
4.7700E+5	1.0000E+0	9.3399E-8	3.0000E+1	5.6175E-9
4.7750E+5	1.0000E+0	9.3030E-8	3.0000E+1	5.5975E-9
4.7800E+5	1.0000E+0	9.5965E-8	3.0000E+1	5.5686E-9
4.7850E+5	1.0000E+0	9.6137E-8	3.0000E+1	5.5469E-9
4.7900E+5	1.0000E+0	9.3889E-8	3.0000E+1	5.5965E-9
4.7950E+5	1.0000E+0	9.5102E-8	3.0000E+1	5.5963E-9
4.8000E+5	1.0000E+0	9.3688E-8	3.0000E+1	5.5902E-9
4.8050E+5	1.0000E+0	9.6094E-8	3.0000E+1	5.5289E-9
4.8100E+5	1.0000E+0	1.0554E-7	3.0000E+1	2.3748E-10
4.8150E+5	1.0000E+0	1.0684E-7	3.0000E+1	1.3598E-10
4.8200E+5	1.0000E+0	1.0666E-7	3.0000E+1	1.0819E-10
4.8250E+5	1.0000E+0	1.0795E-7	3.0000E+1	9.5988E-11
4.8300E+5	1.0000E+0	1.0998E-7	3.0000E+1	8.8843E-11
4.8350E+5	1.0000E+0	1.0902E-7	3.0000E+1	8.4829E-11
4.8400E+5	1.0000E+0	1.0855E-7	3.0000E+1	8.1459E-11
4.8450E+5	1.0000E+0	1.0966E-7	3.0000E+1	7.8225E-11
4.8500E+5	1.0000E+0	1.1244E-7	3.0000E+1	7.6559E-11
4.8550E+5	1.0000E+0	1.0883E-7	3.0000E+1	7.3637E-11
4.8600E+5	1.0000E+0	1.0870E-7	3.0000E+1	7.2410E-11
4.8650E+5	1.0000E+0	1.0906E-7	3.0000E+1	7.1182E-11
4.8700E+5	1.0000E+0	1.1063E-7	3.0000E+1	7.0421E-11
4.8750E+5	1.0000E+0	1.0815E-7	3.0000E+1	6.9762E-11
4.8800E+5	1.0000E+0	1.0924E-7	3.0000E+1	6.9470E-11
4.8850E+5	1.0000E+0	1.0575E-7	3.0000E+1	6.8573E-11
4.8900E+5	1.0000E+0	1.0818E-7	3.0000E+1	6.7711E-11
4.8950E+5	1.0000E+0	1.0541E-7	3.0000E+1	6.7664E-11
4.9000E+5	1.0000E+0	1.0715E-7	3.0000E+1	6.8322E-11
4.9050E+5	1.0000E+0	1.0247E-7	3.0000E+1	1.1560E-9
4.9100E+5	1.0000E+0	9.4733E-8	3.0000E+1	5.4601E-9
4.9150E+5	1.0000E+0	9.7862E-8	3.0000E+1	5.5651E-9
4.9200E+5	1.0000E+0	9.7202E-8	3.0000E+1	5.5566E-9
4.9250E+5	1.0000E+0	9.6200E-8	3.0000E+1	5.5558E-9
4.9300E+5	1.0000E+0	9.7759E-8	3.0000E+1	5.5642E-9
4.9350E+5	1.0000E+0	9.3567E-8	3.0000E+1	5.5480E-9
4.9400E+5	1.0000E+0	9.7735E-8	3.0000E+1	5.5368E-9
4.9450E+5	1.0000E+0	9.7903E-8	3.0000E+1	5.5523E-9
4.9500E+5	1.0000E+0	9.8932E-8	3.0000E+1	5.5542E-9
4.9550E+5	1.0000E+0	1.0365E-7	3.0000E+1	5.5413E-9
4.9600E+5	1.0000E+0	1.0117E-7	3.0000E+1	5.5610E-9
4.9700E+5	1.0000E+0	1.0179E-7	3.0000E+1	5.5509E-9
4.9750E+5	1.0000E+0	9.9099E-8	3.0000E+1	5.5374E-9
4.9800E+5	1.0000E+0	1.0185E-7	3.0000E+1	5.5745E-9
4.9850E+5	1.0000E+0	9.8215E-8	3.0000E+1	5.5722E-9
4.9900E+5	1.0000E+0	9.7522E-8	3.0000E+1	5.5459E-9
4.9950E+5	1.0000E+0	9.7587E-8	3.0000E+1	5.5548E-9
5.0000E+5	1.0000E+0	9.8231E-8	3.0000E+1	5.5537E-9
5.0100E+5	1.0000E+0	1.0055E-7	3.0000E+1	2.4519E-10
5.0200E+5	1.0000E+0	1.0241E-7	3.0000E+1	1.0767E-10
5.0250E+5	1.0000E+0	1.0193E-7	3.0000E+1	9.6952E-11
5.0300E+5	1.0000E+0	1.0180E-7	3.0000E+1	9.0081E-11
5.0350E+5	1.0000E+0	9.9776E-8	3.0000E+1	8.4666E-11
5.0400E+5	1.0000E+0	9.8989E-8	3.0000E+1	8.1569E-11
5.0500E+5	1.0000E+0	1.0488E-7	3.0000E+1	7.7000E-11
5.0550E+5	1.0000E+0	1.0233E-7	3.0000E+1	7.4375E-11
5.0650E+5	1.0000E+0	1.0111E-7	3.0000E+1	7.1528E-11
5.0700E+5	1.0000E+0	9.8214E-8	3.0000E+1	6.9963E-11
5.0750E+5	1.0000E+0	9.5995E-8	3.0000E+1	6.9108E-11
5.0800E+5	1.0000E+0	9.5643E-8	3.0000E+1	6.8295E-11
5.0850E+5	1.0000E+0	9.3518E-8	3.0000E+1	6.7843E-11
5.0900E+5	1.0000E+0	9.2690E-8	3.0000E+1	6.9690E-11
5.0950E+5	1.0000E+0	9.4329E-8	3.0000E+1	6.8665E-11
5.1000E+5	1.0000E+0	9.7475E-8	3.0000E+1	6.6440E-11
5.1050E+5	1.0000E+0	9.7278E-8	3.0000E+1	6.6042E-11
5.1100E+5	1.0000E+0	9.1596E-8	3.0000E+1	6.6341E-11
5.1150E+5	1.0000E+0	9.0780E-8	3.0000E+1	6.6209E-11
5.1200E+5	1.0000E+0	9.2988E-8	3.0000E+1	6.6447E-11
5.1250E+5	1.0000E+0	9.1368E-8	3.0000E+1	6.6481E-11
5.1300E+5	1.0000E+0	9.2448E-8	3.0000E+1	6.6491E-11
5.1350E+5	1.0000E+0	9.2006E-8	3.0000E+1	6.6003E-11
5.1400E+5	1.0000E+0	9.1471E-8	3.0000E+1	6.6644E-11
5.1450E+5	1.0000E+0	9.4402E-8	3.0000E+1	6.6726E-11
5.1500E+5	1.0000E+0	9.5127E-8	3.0000E+1	6.6869E-11
5.1550E+5	1.0000E+0	9.2149E-8	3.0000E+1	6.6556E-11
5.1600E+5	1.0000E+0	9.4448E-8	3.0000E+1	6.5982E-11
5.1650E+5	1.0000E+0	9.2446E-8	3.0000E+1	6.6088E-11
5.1700E+5	1.0000E+0	9.4479E-8	3.0000E+1	6.6326E-11
5.1750E+5	1.0000E+0	9.1822E-8	3.0000E+1	6.6661E-11
5.1800E+5	1.0000E+0	9.2021E-8	3.0000E+1	6.7313E-11
5.1850E+5	1.0000E+0	9.5101E-8	3.0000E+1	6.6251E-11
5.1900E+5	1.0000E+0	9.1108E-8	3.0000E+1	6.6178E-11
5.1950E+5	1.0000E+0	9.3146E-8	3.0000E+1	6.6385E-11
5.2000E+5	1.0000E+0	9.2869E-8	3.0000E+1	6.5805E-11
5.2050E+5	1.0000E+0	9.4105E-8	3.0000E+1	6.5367E-11
5.2100E+5	1.0000E+0	9.3445E-8	3.0000E+1	6.5644E-11
5.2150E+5	1.0000E+0	9.4469E-8	3.0000E+1	6.5910E-11
5.2200E+5	1.0000E+0	9.4675E-8	3.0000E+1	6.5079E-11
5.2250E+5	1.0000E+0	9.3531E-8	3.0000E+1	6.5113E-11
5.2300E+5	1.0000E+0	9.3096E-8	3.0000E+1	6.5314E-11
5.2350E+5	1.0000E+0	9.5582E-8	3.0000E+1	6.5587E-11
5.2400E+5	1.0000E+0	9.4500E-8	3.0000E+1	6.5761E-11
5.2450E+5	1.0000E+0	9.3436E-8	3.0000E+1	6.5508E-11
5.2500E+5	1.0000E+0	9.2849E-8	3.0000E+1	6.5471E-11
5.2550E+5	1.0000E+0	9.3000E-8	3.0000E+1	6.5842E-11
5.2600E+5	1.0000E+0	9.2171E-8	3.0000E+1	6.5775E-11
5.2650E+5	1.0000E+0	9.3755E-8	3.0000E+1	6.5887E-11
5.2700E+5	1.0000E+0	9.3224E-8	3.0000E+1	6.5579E-11
5.2750E+5	1.0000E+0	9.5064E-8	3.0000E+1	6.4826E-11
5.2800E+5	1.0000E+0	9.1803E-8	3.0000E+1	6.5490E-11
5.2850E+5	1.0000E+0	9.4531E-8	3.0000E+1	6.5765E-11
5.2900E+5	1.0000E+0	9.5085E-8	3.0000E+1	6.5331E-11
5.2950E+5	1.0000E+0	9.4419E-8	3.0000E+1	6.5110E-11
5.3000E+5	1.0000E+0	9.2800E-8	3.0000E+1	6.5185E-11
5.3050E+5	1.0000E+0	9.2673E-8	3.0000E+1	6.5509E-11
5.3100E+5	1.0000E+0	9.0656E-8	3.0000E+1	6.8771E-11
5.3150E+5	1.0000E+0	8.7832E-8	3.0000E+1	7.3708E-11
5.3200E+5	1.0000E+0	9.0132E-8	3.0000E+1	7.8828E-11
5.3250E+5	1.0000E+0	9.0169E-8	3.0000E+1	8.1888E-11
5.3300E+5	1.0000E+0	9.3403E-8	3.0000E+1	8.3168E-11
5.3350E+5	1.0000E+0	9.1436E-8	3.0000E+1	8.4344E-11
5.3400E+5	1.0000E+0	9.0129E-8	3.0000E+1	8.4095E-11
5.3450E+5	1.0000E+0	9.1342E-8	3.0000E+1	8.2598E-11
5.3500E+5	1.0000E+0	9.2069E-8	3.0000E+1	8.2927E-11
5.3550E+5	1.0000E+0	9.0641E-8	3.0000E+1	8.4561E-11
5.3600E+5	1.0000E+0	9.1647E-8	3.0000E+1	8.4616E-11
5.3650E+5	1.0000E+0	8.9044E-8	3.0000E+1	8.3774E-11
5.3700E+5	1.0000E+0	9.1322E-8	3.0000E+1	8.3375E-11
5.3750E+5	1.0000E+0	9.1913E-8	3.0000E+1	8.3418E-11
5.3800E+5	1.0000E+0	9.2355E-8	3.0000E+1	8.4201E-11
5.3850E+5	1.0000E+0	9.1420E-8	3.0000E+1	8.3317E-11
5.3900E+5	1.0000E+0	9.1572E-8	3.0000E+1	8.3564E-11
5.3950E+5	1.0000E+0	9.2607E-8	3.0000E+1	8.4028E-11
5.4000E+5	1.0000E+0	9.0932E-8	3.0000E+1	8.3530E-11
5.4050E+5	1.0000E+0	9.1460E-8	3.0000E+1	8.3334E-11
5.4100E+5	1.0000E+0	8.8993E-8	3.0000E+1	8.4047E-11
5.4150E+5	1.0000E+0	9.1184E-8	3.0000E+1	8.4815E-11
5.4200E+5	1.0000E+0	8.9478E-8	3.0000E+1	8.3463E-11
5.4250E+5	1.0000E+0	8.9343E-8	3.0000E+1	8.3448E-11
5.4300E+5	1.0000E+0	8.8019E-8	3.0000E+1	8.3149E-11
5.4350E+5	1.0000E+0	8.8595E-8	3.0000E+1	8.3499E-11
5.4400E+5	1.0000E+0	8.9852E-8	3.0000E+1	8.3602E-11
5.4450E+5	1.0000E+0	8.8038E-8	3.0000E+1	8.4342E-11
5.4500E+5	1.0000E+0	8.8488E-8	3.0000E+1	8.3646E-11
5.4550E+5	1.0000E+0	8.7078E-8	3.0000E+1	8.3842E-11
5.4600E+5	1.0000E+0	8.8624E-8	3.0000E+1	8.3809E-11
5.4650E+5	1.0000E+0	8.8628E-8	3.0000E+1	8.2588E-11
5.4700E+5	1.0000E+0	8.5234E-8	3.0000E+1	8.3408E-11
5.4750E+5	1.0000E+0	8.7744E-8	3.0000E+1	8.3242E-11
5.4800E+5	1.0000E+0	8.5429E-8	3.0000E+1	8.3584E-11
5.4850E+5	1.0000E+0	8.6101E-8	3.0000E+1	8.2828E-11
5.4900E+5	1.0000E+0	8.2431E-8	3.0000E+1	8.2647E-11
5.4950E+5	1.0000E+0	8.4563E-8	3.0000E+1	8.3196E-11
5.5000E+5	1.0000E+0	8.7384E-8	3.0000E+1	8.3300E-11
5.5050E+5	1.0000E+0	8.7344E-8	3.0000E+1	8.3066E-11
5.5100E+5	1.0000E+0	8.9527E-8	3.0000E+1	8.3781E-11
5.5150E+5	1.0000E+0	8.6334E-8	3.0000E+1	8.3754E-11
5.5200E+5	1.0000E+0	8.3418E-8	3.0000E+1	8.4003E-11
5.5250E+5	1.0000E+0	8.0863E-8	3.0000E+1	8.3584E-11
5.5300E+5	1.0000E+0	8.4639E-8	3.0000E+1	8.3891E-11
5.5350E+5	1.0000E+0	8.3967E-8	3.0000E+1	8.4097E-11
5.5400E+5	1.0000E+0	8.5217E-8	3.0000E+1	8.3857E-11
5.5450E+5	1.0000E+0	8.4668E-8	3.0000E+1	8.2942E-11
5.5500E+5	1.0000E+0	8.2904E-8	3.0000E+1	8.3395E-11
5.5550E+5	1.0000E+0	8.5268E-8	3.0000E+1	8.3137E-11
5.5600E+5	1.0000E+0	8.2399E-8	3.0000E+1	8.3967E-11
5.5650E+5	1.0000E+0	8.3755E-8	3.0000E+1	8.4250E-11
5.5700E+5	1.0000E+0	8.2675E-8	3.0000E+1	8.4223E-11
5.5750E+5	1.0000E+0	8.3243E-8	3.0000E+1	8.3063E-11
5.5800E+5	1.0000E+0	8.5035E-8	3.0000E+1	8.4099E-11
5.5850E+5	1.0000E+0	8.5248E-8	3.0000E+1	8.3561E-11
5.5900E+5	1.0000E+0	8.5604E-8	3.0000E+1	8.2647E-11
5.5950E+5	1.0000E+0	8.7104E-8	3.0000E+1	8.3561E-11
5.6000E+5	1.0000E+0	8.6415E-8	3.0000E+1	8.3762E-11
5.6050E+5	1.0000E+0	8.5941E-8	3.0000E+1	8.2873E-11
5.6100E+5	1.0000E+0	8.5748E-8	3.0000E+1	8.2945E-11
5.6150E+5	1.0000E+0	8.6940E-8	3.0000E+1	8.2619E-11
5.6200E+5	1.0000E+0	8.7385E-8	3.0000E+1	8.2755E-11
5.6250E+5	1.0000E+0	8.6349E-8	3.0000E+1	8.2643E-11
5.6300E+5	1.0000E+0	8.5923E-8	3.0000E+1	8.2524E-11
5.6350E+5	1.0000E+0	8.7000E-8	3.0000E+1	8.3886E-11
5.6400E+5	1.0000E+0	8.5479E-8	3.0000E+1	8.3709E-11
5.6450E+5	1.0000E+0	8.4403E-8	3.0000E+1	8.3230E-11
5.6500E+5	1.0000E+0	8.6939E-8	3.0000E+1	8.2059E-11
5.6550E+5	1.0000E+0	8.4724E-8	3.0000E+1	8.2607E-11
5.6600E+5	1.0000E+0	8.7231E-8	3.0000E+1	8.2331E-11
5.6650E+5	1.0000E+0	9.0207E-8	3.0000E+1	8.2270E-11
5.6700E+5	1.0000E+0	8.9152E-8	3.0000E+1	8.3168E-11
5.6750E+5	1.0000E+0	8.9669E-8	3.0000E+1	8.2585E-11
5.6800E+5	1.0000E+0	8.8343E-8	3.0000E+1	8.3100E-11
5.6850E+5	1.0000E+0	9.0516E-8	3.0000E+1	8.3168E-11
5.6900E+5	1.0000E+0	8.7555E-8	3.0000E+1	8.4066E-11
5.6950E+5	1.0000E+0	8.5855E-8	3.0000E+1	8.2504E-11
5.7000E+5	1.0000E+0	8.6806E-8	3.0000E+1	8.2597E-11
5.7050E+5	1.0000E+0	8.7315E-8	3.0000E+1	8.2173E-11
5.7100E+5	1.0000E+0	8.5948E-8	3.0000E+1	8.2692E-11
5.7150E+5	1.0000E+0	8.4647E-8	3.0000E+1	8.3243E-11
5.7200E+5	1.0000E+0	8.4163E-8	3.0000E+1	8.2886E-11
5.7250E+5	1.0000E+0	8.5074E-8	3.0000E+1	8.3209E-11
5.7300E+5	1.0000E+0	8.4228E-8	3.0000E+1	8.2583E-11
5.7350E+5	1.0000E+0	8.6291E-8	3.0000E+1	8.2676E-11
5.7400E+5	1.0000E+0	8.3884E-8	3.0000E+1	8.2639E-11
5.7450E+5	1.0000E+0	8.3510E-8	3.0000E+1	8.3655E-11
5.7500E+5	1.0000E+0	8.2856E-8	3.0000E+1	8.2853E-11
5.7550E+5	1.0000E+0	8.2247E-8	3.0000E+1	8.1514E-11
5.7600E+5	1.0000E+0	8.2598E-8	3.0000E+1	8.4071E-11
5.7650E+5	1.0000E+0	8.1701E-8	3.0000E+1	8.4519E-11
5.7700E+5	1.0000E+0	8.0697E-8	3.0000E+1	8.3166E-11
5.7750E+5	1.0000E+0	8.0791E-8	3.0000E+1	8.2247E-11
5.7800E+5	1.0000E+0	7.9903E-8	3.0000E+1	8.2724E-11
5.7850E+5	1.0000E+0	8.2275E-8	3.0000E+1	8.2974E-11
5.7900E+5	1.0000E+0	8.1317E-8	3.0000E+1	8.2514E-11
5.7950E+5	1.0000E+0	8.0238E-8	3.0000E+1	8.2018E-11
5.8000E+5	1.0000E+0	7.8672E-8	3.0000E+1	8.2493E-11
5.8050E+5	1.0000E+0	7.9614E-8	3.0000E+1	8.2424E-11
5.8100E+5	1.0000E+0	8.0576E-8	3.0000E+1	8.2003E-11
5.8150E+5	1.0000E+0	8.2203E-8	3.0000E+1	8.2730E-11
5.8200E+5	1.0000E+0	7.9189E-8	3.0000E+1	8.2222E-11
5.8250E+5	1.0000E+0	8.0131E-8	3.0000E+1	8.3288E-11
5.8300E+5	1.0000E+0	7.9524E-8	3.0000E+1	8.2604E-11
5.8350E+5	1.0000E+0	7.9819E-8	3.0000E+1	8.3660E-11
5.8400E+5	1.0000E+0	7.9999E-8	3.0000E+1	8.3281E-11
5.8450E+5	1.0000E+0	7.7366E-8	3.0000E+1	8.4346E-11
5.8500E+5	1.0000E+0	7.7815E-8	3.0000E+1	8.4016E-11
5.8550E+5	1.0000E+0	7.9839E-8	3.0000E+1	8.3867E-11
5.8600E+5	1.0000E+0	7.7416E-8	3.0000E+1	8.3318E-11
5.8650E+5	1.0000E+0	7.9517E-8	3.0000E+1	8.3599E-11
5.8700E+5	1.0000E+0	7.7756E-8	3.0000E+1	8.3244E-11
5.8750E+5	1.0000E+0	7.6525E-8	3.0000E+1	8.2663E-11
5.8800E+5	1.0000E+0	7.6698E-8	3.0000E+1	8.2983E-11
5.8850E+5	1.0000E+0	7.6043E-8	3.0000E+1	8.3097E-11
5.8900E+5	1.0000E+0	7.5843E-8	3.0000E+1	8.3989E-11
5.8950E+5	1.0000E+0	7.4945E-8	3.0000E+1	8.2767E-11
5.9000E+5	1.0000E+0	7.4969E-8	3.0000E+1	8.3036E-11
5.9050E+5	1.0000E+0	7.5456E-8	3.0000E+1	8.2904E-11
5.9100E+5	1.0000E+0	7.5764E-8	3.0000E+1	8.3555E-11
5.9150E+5	1.0000E+0	7.6962E-8	3.0000E+1	8.3288E-11
5.9200E+5	1.0000E+0	7.7367E-8	3.0000E+1	8.2972E-11
5.9250E+5	1.0000E+0	7.8465E-8	3.0000E+1	8.3208E-11
5.9300E+5	1.0000E+0	7.7250E-8	3.0000E+1	8.3586E-11
5.9350E+5	1.0000E+0	7.6792E-8	3.0000E+1	8.3350E-11
5.9400E+5	1.0000E+0	7.4634E-8	3.0000E+1	8.2572E-11
5.9450E+5	1.0000E+0	7.4790E-8	3.0000E+1	8.3003E-11
5.9500E+5	1.0000E+0	7.5626E-8	3.0000E+1	8.2249E-11
5.9550E+5	1.0000E+0	7.6494E-8	3.0000E+1	8.1996E-11
5.9600E+5	1.0000E+0	7.6259E-8	3.0000E+1	8.2893E-11
5.9650E+5	1.0000E+0	7.3759E-8	3.0000E+1	8.2471E-11
5.9700E+5	1.0000E+0	7.3165E-8	3.0000E+1	8.1362E-11
5.9750E+5	1.0000E+0	7.3149E-8	3.0000E+1	8.2024E-11
5.9800E+5	1.0000E+0	7.3940E-8	3.0000E+1	8.2581E-11
5.9850E+5	1.0000E+0	7.4630E-8	3.0000E+1	8.3642E-11
5.9900E+5	1.0000E+0	7.4486E-8	3.0000E+1	8.3144E-11
5.9950E+5	1.0000E+0	7.5514E-8	3.0000E+1	8.2624E-11
6.0000E+5	1.0000E+0	7.4158E-8	3.0000E+1	8.2322E-11
6.0050E+5	1.0000E+0	7.5096E-8	3.0000E+1	8.3325E-11
6.0100E+5	1.0000E+0	7.4959E-8	3.0000E+1	8.3119E-11
6.0150E+5	1.0000E+0	7.4866E-8	3.0000E+1	8.2618E-11
6.0200E+5	1.0000E+0	7.5883E-8	3.0000E+1	8.1903E-11
6.0250E+5	1.0000E+0	7.5642E-8	3.0000E+1	8.1860E-11
6.0300E+5	1.0000E+0	7.4710E-8	3.0000E+1	8.3036E-11
6.0350E+5	1.0000E+0	7.4889E-8	3.0000E+1	8.4698E-11
6.0400E+5	1.0000E+0	7.6344E-8	3.0000E+1	8.4010E-11
6.0450E+5	1.0000E+0	7.6996E-8	3.0000E+1	8.3787E-11
6.0500E+5	1.0000E+0	7.5757E-8	3.0000E+1	8.3995E-11
6.0550E+5	1.0000E+0	7.4590E-8	3.0000E+1	8.4006E-11
6.0600E+5	1.0000E+0	7.3005E-8	3.0000E+1	8.2607E-11
6.0650E+5	1.0000E+0	7.5580E-8	3.0000E+1	8.2091E-11
6.0700E+5	1.0000E+0	7.6136E-8	3.0000E+1	8.2095E-11
6.0750E+5	1.0000E+0	7.6025E-8	3.0000E+1	8.2773E-11
6.0800E+5	1.0000E+0	7.2334E-8	3.0000E+1	8.2356E-11
6.0850E+5	1.0000E+0	7.4323E-8	3.0000E+1	8.3243E-11
6.0900E+5	1.0000E+0	7.1458E-8	3.0000E+1	8.3855E-11
6.0950E+5	1.0000E+0	7.4798E-8	3.0000E+1	8.1845E-11
6.1000E+5	1.0000E+0	7.4209E-8	3.0000E+1	8.1838E-11
6.1050E+5	1.0000E+0	7.3083E-8	3.0000E+1	8.2107E-11
6.1100E+5	1.0000E+0	7.4282E-8	3.0000E+1	8.2686E-11
6.1150E+5	1.0000E+0	6.6399E-8	3.0000E+1	7.1093E-9
6.1200E+5	1.0000E+0	6.3638E-8	3.0000E+1	7.5273E-9
6.1250E+5	1.0000E+0	6.2294E-8	3.0000E+1	7.5170E-9
6.1300E+5	1.0000E+0	6.1094E-8	3.0000E+1	7.5672E-9
6.1350E+5	1.0000E+0	6.2469E-8	3.0000E+1	7.5623E-9
6.1400E+5	1.0000E+0	6.3311E-8	3.0000E+1	7.5686E-9
6.1450E+5	1.0000E+0	6.3456E-8	3.0000E+1	7.5718E-9
6.1500E+5	1.0000E+0	6.5033E-8	3.0000E+1	7.5690E-9
6.1550E+5	1.0000E+0	6.4518E-8	3.0000E+1	7.5608E-9
6.1600E+5	1.0000E+0	6.5351E-8	3.0000E+1	7.5708E-9
6.1650E+5	1.0000E+0	6.4747E-8	3.0000E+1	7.5589E-9
6.1700E+5	1.0000E+0	6.5305E-8	3.0000E+1	7.5469E-9
6.1750E+5	1.0000E+0	6.4311E-8	3.0000E+1	7.5594E-9
6.1800E+5	1.0000E+0	6.5297E-8	3.0000E+1	7.5825E-9
6.1850E+5	1.0000E+0	6.5775E-8	3.0000E+1	7.5556E-9
6.1900E+5	1.0000E+0	6.4450E-8	3.0000E+1	7.5667E-9
6.1950E+5	1.0000E+0	6.5572E-8	3.0000E+1	7.5643E-9
6.2000E+5	1.0000E+0	6.3056E-8	3.0000E+1	7.5612E-9
6.2050E+5	1.0000E+0	6.2963E-8	3.0000E+1	7.5514E-9
6.2100E+5	1.0000E+0	6.3547E-8	3.0000E+1	7.5532E-9
6.2150E+5	1.0000E+0	6.8812E-8	3.0000E+1	2.0638E-9
6.2200E+5	1.0000E+0	7.2699E-8	3.0000E+1	2.0929E-10
6.2250E+5	1.0000E+0	7.2201E-8	3.0000E+1	1.3884E-10
6.2300E+5	1.0000E+0	7.2640E-8	3.0000E+1	1.1721E-10
6.2350E+5	1.0000E+0	7.3171E-8	3.0000E+1	1.0895E-10
6.2400E+5	1.0000E+0	7.3352E-8	3.0000E+1	1.0306E-10
6.2450E+5	1.0000E+0	7.3997E-8	3.0000E+1	1.0467E-10
6.2500E+5	1.0000E+0	7.4078E-8	3.0000E+1	1.0137E-10
6.2550E+5	1.0000E+0	7.4762E-8	3.0000E+1	9.7106E-11
6.2600E+5	1.0000E+0	7.5345E-8	3.0000E+1	9.5679E-11
6.2650E+5	1.0000E+0	7.4162E-8	3.0000E+1	9.3903E-11
6.2700E+5	1.0000E+0	7.6012E-8	3.0000E+1	9.2300E-11
6.2750E+5	1.0000E+0	7.5320E-8	3.0000E+1	9.1423E-11
6.2800E+5	1.0000E+0	7.3197E-8	3.0000E+1	8.9120E-11
6.2850E+5	1.0000E+0	7.4695E-8	3.0000E+1	8.7904E-11
6.2900E+5	1.0000E+0	7.3407E-8	3.0000E+1	8.7503E-11
6.2950E+5	1.0000E+0	7.4581E-8	3.0000E+1	8.6532E-11
6.3000E+5	1.0000E+0	7.4667E-8	3.0000E+1	8.5586E-11
6.3050E+5	1.0000E+0	7.5055E-8	3.0000E+1	8.5602E-11
6.3100E+5	1.0000E+0	7.5636E-8	3.0000E+1	8.4683E-11
6.3150E+5	1.0000E+0	6.6330E-8	3.0000E+1	7.0781E-9
6.3200E+5	1.0000E+0	6.5640E-8	3.0000E+1	7.5613E-9
6.3250E+5	1.0000E+0	6.7495E-8	3.0000E+1	7.5690E-9
6.3300E+5	1.0000E+0	6.7423E-8	3.0000E+1	7.5770E-9
6.3350E+5	1.0000E+0	6.7096E-8	3.0000E+1	7.5742E-9
6.3400E+5	1.0000E+0	6.6549E-8	3.0000E+1	7.5595E-9
6.3450E+5	1.0000E+0	6.6131E-8	3.0000E+1	7.5641E-9
6.3500E+5	1.0000E+0	6.7898E-8	3.0000E+1	7.5745E-9
6.3550E+5	1.0000E+0	6.7182E-8	3.0000E+1	7.5595E-9
6.3600E+5	1.0000E+0	6.6508E-8	3.0000E+1	7.5683E-9
6.3650E+5	1.0000E+0	6.6991E-8	3.0000E+1	7.5732E-9
6.3700E+5	1.0000E+0	6.7843E-8	3.0000E+1	7.5715E-9
6.3750E+5	1.0000E+0	6.6944E-8	3.0000E+1	7.5920E-9
6.3800E+5	1.0000E+0	6.6850E-8	3.0000E+1	7.5521E-9
6.3850E+5	1.0000E+0	6.5141E-8	3.0000E+1	7.5761E-9
6.3900E+5	1.0000E+0	6.5922E-8	3.0000E+1	7.5593E-9
6.3950E+5	1.0000E+0	6.6377E-8	3.0000E+1	7.5729E-9
6.4000E+5	1.0000E+0	6.6512E-8	3.0000E+1	7.5674E-9
6.4050E+5	1.0000E+0	6.5381E-8	3.0000E+1	7.5521E-9
6.4100E+5	1.0000E+0	6.5580E-8	3.0000E+1	7.5665E-9
6.4150E+5	1.0000E+0	7.0992E-8	3.0000E+1	3.1104E-9
6.4200E+5	1.0000E+0	7.3137E-8	3.0000E+1	2.0399E-10
6.4250E+5	1.0000E+0	7.3977E-8	3.0000E+1	1.3225E-10
6.4300E+5	1.0000E+0	7.4176E-8	3.0000E+1	1.1303E-10
6.4350E+5	1.0000E+0	7.4771E-8	3.0000E+1	1.0600E-10
6.4400E+5	1.0000E+0	7.4503E-8	3.0000E+1	1.0217E-10
6.4450E+5	1.0000E+0	7.3632E-8	3.0000E+1	1.0060E-10
6.4500E+5	1.0000E+0	7.3749E-8	3.0000E+1	9.7894E-11
6.4550E+5	1.0000E+0	7.5216E-8	3.0000E+1	9.5016E-11
6.4600E+5	1.0000E+0	7.5693E-8	3.0000E+1	9.4193E-11
6.4650E+5	1.0000E+0	7.4677E-8	3.0000E+1	9.3941E-11
6.4700E+5	1.0000E+0	7.5227E-8	3.0000E+1	9.1536E-11
6.4750E+5	1.0000E+0	7.4322E-8	3.0000E+1	9.1083E-11
6.4800E+5	1.0000E+0	7.3282E-8	3.0000E+1	8.8544E-11
6.4850E+5	1.0000E+0	7.3555E-8	3.0000E+1	8.8353E-11
6.4900E+5	1.0000E+0	7.3316E-8	3.0000E+1	8.7471E-11
6.4950E+5	1.0000E+0	7.5015E-8	3.0000E+1	8.6374E-11
6.5000E+5	1.0000E+0	7.4344E-8	3.0000E+1	8.5698E-11
6.5050E+5	1.0000E+0	7.4979E-8	3.0000E+1	8.5918E-11
6.5100E+5	1.0000E+0	7.4396E-8	3.0000E+1	8.5892E-11
6.5150E+5	1.0000E+0	6.7276E-8	3.0000E+1	6.6150E-9
6.5200E+5	1.0000E+0	6.6936E-8	3.0000E+1	7.5705E-9
6.5250E+5	1.0000E+0	6.8881E-8	3.0000E+1	7.5926E-9
6.5300E+5	1.0000E+0	6.6894E-8	3.0000E+1	7.5829E-9
6.5350E+5	1.0000E+0	6.4769E-8	3.0000E+1	7.5874E-9
6.5400E+5	1.0000E+0	6.4527E-8	3.0000E+1	7.5917E-9
6.5450E+5	1.0000E+0	6.5669E-8	3.0000E+1	7.5784E-9
6.5500E+5	1.0000E+0	6.5755E-8	3.0000E+1	7.5870E-9
6.5550E+5	1.0000E+0	6.7010E-8	3.0000E+1	7.5886E-9
6.5600E+5	1.0000E+0	6.6827E-8	3.0000E+1	7.5860E-9
6.5650E+5	1.0000E+0	6.6836E-8	3.0000E+1	7.5769E-9
6.5700E+5	1.0000E+0	6.4516E-8	3.0000E+1	7.5784E-9
6.5750E+5	1.0000E+0	6.4458E-8	3.0000E+1	7.5779E-9
6.5800E+5	1.0000E+0	6.5381E-8	3.0000E+1	7.5713E-9
6.5850E+5	1.0000E+0	6.4400E-8	3.0000E+1	7.5862E-9
6.5900E+5	1.0000E+0	6.5089E-8	3.0000E+1	7.5832E-9
6.5950E+5	1.0000E+0	6.4810E-8	3.0000E+1	7.5676E-9
6.6000E+5	1.0000E+0	6.5002E-8	3.0000E+1	7.5900E-9
6.6050E+5	1.0000E+0	6.4899E-8	3.0000E+1	7.5856E-9
6.6100E+5	1.0000E+0	6.5527E-8	3.0000E+1	7.5813E-9
6.6150E+5	1.0000E+0	7.0222E-8	3.0000E+1	4.1232E-9
6.6200E+5	1.0000E+0	7.0317E-8	3.0000E+1	2.0508E-10
6.6250E+5	1.0000E+0	7.1671E-8	3.0000E+1	1.3033E-10
6.6300E+5	1.0000E+0	7.2721E-8	3.0000E+1	1.1127E-10
6.6350E+5	1.0000E+0	7.1277E-8	3.0000E+1	1.0434E-10
6.6400E+5	1.0000E+0	7.1564E-8	3.0000E+1	1.0098E-10
6.6450E+5	1.0000E+0	7.1230E-8	3.0000E+1	9.8612E-11
6.6500E+5	1.0000E+0	7.1411E-8	3.0000E+1	9.6409E-11
6.6550E+5	1.0000E+0	7.1195E-8	3.0000E+1	9.4231E-11
6.6600E+5	1.0000E+0	7.1077E-8	3.0000E+1	9.2827E-11
6.6650E+5	1.0000E+0	7.0657E-8	3.0000E+1	9.2057E-11
6.6700E+5	1.0000E+0	7.0342E-8	3.0000E+1	9.0438E-11
6.6750E+5	1.0000E+0	7.2788E-8	3.0000E+1	8.9307E-11
6.6800E+5	1.0000E+0	7.2046E-8	3.0000E+1	8.9077E-11
6.6850E+5	1.0000E+0	7.2486E-8	3.0000E+1	8.8705E-11
6.6900E+5	1.0000E+0	7.1350E-8	3.0000E+1	8.7451E-11
6.6950E+5	1.0000E+0	7.0563E-8	3.0000E+1	8.6477E-11
6.7000E+5	1.0000E+0	7.0133E-8	3.0000E+1	8.6091E-11
6.7050E+5	1.0000E+0	6.9897E-8	3.0000E+1	8.5190E-11
6.7100E+5	1.0000E+0	7.1059E-8	3.0000E+1	8.5342E-11
6.7150E+5	1.0000E+0	6.5290E-8	3.0000E+1	5.5882E-9
6.7200E+5	1.0000E+0	6.4775E-8	3.0000E+1	7.5583E-9
6.7250E+5	1.0000E+0	6.4690E-8	3.0000E+1	7.5910E-9
6.7300E+5	1.0000E+0	6.5342E-8	3.0000E+1	7.5899E-9
6.7350E+5	1.0000E+0	6.4085E-8	3.0000E+1	7.5799E-9
6.7400E+5	1.0000E+0	6.3162E-8	3.0000E+1	7.5868E-9
6.7450E+5	1.0000E+0	6.3792E-8	3.0000E+1	7.5899E-9
6.7500E+5	1.0000E+0	6.3072E-8	3.0000E+1	7.5700E-9
6.7550E+5	1.0000E+0	6.2052E-8	3.0000E+1	7.6018E-9
6.7600E+5	1.0000E+0	6.4025E-8	3.0000E+1	7.5881E-9
6.7650E+5	1.0000E+0	6.4988E-8	3.0000E+1	7.5953E-9
6.7700E+5	1.0000E+0	6.6341E-8	3.0000E+1	7.5987E-9
6.7750E+5	1.0000E+0	6.5853E-8	3.0000E+1	7.5899E-9
6.7800E+5	1.0000E+0	6.3876E-8	3.0000E+1	7.5827E-9
6.7850E+5	1.0000E+0	6.2766E-8	3.0000E+1	7.6081E-9
6.7900E+5	1.0000E+0	6.3158E-8	3.0000E+1	7.5907E-9
6.7950E+5	1.0000E+0	6.3954E-8	3.0000E+1	7.5762E-9
6.8000E+5	1.0000E+0	6.3397E-8	3.0000E+1	7.6087E-9
6.8050E+5	1.0000E+0	6.3812E-8	3.0000E+1	7.5963E-9
6.8100E+5	1.0000E+0	6.4351E-8	3.0000E+1	7.5994E-9
6.8150E+5	1.0000E+0	6.7699E-8	3.0000E+1	5.0760E-9
6.8200E+5	1.0000E+0	7.0024E-8	3.0000E+1	2.1989E-10
6.8250E+5	1.0000E+0	7.0710E-8	3.0000E+1	1.3354E-10
6.8300E+5	1.0000E+0	7.0017E-8	3.0000E+1	1.1039E-10
6.8350E+5	1.0000E+0	7.0053E-8	3.0000E+1	1.0370E-10
6.8400E+5	1.0000E+0	7.1403E-8	3.0000E+1	9.9962E-11
6.8450E+5	1.0000E+0	6.8746E-8	3.0000E+1	9.8982E-11
6.8500E+5	1.0000E+0	6.8462E-8	3.0000E+1	9.5319E-11
6.8550E+5	1.0000E+0	6.9817E-8	3.0000E+1	9.4817E-11
6.8600E+5	1.0000E+0	7.0886E-8	3.0000E+1	9.3903E-11
6.8650E+5	1.0000E+0	7.1962E-8	3.0000E+1	9.3640E-11
6.8700E+5	1.0000E+0	7.0021E-8	3.0000E+1	9.1585E-11
6.8750E+5	1.0000E+0	6.9860E-8	3.0000E+1	9.0970E-11
6.8800E+5	1.0000E+0	7.0089E-8	3.0000E+1	9.0032E-11
6.8850E+5	1.0000E+0	6.8257E-8	3.0000E+1	8.9176E-11
6.8900E+5	1.0000E+0	6.8368E-8	3.0000E+1	8.7473E-11
6.8950E+5	1.0000E+0	6.8498E-8	3.0000E+1	8.7831E-11
6.9000E+5	1.0000E+0	6.9430E-8	3.0000E+1	8.7426E-11
6.9050E+5	1.0000E+0	6.9760E-8	3.0000E+1	8.6980E-11
6.9100E+5	1.0000E+0	6.8019E-8	3.0000E+1	8.7061E-11
6.9150E+5	1.0000E+0	6.7654E-8	3.0000E+1	9.0558E-11
6.9200E+5	1.0000E+0	6.7444E-8	3.0000E+1	9.5100E-11
6.9250E+5	1.0000E+0	6.7184E-8	3.0000E+1	9.8083E-11
6.9300E+5	1.0000E+0	6.6671E-8	3.0000E+1	1.0030E-10
6.9350E+5	1.0000E+0	6.7334E-8	3.0000E+1	1.0168E-10
6.9400E+5	1.0000E+0	6.5784E-8	3.0000E+1	1.0031E-10
6.9450E+5	1.0000E+0	6.7006E-8	3.0000E+1	1.0002E-10
6.9500E+5	1.0000E+0	6.6973E-8	3.0000E+1	1.0089E-10
6.9550E+5	1.0000E+0	6.6291E-8	3.0000E+1	1.0133E-10
6.9600E+5	1.0000E+0	6.5861E-8	3.0000E+1	9.9924E-11
6.9650E+5	1.0000E+0	6.6997E-8	3.0000E+1	9.9753E-11
6.9700E+5	1.0000E+0	6.4876E-8	3.0000E+1	9.8027E-11
6.9750E+5	1.0000E+0	6.5540E-8	3.0000E+1	9.9610E-11
6.9800E+5	1.0000E+0	6.5869E-8	3.0000E+1	9.8828E-11
6.9850E+5	1.0000E+0	6.5815E-8	3.0000E+1	9.8716E-11
6.9900E+5	1.0000E+0	6.6127E-8	3.0000E+1	1.0014E-10
6.9950E+5	1.0000E+0	6.6161E-8	3.0000E+1	9.9226E-11
7.0000E+5	1.0000E+0	6.6329E-8	3.0000E+1	9.9082E-11
7.0050E+5	1.0000E+0	6.5289E-8	3.0000E+1	9.9633E-11
7.0100E+5	1.0000E+0	6.5496E-8	3.0000E+1	1.0025E-10
7.0150E+5	1.0000E+0	6.5700E-8	3.0000E+1	1.0015E-10
7.0200E+5	1.0000E+0	6.4171E-8	3.0000E+1	9.8018E-11
7.0250E+5	1.0000E+0	6.3591E-8	3.0000E+1	9.9366E-11
7.0300E+5	1.0000E+0	6.4602E-8	3.0000E+1	9.8997E-11
7.0350E+5	1.0000E+0	6.4869E-8	3.0000E+1	9.8981E-11
7.0400E+5	1.0000E+0	6.5158E-8	3.0000E+1	9.8158E-11
7.0450E+5	1.0000E+0	6.4263E-8	3.0000E+1	9.9878E-11
7.0500E+5	1.0000E+0	6.5954E-8	3.0000E+1	9.9526E-11
7.0550E+5	1.0000E+0	6.4378E-8	3.0000E+1	9.9388E-11
7.0600E+5	1.0000E+0	6.4802E-8	3.0000E+1	9.9152E-11
7.0650E+5	1.0000E+0	6.5437E-8	3.0000E+1	9.7948E-11
7.0700E+5	1.0000E+0	6.5208E-8	3.0000E+1	9.8023E-11
7.0750E+5	1.0000E+0	6.6535E-8	3.0000E+1	9.7710E-11
7.0800E+5	1.0000E+0	6.4625E-8	3.0000E+1	9.9765E-11
7.0850E+5	1.0000E+0	6.5801E-8	3.0000E+1	9.9062E-11
7.0900E+5	1.0000E+0	6.5089E-8	3.0000E+1	9.8338E-11
7.0950E+5	1.0000E+0	6.4678E-8	3.0000E+1	9.8988E-11
7.1000E+5	1.0000E+0	6.6678E-8	3.0000E+1	9.8813E-11
7.1050E+5	1.0000E+0	6.5468E-8	3.0000E+1	9.8677E-11
7.1100E+5	1.0000E+0	6.5386E-8	3.0000E+1	9.8643E-11
7.1150E+5	1.0000E+0	6.3098E-8	3.0000E+1	9.8727E-11
7.1200E+5	1.0000E+0	5.5120E-8	3.0000E+1	8.8269E-9
7.1250E+5	1.0000E+0	5.4135E-8	3.0000E+1	9.4258E-9
7.1300E+5	1.0000E+0	5.4676E-8	3.0000E+1	9.4385E-9
7.1350E+5	1.0000E+0	5.4994E-8	3.0000E+1	9.4494E-9
7.1400E+5	1.0000E+0	5.5676E-8	3.0000E+1	9.4610E-9
7.1450E+5	1.0000E+0	5.6416E-8	3.0000E+1	9.4501E-9
7.1500E+5	1.0000E+0	5.4981E-8	3.0000E+1	9.4679E-9
7.1550E+5	1.0000E+0	5.5574E-8	3.0000E+1	9.4796E-9
7.1600E+5	1.0000E+0	5.5513E-8	3.0000E+1	9.4398E-9
7.1650E+5	1.0000E+0	5.6365E-8	3.0000E+1	9.4453E-9
7.1700E+5	1.0000E+0	5.6265E-8	3.0000E+1	9.4622E-9
7.1750E+5	1.0000E+0	5.7085E-8	3.0000E+1	9.4510E-9
7.1800E+5	1.0000E+0	5.5963E-8	3.0000E+1	9.4491E-9
7.1850E+5	1.0000E+0	5.6412E-8	3.0000E+1	9.4558E-9
7.1900E+5	1.0000E+0	5.7606E-8	3.0000E+1	9.4493E-9
7.1950E+5	1.0000E+0	5.7042E-8	3.0000E+1	9.4759E-9
7.2000E+5	1.0000E+0	5.6846E-8	3.0000E+1	9.4491E-9
7.2050E+5	1.0000E+0	5.6308E-8	3.0000E+1	9.4715E-9
7.2100E+5	1.0000E+0	5.6324E-8	3.0000E+1	9.4588E-9
7.2150E+5	1.0000E+0	5.6299E-8	3.0000E+1	9.4641E-9
7.2200E+5	1.0000E+0	6.1831E-8	3.0000E+1	4.1002E-9
7.2250E+5	1.0000E+0	6.3877E-8	3.0000E+1	2.2275E-10
7.2300E+5	1.0000E+0	6.4308E-8	3.0000E+1	1.4515E-10
7.2350E+5	1.0000E+0	6.3550E-8	3.0000E+1	1.2751E-10
7.2400E+5	1.0000E+0	6.4330E-8	3.0000E+1	1.2072E-10
7.2450E+5	1.0000E+0	6.4870E-8	3.0000E+1	1.1855E-10
7.2500E+5	1.0000E+0	6.3858E-8	3.0000E+1	1.1530E-10
7.2550E+5	1.0000E+0	6.5198E-8	3.0000E+1	1.1277E-10
7.2600E+5	1.0000E+0	6.3950E-8	3.0000E+1	1.1144E-10
7.2650E+5	1.0000E+0	6.3875E-8	3.0000E+1	1.1088E-10
7.2700E+5	1.0000E+0	6.3700E-8	3.0000E+1	1.0960E-10
7.2750E+5	1.0000E+0	6.3289E-8	3.0000E+1	1.1029E-10
7.2800E+5	1.0000E+0	6.4106E-8	3.0000E+1	1.0799E-10
7.2900E+5	1.0000E+0	6.3839E-8	3.0000E+1	1.0646E-10
7.2950E+5	1.0000E+0	6.3655E-8	3.0000E+1	1.0659E-10
7.3000E+5	1.0000E+0	6.3856E-8	3.0000E+1	1.0652E-10
7.3050E+5	1.0000E+0	6.2489E-8	3.0000E+1	1.0495E-10
7.3100E+5	1.0000E+0	6.2755E-8	3.0000E+1	1.0552E-10
7.3150E+5	1.0000E+0	6.3417E-8	3.0000E+1	1.0383E-10
7.3200E+5	1.0000E+0	5.5708E-8	3.0000E+1	8.0100E-9
7.3250E+5	1.0000E+0	5.5277E-8	3.0000E+1	9.4594E-9
7.3300E+5	1.0000E+0	5.4902E-8	3.0000E+1	9.5004E-9
7.3350E+5	1.0000E+0	5.4546E-8	3.0000E+1	9.4969E-9
7.3400E+5	1.0000E+0	5.4864E-8	3.0000E+1	9.5035E-9
7.3450E+5	1.0000E+0	5.4162E-8	3.0000E+1	9.5086E-9
7.3500E+5	1.0000E+0	5.4338E-8	3.0000E+1	9.5240E-9
7.3550E+5	1.0000E+0	5.4456E-8	3.0000E+1	9.5093E-9
7.3600E+5	1.0000E+0	5.4423E-8	3.0000E+1	9.5071E-9
7.3650E+5	1.0000E+0	5.3282E-8	3.0000E+1	9.4882E-9
7.3700E+5	1.0000E+0	5.3195E-8	3.0000E+1	9.4933E-9
7.3750E+5	1.0000E+0	5.3684E-8	3.0000E+1	9.5836E-9
7.3800E+5	1.0000E+0	5.3290E-8	3.0000E+1	9.5095E-9
7.3850E+5	1.0000E+0	5.3080E-8	3.0000E+1	9.5017E-9
7.3900E+5	1.0000E+0	5.4163E-8	3.0000E+1	9.4924E-9
7.3950E+5	1.0000E+0	5.3582E-8	3.0000E+1	9.5085E-9
7.4000E+5	1.0000E+0	5.5082E-8	3.0000E+1	9.5203E-9
7.4050E+5	1.0000E+0	5.6234E-8	3.0000E+1	9.5242E-9
7.4100E+5	1.0000E+0	5.6436E-8	3.0000E+1	9.5106E-9
7.4150E+5	1.0000E+0	5.4997E-8	3.0000E+1	9.4727E-9
7.4200E+5	1.0000E+0	6.0184E-8	3.0000E+1	5.4347E-9
7.4250E+5	1.0000E+0	6.3388E-8	3.0000E+1	2.3614E-10
7.4300E+5	1.0000E+0	6.3955E-8	3.0000E+1	1.4807E-10
7.4350E+5	1.0000E+0	6.5263E-8	3.0000E+1	1.3099E-10
7.4400E+5	1.0000E+0	6.3834E-8	3.0000E+1	1.2255E-10
7.4450E+5	1.0000E+0	6.4408E-8	3.0000E+1	1.1964E-10
7.4500E+5	1.0000E+0	6.2654E-8	3.0000E+1	1.1816E-10
7.4550E+5	1.0000E+0	6.2185E-8	3.0000E+1	1.1726E-10
7.4600E+5	1.0000E+0	6.3003E-8	3.0000E+1	1.1543E-10
7.4650E+5	1.0000E+0	6.4582E-8	3.0000E+1	1.1428E-10
7.4700E+5	1.0000E+0	6.4209E-8	3.0000E+1	1.1141E-10
7.4750E+5	1.0000E+0	6.3529E-8	3.0000E+1	1.0996E-10
7.4800E+5	1.0000E+0	6.3909E-8	3.0000E+1	1.0996E-10
7.4850E+5	1.0000E+0	6.4569E-8	3.0000E+1	1.0790E-10
7.4900E+5	1.0000E+0	6.5109E-8	3.0000E+1	1.0822E-10
7.4950E+5	1.0000E+0	6.4287E-8	3.0000E+1	1.0767E-10
7.5000E+5	1.0000E+0	6.4474E-8	3.0000E+1	1.0723E-10
7.5050E+5	1.0000E+0	6.4124E-8	3.0000E+1	1.0696E-10
7.5100E+5	1.0000E+0	6.5638E-8	3.0000E+1	1.0738E-10
7.5150E+5	1.0000E+0	6.2113E-8	3.0000E+1	1.0606E-10
7.5200E+5	1.0000E+0	5.4442E-8	3.0000E+1	6.7328E-9
7.5250E+5	1.0000E+0	5.2390E-8	3.0000E+1	9.5184E-9
7.5300E+5	1.0000E+0	5.2503E-8	3.0000E+1	9.5662E-9
7.5350E+5	1.0000E+0	5.2812E-8	3.0000E+1	9.5512E-9
7.5400E+5	1.0000E+0	5.3249E-8	3.0000E+1	9.5491E-9
7.5450E+5	1.0000E+0	5.3103E-8	3.0000E+1	9.5495E-9
7.5500E+5	1.0000E+0	5.4691E-8	3.0000E+1	9.5855E-9
7.5550E+5	1.0000E+0	5.3585E-8	3.0000E+1	9.5717E-9
7.5600E+5	1.0000E+0	5.3779E-8	3.0000E+1	9.5321E-9
7.5650E+5	1.0000E+0	5.2427E-8	3.0000E+1	9.5450E-9
7.5700E+5	1.0000E+0	5.3215E-8	3.0000E+1	9.5462E-9
7.5750E+5	1.0000E+0	5.3323E-8	3.0000E+1	9.5459E-9
7.5800E+5	1.0000E+0	5.3781E-8	3.0000E+1	9.5327E-9
7.5850E+5	1.0000E+0	5.4721E-8	3.0000E+1	9.5680E-9
7.5900E+5	1.0000E+0	5.3934E-8	3.0000E+1	9.5948E-9
7.5950E+5	1.0000E+0	5.4489E-8	3.0000E+1	9.5408E-9
7.6000E+5	1.0000E+0	5.3921E-8	3.0000E+1	9.5784E-9
7.6050E+5	1.0000E+0	5.4565E-8	3.0000E+1	9.5566E-9
7.6100E+5	1.0000E+0	5.5742E-8	3.0000E+1	9.5531E-9
7.6150E+5	1.0000E+0	5.5564E-8	3.0000E+1	9.5613E-9
7.6200E+5	1.0000E+0	5.9813E-8	3.0000E+1	6.7060E-9
7.6250E+5	1.0000E+0	6.1479E-8	3.0000E+1	2.4621E-10
7.6300E+5	1.0000E+0	6.2754E-8	3.0000E+1	1.5595E-10
7.6350E+5	1.0000E+0	6.3455E-8	3.0000E+1	1.3110E-10
7.6400E+5	1.0000E+0	6.2163E-8	3.0000E+1	1.2454E-10
7.6450E+5	1.0000E+0	6.3582E-8	3.0000E+1	1.2072E-10
7.6500E+5	1.0000E+0	6.3186E-8	3.0000E+1	1.1834E-10
7.6550E+5	1.0000E+0	6.2650E-8	3.0000E+1	1.1643E-10
7.6600E+5	1.0000E+0	6.3047E-8	3.0000E+1	1.1424E-10
7.6650E+5	1.0000E+0	6.4174E-8	3.0000E+1	1.1554E-10
7.6700E+5	1.0000E+0	6.3046E-8	3.0000E+1	1.1065E-10
7.6750E+5	1.0000E+0	6.2776E-8	3.0000E+1	1.1076E-10
7.6800E+5	1.0000E+0	6.1579E-8	3.0000E+1	1.1148E-10
7.6850E+5	1.0000E+0	6.1261E-8	3.0000E+1	1.1012E-10
7.6900E+5	1.0000E+0	6.1123E-8	3.0000E+1	1.0832E-10
7.6950E+5	1.0000E+0	6.1171E-8	3.0000E+1	1.0671E-10
7.7000E+5	1.0000E+0	6.1230E-8	3.0000E+1	1.0721E-10
7.7050E+5	1.0000E+0	6.2433E-8	3.0000E+1	1.0699E-10
7.7100E+5	1.0000E+0	6.2070E-8	3.0000E+1	1.0689E-10
7.7150E+5	1.0000E+0	6.1861E-8	3.0000E+1	1.0514E-10
7.7200E+5	1.0000E+0	5.5581E-8	3.0000E+1	5.4559E-9
7.7250E+5	1.0000E+0	5.3089E-8	3.0000E+1	9.5480E-9
7.7300E+5	1.0000E+0	5.4518E-8	3.0000E+1	9.6033E-9
7.7350E+5	1.0000E+0	5.3845E-8	3.0000E+1	9.5864E-9
7.7400E+5	1.0000E+0	5.3571E-8	3.0000E+1	9.6095E-9
7.7450E+5	1.0000E+0	5.4224E-8	3.0000E+1	9.6109E-9
7.7500E+5	1.0000E+0	5.5551E-8	3.0000E+1	9.6100E-9
7.7550E+5	1.0000E+0	5.5893E-8	3.0000E+1	9.6020E-9
7.7600E+5	1.0000E+0	5.4592E-8	3.0000E+1	9.5553E-9
7.7650E+5	1.0000E+0	5.3502E-8	3.0000E+1	9.5895E-9
7.7700E+5	1.0000E+0	5.3962E-8	3.0000E+1	9.6041E-9
7.7750E+5	1.0000E+0	5.3347E-8	3.0000E+1	9.6012E-9
7.7800E+5	1.0000E+0	5.3598E-8	3.0000E+1	9.5946E-9
7.7850E+5	1.0000E+0	5.3493E-8	3.0000E+1	9.6095E-9
7.7900E+5	1.0000E+0	5.3695E-8	3.0000E+1	9.5882E-9
7.7950E+5	1.0000E+0	5.3352E-8	3.0000E+1	9.5847E-9
7.8000E+5	1.0000E+0	5.1795E-8	3.0000E+1	9.6072E-9
7.8050E+5	1.0000E+0	5.3905E-8	3.0000E+1	9.5968E-9
7.8100E+5	1.0000E+0	5.3458E-8	3.0000E+1	9.6050E-9
7.8150E+5	1.0000E+0	5.2755E-8	3.0000E+1	9.6041E-9
7.8200E+5	1.0000E+0	5.7343E-8	3.0000E+1	7.9614E-9
7.8250E+5	1.0000E+0	5.9593E-8	3.0000E+1	2.5840E-10
7.8300E+5	1.0000E+0	6.1008E-8	3.0000E+1	1.5521E-10
7.8350E+5	1.0000E+0	6.0731E-8	3.0000E+1	1.3148E-10
7.8400E+5	1.0000E+0	6.0500E-8	3.0000E+1	1.2511E-10
7.8450E+5	1.0000E+0	5.9511E-8	3.0000E+1	1.2081E-10
7.8500E+5	1.0000E+0	5.9710E-8	3.0000E+1	1.1949E-10
7.8550E+5	1.0000E+0	6.0042E-8	3.0000E+1	1.1614E-10
7.8600E+5	1.0000E+0	6.0560E-8	3.0000E+1	1.1607E-10
7.8650E+5	1.0000E+0	6.0519E-8	3.0000E+1	1.1486E-10
7.8700E+5	1.0000E+0	6.0021E-8	3.0000E+1	1.1403E-10
7.8750E+5	1.0000E+0	5.9026E-8	3.0000E+1	1.1406E-10
7.8800E+5	1.0000E+0	6.0471E-8	3.0000E+1	1.1029E-10
7.8850E+5	1.0000E+0	5.9225E-8	3.0000E+1	1.1069E-10
7.8900E+5	1.0000E+0	5.9980E-8	3.0000E+1	1.0837E-10
7.8950E+5	1.0000E+0	6.0275E-8	3.0000E+1	1.0661E-10
7.9000E+5	1.0000E+0	6.0234E-8	3.0000E+1	1.0670E-10
7.9050E+5	1.0000E+0	6.0162E-8	3.0000E+1	1.0781E-10
7.9100E+5	1.0000E+0	5.7720E-8	3.0000E+1	1.0977E-10
7.9150E+5	1.0000E+0	5.7568E-8	3.0000E+1	1.1483E-10
7.9200E+5	1.0000E+0	5.7844E-8	3.0000E+1	1.1853E-10
7.9250E+5	1.0000E+0	5.8105E-8	3.0000E+1	1.1966E-10
7.9300E+5	1.0000E+0	5.7779E-8	3.0000E+1	1.1924E-10
7.9350E+5	1.0000E+0	5.7099E-8	3.0000E+1	1.1936E-10
7.9400E+5	1.0000E+0	5.6099E-8	3.0000E+1	1.1974E-10
7.9450E+5	1.0000E+0	5.6185E-8	3.0000E+1	1.1881E-10
7.9500E+5	1.0000E+0	5.6270E-8	3.0000E+1	1.1850E-10
7.9550E+5	1.0000E+0	5.6988E-8	3.0000E+1	1.1799E-10
7.9600E+5	1.0000E+0	5.7138E-8	3.0000E+1	1.1726E-10
7.9650E+5	1.0000E+0	5.6422E-8	3.0000E+1	1.1680E-10
7.9700E+5	1.0000E+0	5.6618E-8	3.0000E+1	1.1715E-10
7.9750E+5	1.0000E+0	5.6461E-8	3.0000E+1	1.1602E-10
7.9800E+5	1.0000E+0	5.6601E-8	3.0000E+1	1.1733E-10
7.9850E+5	1.0000E+0	5.6277E-8	3.0000E+1	1.1576E-10
7.9900E+5	1.0000E+0	5.7033E-8	3.0000E+1	1.1631E-10
7.9950E+5	1.0000E+0	5.6236E-8	3.0000E+1	1.1593E-10
8.0000E+5	1.0000E+0	5.6380E-8	3.0000E+1	1.1795E-10
8.0050E+5	1.0000E+0	5.5854E-8	3.0000E+1	1.1748E-10
8.0100E+5	1.0000E+0	5.5958E-8	3.0000E+1	1.1639E-10
8.0150E+5	1.0000E+0	5.6518E-8	3.0000E+1	1.1565E-10
8.0200E+5	1.0000E+0	5.6583E-8	3.0000E+1	1.1534E-10
8.0250E+5	1.0000E+0	5.6933E-8	3.0000E+1	1.1560E-10
8.0300E+5	1.0000E+0	5.6109E-8	3.0000E+1	1.1601E-10
8.0350E+5	1.0000E+0	5.6702E-8	3.0000E+1	1.1633E-10
8.0400E+5	1.0000E+0	5.5036E-8	3.0000E+1	1.1812E-10
8.0450E+5	1.0000E+0	5.6543E-8	3.0000E+1	1.1572E-10
8.0500E+5	1.0000E+0	5.6801E-8	3.0000E+1	1.1565E-10
8.0550E+5	1.0000E+0	5.6634E-8	3.0000E+1	1.1646E-10
8.0600E+5	1.0000E+0	5.7194E-8	3.0000E+1	1.1517E-10
8.0650E+5	1.0000E+0	5.6268E-8	3.0000E+1	1.1469E-10
8.0700E+5	1.0000E+0	5.6249E-8	3.0000E+1	1.1569E-10
8.0750E+5	1.0000E+0	5.5090E-8	3.0000E+1	1.1465E-10
8.0800E+5	1.0000E+0	5.5574E-8	3.0000E+1	1.1562E-10
8.0850E+5	1.0000E+0	5.5377E-8	3.0000E+1	1.1545E-10
8.0900E+5	1.0000E+0	5.5158E-8	3.0000E+1	1.1500E-10
8.0950E+5	1.0000E+0	5.5206E-8	3.0000E+1	1.1350E-10
8.1000E+5	1.0000E+0	5.5768E-8	3.0000E+1	1.1340E-10
8.1050E+5	1.0000E+0	5.4840E-8	3.0000E+1	1.1510E-10
8.1100E+5	1.0000E+0	5.4814E-8	3.0000E+1	1.1517E-10
8.1150E+5	1.0000E+0	5.4031E-8	3.0000E+1	1.1656E-10
8.1200E+5	1.0000E+0	5.4198E-8	3.0000E+1	1.1514E-10
8.1250E+5	1.0000E+0	5.4030E-8	3.0000E+1	1.1463E-10
8.1300E+5	1.0000E+0	5.3866E-8	3.0000E+1	1.1653E-10
8.1350E+5	1.0000E+0	4.5943E-8	3.0000E+1	9.5814E-9
8.1400E+5	1.0000E+0	4.4985E-8	3.0000E+1	1.1450E-8
8.1450E+5	1.0000E+0	4.4855E-8	3.0000E+1	1.1489E-8
8.1500E+5	1.0000E+0	4.4905E-8	3.0000E+1	1.1498E-8
8.1550E+5	1.0000E+0	4.5897E-8	3.0000E+1	1.1482E-8
8.1600E+5	1.0000E+0	4.6763E-8	3.0000E+1	1.1494E-8
8.1650E+5	1.0000E+0	4.6633E-8	3.0000E+1	1.1495E-8
8.1700E+5	1.0000E+0	4.5951E-8	3.0000E+1	1.1476E-8
8.1750E+5	1.0000E+0	4.6668E-8	3.0000E+1	1.1484E-8
8.1800E+5	1.0000E+0	4.7274E-8	3.0000E+1	1.1480E-8
8.1850E+5	1.0000E+0	4.7708E-8	3.0000E+1	1.1490E-8
8.1900E+5	1.0000E+0	4.7740E-8	3.0000E+1	1.1492E-8
8.1950E+5	1.0000E+0	4.7033E-8	3.0000E+1	1.1462E-8
8.2000E+5	1.0000E+0	4.6863E-8	3.0000E+1	1.1497E-8
8.2050E+5	1.0000E+0	4.6790E-8	3.0000E+1	1.1501E-8
8.2100E+5	1.0000E+0	4.8756E-8	3.0000E+1	1.1526E-8
8.2150E+5	1.0000E+0	4.8262E-8	3.0000E+1	1.1487E-8
8.2200E+5	1.0000E+0	4.8639E-8	3.0000E+1	1.1492E-8
8.2250E+5	1.0000E+0	4.8127E-8	3.0000E+1	1.1496E-8
8.2300E+5	1.0000E+0	4.7936E-8	3.0000E+1	1.1502E-8
8.2350E+5	1.0000E+0	5.3754E-8	3.0000E+1	6.7331E-9
8.2400E+5	1.0000E+0	5.6574E-8	3.0000E+1	2.6026E-10
8.2450E+5	1.0000E+0	5.6664E-8	3.0000E+1	1.7256E-10
8.2500E+5	1.0000E+0	5.7010E-8	3.0000E+1	1.5237E-10
8.2550E+5	1.0000E+0	5.5791E-8	3.0000E+1	1.4574E-10
8.2600E+5	1.0000E+0	5.6386E-8	3.0000E+1	1.4071E-10
8.2650E+5	1.0000E+0	5.6657E-8	3.0000E+1	1.3691E-10
8.2700E+5	1.0000E+0	5.6346E-8	3.0000E+1	1.3622E-10
8.2750E+5	1.0000E+0	5.6072E-8	3.0000E+1	1.3660E-10
8.2800E+5	1.0000E+0	5.5555E-8	3.0000E+1	1.3338E-10
8.2850E+5	1.0000E+0	5.6290E-8	3.0000E+1	1.3337E-10
8.2900E+5	1.0000E+0	5.6764E-8	3.0000E+1	1.3165E-10
8.2950E+5	1.0000E+0	5.6741E-8	3.0000E+1	1.2935E-10
8.3000E+5	1.0000E+0	5.6055E-8	3.0000E+1	1.2755E-10
8.3050E+5	1.0000E+0	5.5255E-8	3.0000E+1	1.2763E-10
8.3100E+5	1.0000E+0	5.6156E-8	3.0000E+1	1.2764E-10
8.3150E+5	1.0000E+0	5.6267E-8	3.0000E+1	1.2628E-10
8.3200E+5	1.0000E+0	5.5967E-8	3.0000E+1	1.2549E-10
8.3250E+5	1.0000E+0	5.5849E-8	3.0000E+1	1.2226E-10
8.3300E+5	1.0000E+0	5.6409E-8	3.0000E+1	1.2320E-10
8.3350E+5	1.0000E+0	4.7313E-8	3.0000E+1	7.9743E-9
8.3400E+5	1.0000E+0	4.6605E-8	3.0000E+1	1.1566E-8
8.3450E+5	1.0000E+0	4.6444E-8	3.0000E+1	1.1553E-8
8.3500E+5	1.0000E+0	4.6912E-8	3.0000E+1	1.1588E-8
8.3550E+5	1.0000E+0	4.6532E-8	3.0000E+1	1.1579E-8
8.3600E+5	1.0000E+0	4.7016E-8	3.0000E+1	1.1582E-8
8.3650E+5	1.0000E+0	4.6980E-8	3.0000E+1	1.1623E-8
8.3700E+5	1.0000E+0	4.7998E-8	3.0000E+1	1.1563E-8
8.3750E+5	1.0000E+0	4.7901E-8	3.0000E+1	1.1575E-8
8.3800E+5	1.0000E+0	4.7592E-8	3.0000E+1	1.1595E-8
8.3850E+5	1.0000E+0	4.8131E-8	3.0000E+1	1.1590E-8
8.3900E+5	1.0000E+0	4.7481E-8	3.0000E+1	1.1581E-8
8.3950E+5	1.0000E+0	4.8048E-8	3.0000E+1	1.1578E-8
8.4000E+5	1.0000E+0	4.7701E-8	3.0000E+1	1.1580E-8
8.4050E+5	1.0000E+0	4.7743E-8	3.0000E+1	1.1617E-8
8.4100E+5	1.0000E+0	4.8177E-8	3.0000E+1	1.1608E-8
8.4150E+5	1.0000E+0	4.9173E-8	3.0000E+1	1.1613E-8
8.4200E+5	1.0000E+0	4.9505E-8	3.0000E+1	1.1591E-8
8.4250E+5	1.0000E+0	4.8406E-8	3.0000E+1	1.1600E-8
8.4300E+5	1.0000E+0	4.8250E-8	3.0000E+1	1.1642E-8
8.4350E+5	1.0000E+0	5.4671E-8	3.0000E+1	8.2835E-9
8.4400E+5	1.0000E+0	5.6967E-8	3.0000E+1	2.8350E-10
8.4450E+5	1.0000E+0	5.7015E-8	3.0000E+1	1.9275E-10
8.4500E+5	1.0000E+0	5.7291E-8	3.0000E+1	1.7089E-10
8.4550E+5	1.0000E+0	5.6687E-8	3.0000E+1	1.6252E-10
8.4600E+5	1.0000E+0	5.5532E-8	3.0000E+1	1.5092E-10
8.4650E+5	1.0000E+0	5.5713E-8	3.0000E+1	1.4749E-10
8.4700E+5	1.0000E+0	5.6202E-8	3.0000E+1	1.4206E-10
8.4750E+5	1.0000E+0	5.6222E-8	3.0000E+1	1.3858E-10
8.4800E+5	1.0000E+0	5.6732E-8	3.0000E+1	1.3226E-10
8.4850E+5	1.0000E+0	5.7738E-8	3.0000E+1	1.3107E-10
8.4900E+5	1.0000E+0	5.7668E-8	3.0000E+1	1.2743E-10
8.4950E+5	1.0000E+0	5.7559E-8	3.0000E+1	1.2495E-10
8.5000E+5	1.0000E+0	5.7449E-8	3.0000E+1	1.2282E-10
8.5050E+5	1.0000E+0	5.8292E-8	3.0000E+1	1.2108E-10
8.5100E+5	1.0000E+0	5.7559E-8	3.0000E+1	1.2078E-10
8.5150E+5	1.0000E+0	5.7375E-8	3.0000E+1	1.1919E-10
8.5200E+5	1.0000E+0	5.8741E-8	3.0000E+1	1.1882E-10
8.5250E+5	1.0000E+0	5.9520E-8	3.0000E+1	1.1846E-10
8.5300E+5	1.0000E+0	5.9821E-8	3.0000E+1	1.1714E-10
8.5350E+5	1.0000E+0	5.0565E-8	3.0000E+1	6.4218E-9
8.5400E+5	1.0000E+0	4.8387E-8	3.0000E+1	1.1601E-8
8.5450E+5	1.0000E+0	4.8929E-8	3.0000E+1	1.1655E-8
8.5500E+5	1.0000E+0	4.9207E-8	3.0000E+1	1.1664E-8
8.5550E+5	1.0000E+0	5.0008E-8	3.0000E+1	1.1650E-8
8.5600E+5	1.0000E+0	4.9340E-8	3.0000E+1	1.1643E-8
8.5650E+5	1.0000E+0	5.0575E-8	3.0000E+1	1.1669E-8
8.5700E+5	1.0000E+0	5.0116E-8	3.0000E+1	1.1643E-8
8.5750E+5	1.0000E+0	4.9107E-8	3.0000E+1	1.1670E-8
8.5800E+5	1.0000E+0	4.9177E-8	3.0000E+1	1.1665E-8
8.5850E+5	1.0000E+0	4.8948E-8	3.0000E+1	1.1660E-8
8.5900E+5	1.0000E+0	4.8673E-8	3.0000E+1	1.1631E-8
8.5950E+5	1.0000E+0	5.0560E-8	3.0000E+1	1.1691E-8
8.6000E+5	1.0000E+0	5.0280E-8	3.0000E+1	1.1667E-8
8.6050E+5	1.0000E+0	5.0885E-8	3.0000E+1	1.1687E-8
8.6100E+5	1.0000E+0	5.0715E-8	3.0000E+1	1.1669E-8
8.6150E+5	1.0000E+0	5.0197E-8	3.0000E+1	1.1691E-8
8.6200E+5	1.0000E+0	5.0565E-8	3.0000E+1	1.1683E-8
8.6250E+5	1.0000E+0	4.9621E-8	3.0000E+1	1.1695E-8
8.6300E+5	1.0000E+0	5.0553E-8	3.0000E+1	1.1673E-8
8.6350E+5	1.0000E+0	5.5633E-8	3.0000E+1	9.8123E-9
8.6400E+5	1.0000E+0	5.8926E-8	3.0000E+1	3.1139E-10
8.6450E+5	1.0000E+0	5.9118E-8	3.0000E+1	2.1375E-10
8.6500E+5	1.0000E+0	5.8861E-8	3.0000E+1	1.8517E-10
8.6550E+5	1.0000E+0	5.8617E-8	3.0000E+1	1.5899E-10
8.6600E+5	1.0000E+0	5.7669E-8	3.0000E+1	1.4398E-10
8.6650E+5	1.0000E+0	5.8165E-8	3.0000E+1	1.3459E-10
8.6700E+5	1.0000E+0	5.8072E-8	3.0000E+1	1.2862E-10
8.6750E+5	1.0000E+0	5.8600E-8	3.0000E+1	1.2512E-10
8.6800E+5	1.0000E+0	5.8209E-8	3.0000E+1	1.2103E-10
8.6850E+5	1.0000E+0	5.8748E-8	3.0000E+1	1.1923E-10
8.6900E+5	1.0000E+0	5.8087E-8	3.0000E+1	1.1823E-10
8.6950E+5	1.0000E+0	5.6975E-8	3.0000E+1	1.1878E-10
8.7000E+5	1.0000E+0	5.8217E-8	3.0000E+1	1.1656E-10
8.7050E+5	1.0000E+0	5.8602E-8	3.0000E+1	1.1720E-10
8.7100E+5	1.0000E+0	5.8925E-8	3.0000E+1	1.1619E-10
8.7150E+5	1.0000E+0	5.7899E-8	3.0000E+1	1.1654E-10
8.7200E+5	1.0000E+0	5.8028E-8	3.0000E+1	1.1580E-10
8.7250E+5	1.0000E+0	5.8168E-8	3.0000E+1	1.1584E-10
8.7300E+5	1.0000E+0	5.8916E-8	3.0000E+1	1.1550E-10
8.7350E+5	1.0000E+0	5.0625E-8	3.0000E+1	4.8987E-9
8.7400E+5	1.0000E+0	4.8086E-8	3.0000E+1	1.1685E-8
8.7450E+5	1.0000E+0	4.7428E-8	3.0000E+1	1.1731E-8
8.7500E+5	1.0000E+0	4.7228E-8	3.0000E+1	1.1737E-8
8.7550E+5	1.0000E+0	4.7562E-8	3.0000E+1	1.1693E-8
8.7600E+5	1.0000E+0	4.8088E-8	3.0000E+1	1.1728E-8
8.7650E+5	1.0000E+0	4.8182E-8	3.0000E+1	1.1729E-8
8.7700E+5	1.0000E+0	4.7680E-8	3.0000E+1	1.1729E-8
8.7750E+5	1.0000E+0	4.7203E-8	3.0000E+1	1.1719E-8
8.7800E+5	1.0000E+0	4.8372E-8	3.0000E+1	1.1742E-8
8.7850E+5	1.0000E+0	4.7187E-8	3.0000E+1	1.1732E-8
8.7900E+5	1.0000E+0	4.7425E-8	3.0000E+1	1.1736E-8
8.7950E+5	1.0000E+0	4.7432E-8	3.0000E+1	1.1751E-8
8.8000E+5	1.0000E+0	4.8042E-8	3.0000E+1	1.1738E-8
8.8050E+5	1.0000E+0	4.8376E-8	3.0000E+1	1.1714E-8
8.8100E+5	1.0000E+0	4.7752E-8	3.0000E+1	1.1735E-8
8.8150E+5	1.0000E+0	4.8006E-8	3.0000E+1	1.1754E-8
8.8200E+5	1.0000E+0	4.8694E-8	3.0000E+1	1.1730E-8
8.8250E+5	1.0000E+0	4.8016E-8	3.0000E+1	1.1780E-8
8.8300E+5	1.0000E+0	4.7965E-8	3.0000E+1	1.1753E-8
8.8350E+5	1.0000E+0	5.1809E-8	3.0000E+1	1.1209E-8
8.8400E+5	1.0000E+0	5.6949E-8	3.0000E+1	3.3951E-10
8.8450E+5	1.0000E+0	5.7840E-8	3.0000E+1	2.1148E-10
8.8500E+5	1.0000E+0	5.7905E-8	3.0000E+1	1.6412E-10
8.8550E+5	1.0000E+0	5.8577E-8	3.0000E+1	1.4143E-10
8.8600E+5	1.0000E+0	5.8103E-8	3.0000E+1	1.3105E-10
8.8650E+5	1.0000E+0	5.8061E-8	3.0000E+1	1.2516E-10
8.8700E+5	1.0000E+0	5.7987E-8	3.0000E+1	1.2183E-10
8.8750E+5	1.0000E+0	5.7986E-8	3.0000E+1	1.1972E-10
8.8800E+5	1.0000E+0	5.6936E-8	3.0000E+1	1.1913E-10
8.8850E+5	1.0000E+0	5.7282E-8	3.0000E+1	1.1681E-10
8.8900E+5	1.0000E+0	5.8097E-8	3.0000E+1	1.1645E-10
8.8950E+5	1.0000E+0	5.7369E-8	3.0000E+1	1.1647E-10
8.9000E+5	1.0000E+0	5.7326E-8	3.0000E+1	1.1509E-10
8.9050E+5	1.0000E+0	5.7871E-8	3.0000E+1	1.1556E-10
8.9100E+5	1.0000E+0	5.7800E-8	3.0000E+1	1.1568E-10
8.9150E+5	1.0000E+0	5.8421E-8	3.0000E+1	1.1452E-10
8.9200E+5	1.0000E+0	5.8023E-8	3.0000E+1	1.1623E-10
8.9250E+5	1.0000E+0	5.7454E-8	3.0000E+1	1.1615E-10
8.9300E+5	1.0000E+0	5.7349E-8	3.0000E+1	1.1599E-10
8.9350E+5	1.0000E+0	5.8347E-8	3.0000E+1	1.1501E-10
8.9400E+5	1.0000E+0	5.8074E-8	3.0000E+1	1.1625E-10
8.9450E+5	1.0000E+0	5.8677E-8	3.0000E+1	1.1671E-10
8.9500E+5	1.0000E+0	5.8335E-8	3.0000E+1	1.1652E-10
8.9550E+5	1.0000E+0	5.8167E-8	3.0000E+1	1.1582E-10
8.9600E+5	1.0000E+0	5.7442E-8	3.0000E+1	1.1519E-10
8.9650E+5	1.0000E+0	5.6155E-8	3.0000E+1	1.1538E-10
8.9700E+5	1.0000E+0	5.6262E-8	3.0000E+1	1.1422E-10
8.9750E+5	1.0000E+0	5.7276E-8	3.0000E+1	1.1597E-10
8.9800E+5	1.0000E+0	5.7693E-8	3.0000E+1	1.1567E-10
8.9850E+5	1.0000E+0	5.7032E-8	3.0000E+1	1.1557E-10
8.9900E+5	1.0000E+0	5.6567E-8	3.0000E+1	1.1424E-10
8.9950E+5	1.0000E+0	5.6602E-8	3.0000E+1	1.1622E-10
9.0000E+5	1.0000E+0	5.7276E-8	3.0000E+1	1.1555E-10
9.0050E+5	1.0000E+0	5.7649E-8	3.0000E+1	1.1345E-10
9.0100E+5	1.0000E+0	5.6265E-8	3.0000E+1	1.1521E-10
9.0150E+5	1.0000E+0	5.6900E-8	3.0000E+1	1.1606E-10
9.0200E+5	1.0000E+0	5.6694E-8	3.0000E+1	1.1624E-10
9.0250E+5	1.0000E+0	5.6325E-8	3.0000E+1	1.1627E-10
9.0300E+5	1.0000E+0	5.5567E-8	3.0000E+1	1.1584E-10
9.0350E+5	1.0000E+0	5.6613E-8	3.0000E+1	1.1483E-10
9.0400E+5	1.0000E+0	5.7233E-8	3.0000E+1	1.1569E-10
9.0450E+5	1.0000E+0	5.6274E-8	3.0000E+1	1.1469E-10
9.0500E+5	1.0000E+0	5.6297E-8	3.0000E+1	1.1343E-10
9.0550E+5	1.0000E+0	5.5966E-8	3.0000E+1	1.1397E-10
9.0600E+5	1.0000E+0	5.5910E-8	3.0000E+1	1.1560E-10
9.0650E+5	1.0000E+0	5.5389E-8	3.0000E+1	1.1673E-10
