File Name: 01_Sample6_device1_trfSat_dark_hor.dat
File Data: 16/11/2023	10:28:14
Start V: 0
Step V: 0
Stop V: 0
Range V: 20
Delay(ms): 0
Auorange: yes
Sweep type: log
Instrument Meter: SM2614
Time(ms)	Vdrain(V)	Idrain(A)	Vgate(V)	Igate(A)
0.0000E+0	1.0000E+0	1.7960E-7	-5.0000E+1	-2.7382E-11
1.0000E+3	1.0000E+0	1.7921E-7	-4.9500E+1	-4.9472E-13
1.5000E+3	1.0000E+0	1.7932E-7	-4.9000E+1	-5.0425E-13
2.0000E+3	1.0000E+0	1.7973E-7	-4.8500E+1	-2.4200E-13
2.5000E+3	1.0000E+0	1.7980E-7	-4.8000E+1	-5.7697E-13
3.0000E+3	1.0000E+0	1.8012E-7	-4.7500E+1	-1.4305E-13
3.5000E+3	1.0000E+0	1.8045E-7	-4.7000E+1	-4.3988E-13
4.0000E+3	1.0000E+0	1.8027E-7	-4.6500E+1	-1.5974E-13
4.5000E+3	1.0000E+0	1.8067E-7	-4.6000E+1	-2.2888E-13
5.0000E+3	1.0000E+0	1.8060E-7	-4.5500E+1	-1.6928E-13
5.5000E+3	1.0000E+0	1.8062E-7	-4.5000E+1	-3.7432E-13
6.0000E+3	1.0000E+0	1.8050E-7	-4.4500E+1	-6.6042E-13
6.5000E+3	1.0000E+0	1.8043E-7	-4.4000E+1	-3.1114E-13
7.0000E+3	1.0000E+0	1.8031E-7	-4.3500E+1	-2.4557E-13
7.5000E+3	1.0000E+0	1.8097E-7	-4.3000E+1	-1.6332E-13
8.0000E+3	1.0000E+0	1.8040E-7	-4.2500E+1	-1.9073E-14
8.5000E+3	1.0000E+0	1.7999E-7	-4.2000E+1	-4.1008E-13
9.0000E+3	1.0000E+0	1.8044E-7	-4.1500E+1	-3.2663E-13
9.5000E+3	1.0000E+0	1.8018E-7	-4.1000E+1	-3.0518E-13
1.0000E+4	1.0000E+0	1.8039E-7	-4.0500E+1	-5.2452E-13
1.0500E+4	1.0000E+0	1.8020E-7	-4.0000E+1	-2.3723E-13
1.1000E+4	1.0000E+0	1.8045E-7	-3.9500E+1	-3.1948E-13
1.1500E+4	1.0000E+0	1.8049E-7	-3.9000E+1	-1.4305E-13
1.2000E+4	1.0000E+0	1.8024E-7	-3.8500E+1	-3.7909E-13
1.2500E+4	1.0000E+0	1.8088E-7	-3.8000E+1	-3.9816E-13
1.3000E+4	1.0000E+0	1.8070E-7	-3.7500E+1	-2.4080E-13
1.3500E+4	1.0000E+0	1.8039E-7	-3.7000E+1	-3.8862E-13
1.4000E+4	1.0000E+0	1.8017E-7	-3.6500E+1	-2.0623E-13
1.4500E+4	1.0000E+0	1.8061E-7	-3.6000E+1	-2.9564E-13
1.5000E+4	1.0000E+0	1.8074E-7	-3.5500E+1	-5.1379E-13
1.5500E+4	1.0000E+0	1.8097E-7	-3.5000E+1	-4.6730E-13
1.6000E+4	1.0000E+0	1.8047E-7	-3.4500E+1	-4.6492E-13
1.6500E+4	1.0000E+0	1.8043E-7	-3.4000E+1	-5.8889E-13
1.7000E+4	1.0000E+0	1.8035E-7	-3.3500E+1	-1.6689E-14
1.7500E+4	1.0000E+0	1.8067E-7	-3.3000E+1	-3.1591E-13
1.8000E+4	1.0000E+0	1.8029E-7	-3.2500E+1	-4.6611E-13
1.8500E+4	1.0000E+0	1.8021E-7	-3.2000E+1	-6.9857E-13
1.9000E+4	1.0000E+0	1.8066E-7	-3.1500E+1	-4.3988E-13
1.9500E+4	1.0000E+0	1.8043E-7	-3.1000E+1	-6.9499E-13
2.0000E+4	1.0000E+0	1.8104E-7	-3.0500E+1	-6.9261E-13
2.0500E+4	1.0000E+0	1.8107E-7	-3.0000E+1	-4.3511E-13
2.1000E+4	1.0000E+0	1.8084E-7	-2.9500E+1	-3.2783E-13
2.1500E+4	1.0000E+0	1.8106E-7	-2.9000E+1	-4.2915E-13
2.2000E+4	1.0000E+0	1.8101E-7	-2.8500E+1	-5.6148E-13
2.2500E+4	1.0000E+0	1.8144E-7	-2.8000E+1	-2.7776E-13
2.3000E+4	1.0000E+0	1.8068E-7	-2.7500E+1	-5.9962E-13
2.3500E+4	1.0000E+0	1.8090E-7	-2.7000E+1	-3.0875E-13
2.4000E+4	1.0000E+0	1.8124E-7	-2.6500E+1	-6.8665E-13
2.4500E+4	1.0000E+0	1.8100E-7	-2.6000E+1	-4.3750E-13
2.5000E+4	1.0000E+0	1.8129E-7	-2.5500E+1	-2.9087E-13
2.5500E+4	1.0000E+0	1.8076E-7	-2.5000E+1	-4.9233E-13
2.6000E+4	1.0000E+0	1.8114E-7	-2.4500E+1	-4.5299E-13
2.6500E+4	1.0000E+0	1.8155E-7	-2.4000E+1	-2.1935E-13
2.7000E+4	1.0000E+0	1.8150E-7	-2.3500E+1	-3.5286E-13
2.7500E+4	1.0000E+0	1.8135E-7	-2.3000E+1	-3.0160E-13
2.8000E+4	1.0000E+0	1.8078E-7	-2.2500E+1	-6.0439E-13
2.8500E+4	1.0000E+0	1.8071E-7	-2.2000E+1	-4.7803E-13
2.9000E+4	1.0000E+0	1.8078E-7	-2.1500E+1	-4.4823E-13
2.9500E+4	1.0000E+0	1.8083E-7	-2.1000E+1	-4.9472E-13
3.0000E+4	1.0000E+0	1.8064E-7	-2.0500E+1	-4.9830E-13
3.0500E+4	1.0000E+0	1.8023E-7	-2.0000E+1	-2.0075E-12
3.1000E+4	1.0000E+0	1.8031E-7	-1.9500E+1	-3.7432E-13
3.1500E+4	1.0000E+0	1.8072E-7	-1.9000E+1	-3.2425E-13
3.2000E+4	1.0000E+0	1.8058E-7	-1.8500E+1	-3.0637E-13
3.2500E+4	1.0000E+0	1.8069E-7	-1.8000E+1	-3.7670E-13
3.3000E+4	1.0000E+0	1.8090E-7	-1.7500E+1	-2.6822E-13
3.3500E+4	1.0000E+0	1.8131E-7	-1.7000E+1	-3.5644E-13
3.4000E+4	1.0000E+0	1.8107E-7	-1.6500E+1	-3.5047E-13
3.4500E+4	1.0000E+0	1.8086E-7	-1.6000E+1	-3.2067E-13
3.5000E+4	1.0000E+0	1.8083E-7	-1.5500E+1	-3.9101E-13
3.5500E+4	1.0000E+0	1.8135E-7	-1.5000E+1	-3.7193E-13
3.6000E+4	1.0000E+0	1.8125E-7	-1.4500E+1	-2.8372E-13
3.6500E+4	1.0000E+0	1.8097E-7	-1.4000E+1	-2.7657E-13
3.7000E+4	1.0000E+0	1.8071E-7	-1.3500E+1	-2.9206E-13
3.7500E+4	1.0000E+0	1.8105E-7	-1.3000E+1	-3.3975E-13
3.8000E+4	1.0000E+0	1.8138E-7	-1.2500E+1	-3.9816E-13
3.8500E+4	1.0000E+0	1.8166E-7	-1.2000E+1	-2.9683E-13
3.9000E+4	1.0000E+0	1.8130E-7	-1.1500E+1	-2.3603E-13
3.9500E+4	1.0000E+0	1.8058E-7	-1.1000E+1	-3.5286E-13
4.0000E+4	1.0000E+0	1.8056E-7	-1.0500E+1	-3.3736E-13
4.0500E+4	1.0000E+0	1.8047E-7	-1.0000E+1	-2.8253E-13
4.1000E+4	1.0000E+0	1.8074E-7	-9.5000E+0	-2.1339E-13
4.1500E+4	1.0000E+0	1.8082E-7	-9.0000E+0	-3.1352E-13
4.2000E+4	1.0000E+0	1.8015E-7	-8.5000E+0	-3.2425E-13
4.2500E+4	1.0000E+0	1.8033E-7	-8.0000E+0	-3.1233E-13
4.3000E+4	1.0000E+0	1.8053E-7	-7.5000E+0	-2.5988E-13
4.3500E+4	1.0000E+0	1.8066E-7	-7.0000E+0	-2.1577E-13
4.4000E+4	1.0000E+0	1.7985E-7	-6.5000E+0	-2.4080E-13
4.4500E+4	1.0000E+0	1.8010E-7	-6.0000E+0	-3.4571E-13
4.5000E+4	1.0000E+0	1.8091E-7	-5.5000E+0	-3.4928E-13
4.5500E+4	1.0000E+0	1.8043E-7	-5.0000E+0	-5.6624E-13
4.6000E+4	1.0000E+0	1.8079E-7	-4.5000E+0	-4.8041E-13
4.6500E+4	1.0000E+0	1.8119E-7	-4.0000E+0	-6.2823E-13
4.7000E+4	1.0000E+0	1.8098E-7	-3.5000E+0	-5.1260E-13
4.7500E+4	1.0000E+0	1.8069E-7	-3.0000E+0	-5.3048E-13
4.8000E+4	1.0000E+0	1.8021E-7	-2.5000E+0	-5.5313E-13
4.8500E+4	1.0000E+0	1.8017E-7	-2.0000E+0	-6.3539E-13
4.9000E+4	1.0000E+0	1.8049E-7	-1.5000E+0	-5.2333E-13
4.9500E+4	1.0000E+0	1.8022E-7	-1.0000E+0	-4.7326E-13
5.0000E+4	1.0000E+0	1.8006E-7	-5.0000E-1	-4.6372E-13
5.0500E+4	1.0000E+0	1.8038E-7	0.0000E+0	-4.5776E-13
5.1000E+4	1.0000E+0	1.8039E-7	5.0000E-1	-4.8041E-13
5.1500E+4	1.0000E+0	1.8016E-7	1.0000E+0	-5.3048E-13
5.2000E+4	1.0000E+0	1.7994E-7	1.5000E+0	-5.3763E-13
5.2500E+4	1.0000E+0	1.8071E-7	2.0000E+0	-5.6744E-13
5.3000E+4	1.0000E+0	1.8047E-7	2.5000E+0	-3.9101E-13
5.3500E+4	1.0000E+0	1.8076E-7	3.0000E+0	-4.3511E-13
5.4000E+4	1.0000E+0	1.8033E-7	3.5000E+0	-5.1498E-13
5.4500E+4	1.0000E+0	1.8037E-7	4.0000E+0	-4.4107E-13
5.5000E+4	1.0000E+0	1.8008E-7	4.5000E+0	-5.6982E-13
5.5500E+4	1.0000E+0	1.8020E-7	5.0000E+0	-4.7207E-13
5.6000E+4	1.0000E+0	1.7990E-7	5.5000E+0	-4.9233E-13
5.6500E+4	1.0000E+0	1.8015E-7	6.0000E+0	-5.3167E-13
5.7000E+4	1.0000E+0	1.8026E-7	6.5000E+0	-5.1379E-13
5.7500E+4	1.0000E+0	1.8081E-7	7.0000E+0	-5.9962E-13
5.8000E+4	1.0000E+0	1.8023E-7	7.5000E+0	-5.1975E-13
5.8500E+4	1.0000E+0	1.8015E-7	8.0000E+0	-4.4942E-13
5.9000E+4	1.0000E+0	1.8075E-7	8.5000E+0	-5.1618E-13
5.9500E+4	1.0000E+0	1.8104E-7	9.0000E+0	-3.8385E-13
6.0000E+4	1.0000E+0	1.8048E-7	9.5000E+0	-3.1233E-13
6.0500E+4	1.0000E+0	1.7993E-7	1.0000E+1	-4.6372E-13
6.1000E+4	1.0000E+0	1.8005E-7	1.0500E+1	-3.9577E-13
6.1500E+4	1.0000E+0	1.7986E-7	1.1000E+1	-5.8532E-13
6.2000E+4	1.0000E+0	1.7987E-7	1.1500E+1	-5.0068E-13
6.2500E+4	1.0000E+0	1.8018E-7	1.2000E+1	-5.2214E-13
6.3000E+4	1.0000E+0	1.8045E-7	1.2500E+1	-5.1022E-13
6.3500E+4	1.0000E+0	1.8033E-7	1.3000E+1	-5.1618E-13
6.4000E+4	1.0000E+0	1.8050E-7	1.3500E+1	-5.7220E-13
6.4500E+4	1.0000E+0	1.8081E-7	1.4000E+1	-4.7922E-13
6.5000E+4	1.0000E+0	1.8069E-7	1.4500E+1	-6.1154E-13
6.5500E+4	1.0000E+0	1.8174E-7	1.5000E+1	-5.4955E-13
6.6000E+4	1.0000E+0	1.8176E-7	1.5500E+1	-7.0572E-13
6.6500E+4	1.0000E+0	1.8163E-7	1.6000E+1	-5.4836E-13
6.7000E+4	1.0000E+0	1.8088E-7	1.6500E+1	-6.6400E-13
6.7500E+4	1.0000E+0	1.8098E-7	1.7000E+1	-6.2347E-13
6.8000E+4	1.0000E+0	1.8125E-7	1.7500E+1	-6.1512E-13
6.8500E+4	1.0000E+0	1.8103E-7	1.8000E+1	-5.2214E-13
6.9000E+4	1.0000E+0	1.8085E-7	1.8500E+1	-6.3658E-13
6.9500E+4	1.0000E+0	1.8072E-7	1.9000E+1	-6.2943E-13
7.0000E+4	1.0000E+0	1.8132E-7	1.9500E+1	-6.9618E-13
7.0500E+4	1.0000E+0	1.8134E-7	2.0000E+1	-6.5684E-13
7.1000E+4	1.0000E+0	1.8152E-7	2.0500E+1	4.1604E-13
7.1500E+4	1.0000E+0	1.8155E-7	2.1000E+1	-5.4121E-13
7.2000E+4	1.0000E+0	1.8179E-7	2.1500E+1	-8.7023E-13
7.2500E+4	1.0000E+0	1.8184E-7	2.2000E+1	-7.4148E-13
7.3000E+4	1.0000E+0	1.8151E-7	2.2500E+1	-7.5102E-13
7.3500E+4	1.0000E+0	1.8158E-7	2.3000E+1	-5.8532E-13
7.4000E+4	1.0000E+0	1.8097E-7	2.3500E+1	-8.8573E-13
7.4500E+4	1.0000E+0	1.8123E-7	2.4000E+1	-8.6188E-13
7.5000E+4	1.0000E+0	1.8121E-7	2.4500E+1	-7.6890E-13
7.5500E+4	1.0000E+0	1.8096E-7	2.5000E+1	-3.4690E-13
7.6000E+4	1.0000E+0	1.8138E-7	2.5500E+1	-6.0916E-13
7.6500E+4	1.0000E+0	1.8087E-7	2.6000E+1	-5.4240E-13
7.7000E+4	1.0000E+0	1.8100E-7	2.6500E+1	-5.4836E-13
7.7500E+4	1.0000E+0	1.8162E-7	2.7000E+1	-4.8518E-13
7.8000E+4	1.0000E+0	1.8176E-7	2.7500E+1	-5.5671E-13
7.8500E+4	1.0000E+0	1.8168E-7	2.8000E+1	-5.7578E-13
7.9000E+4	1.0000E+0	1.8142E-7	2.8500E+1	-3.6836E-13
7.9500E+4	1.0000E+0	1.8179E-7	2.9000E+1	-4.5538E-13
8.0000E+4	1.0000E+0	1.8181E-7	2.9500E+1	-1.2994E-13
8.0500E+4	1.0000E+0	1.8169E-7	3.0000E+1	-5.3883E-13
8.1000E+4	1.0000E+0	1.8197E-7	3.0500E+1	-5.0783E-13
8.1500E+4	1.0000E+0	1.8174E-7	3.1000E+1	-5.6267E-13
8.2000E+4	1.0000E+0	1.8164E-7	3.1500E+1	-2.1339E-13
8.2500E+4	1.0000E+0	1.8151E-7	3.2000E+1	-4.8757E-13
8.3000E+4	1.0000E+0	1.8122E-7	3.2500E+1	-4.4584E-13
8.3500E+4	1.0000E+0	1.8169E-7	3.3000E+1	-6.7949E-14
8.4000E+4	1.0000E+0	1.8205E-7	3.3500E+1	-3.9577E-13
8.4500E+4	1.0000E+0	1.8208E-7	3.4000E+1	-7.3910E-14
8.5000E+4	1.0000E+0	1.8181E-7	3.4500E+1	-3.2067E-13
8.5500E+4	1.0000E+0	1.8248E-7	3.5000E+1	-5.8413E-14
8.6000E+4	1.0000E+0	1.8269E-7	3.5500E+1	-3.5286E-13
8.6500E+4	1.0000E+0	1.8235E-7	3.6000E+1	1.7881E-14
8.7000E+4	1.0000E+0	1.8163E-7	3.6500E+1	-6.1512E-13
8.7500E+4	1.0000E+0	1.8250E-7	3.7000E+1	-2.3723E-13
8.8000E+4	1.0000E+0	1.8208E-7	3.7500E+1	-1.0967E-13
8.8500E+4	1.0000E+0	1.8212E-7	3.8000E+1	-4.2081E-13
8.9000E+4	1.0000E+0	1.8207E-7	3.8500E+1	-5.4479E-13
8.9500E+4	1.0000E+0	1.8159E-7	3.9000E+1	-9.1791E-14
9.0000E+4	1.0000E+0	1.8139E-7	3.9500E+1	-3.8028E-13
9.0500E+4	1.0000E+0	1.8218E-7	4.0000E+1	-3.2902E-13
9.1000E+4	1.0000E+0	1.8150E-7	4.0500E+1	-6.0081E-13
9.1500E+4	1.0000E+0	1.8160E-7	4.1000E+1	-5.7936E-13
9.2000E+4	1.0000E+0	1.8100E-7	4.1500E+1	-5.6982E-13
9.2500E+4	1.0000E+0	1.8082E-7	4.2000E+1	-5.9247E-13
9.3000E+4	1.0000E+0	1.8171E-7	4.2500E+1	-5.5909E-13
9.3500E+4	1.0000E+0	1.8128E-7	4.3000E+1	-3.1829E-13
9.4000E+4	1.0000E+0	1.8152E-7	4.3500E+1	-5.4359E-13
9.4500E+4	1.0000E+0	1.8079E-7	4.4000E+1	-4.0889E-13
9.5000E+4	1.0000E+0	1.8076E-7	4.4500E+1	-6.6519E-13
9.5500E+4	1.0000E+0	1.8103E-7	4.5000E+1	-5.0664E-13
9.6000E+4	1.0000E+0	1.8124E-7	4.5500E+1	-7.2241E-13
9.6500E+4	1.0000E+0	1.8099E-7	4.6000E+1	-6.2108E-13
9.7000E+4	1.0000E+0	1.8048E-7	4.6500E+1	-8.0109E-13
9.7500E+4	1.0000E+0	1.8158E-7	4.7000E+1	-2.6703E-13
9.8000E+4	1.0000E+0	1.8183E-7	4.7500E+1	-5.1022E-13
9.8500E+4	1.0000E+0	1.8144E-7	4.8000E+1	-3.9339E-13
9.9000E+4	1.0000E+0	1.8169E-7	4.8500E+1	-4.4584E-13
9.9500E+4	1.0000E+0	1.8141E-7	4.9000E+1	-5.8770E-13
1.0000E+5	1.0000E+0	1.8110E-7	4.9500E+1	-3.9816E-13
1.0050E+5	1.0000E+0	1.8150E-7	5.0000E+1	-6.6161E-13
1.0100E+5	1.0000E+0	1.8218E-7	5.0500E+1	-4.8161E-13
1.0150E+5	1.0000E+0	1.8142E-7	5.0000E+1	-6.6042E-13
1.0200E+5	1.0000E+0	1.8155E-7	4.9500E+1	-5.5790E-13
1.0250E+5	1.0000E+0	1.8169E-7	4.9000E+1	-5.1618E-13
1.0300E+5	1.0000E+0	1.8177E-7	4.8500E+1	-4.4823E-13
1.0350E+5	1.0000E+0	1.8102E-7	4.8000E+1	-6.0678E-13
1.0400E+5	1.0000E+0	1.8116E-7	4.7500E+1	-6.1035E-13
1.0450E+5	1.0000E+0	1.8132E-7	4.7000E+1	-4.1604E-13
1.0500E+5	1.0000E+0	1.8173E-7	4.6500E+1	-2.9087E-13
1.0550E+5	1.0000E+0	1.8165E-7	4.6000E+1	-6.6876E-13
1.0600E+5	1.0000E+0	1.8090E-7	4.5500E+1	-3.8743E-13
1.0650E+5	1.0000E+0	1.8094E-7	4.5000E+1	-3.7551E-13
1.0700E+5	1.0000E+0	1.8089E-7	4.4500E+1	-5.3048E-13
1.0750E+5	1.0000E+0	1.8128E-7	4.4000E+1	-7.7963E-13
1.0800E+5	1.0000E+0	1.8191E-7	4.3500E+1	-6.0201E-13
1.0850E+5	1.0000E+0	1.8135E-7	4.3000E+1	-2.1815E-13
1.0900E+5	1.0000E+0	1.8170E-7	4.2500E+1	-6.5923E-13
1.0950E+5	1.0000E+0	1.8157E-7	4.2000E+1	-3.7670E-13
1.1000E+5	1.0000E+0	1.8142E-7	4.1500E+1	-2.1100E-13
1.1050E+5	1.0000E+0	1.8092E-7	4.1000E+1	-6.9618E-13
1.1100E+5	1.0000E+0	1.8117E-7	4.0500E+1	-4.3154E-13
1.1150E+5	1.0000E+0	1.8158E-7	4.0000E+1	-4.5896E-13
1.1200E+5	1.0000E+0	1.8168E-7	3.9500E+1	-4.0293E-13
1.1250E+5	1.0000E+0	1.8223E-7	3.9000E+1	-2.7418E-14
1.1300E+5	1.0000E+0	1.8125E-7	3.8500E+1	-3.7909E-13
1.1350E+5	1.0000E+0	1.8097E-7	3.8000E+1	-5.1260E-13
1.1400E+5	1.0000E+0	1.8131E-7	3.7500E+1	-5.4479E-13
1.1450E+5	1.0000E+0	1.8100E-7	3.7000E+1	-4.5538E-13
1.1500E+5	1.0000E+0	1.8136E-7	3.6500E+1	-5.5194E-13
1.1550E+5	1.0000E+0	1.8138E-7	3.6000E+1	-4.9710E-13
1.1600E+5	1.0000E+0	1.8118E-7	3.5500E+1	-5.0902E-13
1.1650E+5	1.0000E+0	1.8138E-7	3.5000E+1	-6.6400E-13
1.1700E+5	1.0000E+0	1.8148E-7	3.4500E+1	-4.2558E-13
1.1750E+5	1.0000E+0	1.8145E-7	3.4000E+1	-6.0558E-13
1.1800E+5	1.0000E+0	1.8202E-7	3.3500E+1	-5.6744E-13
1.1850E+5	1.0000E+0	1.8196E-7	3.3000E+1	-4.3631E-13
1.1900E+5	1.0000E+0	1.8250E-7	3.2500E+1	-3.5763E-13
1.1950E+5	1.0000E+0	1.8246E-7	3.2000E+1	-4.9591E-13
1.2000E+5	1.0000E+0	1.8157E-7	3.1500E+1	-5.1260E-13
1.2050E+5	1.0000E+0	1.8194E-7	3.1000E+1	-6.1274E-13
1.2100E+5	1.0000E+0	1.8203E-7	3.0500E+1	-4.8399E-13
1.2150E+5	1.0000E+0	1.8165E-7	3.0000E+1	-6.3777E-13
1.2200E+5	1.0000E+0	1.8182E-7	2.9500E+1	-5.6267E-13
1.2250E+5	1.0000E+0	1.8166E-7	2.9000E+1	-5.2690E-13
1.2300E+5	1.0000E+0	1.8156E-7	2.8500E+1	-7.0453E-13
1.2350E+5	1.0000E+0	1.8081E-7	2.8000E+1	-6.2585E-13
1.2400E+5	1.0000E+0	1.8138E-7	2.7500E+1	-8.5592E-13
1.2450E+5	1.0000E+0	1.8128E-7	2.7000E+1	-4.7684E-13
1.2500E+5	1.0000E+0	1.8081E-7	2.6500E+1	-6.8188E-13
1.2550E+5	1.0000E+0	1.8104E-7	2.6000E+1	-5.9605E-13
1.2600E+5	1.0000E+0	1.8135E-7	2.5500E+1	-4.5419E-13
1.2650E+5	1.0000E+0	1.8193E-7	2.5000E+1	-4.9830E-13
1.2700E+5	1.0000E+0	1.8158E-7	2.4500E+1	-4.0770E-13
1.2750E+5	1.0000E+0	1.8150E-7	2.4000E+1	-6.3539E-13
1.2800E+5	1.0000E+0	1.8138E-7	2.3500E+1	-7.4506E-13
1.2850E+5	1.0000E+0	1.8162E-7	2.3000E+1	-7.4983E-13
1.2900E+5	1.0000E+0	1.8163E-7	2.2500E+1	-6.0797E-13
1.2950E+5	1.0000E+0	1.8144E-7	2.2000E+1	-7.8916E-13
1.3000E+5	1.0000E+0	1.8132E-7	2.1500E+1	-4.5180E-13
1.3050E+5	1.0000E+0	1.8150E-7	2.1000E+1	-3.4452E-13
1.3100E+5	1.0000E+0	1.8188E-7	2.0500E+1	-5.9128E-13
1.3150E+5	1.0000E+0	1.8139E-7	2.0000E+1	-1.9824E-12
1.3200E+5	1.0000E+0	1.8104E-7	1.9500E+1	-5.5551E-13
1.3250E+5	1.0000E+0	1.8107E-7	1.9000E+1	-4.6134E-13
1.3300E+5	1.0000E+0	1.8087E-7	1.8500E+1	-4.2439E-13
1.3350E+5	1.0000E+0	1.8101E-7	1.8000E+1	-5.2929E-13
1.3400E+5	1.0000E+0	1.8119E-7	1.7500E+1	-5.7816E-13
1.3450E+5	1.0000E+0	1.8134E-7	1.7000E+1	-5.3644E-13
1.3500E+5	1.0000E+0	1.8174E-7	1.6500E+1	-4.6015E-13
1.3550E+5	1.0000E+0	1.8104E-7	1.6000E+1	-4.3988E-13
1.3600E+5	1.0000E+0	1.8095E-7	1.5500E+1	-4.5538E-13
1.3650E+5	1.0000E+0	1.8091E-7	1.5000E+1	-7.4863E-13
1.3700E+5	1.0000E+0	1.8118E-7	1.4500E+1	-7.7128E-13
1.3750E+5	1.0000E+0	1.8109E-7	1.4000E+1	-7.1526E-13
1.3800E+5	1.0000E+0	1.8098E-7	1.3500E+1	-7.9274E-13
1.3850E+5	1.0000E+0	1.8173E-7	1.3000E+1	-8.2851E-13
1.3900E+5	1.0000E+0	1.8070E-7	1.2500E+1	-7.9513E-13
1.3950E+5	1.0000E+0	1.8134E-7	1.2000E+1	-7.4625E-13
1.4000E+5	1.0000E+0	1.8134E-7	1.1500E+1	-6.8665E-13
1.4050E+5	1.0000E+0	1.8191E-7	1.1000E+1	-7.0453E-13
1.4100E+5	1.0000E+0	1.8144E-7	1.0500E+1	-7.2122E-13
1.4150E+5	1.0000E+0	1.8167E-7	1.0000E+1	-7.7844E-13
1.4200E+5	1.0000E+0	1.8190E-7	9.5000E+0	-5.6028E-13
1.4250E+5	1.0000E+0	1.8176E-7	9.0000E+0	-5.2810E-13
1.4300E+5	1.0000E+0	1.8143E-7	8.5000E+0	-5.4955E-13
1.4350E+5	1.0000E+0	1.8142E-7	8.0000E+0	-5.4359E-13
1.4400E+5	1.0000E+0	1.8149E-7	7.5000E+0	-4.7803E-13
1.4450E+5	1.0000E+0	1.8141E-7	7.0000E+0	-5.6863E-13
1.4500E+5	1.0000E+0	1.8145E-7	6.5000E+0	-6.0439E-13
1.4550E+5	1.0000E+0	1.8181E-7	6.0000E+0	-6.2704E-13
1.4600E+5	1.0000E+0	1.8189E-7	5.5000E+0	-5.5313E-13
1.4650E+5	1.0000E+0	1.8168E-7	5.0000E+0	-4.8876E-13
1.4700E+5	1.0000E+0	1.8140E-7	4.5000E+0	-6.0439E-13
1.4750E+5	1.0000E+0	1.8132E-7	4.0000E+0	-4.9472E-13
1.4800E+5	1.0000E+0	1.8122E-7	3.5000E+0	-5.7578E-13
1.4850E+5	1.0000E+0	1.8179E-7	3.0000E+0	-6.6042E-13
1.4900E+5	1.0000E+0	1.8169E-7	2.5000E+0	-5.4955E-13
1.4950E+5	1.0000E+0	1.8127E-7	2.0000E+0	-6.9857E-13
1.5000E+5	1.0000E+0	1.8173E-7	1.5000E+0	-6.0201E-13
1.5050E+5	1.0000E+0	1.8159E-7	1.0000E+0	-6.3539E-13
1.5100E+5	1.0000E+0	1.8089E-7	5.0000E-1	-7.4506E-13
1.5150E+5	1.0000E+0	1.8120E-7	0.0000E+0	-7.2479E-13
1.5200E+5	1.0000E+0	1.8188E-7	-5.0000E-1	-6.1035E-13
1.5250E+5	1.0000E+0	1.8178E-7	-1.0000E+0	-5.5790E-13
1.5300E+5	1.0000E+0	1.8203E-7	-1.5000E+0	-5.5790E-13
1.5350E+5	1.0000E+0	1.8229E-7	-2.0000E+0	-4.6492E-13
1.5400E+5	1.0000E+0	1.8187E-7	-2.5000E+0	-4.8041E-13
1.5450E+5	1.0000E+0	1.8216E-7	-3.0000E+0	-6.1274E-13
1.5500E+5	1.0000E+0	1.8194E-7	-3.5000E+0	-6.0081E-13
1.5550E+5	1.0000E+0	1.8199E-7	-4.0000E+0	-6.0320E-13
1.5600E+5	1.0000E+0	1.8132E-7	-4.5000E+0	-5.9605E-13
1.5650E+5	1.0000E+0	1.8133E-7	-5.0000E+0	-5.3883E-13
1.5700E+5	1.0000E+0	1.8107E-7	-5.5000E+0	-5.5551E-13
1.5750E+5	1.0000E+0	1.8129E-7	-6.0000E+0	-6.3777E-13
1.5800E+5	1.0000E+0	1.8160E-7	-6.5000E+0	-5.2333E-13
1.5850E+5	1.0000E+0	1.8137E-7	-7.0000E+0	-5.4955E-13
1.5900E+5	1.0000E+0	1.8215E-7	-7.5000E+0	-6.1750E-13
1.5950E+5	1.0000E+0	1.8189E-7	-8.0000E+0	-6.3539E-13
1.6000E+5	1.0000E+0	1.8195E-7	-8.5000E+0	-6.4254E-13
1.6050E+5	1.0000E+0	1.8209E-7	-9.0000E+0	-6.2108E-13
1.6100E+5	1.0000E+0	1.8186E-7	-9.5000E+0	-5.5790E-13
1.6150E+5	1.0000E+0	1.8209E-7	-1.0000E+1	-4.9114E-13
1.6200E+5	1.0000E+0	1.8186E-7	-1.0500E+1	-4.7803E-13
1.6250E+5	1.0000E+0	1.8208E-7	-1.1000E+1	-6.5088E-13
1.6300E+5	1.0000E+0	1.8242E-7	-1.1500E+1	-6.7115E-13
1.6350E+5	1.0000E+0	1.8210E-7	-1.2000E+1	-6.1512E-13
1.6400E+5	1.0000E+0	1.8223E-7	-1.2500E+1	-6.6638E-13
1.6450E+5	1.0000E+0	1.8258E-7	-1.3000E+1	-5.7816E-13
1.6500E+5	1.0000E+0	1.8185E-7	-1.3500E+1	-5.5432E-13
1.6550E+5	1.0000E+0	1.8211E-7	-1.4000E+1	-6.2227E-13
1.6600E+5	1.0000E+0	1.8244E-7	-1.4500E+1	-4.5657E-13
1.6650E+5	1.0000E+0	1.8277E-7	-1.5000E+1	-5.9843E-13
1.6700E+5	1.0000E+0	1.8229E-7	-1.5500E+1	-5.3167E-13
1.6750E+5	1.0000E+0	1.8223E-7	-1.6000E+1	-3.9577E-13
1.6800E+5	1.0000E+0	1.8179E-7	-1.6500E+1	-5.2810E-13
1.6850E+5	1.0000E+0	1.8209E-7	-1.7000E+1	-5.4836E-13
1.6900E+5	1.0000E+0	1.8239E-7	-1.7500E+1	-5.1260E-13
1.6950E+5	1.0000E+0	1.8195E-7	-1.8000E+1	-4.7088E-13
1.7000E+5	1.0000E+0	1.8209E-7	-1.8500E+1	-5.7578E-13
1.7050E+5	1.0000E+0	1.8226E-7	-1.9000E+1	-5.8174E-13
1.7100E+5	1.0000E+0	1.8169E-7	-1.9500E+1	-5.2452E-13
1.7150E+5	1.0000E+0	1.8202E-7	-2.0000E+1	-4.6492E-13
1.7200E+5	1.0000E+0	1.8230E-7	-2.0500E+1	5.9366E-13
1.7250E+5	1.0000E+0	1.8207E-7	-2.1000E+1	-5.9366E-13
1.7300E+5	1.0000E+0	1.8210E-7	-2.1500E+1	-7.2598E-13
1.7350E+5	1.0000E+0	1.8172E-7	-2.2000E+1	-8.2612E-13
1.7400E+5	1.0000E+0	1.8133E-7	-2.2500E+1	-5.8055E-13
1.7450E+5	1.0000E+0	1.8184E-7	-2.3000E+1	-6.4969E-13
1.7500E+5	1.0000E+0	1.8178E-7	-2.3500E+1	-9.2387E-13
1.7550E+5	1.0000E+0	1.8170E-7	-2.4000E+1	-6.5088E-13
1.7600E+5	1.0000E+0	1.8166E-7	-2.4500E+1	-9.0361E-13
1.7650E+5	1.0000E+0	1.8182E-7	-2.5000E+1	-7.2479E-13
1.7700E+5	1.0000E+0	1.8118E-7	-2.5500E+1	-5.6982E-13
1.7750E+5	1.0000E+0	1.8157E-7	-2.6000E+1	-7.2598E-13
1.7800E+5	1.0000E+0	1.8163E-7	-2.6500E+1	-6.6876E-13
1.7850E+5	1.0000E+0	1.8149E-7	-2.7000E+1	-4.5657E-13
1.7900E+5	1.0000E+0	1.8199E-7	-2.7500E+1	-5.8532E-13
1.7950E+5	1.0000E+0	1.8197E-7	-2.8000E+1	-9.8944E-13
1.8000E+5	1.0000E+0	1.8178E-7	-2.8500E+1	-8.1539E-13
1.8050E+5	1.0000E+0	1.8195E-7	-2.9000E+1	-6.0439E-13
1.8100E+5	1.0000E+0	1.8171E-7	-2.9500E+1	-4.8995E-13
1.8150E+5	1.0000E+0	1.8177E-7	-3.0000E+1	-7.3671E-13
1.8200E+5	1.0000E+0	1.8192E-7	-3.0500E+1	-2.5988E-13
1.8250E+5	1.0000E+0	1.8211E-7	-3.1000E+1	-5.9962E-13
1.8300E+5	1.0000E+0	1.8189E-7	-3.1500E+1	-2.6822E-13
1.8350E+5	1.0000E+0	1.8255E-7	-3.2000E+1	-5.1141E-13
1.8400E+5	1.0000E+0	1.8242E-7	-3.2500E+1	-7.0810E-13
1.8450E+5	1.0000E+0	1.8157E-7	-3.3000E+1	-4.2439E-13
1.8500E+5	1.0000E+0	1.8235E-7	-3.3500E+1	-3.6836E-13
1.8550E+5	1.0000E+0	1.8202E-7	-3.4000E+1	-2.7537E-13
1.8600E+5	1.0000E+0	1.8207E-7	-3.4500E+1	-1.4305E-13
1.8650E+5	1.0000E+0	1.8207E-7	-3.5000E+1	-5.8532E-13
1.8700E+5	1.0000E+0	1.8158E-7	-3.5500E+1	-6.7592E-13
1.8750E+5	1.0000E+0	1.8252E-7	-3.6000E+1	-2.8372E-13
1.8800E+5	1.0000E+0	1.8217E-7	-3.6500E+1	-4.9591E-13
1.8850E+5	1.0000E+0	1.8244E-7	-3.7000E+1	-3.5882E-13
1.8900E+5	1.0000E+0	1.8183E-7	-3.7500E+1	-5.1498E-13
1.8950E+5	1.0000E+0	1.8207E-7	-3.8000E+1	-5.1618E-13
1.9000E+5	1.0000E+0	1.8196E-7	-3.8500E+1	-1.0133E-13
1.9050E+5	1.0000E+0	1.8231E-7	-3.9000E+1	-2.6941E-13
1.9100E+5	1.0000E+0	1.8221E-7	-3.9500E+1	-2.8491E-13
1.9150E+5	1.0000E+0	1.8149E-7	-4.0000E+1	-2.3365E-13
1.9200E+5	1.0000E+0	1.8237E-7	-4.0500E+1	-5.1022E-13
1.9250E+5	1.0000E+0	1.8220E-7	-4.1000E+1	-1.3590E-13
1.9300E+5	1.0000E+0	1.8201E-7	-4.1500E+1	-3.4571E-13
1.9350E+5	1.0000E+0	1.8196E-7	-4.2000E+1	-4.1008E-13
1.9400E+5	1.0000E+0	1.8197E-7	-4.2500E+1	-1.8597E-13
1.9450E+5	1.0000E+0	1.8166E-7	-4.3000E+1	-3.1233E-13
1.9500E+5	1.0000E+0	1.8169E-7	-4.3500E+1	-4.3750E-13
1.9550E+5	1.0000E+0	1.8209E-7	-4.4000E+1	-3.8505E-13
1.9600E+5	1.0000E+0	1.8221E-7	-4.4500E+1	-3.2425E-13
1.9650E+5	1.0000E+0	1.8198E-7	-4.5000E+1	-4.1604E-13
1.9700E+5	1.0000E+0	1.8181E-7	-4.5500E+1	-3.0756E-13
1.9750E+5	1.0000E+0	1.8199E-7	-4.6000E+1	-4.4584E-13
1.9800E+5	1.0000E+0	1.8205E-7	-4.6500E+1	-1.2398E-13
1.9850E+5	1.0000E+0	1.8173E-7	-4.7000E+1	-3.5286E-13
1.9900E+5	1.0000E+0	1.8207E-7	-4.7500E+1	-4.1246E-13
1.9950E+5	1.0000E+0	1.8257E-7	-4.8000E+1	-5.8413E-13
2.0000E+5	1.0000E+0	1.8188E-7	-4.8500E+1	-7.5102E-13
2.0050E+5	1.0000E+0	1.8171E-7	-4.9000E+1	-5.4479E-13
2.0100E+5	1.0000E+0	1.8163E-7	-4.9500E+1	-4.1246E-13
2.0150E+5	1.0000E+0	1.8142E-7	-5.0000E+1	-5.9724E-13
