File Name: 36_Sample6_device1_trfSat_dark_finish.dat
File Data: 21/11/2023	11:07:10
Start V: 0
Step V: 0
Stop V: 0
Range V: 200
Delay(ms): 0
Auorange: yes
Sweep type: log
Instrument Meter: SM2614
Time(ms)	Vdrain(V)	Idrain(A)	Vgate(V)	Igate(A)
0.0000E+0	1.0000E+0	1.6313E-10	-5.0000E+1	-3.7494E-10
1.0000E+3	1.0000E+0	9.1766E-11	-4.9500E+1	-2.6461E-10
1.5000E+3	1.0000E+0	4.6979E-11	-4.9000E+1	-1.7584E-10
2.0000E+3	1.0000E+0	3.2448E-11	-4.8500E+1	-2.3954E-10
2.5000E+3	1.0000E+0	2.2147E-11	-4.8000E+1	-3.1023E-10
3.0000E+3	1.0000E+0	1.5608E-11	-4.7500E+1	-3.1781E-10
3.5000E+3	1.0000E+0	9.5689E-12	-4.7000E+1	-3.1825E-10
4.0000E+3	1.0000E+0	5.6040E-12	-4.6500E+1	-3.1997E-10
4.5000E+3	1.0000E+0	1.7619E-12	-4.6000E+1	-3.2366E-10
5.0000E+3	1.0000E+0	4.3559E-12	-4.5500E+1	-2.8098E-10
5.5000E+3	1.0000E+0	-1.9267E-11	-4.5000E+1	-1.1509E-10
6.0000E+3	1.0000E+0	-6.3217E-12	-4.4500E+1	-2.7324E-10
6.5000E+3	1.0000E+0	-8.0752E-12	-4.4000E+1	-2.5895E-10
7.0000E+3	1.0000E+0	-9.3854E-12	-4.3500E+1	-2.4615E-10
7.5000E+3	1.0000E+0	-1.1137E-11	-4.3000E+1	-2.1788E-10
8.0000E+3	1.0000E+0	-1.2127E-11	-4.2500E+1	-2.1501E-10
8.5000E+3	1.0000E+0	-1.3307E-11	-4.2000E+1	-2.1386E-10
9.0000E+3	1.0000E+0	-1.4541E-11	-4.1500E+1	-2.0543E-10
9.5000E+3	1.0000E+0	-1.5191E-11	-4.1000E+1	-1.9096E-10
1.0000E+4	1.0000E+0	-1.5999E-11	-4.0500E+1	-1.9519E-10
1.0500E+4	1.0000E+0	-1.6612E-11	-4.0000E+1	-1.7520E-10
1.1000E+4	1.0000E+0	-1.6959E-11	-3.9500E+1	-1.6611E-10
1.1500E+4	1.0000E+0	-1.7533E-11	-3.9000E+1	-1.6056E-10
1.2000E+4	1.0000E+0	-1.7765E-11	-3.8500E+1	-1.5900E-10
1.2500E+4	1.0000E+0	-1.8090E-11	-3.8000E+1	-1.5421E-10
1.3000E+4	1.0000E+0	-1.8214E-11	-3.7500E+1	-1.4904E-10
1.3500E+4	1.0000E+0	-1.8033E-11	-3.7000E+1	-1.3731E-10
1.4000E+4	1.0000E+0	-1.7983E-11	-3.6500E+1	-1.3537E-10
1.4500E+4	1.0000E+0	-1.7552E-11	-3.6000E+1	-1.3776E-10
1.5000E+4	1.0000E+0	-1.6919E-11	-3.5500E+1	-1.2702E-10
1.5500E+4	1.0000E+0	-1.5980E-11	-3.5000E+1	-1.2807E-10
1.6000E+4	1.0000E+0	-1.4696E-11	-3.4500E+1	-1.2317E-10
1.6500E+4	1.0000E+0	-1.2792E-11	-3.4000E+1	-8.3969E-11
1.7000E+4	1.0000E+0	-1.0370E-11	-3.3500E+1	-3.8838E-11
1.7500E+4	1.0000E+0	-7.2658E-12	-3.3000E+1	-3.2982E-11
1.8000E+4	1.0000E+0	-3.3605E-12	-3.2500E+1	-3.0295E-11
1.8500E+4	1.0000E+0	1.7798E-12	-3.2000E+1	-2.6243E-11
1.9000E+4	1.0000E+0	7.9179E-12	-3.1500E+1	-2.3863E-11
1.9500E+4	1.0000E+0	1.5479E-11	-3.1000E+1	-2.0570E-11
2.0000E+4	1.0000E+0	3.0184E-11	-3.0500E+1	-1.8758E-11
2.0500E+4	1.0000E+0	3.4077E-11	-3.0000E+1	1.0984E-11
2.1000E+4	1.0000E+0	4.1170E-11	-2.9500E+1	1.3230E-11
2.1500E+4	1.0000E+0	6.5402E-11	-2.9000E+1	-9.9373E-12
2.2000E+4	1.0000E+0	8.5523E-11	-2.8500E+1	-7.1669E-12
2.2500E+4	1.0000E+0	1.1088E-10	-2.8000E+1	-4.2141E-12
2.3000E+4	1.0000E+0	1.3894E-10	-2.7500E+1	-7.3314E-13
2.3500E+4	1.0000E+0	1.7518E-10	-2.7000E+1	1.4579E-12
2.4000E+4	1.0000E+0	2.1754E-10	-2.6500E+1	4.3118E-12
2.4500E+4	1.0000E+0	2.6099E-10	-2.6000E+1	7.1764E-12
2.5000E+4	1.0000E+0	3.1834E-10	-2.5500E+1	9.2137E-12
2.5500E+4	1.0000E+0	3.8011E-10	-2.5000E+1	1.2258E-11
2.6000E+4	1.0000E+0	4.4267E-10	-2.4500E+1	1.4090E-11
2.6500E+4	1.0000E+0	5.2658E-10	-2.4000E+1	1.6627E-11
2.7000E+4	1.0000E+0	6.2076E-10	-2.3500E+1	1.7878E-11
2.7500E+4	1.0000E+0	7.3668E-10	-2.3000E+1	1.9858E-11
2.8000E+4	1.0000E+0	8.6183E-10	-2.2500E+1	2.2204E-11
2.8500E+4	1.0000E+0	1.0147E-9	-2.2000E+1	2.3717E-11
2.9000E+4	1.0000E+0	1.1819E-9	-2.1500E+1	2.5608E-11
2.9500E+4	1.0000E+0	1.3934E-9	-2.1000E+1	2.7201E-11
3.0000E+4	1.0000E+0	1.6082E-9	-2.0500E+1	2.8912E-11
3.0500E+4	1.0000E+0	1.9039E-9	-2.0000E+1	3.0252E-11
3.1000E+4	1.0000E+0	2.2110E-9	-1.9500E+1	3.2433E-11
3.1500E+4	1.0000E+0	2.5920E-9	-1.9000E+1	3.3739E-11
3.2000E+4	1.0000E+0	3.0180E-9	-1.8500E+1	3.5482E-11
3.2500E+4	1.0000E+0	3.5588E-9	-1.8000E+1	3.7442E-11
3.3000E+4	1.0000E+0	4.1404E-9	-1.7500E+1	3.8816E-11
3.3500E+4	1.0000E+0	4.9134E-9	-1.7000E+1	3.9935E-11
3.4000E+4	1.0000E+0	5.7925E-9	-1.6500E+1	4.1406E-11
3.4500E+4	1.0000E+0	6.7727E-9	-1.6000E+1	4.2639E-11
3.5000E+4	1.0000E+0	7.9534E-9	-1.5500E+1	4.3871E-11
3.5500E+4	1.0000E+0	9.3229E-9	-1.5000E+1	3.4242E-11
3.6000E+4	1.0000E+0	1.0906E-8	-1.4500E+1	1.9122E-10
3.6500E+4	1.0000E+0	1.2902E-8	-1.4000E+1	4.7737E-11
3.7000E+4	1.0000E+0	1.5380E-8	-1.3500E+1	4.8631E-11
3.7500E+4	1.0000E+0	1.8285E-8	-1.3000E+1	4.9974E-11
3.8000E+4	1.0000E+0	2.1392E-8	-1.2500E+1	5.1119E-11
3.8500E+4	1.0000E+0	2.5533E-8	-1.2000E+1	5.2251E-11
3.9000E+4	1.0000E+0	3.0269E-8	-1.1500E+1	5.3151E-11
3.9500E+4	1.0000E+0	3.6267E-8	-1.1000E+1	5.4266E-11
4.0000E+4	1.0000E+0	4.3122E-8	-1.0500E+1	5.5364E-11
4.0500E+4	1.0000E+0	5.1491E-8	-1.0000E+1	5.6512E-11
4.1000E+4	1.0000E+0	6.1641E-8	-9.5000E+0	5.7321E-11
4.1500E+4	1.0000E+0	7.3104E-8	-9.0000E+0	5.8316E-11
4.2000E+4	1.0000E+0	8.6866E-8	-8.5000E+0	5.9196E-11
4.2500E+4	1.0000E+0	1.0446E-7	-8.0000E+0	6.0116E-11
4.3000E+4	1.0000E+0	1.2445E-7	-7.5000E+0	7.0082E-11
4.3500E+4	1.0000E+0	1.4792E-7	-7.0000E+0	6.1817E-11
4.4000E+4	1.0000E+0	1.7640E-7	-6.5000E+0	6.2966E-11
4.4500E+4	1.0000E+0	2.1024E-7	-6.0000E+0	6.3204E-11
4.5000E+4	1.0000E+0	2.4848E-7	-5.5000E+0	6.4173E-11
4.5500E+4	1.0000E+0	2.9282E-7	-5.0000E+0	6.4907E-11
4.6000E+4	1.0000E+0	3.4418E-7	-4.5000E+0	6.5594E-11
4.6500E+4	1.0000E+0	4.0379E-7	-4.0000E+0	6.6295E-11
4.7000E+4	1.0000E+0	4.7330E-7	-3.5000E+0	6.7031E-11
4.7500E+4	1.0000E+0	5.5258E-7	-3.0000E+0	6.7653E-11
4.8000E+4	1.0000E+0	6.4044E-7	-2.5000E+0	6.8353E-11
4.8500E+4	1.0000E+0	7.4174E-7	-2.0000E+0	6.8749E-11
4.9000E+4	1.0000E+0	8.5489E-7	-1.5000E+0	6.9350E-11
4.9500E+4	1.0000E+0	9.8348E-7	-1.0000E+0	6.9901E-11
5.0000E+4	1.0000E+0	1.1277E-6	-5.0000E-1	7.0445E-11
5.0500E+4	1.0000E+0	1.2835E-6	0.0000E+0	7.5882E-11
5.1000E+4	1.0000E+0	1.4620E-6	5.0000E-1	2.1425E-10
5.1500E+4	1.0000E+0	1.6576E-6	1.0000E+0	7.2687E-11
5.2000E+4	1.0000E+0	1.8673E-6	1.5000E+0	7.3180E-11
5.2500E+4	1.0000E+0	2.0979E-6	2.0000E+0	7.3642E-11
5.3000E+4	1.0000E+0	2.3527E-6	2.5000E+0	7.4740E-11
5.3500E+4	1.0000E+0	2.6284E-6	3.0000E+0	7.4525E-11
5.4000E+4	1.0000E+0	2.9170E-6	3.5000E+0	7.5365E-11
5.4500E+4	1.0000E+0	3.2375E-6	4.0000E+0	7.5968E-11
5.5000E+4	1.0000E+0	3.5745E-6	4.5000E+0	7.6801E-11
5.5500E+4	1.0000E+0	3.9429E-6	5.0000E+0	7.7454E-11
5.6000E+4	1.0000E+0	4.3343E-6	5.5000E+0	7.8229E-11
5.6500E+4	1.0000E+0	4.7504E-6	6.0000E+0	7.9165E-11
5.7000E+4	1.0000E+0	5.1846E-6	6.5000E+0	8.0211E-11
5.7500E+4	1.0000E+0	5.6449E-6	7.0000E+0	8.0423E-11
5.8000E+4	1.0000E+0	6.1318E-6	7.5000E+0	8.1748E-11
5.8500E+4	1.0000E+0	6.6550E-6	8.0000E+0	8.2478E-11
5.9000E+4	1.0000E+0	7.1984E-6	8.5000E+0	8.3293E-11
5.9500E+4	1.0000E+0	7.7684E-6	9.0000E+0	8.3598E-11
6.0000E+4	1.0000E+0	8.3685E-6	9.5000E+0	8.4405E-11
6.0500E+4	1.0000E+0	8.9931E-6	1.0000E+1	8.5510E-11
6.1000E+4	1.0000E+0	9.6439E-6	1.0500E+1	8.5047E-11
6.1500E+4	1.0000E+0	1.0322E-5	1.1000E+1	8.6980E-11
6.2000E+4	1.0000E+0	1.1045E-5	1.1500E+1	9.5564E-11
6.2500E+4	1.0000E+0	1.1771E-5	1.2000E+1	8.7245E-11
6.3000E+4	1.0000E+0	1.2524E-5	1.2500E+1	8.8185E-11
6.3500E+4	1.0000E+0	1.3306E-5	1.3000E+1	8.9303E-11
6.4000E+4	1.0000E+0	1.4116E-5	1.3500E+1	9.1515E-11
6.4500E+4	1.0000E+0	1.4942E-5	1.4000E+1	9.4807E-11
6.5000E+4	1.0000E+0	1.5811E-5	1.4500E+1	9.6856E-11
6.5500E+4	1.0000E+0	1.6687E-5	1.5000E+1	9.7641E-11
6.6000E+4	1.0000E+0	1.7574E-5	1.5500E+1	1.1732E-10
6.6500E+4	1.0000E+0	1.8519E-5	1.6000E+1	1.2147E-10
6.7000E+4	1.0000E+0	1.9467E-5	1.6500E+1	2.1398E-10
6.7500E+4	1.0000E+0	2.0441E-5	1.7000E+1	1.7390E-10
6.8000E+4	1.0000E+0	2.1426E-5	1.7500E+1	1.4743E-10
6.8500E+4	1.0000E+0	2.2438E-5	1.8000E+1	1.2485E-10
6.9000E+4	1.0000E+0	2.3490E-5	1.8500E+1	1.1275E-10
6.9500E+4	1.0000E+0	2.4539E-5	1.9000E+1	9.7566E-11
7.0000E+4	1.0000E+0	2.5613E-5	1.9500E+1	9.1593E-11
7.0500E+4	1.0000E+0	2.6694E-5	2.0000E+1	8.7959E-11
7.1000E+4	1.0000E+0	2.7803E-5	2.0500E+1	8.5601E-11
7.1500E+4	1.0000E+0	2.8933E-5	2.1000E+1	8.3156E-11
7.2000E+4	1.0000E+0	3.0075E-5	2.1500E+1	8.1732E-11
7.2500E+4	1.0000E+0	3.1215E-5	2.2000E+1	8.2710E-11
7.3000E+4	1.0000E+0	3.2375E-5	2.2500E+1	8.0938E-11
7.3500E+4	1.0000E+0	3.3589E-5	2.3000E+1	7.9489E-11
7.4000E+4	1.0000E+0	3.4766E-5	2.3500E+1	8.1047E-11
7.4500E+4	1.0000E+0	3.5968E-5	2.4000E+1	7.8113E-11
7.5000E+4	1.0000E+0	3.7195E-5	2.4500E+1	7.9591E-11
7.5500E+4	1.0000E+0	3.8408E-5	2.5000E+1	7.8937E-11
7.6000E+4	1.0000E+0	3.9641E-5	2.5500E+1	7.9480E-11
7.6500E+4	1.0000E+0	4.0868E-5	2.6000E+1	8.1211E-11
7.7000E+4	1.0000E+0	4.2139E-5	2.6500E+1	7.9880E-11
7.7500E+4	1.0000E+0	4.3371E-5	2.7000E+1	7.9811E-11
7.8000E+4	1.0000E+0	4.4642E-5	2.7500E+1	8.1760E-11
7.8500E+4	1.0000E+0	4.5872E-5	2.8000E+1	8.0333E-11
7.9000E+4	1.0000E+0	4.7132E-5	2.8500E+1	8.0752E-11
7.9500E+4	1.0000E+0	4.8409E-5	2.9000E+1	7.9977E-11
8.0000E+4	1.0000E+0	4.9652E-5	2.9500E+1	7.9539E-11
8.0500E+4	1.0000E+0	5.0872E-5	3.0000E+1	7.9695E-11
8.1000E+4	1.0000E+0	5.2113E-5	3.0500E+1	7.0957E-11
8.1500E+4	1.0000E+0	5.3325E-5	3.1000E+1	2.2694E-10
8.2000E+4	1.0000E+0	5.4570E-5	3.1500E+1	8.1831E-11
8.2500E+4	1.0000E+0	5.5791E-5	3.2000E+1	8.2008E-11
8.3000E+4	1.0000E+0	5.7023E-5	3.2500E+1	8.1603E-11
8.3500E+4	1.0000E+0	5.8232E-5	3.3000E+1	8.2384E-11
8.4000E+4	1.0000E+0	5.9426E-5	3.3500E+1	8.3077E-11
8.4500E+4	1.0000E+0	6.0607E-5	3.4000E+1	8.2058E-11
8.5000E+4	1.0000E+0	6.1796E-5	3.4500E+1	8.3338E-11
8.5500E+4	1.0000E+0	6.2959E-5	3.5000E+1	8.3225E-11
8.6000E+4	1.0000E+0	6.4108E-5	3.5500E+1	8.3795E-11
8.6500E+4	1.0000E+0	6.5262E-5	3.6000E+1	8.3455E-11
8.7000E+4	1.0000E+0	6.6387E-5	3.6500E+1	8.4428E-11
8.7500E+4	1.0000E+0	6.7515E-5	3.7000E+1	8.3588E-11
8.8000E+4	1.0000E+0	6.8636E-5	3.7500E+1	8.4388E-11
8.8500E+4	1.0000E+0	6.9732E-5	3.8000E+1	8.5059E-11
8.9000E+4	1.0000E+0	7.0817E-5	3.8500E+1	8.4919E-11
8.9500E+4	1.0000E+0	7.1918E-5	3.9000E+1	8.6183E-11
9.0000E+4	1.0000E+0	7.2971E-5	3.9500E+1	8.5770E-11
9.0500E+4	1.0000E+0	7.4037E-5	4.0000E+1	8.6424E-11
9.1000E+4	1.0000E+0	7.5084E-5	4.0500E+1	8.7104E-11
9.1500E+4	1.0000E+0	7.6122E-5	4.1000E+1	8.7445E-11
9.2000E+4	1.0000E+0	7.7131E-5	4.1500E+1	8.7610E-11
9.2500E+4	1.0000E+0	7.8185E-5	4.2000E+1	8.8669E-11
9.3000E+4	1.0000E+0	7.9185E-5	4.2500E+1	8.9990E-11
9.3500E+4	1.0000E+0	8.0193E-5	4.3000E+1	9.1674E-11
9.4000E+4	1.0000E+0	8.1186E-5	4.3500E+1	9.3374E-11
9.4500E+4	1.0000E+0	8.2168E-5	4.4000E+1	9.7038E-11
9.5000E+4	1.0000E+0	8.3162E-5	4.4500E+1	9.7935E-11
9.5500E+4	1.0000E+0	8.4137E-5	4.5000E+1	9.7754E-11
9.6000E+4	1.0000E+0	8.5110E-5	4.5500E+1	9.5440E-11
9.6500E+4	1.0000E+0	8.6111E-5	4.6000E+1	2.6363E-10
9.7000E+4	1.0000E+0	8.7059E-5	4.6500E+1	1.0088E-10
9.7500E+4	1.0000E+0	8.7998E-5	4.7000E+1	9.9336E-11
9.8000E+4	1.0000E+0	8.8919E-5	4.7500E+1	1.0178E-10
9.8500E+4	1.0000E+0	8.9871E-5	4.8000E+1	1.0578E-10
9.9000E+4	1.0000E+0	9.0791E-5	4.8500E+1	1.0451E-10
9.9500E+4	1.0000E+0	9.1703E-5	4.9000E+1	1.0685E-10
1.0000E+5	1.0000E+0	9.2638E-5	4.9500E+1	1.0596E-10
1.0050E+5	1.0000E+0	9.3542E-5	5.0000E+1	1.0867E-10
1.0100E+5	1.0000E+0	9.4469E-5	5.0500E+1	1.0944E-10
1.0150E+5	1.0000E+0	9.3392E-5	5.0000E+1	-4.9667E-11
1.0200E+5	1.0000E+0	9.2290E-5	4.9500E+1	-5.9130E-11
1.0250E+5	1.0000E+0	9.1211E-5	4.9000E+1	-6.7413E-11
1.0300E+5	1.0000E+0	9.0100E-5	4.8500E+1	-7.3448E-11
1.0350E+5	1.0000E+0	8.9003E-5	4.8000E+1	-7.8305E-11
1.0400E+5	1.0000E+0	8.7891E-5	4.7500E+1	-8.1130E-11
1.0450E+5	1.0000E+0	8.6764E-5	4.7000E+1	-8.2660E-11
1.0500E+5	1.0000E+0	8.5652E-5	4.6500E+1	-8.3867E-11
1.0550E+5	1.0000E+0	8.4521E-5	4.6000E+1	-8.5416E-11
1.0600E+5	1.0000E+0	8.3383E-5	4.5500E+1	-8.6119E-11
1.0650E+5	1.0000E+0	8.2240E-5	4.5000E+1	-8.6663E-11
1.0700E+5	1.0000E+0	8.1118E-5	4.4500E+1	-8.7600E-11
1.0750E+5	1.0000E+0	7.9972E-5	4.4000E+1	-8.8155E-11
1.0800E+5	1.0000E+0	7.8821E-5	4.3500E+1	-8.8142E-11
1.0850E+5	1.0000E+0	7.7685E-5	4.3000E+1	-8.7986E-11
1.0900E+5	1.0000E+0	7.6540E-5	4.2500E+1	-8.7894E-11
1.0950E+5	1.0000E+0	7.5388E-5	4.2000E+1	-8.7607E-11
1.1000E+5	1.0000E+0	7.4226E-5	4.1500E+1	-8.7806E-11
1.1050E+5	1.0000E+0	7.3118E-5	4.1000E+1	-8.7528E-11
1.1100E+5	1.0000E+0	7.1957E-5	4.0500E+1	-8.5406E-11
1.1150E+5	1.0000E+0	7.0749E-5	4.0000E+1	-2.3659E-10
1.1200E+5	1.0000E+0	6.9608E-5	3.9500E+1	-8.8368E-11
1.1250E+5	1.0000E+0	6.8430E-5	3.9000E+1	-8.8583E-11
1.1300E+5	1.0000E+0	6.7238E-5	3.8500E+1	-8.9457E-11
1.1350E+5	1.0000E+0	6.6061E-5	3.8000E+1	-9.0296E-11
1.1400E+5	1.0000E+0	6.4842E-5	3.7500E+1	-9.3498E-11
1.1450E+5	1.0000E+0	6.3643E-5	3.7000E+1	-9.7140E-11
1.1500E+5	1.0000E+0	6.2413E-5	3.6500E+1	-9.7444E-11
1.1550E+5	1.0000E+0	6.1174E-5	3.6000E+1	-9.7203E-11
1.1600E+5	1.0000E+0	5.9959E-5	3.5500E+1	-9.7405E-11
1.1650E+5	1.0000E+0	5.8698E-5	3.5000E+1	-9.6862E-11
1.1700E+5	1.0000E+0	5.7477E-5	3.4500E+1	-9.6740E-11
1.1750E+5	1.0000E+0	5.6228E-5	3.4000E+1	-9.6523E-11
1.1800E+5	1.0000E+0	5.4970E-5	3.3500E+1	-9.6668E-11
1.1850E+5	1.0000E+0	5.3698E-5	3.3000E+1	-9.6458E-11
1.1900E+5	1.0000E+0	5.2435E-5	3.2500E+1	-9.6538E-11
1.1950E+5	1.0000E+0	5.1179E-5	3.2000E+1	-9.6204E-11
1.2000E+5	1.0000E+0	4.9892E-5	3.1500E+1	-9.6748E-11
1.2050E+5	1.0000E+0	4.8618E-5	3.1000E+1	-9.6642E-11
1.2100E+5	1.0000E+0	4.7325E-5	3.0500E+1	-9.6607E-11
1.2150E+5	1.0000E+0	4.6068E-5	3.0000E+1	-9.7002E-11
1.2200E+5	1.0000E+0	4.4784E-5	2.9500E+1	-9.6921E-11
1.2250E+5	1.0000E+0	4.3510E-5	2.9000E+1	-9.7079E-11
1.2300E+5	1.0000E+0	4.2247E-5	2.8500E+1	-9.7129E-11
1.2350E+5	1.0000E+0	4.0961E-5	2.8000E+1	-9.7495E-11
1.2400E+5	1.0000E+0	3.9690E-5	2.7500E+1	-9.7400E-11
1.2450E+5	1.0000E+0	3.8420E-5	2.7000E+1	-9.7580E-11
1.2500E+5	1.0000E+0	3.7167E-5	2.6500E+1	-9.7750E-11
1.2550E+5	1.0000E+0	3.5917E-5	2.6000E+1	-9.8184E-11
1.2600E+5	1.0000E+0	3.4677E-5	2.5500E+1	-9.8195E-11
1.2650E+5	1.0000E+0	3.3438E-5	2.5000E+1	-8.2091E-11
1.2700E+5	1.0000E+0	3.2224E-5	2.4500E+1	-2.4494E-10
1.2750E+5	1.0000E+0	3.1008E-5	2.4000E+1	-9.8834E-11
1.2800E+5	1.0000E+0	2.9832E-5	2.3500E+1	-9.8882E-11
1.2850E+5	1.0000E+0	2.8645E-5	2.3000E+1	-9.9271E-11
1.2900E+5	1.0000E+0	2.7484E-5	2.2500E+1	-9.9482E-11
1.2950E+5	1.0000E+0	2.6344E-5	2.2000E+1	-9.9224E-11
1.3000E+5	1.0000E+0	2.5228E-5	2.1500E+1	-9.9603E-11
1.3050E+5	1.0000E+0	2.4115E-5	2.1000E+1	-9.9760E-11
1.3100E+5	1.0000E+0	2.3033E-5	2.0500E+1	-9.9952E-11
1.3150E+5	1.0000E+0	2.1956E-5	2.0000E+1	-1.0010E-10
1.3200E+5	1.0000E+0	2.0922E-5	1.9500E+1	-9.9767E-11
1.3250E+5	1.0000E+0	1.9892E-5	1.9000E+1	-9.9589E-11
1.3300E+5	1.0000E+0	1.8903E-5	1.8500E+1	-9.9604E-11
1.3350E+5	1.0000E+0	1.7938E-5	1.8000E+1	-9.9642E-11
1.3400E+5	1.0000E+0	1.6983E-5	1.7500E+1	-9.9878E-11
1.3450E+5	1.0000E+0	1.6060E-5	1.7000E+1	-9.9930E-11
1.3500E+5	1.0000E+0	1.5170E-5	1.6500E+1	-1.0019E-10
1.3550E+5	1.0000E+0	1.4293E-5	1.6000E+1	-1.0023E-10
1.3600E+5	1.0000E+0	1.3447E-5	1.5500E+1	-1.0049E-10
1.3650E+5	1.0000E+0	1.2628E-5	1.5000E+1	-1.0071E-10
1.3700E+5	1.0000E+0	1.1848E-5	1.4500E+1	-1.0084E-10
1.3750E+5	1.0000E+0	1.1076E-5	1.4000E+1	-1.0093E-10
1.3800E+5	1.0000E+0	1.0350E-5	1.3500E+1	-1.0111E-10
1.3850E+5	1.0000E+0	9.6244E-6	1.3000E+1	-1.0141E-10
1.3900E+5	1.0000E+0	8.9532E-6	1.2500E+1	-1.1413E-10
1.3950E+5	1.0000E+0	8.3080E-6	1.2000E+1	-1.0166E-10
1.4000E+5	1.0000E+0	7.6801E-6	1.1500E+1	-1.0184E-10
1.4050E+5	1.0000E+0	7.0913E-6	1.1000E+1	-1.0212E-10
1.4100E+5	1.0000E+0	6.5253E-6	1.0500E+1	-1.0204E-10
1.4150E+5	1.0000E+0	6.0024E-6	1.0000E+1	-9.5751E-11
1.4200E+5	1.0000E+0	5.4906E-6	9.5000E+0	-2.4882E-10
1.4250E+5	1.0000E+0	5.0120E-6	9.0000E+0	-1.0262E-10
1.4300E+5	1.0000E+0	4.5624E-6	8.5000E+0	-1.0275E-10
1.4350E+5	1.0000E+0	4.1393E-6	8.0000E+0	-1.0288E-10
1.4400E+5	1.0000E+0	3.7429E-6	7.5000E+0	-1.0311E-10
1.4450E+5	1.0000E+0	3.3707E-6	7.0000E+0	-1.0335E-10
1.4500E+5	1.0000E+0	3.0221E-6	6.5000E+0	-1.0350E-10
1.4550E+5	1.0000E+0	2.7004E-6	6.0000E+0	-1.0369E-10
1.4600E+5	1.0000E+0	2.4074E-6	5.5000E+0	-1.0393E-10
1.4650E+5	1.0000E+0	2.1307E-6	5.0000E+0	-1.0386E-10
1.4700E+5	1.0000E+0	1.8828E-6	4.5000E+0	-1.0395E-10
1.4750E+5	1.0000E+0	1.6546E-6	4.0000E+0	-1.0414E-10
1.4800E+5	1.0000E+0	1.4517E-6	3.5000E+0	-1.0440E-10
1.4850E+5	1.0000E+0	1.2672E-6	3.0000E+0	-1.0454E-10
1.4900E+5	1.0000E+0	1.1008E-6	2.5000E+0	-1.0516E-10
1.4950E+5	1.0000E+0	9.5572E-7	2.0000E+0	-1.0472E-10
1.5000E+5	1.0000E+0	8.2208E-7	1.5000E+0	-1.1733E-10
1.5050E+5	1.0000E+0	7.0327E-7	1.0000E+0	-1.0513E-10
1.5100E+5	1.0000E+0	5.9757E-7	5.0000E-1	-1.0531E-10
1.5150E+5	1.0000E+0	5.0351E-7	0.0000E+0	-1.0529E-10
1.5200E+5	1.0000E+0	4.2422E-7	-5.0000E-1	-1.0566E-10
1.5250E+5	1.0000E+0	3.5303E-7	-1.0000E+0	-1.0569E-10
1.5300E+5	1.0000E+0	2.9492E-7	-1.5000E+0	-1.0586E-10
1.5350E+5	1.0000E+0	2.4387E-7	-2.0000E+0	-1.0600E-10
1.5400E+5	1.0000E+0	2.0098E-7	-2.5000E+0	-1.0685E-10
1.5450E+5	1.0000E+0	1.6425E-7	-3.0000E+0	-1.0636E-10
1.5500E+5	1.0000E+0	1.3359E-7	-3.5000E+0	-1.0636E-10
1.5550E+5	1.0000E+0	1.0648E-7	-4.0000E+0	-1.0680E-10
1.5600E+5	1.0000E+0	8.3095E-8	-4.5000E+0	-1.0691E-10
1.5650E+5	1.0000E+0	6.3565E-8	-5.0000E+0	-1.6549E-10
1.5700E+5	1.0000E+0	4.8903E-8	-5.5000E+0	-2.5337E-10
1.5750E+5	1.0000E+0	3.7554E-8	-6.0000E+0	-1.0737E-10
1.5800E+5	1.0000E+0	2.8744E-8	-6.5000E+0	-1.0743E-10
1.5850E+5	1.0000E+0	2.2061E-8	-7.0000E+0	-1.0760E-10
1.5900E+5	1.0000E+0	1.6890E-8	-7.5000E+0	-1.0758E-10
1.5950E+5	1.0000E+0	1.2629E-8	-8.0000E+0	-1.0779E-10
1.6000E+5	1.0000E+0	9.3971E-9	-8.5000E+0	-1.0779E-10
1.6050E+5	1.0000E+0	6.9863E-9	-9.0000E+0	-1.0831E-10
1.6100E+5	1.0000E+0	5.2570E-9	-9.5000E+0	-1.0828E-10
1.6150E+5	1.0000E+0	3.9343E-9	-1.0000E+1	-1.0848E-10
1.6200E+5	1.0000E+0	2.9927E-9	-1.0500E+1	-1.0868E-10
1.6250E+5	1.0000E+0	2.3171E-9	-1.1000E+1	-1.0907E-10
1.6300E+5	1.0000E+0	1.7876E-9	-1.1500E+1	-1.0907E-10
1.6350E+5	1.0000E+0	1.4103E-9	-1.2000E+1	-1.0934E-10
1.6400E+5	1.0000E+0	1.1180E-9	-1.2500E+1	-1.0946E-10
1.6450E+5	1.0000E+0	8.6834E-10	-1.3000E+1	-1.0960E-10
1.6500E+5	1.0000E+0	6.7386E-10	-1.3500E+1	-1.0986E-10
1.6550E+5	1.0000E+0	5.3238E-10	-1.4000E+1	-1.0994E-10
1.6600E+5	1.0000E+0	4.1012E-10	-1.4500E+1	-1.1029E-10
1.6650E+5	1.0000E+0	3.1042E-10	-1.5000E+1	-1.1109E-10
1.6700E+5	1.0000E+0	2.3305E-10	-1.5500E+1	-1.1083E-10
1.6750E+5	1.0000E+0	1.7440E-10	-1.6000E+1	-1.1122E-10
1.6800E+5	1.0000E+0	1.2684E-10	-1.6500E+1	-1.1135E-10
1.6850E+5	1.0000E+0	9.4995E-11	-1.7000E+1	-1.1165E-10
1.6900E+5	1.0000E+0	7.5624E-11	-1.7500E+1	-1.1196E-10
1.6950E+5	1.0000E+0	6.1260E-11	-1.8000E+1	-1.1244E-10
1.7000E+5	1.0000E+0	5.2440E-11	-1.8500E+1	-1.1253E-10
1.7050E+5	1.0000E+0	4.5080E-11	-1.9000E+1	-1.1299E-10
1.7100E+5	1.0000E+0	4.1182E-11	-1.9500E+1	-1.1342E-10
1.7150E+5	1.0000E+0	3.8372E-11	-2.0000E+1	-1.1385E-10
1.7200E+5	1.0000E+0	3.3051E-11	-2.0500E+1	-1.0040E-10
1.7250E+5	1.0000E+0	4.0603E-11	-2.1000E+1	-2.6491E-10
1.7300E+5	1.0000E+0	3.2679E-11	-2.1500E+1	-1.1526E-10
1.7350E+5	1.0000E+0	3.1804E-11	-2.2000E+1	-1.1604E-10
1.7400E+5	1.0000E+0	3.0959E-11	-2.2500E+1	-1.1657E-10
1.7450E+5	1.0000E+0	3.0483E-11	-2.3000E+1	-1.1752E-10
1.7500E+5	1.0000E+0	3.0165E-11	-2.3500E+1	-1.1810E-10
1.7550E+5	1.0000E+0	3.0496E-11	-2.4000E+1	-1.1962E-10
1.7600E+5	1.0000E+0	3.0743E-11	-2.4500E+1	-1.2055E-10
1.7650E+5	1.0000E+0	3.0683E-11	-2.5000E+1	-1.2181E-10
1.7700E+5	1.0000E+0	3.0667E-11	-2.5500E+1	-1.2243E-10
1.7750E+5	1.0000E+0	3.1131E-11	-2.6000E+1	-1.2413E-10
1.7800E+5	1.0000E+0	3.0931E-11	-2.6500E+1	-1.2641E-10
1.7850E+5	1.0000E+0	3.0994E-11	-2.7000E+1	-1.2857E-10
1.7900E+5	1.0000E+0	3.1108E-11	-2.7500E+1	-1.2929E-10
1.7950E+5	1.0000E+0	3.1292E-11	-2.8000E+1	-1.3060E-10
1.8000E+5	1.0000E+0	3.1460E-11	-2.8500E+1	-1.3154E-10
1.8050E+5	1.0000E+0	3.1537E-11	-2.9000E+1	-1.3325E-10
1.8100E+5	1.0000E+0	3.1935E-11	-2.9500E+1	-1.3434E-10
1.8150E+5	1.0000E+0	3.2009E-11	-3.0000E+1	-1.3595E-10
1.8200E+5	1.0000E+0	3.2322E-11	-3.0500E+1	-1.3800E-10
1.8250E+5	1.0000E+0	3.2313E-11	-3.1000E+1	-1.3927E-10
1.8300E+5	1.0000E+0	3.2388E-11	-3.1500E+1	-1.4137E-10
1.8350E+5	1.0000E+0	3.2598E-11	-3.2000E+1	-1.4461E-10
1.8400E+5	1.0000E+0	3.2417E-11	-3.2500E+1	-1.4741E-10
1.8450E+5	1.0000E+0	3.2215E-11	-3.3000E+1	-1.4836E-10
1.8500E+5	1.0000E+0	3.2211E-11	-3.3500E+1	-1.4938E-10
1.8550E+5	1.0000E+0	3.2542E-11	-3.4000E+1	-1.5208E-10
1.8600E+5	1.0000E+0	3.2673E-11	-3.4500E+1	-1.5351E-10
1.8650E+5	1.0000E+0	3.3227E-11	-3.5000E+1	-1.5591E-10
1.8700E+5	1.0000E+0	3.0327E-11	-3.5500E+1	-1.5400E-10
1.8750E+5	1.0000E+0	3.9021E-11	-3.6000E+1	-3.0942E-10
1.8800E+5	1.0000E+0	3.3228E-11	-3.6500E+1	-1.6636E-10
1.8850E+5	1.0000E+0	3.3423E-11	-3.7000E+1	-1.6902E-10
1.8900E+5	1.0000E+0	3.3687E-11	-3.7500E+1	-1.7146E-10
1.8950E+5	1.0000E+0	3.3844E-11	-3.8000E+1	-1.7381E-10
1.9000E+5	1.0000E+0	3.4181E-11	-3.8500E+1	-1.7664E-10
1.9050E+5	1.0000E+0	3.4468E-11	-3.9000E+1	-1.8016E-10
1.9100E+5	1.0000E+0	3.4802E-11	-3.9500E+1	-1.8357E-10
1.9150E+5	1.0000E+0	3.5168E-11	-4.0000E+1	-1.8810E-10
1.9200E+5	1.0000E+0	3.5691E-11	-4.0500E+1	-1.9253E-10
1.9250E+5	1.0000E+0	3.6657E-11	-4.1000E+1	-1.9811E-10
1.9300E+5	1.0000E+0	3.6583E-11	-4.1500E+1	-2.0362E-10
1.9350E+5	1.0000E+0	3.6562E-11	-4.2000E+1	-2.1019E-10
1.9400E+5	1.0000E+0	3.7302E-11	-4.2500E+1	-2.1720E-10
1.9450E+5	1.0000E+0	3.7346E-11	-4.3000E+1	-2.2233E-10
1.9500E+5	1.0000E+0	3.6799E-11	-4.3500E+1	-2.2998E-10
1.9550E+5	1.0000E+0	3.7370E-11	-4.4000E+1	-2.3833E-10
1.9600E+5	1.0000E+0	3.7681E-11	-4.4500E+1	-2.4576E-10
1.9650E+5	1.0000E+0	3.7977E-11	-4.5000E+1	-2.5584E-10
1.9700E+5	1.0000E+0	3.8017E-11	-4.5500E+1	-2.6651E-10
1.9750E+5	1.0000E+0	3.8406E-11	-4.6000E+1	-2.7805E-10
1.9800E+5	1.0000E+0	3.8884E-11	-4.6500E+1	-2.9452E-10
1.9850E+5	1.0000E+0	3.9114E-11	-4.7000E+1	-3.2466E-10
1.9900E+5	1.0000E+0	4.0085E-11	-4.7500E+1	-3.4679E-10
1.9950E+5	1.0000E+0	4.1150E-11	-4.8000E+1	-3.8898E-10
2.0000E+5	1.0000E+0	4.1459E-11	-4.8500E+1	-4.1593E-10
2.0050E+5	1.0000E+0	4.2108E-11	-4.9000E+1	-4.6865E-10
2.0100E+5	1.0000E+0	4.2671E-11	-4.9500E+1	-5.2521E-10
2.0150E+5	1.0000E+0	4.2791E-11	-5.0000E+1	-6.0828E-10
