#scan	iMeasureCycle=1	iMux=0	time=0.134	N=482	LocalTime=31/10/2023 11:46:41
#VGate(V)	IGate(A)	time(s)	VDrain(V)	IDrain(A)	time(s)
-60.0001	-3.42801E-09	0.294693	1	1.40206E-09	0.294693
-59.5	-2.93374E-09	0.47173	1	1.15986E-09	0.47173
-59.0001	-2.48637E-09	0.648203	0.999999	8.7752E-10	0.648203
-58.5	-2.25984E-09	0.84281	1	7.7121E-10	0.84281
-58	-1.98549E-09	1.019492	1	6.111E-10	1.019492
-57.5001	-1.82265E-09	1.195979	1	5.2559E-10	1.195979
-57	-1.77816E-09	1.408742	1	5.4365E-10	1.408742
-56.5001	-1.60879E-09	1.585364	1	4.3224E-10	1.585364
-56	-1.55798E-09	1.762097	0.999999	4.4782E-10	1.762097
-55.5	-1.48491E-09	1.938605	1.000001	4.1882E-10	1.938605
-55.0001	-1.38765E-09	2.115228	1	3.5625E-10	2.115228
-54.5	-1.31326E-09	2.291699	0.999999	3.159E-10	2.291699
-54	-1.23953E-09	2.470187	1	2.8613E-10	2.470187
-53.5001	-1.1831E-09	2.646702	1	2.6711E-10	2.646702
-53	-1.13408E-09	2.823154	1	2.4027E-10	2.823154
-52.5001	-1.05078E-09	3.005081	1.000001	1.9633E-10	3.005081
-52.0001	-1.03126E-09	3.181617	1	1.9516E-10	3.181617
-51.5	-1.01285E-09	3.384845	0.999999	1.967E-10	3.384845
-51	-9.6286E-10	3.561514	0.999999	1.8145E-10	3.561514
-50.5	-9.0484E-10	3.73814	0.999999	1.5416E-10	3.73814
-50.0001	-9.0963E-10	3.919237	0.999999	1.7235E-10	3.919237
-49.5	-8.5776E-10	4.095798	0.999999	1.4847E-10	4.095798
-49	-8.3742E-10	4.27225	1	1.4658E-10	4.27225
-48.5001	-8.0948E-10	4.45052	1.000001	1.3128E-10	4.45052
-48	-7.7517E-10	4.62716	1	1.2086E-10	4.62716
-47.5	-7.3867E-10	4.803695	1	1.0886E-10	4.803695
-47.0001	-7.2802E-10	4.982363	1.000001	1.0824E-10	4.982363
-46.5001	-7.013E-10	5.158909	1	9.838E-11	5.158909
-46.0001	-6.8648E-10	5.355622	1	1.042E-10	5.355622
-45.5	-6.5931E-10	5.532181	0.999999	9.298E-11	5.532181
-45.0001	-6.3495E-10	5.708532	0.999999	8.099E-11	5.708532
-44.5001	-6.0647E-10	5.921451	0.999999	7.534E-11	5.921451
-44	-5.8836E-10	6.097933	1.000001	6.968E-11	6.097933
-43.5001	-5.8044E-10	6.274427	0.999999	7.305E-11	6.274427
-43.0001	-5.6472E-10	6.450927	0.999999	7.22E-11	6.450927
-42.5	-5.3739E-10	6.627267	0.999999	6.321E-11	6.627267
-42.0001	-5.1779E-10	6.803862	0.999999	6.039E-11	6.803862
-41.5001	-5.0971E-10	6.982156	0.999999	5.808E-11	6.982156
-41	-4.9303E-10	7.158683	1	5.48E-11	7.158683
-40.5	-4.8014E-10	7.335105	0.999999	5.632E-11	7.335105
-40	-4.5894E-10	7.517582	0.999999	4.745E-11	7.517582
-39.5001	-4.4201E-10	7.694041	1	4.585E-11	7.694041
-39.0001	-4.2969E-10	7.902048	1	4.364E-11	7.902048
-38.5	-4.1115E-10	8.078417	1	3.817E-11	8.078417
-38	-3.9697E-10	8.254722	0.999999	3.686E-11	8.254722
-37.5001	-3.903E-10	8.432142	1	3.677E-11	8.432142
-37	-3.7265E-10	8.608579	1	3.054E-11	8.608579
-36.5001	-3.5877E-10	8.784987	1	2.789E-11	8.784987
-36	-3.426E-10	8.961336	0.999999	2.586E-11	8.961336
-35.5001	-3.2649E-10	9.137882	1	1.98E-11	9.137882
-35	-3.133E-10	9.314093	0.999999	1.785E-11	9.314093
-34.5	-3.0265E-10	9.492332	0.999999	1.34E-11	9.492332
-34.0001	-2.8885E-10	9.668691	0.999999	1.148E-11	9.668691
-33.5001	-2.8065E-10	9.869337	1	9.99E-12	9.869337
-33	-2.618E-10	10.045972	0.999999	4.55E-12	10.045972
-32.5	-2.5021E-10	10.222252	0.999999	3.25E-12	10.222252
-32.0001	-2.4882E-10	10.43097	0.999999	4.65E-12	10.43097
-31.5001	-2.3482E-10	10.607418	0.999999	-7.2E-13	10.607418
-31.0001	-2.2483E-10	10.783699	0.999999	4.1E-13	10.783699
-30.5001	-2.1388E-10	10.959934	1	-1.02E-12	10.959934
-30	-2.0037E-10	11.136307	0.999999	-2.06E-12	11.136307
-29.5001	-1.9094E-10	11.312574	1	-3.5E-12	11.312574
-29	-1.7505E-10	11.490652	0.999999	-1.412E-11	11.490652
-28.5001	-1.3633E-10	11.666972	0.999999	-4.203E-11	11.666972
-28.0001	-7.147E-11	11.843216	0.999999	-9.911E-11	11.843216
-27.5	-7.92E-12	12.031268	1	-1.5589E-10	12.031268
-27	5.874E-11	12.207564	1	-2.1391E-10	12.207564
-26.5	1.3636E-10	12.415819	0.999999	-2.8512E-10	12.415819
-26	2.3242E-10	12.59221	1	-3.7214E-10	12.59221
-25.5001	3.2383E-10	12.768372	0.999999	-4.5579E-10	12.768372
-25.0001	4.3802E-10	12.94573	0.999999	-5.5637E-10	12.94573
-24.5	5.9414E-10	13.122074	0.999999	-7.0743E-10	13.122074
-24	7.6069E-10	13.298202	1	-8.6634E-10	13.298202
-23.5	9.1111E-10	13.474607	1	-1.01015E-09	13.474607
-23.0001	1.16848E-09	13.650928	0.999999	-1.25955E-09	13.650928
-22.5	1.31905E-09	13.827161	1	-1.40156E-09	13.827161
-22	1.45281E-09	14.00534	0.999999	-1.52851E-09	14.00534
-21.5	1.5027E-09	14.181586	1	-1.57192E-09	14.181586
-21.0001	1.38759E-09	14.357573	0.999999	-1.44923E-09	14.357573
-20.5	1.23902E-09	14.540034	0.999999	-1.29543E-09	14.540034
-20.0001	7.7086E-10	14.71609	0.999999	-8.1947E-10	14.71609
-19.5001	5.1095E-10	14.919923	0.999999	-5.5491E-10	14.919923
-19	4.7175E-10	15.096043	1	-5.0687E-10	15.096043
-18.5001	4.4723E-10	15.272207	1	-4.7755E-10	15.272207
-18.0001	3.7228E-10	15.453702	0.999999	-3.9513E-10	15.453702
-17.5001	3.727E-10	15.629783	0.999999	-3.8986E-10	15.629783
-17	3.5645E-10	15.805877	0.999999	-3.6748E-10	15.805877
-16.5001	2.8339E-10	15.982002	0.999999	-2.8862E-10	15.982002
-16	2.5632E-10	16.158173	0.999998	-2.5579E-10	16.158173
-15.5001	2.361E-10	16.334188	0.999999	-2.2975E-10	16.334188
-15.0001	1.8326E-10	16.512156	1	-1.7086E-10	16.512156
-14.4999	1.4793E-10	16.688268	1	-1.3151E-10	16.688268
-14.0001	1.2968E-10	16.864507	1	-1.05E-10	16.864507
-13.5001	9.454E-11	17.046096	1	-6.94E-11	17.046096
-13.0001	7.103E-11	17.222201	0.999999	-4.053E-11	17.222201
-12.5	3.963E-11	17.431164	0.999999	-6.93E-12	17.431164
-12.0001	6.649E-11	17.607326	1	-2.645E-11	17.607326
-11.5	6.253E-11	17.783351	1	-1.712E-11	17.783351
-11.0001	5.754E-11	17.960686	0.999999	-8.54E-12	17.960686
-10.5	5.972E-11	18.13682	1	-6.25E-12	18.13682
-10.0001	6.353E-11	18.312801	1	-5.18E-12	18.312801
-9.5001	6.763E-11	18.488931	0.999999	-4.74E-12	18.488931
-9.0001	7.378E-11	18.666262	0.999999	-5.82E-12	18.666262
-8.5	8.552E-11	18.842367	0.999999	-1.313E-11	18.842367
-8	9.812E-11	19.020346	0.999999	-2.388E-11	19.020346
-7.5001	1.2934E-10	19.196513	1	-4.73E-11	19.196513
-7.0001	1.6399E-10	19.372531	1.000001	-7.693E-11	19.372531
-6.5	2.0448E-10	19.55427	1.000001	-1.1416E-10	19.55427
-6.0001	2.8412E-10	19.730438	1	-1.8744E-10	19.730438
-5.5001	3.6553E-10	19.939758	0.999999	-2.675E-10	19.939758
-5.0001	4.7861E-10	20.115789	1	-3.7209E-10	20.115789
-4.5001	5.8676E-10	20.291858	1	-4.7474E-10	20.291858
-4	7.4979E-10	20.467906	0.999999	-6.3199E-10	20.467906
-3.5	7.7431E-10	20.643955	0.999999	-6.5303E-10	20.643955
-3.0001	7.4994E-10	20.820129	0.999999	-6.2273E-10	20.820129
-2.5	7.6274E-10	20.996288	0.999999	-6.2899E-10	20.996288
-2.0001	7.3098E-10	21.17246	1	-5.9185E-10	21.17246
-1.5001	6.2778E-10	21.348452	0.999999	-4.8176E-10	21.348452
-1.0001	5.9046E-10	21.526411	1	-4.4066E-10	21.526411
-0.5001	5.3742E-10	21.702525	1	-3.8155E-10	21.702525
-0.0001	4.6507E-10	21.878565	1	-3.0495E-10	21.878565
0.5	3.6373E-10	22.06146	0.999999	-1.9771E-10	22.06146
1	2.7955E-10	22.237824	0.999999	-1.0878E-10	22.237824
1.5	2.0594E-10	22.447282	1.000001	-2.984E-11	22.447282
1.9999	2.0974E-10	22.62338	1	-2.693E-11	22.62338
2.5	2.098E-10	22.799337	1	-2.034E-11	22.799337
3	1.9775E-10	22.977653	0.999999	-5.56E-12	22.977653
3.5	2.1096E-10	23.153776	1	-1.205E-11	23.153776
4	2.1152E-10	23.329872	1	-6.77E-12	23.329872
4.5	2.1599E-10	23.508401	0.999999	-2.37E-12	23.508401
5	2.2494E-10	23.68459	1	-8.24E-12	23.68459
5.4999	2.1434E-10	23.860693	1	4.21E-12	23.860693
5.9999	2.2788E-10	24.038648	1	-1.14E-12	24.038648
6.4999	2.3867E-10	24.214774	0.999999	-3.35E-12	24.214774
7	2.3526E-10	24.41254	0.999999	-1.12E-12	24.41254
7.4999	2.5307E-10	24.588944	1	-7.82E-12	24.588944
8	2.6716E-10	24.764982	1.000001	-1.324E-11	24.764982
8.5	2.5178E-10	24.978516	1	-2.94E-12	24.978516
9	2.6011E-10	25.154758	0.999999	-1.35E-12	25.154758
9.4999	2.7309E-10	25.330806	1	-6.7E-12	25.330806
10	2.8255E-10	25.506952	0.999999	-5.41E-12	25.506952
10.5	2.9115E-10	25.68305	0.999999	-9.59E-12	25.68305
10.9999	2.9155E-10	25.859134	0.999999	-6.54E-12	25.859134
11.5	2.9026E-10	26.035182	1.000001	-2.04E-12	26.035182
11.9999	2.9189E-10	26.211291	0.999999	-6.8E-13	26.211291
12.4999	3.0232E-10	26.387326	1	-3.34E-12	26.387326
13	3.0809E-10	26.574256	1	-1.35E-12	26.574256
13.5001	3.1206E-10	26.750294	1	3.41E-12	26.750294
14	3.124E-10	26.955507	1	1.75E-12	26.955507
14.5	3.222E-10	27.131591	0.999999	-1.08E-12	27.131591
15	3.2948E-10	27.307679	1	7.4E-13	27.307679
15.5	3.3734E-10	27.485311	0.999999	-7.72E-12	27.485311
16	3.4382E-10	27.66145	1	-7.59E-12	27.66145
16.4999	3.4493E-10	27.837589	1	-3.89E-12	27.837589
17	3.5002E-10	28.013751	1	-2.18E-12	28.013751
17.5	3.6795E-10	28.190048	1	-9.21E-12	28.190048
17.9999	3.7496E-10	28.366144	0.999999	-1.064E-11	28.366144
18.5	3.7442E-10	28.542306	0.999999	-6.69E-12	28.542306
19	3.8257E-10	28.718407	0.999999	-1.315E-11	28.718407
19.4999	3.7531E-10	28.894573	1.000001	-2.01E-12	28.894573
20	3.93E-10	29.081303	1	-6.5E-12	29.081303
20.4999	3.8533E-10	29.257407	1	5E-12	29.257407
21	4.0611E-10	29.467229	1	-1.182E-11	29.467229
21.5	4.0747E-10	29.643618	0.999999	-1.142E-11	29.643618
22	4.0022E-10	29.819717	1	-1.64E-12	29.819717
22.4999	4.2565E-10	29.996052	1	-1.73E-11	29.996052
23	4.3124E-10	30.172431	1	-1.286E-11	30.172431
23.4999	4.5693E-10	30.348587	0.999999	-2.777E-11	30.348587
23.9999	4.335E-10	30.524966	0.999999	-4.6E-12	30.524966
24.5	4.3397E-10	30.701219	1	-4.8E-12	30.701219
24.9999	4.4248E-10	30.877538	0.999999	-7.46E-12	30.877538
25.4999	4.5346E-10	31.055595	1	-8.49E-12	31.055595
25.9999	4.6563E-10	31.23192	1	-8.79E-12	31.23192
26.4999	4.5577E-10	31.408156	0.999999	4.5E-13	31.408156
26.9999	4.6635E-10	31.589858	1	1.9E-13	31.589858
27.5	4.7597E-10	31.766041	0.999999	-7.82E-12	31.766041
27.9999	4.8001E-10	31.971006	0.999999	-1.264E-11	31.971006
28.5	4.8237E-10	32.14733	1	-5.46E-12	32.14733
29	4.8928E-10	32.323649	0.999999	-4.87E-12	32.323649
29.4999	5.0642E-10	32.501004	0.999998	-1.871E-11	32.501004
30	5.0229E-10	32.677287	0.999999	-1.003E-11	32.677287
30.4999	5.0517E-10	32.853715	1	-9.4E-12	32.853715
31	5.2621E-10	33.030012	1	-1.677E-11	33.030012
31.5	5.1168E-10	33.206325	1	6.9E-13	33.206325
32	5.4273E-10	33.382622	1	-1.828E-11	33.382622
32.5	5.2603E-10	33.559167	0.999999	-2.81E-12	33.559167
32.9999	5.3427E-10	33.735581	0.999999	-1.048E-11	33.735581
33.4999	5.3118E-10	33.911847	1	-1.29E-12	33.911847
33.9999	5.3972E-10	34.096963	1	3.49E-12	34.096963
34.4999	5.6522E-10	34.273248	1	-1.086E-11	34.273248
34.9999	5.6498E-10	34.478502	1	-1.314E-11	34.478502
35.5	5.7594E-10	34.654837	0.999999	-1.489E-11	34.654837
36	5.8473E-10	34.831104	1	-1.056E-11	34.831104
36.5	5.8847E-10	35.008136	0.999999	-1.298E-11	35.008136
37	5.913E-10	35.18445	0.999999	-1.531E-11	35.18445
37.5	5.9475E-10	35.360772	0.999999	-1.557E-11	35.360772
37.9999	6.1796E-10	35.537172	1	-2.789E-11	35.537172
38.5	6.3143E-10	35.713479	0.999999	-3.04E-11	35.713479
39	6.3638E-10	35.889853	1	-3.009E-11	35.889853
39.5	6.4581E-10	36.066383	0.999999	-3.392E-11	36.066383
39.9999	6.3843E-10	36.242852	0.999999	-3.012E-11	36.242852
40.4999	6.4792E-10	36.419219	1.000001	-3.269E-11	36.419219
40.9999	6.4742E-10	36.604226	1	-2.832E-11	36.604226
41.5	6.6159E-10	36.780608	0.999999	-2.797E-11	36.780608
42	6.6619E-10	36.989628	1.000001	-3.036E-11	36.989628
42.4999	6.7091E-10	37.165952	0.999999	-2.658E-11	37.165952
42.9999	6.6341E-10	37.342484	0.999999	-2.151E-11	37.342484
43.5	6.6384E-10	37.519032	0.999999	-2.056E-11	37.519032
44	6.7772E-10	37.695427	1	-2.811E-11	37.695427
44.4999	7.0089E-10	37.871982	0.999999	-3.578E-11	37.871982
45	7.1378E-10	38.04846	1	-4.105E-11	38.04846
45.4999	7.0688E-10	38.225003	1.000001	-2.933E-11	38.225003
46	7.0843E-10	38.401456	0.999999	-3.292E-11	38.401456
46.5	7.1351E-10	38.57979	1	-2.75E-11	38.57979
46.9999	7.2565E-10	38.756185	1	-2.955E-11	38.756185
47.4999	7.3068E-10	38.956763	0.999999	-3.354E-11	38.956763
47.9999	7.3496E-10	39.133588	1	-3.876E-11	39.133588
48.4999	7.3572E-10	39.310134	1	-3.529E-11	39.310134
49	7.395E-10	39.519921	1.000001	-3.966E-11	39.519921
49.4999	7.6093E-10	39.696719	1	-4.624E-11	39.696719
50	7.674E-10	39.873305	0.999999	-4.241E-11	39.873305
50.5	7.7045E-10	40.049895	1	-4.357E-11	40.049895
51	7.7022E-10	40.226572	1	-4.275E-11	40.226572
51.5	7.6675E-10	40.403061	1	-4.016E-11	40.403061
52	7.7819E-10	40.580099	1	-3.466E-11	40.580099
52.4999	7.8868E-10	40.756625	0.999999	-3.691E-11	40.756625
52.9999	7.9194E-10	40.933197	0.999999	-3.92E-11	40.933197
53.5	7.9147E-10	41.118979	1	-4.213E-11	41.118979
54	7.9354E-10	41.2955	0.999999	-3.566E-11	41.2955
54.5	8.0095E-10	41.500317	1	-3.614E-11	41.500317
55	8.1827E-10	41.676835	0.999998	-5.319E-11	41.676835
55.5	8.1505E-10	41.853316	1	-4.586E-11	41.853316
55.9999	8.2624E-10	42.034735	1	-4.995E-11	42.034735
56.5	8.3391E-10	42.211354	1	-5.166E-11	42.211354
57	8.4879E-10	42.387912	1	-5.132E-11	42.387912
57.4999	8.5222E-10	42.566368	0.999999	-5.033E-11	42.566368
58	8.5264E-10	42.743175	0.999999	-5.069E-11	42.743175
58.4999	8.4947E-10	42.919783	1.000001	-4.554E-11	42.919783
58.9999	8.8171E-10	43.098279	1.000001	-5.99E-11	43.098279
59.5	8.6739E-10	43.274908	0.999999	-4.53E-11	43.274908
59.9999	8.7291E-10	43.470549	0.999999	-5.453E-11	43.470549
59.9999	8.7567E-10	43.591812	0.999999	-6.491E-11	43.591812
59.4999	8.158E-10	43.768426	0.999999	-4.903E-11	43.768426
59	7.7511E-10	43.94511	0.999999	-3.754E-11	43.94511
58.5	7.5804E-10	44.128457	0.999999	-4.5E-11	44.128457
58	7.5388E-10	44.304947	0.999999	-5.453E-11	44.304947
57.4999	7.1123E-10	44.509808	0.999999	-3.869E-11	44.509808
56.9999	7.0115E-10	44.68643	1	-4.452E-11	44.68643
56.5	6.9602E-10	44.862954	1	-5.477E-11	44.862954
56	6.5562E-10	45.044299	1	-3.682E-11	45.044299
55.4999	6.467E-10	45.220905	0.999999	-3.874E-11	45.220905
54.9999	6.4607E-10	45.39737	0.999999	-4.288E-11	45.39737
54.5	6.1039E-10	45.57579	0.999999	-3.03E-11	45.57579
54	6.0743E-10	45.752616	1	-4.539E-11	45.752616
53.4999	5.7502E-10	45.929221	1	-2.201E-11	45.929221
53	5.8297E-10	46.10774	0.999999	-3.695E-11	46.10774
52.4999	5.5598E-10	46.284298	1	-3.212E-11	46.284298
52	5.6503E-10	46.48	0.999999	-4.38E-11	46.48
51.5	5.4466E-10	46.656567	0.999999	-3.438E-11	46.656567
50.9999	5.2364E-10	46.832978	0.999999	-2.918E-11	46.832978
50.4999	5.141E-10	47.047407	1	-2.568E-11	47.047407
50	4.8014E-10	47.224045	0.999999	-2.74E-12	47.224045
49.5	4.6381E-10	47.400448	1	-3.16E-12	47.400448
49	4.4034E-10	47.577029	0.999999	7.85E-12	47.577029
48.5	4.1854E-10	47.753486	0.999999	1.913E-11	47.753486
47.9999	4.0729E-10	47.930044	1	2.453E-11	47.930044
47.4999	3.9108E-10	48.108485	0.999999	2.946E-11	48.108485
47	3.6556E-10	48.284966	0.999999	4.113E-11	48.284966
46.5	3.7255E-10	48.485675	1.000001	2.723E-11	48.485675
46	3.6074E-10	48.662199	1	3.336E-11	48.662199
45.5	3.3107E-10	48.838623	0.999999	5.265E-11	48.838623
45	3.6233E-10	49.04875	1	1.657E-11	49.04875
44.4999	3.3524E-10	49.22534	1.000001	3.379E-11	49.22534
43.9999	3.0381E-10	49.401796	1	4.589E-11	49.401796
43.5	2.9501E-10	49.578489	1.000001	4.959E-11	49.578489
43	2.993E-10	49.754959	1	4.174E-11	49.754959
42.4999	2.9413E-10	49.931452	0.999999	3.841E-11	49.931452
42	2.8499E-10	50.109035	0.999999	3.538E-11	50.109035
41.4999	2.7935E-10	50.285482	1	2.737E-11	50.285482
41	2.6586E-10	50.461852	0.999999	3.55E-11	50.461852
40.5	2.6143E-10	50.648021	0.999999	3.66E-11	50.648021
40	2.3743E-10	50.824449	1	5E-11	50.824449
39.5001	2.4756E-10	51.034375	0.999999	3.386E-11	51.034375
38.9999	2.2404E-10	51.21067	1.000001	4.406E-11	51.21067
38.4999	2.3286E-10	51.386987	0.999999	3.218E-11	51.386987
37.9999	2.1759E-10	51.564021	1	3.887E-11	51.564021
37.4999	2.2075E-10	51.740425	0.999999	3.176E-11	51.740425
37	1.9864E-10	51.916844	0.999999	4.03E-11	51.916844
36.4999	1.9438E-10	52.09335	1	3.43E-11	52.09335
36	1.9072E-10	52.26983	1	3.317E-11	52.26983
35.5	1.9009E-10	52.446024	1	2.717E-11	52.446024
34.9999	2.0418E-10	52.624017	0.999999	8.41E-12	52.624017
34.4999	1.9974E-10	52.800333	1	1.72E-12	52.800333
34	1.9801E-10	52.998885	1	4.3E-13	52.998885
33.5	1.8399E-10	53.175251	0.999999	4.42E-12	53.175251
32.9999	1.7692E-10	53.351651	1	2.43E-12	53.351651
32.4999	1.7642E-10	53.562002	0.999999	-8.4E-13	53.562002
31.9999	1.6239E-10	53.738355	1	7.17E-12	53.738355
31.4999	1.6137E-10	53.914684	1	3.18E-12	53.914684
30.9999	1.5028E-10	54.09102	1.000001	3.88E-12	54.09102
30.5	1.377E-10	54.26748	0.999999	8.44E-12	54.26748
30	1.1896E-10	54.44366	0.999999	1.787E-11	54.44366
29.5	1.0338E-10	54.622198	1.000001	3.253E-11	54.622198
29	9.009E-11	54.798585	1	3.663E-11	54.798585
28.5	5.792E-11	54.974872	1.000001	6.043E-11	54.974872
28	2.346E-11	55.160986	0.999999	8.684E-11	55.160986
27.5	-1.411E-11	55.337308	0.999999	1.2064E-10	55.337308
26.9999	1.529E-11	55.547031	1	8.97E-11	55.547031
26.5	-5.776E-11	55.723347	1.000001	1.5211E-10	55.723347
25.9999	-7.656E-11	55.89951	0.999999	1.6378E-10	55.89951
25.4999	-1.0246E-10	56.075894	0.999999	1.8246E-10	56.075894
25	-1.429E-10	56.252254	0.999999	2.1486E-10	56.252254
24.4999	-1.5149E-10	56.428356	1.000001	2.2044E-10	56.428356
24	-1.8656E-10	56.604683	0.999999	2.4804E-10	56.604683
23.4999	-1.7453E-10	56.780939	1	2.3242E-10	56.780939
22.9999	-2.0302E-10	56.957306	1	2.5245E-10	56.957306
22.4999	-2.124E-10	57.135521	1	2.5495E-10	57.135521
21.9999	-2.4041E-10	57.311799	0.999999	2.7928E-10	57.311799
21.5	-2.3545E-10	57.512736	1	2.7083E-10	57.512736
21	-2.6006E-10	57.688894	1	2.8772E-10	57.688894
20.5	-2.6869E-10	57.864882	1.000001	2.9191E-10	57.864882
19.9999	-2.5273E-10	58.079601	1	2.7144E-10	58.079601
19.4999	-2.7412E-10	58.25577	0.999999	2.8552E-10	58.25577
19	-2.7921E-10	58.432016	0.999999	2.8531E-10	58.432016
18.4999	-2.8828E-10	58.608163	1	2.8717E-10	58.608163
18	-2.8697E-10	58.784393	1	2.801E-10	58.784393
17.4999	-3.0913E-10	58.960581	1	2.9508E-10	58.960581
17	-3.025E-10	59.13682	1	2.8622E-10	59.13682
16.4999	-3.0036E-10	59.312996	0.999999	2.7964E-10	59.312996
15.9999	-2.9946E-10	59.489005	0.999999	2.7183E-10	59.489005
15.4999	-2.8973E-10	59.674639	0.999999	2.5876E-10	59.674639
14.9999	-2.9893E-10	59.850643	1	2.6306E-10	59.850643
14.5	-2.8989E-10	60.061277	1	2.5314E-10	60.061277
14	-2.9061E-10	60.237342	1	2.4801E-10	60.237342
13.5	-2.9265E-10	60.413393	0.999999	2.4361E-10	60.413393
13	-2.8939E-10	60.59122	0.999999	2.3675E-10	60.59122
12.5	-2.9909E-10	60.767345	0.999999	2.4054E-10	60.767345
12	-2.9366E-10	60.943449	1.000001	2.3155E-10	60.943449
11.4999	-2.919E-10	61.119564	0.999999	2.2538E-10	61.119564
11	-2.9764E-10	61.295697	0.999999	2.259E-10	61.295697
10.5	-3.0028E-10	61.471778	0.999999	2.2205E-10	61.471778
9.9999	-2.9851E-10	61.650501	0.999999	2.171E-10	61.650501
9.5	-2.9345E-10	61.826662	0.999999	2.0819E-10	61.826662
8.9999	-2.8516E-10	62.027707	0.999999	1.9833E-10	62.027707
8.5	-3.0949E-10	62.203991	0.999999	2.1528E-10	62.203991
7.9999	-3.3362E-10	62.380065	0.999999	2.3327E-10	62.380065
7.4999	-3.1721E-10	62.590787	0.999999	2.1508E-10	62.590787
7	-3.6516E-10	62.766895	1	2.5712E-10	62.766895
6.5	-3.78E-10	62.943008	1	2.6344E-10	62.943008
5.9999	-4.4661E-10	63.119185	0.999999	3.2613E-10	63.119185
5.5	-4.3827E-10	63.295436	0.999999	3.1108E-10	63.295436
5	-4.9762E-10	63.471421	0.999999	3.6382E-10	63.471421
4.4999	-5.5311E-10	63.648949	1	4.1533E-10	63.648949
4	-5.634E-10	63.825024	0.999999	4.2024E-10	63.825024
3.5	-6.2265E-10	64.001079	1	4.7209E-10	64.001079
3	-6.8629E-10	64.190498	1.000001	5.3064E-10	64.190498
2.5	-7.1977E-10	64.366646	0.999999	5.5859E-10	64.366646
1.9999	-6.7497E-10	64.576577	0.999999	5.1236E-10	64.576577
1.4999	-7.1273E-10	64.752725	0.999999	5.4169E-10	64.752725
1	-7.1591E-10	64.928765	0.999999	5.3628E-10	64.928765
0.5	-7.1474E-10	65.105023	0.999999	5.29E-10	65.105023
0	-6.9515E-10	65.281166	1	5.0214E-10	65.281166
-0.5	-7.222E-10	65.457139	1	5.2428E-10	65.457139
-1	-6.3239E-10	65.633253	1	4.2942E-10	65.633253
-1.5	-6.3333E-10	65.809678	0.999999	4.249E-10	65.809678
-2.0001	-6.3157E-10	65.985804	0.999999	4.1549E-10	65.985804
-2.5001	-5.9712E-10	66.164263	0.999999	3.7272E-10	66.164263
-3.0001	-5.813E-10	66.34042	0.999999	3.5395E-10	66.34042
-3.5	-6.0526E-10	66.516615	1	3.7239E-10	66.516615
-4.0001	-5.977E-10	66.697527	1	3.5667E-10	66.697527
-4.5001	-6.0504E-10	66.873513	0.999999	3.5762E-10	66.873513
-5	-5.6044E-10	67.084328	1	3.1577E-10	67.084328
-5.5001	-5.549E-10	67.260394	1	3.0005E-10	67.260394
-6.0001	-5.5737E-10	67.436536	0.999999	2.9413E-10	67.436536
-6.5	-5.5709E-10	67.612666	0.999999	2.8629E-10	67.612666
-7	-5.6816E-10	67.788785	0.999999	2.8929E-10	67.788785
-7.5001	-5.681E-10	67.964825	0.999999	2.8435E-10	67.964825
-8.0001	-5.6922E-10	68.140932	1	2.8058E-10	68.140932
-8.5001	-5.5458E-10	68.317226	1	2.619E-10	68.317226
-9	-6.1595E-10	68.493291	1	3.1524E-10	68.493291
-9.5	-6.299E-10	68.671698	0.999999	3.1897E-10	68.671698
-10	-6.0589E-10	68.847736	0.999999	2.8996E-10	68.847736
-10.5001	-5.8125E-10	69.040986	0.999999	2.6325E-10	69.040986
-11.0001	-5.6241E-10	69.220841	1	2.3554E-10	69.220841
-11.5	-6.0053E-10	69.396889	0.999999	2.6669E-10	69.396889
-12	-5.6187E-10	69.605309	0.999999	2.2508E-10	69.605309
-12.5	-5.8401E-10	69.7815	0.999999	2.4143E-10	69.7815
-13	-5.8634E-10	69.957673	0.999999	2.3722E-10	69.957673
-13.5	-5.8066E-10	70.133831	0.999999	2.2791E-10	70.133831
-14.0001	-5.8691E-10	70.31007	1.000001	2.2817E-10	70.31007
-14.5001	-6.0968E-10	70.486083	0.999999	2.4426E-10	70.486083
-15.0001	-6.1957E-10	70.663496	1	2.4288E-10	70.663496
-15.5001	-6.4473E-10	70.839566	0.999999	2.6403E-10	70.839566
-16	-6.7304E-10	71.015648	1	2.8934E-10	71.015648
-16.5001	-7.4337E-10	71.210655	0.999999	3.5602E-10	71.210655
-17.0001	-1.21878E-09	71.386796	1	8.213E-10	71.386796
-17.5	-1.33846E-09	71.593591	1.000001	9.428E-10	71.593591
-18	-9.4156E-10	71.769691	1.000001	5.3609E-10	71.769691
-18.5001	-7.7503E-10	71.94571	1.000001	3.5979E-10	71.94571
-19	-6.8748E-10	72.127619	0.999999	2.7166E-10	72.127619
-19.5001	-6.7191E-10	72.30377	0.999999	2.4737E-10	72.30377
-20.0001	-6.2397E-10	72.479873	1	1.8892E-10	72.479873
-20.5	-6.2634E-10	72.656077	0.999999	1.8786E-10	72.656077
-21	-6.0733E-10	72.832239	0.999999	1.6741E-10	72.832239
-21.5	-6.0807E-10	73.008455	0.999999	1.6487E-10	73.008455
-22	-6.5539E-10	73.187291	1.000001	2.0042E-10	73.187291
-22.5	-6.7122E-10	73.363637	1	2.0851E-10	73.363637
-23	-6.7525E-10	73.561677	0.999999	2.1298E-10	73.561677
-23.5	-7.0274E-10	73.738121	0.999999	2.3131E-10	73.738121
-24.0001	-7.726E-10	73.914275	0.999999	2.9496E-10	73.914275
-24.5001	-7.5783E-10	74.129915	1.000001	2.7948E-10	74.129915
-25	-7.7265E-10	74.306186	0.999999	2.8739E-10	74.306186
-25.5	-7.6504E-10	74.482519	1	2.7723E-10	74.482519
-26	-7.9709E-10	74.659011	0.999999	3.0277E-10	74.659011
-26.5001	-8.0459E-10	74.835552	0.999999	3.0551E-10	74.835552
-27	-8.19E-10	75.011971	1	3.0799E-10	75.011971
-27.5	-8.3707E-10	75.191029	1.000001	3.2758E-10	75.191029
-28.0001	-8.4586E-10	75.367411	0.999999	3.2857E-10	75.367411
-28.5	-8.5611E-10	75.567344	1	3.3749E-10	75.567344
-29.0001	-8.6264E-10	75.7437	1	3.347E-10	75.7437
-29.5	-8.4571E-10	75.919944	0.999999	3.0905E-10	75.919944
-30.0001	-9.0077E-10	76.131252	1.000001	3.6335E-10	76.131252
-30.5001	-9.1251E-10	76.307616	0.999999	3.7153E-10	76.307616
-31.0001	-3.9403E-09	76.480298	1.000008	3.37763E-09	76.480298
-31.5	-1.22714E-09	76.645179	1.000001	6.6733E-10	76.645179
-32	-1.00086E-09	76.821577	1.000001	4.3343E-10	76.821577
-32.5	-1.04688E-09	76.998008	1.000001	4.7459E-10	76.998008
-33.0001	-9.6559E-10	77.174339	1	3.9272E-10	77.174339
-33.5001	-1.05586E-09	77.3507	0.999999	4.793E-10	77.3507
-34	-9.1646E-10	77.527031	1	3.3187E-10	77.527031
-34.5001	-9.0958E-10	77.705572	0.999999	3.1641E-10	77.705572
-35.0001	-9.8311E-10	77.881851	0.999999	3.8589E-10	77.881851
-35.5	-1.01423E-09	78.074479	1	4.1776E-10	78.074479
-36.0001	-1.10401E-09	78.25092	0.999999	5.04E-10	78.25092
-36.5001	-1.1241E-09	78.427383	1	5.1039E-10	78.427383
-37	-1.00689E-09	78.642677	1	3.9742E-10	78.642677
-37.5001	-1.09459E-09	78.819029	0.999999	4.7647E-10	78.819029
-38	-1.22955E-09	78.995408	0.999999	5.9668E-10	78.995408
-38.5	-1.18818E-09	79.171715	1	5.5283E-10	79.171715
-39	-1.21678E-09	79.348412	1	5.7918E-10	79.348412
-39.5001	-1.17866E-09	79.524943	1.000001	5.3798E-10	79.524943
-40.0001	-1.09972E-09	79.704028	0.999999	4.4563E-10	79.704028
-40.5	-1.29281E-09	79.880578	0.999999	6.3516E-10	79.880578
-41	-1.19947E-09	80.081223	0.999999	5.4191E-10	80.081223
-41.5001	-1.08852E-09	80.257841	0.999999	4.3008E-10	80.257841
-42	-1.05731E-09	80.43419	0.999999	3.9603E-10	80.43419
-42.4999	-1.12596E-09	80.645348	0.999999	4.5247E-10	80.645348
-43.0001	-1.09122E-09	80.821891	0.999999	4.099E-10	80.821891
-43.5001	-1.11537E-09	80.998361	1.000001	4.3428E-10	80.998361
-44	-1.16913E-09	81.174815	1	4.8795E-10	81.174815
-44.5001	-1.17371E-09	81.351535	0.999999	4.8348E-10	81.351535
-45	-1.16303E-09	81.52796	1.000001	4.6253E-10	81.52796
-45.5	-1.32335E-09	81.705582	0.999999	6.1546E-10	81.705582
-46	-1.21692E-09	81.882153	0.999999	5.1128E-10	81.882153
-46.5001	-1.18304E-09	82.058647	1.000001	4.7554E-10	82.058647
-47.0001	-1.21664E-09	82.243391	0.999999	4.9968E-10	82.243391
-47.5	-1.29312E-09	82.419886	1.000001	5.6563E-10	82.419886
-48.0001	-1.30235E-09	82.626103	1.000001	5.8244E-10	82.626103
-48.5	-1.34422E-09	82.802787	1	6.1089E-10	82.802787
-49	-1.13729E-09	82.979261	0.999999	3.9275E-10	82.979261
-49.5001	-1.16411E-09	83.160505	0.999999	4.2425E-10	83.160505
-50.0001	-1.20328E-09	83.337053	1	4.4996E-10	83.337053
-50.5	-1.28187E-09	83.513547	0.999999	5.2304E-10	83.513547
-51	-1.29219E-09	83.691924	0.999999	5.3822E-10	83.691924
-51.5001	-1.2796E-09	83.868435	0.999999	5.1798E-10	83.868435
-52	-1.29261E-09	84.044971	1	5.1978E-10	84.044971
-52.5	-1.26566E-09	84.223447	0.999999	4.9331E-10	84.223447
-53.0001	-1.15075E-09	84.400082	1	3.7869E-10	84.400082
-53.5	-1.31563E-09	84.596119	0.999999	5.2894E-10	84.596119
-54	-1.30834E-09	84.772886	0.999999	5.1687E-10	84.772886
-54.5	-1.54473E-09	84.949438	0.999998	7.5857E-10	84.949438
-55	-3.39109E-08	85.179051	1.000008	3.31039E-08	85.179051
-55.5	-2.28583E-09	85.332757	1.000004	1.4865E-09	85.332757
-56.0001	-3.15011E-09	85.509215	0.999997	2.34374E-09	85.509215
-56.5001	-2.04779E-09	85.68653	0.999999	1.23102E-09	85.68653
-57	-1.73991E-09	85.863026	1	9.1684E-10	85.863026
-57.5	-1.24376E-09	86.03978	1.000001	4.1992E-10	86.03978
-58.0001	-1.25255E-09	86.21831	1	4.2603E-10	86.21831
-58.5	-1.11709E-09	86.395014	0.999999	2.7734E-10	86.395014
-59	-1.09284E-09	86.571495	0.999999	2.4693E-10	86.571495
-59.5	-1.1008E-09	86.758424	0.999999	2.6398E-10	86.758424
-60.0001	-1.92921E-09	86.93499	1.000002	1.08172E-09	86.93499
