Time (s)	|IDrain (A)|	|IGate (A)	Vdrain(V)	Vgate(V)
0.0	1.0393e-10	2.8302e-10	-10.0	20.0
1.0	4.6014e-11	9.3477e-11	-10.0	19.9
1.5	3.0018e-11	1.5919e-11	-10.0	19.8
2.0	2.4139e-11	2.8462e-11	-10.0	19.7
2.5	2.0205e-11	3.6305e-11	-10.0	19.6
3.0	1.7551e-11	4.2071e-11	-10.0	19.5
3.5	1.5229e-11	4.5965e-11	-10.0	19.4
4.0	1.3782e-11	4.8577e-11	-10.0	19.3
4.5	1.2358e-11	5.1165e-11	-10.0	19.2
5.0	1.1188e-11	5.307e-11	-10.0	19.1
5.5	1.0385e-11	5.5358e-11	-10.0	19.0
6.0	9.5785e-12	5.6181e-11	-10.0	18.9
6.5	9.1743e-12	5.7383e-11	-10.0	18.8
7.0	8.6141e-12	5.8426e-11	-10.0	18.7
7.5	8.2266e-12	5.9419e-11	-10.0	18.6
8.0	7.6413e-12	6.0018e-11	-10.0	18.5
8.5	7.41e-12	6.0916e-11	-10.0	18.4
9.0	6.9559e-12	6.1332e-11	-10.0	18.3
9.5	6.839e-12	6.2327e-11	-10.0	18.2
10.0	6.5422e-12	6.2544e-11	-10.0	18.1
10.5	6.2048e-12	6.3069e-11	-10.0	18.0
11.0	6.1977e-12	6.3612e-11	-10.0	17.9
11.5	5.8305e-12	6.3847e-11	-10.0	17.8
12.0	5.5337e-12	6.4174e-11	-10.0	17.7
12.502	5.4431e-12	6.3097e-11	-10.0	17.6
13.0	5.2071e-12	6.6321e-11	-10.0	17.5
13.5	5.2547e-12	6.4859e-11	-10.0	17.4
14.0	4.8757e-12	6.5095e-11	-10.0	17.3
14.5	4.8923e-12	6.5913e-11	-10.0	17.2
15.0	5.6958e-12	6.0191e-11	-10.0	17.1
15.5	1.0908e-12	1.4682e-10	-10.0	17.0
16.0	4.5538e-12	6.6716e-11	-10.0	16.9
16.5	4.499e-12	6.6768e-11	-10.0	16.8
17.0	4.4525e-12	6.7047e-11	-10.0	16.7
17.5	4.288e-12	6.7365e-11	-10.0	16.6
18.0	4.1902e-12	6.7062e-11	-10.0	16.5
18.5	3.9804e-12	6.7195e-11	-10.0	16.4
19.0	3.947e-12	6.7264e-11	-10.0	16.3
19.5	4.0078e-12	6.7766e-11	-10.0	16.2
20.0	3.8922e-12	6.804e-11	-10.0	16.1
20.5	3.9244e-12	6.7642e-11	-10.0	16.0
21.0	3.8147e-12	6.8018e-11	-10.0	15.9
21.5	3.5834e-12	6.8093e-11	-10.0	15.8
22.0	3.6109e-12	6.8382e-11	-10.0	15.7
22.5	3.6216e-12	6.8656e-11	-10.0	15.6
23.0	3.3915e-12	6.8991e-11	-10.0	15.5
23.5	3.3438e-12	6.844e-11	-10.0	15.4
24.0	3.5274e-12	6.8919e-11	-10.0	15.3
24.5	3.1471e-12	6.8823e-11	-10.0	15.2
25.0	3.1793e-12	6.8881e-11	-10.0	15.1
25.5	3.0863e-12	6.8952e-11	-10.0	15.0
26.0	3.1221e-12	6.9048e-11	-10.0	14.9
26.5	3.2008e-12	6.905e-11	-10.0	14.8
27.0	3.2961e-12	6.9319e-11	-10.0	14.7
27.5	3.0696e-12	6.9274e-11	-10.0	14.6
28.0	2.923e-12	6.9461e-11	-10.0	14.5
28.5	3.0673e-12	6.9317e-11	-10.0	14.4
29.0	2.9075e-12	6.9161e-11	-10.0	14.3
29.5	2.892e-12	6.9442e-11	-10.0	14.2
30.0	3.9661e-12	6.8608e-11	-10.0	14.1
30.5	2.7025e-12	9.1478e-11	-10.0	14.0
31.0	1.5426e-12	9.1653e-11	-10.0	13.9
31.5	2.7072e-12	6.9841e-11	-10.0	13.8
32.0	2.6763e-12	6.9939e-11	-10.0	13.7
32.5	2.65e-12	6.985e-11	-10.0	13.6
33.0	2.8253e-12	6.9977e-11	-10.0	13.5
33.5	2.8348e-12	6.9993e-11	-10.0	13.4
34.0	2.5284e-12	7.0031e-11	-10.0	13.3
34.5	2.6703e-12	6.9863e-11	-10.0	13.2
35.0	2.6095e-12	7.0041e-11	-10.0	13.1
35.5	2.4903e-12	7.0151e-11	-10.0	13.0
36.0	2.3878e-12	7.0084e-11	-10.0	12.9
36.5	2.5594e-12	7.0294e-11	-10.0	12.8
37.0	2.5773e-12	7.0242e-11	-10.0	12.7
37.5	2.526e-12	7.03e-11	-10.0	12.6
38.0	2.3961e-12	7.027e-11	-10.0	12.5
38.5	2.6894e-12	7.0386e-11	-10.0	12.4
39.0	2.8026e-12	7.0518e-11	-10.0	12.3
39.5	2.5451e-12	7.0533e-11	-10.0	12.2
40.0	2.4736e-12	7.0469e-11	-10.0	12.1
40.5	2.439e-12	7.1176e-11	-10.0	12.0
41.0	2.2626e-12	7.0447e-11	-10.0	11.9
41.5	2.1517e-12	7.0478e-11	-10.0	11.8
42.0	2.3174e-12	7.0753e-11	-10.0	11.7
42.5	2.4164e-12	7.081e-11	-10.0	11.6
43.0	2.1911e-12	7.076e-11	-10.0	11.5
43.5	2.2626e-12	7.079e-11	-10.0	11.4
44.0	8.9765e-13	9.1149e-11	-10.0	11.3
44.5	2.3699e-12	7.0946e-11	-10.0	11.2
45.0	2.1792e-12	7.0903e-11	-10.0	11.1
45.5	3.5358e-12	5.738e-11	-10.0	11.0
46.0	1.049e-12	1.5013e-10	-10.0	10.9
46.5	2.2936e-12	7.0941e-11	-10.0	10.8
47.0	2.3532e-12	7.0852e-11	-10.0	10.7
47.5	2.1982e-12	7.0758e-11	-10.0	10.6
48.0	2.1279e-12	7.0872e-11	-10.0	10.5
48.5	2.0218e-12	7.1231e-11	-10.0	10.4
49.0	2.0039e-12	7.1059e-11	-10.0	10.3
49.5	2.1386e-12	7.1212e-11	-10.0	10.2
50.0	2.4557e-12	7.1299e-11	-10.0	10.1
50.5	2.2769e-12	7.1263e-11	-10.0	10.0
51.0	2.0993e-12	7.1423e-11	-10.0	9.9
51.5	2.0957e-12	7.1176e-11	-10.0	9.8
52.0	2.1601e-12	7.1362e-11	-10.0	9.7
52.5	2.1911e-12	7.1316e-11	-10.0	9.6
53.0	2.3055e-12	7.1254e-11	-10.0	9.5
53.5	2.0111e-12	7.1296e-11	-10.0	9.4
54.0	1.8203e-12	7.135e-11	-10.0	9.3
54.5	2.0599e-12	7.1346e-11	-10.0	9.2
55.0	2.2101e-12	7.1507e-11	-10.0	9.1
55.5	2.0039e-12	7.1507e-11	-10.0	9.0
56.0	2.1136e-12	7.1608e-11	-10.0	8.9
56.5	2.29e-12	7.1617e-11	-10.0	8.8
57.0	2.2697e-12	7.1724e-11	-10.0	8.7
57.5	2.3293e-12	7.1521e-11	-10.0	8.6
58.0	2.7275e-12	7.2153e-11	-10.0	8.5
58.5	3.2055e-12	7.1646e-11	-10.0	8.4
59.0	3.6943e-12	7.1588e-11	-10.0	8.3
59.5	4.7171e-12	7.1493e-11	-10.0	8.2
60.0	5.9736e-12	7.1956e-11	-10.0	8.1
60.5	9.2792e-12	6.6e-11	-10.0	8.0
61.0	7.7224e-12	1.5045e-10	-10.0	7.9
61.5	1.5931e-11	7.2044e-11	-10.0	7.8
62.0	2.216e-11	7.1845e-11	-10.0	7.7
62.5	3.1497e-11	7.1787e-11	-10.0	7.6
63.0	4.2956e-11	7.2128e-11	-10.0	7.5
63.5	5.913e-11	7.1952e-11	-10.0	7.4
64.0	8.0696e-11	7.1942e-11	-10.0	7.3
64.5	1.1124e-10	7.2151e-11	-10.0	7.2
65.0	1.5016e-10	7.2236e-11	-10.0	7.1
65.5	2.0074e-10	7.225e-11	-10.0	7.0
66.0	2.7051e-10	7.2092e-11	-10.0	6.9
66.5	3.6837e-10	7.2352e-11	-10.0	6.8
67.0	4.8961e-10	7.1986e-11	-10.0	6.7
67.5	6.2863e-10	7.2197e-11	-10.0	6.6
68.0	7.95e-10	7.2601e-11	-10.0	6.5
68.5	9.8605e-10	7.2305e-11	-10.0	6.4
69.0	1.2237e-09	7.2352e-11	-10.0	6.3
69.5	1.5118e-09	7.2405e-11	-10.0	6.2
70.0	1.8413e-09	7.2468e-11	-10.0	6.1
70.5	2.2063e-09	7.2542e-11	-10.0	6.0
71.0	2.6319e-09	7.2209e-11	-10.0	5.9
71.5	3.1003e-09	7.2501e-11	-10.0	5.8
72.0	3.6409e-09	7.2612e-11	-10.0	5.7
72.5	4.2274e-09	7.2372e-11	-10.0	5.6
73.0	4.9004e-09	7.2492e-11	-10.0	5.5
73.5	5.6168e-09	7.2668e-11	-10.0	5.4
74.0	6.4119e-09	7.3013e-11	-10.0	5.3
74.5	7.3142e-09	7.2722e-11	-10.0	5.2
75.0	8.2717e-09	7.2918e-11	-10.0	5.1
75.5	9.3476e-09	7.2383e-11	-10.0	5.0
76.0	1.0527e-08	9.4836e-11	-10.0	4.9
76.5	1.1869e-08	9.4814e-11	-10.0	4.8
77.0	1.3405e-08	7.3009e-11	-10.0	4.7
77.5	1.5056e-08	7.3162e-11	-10.0	4.6
78.0	1.6981e-08	7.2972e-11	-10.0	4.5
78.5	1.9139e-08	7.2751e-11	-10.0	4.4
79.0	2.1554e-08	7.3142e-11	-10.0	4.3
79.5	2.4308e-08	7.3039e-11	-10.0	4.2
80.0	2.7339e-08	7.31e-11	-10.0	4.1
80.5	3.0819e-08	7.3262e-11	-10.0	4.0
81.0	3.4767e-08	7.3186e-11	-10.0	3.9
81.5	3.9158e-08	7.3481e-11	-10.0	3.8
82.0	4.4184e-08	7.3973e-11	-10.0	3.7
82.5	4.9735e-08	7.4185e-11	-10.0	3.6
83.0	5.5883e-08	7.4394e-11	-10.0	3.5
83.5	6.286e-08	7.4304e-11	-10.0	3.4
84.0	7.0603e-08	7.5206e-11	-10.0	3.3
84.503	7.9134e-08	7.545e-11	-10.0	3.2
85.0	8.8593e-08	8.0993e-11	-10.0	3.1
85.5	9.8888e-08	8.1862e-11	-10.0	3.0
86.0	1.1004e-07	8.2034e-11	-10.0	2.9
86.5	1.2312e-07	9.2709e-11	-10.0	2.8
87.0	1.3752e-07	8.6174e-11	-10.0	2.7
87.5	1.5389e-07	9.1091e-11	-10.0	2.6
88.0	1.7234e-07	1.0098e-10	-10.0	2.5
88.503	1.9413e-07	1.1905e-10	-10.0	2.4
89.0	2.2008e-07	1.4802e-10	-10.0	2.3
89.5	2.5203e-07	1.5938e-10	-10.0	2.2
90.0	2.9368e-07	1.6482e-10	-10.0	2.1
90.5	3.5024e-07	1.6597e-10	-10.0	2.0
91.0	4.243e-07	1.2834e-10	-10.0	1.9
91.5	5.2269e-07	4.202e-10	-10.0	1.8
92.0	6.4694e-07	1.5279e-10	-10.0	1.7
92.5	7.9903e-07	1.3755e-10	-10.0	1.6
93.0	9.7965e-07	1.0975e-10	-10.0	1.5
93.5	1.1879e-06	9.7915e-11	-10.0	1.4
94.0	1.425e-06	1.0446e-10	-10.0	1.3
94.5	1.6888e-06	8.9595e-11	-10.0	1.2
95.0	1.9798e-06	8.8623e-11	-10.0	1.1
95.5	2.2953e-06	8.8239e-11	-10.0	1.0
96.0	2.6358e-06	8.7713e-11	-10.0	0.9
96.5	2.9978e-06	8.7471e-11	-10.0	0.8
97.0	3.3823e-06	8.7215e-11	-10.0	0.7
97.5	3.7862e-06	8.7677e-11	-10.0	0.6
98.0	4.2106e-06	8.7691e-11	-10.0	0.5
98.5	4.6517e-06	8.7707e-11	-10.0	0.4
99.0	5.1108e-06	8.7978e-11	-10.0	0.3
99.5	5.5858e-06	8.7951e-11	-10.0	0.2
100.0	6.0771e-06	8.824e-11	-10.0	0.1
100.5	6.5845e-06	8.6443e-11	-10.0	-1.5293e-14
101.0	7.1048e-06	9.0325e-11	-10.0	-0.1
101.5	7.6374e-06	8.9297e-11	-10.0	-0.2
102.0	8.1843e-06	8.9874e-11	-10.0	-0.3
102.5	8.7437e-06	9.0288e-11	-10.0	-0.4
103.0	9.3118e-06	9.0827e-11	-10.0	-0.5
103.5	9.8941e-06	9.1265e-11	-10.0	-0.6
104.0	1.0484e-05	9.1852e-11	-10.0	-0.7
104.5	1.1087e-05	1.0129e-10	-10.0	-0.8
105.0	1.1701e-05	9.4776e-11	-10.0	-0.9
105.5	1.2323e-05	9.3924e-11	-10.0	-1.0
106.0	1.2954e-05	8.8654e-11	-10.0	-1.1
106.5	1.3595e-05	2.4501e-10	-10.0	-1.2
107.0	1.4241e-05	9.6787e-11	-10.0	-1.3
107.5	1.4899e-05	9.7216e-11	-10.0	-1.4
108.0	1.5561e-05	9.8145e-11	-10.0	-1.5
108.5	1.6233e-05	9.8894e-11	-10.0	-1.6
109.0	1.6909e-05	1.0033e-10	-10.0	-1.7
109.5	1.7591e-05	1.0106e-10	-10.0	-1.8
110.0	1.8283e-05	1.0222e-10	-10.0	-1.9
110.5	1.8982e-05	1.0353e-10	-10.0	-2.0
111.0	1.9687e-05	1.0427e-10	-10.0	-2.1
111.5	2.0398e-05	1.0541e-10	-10.0	-2.2
112.0	2.1111e-05	1.0619e-10	-10.0	-2.3
112.5	2.1829e-05	1.0721e-10	-10.0	-2.4
113.0	2.2552e-05	1.0905e-10	-10.0	-2.5
113.5	2.3281e-05	1.0953e-10	-10.0	-2.6
114.0	2.4012e-05	1.1152e-10	-10.0	-2.7
114.5	2.4749e-05	1.124e-10	-10.0	-2.8
115.0	2.5495e-05	1.1385e-10	-10.0	-2.9
115.5	2.6236e-05	1.1476e-10	-10.0	-3.0
116.0	2.6981e-05	1.1555e-10	-10.0	-3.1
116.5	2.7733e-05	1.152e-10	-10.0	-3.2
117.0	2.8492e-05	1.1992e-10	-10.0	-3.3
117.5	2.9245e-05	1.201e-10	-10.0	-3.4
118.0	3.0011e-05	1.2143e-10	-10.0	-3.5
118.5	3.0772e-05	1.2295e-10	-10.0	-3.6
119.0	3.1544e-05	1.2409e-10	-10.0	-3.7
119.5	3.231e-05	1.259e-10	-10.0	-3.8
120.0	3.3084e-05	1.2795e-10	-10.0	-3.9
120.5	3.3867e-05	1.2908e-10	-10.0	-4.0
121.0	3.4639e-05	1.2928e-10	-10.0	-4.1
121.5	3.5414e-05	2.7336e-10	-10.0	-4.2
122.0	3.6201e-05	1.3364e-10	-10.0	-4.3
122.5	3.699e-05	1.3566e-10	-10.0	-4.4
123.0	3.7777e-05	1.3758e-10	-10.0	-4.5
123.5	3.8561e-05	1.3877e-10	-10.0	-4.6
124.0	3.9355e-05	1.4044e-10	-10.0	-4.7
124.5	4.0138e-05	1.4259e-10	-10.0	-4.8
125.0	4.093e-05	1.4394e-10	-10.0	-4.9
125.5	4.1717e-05	1.4596e-10	-10.0	-5.0
126.0	4.2514e-05	1.481e-10	-10.0	-5.1
126.5	4.331e-05	1.5055e-10	-10.0	-5.2
127.0	4.4098e-05	1.5211e-10	-10.0	-5.3
127.5	4.4895e-05	1.5456e-10	-10.0	-5.4
128.0	4.569e-05	1.5622e-10	-10.0	-5.5
128.5	4.649e-05	1.5747e-10	-10.0	-5.6
129.0	4.7276e-05	1.6104e-10	-10.0	-5.7
129.5	4.8064e-05	1.6223e-10	-10.0	-5.8
130.0	4.8865e-05	1.6462e-10	-10.0	-5.9
130.5	4.9657e-05	1.6573e-10	-10.0	-6.0
131.0	5.0452e-05	1.6972e-10	-10.0	-6.1
131.5	5.1246e-05	1.7203e-10	-10.0	-6.2
132.0	5.2045e-05	1.749e-10	-10.0	-6.3
132.5	5.2829e-05	1.7542e-10	-10.0	-6.4
133.0	5.3621e-05	1.8052e-10	-10.0	-6.5
133.5	5.4408e-05	1.8228e-10	-10.0	-6.6
134.0	5.52e-05	1.8498e-10	-10.0	-6.7
134.5	5.5986e-05	1.8737e-10	-10.0	-6.8
135.0	5.6775e-05	1.8996e-10	-10.0	-6.9
135.5	5.7572e-05	1.9264e-10	-10.0	-7.0
136.0	5.8352e-05	1.9609e-10	-10.0	-7.1
136.5	5.9123e-05	1.8881e-10	-10.0	-7.2
137.0	5.9914e-05	4.1119e-10	-10.0	-7.3
137.5	6.0682e-05	2.1858e-10	-10.0	-7.4
138.0	6.145e-05	2.3749e-10	-10.0	-7.5
138.5	6.2217e-05	2.6616e-10	-10.0	-7.6
139.0	6.2958e-05	2.7552e-10	-10.0	-7.7
139.5	6.3702e-05	2.6943e-10	-10.0	-7.8
140.0	6.446e-05	2.5093e-10	-10.0	-7.9
140.5	6.5199e-05	2.3531e-10	-10.0	-8.0
141.0	6.5894e-05	2.3022e-10	-10.0	-8.1
141.5	6.6612e-05	2.2739e-10	-10.0	-8.2
142.0	6.7316e-05	2.2836e-10	-10.0	-8.3
142.5	6.8001e-05	2.3008e-10	-10.0	-8.4
143.0	6.8704e-05	2.3196e-10	-10.0	-8.5
143.5	6.9381e-05	2.3287e-10	-10.0	-8.6
144.0	7.0028e-05	2.3515e-10	-10.0	-8.7
144.5	7.0689e-05	2.3915e-10	-10.0	-8.8
145.0	7.1334e-05	2.4321e-10	-10.0	-8.9
145.5	7.1977e-05	2.4473e-10	-10.0	-9.0
146.0	7.2592e-05	2.4952e-10	-10.0	-9.1
146.5	7.3198e-05	2.5103e-10	-10.0	-9.2
147.0	7.3793e-05	2.5423e-10	-10.0	-9.3
147.5	7.4379e-05	2.5747e-10	-10.0	-9.4
148.0	7.4963e-05	2.6177e-10	-10.0	-9.5
148.5	7.5537e-05	2.6377e-10	-10.0	-9.6
149.0	7.6104e-05	2.6725e-10	-10.0	-9.7
149.5	7.6654e-05	2.7032e-10	-10.0	-9.8
150.0	7.7214e-05	2.7387e-10	-10.0	-9.9
150.5	7.7756e-05	2.7824e-10	-10.0	-10.0
151.0	7.8285e-05	2.8145e-10	-10.0	-10.1
151.5	7.8808e-05	2.835e-10	-10.0	-10.2
152.0	7.9314e-05	4.8746e-10	-10.0	-10.3
152.5	7.982e-05	2.9264e-10	-10.0	-10.4
153.0	8.0306e-05	2.9813e-10	-10.0	-10.5
153.5	8.0777e-05	3.0235e-10	-10.0	-10.6
154.0	8.1254e-05	3.0618e-10	-10.0	-10.7
154.5	8.1738e-05	3.0979e-10	-10.0	-10.8
155.0	8.2207e-05	3.1286e-10	-10.0	-10.9
155.5	8.2658e-05	3.1719e-10	-10.0	-11.0
156.0	8.3116e-05	3.2129e-10	-10.0	-11.1
156.5	8.3555e-05	3.2446e-10	-10.0	-11.2
157.0	8.3988e-05	3.3136e-10	-10.0	-11.3
157.5	8.4411e-05	3.3382e-10	-10.0	-11.4
158.0	8.4819e-05	3.389e-10	-10.0	-11.5
158.5	8.5225e-05	3.4356e-10	-10.0	-11.6
159.0	8.5635e-05	3.4836e-10	-10.0	-11.7
159.5	8.6043e-05	3.5332e-10	-10.0	-11.8
160.0	8.6426e-05	3.5707e-10	-10.0	-11.9
160.5	8.6809e-05	3.6164e-10	-10.0	-12.0
161.0	8.7167e-05	3.6731e-10	-10.0	-12.1
161.5	8.7531e-05	3.724e-10	-10.0	-12.2
162.0	8.7887e-05	3.7652e-10	-10.0	-12.3
162.5	8.8247e-05	3.8218e-10	-10.0	-12.4
163.0	8.8595e-05	3.8721e-10	-10.0	-12.5
163.5	8.8932e-05	3.9277e-10	-10.0	-12.6
164.0	8.9275e-05	3.967e-10	-10.0	-12.7
164.5	8.9602e-05	4.024e-10	-10.0	-12.8
165.0	8.9922e-05	4.0851e-10	-10.0	-12.9
165.5	9.0236e-05	4.1343e-10	-10.0	-13.0
166.0	9.0547e-05	4.1934e-10	-10.0	-13.1
166.5	9.0834e-05	4.2492e-10	-10.0	-13.2
167.0	9.1157e-05	6.1366e-10	-10.0	-13.3
167.5	9.1444e-05	4.3668e-10	-10.0	-13.4
168.0	9.1726e-05	4.4285e-10	-10.0	-13.5
168.5	9.2004e-05	4.4862e-10	-10.0	-13.6
169.0	9.2287e-05	4.5268e-10	-10.0	-13.7
169.5	9.2547e-05	4.5834e-10	-10.0	-13.8
170.0	9.2799e-05	4.659e-10	-10.0	-13.9
170.5	9.3066e-05	4.7126e-10	-10.0	-14.0
171.0	9.3319e-05	4.7645e-10	-10.0	-14.1
171.5	9.3541e-05	4.8357e-10	-10.0	-14.2
172.0	9.3797e-05	4.9022e-10	-10.0	-14.3
172.5	9.4042e-05	4.9569e-10	-10.0	-14.4
173.0	9.427e-05	5.0162e-10	-10.0	-14.5
173.5	9.4508e-05	5.0708e-10	-10.0	-14.6
174.0	9.4739e-05	5.1439e-10	-10.0	-14.7
174.5	9.4941e-05	5.2008e-10	-10.0	-14.8
175.0	9.5148e-05	5.2526e-10	-10.0	-14.9
175.5	9.5339e-05	5.3116e-10	-10.0	-15.0
176.0	9.5331e-05	5.1819e-10	-10.0	-15.0
176.5	9.5549e-05	5.3606e-10	-10.0	-15.1
177.0	9.531e-05	3.7836e-10	-10.0	-15.0
177.5	9.5054e-05	3.6812e-10	-10.0	-14.9
178.0	9.4792e-05	3.5845e-10	-10.0	-14.8
178.5	9.4541e-05	3.4956e-10	-10.0	-14.7
179.0	9.425e-05	3.4332e-10	-10.0	-14.6
179.5	9.4005e-05	3.3652e-10	-10.0	-14.5
180.0	9.3737e-05	3.3034e-10	-10.0	-14.4
180.5	9.3466e-05	3.2446e-10	-10.0	-14.3
181.0	9.3192e-05	3.1874e-10	-10.0	-14.2
181.5	9.2909e-05	3.1091e-10	-10.0	-14.1
182.0	9.2622e-05	3.2527e-10	-10.0	-14.0
182.5	9.234e-05	1.0293e-10	-10.0	-13.9
183.0	9.2039e-05	2.9482e-10	-10.0	-13.8
183.5	9.1736e-05	2.8803e-10	-10.0	-13.7
184.0	9.1443e-05	2.8346e-10	-10.0	-13.6
184.5	9.1141e-05	2.7784e-10	-10.0	-13.5
185.0	9.0834e-05	2.7148e-10	-10.0	-13.4
185.5	9.0515e-05	2.6625e-10	-10.0	-13.3
186.0	9.0185e-05	2.607e-10	-10.0	-13.2
186.5	8.9848e-05	2.5596e-10	-10.0	-13.1
187.0	8.9527e-05	2.5107e-10	-10.0	-13.0
187.5	8.9178e-05	2.4535e-10	-10.0	-12.9
188.0	8.8842e-05	2.4171e-10	-10.0	-12.8
188.5	8.8502e-05	2.3865e-10	-10.0	-12.7
189.0	8.8139e-05	2.3041e-10	-10.0	-12.6
189.5	8.7771e-05	2.2683e-10	-10.0	-12.5
190.0	8.7392e-05	2.2057e-10	-10.0	-12.4
190.5	8.6992e-05	2.1806e-10	-10.0	-12.3
191.0	8.6613e-05	2.1275e-10	-10.0	-12.2
191.5	8.6229e-05	2.0773e-10	-10.0	-12.1
192.0	8.5824e-05	2.0372e-10	-10.0	-12.0
192.5	8.5414e-05	2.0061e-10	-10.0	-11.9
193.0	8.5013e-05	1.9367e-10	-10.0	-11.8
193.5	8.4608e-05	1.9003e-10	-10.0	-11.7
194.0	8.4181e-05	1.8659e-10	-10.0	-11.6
194.5	8.3751e-05	1.827e-10	-10.0	-11.5
195.0	8.3322e-05	1.7872e-10	-10.0	-11.4
195.5	8.2872e-05	1.7445e-10	-10.0	-11.3
196.0	8.2411e-05	1.7052e-10	-10.0	-11.2
196.5	8.1938e-05	1.6708e-10	-10.0	-11.1
197.0	8.1481e-05	1.672e-10	-10.0	-11.0
197.5	8.1003e-05	3.8835e-11	-10.0	-10.9
198.0	8.0522e-05	1.5306e-10	-10.0	-10.8
198.5	8.0059e-05	1.5086e-10	-10.0	-10.7
199.0	7.9555e-05	1.475e-10	-10.0	-10.6
199.5	7.9038e-05	1.4306e-10	-10.0	-10.5
200.0	7.8525e-05	1.4012e-10	-10.0	-10.4
200.5	7.801e-05	1.3707e-10	-10.0	-10.3
201.0	7.7477e-05	1.3096e-10	-10.0	-10.2
201.5	7.6951e-05	1.287e-10	-10.0	-10.1
202.0	7.6395e-05	1.2681e-10	-10.0	-10.0
202.5	7.5825e-05	1.2282e-10	-10.0	-9.9
203.0	7.5261e-05	1.1896e-10	-10.0	-9.8
203.5	7.4681e-05	1.1542e-10	-10.0	-9.7
204.0	7.4105e-05	1.1332e-10	-10.0	-9.6
204.5	7.3514e-05	1.1111e-10	-10.0	-9.5
205.0	7.2915e-05	1.0489e-10	-10.0	-9.4
205.5	7.2286e-05	1.0371e-10	-10.0	-9.3
206.0	7.1686e-05	1.0011e-10	-10.0	-9.2
206.5	7.1054e-05	9.7175e-11	-10.0	-9.1
207.0	7.0431e-05	9.4482e-11	-10.0	-9.0
207.5	6.9785e-05	9.1876e-11	-10.0	-8.9
208.0	6.9127e-05	8.9617e-11	-10.0	-8.8
208.5	6.8454e-05	8.6309e-11	-10.0	-8.7
209.0	6.7777e-05	8.4356e-11	-10.0	-8.6
209.5	6.7096e-05	8.0313e-11	-10.0	-8.5
210.0	6.6399e-05	7.6878e-11	-10.0	-8.4
210.5	6.5699e-05	7.3733e-11	-10.0	-8.3
211.0	6.4965e-05	6.9251e-11	-10.0	-8.2
211.5	6.4245e-05	6.2035e-11	-10.0	-8.1
212.0	6.3504e-05	5.2025e-11	-10.0	-8.0
212.5	6.2769e-05	1.7223e-10	-10.0	-7.9
213.0	6.2018e-05	1.7143e-11	-10.0	-7.8
213.5	6.1262e-05	1.364e-11	-10.0	-7.7
214.0	6.0493e-05	1.7925e-11	-10.0	-7.6
214.5	5.973e-05	2.3909e-11	-10.0	-7.5
215.0	5.8957e-05	3.0492e-11	-10.0	-7.4
215.5	5.8188e-05	3.4008e-11	-10.0	-7.3
216.0	5.7424e-05	3.6455e-11	-10.0	-7.2
216.5	5.6643e-05	3.5954e-11	-10.0	-7.1
217.0	5.5859e-05	3.5967e-11	-10.0	-7.0
217.5	5.5078e-05	3.512e-11	-10.0	-6.9
218.0	5.4292e-05	3.3907e-11	-10.0	-6.8
218.5	5.3503e-05	3.2568e-11	-10.0	-6.7
219.0	5.273e-05	3.0911e-11	-10.0	-6.6
219.5	5.1938e-05	2.9415e-11	-10.0	-6.5
220.0	5.1147e-05	2.7961e-11	-10.0	-6.4
220.5	5.0359e-05	2.6098e-11	-10.0	-6.3
221.0	4.9568e-05	2.367e-11	-10.0	-6.2
221.5	4.8779e-05	2.2216e-11	-10.0	-6.1
222.0	4.7986e-05	2.0033e-11	-10.0	-6.0
222.5	4.7201e-05	1.9255e-11	-10.0	-5.9
223.0	4.6414e-05	1.6782e-11	-10.0	-5.8
223.5	4.5629e-05	1.4889e-11	-10.0	-5.7
224.0	4.4827e-05	1.3045e-11	-10.0	-5.6
224.5	4.4038e-05	1.0915e-11	-10.0	-5.5
225.0	4.3254e-05	9.7501e-12	-10.0	-5.4
225.5	4.2466e-05	8.2612e-12	-10.0	-5.3
226.0	4.1683e-05	6.1941e-12	-10.0	-5.2
226.5	4.0905e-05	4.9794e-12	-10.0	-5.1
227.0	4.0123e-05	2.8718e-12	-10.0	-5.0
227.5	3.9338e-05	7.869e-12	-10.0	-4.9
228.0	3.8555e-05	1.3194e-10	-10.0	-4.8
228.5	3.7778e-05	1.8895e-12	-10.0	-4.7
229.0	3.6994e-05	3.3343e-12	-10.0	-4.6
229.5	3.6223e-05	4.7815e-12	-10.0	-4.5
230.0	3.5453e-05	6.4826e-12	-10.0	-4.4
230.5	3.4684e-05	8.1587e-12	-10.0	-4.3
231.0	3.3913e-05	9.0563e-12	-10.0	-4.2
231.5	3.3147e-05	1.0918e-11	-10.0	-4.1
232.0	3.2387e-05	1.2405e-11	-10.0	-4.0
232.5	3.1624e-05	1.3262e-11	-10.0	-3.9
233.0	3.0857e-05	1.6546e-11	-10.0	-3.8
233.5	3.0099e-05	1.6354e-11	-10.0	-3.7
234.0	2.9343e-05	1.8008e-11	-10.0	-3.6
234.5	2.8593e-05	1.9201e-11	-10.0	-3.5
235.0	2.7844e-05	2.0789e-11	-10.0	-3.4
235.5	2.71e-05	2.225e-11	-10.0	-3.3
236.0	2.6356e-05	2.302e-11	-10.0	-3.2
236.5	2.5621e-05	2.3909e-11	-10.0	-3.1
237.0	2.4889e-05	2.5356e-11	-10.0	-3.0
237.5	2.4158e-05	2.6535e-11	-10.0	-2.9
238.0	2.343e-05	2.7357e-11	-10.0	-2.8
238.5	2.2713e-05	2.8795e-11	-10.0	-2.7
239.0	2.1992e-05	2.9484e-11	-10.0	-2.6
239.5	2.128e-05	3.064e-11	-10.0	-2.5
240.0	2.0577e-05	3.1689e-11	-10.0	-2.4
240.5	1.9877e-05	3.206e-11	-10.0	-2.3
241.0	1.9182e-05	3.3417e-11	-10.0	-2.2
241.5	1.849e-05	3.3913e-11	-10.0	-2.1
242.0	1.78e-05	3.4821e-11	-10.0	-2.0
242.5	1.7126e-05	3.3643e-11	-10.0	-1.9
243.0	1.6454e-05	1.8067e-10	-10.0	-1.8
243.5	1.5789e-05	3.7135e-11	-10.0	-1.7
244.0	1.5134e-05	3.7333e-11	-10.0	-1.6
244.5	1.4482e-05	3.7389e-11	-10.0	-1.5
245.0	1.3839e-05	3.935e-11	-10.0	-1.4
245.5	1.3202e-05	3.8799e-11	-10.0	-1.3
246.0	1.2577e-05	3.9029e-11	-10.0	-1.2
246.5	1.1956e-05	3.9606e-11	-10.0	-1.1
247.0	1.1347e-05	3.9792e-11	-10.0	-1.0
247.5	1.0747e-05	4.0062e-11	-10.0	-0.9
248.0	1.0158e-05	4.0647e-11	-10.0	-0.8
248.5	9.58e-06	3.9923e-11	-10.0	-0.7
249.0	9.0116e-06	4.8735e-11	-10.0	-0.6
249.5	8.455e-06	4.1016e-11	-10.0	-0.5
250.0	7.9106e-06	4.1472e-11	-10.0	-0.4
250.5	7.3763e-06	4.1614e-11	-10.0	-0.3
251.0	6.8555e-06	4.177e-11	-10.0	-0.2
251.5	6.3471e-06	4.1736e-11	-10.0	-0.1
252.0	5.8517e-06	4.2402e-11	-10.0	-3.6554e-14
252.5	5.3712e-06	4.1162e-11	-10.0	0.1
253.0	4.9045e-06	4.2815e-11	-10.0	0.2
253.5	4.4557e-06	4.1728e-11	-10.0	0.3
254.0	4.0239e-06	4.1827e-11	-10.0	0.4
254.5	3.6096e-06	4.2068e-11	-10.0	0.5
255.0	3.2125e-06	4.2027e-11	-10.0	0.6
255.5	2.8351e-06	4.209e-11	-10.0	0.7
256.0	2.4797e-06	4.2238e-11	-10.0	0.8
256.5	2.1453e-06	4.1598e-11	-10.0	0.9
257.0	1.8344e-06	4.3582e-11	-10.0	1.0
257.5	1.5482e-06	4.2831e-11	-10.0	1.1
258.0	1.2877e-06	2.3618e-10	-10.0	1.2
258.5	1.054e-06	4.5891e-11	-10.0	1.3
259.0	8.4788e-07	4.9104e-11	-10.0	1.4
259.5	6.7019e-07	7.026e-11	-10.0	1.5
260.0	5.206e-07	7.4005e-11	-10.0	1.6
260.5	3.9904e-07	8.772e-11	-10.0	1.7
261.0	3.0329e-07	1.0253e-10	-10.0	1.8
261.5	2.317e-07	1.0701e-10	-10.0	1.9
262.0	1.7992e-07	1.1252e-10	-10.0	2.0
262.5	1.4338e-07	1.1556e-10	-10.0	2.1
263.0	1.1821e-07	1.102e-10	-10.0	2.2
263.5	9.9924e-08	1.0105e-10	-10.0	2.3
264.0	8.5791e-08	1.3534e-10	-10.0	2.4
264.5	7.4327e-08	7.6541e-11	-10.0	2.5
265.0	6.46e-08	6.8854e-11	-10.0	2.6
265.5	5.6429e-08	6.1966e-11	-10.0	2.7
266.0	4.9058e-08	5.7704e-11	-10.0	2.8
266.5	4.2578e-08	5.4636e-11	-10.0	2.9
267.0	3.6877e-08	5.2238e-11	-10.0	3.0
267.5	3.1742e-08	4.9502e-11	-10.0	3.1
268.0	2.7189e-08	4.75e-11	-10.0	3.2
268.5	2.3232e-08	4.5639e-11	-10.0	3.3
269.0	1.9809e-08	4.4313e-11	-10.0	3.4
269.5	1.6884e-08	4.3327e-11	-10.0	3.5
270.0	1.4341e-08	4.2768e-11	-10.0	3.6
270.5	1.225e-08	4.2006e-11	-10.0	3.7
271.0	1.0475e-08	4.1723e-11	-10.0	3.8
271.5	8.9703e-09	4.0798e-11	-10.0	3.9
272.0	7.6915e-09	4.0209e-11	-10.0	4.0
272.5	6.5855e-09	3.9706e-11	-10.0	4.1
273.0	5.6496e-09	3.5193e-11	-10.0	4.2
273.5	4.7656e-09	1.1965e-10	-10.0	4.3
274.0	4.0078e-09	3.9303e-11	-10.0	4.4
274.5	3.3796e-09	3.9221e-11	-10.0	4.5
275.0	2.8386e-09	3.9006e-11	-10.0	4.6
275.5	2.3733e-09	3.8835e-11	-10.0	4.7
276.0	1.9729e-09	3.8544e-11	-10.0	4.8
276.5	1.6558e-09	3.7463e-11	-10.0	4.9
277.0	1.3816e-09	3.9088e-11	-10.0	5.0
277.5	1.1594e-09	3.7855e-11	-10.0	5.1
278.0	9.7241e-10	3.7986e-11	-10.0	5.2
278.5	8.0319e-10	3.8005e-11	-10.0	5.3
279.0	6.6093e-10	3.7701e-11	-10.0	5.4
279.5	5.445e-10	3.773e-11	-10.0	5.5
280.0	4.3145e-10	3.7667e-11	-10.0	5.6
280.5	3.4477e-10	3.656e-11	-10.0	5.7
281.0	2.6933e-10	3.832e-11	-10.0	5.8
281.5	2.1232e-10	3.7434e-11	-10.0	5.9
282.0	1.6969e-10	3.7287e-11	-10.0	6.0
282.5	1.3668e-10	3.7413e-11	-10.0	6.1
283.0	1.0945e-10	3.7031e-11	-10.0	6.2
283.5	8.9364e-11	3.7201e-11	-10.0	6.3
284.0	7.3891e-11	3.7039e-11	-10.0	6.4
284.5	6.1657e-11	3.6095e-11	-10.0	6.5
285.0	5.2742e-11	3.7602e-11	-10.0	6.6
285.5	4.5489e-11	3.7067e-11	-10.0	6.7
286.0	3.9991e-11	3.6722e-11	-10.0	6.8
286.5	3.6069e-11	3.6608e-11	-10.0	6.9
287.0	3.3293e-11	3.6608e-11	-10.0	7.0
287.5	3.0631e-11	3.644e-11	-10.0	7.1
288.0	2.4517e-11	3.5143e-11	-10.0	7.2
288.5	3.6595e-11	1.1392e-10	-10.0	7.3
289.0	2.7262e-11	3.6588e-11	-10.0	7.4
289.5	2.5706e-11	3.6578e-11	-10.0	7.5
290.0	2.5305e-11	3.6435e-11	-10.0	7.6
290.5	2.4753e-11	3.6379e-11	-10.0	7.7
291.0	2.4196e-11	3.6602e-11	-10.0	7.8
291.5	2.4104e-11	3.6714e-11	-10.0	7.9
292.0	2.3917e-11	3.6167e-11	-10.0	8.0
292.5	2.3938e-11	3.6123e-11	-10.0	8.1
293.0	2.4005e-11	3.6045e-11	-10.0	8.2
293.5	2.3805e-11	3.6243e-11	-10.0	8.3
294.0	2.3977e-11	3.6203e-11	-10.0	8.4
294.5	2.37e-11	3.6331e-11	-10.0	8.5
295.0	2.3919e-11	3.5865e-11	-10.0	8.6
295.5	2.383e-11	3.6428e-11	-10.0	8.7
296.0	2.3768e-11	3.6185e-11	-10.0	8.8
296.5	2.3609e-11	3.562e-11	-10.0	8.9
297.0	2.4035e-11	3.6991e-11	-10.0	9.0
297.5	2.3786e-11	3.6244e-11	-10.0	9.1
298.0	2.3714e-11	3.5942e-11	-10.0	9.2
298.5	2.3644e-11	3.6151e-11	-10.0	9.3
299.0	2.3725e-11	3.6167e-11	-10.0	9.4
299.5	2.3807e-11	3.6073e-11	-10.0	9.5
300.0	2.3798e-11	3.6094e-11	-10.0	9.6
300.5	2.3363e-11	3.5371e-11	-10.0	9.7
301.0	2.3842e-11	3.6571e-11	-10.0	9.8
301.5	2.3682e-11	3.602e-11	-10.0	9.9
302.0	2.0401e-11	2.9527e-11	-10.0	10.0
302.5	2.7586e-11	4.8548e-11	-10.0	10.1
303.0	2.0398e-11	3.5608e-11	-10.0	10.2
303.5	3.2507e-11	1.1118e-10	-10.0	10.3
304.0	2.4489e-11	3.5734e-11	-10.0	10.4
304.5	2.355e-11	3.5384e-11	-10.0	10.5
305.0	2.3683e-11	3.6708e-11	-10.0	10.6
305.5	2.3745e-11	3.6128e-11	-10.0	10.7
306.0	2.3513e-11	3.621e-11	-10.0	10.8
306.5	2.3607e-11	3.57e-11	-10.0	10.9
307.0	2.3646e-11	3.5808e-11	-10.0	11.0
307.5	2.3457e-11	3.585e-11	-10.0	11.1
308.0	2.3564e-11	3.5979e-11	-10.0	11.2
308.5	2.3282e-11	3.5234e-11	-10.0	11.3
309.0	2.3866e-11	3.6397e-11	-10.0	11.4
309.5	2.3661e-11	3.5936e-11	-10.0	11.5
310.0	2.3449e-11	3.6042e-11	-10.0	11.6
310.5	2.369e-11	3.61e-11	-10.0	11.7
311.0	2.3489e-11	3.6199e-11	-10.0	11.8
311.5	2.3632e-11	3.5871e-11	-10.0	11.9
312.0	2.3571e-11	3.6076e-11	-10.0	12.0
312.5	2.3309e-11	3.5695e-11	-10.0	12.1
313.0	2.3837e-11	3.6798e-11	-10.0	12.2
313.5	2.349e-11	3.5931e-11	-10.0	12.3
314.0	2.3667e-11	3.5934e-11	-10.0	12.4
314.5	2.3663e-11	3.6044e-11	-10.0	12.5
315.0	2.3606e-11	3.6089e-11	-10.0	12.6
315.5	2.3495e-11	3.5863e-11	-10.0	12.7
316.0	2.3485e-11	3.5808e-11	-10.0	12.8
316.5	2.3401e-11	3.5319e-11	-10.0	12.9
317.0	2.3781e-11	3.6669e-11	-10.0	13.0
317.5	2.3595e-11	3.583e-11	-10.0	13.1
318.0	2.3453e-11	3.5865e-11	-10.0	13.2
318.5	1.7542e-11	3.095e-11	-10.0	13.3
319.0	3.2387e-11	1.1544e-10	-10.0	13.4
319.5	2.4533e-11	3.5765e-11	-10.0	13.5
320.0	2.3681e-11	3.6471e-11	-10.0	13.6
320.5	2.3617e-11	3.5988e-11	-10.0	13.7
321.0	2.3683e-11	3.6037e-11	-10.0	13.8
321.5	2.3372e-11	3.5729e-11	-10.0	13.9
322.0	2.3295e-11	3.5791e-11	-10.0	14.0
322.5	2.3485e-11	3.5833e-11	-10.0	14.1
323.0	2.357e-11	3.5942e-11	-10.0	14.2
323.5	2.345e-11	3.6026e-11	-10.0	14.3
324.0	2.3383e-11	3.5799e-11	-10.0	14.4
324.5	2.3512e-11	3.59e-11	-10.0	14.5
325.0	2.3431e-11	3.5597e-11	-10.0	14.6
325.5	2.3408e-11	3.5952e-11	-10.0	14.7
326.0	2.3415e-11	3.5963e-11	-10.0	14.8
326.5	2.3689e-11	3.5878e-11	-10.0	14.9
327.0	2.3567e-11	3.5605e-11	-10.0	15.0
327.5	2.3371e-11	3.5884e-11	-10.0	15.1
328.0	2.3487e-11	3.6122e-11	-10.0	15.2
328.5	2.355e-11	3.5722e-11	-10.0	15.3
329.0	2.3354e-11	3.5663e-11	-10.0	15.4
329.5	2.3277e-11	3.5777e-11	-10.0	15.5
330.0	2.3297e-11	3.5728e-11	-10.0	15.6
330.5	2.3646e-11	3.5803e-11	-10.0	15.7
331.0	2.3385e-11	3.5646e-11	-10.0	15.8
331.5	2.3457e-11	3.583e-11	-10.0	15.9
332.0	2.3429e-11	3.5855e-11	-10.0	16.0
332.5	2.3139e-11	3.4716e-11	-10.0	16.1
333.0	2.3847e-11	3.6511e-11	-10.0	16.2
333.5	1.8703e-11	3.4114e-11	-10.0	16.3
334.0	3.2223e-11	1.1387e-10	-10.0	16.4
334.5	2.4192e-11	3.5406e-11	-10.0	16.5
335.0	2.3557e-11	3.554e-11	-10.0	16.6
335.5	2.3394e-11	3.5496e-11	-10.0	16.7
336.0	2.3345e-11	3.561e-11	-10.0	16.8
336.5	2.3259e-11	3.5621e-11	-10.0	16.9
337.0	2.3422e-11	3.5626e-11	-10.0	17.0
337.5	2.3433e-11	3.5647e-11	-10.0	17.1
338.0	2.3473e-11	3.5619e-11	-10.0	17.2
338.5	2.3332e-11	3.5456e-11	-10.0	17.3
339.0	2.3266e-11	3.549e-11	-10.0	17.4
339.5	2.3457e-11	3.5441e-11	-10.0	17.5
340.0	2.3538e-11	3.5576e-11	-10.0	17.6
340.5	2.3154e-11	3.4874e-11	-10.0	17.7
341.0	2.3838e-11	3.6342e-11	-10.0	17.8
341.5	2.3259e-11	3.5452e-11	-10.0	17.9
342.0	2.355e-11	3.5653e-11	-10.0	18.0
342.5	2.3484e-11	3.564e-11	-10.0	18.1
343.0	2.3533e-11	3.5607e-11	-10.0	18.2
343.5	2.3507e-11	3.5466e-11	-10.0	18.3
344.0	2.3347e-11	3.5393e-11	-10.0	18.4
344.5	2.3564e-11	3.5467e-11	-10.0	18.5
345.0	2.3567e-11	3.5167e-11	-10.0	18.6
345.5	2.3693e-11	3.5148e-11	-10.0	18.7
346.0	2.3329e-11	3.5473e-11	-10.0	18.8
346.5	2.3449e-11	3.5435e-11	-10.0	18.9
347.0	2.3361e-11	3.5319e-11	-10.0	19.0
347.5	2.3521e-11	3.5193e-11	-10.0	19.1
348.0	2.3372e-11	3.5462e-11	-10.0	19.2
348.5	1.9714e-11	3.4922e-11	-10.0	19.3
349.0	3.2074e-11	1.1005e-10	-10.0	19.4
349.5	2.3949e-11	3.5514e-11	-10.0	19.5
350.0	2.3706e-11	3.5315e-11	-10.0	19.6
350.5	2.3618e-11	3.531e-11	-10.0	19.7
351.0	2.3333e-11	3.5361e-11	-10.0	19.8
351.5	2.3477e-11	3.5304e-11	-10.0	19.9
352.0	2.3593e-11	3.5374e-11	-10.0	20.0
352.5	6.8188e-12	1.581e-11	-10.0	20.0
