Time (s)	|IDrain (A)|	|IGate (A)	Vdrain(V)	Vgate(V)
0.0	2.1822e-05	2.5571e-10	-10.0	-2.5
1.0	2.1828e-05	6.3694e-12	-10.0	-2.5
1.5	2.1828e-05	2.4927e-12	-10.0	-2.5
2.0	2.1829e-05	5.9366e-12	-10.0	-2.5
2.5	2.1832e-05	7.8654e-12	-10.0	-2.5
3.0	2.1837e-05	9.5904e-12	-10.0	-2.5
3.503	2.1839e-05	9.4473e-12	-10.0	-2.5
4.0	2.1845e-05	1.0487e-11	-10.0	-2.5
4.5	2.1843e-05	1.0953e-11	-10.0	-2.5
5.0	2.1846e-05	1.1022e-11	-10.0	-2.5
5.5	2.1847e-05	1.0743e-11	-10.0	-2.5
6.0	2.1846e-05	1.0855e-11	-10.0	-2.5
6.5	2.1847e-05	1.1472e-11	-10.0	-2.5
7.0	2.1846e-05	1.1425e-11	-10.0	-2.5
7.503	2.1848e-05	1.1332e-11	-10.0	-2.5
8.0	2.1853e-05	1.1153e-11	-10.0	-2.5
8.5	2.1855e-05	1.1312e-11	-10.0	-2.5
9.0	2.1856e-05	1.1419e-11	-10.0	-2.5
9.5	2.1856e-05	1.1976e-11	-10.0	-2.5
10.0	2.186e-05	1.1256e-11	-10.0	-2.5
10.5	2.1858e-05	1.1172e-11	-10.0	-2.5
11.0	2.1859e-05	1.1764e-11	-10.0	-2.5
11.5	2.1866e-05	1.1271e-11	-10.0	-2.5
12.0	2.1869e-05	1.1243e-11	-10.0	-2.5
12.5	2.1871e-05	1.1272e-11	-10.0	-2.5
13.0	2.1874e-05	1.1146e-11	-10.0	-2.5
13.5	2.1875e-05	1.1308e-11	-10.0	-2.5
14.0	2.1879e-05	1.161e-11	-10.0	-2.5
14.5	2.188e-05	1.1326e-11	-10.0	-2.5
15.0	2.1878e-05	1.1126e-11	-10.0	-2.5
15.503	2.188e-05	1.111e-11	-10.0	-2.5
16.0	2.1883e-05	1.1219e-11	-10.0	-2.5
16.5	2.1883e-05	1.1123e-11	-10.0	-2.5
17.0	2.1887e-05	1.1017e-11	-10.0	-2.5
17.5	2.1889e-05	1.1042e-11	-10.0	-2.5
18.0	2.1891e-05	1.0905e-11	-10.0	-2.5
18.5	2.1892e-05	1.1103e-11	-10.0	-2.5
19.0	2.1895e-05	1.0948e-11	-10.0	-2.5
19.5	2.19e-05	1.0989e-11	-10.0	-2.5
20.0	2.1901e-05	1.1537e-11	-10.0	-2.5
20.5	2.1902e-05	1.1241e-11	-10.0	-2.5
21.0	2.1907e-05	1.1134e-11	-10.0	-2.5
21.5	2.1905e-05	1.0818e-11	-10.0	-2.5
22.0	2.1906e-05	1.0842e-11	-10.0	-2.5
22.5	2.1907e-05	1.066e-11	-10.0	-2.5
23.0	2.1909e-05	1.0821e-11	-10.0	-2.5
23.5	2.1909e-05	1.1177e-11	-10.0	-2.5
24.0	2.1913e-05	1.0988e-11	-10.0	-2.5
24.5	2.1913e-05	1.0188e-11	-10.0	-2.5
25.0	2.1913e-05	1.0613e-11	-10.0	-2.5
25.5	2.1913e-05	1.0952e-11	-10.0	-2.5
26.0	2.1916e-05	1.0887e-11	-10.0	-2.5
26.5	2.1921e-05	1.0743e-11	-10.0	-2.5
27.0	2.1924e-05	1.094e-11	-10.0	-2.5
27.503	2.1925e-05	1.0725e-11	-10.0	-2.5
28.0	2.1927e-05	1.0605e-11	-10.0	-2.5
28.5	2.1929e-05	1.0751e-11	-10.0	-2.5
29.0	2.193e-05	1.0896e-11	-10.0	-2.5
29.5	2.193e-05	1.1209e-11	-10.0	-2.5
30.0	2.1933e-05	1.07e-11	-10.0	-2.5
30.5	2.1935e-05	1.1294e-11	-10.0	-2.5
31.0	2.1935e-05	1.073e-11	-10.0	-2.5
31.503	2.1935e-05	1.0727e-11	-10.0	-2.5
32.0	2.1937e-05	1.0859e-11	-10.0	-2.5
32.5	2.1942e-05	1.0458e-11	-10.0	-2.5
33.0	2.1942e-05	1.0883e-11	-10.0	-2.5
33.5	2.1946e-05	1.1092e-11	-10.0	-2.5
34.0	2.1948e-05	1.1172e-11	-10.0	-2.5
34.5	2.1949e-05	1.1268e-11	-10.0	-2.5
35.0	2.195e-05	1.0835e-11	-10.0	-2.5
35.503	2.1954e-05	1.1092e-11	-10.0	-2.5
36.0	2.1956e-05	1.0873e-11	-10.0	-2.5
36.5	2.196e-05	1.0031e-11	-10.0	-2.5
37.0	2.1961e-05	1.0955e-11	-10.0	-2.5
37.5	2.1962e-05	1.0909e-11	-10.0	-2.5
38.0	2.1964e-05	1.0799e-11	-10.0	-2.5
38.5	2.1966e-05	1.0916e-11	-10.0	-2.5
39.0	2.1966e-05	1.0456e-11	-10.0	-2.5
39.503	2.1967e-05	1.0873e-11	-10.0	-2.5
40.0	2.1966e-05	1.1022e-11	-10.0	-2.5
40.5	2.1966e-05	1.0614e-11	-10.0	-2.5
41.0	2.197e-05	1.076e-11	-10.0	-2.5
41.5	2.1972e-05	1.0751e-11	-10.0	-2.5
42.0	2.1973e-05	1.1056e-11	-10.0	-2.5
42.5	2.1975e-05	1.0794e-11	-10.0	-2.5
43.0	2.1977e-05	1.0494e-11	-10.0	-2.5
43.503	2.1978e-05	1.009e-11	-10.0	-2.5
44.0	2.1982e-05	1.0648e-11	-10.0	-2.5
44.5	2.1982e-05	1.094e-11	-10.0	-2.5
45.0	2.1984e-05	1.0831e-11	-10.0	-2.5
45.5	2.1984e-05	1.0697e-11	-10.0	-2.5
46.0	2.1987e-05	1.0694e-11	-10.0	-2.5
46.5	2.1984e-05	9.9731e-12	-10.0	-2.5
47.0	2.1989e-05	1.0312e-11	-10.0	-2.5
47.5	2.199e-05	1.0805e-11	-10.0	-2.5
48.0	2.1991e-05	1.0577e-11	-10.0	-2.5
48.5	2.1993e-05	1.0569e-11	-10.0	-2.5
49.0	2.1993e-05	1.0841e-11	-10.0	-2.5
49.5	2.1996e-05	1.0697e-11	-10.0	-2.5
50.0	2.1998e-05	1.0381e-11	-10.0	-2.5
50.5	2.2001e-05	1.0575e-11	-10.0	-2.5
51.0	2.2004e-05	1.0551e-11	-10.0	-2.5
51.503	2.2003e-05	1.1039e-11	-10.0	-2.5
52.0	2.2006e-05	1.0844e-11	-10.0	-2.5
52.5	2.2009e-05	1.0721e-11	-10.0	-2.5
53.0	2.2007e-05	1.0248e-11	-10.0	-2.5
53.5	2.2013e-05	1.1164e-11	-10.0	-2.5
54.0	2.2012e-05	1.0661e-11	-10.0	-2.5
54.5	2.2012e-05	1.0755e-11	-10.0	-2.5
55.0	2.2011e-05	1.0687e-11	-10.0	-2.5
55.503	2.2016e-05	1.0576e-11	-10.0	-2.5
56.0	2.2014e-05	1.1171e-11	-10.0	-2.5
56.5	2.2015e-05	1.1082e-11	-10.0	-2.5
57.0	2.2016e-05	1.1035e-11	-10.0	-2.5
57.5	2.202e-05	1.107e-11	-10.0	-2.5
58.0	2.2021e-05	1.0869e-11	-10.0	-2.5
58.5	2.2021e-05	1.0594e-11	-10.0	-2.5
59.0	2.2024e-05	1.0545e-11	-10.0	-2.5
59.502	2.2023e-05	1.0512e-11	-10.0	-2.5
60.0	2.2026e-05	1.0823e-11	-10.0	-2.5
60.5	2.2029e-05	1.1306e-11	-10.0	-2.5
61.0	2.2029e-05	1.0775e-11	-10.0	-2.5
61.5	2.203e-05	1.033e-11	-10.0	-2.5
62.0	2.2032e-05	1.0986e-11	-10.0	-2.5
62.5	2.2035e-05	1.043e-11	-10.0	-2.5
63.0	2.2036e-05	1.0835e-11	-10.0	-2.5
63.503	2.204e-05	1.0479e-11	-10.0	-2.5
64.0	2.2041e-05	1.0585e-11	-10.0	-2.5
64.5	2.2041e-05	1.0912e-11	-10.0	-2.5
65.0	2.2045e-05	1.0852e-11	-10.0	-2.5
65.5	2.2047e-05	1.0499e-11	-10.0	-2.5
66.0	2.2053e-05	1.0539e-11	-10.0	-2.5
66.5	2.2051e-05	1.0755e-11	-10.0	-2.5
67.0	2.2054e-05	1.0608e-11	-10.0	-2.5
67.503	2.2054e-05	1.0288e-11	-10.0	-2.5
68.0	2.2054e-05	1.1054e-11	-10.0	-2.5
68.5	2.2055e-05	1.0618e-11	-10.0	-2.5
69.0	2.2053e-05	1.0531e-11	-10.0	-2.5
69.5	2.2058e-05	1.1128e-11	-10.0	-2.5
70.0	2.206e-05	1.0479e-11	-10.0	-2.5
70.5	2.206e-05	1.093e-11	-10.0	-2.5
71.0	2.2063e-05	1.0704e-11	-10.0	-2.5
71.503	2.2066e-05	1.0378e-11	-10.0	-2.5
72.0	2.2068e-05	1.0833e-11	-10.0	-2.5
72.5	2.207e-05	1.0605e-11	-10.0	-2.5
73.0	2.2071e-05	1.119e-11	-10.0	-2.5
73.5	2.2074e-05	1.1102e-11	-10.0	-2.5
74.0	2.2077e-05	1.0587e-11	-10.0	-2.5
74.5	2.2076e-05	1.0904e-11	-10.0	-2.5
75.0	2.208e-05	1.081e-11	-10.0	-2.5
75.5	2.2086e-05	1.0582e-11	-10.0	-2.5
76.0	2.2085e-05	1.1226e-11	-10.0	-2.5
76.5	2.2085e-05	1.0802e-11	-10.0	-2.5
77.0	2.2082e-05	1.0415e-11	-10.0	-2.5
77.5	2.2088e-05	1.0488e-11	-10.0	-2.5
78.0	2.2087e-05	1.0586e-11	-10.0	-2.5
78.5	2.2085e-05	1.0784e-11	-10.0	-2.5
79.0	2.2089e-05	1.0526e-11	-10.0	-2.5
79.503	2.2093e-05	1.0666e-11	-10.0	-2.5
80.0	2.2092e-05	1.1452e-11	-10.0	-2.5
80.5	2.2096e-05	1.0942e-11	-10.0	-2.5
81.0	2.2099e-05	1.0979e-11	-10.0	-2.5
81.5	2.2099e-05	1.0122e-11	-10.0	-2.5
82.0	2.2104e-05	1.1201e-11	-10.0	-2.5
82.5	2.2101e-05	1.0639e-11	-10.0	-2.5
83.0	2.21e-05	1.0621e-11	-10.0	-2.5
83.503	2.2099e-05	1.0736e-11	-10.0	-2.5
84.0	2.21e-05	1.0657e-11	-10.0	-2.5
84.5	2.2102e-05	1.0767e-11	-10.0	-2.5
85.0	2.2105e-05	1.0918e-11	-10.0	-2.5
85.5	2.2106e-05	1.0682e-11	-10.0	-2.5
86.0	2.2107e-05	1.0219e-11	-10.0	-2.5
86.5	2.2109e-05	1.0984e-11	-10.0	-2.5
87.0	2.2113e-05	1.1046e-11	-10.0	-2.5
87.503	2.2112e-05	1.044e-11	-10.0	-2.5
88.0	2.2114e-05	1.1206e-11	-10.0	-2.5
88.5	2.2113e-05	1.0949e-11	-10.0	-2.5
89.0	2.2116e-05	1.0861e-11	-10.0	-2.5
89.5	2.2116e-05	1.0459e-11	-10.0	-2.5
90.0	2.212e-05	1.0746e-11	-10.0	-2.5
90.5	2.2122e-05	1.0934e-11	-10.0	-2.5
91.0	2.2123e-05	1.0531e-11	-10.0	-2.5
91.503	2.2122e-05	1.0876e-11	-10.0	-2.5
92.0	2.2125e-05	1.0751e-11	-10.0	-2.5
92.5	2.2125e-05	1.0253e-11	-10.0	-2.5
93.0	2.2126e-05	1.0326e-11	-10.0	-2.5
93.5	2.2126e-05	1.1128e-11	-10.0	-2.5
94.0	2.2129e-05	1.0911e-11	-10.0	-2.5
94.5	2.2131e-05	1.0608e-11	-10.0	-2.5
95.0	2.2131e-05	1.0583e-11	-10.0	-2.5
95.503	2.2134e-05	1.0518e-11	-10.0	-2.5
96.0	2.2136e-05	1.1141e-11	-10.0	-2.5
96.5	2.2134e-05	1.1357e-11	-10.0	-2.5
97.0	2.2136e-05	1.027e-11	-10.0	-2.5
97.5	2.2135e-05	1.0893e-11	-10.0	-2.5
98.0	2.2138e-05	1.0581e-11	-10.0	-2.5
98.5	2.2139e-05	1.0935e-11	-10.0	-2.5
99.0	2.2139e-05	1.0148e-11	-10.0	-2.5
99.503	2.2141e-05	1.065e-11	-10.0	-2.5
100.0	2.2143e-05	1.0502e-11	-10.0	-2.5
100.5	2.2143e-05	1.0417e-11	-10.0	-2.5
101.0	2.2144e-05	1.0238e-11	-10.0	-2.5
101.5	2.2144e-05	1.05e-11	-10.0	-2.5
102.0	2.2148e-05	1.109e-11	-10.0	-2.5
102.5	2.2148e-05	1.0461e-11	-10.0	-2.5
103.0	2.2146e-05	1.0576e-11	-10.0	-2.5
103.5	2.215e-05	1.0881e-11	-10.0	-2.5
104.0	2.2152e-05	1.0613e-11	-10.0	-2.5
104.5	2.2153e-05	1.0209e-11	-10.0	-2.5
105.0	2.2154e-05	1.0476e-11	-10.0	-2.5
105.5	2.2155e-05	1.0568e-11	-10.0	-2.5
106.0	2.2156e-05	1.0501e-11	-10.0	-2.5
106.5	2.2157e-05	1.0476e-11	-10.0	-2.5
107.0	2.2161e-05	9.9111e-12	-10.0	-2.5
107.5	2.2161e-05	1.0814e-11	-10.0	-2.5
108.0	2.2162e-05	1.033e-11	-10.0	-2.5
108.5	2.216e-05	1.0814e-11	-10.0	-2.5
109.0	2.2161e-05	1.0143e-11	-10.0	-2.5
109.5	2.2162e-05	1.0586e-11	-10.0	-2.5
110.0	2.2167e-05	1.0889e-11	-10.0	-2.5
110.5	2.2167e-05	1.0112e-11	-10.0	-2.5
111.0	2.2164e-05	1.1351e-11	-10.0	-2.5
111.5	2.2165e-05	1.084e-11	-10.0	-2.5
112.0	2.2167e-05	1.0157e-11	-10.0	-2.5
112.5	2.2169e-05	1.0732e-11	-10.0	-2.5
113.0	2.2169e-05	1.057e-11	-10.0	-2.5
113.5	2.2174e-05	1.1053e-11	-10.0	-2.5
114.0	2.2174e-05	1.0775e-11	-10.0	-2.5
114.5	2.2176e-05	1.0643e-11	-10.0	-2.5
115.0	2.2178e-05	1.0506e-11	-10.0	-2.5
115.5	2.2181e-05	1.1104e-11	-10.0	-2.5
116.0	2.2181e-05	1.0812e-11	-10.0	-2.5
116.5	2.2181e-05	1.101e-11	-10.0	-2.5
117.0	2.2183e-05	1.0945e-11	-10.0	-2.5
117.5	2.2182e-05	1.0776e-11	-10.0	-2.5
118.0	2.2184e-05	1.0978e-11	-10.0	-2.5
118.5	2.2184e-05	1.1183e-11	-10.0	-2.5
119.0	2.2188e-05	1.0978e-11	-10.0	-2.5
119.5	2.2187e-05	1.065e-11	-10.0	-2.5
120.0	2.2192e-05	1.923e-11	-10.0	-2.5
120.5	2.2196e-05	1.8058e-10	-10.0	-2.5
121.0	2.2211e-05	1.7812e-10	-10.0	-2.5
121.5	2.2223e-05	1.7127e-10	-10.0	-2.5
122.0	2.2237e-05	1.6464e-10	-10.0	-2.5
122.5	2.225e-05	1.5866e-10	-10.0	-2.5
123.0	2.2262e-05	1.5396e-10	-10.0	-2.5
123.5	2.2272e-05	1.5025e-10	-10.0	-2.5
124.0	2.2284e-05	1.4713e-10	-10.0	-2.5
124.5	2.2299e-05	1.4516e-10	-10.0	-2.5
125.0	2.2311e-05	1.4253e-10	-10.0	-2.5
125.5	2.2322e-05	1.4127e-10	-10.0	-2.5
126.0	2.2331e-05	1.3965e-10	-10.0	-2.5
126.5	2.234e-05	1.3846e-10	-10.0	-2.5
127.0	2.2352e-05	1.3737e-10	-10.0	-2.5
127.5	2.2361e-05	1.3684e-10	-10.0	-2.5
128.0	2.2374e-05	1.3555e-10	-10.0	-2.5
128.5	2.2381e-05	1.3392e-10	-10.0	-2.5
129.0	2.2388e-05	1.3374e-10	-10.0	-2.5
129.5	2.2397e-05	1.3298e-10	-10.0	-2.5
130.0	2.2406e-05	1.3233e-10	-10.0	-2.5
130.5	2.2415e-05	1.3123e-10	-10.0	-2.5
131.0	2.2426e-05	1.3141e-10	-10.0	-2.5
131.5	2.2436e-05	1.3092e-10	-10.0	-2.5
132.0	2.244e-05	1.297e-10	-10.0	-2.5
132.5	2.2448e-05	1.2944e-10	-10.0	-2.5
133.0	2.2458e-05	1.2843e-10	-10.0	-2.5
133.5	2.2465e-05	1.2816e-10	-10.0	-2.5
134.0	2.2477e-05	1.2801e-10	-10.0	-2.5
134.5	2.2482e-05	1.2771e-10	-10.0	-2.5
135.0	2.2486e-05	1.2672e-10	-10.0	-2.5
135.5	2.2493e-05	1.2579e-10	-10.0	-2.5
136.0	2.2498e-05	1.2623e-10	-10.0	-2.5
136.5	2.2501e-05	1.2514e-10	-10.0	-2.5
137.0	2.2506e-05	1.2547e-10	-10.0	-2.5
137.5	2.2512e-05	1.2476e-10	-10.0	-2.5
138.0	2.2518e-05	1.2441e-10	-10.0	-2.5
138.5	2.2523e-05	1.2445e-10	-10.0	-2.5
139.0	2.2532e-05	1.2399e-10	-10.0	-2.5
139.5	2.2536e-05	1.2355e-10	-10.0	-2.5
140.0	2.2543e-05	1.2325e-10	-10.0	-2.5
140.5	2.2552e-05	1.2269e-10	-10.0	-2.5
141.0	2.2557e-05	1.2222e-10	-10.0	-2.5
141.5	2.2557e-05	1.2231e-10	-10.0	-2.5
142.0	2.2562e-05	1.2192e-10	-10.0	-2.5
142.5	2.2565e-05	1.2171e-10	-10.0	-2.5
143.0	2.2571e-05	1.2133e-10	-10.0	-2.5
143.5	2.2572e-05	1.2131e-10	-10.0	-2.5
144.0	2.2579e-05	1.209e-10	-10.0	-2.5
144.5	2.2581e-05	1.2041e-10	-10.0	-2.5
145.0	2.2583e-05	1.2024e-10	-10.0	-2.5
145.5	2.2584e-05	1.207e-10	-10.0	-2.5
146.0	2.259e-05	1.2035e-10	-10.0	-2.5
146.5	2.2595e-05	1.1939e-10	-10.0	-2.5
147.0	2.2602e-05	1.2002e-10	-10.0	-2.5
147.5	2.2604e-05	1.1947e-10	-10.0	-2.5
148.0	2.2605e-05	1.1902e-10	-10.0	-2.5
148.5	2.2607e-05	1.1896e-10	-10.0	-2.5
149.0	2.2613e-05	1.1861e-10	-10.0	-2.5
149.5	2.2612e-05	1.185e-10	-10.0	-2.5
150.0	2.2616e-05	1.1816e-10	-10.0	-2.5
150.5	2.2617e-05	1.1776e-10	-10.0	-2.5
151.0	2.2618e-05	1.1802e-10	-10.0	-2.5
151.5	2.262e-05	1.1773e-10	-10.0	-2.5
152.0	2.2617e-05	1.1751e-10	-10.0	-2.5
152.5	2.2621e-05	1.1711e-10	-10.0	-2.5
153.0	2.2623e-05	1.169e-10	-10.0	-2.5
153.5	2.2629e-05	1.1762e-10	-10.0	-2.5
154.0	2.263e-05	1.1711e-10	-10.0	-2.5
154.5	2.2634e-05	1.17e-10	-10.0	-2.5
155.0	2.2632e-05	1.1634e-10	-10.0	-2.5
155.5	2.2633e-05	1.1638e-10	-10.0	-2.5
156.0	2.2637e-05	1.1576e-10	-10.0	-2.5
156.5	2.2636e-05	1.1601e-10	-10.0	-2.5
157.0	2.2638e-05	1.1609e-10	-10.0	-2.5
157.5	2.2636e-05	1.1592e-10	-10.0	-2.5
158.0	2.2635e-05	1.1536e-10	-10.0	-2.5
158.5	2.2637e-05	1.1541e-10	-10.0	-2.5
159.0	2.2638e-05	1.1524e-10	-10.0	-2.5
159.5	2.2641e-05	1.1525e-10	-10.0	-2.5
160.0	2.2641e-05	1.1516e-10	-10.0	-2.5
160.5	2.2643e-05	1.148e-10	-10.0	-2.5
161.0	2.2643e-05	1.1488e-10	-10.0	-2.5
161.5	2.2644e-05	1.1477e-10	-10.0	-2.5
162.0	2.2647e-05	1.138e-10	-10.0	-2.5
162.5	2.2647e-05	1.1429e-10	-10.0	-2.5
163.0	2.2649e-05	1.1448e-10	-10.0	-2.5
163.5	2.265e-05	1.1444e-10	-10.0	-2.5
164.0	2.2647e-05	1.1391e-10	-10.0	-2.5
164.5	2.2647e-05	1.1348e-10	-10.0	-2.5
165.0	2.2648e-05	1.1358e-10	-10.0	-2.5
165.5	2.265e-05	1.1346e-10	-10.0	-2.5
166.0	2.2653e-05	1.1399e-10	-10.0	-2.5
166.5	2.265e-05	1.135e-10	-10.0	-2.5
167.0	2.265e-05	1.1299e-10	-10.0	-2.5
167.5	2.2646e-05	1.1287e-10	-10.0	-2.5
168.0	2.2646e-05	1.1291e-10	-10.0	-2.5
168.5	2.2646e-05	1.1248e-10	-10.0	-2.5
169.0	2.2646e-05	1.1313e-10	-10.0	-2.5
169.5	2.2644e-05	1.1247e-10	-10.0	-2.5
170.0	2.2646e-05	1.1246e-10	-10.0	-2.5
170.5	2.2646e-05	1.1205e-10	-10.0	-2.5
171.0	2.2645e-05	1.1235e-10	-10.0	-2.5
171.5	2.2646e-05	1.1227e-10	-10.0	-2.5
172.0	2.2644e-05	1.12e-10	-10.0	-2.5
172.5	2.2641e-05	1.1179e-10	-10.0	-2.5
173.0	2.264e-05	1.1206e-10	-10.0	-2.5
173.5	2.2645e-05	1.1194e-10	-10.0	-2.5
174.0	2.2643e-05	1.1193e-10	-10.0	-2.5
174.5	2.2645e-05	1.1199e-10	-10.0	-2.5
175.0	2.2645e-05	1.113e-10	-10.0	-2.5
175.5	2.2644e-05	1.1172e-10	-10.0	-2.5
176.0	2.2646e-05	1.1187e-10	-10.0	-2.5
176.5	2.2645e-05	1.1103e-10	-10.0	-2.5
177.0	2.2643e-05	1.1121e-10	-10.0	-2.5
177.5	2.264e-05	1.1129e-10	-10.0	-2.5
178.0	2.2636e-05	1.113e-10	-10.0	-2.5
178.5	2.264e-05	1.105e-10	-10.0	-2.5
179.0	2.2637e-05	1.1118e-10	-10.0	-2.5
179.5	2.2637e-05	1.1104e-10	-10.0	-2.5
180.0	2.2635e-05	1.0999e-10	-10.0	-2.5
180.5	2.2635e-05	9.762e-12	-10.0	-2.5
181.0	2.2639e-05	1.5974e-12	-10.0	-2.5
181.5	2.2634e-05	2.4605e-12	-10.0	-2.5
182.0	2.2632e-05	1.2672e-12	-10.0	-2.5
182.5	2.2626e-05	1.6677e-12	-10.0	-2.5
183.0	2.2623e-05	9.1076e-13	-10.0	-2.5
183.5	2.2619e-05	1.3256e-12	-10.0	-2.5
184.0	2.2621e-05	3.8385e-13	-10.0	-2.5
184.5	2.2614e-05	3.5524e-13	-10.0	-2.5
185.0	2.2613e-05	3.8505e-13	-10.0	-2.5
185.5	2.2612e-05	3.8981e-13	-10.0	-2.5
186.0	2.2611e-05	7.6294e-13	-10.0	-2.5
186.5	2.2608e-05	3.624e-13	-10.0	-2.5
187.0	2.2606e-05	4.8161e-13	-10.0	-2.5
187.5	2.2603e-05	7.4148e-13	-10.0	-2.5
188.0	2.2599e-05	1.3804e-12	-10.0	-2.5
188.5	2.2601e-05	8.2016e-13	-10.0	-2.5
189.0	2.2601e-05	1.1146e-12	-10.0	-2.5
189.5	2.2599e-05	7.3791e-13	-10.0	-2.5
190.0	2.2595e-05	1.5009e-12	-10.0	-2.5
190.5	2.2592e-05	1.0586e-12	-10.0	-2.5
191.0	2.259e-05	1.0145e-12	-10.0	-2.5
191.5	2.2589e-05	1.3864e-12	-10.0	-2.5
192.0	2.259e-05	1.3125e-12	-10.0	-2.5
192.5	2.2582e-05	1.7595e-12	-10.0	-2.5
193.0	2.258e-05	1.7083e-12	-10.0	-2.5
193.5	2.2583e-05	1.7369e-12	-10.0	-2.5
194.0	2.2582e-05	1.9836e-12	-10.0	-2.5
194.5	2.2579e-05	1.4782e-12	-10.0	-2.5
195.0	2.2579e-05	1.8561e-12	-10.0	-2.5
195.5	2.2576e-05	2.0146e-12	-10.0	-2.5
196.0	2.2574e-05	1.9658e-12	-10.0	-2.5
196.5	2.2574e-05	2.2292e-12	-10.0	-2.5
197.0	2.2573e-05	2.5046e-12	-10.0	-2.5
197.5	2.2569e-05	2.4402e-12	-10.0	-2.5
198.0	2.2566e-05	2.0969e-12	-10.0	-2.5
198.5	2.2563e-05	2.9695e-12	-10.0	-2.5
199.0	2.2564e-05	1.8346e-12	-10.0	-2.5
199.5	2.2565e-05	1.7595e-12	-10.0	-2.5
200.0	2.2563e-05	2.4569e-12	-10.0	-2.5
200.5	2.2564e-05	2.2805e-12	-10.0	-2.5
201.0	2.2559e-05	2.8539e-12	-10.0	-2.5
201.5	2.2559e-05	2.3889e-12	-10.0	-2.5
202.0	2.256e-05	2.0516e-12	-10.0	-2.5
202.5	2.2556e-05	2.991e-12	-10.0	-2.5
203.0	2.2561e-05	2.3901e-12	-10.0	-2.5
203.5	2.2556e-05	2.5308e-12	-10.0	-2.5
204.0	2.2551e-05	2.0719e-12	-10.0	-2.5
204.5	2.2554e-05	2.4903e-12	-10.0	-2.5
205.0	2.2552e-05	2.5916e-12	-10.0	-2.5
205.5	2.2553e-05	2.9933e-12	-10.0	-2.5
206.0	2.2553e-05	2.6107e-12	-10.0	-2.5
206.5	2.2549e-05	2.5725e-12	-10.0	-2.5
207.0	2.2544e-05	2.5642e-12	-10.0	-2.5
207.5	2.2541e-05	2.6488e-12	-10.0	-2.5
208.0	2.2544e-05	3.2175e-12	-10.0	-2.5
208.5	2.2539e-05	3.0589e-12	-10.0	-2.5
209.0	2.2541e-05	3.0565e-12	-10.0	-2.5
209.5	2.2541e-05	2.9194e-12	-10.0	-2.5
210.0	2.2536e-05	2.7633e-12	-10.0	-2.5
210.5	2.2539e-05	3.0887e-12	-10.0	-2.5
211.0	2.254e-05	3.0577e-12	-10.0	-2.5
211.5	2.2539e-05	3.2425e-12	-10.0	-2.5
212.0	2.2542e-05	2.5427e-12	-10.0	-2.5
212.5	2.2545e-05	2.358e-12	-10.0	-2.5
213.0	2.2545e-05	2.9278e-12	-10.0	-2.5
213.5	2.2546e-05	3.4118e-12	-10.0	-2.5
214.0	2.2542e-05	3.2401e-12	-10.0	-2.5
214.5	2.2541e-05	3.5584e-12	-10.0	-2.5
215.0	2.254e-05	3.6585e-12	-10.0	-2.5
215.5	2.2541e-05	3.3045e-12	-10.0	-2.5
216.0	2.2543e-05	2.9755e-12	-10.0	-2.5
216.5	2.2542e-05	3.2532e-12	-10.0	-2.5
217.0	2.2538e-05	3.202e-12	-10.0	-2.5
217.5	2.2543e-05	3.0768e-12	-10.0	-2.5
218.0	2.254e-05	2.7669e-12	-10.0	-2.5
218.5	2.254e-05	2.954e-12	-10.0	-2.5
219.0	2.2542e-05	3.4749e-12	-10.0	-2.5
219.5	2.2543e-05	3.1734e-12	-10.0	-2.5
220.0	2.2542e-05	3.1328e-12	-10.0	-2.5
220.5	2.2542e-05	2.6679e-12	-10.0	-2.5
221.0	2.2544e-05	2.6047e-12	-10.0	-2.5
221.5	2.2543e-05	2.9433e-12	-10.0	-2.5
222.0	2.254e-05	2.9099e-12	-10.0	-2.5
222.5	2.2541e-05	3.0303e-12	-10.0	-2.5
223.0	2.2541e-05	3.2926e-12	-10.0	-2.5
223.5	2.2545e-05	2.9647e-12	-10.0	-2.5
224.0	2.2544e-05	3.1829e-12	-10.0	-2.5
224.5	2.2539e-05	3.1185e-12	-10.0	-2.5
225.0	2.2538e-05	3.1388e-12	-10.0	-2.5
225.5	2.2538e-05	3.413e-12	-10.0	-2.5
226.0	2.2539e-05	3.2973e-12	-10.0	-2.5
226.5	2.2539e-05	3.2389e-12	-10.0	-2.5
227.0	2.2541e-05	3.4559e-12	-10.0	-2.5
227.5	2.2539e-05	3.7444e-12	-10.0	-2.5
228.0	2.254e-05	4.009e-12	-10.0	-2.5
228.5	2.2538e-05	3.4988e-12	-10.0	-2.5
229.0	2.2544e-05	3.1877e-12	-10.0	-2.5
229.5	2.2545e-05	3.5071e-12	-10.0	-2.5
230.0	2.2544e-05	3.7277e-12	-10.0	-2.5
230.5	2.2543e-05	3.6752e-12	-10.0	-2.5
231.0	2.2543e-05	3.9184e-12	-10.0	-2.5
231.5	2.2544e-05	3.6561e-12	-10.0	-2.5
232.0	2.2545e-05	3.8588e-12	-10.0	-2.5
232.5	2.2544e-05	3.4821e-12	-10.0	-2.5
233.0	2.2545e-05	3.0994e-12	-10.0	-2.5
233.5	2.2543e-05	3.7527e-12	-10.0	-2.5
234.0	2.2549e-05	3.5655e-12	-10.0	-2.5
234.5	2.2547e-05	3.4678e-12	-10.0	-2.5
235.0	2.2545e-05	3.8207e-12	-10.0	-2.5
235.5	2.2545e-05	3.7265e-12	-10.0	-2.5
236.0	2.2547e-05	3.6025e-12	-10.0	-2.5
236.5	2.2548e-05	3.581e-12	-10.0	-2.5
237.0	2.2546e-05	2.774e-12	-10.0	-2.5
237.5	2.2547e-05	3.5846e-12	-10.0	-2.5
238.0	2.2547e-05	3.6383e-12	-10.0	-2.5
238.5	2.2553e-05	3.5965e-12	-10.0	-2.5
239.0	2.2547e-05	3.6609e-12	-10.0	-2.5
239.5	2.2546e-05	3.9721e-12	-10.0	-2.5
240.0	2.2551e-05	3.2044e-12	-10.0	-2.5
240.5	2.255e-05	1.169e-10	-10.0	-2.5
241.0	2.2555e-05	1.2453e-10	-10.0	-2.5
241.5	2.2555e-05	1.2515e-10	-10.0	-2.5
242.0	2.2562e-05	1.2271e-10	-10.0	-2.5
242.5	2.2568e-05	1.2124e-10	-10.0	-2.5
243.0	2.2571e-05	1.2004e-10	-10.0	-2.5
243.5	2.2579e-05	1.182e-10	-10.0	-2.5
244.0	2.2583e-05	1.1766e-10	-10.0	-2.5
244.5	2.2584e-05	1.1704e-10	-10.0	-2.5
245.0	2.259e-05	1.1691e-10	-10.0	-2.5
245.5	2.2597e-05	1.1565e-10	-10.0	-2.5
246.0	2.2596e-05	1.1539e-10	-10.0	-2.5
246.5	2.2605e-05	1.1506e-10	-10.0	-2.5
247.0	2.2609e-05	1.1455e-10	-10.0	-2.5
247.5	2.2611e-05	1.1461e-10	-10.0	-2.5
248.0	2.2613e-05	1.1341e-10	-10.0	-2.5
248.5	2.2616e-05	1.1356e-10	-10.0	-2.5
249.0	2.2618e-05	1.1332e-10	-10.0	-2.5
249.5	2.2622e-05	1.1323e-10	-10.0	-2.5
250.0	2.2624e-05	1.1274e-10	-10.0	-2.5
250.5	2.2626e-05	1.1308e-10	-10.0	-2.5
251.0	2.2631e-05	1.125e-10	-10.0	-2.5
251.5	2.2631e-05	1.12e-10	-10.0	-2.5
252.0	2.2632e-05	1.1232e-10	-10.0	-2.5
252.5	2.2632e-05	1.1281e-10	-10.0	-2.5
253.0	2.2638e-05	1.1208e-10	-10.0	-2.5
253.5	2.264e-05	1.1196e-10	-10.0	-2.5
254.0	2.264e-05	1.1152e-10	-10.0	-2.5
254.5	2.2642e-05	1.1154e-10	-10.0	-2.5
255.0	2.2646e-05	1.1134e-10	-10.0	-2.5
255.5	2.265e-05	1.1086e-10	-10.0	-2.5
256.0	2.265e-05	1.1069e-10	-10.0	-2.5
256.5	2.2651e-05	1.1083e-10	-10.0	-2.5
257.0	2.2651e-05	1.1068e-10	-10.0	-2.5
257.5	2.2656e-05	1.1054e-10	-10.0	-2.5
258.0	2.2658e-05	1.1042e-10	-10.0	-2.5
258.5	2.266e-05	1.1002e-10	-10.0	-2.5
259.0	2.2659e-05	1.0958e-10	-10.0	-2.5
259.5	2.266e-05	1.1009e-10	-10.0	-2.5
260.0	2.2663e-05	1.1023e-10	-10.0	-2.5
260.5	2.2664e-05	1.1005e-10	-10.0	-2.5
261.0	2.2669e-05	1.0958e-10	-10.0	-2.5
261.5	2.2669e-05	1.093e-10	-10.0	-2.5
262.0	2.2669e-05	1.0945e-10	-10.0	-2.5
262.5	2.2669e-05	1.0977e-10	-10.0	-2.5
263.0	2.2668e-05	1.0883e-10	-10.0	-2.5
263.5	2.2666e-05	1.0926e-10	-10.0	-2.5
264.0	2.2664e-05	1.0873e-10	-10.0	-2.5
264.5	2.2667e-05	1.0929e-10	-10.0	-2.5
265.0	2.2662e-05	1.0926e-10	-10.0	-2.5
265.5	2.2664e-05	1.0891e-10	-10.0	-2.5
266.0	2.2668e-05	1.0889e-10	-10.0	-2.5
266.5	2.2665e-05	1.0861e-10	-10.0	-2.5
267.0	2.2667e-05	1.0868e-10	-10.0	-2.5
267.5	2.2667e-05	1.0851e-10	-10.0	-2.5
268.0	2.2667e-05	1.0866e-10	-10.0	-2.5
268.5	2.2667e-05	1.0812e-10	-10.0	-2.5
269.0	2.2663e-05	1.0817e-10	-10.0	-2.5
269.5	2.2664e-05	1.0786e-10	-10.0	-2.5
270.0	2.2665e-05	1.0826e-10	-10.0	-2.5
270.5	2.2662e-05	1.0762e-10	-10.0	-2.5
271.0	2.2663e-05	1.0758e-10	-10.0	-2.5
271.5	2.2662e-05	1.0736e-10	-10.0	-2.5
272.0	2.2661e-05	1.0749e-10	-10.0	-2.5
272.5	2.2657e-05	1.0742e-10	-10.0	-2.5
273.0	2.2656e-05	1.0706e-10	-10.0	-2.5
273.5	2.2655e-05	1.0706e-10	-10.0	-2.5
274.0	2.2658e-05	1.0746e-10	-10.0	-2.5
274.5	2.2658e-05	1.0729e-10	-10.0	-2.5
275.0	2.2658e-05	1.0645e-10	-10.0	-2.5
275.5	2.2657e-05	1.075e-10	-10.0	-2.5
276.0	2.2656e-05	1.0715e-10	-10.0	-2.5
276.5	2.2657e-05	1.0643e-10	-10.0	-2.5
277.0	2.2655e-05	1.0651e-10	-10.0	-2.5
277.5	2.2657e-05	1.0687e-10	-10.0	-2.5
278.0	2.2656e-05	1.0677e-10	-10.0	-2.5
278.5	2.2658e-05	1.0726e-10	-10.0	-2.5
279.0	2.2655e-05	1.0637e-10	-10.0	-2.5
279.5	2.2654e-05	1.0637e-10	-10.0	-2.5
280.0	2.2654e-05	1.0614e-10	-10.0	-2.5
280.5	2.2655e-05	1.0562e-10	-10.0	-2.5
281.0	2.2658e-05	1.0632e-10	-10.0	-2.5
281.5	2.2656e-05	1.059e-10	-10.0	-2.5
282.0	2.2653e-05	1.0583e-10	-10.0	-2.5
282.5	2.265e-05	1.0589e-10	-10.0	-2.5
283.0	2.2647e-05	1.0628e-10	-10.0	-2.5
283.5	2.2644e-05	1.062e-10	-10.0	-2.5
284.0	2.2646e-05	1.0556e-10	-10.0	-2.5
284.5	2.2648e-05	1.0549e-10	-10.0	-2.5
285.0	2.2653e-05	1.0623e-10	-10.0	-2.5
285.5	2.2646e-05	1.0599e-10	-10.0	-2.5
286.0	2.2644e-05	1.0528e-10	-10.0	-2.5
286.5	2.2643e-05	1.0554e-10	-10.0	-2.5
287.0	2.2639e-05	1.0588e-10	-10.0	-2.5
287.5	2.2639e-05	1.0484e-10	-10.0	-2.5
288.0	2.2634e-05	1.0544e-10	-10.0	-2.5
288.5	2.2637e-05	1.0564e-10	-10.0	-2.5
289.0	2.2633e-05	1.056e-10	-10.0	-2.5
289.5	2.2634e-05	1.0568e-10	-10.0	-2.5
290.0	2.2629e-05	1.0572e-10	-10.0	-2.5
290.5	2.263e-05	1.0517e-10	-10.0	-2.5
291.0	2.2627e-05	1.0518e-10	-10.0	-2.5
291.5	2.2628e-05	1.0535e-10	-10.0	-2.5
292.0	2.2631e-05	1.0462e-10	-10.0	-2.5
292.5	2.2631e-05	1.0546e-10	-10.0	-2.5
293.0	2.2626e-05	1.0517e-10	-10.0	-2.5
293.5	2.2626e-05	1.0511e-10	-10.0	-2.5
294.0	2.2625e-05	1.0515e-10	-10.0	-2.5
294.5	2.2624e-05	1.0521e-10	-10.0	-2.5
295.0	2.262e-05	1.0481e-10	-10.0	-2.5
295.5	2.2619e-05	1.047e-10	-10.0	-2.5
296.0	2.2621e-05	1.0529e-10	-10.0	-2.5
296.5	2.2616e-05	1.0477e-10	-10.0	-2.5
297.0	2.2613e-05	1.0456e-10	-10.0	-2.5
297.5	2.2612e-05	1.0466e-10	-10.0	-2.5
298.0	2.261e-05	1.0436e-10	-10.0	-2.5
298.5	2.261e-05	1.0508e-10	-10.0	-2.5
299.0	2.2609e-05	1.0437e-10	-10.0	-2.5
299.5	2.2608e-05	1.046e-10	-10.0	-2.5
300.0	2.2607e-05	1.0374e-10	-10.0	-2.5
300.5	2.2602e-05	8.7309e-12	-10.0	-2.5
301.0	2.2599e-05	4.6492e-12	-10.0	-2.5
301.5	2.2596e-05	4.8804e-12	-10.0	-2.5
302.0	2.2592e-05	4.8649e-12	-10.0	-2.5
302.5	2.2589e-05	4.7195e-12	-10.0	-2.5
303.0	2.2589e-05	3.3855e-12	-10.0	-2.5
303.5	2.2585e-05	2.5535e-12	-10.0	-2.5
304.0	2.2582e-05	3.413e-12	-10.0	-2.5
304.5	2.2576e-05	3.0077e-12	-10.0	-2.5
305.0	2.2576e-05	3.432e-12	-10.0	-2.5
305.5	2.2571e-05	2.9111e-12	-10.0	-2.5
306.0	2.2571e-05	2.5773e-12	-10.0	-2.5
306.5	2.2568e-05	1.8954e-12	-10.0	-2.5
307.0	2.2564e-05	2.2459e-12	-10.0	-2.5
307.5	2.2563e-05	1.62e-12	-10.0	-2.5
308.0	2.2561e-05	1.7643e-12	-10.0	-2.5
308.5	2.2561e-05	1.4257e-12	-10.0	-2.5
309.0	2.256e-05	1.4734e-12	-10.0	-2.5
309.5	2.256e-05	1.6046e-12	-10.0	-2.5
310.0	2.2559e-05	1.3769e-12	-10.0	-2.5
310.5	2.2553e-05	1.0669e-12	-10.0	-2.5
311.0	2.255e-05	1.1337e-12	-10.0	-2.5
311.5	2.2548e-05	1.1241e-12	-10.0	-2.5
312.0	2.2543e-05	1.57e-12	-10.0	-2.5
312.5	2.2542e-05	1.6403e-12	-10.0	-2.5
313.0	2.2538e-05	4.4704e-13	-10.0	-2.5
313.5	2.2536e-05	1.4746e-12	-10.0	-2.5
314.0	2.2537e-05	1.6666e-12	-10.0	-2.5
314.5	2.2535e-05	6.6876e-13	-10.0	-2.5
315.0	2.2538e-05	1.0574e-12	-10.0	-2.5
315.5	2.2537e-05	1.0097e-12	-10.0	-2.5
316.0	2.2535e-05	8.6904e-13	-10.0	-2.5
316.5	2.2531e-05	8.3804e-13	-10.0	-2.5
317.0	2.2528e-05	7.9632e-13	-10.0	-2.5
317.5	2.2529e-05	1.0788e-12	-10.0	-2.5
318.0	2.2523e-05	1.21e-12	-10.0	-2.5
318.5	2.2527e-05	1.1408e-12	-10.0	-2.5
319.0	2.2524e-05	8.4877e-13	-10.0	-2.5
319.5	2.2524e-05	9.7156e-13	-10.0	-2.5
320.0	2.2525e-05	4.4584e-13	-10.0	-2.5
320.5	2.2523e-05	5.0783e-13	-10.0	-2.5
321.0	2.2526e-05	9.7871e-13	-10.0	-2.5
321.5	2.2525e-05	1.8954e-13	-10.0	-2.5
322.0	2.2526e-05	3.7909e-13	-10.0	-2.5
322.5	2.252e-05	2.1935e-13	-10.0	-2.5
323.0	2.2519e-05	5.7459e-13	-10.0	-2.5
323.5	2.2519e-05	4.7445e-13	-10.0	-2.5
324.0	2.252e-05	2.0623e-13	-10.0	-2.5
324.5	2.2521e-05	9.6559e-14	-10.0	-2.5
325.0	2.252e-05	5.579e-13	-10.0	-2.5
325.5	2.2514e-05	6.2823e-13	-10.0	-2.5
326.0	2.2517e-05	3.7432e-13	-10.0	-2.5
326.5	2.2517e-05	1.514e-13	-10.0	-2.5
327.0	2.251e-05	3.9339e-14	-10.0	-2.5
327.5	2.2513e-05	3.0994e-13	-10.0	-2.5
328.0	2.2512e-05	2.3842e-14	-10.0	-2.5
328.5	2.2511e-05	4.7088e-13	-10.0	-2.5
329.0	2.2509e-05	1.4782e-13	-10.0	-2.5
329.5	2.2511e-05	4.0174e-13	-10.0	-2.5
330.0	2.2512e-05	4.8876e-13	-10.0	-2.5
330.5	2.251e-05	6.5804e-13	-10.0	-2.5
331.0	2.2511e-05	8.0228e-13	-10.0	-2.5
331.5	2.2513e-05	2.9564e-13	-10.0	-2.5
332.0	2.2515e-05	9.2745e-13	-10.0	-2.5
332.5	2.2516e-05	2.6345e-13	-10.0	-2.5
333.0	2.2514e-05	6.3777e-13	-10.0	-2.5
333.5	2.2513e-05	2.9683e-13	-10.0	-2.5
334.0	2.2513e-05	2.0981e-13	-10.0	-2.5
334.5	2.2515e-05	7.081e-13	-10.0	-2.5
335.0	2.2517e-05	2.7418e-13	-10.0	-2.5
335.5	2.2515e-05	3.5644e-13	-10.0	-2.5
336.0	2.2515e-05	3.2544e-13	-10.0	-2.5
336.5	2.2512e-05	7.7963e-13	-10.0	-2.5
337.0	2.2511e-05	6.5684e-13	-10.0	-2.5
337.5	2.2516e-05	5.5909e-13	-10.0	-2.5
338.0	2.2512e-05	1.0002e-12	-10.0	-2.5
338.5	2.2512e-05	9.8705e-13	-10.0	-2.5
339.0	2.2511e-05	8.0109e-13	-10.0	-2.5
339.5	2.2511e-05	7.1526e-13	-10.0	-2.5
340.0	2.2512e-05	2.563e-13	-10.0	-2.5
340.5	2.2513e-05	1.0371e-12	-10.0	-2.5
341.0	2.2512e-05	9.5844e-13	-10.0	-2.5
341.5	2.2509e-05	4.1962e-13	-10.0	-2.5
342.0	2.2509e-05	7.689e-13	-10.0	-2.5
342.5	2.2509e-05	7.9989e-13	-10.0	-2.5
343.0	2.2511e-05	3.8028e-13	-10.0	-2.5
343.5	2.2512e-05	1.0264e-12	-10.0	-2.5
344.0	2.2512e-05	5.6505e-13	-10.0	-2.5
344.5	2.2513e-05	8.9526e-13	-10.0	-2.5
345.0	2.2516e-05	6.9499e-13	-10.0	-2.5
345.5	2.2513e-05	8.4639e-13	-10.0	-2.5
346.0	2.2514e-05	5.9485e-13	-10.0	-2.5
346.5	2.2513e-05	1.3113e-12	-10.0	-2.5
347.0	2.2516e-05	7.1168e-13	-10.0	-2.5
347.5	2.2514e-05	8.2135e-13	-10.0	-2.5
348.0	2.2515e-05	5.9485e-13	-10.0	-2.5
348.5	2.2517e-05	5.4121e-13	-10.0	-2.5
349.0	2.2515e-05	8.5235e-13	-10.0	-2.5
349.5	2.2514e-05	1.2171e-12	-10.0	-2.5
350.0	2.2514e-05	3.922e-13	-10.0	-2.5
350.5	2.2513e-05	6.7592e-13	-10.0	-2.5
351.0	2.251e-05	9.1672e-13	-10.0	-2.5
351.5	2.2511e-05	1.0109e-12	-10.0	-2.5
352.0	2.2514e-05	6.1631e-13	-10.0	-2.5
352.5	2.2517e-05	1.2112e-12	-10.0	-2.5
353.0	2.2515e-05	8.3685e-13	-10.0	-2.5
353.5	2.2516e-05	9.0957e-13	-10.0	-2.5
354.0	2.2519e-05	1.241e-12	-10.0	-2.5
354.5	2.2518e-05	8.5473e-13	-10.0	-2.5
355.0	2.2516e-05	1.303e-12	-10.0	-2.5
355.5	2.2522e-05	1.2314e-12	-10.0	-2.5
356.0	2.2519e-05	4.1127e-13	-10.0	-2.5
356.5	2.252e-05	5.281e-13	-10.0	-2.5
357.0	2.252e-05	9.5606e-13	-10.0	-2.5
357.5	2.2518e-05	1.173e-12	-10.0	-2.5
358.0	2.2519e-05	7.3075e-13	-10.0	-2.5
358.5	2.2519e-05	4.4227e-13	-10.0	-2.5
359.0	2.2519e-05	9.8586e-13	-10.0	-2.5
359.5	2.252e-05	6.032e-13	-10.0	-2.5
360.0	2.2522e-05	9.9301e-13	-10.0	-2.5
360.5	2.2525e-05	1.0917e-10	-10.0	-2.5
361.0	2.2531e-05	1.177e-10	-10.0	-2.5
361.5	2.2534e-05	1.1823e-10	-10.0	-2.5
362.0	2.2535e-05	1.17e-10	-10.0	-2.5
362.5	2.2543e-05	1.1533e-10	-10.0	-2.5
363.0	2.2548e-05	1.1424e-10	-10.0	-2.5
363.5	2.2551e-05	1.1322e-10	-10.0	-2.5
364.0	2.2552e-05	1.1183e-10	-10.0	-2.5
364.5	2.2559e-05	1.1135e-10	-10.0	-2.5
365.0	2.2562e-05	1.1051e-10	-10.0	-2.5
365.5	2.2562e-05	1.1016e-10	-10.0	-2.5
366.0	2.2568e-05	1.096e-10	-10.0	-2.5
366.5	2.2567e-05	1.0948e-10	-10.0	-2.5
367.0	2.2574e-05	1.0856e-10	-10.0	-2.5
367.5	2.2575e-05	1.0922e-10	-10.0	-2.5
368.0	2.2576e-05	1.0853e-10	-10.0	-2.5
368.5	2.2576e-05	1.0847e-10	-10.0	-2.5
369.0	2.2582e-05	1.0826e-10	-10.0	-2.5
369.5	2.2587e-05	1.0795e-10	-10.0	-2.5
370.0	2.2588e-05	1.0799e-10	-10.0	-2.5
370.5	2.2597e-05	1.0799e-10	-10.0	-2.5
371.0	2.2595e-05	1.0727e-10	-10.0	-2.5
371.5	2.2595e-05	1.072e-10	-10.0	-2.5
372.0	2.2595e-05	1.0744e-10	-10.0	-2.5
372.5	2.2592e-05	1.0666e-10	-10.0	-2.5
373.0	2.2594e-05	1.0654e-10	-10.0	-2.5
373.5	2.2597e-05	1.0656e-10	-10.0	-2.5
374.0	2.2598e-05	1.0625e-10	-10.0	-2.5
374.5	2.26e-05	1.0652e-10	-10.0	-2.5
375.0	2.2598e-05	1.0679e-10	-10.0	-2.5
375.5	2.26e-05	1.0571e-10	-10.0	-2.5
376.0	2.2601e-05	1.0607e-10	-10.0	-2.5
376.5	2.2602e-05	1.062e-10	-10.0	-2.5
377.0	2.2602e-05	1.0633e-10	-10.0	-2.5
377.5	2.2606e-05	1.0567e-10	-10.0	-2.5
378.0	2.2604e-05	1.0642e-10	-10.0	-2.5
378.5	2.2604e-05	1.0593e-10	-10.0	-2.5
379.0	2.2601e-05	1.0593e-10	-10.0	-2.5
379.5	2.2602e-05	1.0563e-10	-10.0	-2.5
380.0	2.2605e-05	1.0602e-10	-10.0	-2.5
380.5	2.2606e-05	1.0605e-10	-10.0	-2.5
381.0	2.2605e-05	1.051e-10	-10.0	-2.5
381.5	2.2607e-05	1.0531e-10	-10.0	-2.5
382.0	2.2605e-05	1.0564e-10	-10.0	-2.5
382.5	2.2602e-05	1.0528e-10	-10.0	-2.5
383.0	2.2601e-05	1.0512e-10	-10.0	-2.5
383.5	2.2603e-05	1.0537e-10	-10.0	-2.5
384.0	2.2603e-05	1.0485e-10	-10.0	-2.5
384.5	2.2603e-05	1.0475e-10	-10.0	-2.5
385.0	2.2607e-05	1.0498e-10	-10.0	-2.5
385.5	2.2604e-05	1.0494e-10	-10.0	-2.5
386.0	2.2603e-05	1.0495e-10	-10.0	-2.5
386.5	2.2604e-05	1.0439e-10	-10.0	-2.5
387.0	2.2606e-05	1.0453e-10	-10.0	-2.5
387.5	2.2603e-05	1.0459e-10	-10.0	-2.5
388.0	2.2605e-05	1.0389e-10	-10.0	-2.5
388.5	2.2601e-05	1.0412e-10	-10.0	-2.5
389.0	2.2599e-05	1.0437e-10	-10.0	-2.5
389.5	2.2597e-05	1.0406e-10	-10.0	-2.5
390.0	2.259e-05	1.0437e-10	-10.0	-2.5
390.5	2.2596e-05	1.0408e-10	-10.0	-2.5
391.0	2.2593e-05	1.037e-10	-10.0	-2.5
391.5	2.2593e-05	1.0432e-10	-10.0	-2.5
392.0	2.2588e-05	1.042e-10	-10.0	-2.5
392.5	2.259e-05	1.0392e-10	-10.0	-2.5
393.0	2.2589e-05	1.033e-10	-10.0	-2.5
393.5	2.2592e-05	1.0365e-10	-10.0	-2.5
394.0	2.2589e-05	1.0364e-10	-10.0	-2.5
394.5	2.2592e-05	1.0358e-10	-10.0	-2.5
395.0	2.2591e-05	1.0434e-10	-10.0	-2.5
395.5	2.2592e-05	1.0336e-10	-10.0	-2.5
396.0	2.2588e-05	1.0338e-10	-10.0	-2.5
396.5	2.2591e-05	1.0358e-10	-10.0	-2.5
397.0	2.2588e-05	1.0304e-10	-10.0	-2.5
397.5	2.2585e-05	1.0337e-10	-10.0	-2.5
398.0	2.258e-05	1.0318e-10	-10.0	-2.5
398.5	2.2578e-05	1.033e-10	-10.0	-2.5
399.0	2.2579e-05	1.0303e-10	-10.0	-2.5
399.5	2.2577e-05	1.0311e-10	-10.0	-2.5
400.0	2.2578e-05	1.0312e-10	-10.0	-2.5
400.5	2.2576e-05	1.0367e-10	-10.0	-2.5
401.0	2.2574e-05	1.0304e-10	-10.0	-2.5
401.5	2.2573e-05	1.0316e-10	-10.0	-2.5
402.0	2.2576e-05	1.0315e-10	-10.0	-2.5
402.5	2.2575e-05	1.0248e-10	-10.0	-2.5
403.0	2.2572e-05	1.032e-10	-10.0	-2.5
403.5	2.2568e-05	1.0317e-10	-10.0	-2.5
404.0	2.257e-05	1.0256e-10	-10.0	-2.5
404.5	2.2571e-05	1.0183e-10	-10.0	-2.5
405.0	2.2572e-05	1.0298e-10	-10.0	-2.5
405.5	2.2573e-05	1.0277e-10	-10.0	-2.5
406.0	2.2573e-05	1.0248e-10	-10.0	-2.5
406.5	2.257e-05	1.0201e-10	-10.0	-2.5
407.0	2.2566e-05	1.0196e-10	-10.0	-2.5
407.5	2.2568e-05	1.0204e-10	-10.0	-2.5
408.0	2.2565e-05	1.0248e-10	-10.0	-2.5
408.5	2.2564e-05	1.018e-10	-10.0	-2.5
409.0	2.2564e-05	1.0241e-10	-10.0	-2.5
409.5	2.2567e-05	1.0251e-10	-10.0	-2.5
410.0	2.256e-05	1.0259e-10	-10.0	-2.5
410.5	2.2561e-05	1.0231e-10	-10.0	-2.5
411.0	2.2561e-05	1.0245e-10	-10.0	-2.5
411.5	2.2557e-05	1.0207e-10	-10.0	-2.5
412.0	2.2557e-05	1.0263e-10	-10.0	-2.5
412.5	2.2551e-05	1.0187e-10	-10.0	-2.5
413.0	2.2548e-05	1.0227e-10	-10.0	-2.5
413.5	2.2546e-05	1.0232e-10	-10.0	-2.5
414.0	2.255e-05	1.0227e-10	-10.0	-2.5
414.5	2.2543e-05	1.0168e-10	-10.0	-2.5
415.0	2.2542e-05	1.0225e-10	-10.0	-2.5
415.5	2.2537e-05	1.0229e-10	-10.0	-2.5
416.0	2.2542e-05	1.02e-10	-10.0	-2.5
416.5	2.2541e-05	1.0164e-10	-10.0	-2.5
417.0	2.2537e-05	1.0177e-10	-10.0	-2.5
417.5	2.2536e-05	1.0181e-10	-10.0	-2.5
418.0	2.2532e-05	1.022e-10	-10.0	-2.5
418.5	2.2534e-05	1.0186e-10	-10.0	-2.5
419.0	2.2532e-05	1.0153e-10	-10.0	-2.5
419.5	2.2536e-05	1.015e-10	-10.0	-2.5
420.0	2.2534e-05	1.0122e-10	-10.0	-2.5
420.5	2.2531e-05	9.9015e-12	-10.0	-2.5
421.0	2.2528e-05	5.6612e-12	-10.0	-2.5
421.5	2.2521e-05	6.1178e-12	-10.0	-2.5
422.0	2.2516e-05	5.3811e-12	-10.0	-2.5
422.5	2.2512e-05	5.8734e-12	-10.0	-2.5
423.0	2.251e-05	5.1558e-12	-10.0	-2.5
423.5	2.2508e-05	5.0116e-12	-10.0	-2.5
424.0	2.2506e-05	4.3881e-12	-10.0	-2.5
424.5	2.2501e-05	4.2844e-12	-10.0	-2.5
425.0	2.2499e-05	3.9709e-12	-10.0	-2.5
425.5	2.2496e-05	3.401e-12	-10.0	-2.5
426.0	2.249e-05	4.0925e-12	-10.0	-2.5
426.5	2.2491e-05	3.5238e-12	-10.0	-2.5
427.0	2.2487e-05	4.077e-12	-10.0	-2.5
427.5	2.2483e-05	2.917e-12	-10.0	-2.5
428.0	2.2479e-05	3.4487e-12	-10.0	-2.5
428.5	2.2479e-05	3.2163e-12	-10.0	-2.5
429.0	2.2476e-05	3.165e-12	-10.0	-2.5
429.5	2.2479e-05	2.9516e-12	-10.0	-2.5
430.0	2.2476e-05	2.3007e-12	-10.0	-2.5
430.5	2.2474e-05	3.0541e-12	-10.0	-2.5
431.0	2.2472e-05	2.476e-12	-10.0	-2.5
431.5	2.2472e-05	3.0065e-12	-10.0	-2.5
432.0	2.2471e-05	2.4438e-12	-10.0	-2.5
432.5	2.2469e-05	2.5213e-12	-10.0	-2.5
433.0	2.2466e-05	2.6763e-12	-10.0	-2.5
433.5	2.2466e-05	1.9527e-12	-10.0	-2.5
434.0	2.2463e-05	2.4652e-12	-10.0	-2.5
434.5	2.2459e-05	2.1148e-12	-10.0	-2.5
435.0	2.2462e-05	2.2674e-12	-10.0	-2.5
435.5	2.2461e-05	2.2078e-12	-10.0	-2.5
436.0	2.246e-05	2.2483e-12	-10.0	-2.5
436.5	2.246e-05	2.1875e-12	-10.0	-2.5
437.0	2.2454e-05	1.694e-12	-10.0	-2.5
437.5	2.2453e-05	2.4545e-12	-10.0	-2.5
438.0	2.2451e-05	2.0742e-12	-10.0	-2.5
438.5	2.2452e-05	1.9169e-12	-10.0	-2.5
439.0	2.2452e-05	2.1219e-12	-10.0	-2.5
439.5	2.2453e-05	1.6058e-12	-10.0	-2.5
440.0	2.2454e-05	1.8442e-12	-10.0	-2.5
440.5	2.2454e-05	2.0599e-12	-10.0	-2.5
441.0	2.2453e-05	1.9276e-12	-10.0	-2.5
441.5	2.2453e-05	1.8394e-12	-10.0	-2.5
442.0	2.2452e-05	1.663e-12	-10.0	-2.5
442.5	2.2453e-05	1.3483e-12	-10.0	-2.5
443.0	2.2451e-05	1.3769e-12	-10.0	-2.5
443.5	2.2451e-05	1.6558e-12	-10.0	-2.5
444.0	2.245e-05	1.0514e-12	-10.0	-2.5
444.5	2.245e-05	2.2232e-12	-10.0	-2.5
445.0	2.2449e-05	1.4889e-12	-10.0	-2.5
445.5	2.245e-05	1.4472e-12	-10.0	-2.5
446.0	2.2447e-05	1.1754e-12	-10.0	-2.5
446.5	2.2452e-05	1.9097e-12	-10.0	-2.5
447.0	2.2449e-05	1.7869e-12	-10.0	-2.5
447.5	2.2448e-05	1.6713e-12	-10.0	-2.5
448.0	2.2447e-05	1.5092e-12	-10.0	-2.5
448.5	2.2446e-05	1.8215e-12	-10.0	-2.5
449.0	2.2444e-05	1.4389e-12	-10.0	-2.5
449.5	2.2442e-05	1.7881e-12	-10.0	-2.5
450.0	2.2447e-05	1.5843e-12	-10.0	-2.5
450.5	2.2447e-05	1.3339e-12	-10.0	-2.5
451.0	2.2448e-05	1.5414e-12	-10.0	-2.5
451.5	2.2448e-05	1.4389e-12	-10.0	-2.5
452.0	2.245e-05	1.1706e-12	-10.0	-2.5
452.5	2.2449e-05	8.7619e-13	-10.0	-2.5
453.0	2.2449e-05	9.7394e-13	-10.0	-2.5
453.5	2.2449e-05	7.1168e-13	-10.0	-2.5
454.0	2.245e-05	1.0407e-12	-10.0	-2.5
454.5	2.2449e-05	7.7009e-13	-10.0	-2.5
455.0	2.2448e-05	8.1778e-13	-10.0	-2.5
455.5	2.2447e-05	1.3995e-12	-10.0	-2.5
456.0	2.2453e-05	1.26e-12	-10.0	-2.5
456.5	2.2456e-05	7.2718e-13	-10.0	-2.5
457.0	2.2455e-05	9.6559e-13	-10.0	-2.5
457.5	2.2455e-05	8.7261e-13	-10.0	-2.5
458.0	2.2454e-05	1.0681e-12	-10.0	-2.5
458.5	2.2452e-05	9.3579e-13	-10.0	-2.5
459.0	2.245e-05	9.6917e-13	-10.0	-2.5
459.5	2.2451e-05	1.0455e-12	-10.0	-2.5
460.0	2.245e-05	1.1444e-12	-10.0	-2.5
460.5	2.2448e-05	7.9036e-13	-10.0	-2.5
461.0	2.2452e-05	6.4731e-13	-10.0	-2.5
461.5	2.2449e-05	1.2267e-12	-10.0	-2.5
462.0	2.2451e-05	1.0657e-12	-10.0	-2.5
462.5	2.2447e-05	1.5163e-12	-10.0	-2.5
463.0	2.2445e-05	1.0347e-12	-10.0	-2.5
463.5	2.2446e-05	8.4996e-13	-10.0	-2.5
464.0	2.2446e-05	1.0002e-12	-10.0	-2.5
464.5	2.2446e-05	7.2122e-13	-10.0	-2.5
465.0	2.2446e-05	1.0109e-12	-10.0	-2.5
465.5	2.2446e-05	9.5606e-13	-10.0	-2.5
466.0	2.2451e-05	5.6744e-13	-10.0	-2.5
466.5	2.2448e-05	1.1635e-12	-10.0	-2.5
467.0	2.2448e-05	8.7619e-13	-10.0	-2.5
467.5	2.245e-05	9.5129e-13	-10.0	-2.5
468.0	2.2447e-05	7.5579e-13	-10.0	-2.5
468.5	2.2449e-05	7.2837e-13	-10.0	-2.5
469.0	2.245e-05	5.6148e-13	-10.0	-2.5
469.5	2.2452e-05	1.179e-12	-10.0	-2.5
470.0	2.2452e-05	5.269e-13	-10.0	-2.5
470.5	2.2452e-05	9.5248e-13	-10.0	-2.5
471.0	2.245e-05	8.6546e-13	-10.0	-2.5
471.5	2.2451e-05	3.1352e-13	-10.0	-2.5
472.0	2.2452e-05	3.1233e-13	-10.0	-2.5
472.5	2.2449e-05	5.6148e-13	-10.0	-2.5
473.0	2.2447e-05	5.7459e-13	-10.0	-2.5
473.5	2.2449e-05	7.6532e-13	-10.0	-2.5
474.0	2.2449e-05	2.5153e-13	-10.0	-2.5
474.5	2.245e-05	6.2466e-13	-10.0	-2.5
475.0	2.2447e-05	6.2108e-13	-10.0	-2.5
475.5	2.2448e-05	2.2888e-13	-10.0	-2.5
476.0	2.2447e-05	4.8041e-13	-10.0	-2.5
476.5	2.2451e-05	4.0293e-13	-10.0	-2.5
477.0	2.2451e-05	8.1301e-13	-10.0	-2.5
477.5	2.2452e-05	5.1498e-13	-10.0	-2.5
478.0	2.2452e-05	5.6505e-13	-10.0	-2.5
478.5	2.2453e-05	5.9009e-13	-10.0	-2.5
479.0	2.2454e-05	6.3539e-13	-10.0	-2.5
479.5	2.2454e-05	4.673e-13	-10.0	-2.5
480.0	2.2456e-05	2.9445e-13	-10.0	-2.5
480.5	2.2455e-05	1.0471e-10	-10.0	-2.5
481.0	2.2457e-05	1.1483e-10	-10.0	-2.5
481.5	2.2456e-05	1.1523e-10	-10.0	-2.5
482.0	2.2461e-05	1.1423e-10	-10.0	-2.5
482.5	2.2467e-05	1.1322e-10	-10.0	-2.5
483.0	2.2472e-05	1.1141e-10	-10.0	-2.5
483.5	2.2476e-05	1.1037e-10	-10.0	-2.5
484.0	2.248e-05	1.0946e-10	-10.0	-2.5
484.5	2.2482e-05	1.0841e-10	-10.0	-2.5
485.0	2.2487e-05	1.0815e-10	-10.0	-2.5
485.5	2.2493e-05	1.0789e-10	-10.0	-2.5
486.0	2.2496e-05	1.0708e-10	-10.0	-2.5
486.5	2.2498e-05	1.0701e-10	-10.0	-2.5
487.0	2.2502e-05	1.0654e-10	-10.0	-2.5
487.5	2.25e-05	1.0619e-10	-10.0	-2.5
488.0	2.2509e-05	1.06e-10	-10.0	-2.5
488.5	2.251e-05	1.0581e-10	-10.0	-2.5
489.0	2.2512e-05	1.0532e-10	-10.0	-2.5
489.5	2.2514e-05	1.0574e-10	-10.0	-2.5
490.0	2.2518e-05	1.0496e-10	-10.0	-2.5
490.5	2.2519e-05	1.0518e-10	-10.0	-2.5
491.0	2.2519e-05	1.0426e-10	-10.0	-2.5
491.5	2.252e-05	1.0446e-10	-10.0	-2.5
492.0	2.252e-05	1.046e-10	-10.0	-2.5
492.5	2.2522e-05	1.0416e-10	-10.0	-2.5
493.0	2.2522e-05	1.0442e-10	-10.0	-2.5
493.5	2.2524e-05	1.0408e-10	-10.0	-2.5
494.0	2.2524e-05	1.0374e-10	-10.0	-2.5
494.5	2.2526e-05	1.0377e-10	-10.0	-2.5
495.0	2.2525e-05	1.0414e-10	-10.0	-2.5
495.5	2.2525e-05	1.0382e-10	-10.0	-2.5
496.0	2.2528e-05	1.0337e-10	-10.0	-2.5
496.5	2.2526e-05	1.0325e-10	-10.0	-2.5
497.0	2.2528e-05	1.0349e-10	-10.0	-2.5
497.5	2.2527e-05	1.0341e-10	-10.0	-2.5
498.0	2.253e-05	1.0335e-10	-10.0	-2.5
498.5	2.2529e-05	1.0304e-10	-10.0	-2.5
499.0	2.2532e-05	1.0337e-10	-10.0	-2.5
499.5	2.2534e-05	1.0285e-10	-10.0	-2.5
500.0	2.2534e-05	1.028e-10	-10.0	-2.5
500.5	2.2536e-05	1.0246e-10	-10.0	-2.5
501.0	2.2536e-05	1.0339e-10	-10.0	-2.5
501.5	2.2532e-05	1.0283e-10	-10.0	-2.5
502.0	2.2533e-05	1.0272e-10	-10.0	-2.5
502.5	2.253e-05	1.0253e-10	-10.0	-2.5
503.0	2.2526e-05	1.0268e-10	-10.0	-2.5
503.5	2.253e-05	1.0236e-10	-10.0	-2.5
504.0	2.253e-05	1.0279e-10	-10.0	-2.5
504.5	2.253e-05	1.0217e-10	-10.0	-2.5
505.0	2.2531e-05	1.0242e-10	-10.0	-2.5
505.5	2.2527e-05	1.029e-10	-10.0	-2.5
506.0	2.2525e-05	1.0226e-10	-10.0	-2.5
506.5	2.2522e-05	1.0197e-10	-10.0	-2.5
507.0	2.2528e-05	1.0217e-10	-10.0	-2.5
507.5	2.2526e-05	1.0196e-10	-10.0	-2.5
508.0	2.2522e-05	1.0228e-10	-10.0	-2.5
508.5	2.2525e-05	1.0214e-10	-10.0	-2.5
509.0	2.252e-05	1.0133e-10	-10.0	-2.5
509.5	2.2518e-05	1.0146e-10	-10.0	-2.5
510.0	2.252e-05	1.0168e-10	-10.0	-2.5
510.5	2.2516e-05	1.0198e-10	-10.0	-2.5
511.0	2.2515e-05	1.0185e-10	-10.0	-2.5
511.5	2.2514e-05	1.018e-10	-10.0	-2.5
512.0	2.2516e-05	1.0156e-10	-10.0	-2.5
512.5	2.2514e-05	1.0139e-10	-10.0	-2.5
513.0	2.2516e-05	1.0168e-10	-10.0	-2.5
513.5	2.2517e-05	1.0127e-10	-10.0	-2.5
514.0	2.2514e-05	1.0173e-10	-10.0	-2.5
514.5	2.2513e-05	1.0153e-10	-10.0	-2.5
515.0	2.2511e-05	1.0094e-10	-10.0	-2.5
515.5	2.2509e-05	1.0075e-10	-10.0	-2.5
516.0	2.2507e-05	1.0132e-10	-10.0	-2.5
516.5	2.2506e-05	1.006e-10	-10.0	-2.5
517.0	2.2503e-05	1.0068e-10	-10.0	-2.5
517.5	2.2505e-05	1.0124e-10	-10.0	-2.5
518.0	2.2504e-05	1.0087e-10	-10.0	-2.5
518.5	2.2501e-05	1.0051e-10	-10.0	-2.5
519.0	2.2502e-05	1.008e-10	-10.0	-2.5
519.5	2.25e-05	1.0068e-10	-10.0	-2.5
520.0	2.2501e-05	1.0073e-10	-10.0	-2.5
520.5	2.2502e-05	1.0112e-10	-10.0	-2.5
521.0	2.2499e-05	1.0108e-10	-10.0	-2.5
521.5	2.2497e-05	1.0057e-10	-10.0	-2.5
522.0	2.2495e-05	1.0022e-10	-10.0	-2.5
522.5	2.2495e-05	1.0102e-10	-10.0	-2.5
523.0	2.2494e-05	1.0059e-10	-10.0	-2.5
523.5	2.2492e-05	1.001e-10	-10.0	-2.5
524.0	2.2493e-05	1.0101e-10	-10.0	-2.5
524.5	2.2496e-05	1.0039e-10	-10.0	-2.5
525.0	2.2492e-05	1.0062e-10	-10.0	-2.5
525.5	2.249e-05	1.0082e-10	-10.0	-2.5
526.0	2.2486e-05	1.0009e-10	-10.0	-2.5
526.5	2.2483e-05	1.0023e-10	-10.0	-2.5
527.0	2.2484e-05	9.9746e-11	-10.0	-2.5
527.5	2.2477e-05	1.003e-10	-10.0	-2.5
528.0	2.248e-05	9.998e-11	-10.0	-2.5
528.5	2.2475e-05	1.0046e-10	-10.0	-2.5
529.0	2.2471e-05	1.0004e-10	-10.0	-2.5
529.5	2.247e-05	1.0015e-10	-10.0	-2.5
530.0	2.2468e-05	1.0003e-10	-10.0	-2.5
530.5	2.2469e-05	1.001e-10	-10.0	-2.5
531.0	2.2467e-05	1.0025e-10	-10.0	-2.5
531.5	2.2461e-05	9.9895e-11	-10.0	-2.5
532.0	2.2459e-05	9.9951e-11	-10.0	-2.5
532.5	2.2457e-05	1.0009e-10	-10.0	-2.5
533.0	2.2454e-05	1.0011e-10	-10.0	-2.5
533.5	2.2455e-05	9.9697e-11	-10.0	-2.5
534.0	2.2456e-05	1.001e-10	-10.0	-2.5
534.5	2.2452e-05	9.9746e-11	-10.0	-2.5
535.0	2.2454e-05	9.977e-11	-10.0	-2.5
535.5	2.2448e-05	9.9699e-11	-10.0	-2.5
536.0	2.2447e-05	9.9605e-11	-10.0	-2.5
536.5	2.2446e-05	9.9776e-11	-10.0	-2.5
537.0	2.2449e-05	9.9767e-11	-10.0	-2.5
537.5	2.2445e-05	9.9316e-11	-10.0	-2.5
538.0	2.2442e-05	9.944e-11	-10.0	-2.5
538.5	2.2443e-05	9.9446e-11	-10.0	-2.5
539.0	2.2441e-05	9.9652e-11	-10.0	-2.5
539.5	2.244e-05	1.0003e-10	-10.0	-2.5
540.0	2.2443e-05	9.9779e-11	-10.0	-2.5
540.5	2.2434e-05	1.0904e-11	-10.0	-2.5
541.0	2.2429e-05	6.0487e-12	-10.0	-2.5
541.5	2.2429e-05	7.2086e-12	-10.0	-2.5
542.0	2.2425e-05	7.0679e-12	-10.0	-2.5
542.5	2.2425e-05	6.8665e-12	-10.0	-2.5
543.0	2.242e-05	5.9807e-12	-10.0	-2.5
543.5	2.2416e-05	5.492e-12	-10.0	-2.5
544.0	2.2416e-05	5.3549e-12	-10.0	-2.5
544.5	2.2413e-05	4.9496e-12	-10.0	-2.5
545.0	2.2415e-05	4.8792e-12	-10.0	-2.5
545.5	2.2409e-05	5.5635e-12	-10.0	-2.5
546.0	2.2407e-05	4.8876e-12	-10.0	-2.5
546.5	2.2404e-05	4.6611e-12	-10.0	-2.5
547.0	2.2402e-05	4.611e-12	-10.0	-2.5
547.5	2.24e-05	4.4131e-12	-10.0	-2.5
548.0	2.2398e-05	3.8409e-12	-10.0	-2.5
548.5	2.2398e-05	4.3118e-12	-10.0	-2.5
549.0	2.2397e-05	4.0829e-12	-10.0	-2.5
549.5	2.2392e-05	4.2462e-12	-10.0	-2.5
550.0	2.2393e-05	4.0126e-12	-10.0	-2.5
550.5	2.2394e-05	3.9136e-12	-10.0	-2.5
551.0	2.2395e-05	3.854e-12	-10.0	-2.5
551.5	2.2394e-05	3.5596e-12	-10.0	-2.5
552.0	2.239e-05	3.9184e-12	-10.0	-2.5
552.5	2.2389e-05	3.6859e-12	-10.0	-2.5
553.0	2.2386e-05	3.7968e-12	-10.0	-2.5
553.5	2.239e-05	3.2628e-12	-10.0	-2.5
554.0	2.2387e-05	3.5834e-12	-10.0	-2.5
554.5	2.2385e-05	2.7215e-12	-10.0	-2.5
555.0	2.2382e-05	2.5582e-12	-10.0	-2.5
555.5	2.2379e-05	2.9242e-12	-10.0	-2.5
556.0	2.2377e-05	2.0993e-12	-10.0	-2.5
556.5	2.2372e-05	3.0112e-12	-10.0	-2.5
557.0	2.2372e-05	3.2079e-12	-10.0	-2.5
557.5	2.2369e-05	2.6429e-12	-10.0	-2.5
558.0	2.2368e-05	2.9087e-12	-10.0	-2.5
558.5	2.2369e-05	2.8825e-12	-10.0	-2.5
559.0	2.2366e-05	2.8312e-12	-10.0	-2.5
559.5	2.2365e-05	3.2997e-12	-10.0	-2.5
560.0	2.2365e-05	2.7978e-12	-10.0	-2.5
560.5	2.2364e-05	2.7215e-12	-10.0	-2.5
561.0	2.2363e-05	3.3546e-12	-10.0	-2.5
561.5	2.2358e-05	2.3031e-12	-10.0	-2.5
562.0	2.2361e-05	2.4009e-12	-10.0	-2.5
562.5	2.236e-05	2.2042e-12	-10.0	-2.5
563.0	2.2362e-05	2.4772e-12	-10.0	-2.5
563.5	2.2359e-05	2.315e-12	-10.0	-2.5
564.0	2.2358e-05	2.2316e-12	-10.0	-2.5
564.5	2.2355e-05	2.0802e-12	-10.0	-2.5
565.0	2.2359e-05	1.9836e-12	-10.0	-2.5
565.5	2.2357e-05	2.4498e-12	-10.0	-2.5
566.0	2.236e-05	2.265e-12	-10.0	-2.5
566.5	2.236e-05	2.1815e-12	-10.0	-2.5
567.0	2.2359e-05	1.9229e-12	-10.0	-2.5
567.5	2.2361e-05	2.3222e-12	-10.0	-2.5
568.0	2.2359e-05	2.3913e-12	-10.0	-2.5
568.5	2.2356e-05	2.0099e-12	-10.0	-2.5
569.0	2.2355e-05	1.806e-12	-10.0	-2.5
569.5	2.2354e-05	2.3401e-12	-10.0	-2.5
570.0	2.2353e-05	2.6536e-12	-10.0	-2.5
570.5	2.235e-05	1.9896e-12	-10.0	-2.5
571.0	2.2353e-05	1.8013e-12	-10.0	-2.5
571.5	2.2351e-05	2.0969e-12	-10.0	-2.5
572.0	2.2351e-05	2.1625e-12	-10.0	-2.5
572.5	2.2355e-05	2.0826e-12	-10.0	-2.5
573.0	2.2356e-05	1.6522e-12	-10.0	-2.5
573.5	2.2358e-05	2.2304e-12	-10.0	-2.5
574.0	2.2358e-05	2.4176e-12	-10.0	-2.5
574.5	2.2355e-05	2.1505e-12	-10.0	-2.5
575.0	2.236e-05	1.5199e-12	-10.0	-2.5
575.5	2.2358e-05	2.346e-12	-10.0	-2.5
576.0	2.2354e-05	2.3603e-12	-10.0	-2.5
576.5	2.2359e-05	2.29e-12	-10.0	-2.5
577.0	2.236e-05	1.6463e-12	-10.0	-2.5
577.5	2.2359e-05	2.0075e-12	-10.0	-2.5
578.0	2.2359e-05	1.8704e-12	-10.0	-2.5
578.5	2.2358e-05	1.9741e-12	-10.0	-2.5
579.0	2.2359e-05	1.5688e-12	-10.0	-2.5
579.5	2.2362e-05	1.1396e-12	-10.0	-2.5
580.0	2.236e-05	1.9753e-12	-10.0	-2.5
580.5	2.2363e-05	1.4079e-12	-10.0	-2.5
581.0	2.2363e-05	1.5295e-12	-10.0	-2.5
581.5	2.2366e-05	1.7786e-12	-10.0	-2.5
582.0	2.236e-05	1.0586e-12	-10.0	-2.5
582.5	2.2361e-05	1.2386e-12	-10.0	-2.5
583.0	2.2364e-05	1.8597e-12	-10.0	-2.5
583.5	2.2361e-05	1.5676e-12	-10.0	-2.5
584.0	2.236e-05	1.6296e-12	-10.0	-2.5
584.5	2.236e-05	1.6439e-12	-10.0	-2.5
585.0	2.2364e-05	1.2493e-12	-10.0	-2.5
585.5	2.2362e-05	1.8382e-12	-10.0	-2.5
586.0	2.2365e-05	1.0395e-12	-10.0	-2.5
586.5	2.2364e-05	1.4055e-12	-10.0	-2.5
587.0	2.2363e-05	1.5759e-12	-10.0	-2.5
587.5	2.2366e-05	1.2863e-12	-10.0	-2.5
588.0	2.2363e-05	1.2052e-12	-10.0	-2.5
588.5	2.2365e-05	9.4175e-13	-10.0	-2.5
589.0	2.2364e-05	9.4175e-13	-10.0	-2.5
589.5	2.2366e-05	1.4842e-12	-10.0	-2.5
590.0	2.2366e-05	1.5414e-12	-10.0	-2.5
590.5	2.2366e-05	1.6236e-12	-10.0	-2.5
591.0	2.2363e-05	1.0514e-12	-10.0	-2.5
591.5	2.2366e-05	9.2268e-13	-10.0	-2.5
592.0	2.2367e-05	1.6105e-12	-10.0	-2.5
592.5	2.2369e-05	2.0707e-12	-10.0	-2.5
593.0	2.2369e-05	1.5545e-12	-10.0	-2.5
593.5	2.2371e-05	1.4162e-12	-10.0	-2.5
594.0	2.237e-05	1.4246e-12	-10.0	-2.5
594.5	2.237e-05	7.5459e-13	-10.0	-2.5
595.0	2.237e-05	9.1791e-13	-10.0	-2.5
595.5	2.2373e-05	1.2541e-12	-10.0	-2.5
596.0	2.2373e-05	1.1659e-12	-10.0	-2.5
596.5	2.2372e-05	8.2016e-13	-10.0	-2.5
597.0	2.2374e-05	1.7607e-12	-10.0	-2.5
597.5	2.2374e-05	1.4973e-12	-10.0	-2.5
598.0	2.2375e-05	1.3614e-12	-10.0	-2.5
598.5	2.2377e-05	1.44e-12	-10.0	-2.5
599.0	2.238e-05	1.3626e-12	-10.0	-2.5
599.5	2.2382e-05	6.7115e-13	-10.0	-2.5
600.0	2.2382e-05	1.2219e-12	-10.0	-2.5
600.5	2.2379e-05	1.5581e-12	-10.0	-2.5
601.0	2.238e-05	9.9778e-13	-10.0	-2.5
601.5	2.2379e-05	5.4836e-13	-10.0	-2.5
602.0	2.2377e-05	8.2016e-13	-10.0	-2.5
602.5	2.2375e-05	1.1063e-12	-10.0	-2.5
603.0	2.2378e-05	9.5964e-13	-10.0	-2.5
603.5	2.2378e-05	1.3518e-12	-10.0	-2.5
604.0	2.2376e-05	1.4234e-12	-10.0	-2.5
604.5	2.2378e-05	1.6892e-12	-10.0	-2.5
605.0	2.2378e-05	7.9632e-13	-10.0	-2.5
605.5	2.2379e-05	9.6321e-13	-10.0	-2.5
606.0	2.2379e-05	1.2922e-12	-10.0	-2.5
606.5	2.238e-05	7.3075e-13	-10.0	-2.5
607.0	2.2379e-05	1.2982e-12	-10.0	-2.5
607.5	2.2377e-05	1.2195e-12	-10.0	-2.5
608.0	2.2381e-05	1.2171e-12	-10.0	-2.5
608.5	2.2383e-05	1.049e-12	-10.0	-2.5
609.0	2.2384e-05	7.9751e-13	-10.0	-2.5
609.5	2.2385e-05	1.0145e-12	-10.0	-2.5
610.0	2.2385e-05	6.938e-13	-10.0	-2.5
610.5	2.2385e-05	1.03e-12	-10.0	-2.5
611.0	2.2385e-05	1.117e-12	-10.0	-2.5
611.5	2.2386e-05	6.6519e-13	-10.0	-2.5
612.0	2.2384e-05	7.7248e-13	-10.0	-2.5
612.5	2.2386e-05	6.9141e-13	-10.0	-2.5
613.0	2.2389e-05	9.8825e-13	-10.0	-2.5
613.5	2.2392e-05	1.2612e-12	-10.0	-2.5
614.0	2.2392e-05	1.1158e-12	-10.0	-2.5
