Time (s)	|IDrain (A)|	|IGate (A)	Vdrain(V)	Vgate(V)
0.0	2.1562e-05	6.7669e-11	-10.0	-2.5
0.997	2.157e-05	1.6822e-11	-10.0	-2.5
1.497	2.1575e-05	1.238e-11	-10.0	-2.5
1.997	2.1579e-05	9.0873e-12	-10.0	-2.5
2.497	2.1582e-05	7.5567e-12	-10.0	-2.5
2.997	2.1585e-05	6.0511e-12	-10.0	-2.5
3.497	2.1587e-05	5.4789e-12	-10.0	-2.5
3.997	2.1589e-05	4.9579e-12	-10.0	-2.5
4.497	2.1593e-05	4.102e-12	-10.0	-2.5
4.997	2.1591e-05	4.4882e-12	-10.0	-2.5
5.497	2.1597e-05	3.7301e-12	-10.0	-2.5
5.997	2.1597e-05	3.5238e-12	-10.0	-2.5
6.497	2.16e-05	3.2949e-12	-10.0	-2.5
6.997	2.1603e-05	3.3343e-12	-10.0	-2.5
7.497	2.1609e-05	2.5404e-12	-10.0	-2.5
7.997	2.1612e-05	2.5916e-12	-10.0	-2.5
8.497	2.1611e-05	2.6584e-12	-10.0	-2.5
8.997	2.1611e-05	2.5737e-12	-10.0	-2.5
9.497	2.1616e-05	2.5856e-12	-10.0	-2.5
9.997	2.1615e-05	2.2495e-12	-10.0	-2.5
10.497	2.1622e-05	2.2912e-12	-10.0	-2.5
10.997	2.1626e-05	1.6046e-12	-10.0	-2.5
11.497	2.1627e-05	2.2495e-12	-10.0	-2.5
11.997	2.1632e-05	2.2578e-12	-10.0	-2.5
12.497	2.1636e-05	1.6069e-12	-10.0	-2.5
12.997	2.1638e-05	1.4222e-12	-10.0	-2.5
13.497	2.1641e-05	2.1958e-12	-10.0	-2.5
13.997	2.164e-05	1.5831e-12	-10.0	-2.5
14.497	2.1642e-05	1.7345e-12	-10.0	-2.5
14.997	2.1646e-05	1.775e-12	-10.0	-2.5
15.497	2.1646e-05	2.3341e-12	-10.0	-2.5
15.997	2.1646e-05	1.9395e-12	-10.0	-2.5
16.497	2.1648e-05	1.4722e-12	-10.0	-2.5
16.997	2.165e-05	1.421e-12	-10.0	-2.5
17.497	2.1654e-05	1.3578e-12	-10.0	-2.5
17.997	2.1654e-05	2.0194e-12	-10.0	-2.5
18.497	2.1659e-05	1.44e-12	-10.0	-2.5
18.997	2.166e-05	1.5449e-12	-10.0	-2.5
19.497	2.1664e-05	1.6856e-12	-10.0	-2.5
19.997	2.1666e-05	1.6713e-12	-10.0	-2.5
20.497	2.1668e-05	2.1935e-12	-10.0	-2.5
20.997	2.1669e-05	1.2863e-12	-10.0	-2.5
21.497	2.1673e-05	1.6856e-12	-10.0	-2.5
21.997	2.1677e-05	1.8525e-12	-10.0	-2.5
22.497	2.1678e-05	1.4472e-12	-10.0	-2.5
22.997	2.1679e-05	1.4925e-12	-10.0	-2.5
23.497	2.1681e-05	2.3615e-12	-10.0	-2.5
23.997	2.1683e-05	1.9383e-12	-10.0	-2.5
24.497	2.1689e-05	1.9252e-12	-10.0	-2.5
24.997	2.169e-05	2.2256e-12	-10.0	-2.5
25.497	2.1694e-05	1.6642e-12	-10.0	-2.5
25.997	2.1697e-05	1.2767e-12	-10.0	-2.5
26.497	2.1695e-05	1.6415e-12	-10.0	-2.5
26.997	2.1697e-05	1.7071e-12	-10.0	-2.5
27.497	2.1702e-05	1.6081e-12	-10.0	-2.5
27.997	2.1705e-05	1.7405e-12	-10.0	-2.5
28.497	2.1707e-05	1.9753e-12	-10.0	-2.5
28.997	2.1708e-05	1.4234e-12	-10.0	-2.5
29.497	2.1708e-05	1.5688e-12	-10.0	-2.5
29.997	2.1709e-05	1.868e-12	-10.0	-2.5
30.497	2.1714e-05	1.2255e-12	-10.0	-2.5
30.997	2.1713e-05	1.5044e-12	-10.0	-2.5
31.497	2.1717e-05	1.7583e-12	-10.0	-2.5
31.997	2.172e-05	1.4472e-12	-10.0	-2.5
32.497	2.172e-05	2.2936e-12	-10.0	-2.5
32.997	2.172e-05	1.6916e-12	-10.0	-2.5
33.497	2.1722e-05	1.4651e-12	-10.0	-2.5
33.997	2.1724e-05	1.0085e-12	-10.0	-2.5
34.497	2.1725e-05	1.4448e-12	-10.0	-2.5
34.997	2.1727e-05	1.3196e-12	-10.0	-2.5
35.497	2.1731e-05	1.7548e-12	-10.0	-2.5
35.997	2.1733e-05	1.8096e-12	-10.0	-2.5
36.497	2.1731e-05	1.4532e-12	-10.0	-2.5
36.997	2.1735e-05	1.3125e-12	-10.0	-2.5
37.497	2.1735e-05	1.4162e-12	-10.0	-2.5
37.997	2.1737e-05	1.3673e-12	-10.0	-2.5
38.497	2.1741e-05	1.0419e-12	-10.0	-2.5
38.997	2.1741e-05	1.2898e-12	-10.0	-2.5
39.497	2.1743e-05	1.5044e-12	-10.0	-2.5
39.997	2.1746e-05	1.2875e-12	-10.0	-2.5
40.497	2.1746e-05	1.7643e-12	-10.0	-2.5
40.997	2.1749e-05	1.2636e-12	-10.0	-2.5
41.497	2.1749e-05	1.9801e-12	-10.0	-2.5
41.997	2.175e-05	1.0586e-12	-10.0	-2.5
42.497	2.1753e-05	1.5009e-12	-10.0	-2.5
42.997	2.1753e-05	8.3685e-13	-10.0	-2.5
43.497	2.1756e-05	1.3745e-12	-10.0	-2.5
43.997	2.1758e-05	1.2279e-12	-10.0	-2.5
44.497	2.1759e-05	1.2445e-12	-10.0	-2.5
44.997	2.1766e-05	9.2149e-13	-10.0	-2.5
45.497	2.1764e-05	1.0741e-12	-10.0	-2.5
45.997	2.1766e-05	1.26e-12	-10.0	-2.5
46.497	2.177e-05	9.0957e-13	-10.0	-2.5
46.997	2.1768e-05	1.4174e-12	-10.0	-2.5
47.497	2.1771e-05	9.5964e-13	-10.0	-2.5
47.997	2.1775e-05	1.1551e-12	-10.0	-2.5
48.497	2.1774e-05	1.3721e-12	-10.0	-2.5
48.997	2.1774e-05	1.1027e-12	-10.0	-2.5
49.497	2.1778e-05	9.799e-13	-10.0	-2.5
49.997	2.1779e-05	1.0037e-12	-10.0	-2.5
50.497	2.178e-05	1.5342e-12	-10.0	-2.5
50.997	2.1784e-05	1.7119e-12	-10.0	-2.5
51.497	2.1789e-05	1.1146e-12	-10.0	-2.5
51.997	2.1791e-05	1.3423e-12	-10.0	-2.5
52.497	2.1795e-05	1.2875e-12	-10.0	-2.5
52.997	2.1794e-05	1.4126e-12	-10.0	-2.5
53.497	2.1798e-05	1.4746e-12	-10.0	-2.5
53.997	2.1799e-05	1.4579e-12	-10.0	-2.5
54.497	2.1799e-05	7.1526e-13	-10.0	-2.5
54.997	2.1805e-05	9.8109e-13	-10.0	-2.5
55.497	2.1805e-05	1.4436e-12	-10.0	-2.5
56.0	2.1804e-05	9.1791e-13	-10.0	-2.5
56.497	2.1809e-05	1.2886e-12	-10.0	-2.5
56.997	2.1813e-05	1.0741e-12	-10.0	-2.5
57.497	2.1814e-05	1.1766e-12	-10.0	-2.5
57.997	2.1814e-05	1.3661e-12	-10.0	-2.5
58.497	2.1817e-05	8.893e-13	-10.0	-2.5
58.997	2.1822e-05	1.5366e-12	-10.0	-2.5
59.497	2.182e-05	1.2112e-12	-10.0	-2.5
60.0	2.1825e-05	1.812e-13	-10.0	-2.5
60.497	2.1826e-05	8.893e-13	-10.0	-2.5
60.997	2.1825e-05	1.1861e-12	-10.0	-2.5
61.497	2.1826e-05	9.6083e-13	-10.0	-2.5
61.997	2.1831e-05	1.4794e-12	-10.0	-2.5
62.497	2.1829e-05	1.179e-12	-10.0	-2.5
62.997	2.1832e-05	1.2934e-12	-10.0	-2.5
63.497	2.1839e-05	1.0896e-12	-10.0	-2.5
63.997	2.1839e-05	1.1349e-12	-10.0	-2.5
64.497	2.1839e-05	1.4579e-12	-10.0	-2.5
64.997	2.1837e-05	1.3745e-12	-10.0	-2.5
65.497	2.1843e-05	1.8823e-12	-10.0	-2.5
65.997	2.1845e-05	1.4257e-12	-10.0	-2.5
66.497	2.1847e-05	1.1849e-12	-10.0	-2.5
66.997	2.1848e-05	1.0181e-12	-10.0	-2.5
67.497	2.1847e-05	1.483e-12	-10.0	-2.5
67.997	2.1848e-05	1.2875e-12	-10.0	-2.5
68.497	2.1848e-05	1.4126e-12	-10.0	-2.5
68.997	2.185e-05	9.7871e-13	-10.0	-2.5
69.497	2.1852e-05	1.1241e-12	-10.0	-2.5
69.997	2.1854e-05	1.3196e-12	-10.0	-2.5
70.497	2.1855e-05	1.2088e-12	-10.0	-2.5
70.997	2.1855e-05	1.2302e-12	-10.0	-2.5
71.497	2.1857e-05	1.2696e-12	-10.0	-2.5
71.997	2.186e-05	1.1694e-12	-10.0	-2.5
72.497	2.1861e-05	6.628e-13	-10.0	-2.5
72.997	2.1863e-05	9.6798e-13	-10.0	-2.5
73.497	2.1864e-05	6.8545e-13	-10.0	-2.5
73.997	2.1866e-05	9.8348e-13	-10.0	-2.5
74.497	2.1867e-05	8.3447e-13	-10.0	-2.5
74.997	2.1872e-05	1.1742e-12	-10.0	-2.5
75.497	2.1875e-05	9.2983e-13	-10.0	-2.5
75.997	2.1876e-05	1.2684e-12	-10.0	-2.5
76.497	2.1879e-05	1.0145e-12	-10.0	-2.5
76.997	2.1877e-05	9.8705e-13	-10.0	-2.5
77.497	2.1878e-05	1.322e-12	-10.0	-2.5
77.997	2.1884e-05	1.1194e-12	-10.0	-2.5
78.497	2.1885e-05	1.8156e-12	-10.0	-2.5
78.997	2.1886e-05	5.7936e-13	-10.0	-2.5
79.497	2.1887e-05	1.086e-12	-10.0	-2.5
80.0	2.189e-05	1.0681e-12	-10.0	-2.5
80.497	2.189e-05	5.1975e-13	-10.0	-2.5
80.997	2.1892e-05	1.3053e-12	-10.0	-2.5
81.497	2.1895e-05	1.2445e-12	-10.0	-2.5
81.997	2.1893e-05	1.0669e-12	-10.0	-2.5
82.497	2.1895e-05	7.2002e-13	-10.0	-2.5
82.997	2.1895e-05	1.08e-12	-10.0	-2.5
83.497	2.19e-05	1.2398e-12	-10.0	-2.5
84.001	2.1903e-05	1.024e-12	-10.0	-2.5
84.497	2.1898e-05	1.2529e-12	-10.0	-2.5
84.997	2.19e-05	1.1194e-12	-10.0	-2.5
85.497	2.1899e-05	1.502e-12	-10.0	-2.5
85.997	2.1902e-05	1.1015e-12	-10.0	-2.5
86.497	2.1903e-05	7.9036e-13	-10.0	-2.5
86.997	2.1904e-05	1.1694e-12	-10.0	-2.5
87.497	2.1906e-05	6.4492e-13	-10.0	-2.5
88.0	2.1912e-05	7.2241e-13	-10.0	-2.5
88.497	2.1913e-05	8.0466e-13	-10.0	-2.5
88.997	2.1913e-05	7.844e-13	-10.0	-2.5
89.497	2.1915e-05	1.3042e-12	-10.0	-2.5
89.997	2.1913e-05	1.1647e-12	-10.0	-2.5
90.497	2.1913e-05	1.4877e-12	-10.0	-2.5
90.997	2.1915e-05	9.9778e-13	-10.0	-2.5
91.497	2.1916e-05	7.1406e-13	-10.0	-2.5
92.0	2.1921e-05	6.6757e-13	-10.0	-2.5
92.498	2.1923e-05	9.1672e-13	-10.0	-2.5
92.997	2.1926e-05	9.5964e-13	-10.0	-2.5
93.497	2.1925e-05	1.0717e-12	-10.0	-2.5
93.997	2.1928e-05	1.2362e-12	-10.0	-2.5
94.497	2.193e-05	1.3184e-12	-10.0	-2.5
94.997	2.1931e-05	1.0645e-12	-10.0	-2.5
95.497	2.1931e-05	1.179e-12	-10.0	-2.5
96.0	2.1935e-05	3.767e-13	-10.0	-2.5
96.497	2.1937e-05	1.1527e-12	-10.0	-2.5
96.997	2.1937e-05	1.6534e-12	-10.0	-2.5
97.497	2.1938e-05	1.0169e-12	-10.0	-2.5
97.997	2.1939e-05	8.44e-13	-10.0	-2.5
98.497	2.1942e-05	1.4353e-12	-10.0	-2.5
98.997	2.1942e-05	1.1575e-12	-10.0	-2.5
99.497	2.1944e-05	1.3566e-12	-10.0	-2.5
99.997	2.1947e-05	1.1539e-12	-10.0	-2.5
100.5	2.1947e-05	1.8597e-13	-10.0	-2.5
101.0	2.1951e-05	1.4472e-12	-10.0	-2.5
101.5	2.1949e-05	1.4186e-12	-10.0	-2.5
102.0	2.195e-05	1.564e-12	-10.0	-2.5
102.5	2.1953e-05	7.9751e-13	-10.0	-2.5
103.0	2.1955e-05	1.0633e-12	-10.0	-2.5
103.5	2.1957e-05	1.1337e-12	-10.0	-2.5
104.0	2.1955e-05	1.198e-12	-10.0	-2.5
104.5	2.1958e-05	7.3314e-13	-10.0	-2.5
105.0	2.1959e-05	1.0026e-12	-10.0	-2.5
105.5	2.1958e-05	1.3304e-12	-10.0	-2.5
106.0	2.1963e-05	9.0718e-13	-10.0	-2.5
106.5	2.1962e-05	1.0598e-12	-10.0	-2.5
107.0	2.1963e-05	8.9168e-13	-10.0	-2.5
107.5	2.1966e-05	8.2851e-13	-10.0	-2.5
108.0	2.1968e-05	8.2254e-13	-10.0	-2.5
108.5	2.197e-05	8.595e-13	-10.0	-2.5
109.0	2.197e-05	8.7857e-13	-10.0	-2.5
109.5	2.1973e-05	6.4015e-13	-10.0	-2.5
110.0	2.1975e-05	9.5725e-13	-10.0	-2.5
110.5	2.1977e-05	1.148e-12	-10.0	-2.5
111.0	2.1977e-05	8.297e-13	-10.0	-2.5
111.5	2.1976e-05	9.6321e-13	-10.0	-2.5
112.0	2.1981e-05	3.5524e-13	-10.0	-2.5
112.5	2.198e-05	1.0371e-12	-10.0	-2.5
113.0	2.1984e-05	6.5208e-13	-10.0	-2.5
113.5	2.1984e-05	9.2745e-13	-10.0	-2.5
114.0	2.1981e-05	8.9645e-13	-10.0	-2.5
114.5	2.1984e-05	1.0514e-12	-10.0	-2.5
115.0	2.1985e-05	1.1086e-12	-10.0	-2.5
115.5	2.1985e-05	9.0599e-13	-10.0	-2.5
116.0	2.1987e-05	1.0467e-12	-10.0	-2.5
116.5	2.1991e-05	1.2815e-12	-10.0	-2.5
117.0	2.1989e-05	9.0718e-13	-10.0	-2.5
117.5	2.199e-05	1.1849e-12	-10.0	-2.5
118.0	2.1994e-05	8.2374e-13	-10.0	-2.5
118.5	2.1992e-05	1.3528e-11	-10.0	-2.5
119.0	2.1998e-05	6.9951e-11	-10.0	-2.5
119.5	2.2001e-05	7.2914e-11	-10.0	-2.5
120.0	2.2005e-05	7.3312e-11	-10.0	-2.5
120.5	2.2007e-05	7.2393e-11	-10.0	-2.5
121.0	2.2015e-05	7.2979e-11	-10.0	-2.5
121.5	2.2017e-05	7.2057e-11	-10.0	-2.5
122.0	2.2022e-05	7.1621e-11	-10.0	-2.5
122.5	2.2025e-05	7.084e-11	-10.0	-2.5
123.0	2.2027e-05	7.0178e-11	-10.0	-2.5
123.5	2.2033e-05	7.0664e-11	-10.0	-2.5
124.0	2.2032e-05	6.9617e-11	-10.0	-2.5
124.5	2.2042e-05	6.9206e-11	-10.0	-2.5
125.0	2.2043e-05	6.9014e-11	-10.0	-2.5
125.5	2.2049e-05	6.8853e-11	-10.0	-2.5
126.0	2.2051e-05	6.8166e-11	-10.0	-2.5
126.5	2.2055e-05	6.7707e-11	-10.0	-2.5
127.0	2.2058e-05	6.8054e-11	-10.0	-2.5
127.5	2.2061e-05	6.7953e-11	-10.0	-2.5
128.0	2.2063e-05	6.772e-11	-10.0	-2.5
128.5	2.2069e-05	6.705e-11	-10.0	-2.5
129.0	2.2074e-05	6.7168e-11	-10.0	-2.5
129.5	2.2079e-05	6.7238e-11	-10.0	-2.5
130.0	2.2084e-05	6.7231e-11	-10.0	-2.5
130.5	2.2083e-05	6.7126e-11	-10.0	-2.5
131.0	2.2087e-05	6.682e-11	-10.0	-2.5
131.5	2.2088e-05	6.6974e-11	-10.0	-2.5
132.0	2.2092e-05	6.6621e-11	-10.0	-2.5
132.5	2.2097e-05	6.7165e-11	-10.0	-2.5
133.0	2.21e-05	6.6735e-11	-10.0	-2.5
133.5	2.21e-05	6.6533e-11	-10.0	-2.5
134.0	2.2102e-05	6.6026e-11	-10.0	-2.5
134.5	2.2106e-05	6.6576e-11	-10.0	-2.5
135.0	2.2106e-05	6.6788e-11	-10.0	-2.5
135.5	2.211e-05	6.6147e-11	-10.0	-2.5
136.0	2.2111e-05	6.6216e-11	-10.0	-2.5
136.5	2.2111e-05	6.6544e-11	-10.0	-2.5
137.0	2.2117e-05	6.6299e-11	-10.0	-2.5
137.5	2.2117e-05	6.645e-11	-10.0	-2.5
138.0	2.2119e-05	6.6345e-11	-10.0	-2.5
138.5	2.2125e-05	6.5628e-11	-10.0	-2.5
139.0	2.2129e-05	6.5988e-11	-10.0	-2.5
139.5	2.2133e-05	6.5943e-11	-10.0	-2.5
140.0	2.2134e-05	6.5978e-11	-10.0	-2.5
140.5	2.2139e-05	6.5966e-11	-10.0	-2.5
141.0	2.2139e-05	6.6248e-11	-10.0	-2.5
141.5	2.2142e-05	6.5665e-11	-10.0	-2.5
142.0	2.2141e-05	6.5922e-11	-10.0	-2.5
142.5	2.2141e-05	6.5604e-11	-10.0	-2.5
143.0	2.2142e-05	6.6066e-11	-10.0	-2.5
143.5	2.2143e-05	6.5951e-11	-10.0	-2.5
144.0	2.2145e-05	6.5813e-11	-10.0	-2.5
144.5	2.2148e-05	6.5887e-11	-10.0	-2.5
145.0	2.2148e-05	6.6208e-11	-10.0	-2.5
145.5	2.2149e-05	6.6279e-11	-10.0	-2.5
146.0	2.2153e-05	6.5682e-11	-10.0	-2.5
146.5	2.2156e-05	6.6272e-11	-10.0	-2.5
147.0	2.2156e-05	6.6107e-11	-10.0	-2.5
147.5	2.2158e-05	6.5212e-11	-10.0	-2.5
148.0	2.2161e-05	6.5902e-11	-10.0	-2.5
148.5	2.2165e-05	6.5607e-11	-10.0	-2.5
149.0	2.2165e-05	6.5833e-11	-10.0	-2.5
149.5	2.2168e-05	6.5447e-11	-10.0	-2.5
150.0	2.2166e-05	6.5538e-11	-10.0	-2.5
150.5	2.217e-05	6.5216e-11	-10.0	-2.5
151.0	2.2167e-05	6.4924e-11	-10.0	-2.5
151.5	2.2173e-05	6.5626e-11	-10.0	-2.5
152.0	2.2174e-05	6.5398e-11	-10.0	-2.5
152.5	2.2173e-05	6.5253e-11	-10.0	-2.5
153.0	2.2177e-05	6.4997e-11	-10.0	-2.5
153.5	2.2177e-05	6.5677e-11	-10.0	-2.5
154.0	2.2179e-05	6.5676e-11	-10.0	-2.5
154.5	2.2179e-05	6.5795e-11	-10.0	-2.5
155.0	2.2183e-05	6.5349e-11	-10.0	-2.5
155.5	2.2182e-05	6.5241e-11	-10.0	-2.5
156.0	2.2183e-05	6.4986e-11	-10.0	-2.5
156.5	2.2182e-05	6.5106e-11	-10.0	-2.5
157.0	2.2182e-05	6.5252e-11	-10.0	-2.5
157.5	2.2185e-05	6.5032e-11	-10.0	-2.5
158.0	2.2188e-05	6.5248e-11	-10.0	-2.5
158.5	2.2189e-05	6.464e-11	-10.0	-2.5
159.0	2.219e-05	6.5184e-11	-10.0	-2.5
159.5	2.2194e-05	6.4728e-11	-10.0	-2.5
160.0	2.2194e-05	6.5387e-11	-10.0	-2.5
160.5	2.2199e-05	6.5295e-11	-10.0	-2.5
161.0	2.2199e-05	6.4986e-11	-10.0	-2.5
161.5	2.2202e-05	6.4766e-11	-10.0	-2.5
162.0	2.2204e-05	6.5038e-11	-10.0	-2.5
162.5	2.2203e-05	6.461e-11	-10.0	-2.5
163.0	2.2201e-05	6.4511e-11	-10.0	-2.5
163.5	2.2204e-05	6.4959e-11	-10.0	-2.5
164.0	2.2202e-05	6.4542e-11	-10.0	-2.5
164.5	2.22e-05	6.4497e-11	-10.0	-2.5
165.0	2.2205e-05	6.4747e-11	-10.0	-2.5
165.5	2.2208e-05	6.4973e-11	-10.0	-2.5
166.0	2.2208e-05	6.459e-11	-10.0	-2.5
166.5	2.221e-05	6.4563e-11	-10.0	-2.5
167.0	2.2212e-05	6.4672e-11	-10.0	-2.5
167.5	2.2213e-05	6.4369e-11	-10.0	-2.5
168.0	2.2216e-05	6.4682e-11	-10.0	-2.5
168.5	2.2216e-05	6.4468e-11	-10.0	-2.5
169.0	2.2214e-05	6.4701e-11	-10.0	-2.5
169.5	2.2218e-05	6.4341e-11	-10.0	-2.5
170.0	2.2219e-05	6.5044e-11	-10.0	-2.5
170.5	2.2221e-05	6.4722e-11	-10.0	-2.5
171.0	2.2221e-05	6.3984e-11	-10.0	-2.5
171.5	2.2222e-05	6.3956e-11	-10.0	-2.5
172.0	2.2222e-05	6.4613e-11	-10.0	-2.5
172.5	2.2226e-05	6.4563e-11	-10.0	-2.5
173.0	2.223e-05	6.4113e-11	-10.0	-2.5
173.5	2.2225e-05	6.4698e-11	-10.0	-2.5
174.0	2.2224e-05	6.4763e-11	-10.0	-2.5
174.5	2.2225e-05	6.4698e-11	-10.0	-2.5
175.0	2.2229e-05	6.4232e-11	-10.0	-2.5
175.5	2.2229e-05	6.4368e-11	-10.0	-2.5
176.0	2.2234e-05	6.4511e-11	-10.0	-2.5
176.5	2.2239e-05	6.4251e-11	-10.0	-2.5
177.0	2.2237e-05	6.4092e-11	-10.0	-2.5
177.5	2.2236e-05	6.4268e-11	-10.0	-2.5
178.0	2.2238e-05	6.4051e-11	-10.0	-2.5
178.5	2.2235e-05	6.3505e-11	-10.0	-2.5
179.0	2.2237e-05	3.3546e-12	-10.0	-2.5
179.5	2.2233e-05	3.2425e-12	-10.0	-2.5
180.0	2.223e-05	4.0841e-12	-10.0	-2.5
180.5	2.2234e-05	4.1437e-12	-10.0	-2.5
181.0	2.2234e-05	4.4286e-12	-10.0	-2.5
181.5	2.2235e-05	3.9625e-12	-10.0	-2.5
182.0	2.2233e-05	4.3583e-12	-10.0	-2.5
182.5	2.2234e-05	3.8934e-12	-10.0	-2.5
183.0	2.2234e-05	4.8733e-12	-10.0	-2.5
183.5	2.2234e-05	3.8993e-12	-10.0	-2.5
184.0	2.2233e-05	3.2938e-12	-10.0	-2.5
184.5	2.2233e-05	3.7956e-12	-10.0	-2.5
185.0	2.2232e-05	3.438e-12	-10.0	-2.5
185.5	2.2233e-05	3.5942e-12	-10.0	-2.5
186.0	2.2231e-05	3.8743e-12	-10.0	-2.5
186.5	2.2231e-05	3.9279e-12	-10.0	-2.5
187.0	2.2228e-05	3.8063e-12	-10.0	-2.5
187.5	2.2231e-05	3.4416e-12	-10.0	-2.5
188.0	2.2231e-05	2.836e-12	-10.0	-2.5
188.5	2.2229e-05	3.3843e-12	-10.0	-2.5
189.0	2.2226e-05	3.2878e-12	-10.0	-2.5
189.5	2.2227e-05	3.0804e-12	-10.0	-2.5
190.0	2.2224e-05	3.4881e-12	-10.0	-2.5
190.5	2.2227e-05	3.7158e-12	-10.0	-2.5
191.0	2.2228e-05	3.8028e-12	-10.0	-2.5
191.5	2.2231e-05	2.8503e-12	-10.0	-2.5
192.0	2.2229e-05	3.0553e-12	-10.0	-2.5
192.5	2.2227e-05	3.5179e-12	-10.0	-2.5
193.0	2.2229e-05	2.6953e-12	-10.0	-2.5
193.5	2.2227e-05	3.2616e-12	-10.0	-2.5
194.0	2.2228e-05	3.2425e-12	-10.0	-2.5
194.5	2.2226e-05	2.6369e-12	-10.0	-2.5
195.0	2.2229e-05	3.4904e-12	-10.0	-2.5
195.5	2.2227e-05	3.1281e-12	-10.0	-2.5
196.0	2.2229e-05	3.0279e-12	-10.0	-2.5
196.5	2.2228e-05	2.8622e-12	-10.0	-2.5
197.0	2.2225e-05	2.8896e-12	-10.0	-2.5
197.5	2.2231e-05	2.9075e-12	-10.0	-2.5
198.0	2.2232e-05	2.9576e-12	-10.0	-2.5
198.5	2.2233e-05	3.0506e-12	-10.0	-2.5
199.0	2.2233e-05	3.0637e-12	-10.0	-2.5
199.5	2.2228e-05	3.4523e-12	-10.0	-2.5
200.0	2.2228e-05	2.0862e-12	-10.0	-2.5
200.5	2.2227e-05	2.9433e-12	-10.0	-2.5
201.0	2.2228e-05	2.4343e-12	-10.0	-2.5
201.5	2.2227e-05	2.495e-12	-10.0	-2.5
202.0	2.223e-05	2.5582e-12	-10.0	-2.5
202.5	2.2227e-05	2.4378e-12	-10.0	-2.5
203.0	2.2226e-05	2.2829e-12	-10.0	-2.5
203.5	2.2227e-05	3.1388e-12	-10.0	-2.5
204.0	2.2227e-05	2.8133e-12	-10.0	-2.5
204.5	2.2232e-05	2.9445e-12	-10.0	-2.5
205.0	2.223e-05	2.5701e-12	-10.0	-2.5
205.5	2.2229e-05	2.9528e-12	-10.0	-2.5
206.0	2.2228e-05	2.3234e-12	-10.0	-2.5
206.5	2.2229e-05	2.5427e-12	-10.0	-2.5
207.0	2.2233e-05	2.4557e-12	-10.0	-2.5
207.5	2.2232e-05	2.6095e-12	-10.0	-2.5
208.0	2.2234e-05	2.3496e-12	-10.0	-2.5
208.5	2.2234e-05	3.2592e-12	-10.0	-2.5
209.0	2.2234e-05	2.2602e-12	-10.0	-2.5
209.5	2.2234e-05	2.6286e-12	-10.0	-2.5
210.0	2.2236e-05	2.5582e-12	-10.0	-2.5
210.5	2.2235e-05	2.4617e-12	-10.0	-2.5
211.0	2.2237e-05	2.6345e-12	-10.0	-2.5
211.5	2.2236e-05	3.1507e-12	-10.0	-2.5
212.0	2.2237e-05	2.6321e-12	-10.0	-2.5
212.5	2.2236e-05	2.6131e-12	-10.0	-2.5
213.0	2.2241e-05	2.9886e-12	-10.0	-2.5
213.5	2.2239e-05	2.7001e-12	-10.0	-2.5
214.0	2.2241e-05	2.718e-12	-10.0	-2.5
214.5	2.2241e-05	2.9635e-12	-10.0	-2.5
215.0	2.224e-05	2.6119e-12	-10.0	-2.5
215.5	2.2242e-05	2.6286e-12	-10.0	-2.5
216.0	2.2243e-05	2.7418e-12	-10.0	-2.5
216.5	2.2239e-05	2.3937e-12	-10.0	-2.5
217.0	2.2238e-05	2.8384e-12	-10.0	-2.5
217.5	2.2239e-05	2.3329e-12	-10.0	-2.5
218.0	2.2241e-05	2.7215e-12	-10.0	-2.5
218.5	2.2244e-05	2.3699e-12	-10.0	-2.5
219.0	2.2243e-05	2.7513e-12	-10.0	-2.5
219.5	2.2242e-05	2.1326e-12	-10.0	-2.5
220.0	2.2242e-05	2.3341e-12	-10.0	-2.5
220.5	2.2243e-05	1.9824e-12	-10.0	-2.5
221.0	2.2241e-05	2.1064e-12	-10.0	-2.5
221.5	2.2245e-05	2.681e-12	-10.0	-2.5
222.0	2.225e-05	2.0766e-12	-10.0	-2.5
222.5	2.2249e-05	2.0015e-12	-10.0	-2.5
223.0	2.2248e-05	2.5392e-12	-10.0	-2.5
223.5	2.2245e-05	2.3127e-12	-10.0	-2.5
224.0	2.2242e-05	1.8656e-12	-10.0	-2.5
224.5	2.2245e-05	2.2328e-12	-10.0	-2.5
225.0	2.2247e-05	2.0873e-12	-10.0	-2.5
225.5	2.2247e-05	2.0647e-12	-10.0	-2.5
226.0	2.2253e-05	2.1279e-12	-10.0	-2.5
226.5	2.2251e-05	2.3341e-12	-10.0	-2.5
227.0	2.2249e-05	2.7597e-12	-10.0	-2.5
227.5	2.2251e-05	2.3556e-12	-10.0	-2.5
228.0	2.2254e-05	2.2805e-12	-10.0	-2.5
228.5	2.2251e-05	2.2721e-12	-10.0	-2.5
229.0	2.2251e-05	2.0516e-12	-10.0	-2.5
229.5	2.2251e-05	2.0838e-12	-10.0	-2.5
230.0	2.2254e-05	1.7869e-12	-10.0	-2.5
230.5	2.2252e-05	1.8728e-12	-10.0	-2.5
231.0	2.2253e-05	2.234e-12	-10.0	-2.5
231.5	2.2251e-05	1.8406e-12	-10.0	-2.5
232.0	2.2252e-05	1.8978e-12	-10.0	-2.5
232.5	2.2254e-05	1.6832e-12	-10.0	-2.5
233.0	2.2255e-05	2.4044e-12	-10.0	-2.5
233.5	2.2254e-05	2.0158e-12	-10.0	-2.5
234.0	2.2256e-05	2.4319e-12	-10.0	-2.5
234.5	2.2255e-05	2.5547e-12	-10.0	-2.5
235.0	2.2257e-05	1.8883e-12	-10.0	-2.5
235.5	2.2259e-05	2.6679e-12	-10.0	-2.5
236.0	2.2258e-05	1.9467e-12	-10.0	-2.5
236.5	2.2258e-05	1.2243e-12	-10.0	-2.5
237.0	2.2258e-05	1.7011e-12	-10.0	-2.5
237.5	2.2259e-05	1.9157e-12	-10.0	-2.5
238.0	2.2261e-05	1.8406e-12	-10.0	-2.5
238.5	2.2263e-05	4.8029e-12	-10.0	-2.5
239.0	2.2262e-05	6.4732e-11	-10.0	-2.5
239.5	2.2265e-05	6.9531e-11	-10.0	-2.5
240.0	2.2267e-05	7.0174e-11	-10.0	-2.5
240.5	2.2272e-05	7.0374e-11	-10.0	-2.5
241.0	2.2272e-05	6.9333e-11	-10.0	-2.5
241.5	2.2275e-05	6.9101e-11	-10.0	-2.5
242.0	2.2276e-05	6.881e-11	-10.0	-2.5
242.5	2.2281e-05	6.9357e-11	-10.0	-2.5
243.0	2.228e-05	6.8595e-11	-10.0	-2.5
243.5	2.2286e-05	6.7707e-11	-10.0	-2.5
244.0	2.2282e-05	6.8078e-11	-10.0	-2.5
244.5	2.2284e-05	6.7326e-11	-10.0	-2.5
245.0	2.2288e-05	6.7573e-11	-10.0	-2.5
245.5	2.2294e-05	6.6918e-11	-10.0	-2.5
246.0	2.2292e-05	6.7193e-11	-10.0	-2.5
246.5	2.2295e-05	6.6582e-11	-10.0	-2.5
247.0	2.2296e-05	6.6721e-11	-10.0	-2.5
247.5	2.2295e-05	6.6491e-11	-10.0	-2.5
248.0	2.2296e-05	6.6397e-11	-10.0	-2.5
248.5	2.2302e-05	6.6172e-11	-10.0	-2.5
249.0	2.2304e-05	6.6379e-11	-10.0	-2.5
249.5	2.2306e-05	6.5869e-11	-10.0	-2.5
250.0	2.2306e-05	6.574e-11	-10.0	-2.5
250.5	2.2308e-05	6.5808e-11	-10.0	-2.5
251.0	2.231e-05	6.6295e-11	-10.0	-2.5
251.5	2.2312e-05	6.5968e-11	-10.0	-2.5
252.0	2.2314e-05	6.6167e-11	-10.0	-2.5
252.5	2.2315e-05	6.5834e-11	-10.0	-2.5
253.0	2.2318e-05	6.5244e-11	-10.0	-2.5
253.5	2.2321e-05	6.5719e-11	-10.0	-2.5
254.0	2.2321e-05	6.5404e-11	-10.0	-2.5
254.5	2.232e-05	6.5242e-11	-10.0	-2.5
255.0	2.2321e-05	6.4999e-11	-10.0	-2.5
255.5	2.2323e-05	6.5334e-11	-10.0	-2.5
256.0	2.2327e-05	6.4796e-11	-10.0	-2.5
256.5	2.2327e-05	6.4906e-11	-10.0	-2.5
257.0	2.2328e-05	6.4741e-11	-10.0	-2.5
257.5	2.2329e-05	6.4733e-11	-10.0	-2.5
258.0	2.233e-05	6.5192e-11	-10.0	-2.5
258.5	2.2333e-05	6.4533e-11	-10.0	-2.5
259.0	2.2335e-05	6.4468e-11	-10.0	-2.5
259.5	2.2332e-05	6.4894e-11	-10.0	-2.5
260.0	2.2333e-05	6.4831e-11	-10.0	-2.5
260.5	2.2335e-05	6.4902e-11	-10.0	-2.5
261.0	2.2338e-05	6.4855e-11	-10.0	-2.5
261.5	2.234e-05	6.4154e-11	-10.0	-2.5
262.0	2.2342e-05	6.4772e-11	-10.0	-2.5
262.5	2.2341e-05	6.4599e-11	-10.0	-2.5
263.0	2.2344e-05	6.4592e-11	-10.0	-2.5
263.5	2.2344e-05	6.4825e-11	-10.0	-2.5
264.0	2.2344e-05	6.4654e-11	-10.0	-2.5
264.5	2.2347e-05	6.4511e-11	-10.0	-2.5
265.0	2.2346e-05	6.454e-11	-10.0	-2.5
265.5	2.235e-05	6.4022e-11	-10.0	-2.5
266.0	2.2348e-05	6.4412e-11	-10.0	-2.5
266.5	2.2346e-05	6.5167e-11	-10.0	-2.5
267.0	2.2345e-05	6.4478e-11	-10.0	-2.5
267.5	2.2349e-05	6.5329e-11	-10.0	-2.5
268.0	2.235e-05	6.4685e-11	-10.0	-2.5
268.5	2.2351e-05	6.4626e-11	-10.0	-2.5
269.0	2.2351e-05	6.4225e-11	-10.0	-2.5
269.5	2.2351e-05	6.4507e-11	-10.0	-2.5
270.0	2.2351e-05	6.4663e-11	-10.0	-2.5
270.5	2.2349e-05	6.4555e-11	-10.0	-2.5
271.0	2.235e-05	6.4136e-11	-10.0	-2.5
271.5	2.235e-05	6.3924e-11	-10.0	-2.5
272.0	2.2354e-05	6.4874e-11	-10.0	-2.5
272.5	2.2355e-05	6.4082e-11	-10.0	-2.5
273.0	2.2359e-05	6.3993e-11	-10.0	-2.5
273.5	2.2358e-05	6.4216e-11	-10.0	-2.5
274.0	2.2359e-05	6.4561e-11	-10.0	-2.5
274.5	2.2358e-05	6.4586e-11	-10.0	-2.5
275.0	2.236e-05	6.4021e-11	-10.0	-2.5
275.5	2.2354e-05	6.4884e-11	-10.0	-2.5
276.0	2.2356e-05	6.3983e-11	-10.0	-2.5
276.5	2.2355e-05	6.405e-11	-10.0	-2.5
277.0	2.2358e-05	6.4577e-11	-10.0	-2.5
277.5	2.2356e-05	6.3908e-11	-10.0	-2.5
278.0	2.2358e-05	6.3947e-11	-10.0	-2.5
278.5	2.2358e-05	6.3871e-11	-10.0	-2.5
279.0	2.2358e-05	6.3957e-11	-10.0	-2.5
279.5	2.2357e-05	6.4523e-11	-10.0	-2.5
280.0	2.2358e-05	6.3771e-11	-10.0	-2.5
280.5	2.2361e-05	6.3752e-11	-10.0	-2.5
281.0	2.236e-05	6.3556e-11	-10.0	-2.5
281.5	2.2361e-05	6.3903e-11	-10.0	-2.5
282.0	2.236e-05	6.4105e-11	-10.0	-2.5
282.5	2.2359e-05	6.3442e-11	-10.0	-2.5
283.0	2.2363e-05	6.4115e-11	-10.0	-2.5
283.5	2.2361e-05	6.3137e-11	-10.0	-2.5
284.0	2.2361e-05	6.368e-11	-10.0	-2.5
284.5	2.2365e-05	6.3879e-11	-10.0	-2.5
285.0	2.2364e-05	6.3536e-11	-10.0	-2.5
285.5	2.2362e-05	6.3678e-11	-10.0	-2.5
286.0	2.2361e-05	6.3339e-11	-10.0	-2.5
286.5	2.2362e-05	6.3635e-11	-10.0	-2.5
287.0	2.2366e-05	6.3453e-11	-10.0	-2.5
287.5	2.2362e-05	6.3376e-11	-10.0	-2.5
288.0	2.2361e-05	6.3977e-11	-10.0	-2.5
288.5	2.2361e-05	6.3459e-11	-10.0	-2.5
289.0	2.2369e-05	6.3059e-11	-10.0	-2.5
289.5	2.2364e-05	6.3226e-11	-10.0	-2.5
290.0	2.2361e-05	6.3615e-11	-10.0	-2.5
290.5	2.236e-05	6.3336e-11	-10.0	-2.5
291.0	2.2365e-05	6.392e-11	-10.0	-2.5
291.5	2.2363e-05	6.3083e-11	-10.0	-2.5
292.0	2.236e-05	6.3051e-11	-10.0	-2.5
292.5	2.2366e-05	6.3739e-11	-10.0	-2.5
293.0	2.2366e-05	6.3881e-11	-10.0	-2.5
293.5	2.2367e-05	6.3802e-11	-10.0	-2.5
294.0	2.2366e-05	6.3616e-11	-10.0	-2.5
294.5	2.2364e-05	6.3362e-11	-10.0	-2.5
295.0	2.2371e-05	6.2934e-11	-10.0	-2.5
295.5	2.2367e-05	6.3761e-11	-10.0	-2.5
296.0	2.2366e-05	6.3449e-11	-10.0	-2.5
296.5	2.2369e-05	6.3312e-11	-10.0	-2.5
297.0	2.2369e-05	6.3605e-11	-10.0	-2.5
297.5	2.2366e-05	6.3357e-11	-10.0	-2.5
298.0	2.2369e-05	6.3369e-11	-10.0	-2.5
298.5	2.2368e-05	6.2956e-11	-10.0	-2.5
299.0	2.2366e-05	3.7241e-12	-10.0	-2.5
299.5	2.2366e-05	3.2413e-12	-10.0	-2.5
300.0	2.2363e-05	4.2462e-12	-10.0	-2.5
300.5	2.2361e-05	4.9222e-12	-10.0	-2.5
301.0	2.2359e-05	5.1677e-12	-10.0	-2.5
301.5	2.236e-05	4.4405e-12	-10.0	-2.5
302.0	2.2361e-05	4.6754e-12	-10.0	-2.5
302.5	2.2359e-05	4.7696e-12	-10.0	-2.5
303.0	2.2362e-05	4.0388e-12	-10.0	-2.5
303.5	2.2359e-05	4.4799e-12	-10.0	-2.5
304.0	2.2362e-05	4.2999e-12	-10.0	-2.5
304.5	2.2361e-05	4.1759e-12	-10.0	-2.5
305.0	2.2358e-05	4.487e-12	-10.0	-2.5
305.5	2.2355e-05	4.1854e-12	-10.0	-2.5
306.0	2.2356e-05	4.3356e-12	-10.0	-2.5
306.5	2.2356e-05	3.8159e-12	-10.0	-2.5
307.0	2.2354e-05	4.0686e-12	-10.0	-2.5
307.5	2.2354e-05	3.9124e-12	-10.0	-2.5
308.0	2.2356e-05	3.4201e-12	-10.0	-2.5
308.5	2.2353e-05	3.6597e-12	-10.0	-2.5
309.0	2.2351e-05	3.6085e-12	-10.0	-2.5
309.5	2.2352e-05	4.0841e-12	-10.0	-2.5
310.0	2.2347e-05	3.6347e-12	-10.0	-2.5
310.5	2.2347e-05	3.2127e-12	-10.0	-2.5
311.0	2.2348e-05	3.3641e-12	-10.0	-2.5
311.5	2.2347e-05	4.1676e-12	-10.0	-2.5
312.0	2.235e-05	3.581e-12	-10.0	-2.5
312.5	2.235e-05	3.4988e-12	-10.0	-2.5
313.0	2.2346e-05	3.5e-12	-10.0	-2.5
313.5	2.235e-05	3.7324e-12	-10.0	-2.5
314.0	2.2347e-05	3.7026e-12	-10.0	-2.5
314.5	2.2344e-05	3.4237e-12	-10.0	-2.5
315.0	2.2344e-05	3.9864e-12	-10.0	-2.5
315.5	2.2344e-05	3.6633e-12	-10.0	-2.5
316.0	2.2344e-05	3.4916e-12	-10.0	-2.5
316.5	2.2345e-05	3.4261e-12	-10.0	-2.5
317.0	2.2349e-05	3.6228e-12	-10.0	-2.5
317.5	2.2346e-05	3.1209e-12	-10.0	-2.5
318.0	2.2345e-05	3.1543e-12	-10.0	-2.5
318.5	2.2343e-05	3.4249e-12	-10.0	-2.5
319.0	2.2342e-05	4.0758e-12	-10.0	-2.5
319.5	2.2345e-05	3.6383e-12	-10.0	-2.5
320.0	2.2345e-05	3.3057e-12	-10.0	-2.5
320.5	2.2345e-05	3.581e-12	-10.0	-2.5
321.0	2.2346e-05	3.4606e-12	-10.0	-2.5
321.5	2.2346e-05	3.5024e-12	-10.0	-2.5
322.0	2.2349e-05	2.8408e-12	-10.0	-2.5
322.5	2.2344e-05	3.0196e-12	-10.0	-2.5
323.0	2.2342e-05	3.1495e-12	-10.0	-2.5
323.5	2.2344e-05	3.6049e-12	-10.0	-2.5
324.0	2.2345e-05	3.041e-12	-10.0	-2.5
324.5	2.2346e-05	2.8539e-12	-10.0	-2.5
325.0	2.2345e-05	3.0589e-12	-10.0	-2.5
325.5	2.2347e-05	3.041e-12	-10.0	-2.5
326.0	2.2343e-05	2.6596e-12	-10.0	-2.5
326.5	2.2343e-05	2.7275e-12	-10.0	-2.5
327.0	2.2343e-05	2.7001e-12	-10.0	-2.5
327.5	2.234e-05	2.6548e-12	-10.0	-2.5
328.0	2.2338e-05	3.2175e-12	-10.0	-2.5
328.5	2.2343e-05	2.5058e-12	-10.0	-2.5
329.0	2.234e-05	2.5535e-12	-10.0	-2.5
329.5	2.2341e-05	2.8551e-12	-10.0	-2.5
330.0	2.2339e-05	2.414e-12	-10.0	-2.5
330.5	2.2337e-05	2.3544e-12	-10.0	-2.5
331.0	2.234e-05	2.7394e-12	-10.0	-2.5
331.5	2.2341e-05	3.3081e-12	-10.0	-2.5
332.0	2.2341e-05	2.5618e-12	-10.0	-2.5
332.5	2.2341e-05	3.022e-12	-10.0	-2.5
333.0	2.2339e-05	2.7919e-12	-10.0	-2.5
333.5	2.2343e-05	2.7847e-12	-10.0	-2.5
334.0	2.2344e-05	2.9147e-12	-10.0	-2.5
334.5	2.2341e-05	2.6774e-12	-10.0	-2.5
335.0	2.2343e-05	2.7502e-12	-10.0	-2.5
335.5	2.2344e-05	2.8384e-12	-10.0	-2.5
336.0	2.2342e-05	3.0279e-12	-10.0	-2.5
336.5	2.2339e-05	2.8837e-12	-10.0	-2.5
337.0	2.2342e-05	2.6333e-12	-10.0	-2.5
337.5	2.2341e-05	2.5213e-12	-10.0	-2.5
338.0	2.234e-05	2.8169e-12	-10.0	-2.5
338.5	2.2342e-05	2.8586e-12	-10.0	-2.5
339.0	2.2343e-05	3.0148e-12	-10.0	-2.5
339.5	2.2346e-05	2.2686e-12	-10.0	-2.5
340.0	2.2346e-05	2.5106e-12	-10.0	-2.5
340.5	2.2346e-05	3.1435e-12	-10.0	-2.5
341.0	2.2346e-05	3.2401e-12	-10.0	-2.5
341.5	2.2348e-05	2.9838e-12	-10.0	-2.5
342.0	2.2345e-05	3.1519e-12	-10.0	-2.5
342.5	2.2346e-05	2.9027e-12	-10.0	-2.5
343.0	2.2347e-05	2.6405e-12	-10.0	-2.5
343.5	2.2346e-05	2.8229e-12	-10.0	-2.5
344.0	2.2346e-05	3.0863e-12	-10.0	-2.5
344.5	2.2348e-05	3.2985e-12	-10.0	-2.5
345.0	2.235e-05	3.0029e-12	-10.0	-2.5
345.5	2.235e-05	2.9015e-12	-10.0	-2.5
346.0	2.2352e-05	3.109e-12	-10.0	-2.5
346.5	2.2355e-05	2.9481e-12	-10.0	-2.5
347.0	2.235e-05	3.1114e-12	-10.0	-2.5
347.5	2.2352e-05	3.1829e-12	-10.0	-2.5
348.0	2.2351e-05	3.283e-12	-10.0	-2.5
348.5	2.2355e-05	2.8896e-12	-10.0	-2.5
349.0	2.2353e-05	2.9659e-12	-10.0	-2.5
349.5	2.2357e-05	2.6309e-12	-10.0	-2.5
350.0	2.2356e-05	2.619e-12	-10.0	-2.5
350.5	2.2355e-05	2.8241e-12	-10.0	-2.5
351.0	2.2355e-05	3.0708e-12	-10.0	-2.5
351.5	2.2358e-05	2.8825e-12	-10.0	-2.5
352.0	2.2358e-05	2.2769e-12	-10.0	-2.5
352.5	2.2357e-05	2.96e-12	-10.0	-2.5
353.0	2.2361e-05	2.5034e-12	-10.0	-2.5
353.5	2.2358e-05	2.6548e-12	-10.0	-2.5
354.0	2.236e-05	2.4843e-12	-10.0	-2.5
354.5	2.236e-05	2.6679e-12	-10.0	-2.5
355.0	2.2358e-05	2.7001e-12	-10.0	-2.5
355.5	2.2357e-05	2.0528e-12	-10.0	-2.5
356.0	2.2358e-05	2.6226e-12	-10.0	-2.5
356.5	2.2362e-05	2.6214e-12	-10.0	-2.5
357.0	2.2364e-05	2.743e-12	-10.0	-2.5
357.5	2.2363e-05	3.0065e-12	-10.0	-2.5
358.0	2.2363e-05	2.2113e-12	-10.0	-2.5
358.5	2.2364e-05	1.6069e-12	-10.0	-2.5
359.0	2.2369e-05	6.3694e-11	-10.0	-2.5
359.5	2.2369e-05	6.8866e-11	-10.0	-2.5
360.0	2.2371e-05	6.9637e-11	-10.0	-2.5
360.5	2.2371e-05	6.9451e-11	-10.0	-2.5
361.0	2.2375e-05	6.9125e-11	-10.0	-2.5
361.5	2.2378e-05	6.8855e-11	-10.0	-2.5
362.0	2.2377e-05	6.8076e-11	-10.0	-2.5
362.5	2.238e-05	6.8058e-11	-10.0	-2.5
363.0	2.2381e-05	6.7812e-11	-10.0	-2.5
363.5	2.2381e-05	6.7548e-11	-10.0	-2.5
364.0	2.2381e-05	6.6772e-11	-10.0	-2.5
364.5	2.2382e-05	6.6423e-11	-10.0	-2.5
365.0	2.2386e-05	6.6038e-11	-10.0	-2.5
365.5	2.2388e-05	6.5513e-11	-10.0	-2.5
366.0	2.2389e-05	6.5764e-11	-10.0	-2.5
366.5	2.2392e-05	6.5665e-11	-10.0	-2.5
367.0	2.2393e-05	6.4936e-11	-10.0	-2.5
367.5	2.2398e-05	6.5433e-11	-10.0	-2.5
368.0	2.2398e-05	6.4548e-11	-10.0	-2.5
368.5	2.24e-05	6.5116e-11	-10.0	-2.5
369.0	2.2399e-05	6.5271e-11	-10.0	-2.5
369.5	2.2402e-05	6.5126e-11	-10.0	-2.5
370.0	2.2404e-05	6.4482e-11	-10.0	-2.5
370.5	2.2406e-05	6.478e-11	-10.0	-2.5
371.0	2.2404e-05	6.454e-11	-10.0	-2.5
371.5	2.2408e-05	6.5024e-11	-10.0	-2.5
372.0	2.2408e-05	6.49e-11	-10.0	-2.5
372.5	2.241e-05	6.479e-11	-10.0	-2.5
373.0	2.2413e-05	6.4949e-11	-10.0	-2.5
373.5	2.2411e-05	6.5072e-11	-10.0	-2.5
374.0	2.2408e-05	6.4403e-11	-10.0	-2.5
374.5	2.2413e-05	6.4598e-11	-10.0	-2.5
375.0	2.2413e-05	6.422e-11	-10.0	-2.5
375.5	2.2414e-05	6.4588e-11	-10.0	-2.5
376.0	2.2412e-05	6.4429e-11	-10.0	-2.5
376.5	2.2416e-05	6.4427e-11	-10.0	-2.5
377.0	2.2412e-05	6.493e-11	-10.0	-2.5
377.5	2.2414e-05	6.4353e-11	-10.0	-2.5
378.0	2.2412e-05	6.4905e-11	-10.0	-2.5
378.5	2.2415e-05	6.4741e-11	-10.0	-2.5
379.0	2.2413e-05	6.4022e-11	-10.0	-2.5
379.5	2.2416e-05	6.4543e-11	-10.0	-2.5
380.0	2.2416e-05	6.4222e-11	-10.0	-2.5
380.5	2.2419e-05	6.4466e-11	-10.0	-2.5
381.0	2.2415e-05	6.4414e-11	-10.0	-2.5
381.5	2.2416e-05	6.4394e-11	-10.0	-2.5
382.0	2.2421e-05	6.4278e-11	-10.0	-2.5
382.5	2.2415e-05	6.3885e-11	-10.0	-2.5
383.0	2.2418e-05	6.4957e-11	-10.0	-2.5
383.5	2.2423e-05	6.4392e-11	-10.0	-2.5
384.0	2.2421e-05	6.3907e-11	-10.0	-2.5
384.5	2.2422e-05	6.3424e-11	-10.0	-2.5
385.0	2.242e-05	6.3626e-11	-10.0	-2.5
385.5	2.2422e-05	6.4201e-11	-10.0	-2.5
386.0	2.2423e-05	6.3927e-11	-10.0	-2.5
386.5	2.2424e-05	6.4291e-11	-10.0	-2.5
387.0	2.2419e-05	6.3295e-11	-10.0	-2.5
387.5	2.242e-05	6.3606e-11	-10.0	-2.5
388.0	2.242e-05	6.4086e-11	-10.0	-2.5
388.5	2.2418e-05	6.4087e-11	-10.0	-2.5
389.0	2.2422e-05	6.3666e-11	-10.0	-2.5
389.5	2.242e-05	6.3138e-11	-10.0	-2.5
390.0	2.2421e-05	6.3336e-11	-10.0	-2.5
390.5	2.2419e-05	6.3553e-11	-10.0	-2.5
391.0	2.242e-05	6.3393e-11	-10.0	-2.5
391.5	2.242e-05	6.2841e-11	-10.0	-2.5
392.0	2.242e-05	6.3293e-11	-10.0	-2.5
392.5	2.2421e-05	6.305e-11	-10.0	-2.5
393.0	2.2421e-05	6.3385e-11	-10.0	-2.5
393.5	2.2418e-05	6.3412e-11	-10.0	-2.5
394.0	2.2418e-05	6.3446e-11	-10.0	-2.5
394.5	2.2419e-05	6.3217e-11	-10.0	-2.5
395.0	2.2418e-05	6.3008e-11	-10.0	-2.5
395.5	2.2419e-05	6.3187e-11	-10.0	-2.5
396.0	2.2419e-05	6.3781e-11	-10.0	-2.5
396.5	2.2417e-05	6.315e-11	-10.0	-2.5
397.0	2.2415e-05	6.316e-11	-10.0	-2.5
397.5	2.2418e-05	6.3427e-11	-10.0	-2.5
398.0	2.2418e-05	6.3505e-11	-10.0	-2.5
398.5	2.2421e-05	6.3323e-11	-10.0	-2.5
399.0	2.2422e-05	6.3202e-11	-10.0	-2.5
399.5	2.2421e-05	6.3468e-11	-10.0	-2.5
400.0	2.242e-05	6.3173e-11	-10.0	-2.5
400.5	2.2422e-05	6.3748e-11	-10.0	-2.5
401.0	2.2423e-05	6.3108e-11	-10.0	-2.5
401.5	2.2423e-05	6.331e-11	-10.0	-2.5
402.0	2.2423e-05	6.3453e-11	-10.0	-2.5
402.5	2.2423e-05	6.3323e-11	-10.0	-2.5
403.0	2.2418e-05	6.3371e-11	-10.0	-2.5
403.5	2.2415e-05	6.3239e-11	-10.0	-2.5
404.0	2.2417e-05	6.2739e-11	-10.0	-2.5
404.5	2.242e-05	6.3981e-11	-10.0	-2.5
405.0	2.2417e-05	6.2633e-11	-10.0	-2.5
405.5	2.2423e-05	6.3274e-11	-10.0	-2.5
406.0	2.2421e-05	6.3274e-11	-10.0	-2.5
406.5	2.2423e-05	6.3446e-11	-10.0	-2.5
407.0	2.2421e-05	6.3437e-11	-10.0	-2.5
407.5	2.2421e-05	6.3494e-11	-10.0	-2.5
408.0	2.2418e-05	6.2271e-11	-10.0	-2.5
408.5	2.2418e-05	6.3213e-11	-10.0	-2.5
409.0	2.2421e-05	6.2696e-11	-10.0	-2.5
409.5	2.2421e-05	6.3152e-11	-10.0	-2.5
410.0	2.2421e-05	6.2989e-11	-10.0	-2.5
410.5	2.2416e-05	6.2864e-11	-10.0	-2.5
411.0	2.2416e-05	6.2594e-11	-10.0	-2.5
411.5	2.2413e-05	6.2715e-11	-10.0	-2.5
412.0	2.2414e-05	6.2856e-11	-10.0	-2.5
412.5	2.2414e-05	6.332e-11	-10.0	-2.5
413.0	2.2416e-05	6.3134e-11	-10.0	-2.5
413.5	2.2415e-05	6.2963e-11	-10.0	-2.5
414.0	2.2419e-05	6.2541e-11	-10.0	-2.5
414.5	2.2416e-05	6.3268e-11	-10.0	-2.5
415.0	2.2416e-05	6.3074e-11	-10.0	-2.5
415.5	2.2415e-05	6.307e-11	-10.0	-2.5
416.0	2.2415e-05	6.2311e-11	-10.0	-2.5
416.5	2.2417e-05	6.2841e-11	-10.0	-2.5
417.0	2.2416e-05	6.2558e-11	-10.0	-2.5
417.5	2.2417e-05	6.2673e-11	-10.0	-2.5
418.0	2.2415e-05	6.2748e-11	-10.0	-2.5
418.5	2.2417e-05	6.2684e-11	-10.0	-2.5
419.0	2.2411e-05	4.5764e-12	-10.0	-2.5
419.5	2.2408e-05	3.3247e-12	-10.0	-2.5
420.0	2.2409e-05	5.6088e-12	-10.0	-2.5
420.5	2.2409e-05	5.393e-12	-10.0	-2.5
421.0	2.2407e-05	5.0139e-12	-10.0	-2.5
421.5	2.2409e-05	4.8161e-12	-10.0	-2.5
422.0	2.241e-05	5.1999e-12	-10.0	-2.5
422.5	2.2409e-05	5.1379e-12	-10.0	-2.5
423.0	2.2413e-05	5.2822e-12	-10.0	-2.5
423.5	2.2408e-05	4.8959e-12	-10.0	-2.5
424.0	2.2405e-05	4.4429e-12	-10.0	-2.5
424.5	2.2408e-05	4.6468e-12	-10.0	-2.5
425.0	2.2407e-05	4.8852e-12	-10.0	-2.5
425.5	2.2405e-05	3.9387e-12	-10.0	-2.5
426.0	2.2404e-05	4.0317e-12	-10.0	-2.5
426.5	2.2404e-05	4.1008e-12	-10.0	-2.5
427.0	2.2405e-05	4.5896e-12	-10.0	-2.5
427.5	2.2403e-05	3.5489e-12	-10.0	-2.5
428.0	2.2402e-05	4.1187e-12	-10.0	-2.5
428.5	2.2402e-05	4.0758e-12	-10.0	-2.5
429.0	2.2401e-05	3.8183e-12	-10.0	-2.5
429.5	2.2399e-05	3.7253e-12	-10.0	-2.5
430.0	2.24e-05	4.2272e-12	-10.0	-2.5
430.5	2.2401e-05	4.4107e-12	-10.0	-2.5
431.0	2.24e-05	3.9947e-12	-10.0	-2.5
431.5	2.2398e-05	4.3094e-12	-10.0	-2.5
432.0	2.2393e-05	3.736e-12	-10.0	-2.5
432.5	2.2393e-05	3.705e-12	-10.0	-2.5
433.0	2.2395e-05	3.6561e-12	-10.0	-2.5
433.5	2.2393e-05	3.9506e-12	-10.0	-2.5
434.0	2.2394e-05	3.3855e-12	-10.0	-2.5
434.5	2.2394e-05	3.8838e-12	-10.0	-2.5
435.0	2.2394e-05	3.9899e-12	-10.0	-2.5
435.5	2.2391e-05	3.7599e-12	-10.0	-2.5
436.0	2.2392e-05	3.469e-12	-10.0	-2.5
436.5	2.2391e-05	3.5453e-12	-10.0	-2.5
437.0	2.239e-05	2.9063e-12	-10.0	-2.5
437.5	2.2394e-05	3.8087e-12	-10.0	-2.5
438.0	2.2398e-05	3.2377e-12	-10.0	-2.5
438.5	2.2394e-05	3.339e-12	-10.0	-2.5
439.0	2.2395e-05	3.5083e-12	-10.0	-2.5
439.5	2.2395e-05	3.19e-12	-10.0	-2.5
440.0	2.2399e-05	3.2628e-12	-10.0	-2.5
440.5	2.24e-05	3.3975e-12	-10.0	-2.5
441.0	2.2397e-05	3.6764e-12	-10.0	-2.5
441.5	2.2397e-05	3.1674e-12	-10.0	-2.5
442.0	2.2392e-05	3.4177e-12	-10.0	-2.5
442.5	2.2396e-05	3.1793e-12	-10.0	-2.5
443.0	2.2394e-05	3.1745e-12	-10.0	-2.5
443.5	2.2396e-05	3.3474e-12	-10.0	-2.5
444.0	2.2393e-05	3.4714e-12	-10.0	-2.5
444.5	2.2396e-05	2.7812e-12	-10.0	-2.5
445.0	2.2395e-05	3.7646e-12	-10.0	-2.5
445.5	2.2392e-05	3.0732e-12	-10.0	-2.5
446.0	2.2391e-05	3.5787e-12	-10.0	-2.5
446.5	2.2393e-05	2.954e-12	-10.0	-2.5
447.0	2.2393e-05	3.0255e-12	-10.0	-2.5
447.5	2.2392e-05	3.1996e-12	-10.0	-2.5
448.0	2.2391e-05	2.9409e-12	-10.0	-2.5
448.5	2.2391e-05	2.9039e-12	-10.0	-2.5
449.0	2.2392e-05	2.4939e-12	-10.0	-2.5
449.5	2.239e-05	2.8872e-12	-10.0	-2.5
450.0	2.2395e-05	2.1267e-12	-10.0	-2.5
450.5	2.2396e-05	3.0112e-12	-10.0	-2.5
451.0	2.2394e-05	3.0541e-12	-10.0	-2.5
451.5	2.2393e-05	2.9659e-12	-10.0	-2.5
452.0	2.2393e-05	3.0172e-12	-10.0	-2.5
452.5	2.2393e-05	2.9516e-12	-10.0	-2.5
453.0	2.2396e-05	3.4809e-12	-10.0	-2.5
453.5	2.2393e-05	2.7895e-12	-10.0	-2.5
454.0	2.2394e-05	2.8491e-12	-10.0	-2.5
454.5	2.2395e-05	2.8431e-12	-10.0	-2.5
455.0	2.2394e-05	3.01e-12	-10.0	-2.5
455.5	2.2397e-05	2.9397e-12	-10.0	-2.5
456.0	2.2399e-05	2.7299e-12	-10.0	-2.5
456.5	2.2402e-05	2.7323e-12	-10.0	-2.5
457.0	2.2398e-05	2.9707e-12	-10.0	-2.5
457.5	2.2404e-05	2.7597e-12	-10.0	-2.5
458.0	2.2405e-05	2.985e-12	-10.0	-2.5
458.5	2.2401e-05	3.7491e-12	-10.0	-2.5
459.0	2.2398e-05	2.9337e-12	-10.0	-2.5
459.5	2.2398e-05	3.413e-12	-10.0	-2.5
460.0	2.2399e-05	2.4736e-12	-10.0	-2.5
460.5	2.2398e-05	2.9814e-12	-10.0	-2.5
461.0	2.2403e-05	3.3689e-12	-10.0	-2.5
461.5	2.2404e-05	2.5916e-12	-10.0	-2.5
462.0	2.2401e-05	2.9457e-12	-10.0	-2.5
462.5	2.24e-05	3.3677e-12	-10.0	-2.5
463.0	2.2399e-05	3.1865e-12	-10.0	-2.5
463.5	2.2399e-05	3.0887e-12	-10.0	-2.5
464.0	2.2403e-05	2.8765e-12	-10.0	-2.5
464.5	2.2405e-05	3.4869e-12	-10.0	-2.5
465.0	2.2402e-05	2.9838e-12	-10.0	-2.5
465.5	2.2404e-05	3.4153e-12	-10.0	-2.5
466.0	2.2405e-05	3.5083e-12	-10.0	-2.5
466.5	2.2404e-05	3.1364e-12	-10.0	-2.5
467.0	2.2404e-05	3.2747e-12	-10.0	-2.5
467.5	2.2405e-05	2.5201e-12	-10.0	-2.5
468.0	2.24e-05	2.7561e-12	-10.0	-2.5
468.5	2.2399e-05	3.3522e-12	-10.0	-2.5
469.0	2.2403e-05	2.9886e-12	-10.0	-2.5
469.5	2.24e-05	3.525e-12	-10.0	-2.5
470.0	2.2398e-05	2.8264e-12	-10.0	-2.5
470.5	2.2394e-05	2.5785e-12	-10.0	-2.5
471.0	2.2398e-05	3.1638e-12	-10.0	-2.5
471.5	2.2398e-05	3.1161e-12	-10.0	-2.5
472.0	2.2403e-05	3.109e-12	-10.0	-2.5
472.5	2.2401e-05	2.799e-12	-10.0	-2.5
473.0	2.2403e-05	2.6798e-12	-10.0	-2.5
473.5	2.2405e-05	2.9707e-12	-10.0	-2.5
474.0	2.2405e-05	2.8372e-12	-10.0	-2.5
474.5	2.2404e-05	2.6476e-12	-10.0	-2.5
475.0	2.2403e-05	2.6464e-12	-10.0	-2.5
475.5	2.2403e-05	2.619e-12	-10.0	-2.5
476.0	2.2404e-05	2.5249e-12	-10.0	-2.5
476.5	2.2403e-05	3.0196e-12	-10.0	-2.5
477.0	2.2408e-05	2.4533e-12	-10.0	-2.5
477.5	2.241e-05	2.5058e-12	-10.0	-2.5
478.0	2.2409e-05	3.1686e-12	-10.0	-2.5
478.5	2.2411e-05	3.1161e-12	-10.0	-2.5
479.0	2.2411e-05	6.1561e-11	-10.0	-2.5
479.5	2.2412e-05	6.771e-11	-10.0	-2.5
480.0	2.2416e-05	6.8606e-11	-10.0	-2.5
480.5	2.2419e-05	6.8326e-11	-10.0	-2.5
481.0	2.2421e-05	6.8567e-11	-10.0	-2.5
481.5	2.2422e-05	6.7924e-11	-10.0	-2.5
482.0	2.2421e-05	6.7937e-11	-10.0	-2.5
482.5	2.2424e-05	6.7515e-11	-10.0	-2.5
483.0	2.2425e-05	6.6391e-11	-10.0	-2.5
483.5	2.2427e-05	6.7027e-11	-10.0	-2.5
484.0	2.243e-05	6.6179e-11	-10.0	-2.5
484.5	2.2428e-05	6.6403e-11	-10.0	-2.5
485.0	2.2429e-05	6.5707e-11	-10.0	-2.5
485.5	2.2428e-05	6.5566e-11	-10.0	-2.5
486.0	2.243e-05	6.5987e-11	-10.0	-2.5
486.5	2.2432e-05	6.5428e-11	-10.0	-2.5
487.0	2.2435e-05	6.5399e-11	-10.0	-2.5
487.5	2.2438e-05	6.5545e-11	-10.0	-2.5
488.0	2.2438e-05	6.505e-11	-10.0	-2.5
488.5	2.2436e-05	6.5169e-11	-10.0	-2.5
489.0	2.2438e-05	6.474e-11	-10.0	-2.5
489.5	2.244e-05	6.4502e-11	-10.0	-2.5
490.0	2.244e-05	6.4935e-11	-10.0	-2.5
490.5	2.244e-05	6.4608e-11	-10.0	-2.5
491.0	2.2444e-05	6.5101e-11	-10.0	-2.5
491.5	2.2442e-05	6.4493e-11	-10.0	-2.5
492.0	2.2444e-05	6.4222e-11	-10.0	-2.5
492.5	2.2446e-05	6.435e-11	-10.0	-2.5
493.0	2.2448e-05	6.3989e-11	-10.0	-2.5
493.5	2.2447e-05	6.4055e-11	-10.0	-2.5
494.0	2.2447e-05	6.4164e-11	-10.0	-2.5
494.5	2.2447e-05	6.4703e-11	-10.0	-2.5
495.0	2.2447e-05	6.345e-11	-10.0	-2.5
495.5	2.2449e-05	6.3798e-11	-10.0	-2.5
496.0	2.2447e-05	6.4225e-11	-10.0	-2.5
496.5	2.2448e-05	6.3877e-11	-10.0	-2.5
497.0	2.2446e-05	6.4052e-11	-10.0	-2.5
497.5	2.2449e-05	6.3574e-11	-10.0	-2.5
498.0	2.2451e-05	6.4025e-11	-10.0	-2.5
498.5	2.2448e-05	6.3832e-11	-10.0	-2.5
499.0	2.2447e-05	6.3837e-11	-10.0	-2.5
499.5	2.2451e-05	6.3647e-11	-10.0	-2.5
500.0	2.2452e-05	6.3708e-11	-10.0	-2.5
500.5	2.2451e-05	6.3652e-11	-10.0	-2.5
501.0	2.2452e-05	6.4375e-11	-10.0	-2.5
501.5	2.2454e-05	6.3612e-11	-10.0	-2.5
502.0	2.2456e-05	6.3858e-11	-10.0	-2.5
502.5	2.2454e-05	6.4073e-11	-10.0	-2.5
503.0	2.2454e-05	6.3583e-11	-10.0	-2.5
503.5	2.2455e-05	6.4018e-11	-10.0	-2.5
504.0	2.2458e-05	6.3587e-11	-10.0	-2.5
504.5	2.2455e-05	6.3484e-11	-10.0	-2.5
505.0	2.2454e-05	6.3409e-11	-10.0	-2.5
505.5	2.2456e-05	6.3013e-11	-10.0	-2.5
506.0	2.2459e-05	6.2932e-11	-10.0	-2.5
506.5	2.2458e-05	6.3646e-11	-10.0	-2.5
507.0	2.2457e-05	6.3101e-11	-10.0	-2.5
507.5	2.246e-05	6.3177e-11	-10.0	-2.5
508.0	2.246e-05	6.3333e-11	-10.0	-2.5
508.5	2.246e-05	6.369e-11	-10.0	-2.5
509.0	2.2456e-05	6.3595e-11	-10.0	-2.5
509.5	2.2452e-05	6.3517e-11	-10.0	-2.5
510.0	2.2453e-05	6.2978e-11	-10.0	-2.5
510.5	2.2454e-05	6.2994e-11	-10.0	-2.5
511.0	2.2453e-05	6.2907e-11	-10.0	-2.5
511.5	2.2452e-05	6.3102e-11	-10.0	-2.5
512.0	2.2451e-05	6.2858e-11	-10.0	-2.5
512.5	2.2455e-05	6.2902e-11	-10.0	-2.5
513.0	2.2456e-05	6.3078e-11	-10.0	-2.5
513.5	2.2453e-05	6.3033e-11	-10.0	-2.5
514.0	2.2455e-05	6.2971e-11	-10.0	-2.5
514.5	2.2455e-05	6.3124e-11	-10.0	-2.5
515.0	2.2456e-05	6.225e-11	-10.0	-2.5
515.5	2.2457e-05	6.2602e-11	-10.0	-2.5
516.0	2.246e-05	6.3164e-11	-10.0	-2.5
516.5	2.2456e-05	6.2532e-11	-10.0	-2.5
517.0	2.2461e-05	6.3276e-11	-10.0	-2.5
517.5	2.2459e-05	6.2606e-11	-10.0	-2.5
518.0	2.2459e-05	6.3011e-11	-10.0	-2.5
518.5	2.2458e-05	6.3196e-11	-10.0	-2.5
519.0	2.246e-05	6.2413e-11	-10.0	-2.5
519.5	2.2456e-05	6.2876e-11	-10.0	-2.5
520.0	2.2457e-05	6.3148e-11	-10.0	-2.5
520.5	2.2459e-05	6.3008e-11	-10.0	-2.5
521.0	2.2461e-05	6.2834e-11	-10.0	-2.5
521.5	2.2459e-05	6.296e-11	-10.0	-2.5
522.0	2.2461e-05	6.3298e-11	-10.0	-2.5
522.5	2.2456e-05	6.2912e-11	-10.0	-2.5
523.0	2.2461e-05	6.2742e-11	-10.0	-2.5
523.5	2.2458e-05	6.2896e-11	-10.0	-2.5
524.0	2.2457e-05	6.3002e-11	-10.0	-2.5
524.5	2.246e-05	6.3192e-11	-10.0	-2.5
525.0	2.2462e-05	6.3371e-11	-10.0	-2.5
525.5	2.2456e-05	6.3077e-11	-10.0	-2.5
526.0	2.2455e-05	6.3459e-11	-10.0	-2.5
526.5	2.2456e-05	6.3045e-11	-10.0	-2.5
527.0	2.2453e-05	6.2569e-11	-10.0	-2.5
527.5	2.2456e-05	6.2983e-11	-10.0	-2.5
528.0	2.2455e-05	6.2514e-11	-10.0	-2.5
528.5	2.2456e-05	6.2962e-11	-10.0	-2.5
529.0	2.2454e-05	6.251e-11	-10.0	-2.5
529.5	2.2455e-05	6.1954e-11	-10.0	-2.5
530.0	2.2459e-05	6.2684e-11	-10.0	-2.5
530.5	2.246e-05	6.3182e-11	-10.0	-2.5
531.0	2.2456e-05	6.2154e-11	-10.0	-2.5
531.5	2.2457e-05	6.3011e-11	-10.0	-2.5
532.0	2.2458e-05	6.2777e-11	-10.0	-2.5
532.5	2.2459e-05	6.2375e-11	-10.0	-2.5
533.0	2.2458e-05	6.2332e-11	-10.0	-2.5
533.5	2.2457e-05	6.2721e-11	-10.0	-2.5
534.0	2.2456e-05	6.2528e-11	-10.0	-2.5
534.5	2.2454e-05	6.276e-11	-10.0	-2.5
535.0	2.2455e-05	6.2685e-11	-10.0	-2.5
535.5	2.2456e-05	6.302e-11	-10.0	-2.5
536.0	2.2456e-05	6.2535e-11	-10.0	-2.5
536.5	2.2456e-05	6.2274e-11	-10.0	-2.5
537.0	2.2456e-05	6.3041e-11	-10.0	-2.5
537.5	2.2457e-05	6.285e-11	-10.0	-2.5
538.0	2.2458e-05	6.3206e-11	-10.0	-2.5
538.5	2.2453e-05	6.2711e-11	-10.0	-2.5
539.0	2.2456e-05	6.392e-12	-10.0	-2.5
539.5	2.2452e-05	3.9113e-12	-10.0	-2.5
540.0	2.2453e-05	4.7004e-12	-10.0	-2.5
540.5	2.2449e-05	5.1141e-12	-10.0	-2.5
541.0	2.2452e-05	4.7588e-12	-10.0	-2.5
541.5	2.2451e-05	5.1105e-12	-10.0	-2.5
542.0	2.2453e-05	4.7421e-12	-10.0	-2.5
542.5	2.2451e-05	4.5609e-12	-10.0	-2.5
543.0	2.2451e-05	4.7708e-12	-10.0	-2.5
543.5	2.2448e-05	5.5945e-12	-10.0	-2.5
544.0	2.2449e-05	4.9865e-12	-10.0	-2.5
544.5	2.2445e-05	5.12e-12	-10.0	-2.5
545.0	2.2445e-05	4.5741e-12	-10.0	-2.5
545.5	2.2442e-05	4.1032e-12	-10.0	-2.5
546.0	2.2443e-05	4.8649e-12	-10.0	-2.5
546.5	2.2439e-05	4.456e-12	-10.0	-2.5
547.0	2.2439e-05	4.2248e-12	-10.0	-2.5
547.5	2.2442e-05	4.5156e-12	-10.0	-2.5
548.0	2.2437e-05	4.3237e-12	-10.0	-2.5
548.5	2.2433e-05	4.1568e-12	-10.0	-2.5
549.0	2.243e-05	3.7932e-12	-10.0	-2.5
549.5	2.2436e-05	4.2856e-12	-10.0	-2.5
550.0	2.243e-05	3.5358e-12	-10.0	-2.5
550.5	2.2429e-05	4.0305e-12	-10.0	-2.5
551.0	2.2429e-05	3.9327e-12	-10.0	-2.5
551.5	2.2429e-05	4.0042e-12	-10.0	-2.5
552.0	2.2429e-05	4.0197e-12	-10.0	-2.5
552.5	2.2425e-05	3.7301e-12	-10.0	-2.5
553.0	2.2427e-05	4.1962e-12	-10.0	-2.5
553.5	2.2429e-05	4.1711e-12	-10.0	-2.5
554.0	2.2429e-05	3.947e-12	-10.0	-2.5
554.5	2.2429e-05	4.2832e-12	-10.0	-2.5
555.0	2.243e-05	4.0662e-12	-10.0	-2.5
555.5	2.2429e-05	4.0007e-12	-10.0	-2.5
556.0	2.2426e-05	3.8671e-12	-10.0	-2.5
556.5	2.2428e-05	4.2367e-12	-10.0	-2.5
557.0	2.2427e-05	4.1914e-12	-10.0	-2.5
557.5	2.2423e-05	3.9482e-12	-10.0	-2.5
558.0	2.2421e-05	4.127e-12	-10.0	-2.5
558.5	2.2424e-05	3.5047e-12	-10.0	-2.5
559.0	2.2419e-05	4.127e-12	-10.0	-2.5
559.5	2.2421e-05	3.8385e-12	-10.0	-2.5
560.0	2.242e-05	3.5238e-12	-10.0	-2.5
560.5	2.2421e-05	3.6371e-12	-10.0	-2.5
561.0	2.2421e-05	3.5477e-12	-10.0	-2.5
561.5	2.2421e-05	4.1175e-12	-10.0	-2.5
562.0	2.2419e-05	3.9053e-12	-10.0	-2.5
562.5	2.2417e-05	4.1795e-12	-10.0	-2.5
563.0	2.242e-05	3.4237e-12	-10.0	-2.5
563.5	2.2421e-05	4.0638e-12	-10.0	-2.5
564.0	2.2419e-05	3.9422e-12	-10.0	-2.5
564.5	2.2423e-05	3.2985e-12	-10.0	-2.5
565.0	2.242e-05	3.8624e-12	-10.0	-2.5
565.5	2.2423e-05	3.8779e-12	-10.0	-2.5
566.0	2.2422e-05	4.2868e-12	-10.0	-2.5
566.5	2.2419e-05	4.0269e-12	-10.0	-2.5
567.0	2.2417e-05	3.5942e-12	-10.0	-2.5
567.5	2.242e-05	3.1912e-12	-10.0	-2.5
568.0	2.242e-05	3.9518e-12	-10.0	-2.5
568.5	2.242e-05	3.8934e-12	-10.0	-2.5
569.0	2.2421e-05	3.3641e-12	-10.0	-2.5
569.5	2.2418e-05	3.4857e-12	-10.0	-2.5
570.0	2.242e-05	4.3476e-12	-10.0	-2.5
570.5	2.2418e-05	3.5548e-12	-10.0	-2.5
571.0	2.2419e-05	3.0708e-12	-10.0	-2.5
571.5	2.242e-05	3.0923e-12	-10.0	-2.5
572.0	2.2422e-05	3.3689e-12	-10.0	-2.5
572.5	2.2421e-05	3.2747e-12	-10.0	-2.5
573.0	2.2421e-05	3.1638e-12	-10.0	-2.5
573.5	2.2418e-05	3.3748e-12	-10.0	-2.5
574.0	2.2419e-05	3.1054e-12	-10.0	-2.5
574.5	2.2416e-05	3.3188e-12	-10.0	-2.5
575.0	2.2418e-05	2.9302e-12	-10.0	-2.5
575.5	2.2423e-05	3.0613e-12	-10.0	-2.5
576.0	2.2423e-05	2.7561e-12	-10.0	-2.5
576.5	2.2421e-05	2.9683e-12	-10.0	-2.5
577.0	2.2419e-05	3.5667e-12	-10.0	-2.5
577.5	2.2418e-05	3.0267e-12	-10.0	-2.5
578.0	2.2423e-05	3.6275e-12	-10.0	-2.5
578.5	2.242e-05	3.1614e-12	-10.0	-2.5
579.0	2.2422e-05	3.3092e-12	-10.0	-2.5
579.5	2.2421e-05	3.6669e-12	-10.0	-2.5
580.0	2.2421e-05	3.4821e-12	-10.0	-2.5
580.5	2.2421e-05	3.2413e-12	-10.0	-2.5
581.0	2.2424e-05	3.2532e-12	-10.0	-2.5
581.5	2.2424e-05	3.2675e-12	-10.0	-2.5
582.0	2.2422e-05	2.892e-12	-10.0	-2.5
582.5	2.2422e-05	4.1294e-12	-10.0	-2.5
583.0	2.2425e-05	3.0613e-12	-10.0	-2.5
583.5	2.2426e-05	3.1877e-12	-10.0	-2.5
584.0	2.2426e-05	3.5369e-12	-10.0	-2.5
584.5	2.2427e-05	3.1817e-12	-10.0	-2.5
585.0	2.2427e-05	3.5083e-12	-10.0	-2.5
585.5	2.2427e-05	2.991e-12	-10.0	-2.5
586.0	2.2426e-05	3.2365e-12	-10.0	-2.5
586.5	2.2428e-05	3.1912e-12	-10.0	-2.5
587.0	2.2428e-05	3.103e-12	-10.0	-2.5
587.5	2.2432e-05	3.5155e-12	-10.0	-2.5
588.0	2.2431e-05	3.159e-12	-10.0	-2.5
588.5	2.243e-05	3.3426e-12	-10.0	-2.5
589.0	2.2431e-05	2.9767e-12	-10.0	-2.5
589.5	2.243e-05	2.6703e-12	-10.0	-2.5
590.0	2.2431e-05	3.1614e-12	-10.0	-2.5
590.5	2.2432e-05	3.7551e-12	-10.0	-2.5
591.0	2.2432e-05	3.0565e-12	-10.0	-2.5
591.5	2.2435e-05	3.1018e-12	-10.0	-2.5
592.0	2.2434e-05	3.0732e-12	-10.0	-2.5
592.5	2.2434e-05	3.1149e-12	-10.0	-2.5
593.0	2.2433e-05	3.4487e-12	-10.0	-2.5
593.5	2.2432e-05	2.923e-12	-10.0	-2.5
594.0	2.2435e-05	2.8443e-12	-10.0	-2.5
594.5	2.2436e-05	3.3998e-12	-10.0	-2.5
595.0	2.244e-05	3.4141e-12	-10.0	-2.5
595.5	2.2438e-05	2.898e-12	-10.0	-2.5
596.0	2.2435e-05	3.3832e-12	-10.0	-2.5
596.5	2.2436e-05	3.0208e-12	-10.0	-2.5
597.0	2.2435e-05	2.712e-12	-10.0	-2.5
597.5	2.2433e-05	3.2783e-12	-10.0	-2.5
598.0	2.2438e-05	3.1102e-12	-10.0	-2.5
598.5	2.2439e-05	3.2246e-12	-10.0	-2.5
599.0	2.2443e-05	3.3426e-12	-10.0	-2.5
599.5	2.2441e-05	3.0839e-12	-10.0	-2.5
600.0	2.2438e-05	3.1257e-12	-10.0	-2.5
600.5	2.2439e-05	2.8813e-12	-10.0	-2.5
601.0	2.2441e-05	3.0446e-12	-10.0	-2.5
601.5	2.2442e-05	3.0983e-12	-10.0	-2.5
602.0	2.2441e-05	3.1865e-12	-10.0	-2.5
602.5	2.2442e-05	2.6739e-12	-10.0	-2.5
603.0	2.2442e-05	3.4726e-12	-10.0	-2.5
