Time (s)	|IDrain (A)|	|IGate (A)	Vdrain(V)	Vgate(V)
0.0	1.4291e-10	7.7005e-10	-10.0	20.0
1.0	4.6271e-11	1.4665e-10	-10.0	19.9
1.5	2.7317e-11	4.6325e-12	-10.0	19.8
2.0	2.0553e-11	1.4963e-11	-10.0	19.7
2.5	1.662e-11	2.706e-11	-10.0	19.6
3.003	1.3696e-11	3.3212e-11	-10.0	19.5
3.5	1.1357e-11	4.2155e-11	-10.0	19.4
4.0	9.9564e-12	4.4327e-11	-10.0	19.3
4.5	8.5282e-12	4.753e-11	-10.0	19.2
5.0	7.7212e-12	4.9882e-11	-10.0	19.1
5.5	7.1359e-12	5.1856e-11	-10.0	19.0
6.0	6.2597e-12	5.3704e-11	-10.0	18.9
6.5	5.7375e-12	5.5212e-11	-10.0	18.8
7.0	5.2285e-12	5.649e-11	-10.0	18.7
7.5	4.7767e-12	5.7697e-11	-10.0	18.6
8.0	4.3368e-12	5.8553e-11	-10.0	18.5
8.5	4.1223e-12	5.9444e-11	-10.0	18.4
9.0	3.6824e-12	6.0265e-11	-10.0	18.3
9.5	3.5107e-12	6.1454e-11	-10.0	18.2
10.0	3.3534e-12	6.1585e-11	-10.0	18.1
10.5	3.1757e-12	6.2267e-11	-10.0	18.0
11.003	2.9051e-12	6.1193e-11	-10.0	17.9
11.5	2.5558e-12	6.4621e-11	-10.0	17.8
12.0	2.4939e-12	6.344e-11	-10.0	17.7
12.5	2.3043e-12	6.3843e-11	-10.0	17.6
13.0	2.4521e-12	6.4034e-11	-10.0	17.5
13.5	2.1112e-12	6.4453e-11	-10.0	17.4
14.0	1.9014e-12	6.4638e-11	-10.0	17.3
14.5	1.8227e-12	6.4882e-11	-10.0	17.2
15.0	3.041e-12	5.911e-11	-10.0	17.1
15.5	1.4699e-12	1.4262e-10	-10.0	17.0
16.0	1.7309e-12	6.6111e-11	-10.0	16.9
16.5	1.6308e-12	6.6043e-11	-10.0	16.8
17.0	1.5044e-12	6.6204e-11	-10.0	16.7
17.5	1.4067e-12	6.6342e-11	-10.0	16.6
18.0	1.2326e-12	6.6515e-11	-10.0	16.5
18.5	1.2183e-12	6.7145e-11	-10.0	16.4
19.003	1.2922e-12	6.5813e-11	-10.0	16.3
19.5	1.0371e-12	6.8852e-11	-10.0	16.2
20.0	1.1313e-12	6.7626e-11	-10.0	16.1
20.5	1.142e-12	6.7773e-11	-10.0	16.0
21.0	9.5487e-13	6.7917e-11	-10.0	15.9
21.5	9.5248e-13	6.8222e-11	-10.0	15.8
22.0	6.0558e-13	6.8191e-11	-10.0	15.7
22.5	6.8665e-13	6.8564e-11	-10.0	15.6
23.0	8.9884e-13	6.8638e-11	-10.0	15.5
23.5	9.2268e-13	6.8622e-11	-10.0	15.4
24.0	9.7513e-13	6.8921e-11	-10.0	15.3
24.5	7.7605e-13	6.8849e-11	-10.0	15.2
25.0	7.3194e-13	6.94e-11	-10.0	15.1
25.5	5.3525e-13	6.9367e-11	-10.0	15.0
26.0	5.579e-13	6.9361e-11	-10.0	14.9
26.5	5.734e-13	6.9422e-11	-10.0	14.8
27.004	7.2122e-13	6.8111e-11	-10.0	14.7
27.5	4.6492e-13	7.1439e-11	-10.0	14.6
28.0	3.7909e-13	6.9737e-11	-10.0	14.5
28.5	5.8055e-13	6.9646e-11	-10.0	14.4
29.0	5.3763e-13	6.9886e-11	-10.0	14.3
29.5	2.3365e-13	7.0023e-11	-10.0	14.2
30.0	1.4031e-12	6.9201e-11	-10.0	14.1
30.5	1.1563e-13	9.1858e-11	-10.0	14.0
31.003	9.2626e-13	8.9692e-11	-10.0	13.9
31.5	1.1325e-13	7.1959e-11	-10.0	13.8
32.0	3.6478e-13	7.0434e-11	-10.0	13.7
32.5	2.1219e-13	7.0137e-11	-10.0	13.6
33.0	4.5419e-13	7.0387e-11	-10.0	13.5
33.5	2.6464e-13	7.0413e-11	-10.0	13.4
34.0	4.3988e-13	7.0602e-11	-10.0	13.3
34.5	3.0994e-14	7.0573e-11	-10.0	13.2
35.003	5.5432e-13	6.9077e-11	-10.0	13.1
35.5	4.53e-14	7.1997e-11	-10.0	13.0
36.0	1.5497e-14	7.0722e-11	-10.0	12.9
36.5	2.7537e-13	7.0956e-11	-10.0	12.8
37.0	1.5497e-14	7.0654e-11	-10.0	12.7
37.5	1.8954e-13	7.0636e-11	-10.0	12.6
38.0	3.8147e-14	7.0368e-11	-10.0	12.5
38.5	1.0252e-13	7.0584e-11	-10.0	12.4
39.003	7.1526e-14	6.8964e-11	-10.0	12.3
39.5	1.9312e-13	7.2396e-11	-10.0	12.2
40.0	9.7752e-14	7.1042e-11	-10.0	12.1
40.5	1.6689e-14	7.0946e-11	-10.0	12.0
41.0	1.6093e-13	7.1086e-11	-10.0	11.9
41.5	7.391e-14	7.0919e-11	-10.0	11.8
42.0	1.8716e-13	7.0889e-11	-10.0	11.7
42.5	1.7524e-13	7.1088e-11	-10.0	11.6
43.0	2.9206e-13	7.0953e-11	-10.0	11.5
43.5	1.6689e-14	7.0928e-11	-10.0	11.4
44.0	5.9605e-14	7.1094e-11	-10.0	11.3
44.5	1.0848e-13	7.1456e-11	-10.0	11.2
45.0	1.2159e-13	7.1115e-11	-10.0	11.1
45.5	1.1682e-12	5.7927e-11	-10.0	11.0
46.0	3.2902e-12	1.4881e-10	-10.0	10.9
46.5	9.5367e-15	7.1645e-11	-10.0	10.8
47.0	1.1802e-13	7.1421e-11	-10.0	10.7
47.5	9.6559e-14	7.1541e-11	-10.0	10.6
48.0	1.9193e-13	7.1551e-11	-10.0	10.5
48.5	2.3246e-13	7.1615e-11	-10.0	10.4
49.0	1.9431e-13	7.1925e-11	-10.0	10.3
49.5	2.3842e-14	7.2055e-11	-10.0	10.2
50.0	3.3379e-13	7.1751e-11	-10.0	10.1
50.5	2.4795e-13	7.2233e-11	-10.0	10.0
51.0	2.5511e-13	7.2268e-11	-10.0	9.9
51.5	4.6134e-13	7.2017e-11	-10.0	9.8
52.0	2.5868e-13	7.2137e-11	-10.0	9.7
52.5	1.5616e-13	7.2528e-11	-10.0	9.6
53.0	2.1815e-13	7.2337e-11	-10.0	9.5
53.5	4.8876e-14	7.2435e-11	-10.0	9.4
54.0	2.6941e-13	7.241e-11	-10.0	9.3
54.5	2.9564e-13	7.2614e-11	-10.0	9.2
55.0	1.1087e-13	7.2747e-11	-10.0	9.1
55.5	1.8477e-13	7.2503e-11	-10.0	9.0
56.0	3.2306e-13	7.2609e-11	-10.0	8.9
56.5	2.3246e-13	7.2811e-11	-10.0	8.8
57.0	3.5644e-13	7.2584e-11	-10.0	8.7
57.5	1.8358e-13	7.2587e-11	-10.0	8.6
58.0	5.8413e-14	7.2898e-11	-10.0	8.5
58.5	1.8716e-13	7.2826e-11	-10.0	8.4
59.0	1.4663e-13	7.2928e-11	-10.0	8.3
59.5	4.3154e-13	7.2755e-11	-10.0	8.2
60.0	1.0467e-12	7.282e-11	-10.0	8.1
60.5	3.3295e-12	6.5266e-11	-10.0	8.0
61.0	7.3194e-13	1.511e-10	-10.0	7.9
61.5	7.2455e-12	7.2781e-11	-10.0	7.8
62.0	1.2736e-11	7.3214e-11	-10.0	7.7
62.5	2.1496e-11	7.2794e-11	-10.0	7.6
63.003	3.4695e-11	7.1229e-11	-10.0	7.5
63.5	5.6506e-11	7.4281e-11	-10.0	7.4
64.0	8.6088e-11	7.2722e-11	-10.0	7.3
64.5	1.2362e-10	7.2908e-11	-10.0	7.2
65.0	1.7207e-10	7.2786e-11	-10.0	7.1
65.5	2.2836e-10	7.2801e-11	-10.0	7.0
66.0	3.0252e-10	7.2747e-11	-10.0	6.9
66.5	4.004e-10	7.2883e-11	-10.0	6.8
67.0	5.0874e-10	7.3037e-11	-10.0	6.7
67.5	6.2694e-10	7.2892e-11	-10.0	6.6
68.0	7.5884e-10	7.2885e-11	-10.0	6.5
68.5	9.0948e-10	7.2973e-11	-10.0	6.4
69.0	1.0668e-09	7.2975e-11	-10.0	6.3
69.5	1.2844e-09	7.3127e-11	-10.0	6.2
70.0	1.5556e-09	7.3208e-11	-10.0	6.1
70.5	1.8828e-09	7.335e-11	-10.0	6.0
71.0	2.2729e-09	7.3212e-11	-10.0	5.9
71.5	2.7725e-09	7.3209e-11	-10.0	5.8
72.0	3.3452e-09	7.3284e-11	-10.0	5.7
72.5	4.0293e-09	7.351e-11	-10.0	5.6
73.0	4.8776e-09	7.3644e-11	-10.0	5.5
73.5	5.9103e-09	7.3405e-11	-10.0	5.4
74.0	7.1297e-09	7.3457e-11	-10.0	5.3
74.5	8.5404e-09	7.387e-11	-10.0	5.2
75.0	1.0327e-08	7.3713e-11	-10.0	5.1
75.5	1.2363e-08	7.1974e-11	-10.0	5.0
76.0	1.4733e-08	1.5547e-10	-10.0	4.9
76.5	1.7369e-08	7.4498e-11	-10.0	4.8
77.0	2.0298e-08	7.4527e-11	-10.0	4.7
77.5	2.3685e-08	7.4799e-11	-10.0	4.6
78.0	2.7454e-08	7.5562e-11	-10.0	4.5
78.5	3.1665e-08	7.5555e-11	-10.0	4.4
79.0	3.6271e-08	7.5977e-11	-10.0	4.3
79.5	4.1359e-08	7.8162e-11	-10.0	4.2
80.0	4.6943e-08	8.0001e-11	-10.0	4.1
80.5	5.2956e-08	8.2793e-11	-10.0	4.0
81.0	5.9372e-08	8.2674e-11	-10.0	3.9
81.5	6.6293e-08	8.3994e-11	-10.0	3.8
82.0	7.3546e-08	8.551e-11	-10.0	3.7
82.5	8.1391e-08	8.9346e-11	-10.0	3.6
83.003	8.9745e-08	9.3788e-11	-10.0	3.5
83.5	9.8877e-08	1.0688e-10	-10.0	3.4
84.0	1.0835e-07	1.1701e-10	-10.0	3.3
84.5	1.1889e-07	1.408e-10	-10.0	3.2
85.0	1.3045e-07	1.378e-10	-10.0	3.1
85.5	1.4317e-07	1.5359e-10	-10.0	3.0
86.0	1.5731e-07	1.532e-10	-10.0	2.9
86.5	1.7399e-07	1.5466e-10	-10.0	2.8
87.0	1.9284e-07	1.6285e-10	-10.0	2.7
87.5	2.1532e-07	1.5377e-10	-10.0	2.6
88.0	2.4167e-07	1.3729e-10	-10.0	2.5
88.5	2.7317e-07	1.2924e-10	-10.0	2.4
89.0	3.1034e-07	1.1827e-10	-10.0	2.3
89.5	3.5593e-07	1.0611e-10	-10.0	2.2
90.0	4.123e-07	9.7492e-11	-10.0	2.1
90.5	4.8417e-07	9.2e-11	-10.0	2.0
91.0	5.7323e-07	7.4465e-11	-10.0	1.9
91.5	6.8544e-07	2.8863e-10	-10.0	1.8
92.0	8.2273e-07	8.8758e-11	-10.0	1.7
92.5	9.8722e-07	7.0828e-11	-10.0	1.6
93.0	1.1822e-06	1.1108e-10	-10.0	1.5
93.5	1.4078e-06	9.7802e-11	-10.0	1.4
94.0	1.6642e-06	8.6085e-11	-10.0	1.3
94.5	1.9502e-06	8.5978e-11	-10.0	1.2
95.003	2.265e-06	8.4346e-11	-10.0	1.1
95.5	2.6055e-06	8.7228e-11	-10.0	1.0
96.0	2.9722e-06	8.6002e-11	-10.0	0.9
96.5	3.3615e-06	8.6048e-11	-10.0	0.8
97.0	3.7723e-06	8.6509e-11	-10.0	0.7
97.5	4.2019e-06	8.6181e-11	-10.0	0.6
98.0	4.6516e-06	8.6091e-11	-10.0	0.5
98.5	5.1165e-06	8.6379e-11	-10.0	0.4
99.0	5.5989e-06	8.6438e-11	-10.0	0.3
99.5	6.0968e-06	8.6395e-11	-10.0	0.2
100.0	6.6081e-06	8.6474e-11	-10.0	0.1
100.5	7.1333e-06	8.737e-11	-10.0	-1.5293e-14
101.0	7.671e-06	8.7028e-11	-10.0	-0.1
101.5	8.2194e-06	8.7311e-11	-10.0	-0.2
102.0	8.7806e-06	8.7398e-11	-10.0	-0.3
102.5	9.3528e-06	8.7711e-11	-10.0	-0.4
103.0	9.933e-06	8.7957e-11	-10.0	-0.5
103.5	1.0523e-05	8.76e-11	-10.0	-0.6
104.0	1.1127e-05	9.825e-11	-10.0	-0.7
104.5	1.1737e-05	8.7888e-11	-10.0	-0.8
105.0	1.2356e-05	8.8006e-11	-10.0	-0.9
105.5	1.2983e-05	8.8392e-11	-10.0	-1.0
106.0	1.3617e-05	8.2573e-11	-10.0	-1.1
106.5	1.4261e-05	2.3693e-10	-10.0	-1.2
107.0	1.491e-05	8.7987e-11	-10.0	-1.3
107.5	1.557e-05	9.1269e-11	-10.0	-1.4
108.0	1.6233e-05	9.0069e-11	-10.0	-1.5
108.5	1.6905e-05	9.0524e-11	-10.0	-1.6
109.0	1.7579e-05	9.0913e-11	-10.0	-1.7
109.5	1.8261e-05	9.0997e-11	-10.0	-1.8
110.0	1.8951e-05	9.1803e-11	-10.0	-1.9
110.5	1.9645e-05	9.2057e-11	-10.0	-2.0
111.0	2.0348e-05	9.0854e-11	-10.0	-2.1
111.5	2.1049e-05	9.4494e-11	-10.0	-2.2
112.0	2.1761e-05	9.353e-11	-10.0	-2.3
112.5	2.2474e-05	9.4471e-11	-10.0	-2.4
113.0	2.3187e-05	9.4726e-11	-10.0	-2.5
113.5	2.3912e-05	9.6254e-11	-10.0	-2.6
114.0	2.4638e-05	9.6128e-11	-10.0	-2.7
114.5	2.5369e-05	9.6925e-11	-10.0	-2.8
115.0	2.6107e-05	9.7204e-11	-10.0	-2.9
115.5	2.6844e-05	9.7733e-11	-10.0	-3.0
116.0	2.7581e-05	9.8488e-11	-10.0	-3.1
116.5	2.8328e-05	9.9567e-11	-10.0	-3.2
117.0	2.9071e-05	1.0033e-10	-10.0	-3.3
117.5	2.9819e-05	1.0127e-10	-10.0	-3.4
118.0	3.0574e-05	1.0189e-10	-10.0	-3.5
118.5	3.1325e-05	1.0279e-10	-10.0	-3.6
119.0	3.2079e-05	1.0236e-10	-10.0	-3.7
119.5	3.2839e-05	1.0588e-10	-10.0	-3.8
120.0	3.3593e-05	1.0503e-10	-10.0	-3.9
120.5	3.4366e-05	1.062e-10	-10.0	-4.0
121.0	3.513e-05	1.0585e-10	-10.0	-4.1
121.5	3.5898e-05	2.5236e-10	-10.0	-4.2
122.0	3.6667e-05	1.0912e-10	-10.0	-4.3
122.5	3.7436e-05	1.0945e-10	-10.0	-4.4
123.0	3.8206e-05	1.093e-10	-10.0	-4.5
123.5	3.898e-05	1.125e-10	-10.0	-4.6
124.0	3.9754e-05	1.1234e-10	-10.0	-4.7
124.5	4.0525e-05	1.1288e-10	-10.0	-4.8
125.0	4.1304e-05	1.142e-10	-10.0	-4.9
125.5	4.2083e-05	1.1456e-10	-10.0	-5.0
126.0	4.2862e-05	1.1683e-10	-10.0	-5.1
126.5	4.3641e-05	1.1698e-10	-10.0	-5.2
127.0	4.4422e-05	1.1903e-10	-10.0	-5.3
127.5	4.5199e-05	1.1968e-10	-10.0	-5.4
128.0	4.5978e-05	1.1925e-10	-10.0	-5.5
128.5	4.6763e-05	1.2072e-10	-10.0	-5.6
129.0	4.7538e-05	1.223e-10	-10.0	-5.7
129.5	4.8321e-05	1.2295e-10	-10.0	-5.8
130.0	4.9105e-05	1.2404e-10	-10.0	-5.9
130.5	4.9893e-05	1.2539e-10	-10.0	-6.0
131.0	5.0662e-05	1.2632e-10	-10.0	-6.1
131.5	5.1449e-05	1.2757e-10	-10.0	-6.2
132.0	5.2226e-05	1.2989e-10	-10.0	-6.3
132.5	5.3004e-05	1.3135e-10	-10.0	-6.4
133.0	5.378e-05	1.3306e-10	-10.0	-6.5
133.5	5.4553e-05	1.3449e-10	-10.0	-6.6
134.0	5.5328e-05	1.3551e-10	-10.0	-6.7
134.5	5.6106e-05	1.3763e-10	-10.0	-6.8
135.0	5.6884e-05	1.3915e-10	-10.0	-6.9
135.5	5.7648e-05	1.414e-10	-10.0	-7.0
136.0	5.8415e-05	1.4399e-10	-10.0	-7.1
136.5	5.9176e-05	1.3552e-10	-10.0	-7.2
137.0	5.9943e-05	3.1832e-10	-10.0	-7.3
137.5	6.0706e-05	1.6697e-10	-10.0	-7.4
138.0	6.1459e-05	1.7904e-10	-10.0	-7.5
138.5	6.2213e-05	1.8826e-10	-10.0	-7.6
139.0	6.2969e-05	1.9138e-10	-10.0	-7.7
139.5	6.3703e-05	1.8357e-10	-10.0	-7.8
140.0	6.4438e-05	1.8464e-10	-10.0	-7.9
140.5	6.5185e-05	1.9437e-10	-10.0	-8.0
141.0	6.5917e-05	1.7502e-10	-10.0	-8.1
141.5	6.6631e-05	1.6523e-10	-10.0	-8.2
142.0	6.7363e-05	1.6142e-10	-10.0	-8.3
142.5	6.8067e-05	1.6084e-10	-10.0	-8.4
143.0	6.8765e-05	1.6116e-10	-10.0	-8.5
143.5	6.9454e-05	1.6186e-10	-10.0	-8.6
144.0	7.0139e-05	1.6384e-10	-10.0	-8.7
144.5	7.0808e-05	1.6566e-10	-10.0	-8.8
145.0	7.1481e-05	1.6633e-10	-10.0	-8.9
145.5	7.2131e-05	1.6853e-10	-10.0	-9.0
146.0	7.2769e-05	1.7004e-10	-10.0	-9.1
146.5	7.3408e-05	1.7155e-10	-10.0	-9.2
147.0	7.4018e-05	1.7261e-10	-10.0	-9.3
147.5	7.4627e-05	1.7488e-10	-10.0	-9.4
148.0	7.5228e-05	1.7633e-10	-10.0	-9.5
148.5	7.5808e-05	1.7869e-10	-10.0	-9.6
149.0	7.6385e-05	1.8091e-10	-10.0	-9.7
149.5	7.6963e-05	1.8303e-10	-10.0	-9.8
150.0	7.7526e-05	1.8291e-10	-10.0	-9.9
150.5	7.805e-05	1.8617e-10	-10.0	-10.0
151.0	7.8602e-05	1.8808e-10	-10.0	-10.1
151.5	7.9132e-05	1.8539e-10	-10.0	-10.2
152.0	7.9648e-05	3.8589e-10	-10.0	-10.3
152.5	8.0153e-05	1.9284e-10	-10.0	-10.4
153.0	8.0656e-05	1.9544e-10	-10.0	-10.5
153.5	8.1147e-05	1.9773e-10	-10.0	-10.6
154.0	8.1615e-05	1.9908e-10	-10.0	-10.7
154.5	8.2078e-05	2.0245e-10	-10.0	-10.8
155.0	8.2548e-05	2.0334e-10	-10.0	-10.9
155.5	8.2997e-05	2.0707e-10	-10.0	-11.0
156.0	8.3444e-05	2.0887e-10	-10.0	-11.1
156.5	8.389e-05	2.1169e-10	-10.0	-11.2
157.0	8.4317e-05	2.1373e-10	-10.0	-11.3
157.5	8.4736e-05	2.176e-10	-10.0	-11.4
158.0	8.5145e-05	2.1862e-10	-10.0	-11.5
158.5	8.5546e-05	2.2159e-10	-10.0	-11.6
159.0	8.5942e-05	2.2301e-10	-10.0	-11.7
159.5	8.634e-05	2.2555e-10	-10.0	-11.8
160.0	8.6728e-05	2.2896e-10	-10.0	-11.9
160.5	8.7095e-05	2.3074e-10	-10.0	-12.0
161.0	8.7468e-05	2.3355e-10	-10.0	-12.1
161.5	8.7818e-05	2.3597e-10	-10.0	-12.2
162.0	8.8182e-05	2.3856e-10	-10.0	-12.3
162.5	8.8531e-05	2.4119e-10	-10.0	-12.4
163.0	8.8877e-05	2.4291e-10	-10.0	-12.5
163.5	8.9203e-05	2.4576e-10	-10.0	-12.6
164.0	8.9543e-05	2.487e-10	-10.0	-12.7
164.5	8.9848e-05	2.5183e-10	-10.0	-12.8
165.0	9.0173e-05	2.5396e-10	-10.0	-12.9
165.5	9.0464e-05	2.5751e-10	-10.0	-13.0
166.0	9.0765e-05	2.5869e-10	-10.0	-13.1
166.5	9.1063e-05	2.6182e-10	-10.0	-13.2
167.0	9.1359e-05	4.0251e-10	-10.0	-13.3
167.5	9.163e-05	2.6955e-10	-10.0	-13.4
168.0	9.1905e-05	2.7105e-10	-10.0	-13.5
168.5	9.2181e-05	2.7414e-10	-10.0	-13.6
169.0	9.2448e-05	2.7671e-10	-10.0	-13.7
169.5	9.2713e-05	2.7981e-10	-10.0	-13.8
170.0	9.2983e-05	2.8299e-10	-10.0	-13.9
170.5	9.3222e-05	2.8649e-10	-10.0	-14.0
171.0	9.347e-05	2.8993e-10	-10.0	-14.1
171.5	9.3704e-05	2.9273e-10	-10.0	-14.2
172.0	9.3952e-05	2.9604e-10	-10.0	-14.3
172.5	9.417e-05	2.98e-10	-10.0	-14.4
173.0	9.4403e-05	3.0312e-10	-10.0	-14.5
173.5	9.4627e-05	3.0581e-10	-10.0	-14.6
174.0	9.4834e-05	3.0962e-10	-10.0	-14.7
174.5	9.5077e-05	3.1318e-10	-10.0	-14.8
175.0	9.5262e-05	3.1448e-10	-10.0	-14.9
175.5	9.5446e-05	3.1956e-10	-10.0	-15.0
176.0	9.5425e-05	2.8418e-10	-10.0	-15.0
176.5	9.5622e-05	3.1906e-10	-10.0	-15.1
177.0	9.5406e-05	1.9279e-10	-10.0	-15.0
177.5	9.5166e-05	1.8652e-10	-10.0	-14.9
178.0	9.4918e-05	1.7843e-10	-10.0	-14.8
178.5	9.4688e-05	1.7464e-10	-10.0	-14.7
179.0	9.4438e-05	1.6889e-10	-10.0	-14.6
179.5	9.4181e-05	1.6534e-10	-10.0	-14.5
180.0	9.3917e-05	1.5914e-10	-10.0	-14.4
180.5	9.3678e-05	1.5606e-10	-10.0	-14.3
181.0	9.3406e-05	1.5179e-10	-10.0	-14.2
181.5	9.3133e-05	1.4855e-10	-10.0	-14.1
182.0	9.2884e-05	1.5623e-10	-10.0	-14.0
182.5	9.2611e-05	5.506e-11	-10.0	-13.9
183.0	9.2331e-05	1.3969e-10	-10.0	-13.8
183.5	9.2046e-05	1.3216e-10	-10.0	-13.7
184.0	9.173e-05	1.3053e-10	-10.0	-13.6
184.5	9.1414e-05	1.273e-10	-10.0	-13.5
185.0	9.1111e-05	1.2455e-10	-10.0	-13.4
185.5	9.0792e-05	1.2192e-10	-10.0	-13.3
186.0	9.0499e-05	1.1796e-10	-10.0	-13.2
186.5	9.0181e-05	1.1491e-10	-10.0	-13.1
187.0	8.9863e-05	1.1207e-10	-10.0	-13.0
187.5	8.9537e-05	1.0752e-10	-10.0	-12.9
188.0	8.9195e-05	1.0602e-10	-10.0	-12.8
188.5	8.8839e-05	1.0377e-10	-10.0	-12.7
189.0	8.8495e-05	1.0124e-10	-10.0	-12.6
189.5	8.8125e-05	9.8251e-11	-10.0	-12.5
190.0	8.7762e-05	9.5803e-11	-10.0	-12.4
190.5	8.7395e-05	9.2893e-11	-10.0	-12.3
191.0	8.7024e-05	9.0136e-11	-10.0	-12.2
191.5	8.6646e-05	8.4745e-11	-10.0	-12.1
192.0	8.6266e-05	8.2561e-11	-10.0	-12.0
192.5	8.5875e-05	8.1178e-11	-10.0	-11.9
193.0	8.5487e-05	7.7723e-11	-10.0	-11.8
193.5	8.507e-05	7.5051e-11	-10.0	-11.7
194.0	8.4647e-05	7.3113e-11	-10.0	-11.6
194.5	8.4229e-05	7.04e-11	-10.0	-11.5
195.0	8.3792e-05	6.8616e-11	-10.0	-11.4
195.5	8.3359e-05	6.5938e-11	-10.0	-11.3
196.0	8.2902e-05	6.335e-11	-10.0	-11.2
196.5	8.246e-05	6.2217e-11	-10.0	-11.1
197.0	8.1998e-05	6.2147e-11	-10.0	-11.0
197.5	8.152e-05	1.3183e-10	-10.0	-10.9
198.0	8.1043e-05	5.5633e-11	-10.0	-10.8
198.5	8.056e-05	5.4709e-11	-10.0	-10.7
199.0	8.0087e-05	5.0361e-11	-10.0	-10.6
199.5	7.9571e-05	4.8786e-11	-10.0	-10.5
200.0	7.9054e-05	4.7568e-11	-10.0	-10.4
200.5	7.8543e-05	4.482e-11	-10.0	-10.3
201.0	7.8015e-05	4.3457e-11	-10.0	-10.2
201.5	7.7472e-05	4.109e-11	-10.0	-10.1
202.0	7.691e-05	3.9712e-11	-10.0	-10.0
202.5	7.6341e-05	3.6916e-11	-10.0	-9.9
203.0	7.5785e-05	3.5899e-11	-10.0	-9.8
203.5	7.5205e-05	3.3304e-11	-10.0	-9.7
204.0	7.4603e-05	3.1006e-11	-10.0	-9.6
204.5	7.4024e-05	2.9881e-11	-10.0	-9.5
205.0	7.341e-05	2.8853e-11	-10.0	-9.4
205.5	7.2781e-05	2.5473e-11	-10.0	-9.3
206.0	7.2141e-05	2.4005e-11	-10.0	-9.2
206.5	7.1509e-05	2.2974e-11	-10.0	-9.1
207.0	7.0876e-05	2.1189e-11	-10.0	-9.0
207.5	7.0213e-05	1.9561e-11	-10.0	-8.9
208.0	6.9533e-05	1.809e-11	-10.0	-8.8
208.5	6.8853e-05	1.6525e-11	-10.0	-8.7
209.0	6.8163e-05	1.444e-11	-10.0	-8.6
209.5	6.7462e-05	1.274e-11	-10.0	-8.5
210.0	6.6741e-05	9.9838e-12	-10.0	-8.4
210.5	6.6023e-05	7.3349e-12	-10.0	-8.3
211.0	6.5295e-05	1.7226e-12	-10.0	-8.2
211.5	6.456e-05	1.3471e-11	-10.0	-8.1
212.0	6.3828e-05	1.8589e-11	-10.0	-8.0
212.5	6.3089e-05	2.462e-10	-10.0	-7.9
213.0	6.2347e-05	2.8425e-11	-10.0	-7.8
213.5	6.1596e-05	3.0175e-11	-10.0	-7.7
214.0	6.0836e-05	2.8021e-11	-10.0	-7.6
214.5	6.0087e-05	2.4469e-11	-10.0	-7.5
215.0	5.9322e-05	1.8867e-11	-10.0	-7.4
215.5	5.856e-05	1.3736e-11	-10.0	-7.3
216.0	5.7791e-05	1.0955e-11	-10.0	-7.2
216.5	5.7033e-05	1.0827e-11	-10.0	-7.1
217.0	5.6259e-05	1.0134e-11	-10.0	-7.0
217.5	5.5486e-05	1.0959e-11	-10.0	-6.9
218.0	5.4714e-05	1.0383e-11	-10.0	-6.8
218.5	5.3935e-05	1.1675e-11	-10.0	-6.7
219.0	5.3161e-05	1.1523e-11	-10.0	-6.6
219.5	5.2391e-05	1.4809e-11	-10.0	-6.5
220.0	5.1615e-05	1.3776e-11	-10.0	-6.4
220.5	5.084e-05	1.453e-11	-10.0	-6.3
221.0	5.0067e-05	1.4869e-11	-10.0	-6.2
221.5	4.9291e-05	1.5894e-11	-10.0	-6.1
222.0	4.8511e-05	1.6549e-11	-10.0	-6.0
222.5	4.773e-05	1.8383e-11	-10.0	-5.9
223.0	4.6956e-05	1.9223e-11	-10.0	-5.8
223.5	4.618e-05	1.9302e-11	-10.0	-5.7
224.0	4.5397e-05	2.0181e-11	-10.0	-5.6
224.5	4.4623e-05	2.2043e-11	-10.0	-5.5
225.0	4.3849e-05	2.211e-11	-10.0	-5.4
225.5	4.3078e-05	2.3568e-11	-10.0	-5.3
226.0	4.2304e-05	2.418e-11	-10.0	-5.2
226.5	4.1531e-05	2.3993e-11	-10.0	-5.1
227.0	4.0761e-05	2.5207e-11	-10.0	-5.0
227.5	3.9996e-05	1.9596e-11	-10.0	-4.9
228.0	3.9224e-05	1.6519e-10	-10.0	-4.8
228.5	3.8458e-05	2.6742e-11	-10.0	-4.7
229.0	3.7693e-05	2.7506e-11	-10.0	-4.6
229.5	3.6923e-05	2.8749e-11	-10.0	-4.5
230.0	3.6157e-05	2.9e-11	-10.0	-4.4
230.5	3.5397e-05	2.9207e-11	-10.0	-4.3
231.0	3.4637e-05	3.0012e-11	-10.0	-4.2
231.5	3.3877e-05	3.0825e-11	-10.0	-4.1
232.0	3.3127e-05	3.15e-11	-10.0	-4.0
232.5	3.2369e-05	3.1806e-11	-10.0	-3.9
233.0	3.1613e-05	3.2917e-11	-10.0	-3.8
233.5	3.0868e-05	3.3057e-11	-10.0	-3.7
234.0	3.0119e-05	3.4039e-11	-10.0	-3.6
234.5	2.9378e-05	3.4478e-11	-10.0	-3.5
235.0	2.8636e-05	3.5464e-11	-10.0	-3.4
235.5	2.7899e-05	3.5243e-11	-10.0	-3.3
236.0	2.7166e-05	3.652e-11	-10.0	-3.2
236.5	2.6432e-05	3.7219e-11	-10.0	-3.1
237.0	2.5704e-05	3.7044e-11	-10.0	-3.0
237.5	2.4981e-05	3.7477e-11	-10.0	-2.9
238.0	2.4257e-05	3.844e-11	-10.0	-2.8
238.5	2.3543e-05	3.8477e-11	-10.0	-2.7
239.0	2.2835e-05	3.9084e-11	-10.0	-2.6
239.5	2.2124e-05	3.8798e-11	-10.0	-2.5
240.0	2.142e-05	3.8763e-11	-10.0	-2.4
240.5	2.0719e-05	3.9427e-11	-10.0	-2.3
241.0	2.0022e-05	3.886e-11	-10.0	-2.2
241.5	1.933e-05	3.9402e-11	-10.0	-2.1
242.0	1.8641e-05	3.9457e-11	-10.0	-2.0
242.5	1.7963e-05	3.7496e-11	-10.0	-1.9
243.0	1.7288e-05	1.348e-10	-10.0	-1.8
243.5	1.6622e-05	4.0848e-11	-10.0	-1.7
244.0	1.5961e-05	4.0171e-11	-10.0	-1.6
244.5	1.5305e-05	3.9749e-11	-10.0	-1.5
245.0	1.4657e-05	3.9982e-11	-10.0	-1.4
245.5	1.4015e-05	3.9934e-11	-10.0	-1.3
246.0	1.3381e-05	4.0001e-11	-10.0	-1.2
246.5	1.2753e-05	4.0072e-11	-10.0	-1.1
247.0	1.2134e-05	4.0454e-11	-10.0	-1.0
247.5	1.1527e-05	4.0433e-11	-10.0	-0.9
248.0	1.0923e-05	4.0554e-11	-10.0	-0.8
248.5	1.033e-05	4.0727e-11	-10.0	-0.7
249.0	9.7477e-06	4.0799e-11	-10.0	-0.6
249.5	9.1744e-06	4.7358e-11	-10.0	-0.5
250.0	8.6117e-06	4.1035e-11	-10.0	-0.4
250.5	8.059e-06	4.111e-11	-10.0	-0.3
251.0	7.5179e-06	4.1124e-11	-10.0	-0.2
251.5	6.9895e-06	4.1249e-11	-10.0	-0.1
252.0	6.4724e-06	4.1914e-11	-10.0	-3.6554e-14
252.5	5.9678e-06	4.0785e-11	-10.0	0.1
253.0	5.478e-06	4.1298e-11	-10.0	0.2
253.5	5.0037e-06	4.1429e-11	-10.0	0.3
254.0	4.5442e-06	4.1446e-11	-10.0	0.4
254.5	4.1026e-06	4.1654e-11	-10.0	0.5
255.0	3.6787e-06	4.1237e-11	-10.0	0.6
255.5	3.274e-06	4.1053e-11	-10.0	0.7
256.0	2.891e-06	4.0897e-11	-10.0	0.8
256.5	2.5284e-06	4.0608e-11	-10.0	0.9
257.0	2.1901e-06	4.065e-11	-10.0	1.0
257.5	1.8771e-06	4.0191e-11	-10.0	1.1
258.0	1.5917e-06	1.9629e-10	-10.0	1.2
258.5	1.3338e-06	4.0472e-11	-10.0	1.3
259.0	1.1065e-06	3.9369e-11	-10.0	1.4
259.5	9.0809e-07	4.1419e-11	-10.0	1.5
260.0	7.4014e-07	4.7669e-11	-10.0	1.6
260.5	6.0053e-07	4.1733e-11	-10.0	1.7
261.0	4.8619e-07	4.2522e-11	-10.0	1.8
261.5	3.9532e-07	4.3025e-11	-10.0	1.9
262.0	3.2354e-07	4.4334e-11	-10.0	2.0
262.5	2.6696e-07	4.8022e-11	-10.0	2.1
263.0	2.2306e-07	5.3315e-11	-10.0	2.2
263.5	1.8826e-07	6.4437e-11	-10.0	2.3
264.0	1.5994e-07	7.0975e-11	-10.0	2.4
264.5	1.3672e-07	8.094e-11	-10.0	2.5
265.0	1.178e-07	9.4925e-11	-10.0	2.6
265.5	1.0207e-07	1.0588e-10	-10.0	2.7
266.0	8.9282e-08	1.0998e-10	-10.0	2.8
266.5	7.8459e-08	2.1263e-10	-10.0	2.9
267.0	6.9315e-08	1.0856e-10	-10.0	3.0
267.5	6.1424e-08	1.0001e-10	-10.0	3.1
268.0	5.4517e-08	9.187e-11	-10.0	3.2
268.5	4.8269e-08	8.2827e-11	-10.0	3.3
269.0	4.2785e-08	7.4059e-11	-10.0	3.4
269.5	3.7846e-08	6.6298e-11	-10.0	3.5
270.0	3.3362e-08	6.1129e-11	-10.0	3.6
270.5	2.9421e-08	5.7117e-11	-10.0	3.7
271.0	2.5774e-08	5.4403e-11	-10.0	3.8
271.5	2.2443e-08	5.2314e-11	-10.0	3.9
272.0	1.9332e-08	5.0484e-11	-10.0	4.0
272.5	1.6524e-08	4.7786e-11	-10.0	4.1
273.0	1.4043e-08	4.007e-11	-10.0	4.2
273.5	1.1677e-08	1.2296e-10	-10.0	4.3
274.0	9.6634e-09	4.2319e-11	-10.0	4.4
274.5	7.964e-09	4.195e-11	-10.0	4.5
275.0	6.5219e-09	4.1224e-11	-10.0	4.6
275.5	5.3339e-09	4.0406e-11	-10.0	4.7
276.0	4.3415e-09	4.0095e-11	-10.0	4.8
276.5	3.5095e-09	3.9575e-11	-10.0	4.9
277.0	2.8091e-09	3.9079e-11	-10.0	5.0
277.5	2.2312e-09	3.8737e-11	-10.0	5.1
278.0	1.7714e-09	3.8828e-11	-10.0	5.2
278.5	1.3788e-09	3.8259e-11	-10.0	5.3
279.0	1.0586e-09	3.7961e-11	-10.0	5.4
279.5	8.0643e-10	3.8886e-11	-10.0	5.5
280.0	6.1541e-10	3.7717e-11	-10.0	5.6
280.5	4.6956e-10	3.7779e-11	-10.0	5.7
281.0	3.5583e-10	3.769e-11	-10.0	5.8
281.5	2.7215e-10	3.7636e-11	-10.0	5.9
282.0	2.132e-10	3.7322e-11	-10.0	6.0
282.5	1.7457e-10	3.7702e-11	-10.0	6.1
283.0	1.4362e-10	3.6695e-11	-10.0	6.2
283.5	1.194e-10	3.7713e-11	-10.0	6.3
284.0	1.0013e-10	3.7313e-11	-10.0	6.4
284.5	8.5537e-11	3.7079e-11	-10.0	6.5
285.0	7.2783e-11	3.7001e-11	-10.0	6.6
285.5	6.1327e-11	3.7149e-11	-10.0	6.7
286.0	5.0918e-11	3.6635e-11	-10.0	6.8
286.5	4.1286e-11	3.6594e-11	-10.0	6.9
287.0	3.455e-11	3.6393e-11	-10.0	7.0
287.5	2.9157e-11	3.6507e-11	-10.0	7.1
288.0	2.0704e-11	3.4196e-11	-10.0	7.2
288.5	3.2446e-11	1.1266e-10	-10.0	7.3
289.0	2.3295e-11	3.6159e-11	-10.0	7.4
289.5	2.1861e-11	3.5934e-11	-10.0	7.5
290.0	2.1243e-11	3.5772e-11	-10.0	7.6
290.5	2.1294e-11	3.5684e-11	-10.0	7.7
291.0	2.1316e-11	3.5846e-11	-10.0	7.8
291.5	2.128e-11	3.5312e-11	-10.0	7.9
292.0	2.1194e-11	3.5737e-11	-10.0	8.0
292.5	2.1006e-11	3.5662e-11	-10.0	8.1
293.0	2.1153e-11	3.5707e-11	-10.0	8.2
293.5	2.1107e-11	3.5725e-11	-10.0	8.3
294.0	2.1154e-11	3.5506e-11	-10.0	8.4
294.5	2.1276e-11	3.5683e-11	-10.0	8.5
295.0	2.0834e-11	3.5534e-11	-10.0	8.6
295.5	2.1415e-11	3.6354e-11	-10.0	8.7
296.0	2.1198e-11	3.5802e-11	-10.0	8.8
296.5	2.131e-11	3.5748e-11	-10.0	8.9
297.0	2.1142e-11	3.5911e-11	-10.0	9.0
297.5	2.11e-11	3.6071e-11	-10.0	9.1
298.0	2.098e-11	3.6273e-11	-10.0	9.2
298.5	2.12e-11	3.5839e-11	-10.0	9.3
299.0	2.0689e-11	3.4794e-11	-10.0	9.4
299.5	2.1423e-11	3.6396e-11	-10.0	9.5
300.0	2.1155e-11	3.556e-11	-10.0	9.6
300.5	2.111e-11	3.5845e-11	-10.0	9.7
301.0	2.1058e-11	3.5548e-11	-10.0	9.8
301.5	2.1092e-11	3.5427e-11	-10.0	9.9
302.0	2.1129e-11	3.5565e-11	-10.0	10.0
302.5	2.1116e-11	3.5467e-11	-10.0	10.1
303.0	1.6633e-11	3.3472e-11	-10.0	10.2
303.5	3.0415e-11	1.3737e-10	-10.0	10.3
304.0	2.1831e-11	3.494e-11	-10.0	10.4
304.5	2.1333e-11	3.51e-11	-10.0	10.5
305.0	2.1043e-11	3.5288e-11	-10.0	10.6
305.5	2.099e-11	3.5211e-11	-10.0	10.7
306.0	2.1145e-11	3.4777e-11	-10.0	10.8
306.5	2.1206e-11	3.535e-11	-10.0	10.9
307.0	2.0814e-11	3.4304e-11	-10.0	11.0
307.5	2.1558e-11	3.6039e-11	-10.0	11.1
308.0	2.1079e-11	3.5238e-11	-10.0	11.2
308.5	2.1136e-11	3.5099e-11	-10.0	11.3
309.0	2.098e-11	3.4994e-11	-10.0	11.4
309.5	2.1101e-11	3.5149e-11	-10.0	11.5
310.0	2.1075e-11	3.5051e-11	-10.0	11.6
310.5	2.099e-11	3.531e-11	-10.0	11.7
311.0	2.1138e-11	3.4914e-11	-10.0	11.8
311.5	2.1148e-11	3.5326e-11	-10.0	11.9
312.0	2.1052e-11	3.5193e-11	-10.0	12.0
312.5	2.099e-11	3.5335e-11	-10.0	12.1
313.0	2.1194e-11	3.5032e-11	-10.0	12.2
313.5	2.1096e-11	3.516e-11	-10.0	12.3
314.0	2.1123e-11	3.51e-11	-10.0	12.4
314.5	2.1043e-11	3.5039e-11	-10.0	12.5
315.0	2.0804e-11	3.4418e-11	-10.0	12.6
315.5	2.1166e-11	3.6066e-11	-10.0	12.7
316.0	2.0988e-11	3.5211e-11	-10.0	12.8
316.5	2.1218e-11	3.5287e-11	-10.0	12.9
317.0	2.0949e-11	3.5317e-11	-10.0	13.0
317.5	2.1177e-11	3.5441e-11	-10.0	13.1
318.0	2.1106e-11	3.5284e-11	-10.0	13.2
318.5	1.4944e-11	3.0215e-11	-10.0	13.3
319.0	2.9751e-11	1.1462e-10	-10.0	13.4
319.5	2.1619e-11	3.5164e-11	-10.0	13.5
320.0	2.1059e-11	3.5067e-11	-10.0	13.6
320.5	2.0773e-11	3.5048e-11	-10.0	13.7
321.0	2.0952e-11	3.5049e-11	-10.0	13.8
321.5	2.0878e-11	3.5044e-11	-10.0	13.9
322.0	2.0977e-11	3.4802e-11	-10.0	14.0
322.5	2.0916e-11	3.4826e-11	-10.0	14.1
323.0	2.0701e-11	3.3885e-11	-10.0	14.2
323.5	2.127e-11	3.5341e-11	-10.0	14.3
324.0	2.098e-11	3.494e-11	-10.0	14.4
324.5	2.0939e-11	3.4424e-11	-10.0	14.5
325.0	2.0936e-11	3.4701e-11	-10.0	14.6
325.5	2.0863e-11	3.4984e-11	-10.0	14.7
326.0	2.1009e-11	3.4596e-11	-10.0	14.8
326.5	2.0987e-11	3.472e-11	-10.0	14.9
327.0	2.108e-11	3.4523e-11	-10.0	15.0
327.5	2.0785e-11	3.4426e-11	-10.0	15.1
328.0	2.0821e-11	3.4331e-11	-10.0	15.2
328.5	2.0915e-11	3.4684e-11	-10.0	15.3
329.0	2.087e-11	3.4602e-11	-10.0	15.4
329.5	2.0936e-11	3.4528e-11	-10.0	15.5
330.0	2.0948e-11	3.4798e-11	-10.0	15.6
330.5	2.0882e-11	3.4467e-11	-10.0	15.7
331.0	2.1003e-11	3.458e-11	-10.0	15.8
331.5	2.0845e-11	3.464e-11	-10.0	15.9
332.0	2.0813e-11	3.461e-11	-10.0	16.0
332.5	2.0493e-11	3.4908e-11	-10.0	16.1
333.0	2.0893e-11	3.4763e-11	-10.0	16.2
333.5	1.632e-11	3.3245e-11	-10.0	16.3
334.0	2.9532e-11	1.1212e-10	-10.0	16.4
334.5	2.1595e-11	3.5162e-11	-10.0	16.5
335.0	2.0551e-11	3.4374e-11	-10.0	16.6
335.5	2.1153e-11	3.5926e-11	-10.0	16.7
336.0	2.1007e-11	3.5158e-11	-10.0	16.8
336.5	2.0779e-11	3.528e-11	-10.0	16.9
337.0	2.0866e-11	3.513e-11	-10.0	17.0
337.5	2.0869e-11	3.5118e-11	-10.0	17.1
338.0	2.0709e-11	3.5023e-11	-10.0	17.2
338.5	2.0831e-11	3.5374e-11	-10.0	17.3
339.0	2.0695e-11	3.4108e-11	-10.0	17.4
339.5	2.1141e-11	3.5772e-11	-10.0	17.5
340.0	2.1057e-11	3.4908e-11	-10.0	17.6
340.5	2.098e-11	3.482e-11	-10.0	17.7
341.0	2.0915e-11	3.4909e-11	-10.0	17.8
341.5	2.1133e-11	3.5485e-11	-10.0	17.9
342.0	2.0851e-11	3.4752e-11	-10.0	18.0
342.5	2.107e-11	3.4938e-11	-10.0	18.1
343.0	2.0597e-11	3.4055e-11	-10.0	18.2
343.5	2.1126e-11	3.5601e-11	-10.0	18.3
344.0	2.0899e-11	3.4612e-11	-10.0	18.4
344.5	2.0612e-11	3.4949e-11	-10.0	18.5
345.0	2.1081e-11	3.4764e-11	-10.0	18.6
345.5	2.086e-11	3.4694e-11	-10.0	18.7
346.0	2.0995e-11	3.4321e-11	-10.0	18.8
346.5	2.0821e-11	3.4745e-11	-10.0	18.9
347.0	2.0666e-11	3.4012e-11	-10.0	19.0
347.5	2.107e-11	3.513e-11	-10.0	19.1
348.0	2.094e-11	3.4668e-11	-10.0	19.2
348.5	1.7299e-11	3.4109e-11	-10.0	19.3
349.0	2.9712e-11	1.0923e-10	-10.0	19.4
349.5	2.1722e-11	3.4502e-11	-10.0	19.5
350.0	2.0897e-11	3.4437e-11	-10.0	19.6
350.5	1.7224e-11	3.4507e-11	-10.0	19.7
351.0	2.4834e-11	4.6963e-11	-10.0	19.8
351.5	2.1434e-11	3.4556e-11	-10.0	19.9
352.0	2.1073e-11	3.4769e-11	-10.0	20.0
352.5	4.4322e-12	1.4621e-11	-10.0	20.0
