Time (s)	|IDrain (A)|	|IGate (A)	Vdrain(V)	Vgate(V)
0.0	1.2558e-05	1.0621e-09	-10.0	-2.5
1.0	1.2555e-05	1.0462e-09	-10.0	-2.5
1.5	1.2553e-05	1.0248e-09	-10.0	-2.5
2.0	1.2553e-05	1.0126e-09	-10.0	-2.5
2.5	1.2551e-05	1.0007e-09	-10.0	-2.5
3.0	1.2549e-05	9.9249e-10	-10.0	-2.5
3.5	1.2547e-05	9.8287e-10	-10.0	-2.5
4.0	1.2549e-05	9.7706e-10	-10.0	-2.5
4.5	1.255e-05	9.6762e-10	-10.0	-2.5
5.0	1.2552e-05	9.6225e-10	-10.0	-2.5
5.5	1.2552e-05	9.5849e-10	-10.0	-2.5
6.0	1.255e-05	9.5193e-10	-10.0	-2.5
6.5	1.2549e-05	9.4749e-10	-10.0	-2.5
7.0	1.2551e-05	9.4368e-10	-10.0	-2.5
7.5	1.2552e-05	9.3997e-10	-10.0	-2.5
8.0	1.2552e-05	9.355e-10	-10.0	-2.5
8.5	1.255e-05	9.3208e-10	-10.0	-2.5
9.0	1.2551e-05	9.2774e-10	-10.0	-2.5
9.5	1.255e-05	9.2581e-10	-10.0	-2.5
10.0	1.255e-05	9.2268e-10	-10.0	-2.5
10.5	1.255e-05	9.2001e-10	-10.0	-2.5
11.0	1.2551e-05	9.1567e-10	-10.0	-2.5
11.5	1.2549e-05	9.1451e-10	-10.0	-2.5
12.0	1.2551e-05	9.0956e-10	-10.0	-2.5
12.5	1.2549e-05	9.0554e-10	-10.0	-2.5
13.0	1.2549e-05	9.0328e-10	-10.0	-2.5
13.5	1.2549e-05	8.9934e-10	-10.0	-2.5
14.0	1.2546e-05	8.9579e-10	-10.0	-2.5
14.5	1.2546e-05	8.9232e-10	-10.0	-2.5
15.0	1.2549e-05	8.9292e-10	-10.0	-2.5
15.5	1.2547e-05	8.8761e-10	-10.0	-2.5
16.0	1.2547e-05	8.8466e-10	-10.0	-2.5
16.5	1.255e-05	8.8182e-10	-10.0	-2.5
17.0	1.2551e-05	8.8143e-10	-10.0	-2.5
17.5	1.2552e-05	8.7962e-10	-10.0	-2.5
18.0	1.2552e-05	8.7752e-10	-10.0	-2.5
18.5	1.2554e-05	8.7496e-10	-10.0	-2.5
19.0	1.2554e-05	8.7399e-10	-10.0	-2.5
19.5	1.2554e-05	8.7167e-10	-10.0	-2.5
20.0	1.2556e-05	8.6847e-10	-10.0	-2.5
20.5	1.2553e-05	8.6657e-10	-10.0	-2.5
21.0	1.2556e-05	8.6548e-10	-10.0	-2.5
21.5	1.2557e-05	8.6488e-10	-10.0	-2.5
22.0	1.2555e-05	8.6145e-10	-10.0	-2.5
22.5	1.2555e-05	8.5917e-10	-10.0	-2.5
23.0	1.2556e-05	8.5636e-10	-10.0	-2.5
23.5	1.2557e-05	8.5515e-10	-10.0	-2.5
24.0	1.2554e-05	8.5415e-10	-10.0	-2.5
24.5	1.2556e-05	8.5278e-10	-10.0	-2.5
25.0	1.2557e-05	8.5288e-10	-10.0	-2.5
25.5	1.2557e-05	8.492e-10	-10.0	-2.5
26.0	1.2557e-05	8.4737e-10	-10.0	-2.5
26.5	1.256e-05	8.4678e-10	-10.0	-2.5
27.0	1.2558e-05	8.4832e-10	-10.0	-2.5
27.5	1.2559e-05	8.458e-10	-10.0	-2.5
28.0	1.2559e-05	8.4508e-10	-10.0	-2.5
28.5	1.2556e-05	8.4204e-10	-10.0	-2.5
29.0	1.2557e-05	8.4178e-10	-10.0	-2.5
29.5	1.256e-05	8.4122e-10	-10.0	-2.5
30.0	1.2558e-05	8.4046e-10	-10.0	-2.5
30.5	1.256e-05	8.3807e-10	-10.0	-2.5
31.0	1.2562e-05	8.3517e-10	-10.0	-2.5
31.5	1.2563e-05	8.3457e-10	-10.0	-2.5
32.0	1.2563e-05	8.3522e-10	-10.0	-2.5
32.5	1.2563e-05	8.3155e-10	-10.0	-2.5
33.0	1.2565e-05	8.3182e-10	-10.0	-2.5
33.5	1.2564e-05	8.3031e-10	-10.0	-2.5
34.0	1.2564e-05	8.294e-10	-10.0	-2.5
34.5	1.2567e-05	8.2811e-10	-10.0	-2.5
35.0	1.2564e-05	8.2837e-10	-10.0	-2.5
35.5	1.2563e-05	8.2584e-10	-10.0	-2.5
36.0	1.2562e-05	8.2354e-10	-10.0	-2.5
36.5	1.2563e-05	8.2334e-10	-10.0	-2.5
37.0	1.2563e-05	8.2299e-10	-10.0	-2.5
37.5	1.2564e-05	8.2051e-10	-10.0	-2.5
38.0	1.2562e-05	8.216e-10	-10.0	-2.5
38.5	1.2566e-05	8.192e-10	-10.0	-2.5
39.0	1.2568e-05	8.1819e-10	-10.0	-2.5
39.5	1.2569e-05	8.1703e-10	-10.0	-2.5
40.0	1.2568e-05	8.1721e-10	-10.0	-2.5
40.5	1.257e-05	8.1525e-10	-10.0	-2.5
41.0	1.2569e-05	8.1325e-10	-10.0	-2.5
41.5	1.2568e-05	8.1185e-10	-10.0	-2.5
42.0	1.2567e-05	8.1125e-10	-10.0	-2.5
42.5	1.2567e-05	8.1062e-10	-10.0	-2.5
43.0	1.2569e-05	8.0945e-10	-10.0	-2.5
43.5	1.257e-05	8.0842e-10	-10.0	-2.5
44.0	1.257e-05	8.0729e-10	-10.0	-2.5
44.5	1.2571e-05	8.0712e-10	-10.0	-2.5
45.0	1.257e-05	8.0641e-10	-10.0	-2.5
45.5	1.2571e-05	8.06e-10	-10.0	-2.5
46.0	1.2573e-05	8.0394e-10	-10.0	-2.5
46.5	1.2571e-05	8.0361e-10	-10.0	-2.5
47.0	1.2573e-05	8.0314e-10	-10.0	-2.5
47.5	1.2572e-05	8.0089e-10	-10.0	-2.5
48.0	1.2571e-05	7.9956e-10	-10.0	-2.5
48.5	1.2571e-05	7.991e-10	-10.0	-2.5
49.0	1.2573e-05	7.9862e-10	-10.0	-2.5
49.5	1.2572e-05	7.9775e-10	-10.0	-2.5
50.0	1.2576e-05	7.9594e-10	-10.0	-2.5
50.5	1.2574e-05	7.943e-10	-10.0	-2.5
51.0	1.2574e-05	7.9582e-10	-10.0	-2.5
51.5	1.2574e-05	7.9399e-10	-10.0	-2.5
52.0	1.2577e-05	7.9507e-10	-10.0	-2.5
52.5	1.2578e-05	7.9179e-10	-10.0	-2.5
53.0	1.2577e-05	7.91e-10	-10.0	-2.5
53.5	1.2577e-05	7.9063e-10	-10.0	-2.5
54.0	1.2578e-05	7.9057e-10	-10.0	-2.5
54.5	1.2579e-05	7.8978e-10	-10.0	-2.5
55.0	1.258e-05	7.9053e-10	-10.0	-2.5
55.5	1.258e-05	7.8837e-10	-10.0	-2.5
56.0	1.2579e-05	7.868e-10	-10.0	-2.5
56.5	1.258e-05	7.8565e-10	-10.0	-2.5
57.0	1.2583e-05	7.8598e-10	-10.0	-2.5
57.5	1.2581e-05	7.8547e-10	-10.0	-2.5
58.0	1.258e-05	7.849e-10	-10.0	-2.5
58.5	1.258e-05	7.8484e-10	-10.0	-2.5
59.0	1.2581e-05	7.8631e-10	-10.0	-2.5
59.5	1.2578e-05	7.8516e-10	-10.0	-2.5
60.0	1.2579e-05	7.8423e-10	-10.0	-2.5
60.5	1.2581e-05	7.8361e-10	-10.0	-2.5
61.0	1.2582e-05	7.8244e-10	-10.0	-2.5
61.5	1.258e-05	7.8272e-10	-10.0	-2.5
62.0	1.2579e-05	7.8305e-10	-10.0	-2.5
62.5	1.258e-05	7.8114e-10	-10.0	-2.5
63.0	1.2581e-05	7.813e-10	-10.0	-2.5
63.5	1.2581e-05	7.7966e-10	-10.0	-2.5
64.0	1.2581e-05	7.7835e-10	-10.0	-2.5
64.5	1.2584e-05	7.8045e-10	-10.0	-2.5
65.0	1.2583e-05	7.7682e-10	-10.0	-2.5
65.5	1.2585e-05	7.7734e-10	-10.0	-2.5
66.0	1.2585e-05	7.762e-10	-10.0	-2.5
66.5	1.2585e-05	7.7756e-10	-10.0	-2.5
67.0	1.2584e-05	7.7481e-10	-10.0	-2.5
67.5	1.2585e-05	7.7621e-10	-10.0	-2.5
68.0	1.2584e-05	7.7464e-10	-10.0	-2.5
68.5	1.2586e-05	7.7311e-10	-10.0	-2.5
69.0	1.2585e-05	7.7414e-10	-10.0	-2.5
69.5	1.2585e-05	7.7405e-10	-10.0	-2.5
70.0	1.2583e-05	7.729e-10	-10.0	-2.5
70.5	1.2585e-05	7.7106e-10	-10.0	-2.5
71.0	1.2588e-05	7.7129e-10	-10.0	-2.5
71.5	1.2588e-05	7.6863e-10	-10.0	-2.5
72.0	1.2587e-05	7.6799e-10	-10.0	-2.5
72.5	1.2589e-05	7.6836e-10	-10.0	-2.5
73.0	1.2589e-05	7.6761e-10	-10.0	-2.5
73.5	1.2589e-05	7.6876e-10	-10.0	-2.5
74.0	1.259e-05	7.6522e-10	-10.0	-2.5
74.5	1.2591e-05	7.6423e-10	-10.0	-2.5
75.0	1.2591e-05	7.66e-10	-10.0	-2.5
75.5	1.2591e-05	7.6351e-10	-10.0	-2.5
76.0	1.2592e-05	7.6326e-10	-10.0	-2.5
76.5	1.2591e-05	7.6482e-10	-10.0	-2.5
77.0	1.2593e-05	7.6272e-10	-10.0	-2.5
77.5	1.2593e-05	7.6369e-10	-10.0	-2.5
78.0	1.2594e-05	7.645e-10	-10.0	-2.5
78.5	1.2593e-05	7.6265e-10	-10.0	-2.5
79.0	1.2596e-05	7.6051e-10	-10.0	-2.5
79.5	1.2594e-05	7.6201e-10	-10.0	-2.5
80.0	1.2594e-05	7.6106e-10	-10.0	-2.5
80.5	1.2594e-05	7.5857e-10	-10.0	-2.5
81.0	1.2598e-05	7.5694e-10	-10.0	-2.5
81.5	1.2595e-05	7.5755e-10	-10.0	-2.5
82.0	1.2596e-05	7.5602e-10	-10.0	-2.5
82.5	1.2597e-05	7.5742e-10	-10.0	-2.5
83.0	1.2598e-05	7.5537e-10	-10.0	-2.5
83.5	1.2595e-05	7.5816e-10	-10.0	-2.5
84.0	1.2597e-05	7.561e-10	-10.0	-2.5
84.5	1.2596e-05	7.5463e-10	-10.0	-2.5
85.0	1.2596e-05	7.5186e-10	-10.0	-2.5
85.5	1.2597e-05	7.5562e-10	-10.0	-2.5
86.0	1.2597e-05	7.5326e-10	-10.0	-2.5
86.5	1.2598e-05	7.5325e-10	-10.0	-2.5
87.0	1.2597e-05	7.5363e-10	-10.0	-2.5
87.5	1.2595e-05	7.5135e-10	-10.0	-2.5
88.0	1.26e-05	7.5267e-10	-10.0	-2.5
88.5	1.26e-05	7.53e-10	-10.0	-2.5
89.0	1.2603e-05	7.5141e-10	-10.0	-2.5
89.5	1.2601e-05	7.5019e-10	-10.0	-2.5
90.0	1.2598e-05	7.4851e-10	-10.0	-2.5
90.5	1.2598e-05	7.5064e-10	-10.0	-2.5
91.0	1.2601e-05	7.4961e-10	-10.0	-2.5
91.5	1.2602e-05	7.4895e-10	-10.0	-2.5
92.0	1.26e-05	7.4837e-10	-10.0	-2.5
92.5	1.26e-05	7.4891e-10	-10.0	-2.5
93.0	1.2601e-05	7.4631e-10	-10.0	-2.5
93.5	1.2604e-05	7.4624e-10	-10.0	-2.5
94.0	1.2605e-05	7.4718e-10	-10.0	-2.5
94.5	1.2605e-05	7.4666e-10	-10.0	-2.5
95.0	1.2605e-05	7.4733e-10	-10.0	-2.5
95.5	1.2605e-05	7.4577e-10	-10.0	-2.5
96.0	1.2607e-05	7.4558e-10	-10.0	-2.5
96.5	1.2607e-05	7.4583e-10	-10.0	-2.5
97.0	1.2608e-05	7.4513e-10	-10.0	-2.5
97.5	1.2608e-05	7.464e-10	-10.0	-2.5
98.0	1.2609e-05	7.4337e-10	-10.0	-2.5
98.5	1.2608e-05	7.4138e-10	-10.0	-2.5
99.0	1.2607e-05	7.4348e-10	-10.0	-2.5
99.5	1.2609e-05	7.44e-10	-10.0	-2.5
100.0	1.261e-05	7.4274e-10	-10.0	-2.5
100.5	1.261e-05	7.4132e-10	-10.0	-2.5
101.0	1.2608e-05	7.4234e-10	-10.0	-2.5
101.5	1.261e-05	7.4092e-10	-10.0	-2.5
102.0	1.2611e-05	7.4045e-10	-10.0	-2.5
102.5	1.2611e-05	7.418e-10	-10.0	-2.5
103.0	1.2613e-05	7.4004e-10	-10.0	-2.5
103.5	1.261e-05	7.4076e-10	-10.0	-2.5
104.0	1.2611e-05	7.3885e-10	-10.0	-2.5
104.5	1.2613e-05	7.386e-10	-10.0	-2.5
105.0	1.2612e-05	7.3741e-10	-10.0	-2.5
105.5	1.2613e-05	7.3989e-10	-10.0	-2.5
106.0	1.2611e-05	7.3837e-10	-10.0	-2.5
106.5	1.2613e-05	7.3899e-10	-10.0	-2.5
107.0	1.2613e-05	7.3718e-10	-10.0	-2.5
107.5	1.2614e-05	7.3758e-10	-10.0	-2.5
108.0	1.2615e-05	7.3667e-10	-10.0	-2.5
108.5	1.2612e-05	7.3517e-10	-10.0	-2.5
109.0	1.2613e-05	7.382e-10	-10.0	-2.5
109.5	1.2613e-05	7.3652e-10	-10.0	-2.5
110.0	1.2613e-05	7.3529e-10	-10.0	-2.5
110.5	1.2614e-05	7.3474e-10	-10.0	-2.5
111.0	1.2614e-05	7.3423e-10	-10.0	-2.5
111.5	1.2616e-05	7.3381e-10	-10.0	-2.5
112.0	1.2616e-05	7.3373e-10	-10.0	-2.5
112.5	1.2616e-05	7.3246e-10	-10.0	-2.5
113.0	1.2617e-05	7.3322e-10	-10.0	-2.5
113.5	1.2618e-05	7.3406e-10	-10.0	-2.5
114.0	1.2618e-05	7.313e-10	-10.0	-2.5
114.5	1.2618e-05	7.3264e-10	-10.0	-2.5
115.0	1.2618e-05	7.3106e-10	-10.0	-2.5
115.5	1.262e-05	7.3116e-10	-10.0	-2.5
116.0	1.2621e-05	7.3151e-10	-10.0	-2.5
116.5	1.2622e-05	7.3083e-10	-10.0	-2.5
117.0	1.2622e-05	7.2948e-10	-10.0	-2.5
117.5	1.2622e-05	7.2951e-10	-10.0	-2.5
118.0	1.2625e-05	7.297e-10	-10.0	-2.5
118.5	1.2625e-05	7.3077e-10	-10.0	-2.5
119.0	1.2629e-05	7.5596e-10	-10.0	-2.5
119.5	1.2631e-05	7.5037e-10	-10.0	-2.5
120.0	1.263e-05	7.4704e-10	-10.0	-2.5
120.5	1.2633e-05	7.455e-10	-10.0	-2.5
121.0	1.2634e-05	7.4339e-10	-10.0	-2.5
121.5	1.2636e-05	7.4083e-10	-10.0	-2.5
122.0	1.2639e-05	7.4023e-10	-10.0	-2.5
122.5	1.2642e-05	7.3614e-10	-10.0	-2.5
123.0	1.2642e-05	7.3482e-10	-10.0	-2.5
123.5	1.2644e-05	7.3172e-10	-10.0	-2.5
124.0	1.2646e-05	7.2957e-10	-10.0	-2.5
124.5	1.2649e-05	7.2758e-10	-10.0	-2.5
125.0	1.265e-05	7.257e-10	-10.0	-2.5
125.5	1.2654e-05	7.2225e-10	-10.0	-2.5
126.0	1.2655e-05	7.2031e-10	-10.0	-2.5
126.5	1.2656e-05	7.1878e-10	-10.0	-2.5
127.0	1.2658e-05	7.1879e-10	-10.0	-2.5
127.5	1.2658e-05	7.1526e-10	-10.0	-2.5
128.0	1.266e-05	7.1484e-10	-10.0	-2.5
128.5	1.2662e-05	7.1176e-10	-10.0	-2.5
129.0	1.2664e-05	7.12e-10	-10.0	-2.5
129.5	1.2663e-05	7.0986e-10	-10.0	-2.5
130.0	1.2664e-05	7.0893e-10	-10.0	-2.5
130.5	1.2666e-05	7.0779e-10	-10.0	-2.5
131.0	1.2665e-05	7.0418e-10	-10.0	-2.5
131.5	1.2669e-05	7.0229e-10	-10.0	-2.5
132.0	1.2669e-05	7.0337e-10	-10.0	-2.5
132.5	1.2672e-05	7.0062e-10	-10.0	-2.5
133.0	1.267e-05	7.002e-10	-10.0	-2.5
133.5	1.2673e-05	6.9665e-10	-10.0	-2.5
134.0	1.2677e-05	6.9552e-10	-10.0	-2.5
134.5	1.2678e-05	6.9444e-10	-10.0	-2.5
135.0	1.2679e-05	6.9031e-10	-10.0	-2.5
135.5	1.268e-05	6.9231e-10	-10.0	-2.5
136.0	1.268e-05	6.8661e-10	-10.0	-2.5
136.5	1.2682e-05	6.8634e-10	-10.0	-2.5
137.0	1.2682e-05	6.862e-10	-10.0	-2.5
137.5	1.2684e-05	6.8334e-10	-10.0	-2.5
138.0	1.268e-05	6.8085e-10	-10.0	-2.5
138.5	1.2681e-05	6.8047e-10	-10.0	-2.5
139.0	1.2685e-05	6.8261e-10	-10.0	-2.5
139.5	1.2687e-05	6.7967e-10	-10.0	-2.5
140.0	1.2686e-05	6.7854e-10	-10.0	-2.5
140.5	1.2689e-05	6.7788e-10	-10.0	-2.5
141.0	1.2688e-05	6.7617e-10	-10.0	-2.5
141.5	1.269e-05	6.736e-10	-10.0	-2.5
142.0	1.2693e-05	6.7676e-10	-10.0	-2.5
142.5	1.2691e-05	6.726e-10	-10.0	-2.5
143.0	1.2691e-05	6.7233e-10	-10.0	-2.5
143.5	1.2691e-05	6.6995e-10	-10.0	-2.5
144.0	1.2694e-05	6.6931e-10	-10.0	-2.5
144.5	1.2696e-05	6.6753e-10	-10.0	-2.5
145.0	1.2696e-05	6.6644e-10	-10.0	-2.5
145.5	1.2697e-05	6.6551e-10	-10.0	-2.5
146.0	1.2697e-05	6.6462e-10	-10.0	-2.5
146.5	1.2697e-05	6.6239e-10	-10.0	-2.5
147.0	1.2697e-05	6.6056e-10	-10.0	-2.5
147.5	1.2699e-05	6.6039e-10	-10.0	-2.5
148.0	1.27e-05	6.5923e-10	-10.0	-2.5
148.5	1.27e-05	6.5864e-10	-10.0	-2.5
149.0	1.2702e-05	6.5613e-10	-10.0	-2.5
149.5	1.2704e-05	6.5633e-10	-10.0	-2.5
150.0	1.2703e-05	6.5568e-10	-10.0	-2.5
150.5	1.2705e-05	6.5444e-10	-10.0	-2.5
151.0	1.2705e-05	6.5377e-10	-10.0	-2.5
151.5	1.2706e-05	6.5151e-10	-10.0	-2.5
152.0	1.2707e-05	6.5031e-10	-10.0	-2.5
152.5	1.2706e-05	6.4909e-10	-10.0	-2.5
153.0	1.2708e-05	6.4798e-10	-10.0	-2.5
153.5	1.2706e-05	6.4717e-10	-10.0	-2.5
154.0	1.2711e-05	6.4597e-10	-10.0	-2.5
154.5	1.2713e-05	6.4413e-10	-10.0	-2.5
155.0	1.2713e-05	6.4477e-10	-10.0	-2.5
155.5	1.2712e-05	6.4153e-10	-10.0	-2.5
156.0	1.2714e-05	6.4072e-10	-10.0	-2.5
156.5	1.2717e-05	6.4077e-10	-10.0	-2.5
157.0	1.2716e-05	6.3747e-10	-10.0	-2.5
157.5	1.2716e-05	6.3661e-10	-10.0	-2.5
158.0	1.2712e-05	6.3684e-10	-10.0	-2.5
158.5	1.2711e-05	6.3549e-10	-10.0	-2.5
159.0	1.2712e-05	6.3496e-10	-10.0	-2.5
159.5	1.271e-05	6.3245e-10	-10.0	-2.5
160.0	1.2713e-05	6.3248e-10	-10.0	-2.5
160.5	1.2712e-05	6.3327e-10	-10.0	-2.5
161.0	1.2714e-05	6.3318e-10	-10.0	-2.5
161.5	1.2715e-05	6.3161e-10	-10.0	-2.5
162.0	1.2712e-05	6.2992e-10	-10.0	-2.5
162.5	1.2715e-05	6.3008e-10	-10.0	-2.5
163.0	1.2716e-05	6.3037e-10	-10.0	-2.5
163.5	1.2722e-05	6.2924e-10	-10.0	-2.5
164.0	1.272e-05	6.2849e-10	-10.0	-2.5
164.5	1.2721e-05	6.2448e-10	-10.0	-2.5
165.0	1.272e-05	6.2548e-10	-10.0	-2.5
165.5	1.2721e-05	6.2277e-10	-10.0	-2.5
166.0	1.2721e-05	6.233e-10	-10.0	-2.5
166.5	1.2723e-05	6.2376e-10	-10.0	-2.5
167.0	1.272e-05	6.2472e-10	-10.0	-2.5
167.5	1.2721e-05	6.2171e-10	-10.0	-2.5
168.0	1.2724e-05	6.2118e-10	-10.0	-2.5
168.5	1.2726e-05	6.1958e-10	-10.0	-2.5
169.0	1.2725e-05	6.1902e-10	-10.0	-2.5
169.5	1.2727e-05	6.1912e-10	-10.0	-2.5
170.0	1.2726e-05	6.1841e-10	-10.0	-2.5
170.5	1.2726e-05	6.1657e-10	-10.0	-2.5
171.0	1.2728e-05	6.1778e-10	-10.0	-2.5
171.5	1.2728e-05	6.1609e-10	-10.0	-2.5
172.0	1.2728e-05	6.1485e-10	-10.0	-2.5
172.5	1.2729e-05	6.1284e-10	-10.0	-2.5
173.0	1.2731e-05	6.1307e-10	-10.0	-2.5
173.5	1.2729e-05	6.1068e-10	-10.0	-2.5
174.0	1.2729e-05	6.1079e-10	-10.0	-2.5
174.5	1.273e-05	6.1012e-10	-10.0	-2.5
175.0	1.2733e-05	6.0953e-10	-10.0	-2.5
175.5	1.2733e-05	6.0975e-10	-10.0	-2.5
176.0	1.2731e-05	6.0799e-10	-10.0	-2.5
176.5	1.2732e-05	6.0917e-10	-10.0	-2.5
177.0	1.2733e-05	6.07e-10	-10.0	-2.5
177.5	1.2734e-05	6.0578e-10	-10.0	-2.5
178.0	1.2735e-05	6.0409e-10	-10.0	-2.5
178.5	1.2736e-05	6.0233e-10	-10.0	-2.5
179.0	1.2737e-05	5.9117e-10	-10.0	-2.5
179.5	1.2738e-05	5.7968e-10	-10.0	-2.5
180.0	1.2735e-05	5.7729e-10	-10.0	-2.5
180.5	1.2734e-05	5.7898e-10	-10.0	-2.5
181.0	1.2733e-05	5.7781e-10	-10.0	-2.5
181.5	1.2733e-05	5.7775e-10	-10.0	-2.5
182.0	1.2731e-05	5.7776e-10	-10.0	-2.5
182.5	1.2732e-05	5.7663e-10	-10.0	-2.5
183.0	1.2729e-05	5.7631e-10	-10.0	-2.5
183.5	1.2729e-05	5.7688e-10	-10.0	-2.5
184.0	1.2727e-05	5.7616e-10	-10.0	-2.5
184.5	1.2726e-05	5.7747e-10	-10.0	-2.5
185.0	1.2727e-05	5.777e-10	-10.0	-2.5
185.5	1.2727e-05	5.7868e-10	-10.0	-2.5
186.0	1.2728e-05	5.7909e-10	-10.0	-2.5
186.5	1.273e-05	5.7906e-10	-10.0	-2.5
187.0	1.273e-05	5.7983e-10	-10.0	-2.5
187.5	1.2733e-05	5.7944e-10	-10.0	-2.5
188.0	1.2732e-05	5.7994e-10	-10.0	-2.5
188.5	1.273e-05	5.7973e-10	-10.0	-2.5
189.0	1.2731e-05	5.8022e-10	-10.0	-2.5
189.5	1.273e-05	5.7985e-10	-10.0	-2.5
190.0	1.2732e-05	5.8059e-10	-10.0	-2.5
190.5	1.2732e-05	5.8055e-10	-10.0	-2.5
191.0	1.2734e-05	5.8069e-10	-10.0	-2.5
191.5	1.2733e-05	5.8181e-10	-10.0	-2.5
192.0	1.2737e-05	5.8131e-10	-10.0	-2.5
192.5	1.2736e-05	5.7973e-10	-10.0	-2.5
193.0	1.2737e-05	5.8001e-10	-10.0	-2.5
193.5	1.2738e-05	5.8054e-10	-10.0	-2.5
194.0	1.2735e-05	5.8068e-10	-10.0	-2.5
194.5	1.2736e-05	5.8016e-10	-10.0	-2.5
195.0	1.2737e-05	5.8014e-10	-10.0	-2.5
195.5	1.2736e-05	5.8037e-10	-10.0	-2.5
196.0	1.2736e-05	5.804e-10	-10.0	-2.5
196.5	1.2736e-05	5.8071e-10	-10.0	-2.5
197.0	1.2739e-05	5.8118e-10	-10.0	-2.5
197.5	1.274e-05	5.7957e-10	-10.0	-2.5
198.0	1.2739e-05	5.8244e-10	-10.0	-2.5
198.5	1.2739e-05	5.805e-10	-10.0	-2.5
199.0	1.2736e-05	5.8104e-10	-10.0	-2.5
199.5	1.2739e-05	5.8213e-10	-10.0	-2.5
200.0	1.2742e-05	5.8043e-10	-10.0	-2.5
200.5	1.2743e-05	5.7989e-10	-10.0	-2.5
201.0	1.2743e-05	5.8126e-10	-10.0	-2.5
201.5	1.2742e-05	5.8091e-10	-10.0	-2.5
202.0	1.2743e-05	5.8208e-10	-10.0	-2.5
202.5	1.2746e-05	5.8102e-10	-10.0	-2.5
203.0	1.2746e-05	5.8207e-10	-10.0	-2.5
203.5	1.2749e-05	5.8236e-10	-10.0	-2.5
204.0	1.2746e-05	5.8095e-10	-10.0	-2.5
204.5	1.275e-05	5.8098e-10	-10.0	-2.5
205.0	1.2752e-05	5.8211e-10	-10.0	-2.5
205.5	1.2749e-05	5.826e-10	-10.0	-2.5
206.0	1.2747e-05	5.8118e-10	-10.0	-2.5
206.5	1.2749e-05	5.8258e-10	-10.0	-2.5
207.0	1.275e-05	5.81e-10	-10.0	-2.5
207.5	1.2751e-05	5.8275e-10	-10.0	-2.5
208.0	1.2752e-05	5.8195e-10	-10.0	-2.5
208.5	1.2752e-05	5.8234e-10	-10.0	-2.5
209.0	1.2752e-05	5.8187e-10	-10.0	-2.5
209.5	1.2753e-05	5.8133e-10	-10.0	-2.5
210.0	1.2754e-05	5.8304e-10	-10.0	-2.5
210.5	1.2753e-05	5.8222e-10	-10.0	-2.5
211.0	1.2754e-05	5.8156e-10	-10.0	-2.5
211.5	1.2756e-05	5.817e-10	-10.0	-2.5
212.0	1.2756e-05	5.8222e-10	-10.0	-2.5
212.5	1.2759e-05	5.8096e-10	-10.0	-2.5
213.0	1.2759e-05	5.8321e-10	-10.0	-2.5
213.5	1.2758e-05	5.8199e-10	-10.0	-2.5
214.0	1.2757e-05	5.8292e-10	-10.0	-2.5
214.5	1.2758e-05	5.823e-10	-10.0	-2.5
215.0	1.2759e-05	5.8358e-10	-10.0	-2.5
215.5	1.2759e-05	5.8286e-10	-10.0	-2.5
216.0	1.2759e-05	5.8521e-10	-10.0	-2.5
216.5	1.2758e-05	5.8428e-10	-10.0	-2.5
217.0	1.276e-05	5.8372e-10	-10.0	-2.5
217.5	1.2758e-05	5.8396e-10	-10.0	-2.5
218.0	1.2758e-05	5.8233e-10	-10.0	-2.5
218.5	1.276e-05	5.8396e-10	-10.0	-2.5
219.0	1.2761e-05	5.8259e-10	-10.0	-2.5
219.5	1.2763e-05	5.8352e-10	-10.0	-2.5
220.0	1.2764e-05	5.8353e-10	-10.0	-2.5
220.5	1.2763e-05	5.8303e-10	-10.0	-2.5
221.0	1.2764e-05	5.8177e-10	-10.0	-2.5
221.5	1.2765e-05	5.8253e-10	-10.0	-2.5
222.0	1.2765e-05	5.8291e-10	-10.0	-2.5
222.5	1.2765e-05	5.8241e-10	-10.0	-2.5
223.0	1.2769e-05	5.8283e-10	-10.0	-2.5
223.5	1.2766e-05	5.834e-10	-10.0	-2.5
224.0	1.2767e-05	5.8376e-10	-10.0	-2.5
224.5	1.277e-05	5.8252e-10	-10.0	-2.5
225.0	1.2771e-05	5.8227e-10	-10.0	-2.5
225.5	1.2772e-05	5.8284e-10	-10.0	-2.5
226.0	1.2771e-05	5.8143e-10	-10.0	-2.5
226.5	1.2773e-05	5.8209e-10	-10.0	-2.5
227.0	1.2773e-05	5.8151e-10	-10.0	-2.5
227.5	1.2775e-05	5.8088e-10	-10.0	-2.5
228.0	1.2773e-05	5.8109e-10	-10.0	-2.5
228.5	1.2774e-05	5.8077e-10	-10.0	-2.5
229.0	1.2775e-05	5.8159e-10	-10.0	-2.5
229.5	1.2775e-05	5.802e-10	-10.0	-2.5
230.0	1.2777e-05	5.8169e-10	-10.0	-2.5
230.5	1.2776e-05	5.8175e-10	-10.0	-2.5
231.0	1.2775e-05	5.7996e-10	-10.0	-2.5
231.5	1.2774e-05	5.7977e-10	-10.0	-2.5
232.0	1.2776e-05	5.8157e-10	-10.0	-2.5
232.5	1.278e-05	5.808e-10	-10.0	-2.5
233.0	1.2781e-05	5.8114e-10	-10.0	-2.5
233.5	1.278e-05	5.8054e-10	-10.0	-2.5
234.0	1.2781e-05	5.8008e-10	-10.0	-2.5
234.5	1.2783e-05	5.8089e-10	-10.0	-2.5
235.0	1.2784e-05	5.8086e-10	-10.0	-2.5
235.5	1.2785e-05	5.8105e-10	-10.0	-2.5
236.0	1.2783e-05	5.8184e-10	-10.0	-2.5
236.5	1.2785e-05	5.8086e-10	-10.0	-2.5
237.0	1.2785e-05	5.8109e-10	-10.0	-2.5
237.5	1.2784e-05	5.7947e-10	-10.0	-2.5
238.0	1.2785e-05	5.8034e-10	-10.0	-2.5
238.5	1.2783e-05	5.8107e-10	-10.0	-2.5
239.0	1.279e-05	6.1151e-10	-10.0	-2.5
239.5	1.2793e-05	6.0784e-10	-10.0	-2.5
240.0	1.2792e-05	6.0636e-10	-10.0	-2.5
240.5	1.2795e-05	6.0531e-10	-10.0	-2.5
241.0	1.2793e-05	6.0673e-10	-10.0	-2.5
241.5	1.2795e-05	6.0335e-10	-10.0	-2.5
242.0	1.2795e-05	6.0305e-10	-10.0	-2.5
242.5	1.2799e-05	6.0188e-10	-10.0	-2.5
243.0	1.2799e-05	5.9986e-10	-10.0	-2.5
243.5	1.2801e-05	5.9763e-10	-10.0	-2.5
244.0	1.2802e-05	5.9756e-10	-10.0	-2.5
244.5	1.2802e-05	5.9613e-10	-10.0	-2.5
245.0	1.2803e-05	5.9498e-10	-10.0	-2.5
245.5	1.2804e-05	5.9518e-10	-10.0	-2.5
246.0	1.2805e-05	5.9255e-10	-10.0	-2.5
246.5	1.2809e-05	5.9188e-10	-10.0	-2.5
247.0	1.2809e-05	5.8936e-10	-10.0	-2.5
247.5	1.281e-05	5.8957e-10	-10.0	-2.5
248.0	1.2809e-05	5.8887e-10	-10.0	-2.5
248.5	1.2811e-05	5.8832e-10	-10.0	-2.5
249.0	1.2811e-05	5.8534e-10	-10.0	-2.5
249.5	1.2815e-05	5.8578e-10	-10.0	-2.5
250.0	1.2817e-05	5.8616e-10	-10.0	-2.5
250.5	1.2818e-05	5.8335e-10	-10.0	-2.5
251.0	1.2818e-05	5.8414e-10	-10.0	-2.5
251.5	1.2815e-05	5.8052e-10	-10.0	-2.5
252.0	1.2817e-05	5.8066e-10	-10.0	-2.5
252.5	1.2819e-05	5.799e-10	-10.0	-2.5
253.0	1.2823e-05	5.7917e-10	-10.0	-2.5
253.5	1.2822e-05	5.7769e-10	-10.0	-2.5
254.0	1.2821e-05	5.7639e-10	-10.0	-2.5
254.5	1.2822e-05	5.7662e-10	-10.0	-2.5
255.0	1.2824e-05	5.7427e-10	-10.0	-2.5
255.5	1.2824e-05	5.7522e-10	-10.0	-2.5
256.0	1.2821e-05	5.7396e-10	-10.0	-2.5
256.5	1.2822e-05	5.7329e-10	-10.0	-2.5
257.0	1.2827e-05	5.7314e-10	-10.0	-2.5
257.5	1.2829e-05	5.7314e-10	-10.0	-2.5
258.0	1.2829e-05	5.7181e-10	-10.0	-2.5
258.5	1.2828e-05	5.7042e-10	-10.0	-2.5
259.0	1.2829e-05	5.6932e-10	-10.0	-2.5
259.5	1.283e-05	5.7063e-10	-10.0	-2.5
260.0	1.283e-05	5.6932e-10	-10.0	-2.5
260.5	1.2831e-05	5.6883e-10	-10.0	-2.5
261.0	1.283e-05	5.6798e-10	-10.0	-2.5
261.5	1.2832e-05	5.6771e-10	-10.0	-2.5
262.0	1.2832e-05	5.6594e-10	-10.0	-2.5
262.5	1.2833e-05	5.6681e-10	-10.0	-2.5
263.0	1.283e-05	5.6531e-10	-10.0	-2.5
263.5	1.2831e-05	5.6438e-10	-10.0	-2.5
264.0	1.2832e-05	5.6226e-10	-10.0	-2.5
264.5	1.2831e-05	5.6309e-10	-10.0	-2.5
265.0	1.2831e-05	5.6022e-10	-10.0	-2.5
265.5	1.2832e-05	5.6075e-10	-10.0	-2.5
266.0	1.2833e-05	5.6037e-10	-10.0	-2.5
266.5	1.2832e-05	5.5963e-10	-10.0	-2.5
267.0	1.2833e-05	5.5879e-10	-10.0	-2.5
267.5	1.2833e-05	5.5879e-10	-10.0	-2.5
268.0	1.2832e-05	5.5858e-10	-10.0	-2.5
268.5	1.2834e-05	5.5713e-10	-10.0	-2.5
269.0	1.2836e-05	5.5668e-10	-10.0	-2.5
269.5	1.2836e-05	5.5683e-10	-10.0	-2.5
270.0	1.2835e-05	5.5599e-10	-10.0	-2.5
270.5	1.2838e-05	5.563e-10	-10.0	-2.5
271.0	1.2839e-05	5.5508e-10	-10.0	-2.5
271.5	1.2839e-05	5.5554e-10	-10.0	-2.5
272.0	1.2839e-05	5.5366e-10	-10.0	-2.5
272.5	1.2837e-05	5.5377e-10	-10.0	-2.5
273.0	1.2838e-05	5.541e-10	-10.0	-2.5
273.5	1.2836e-05	5.5324e-10	-10.0	-2.5
274.0	1.2836e-05	5.5172e-10	-10.0	-2.5
274.5	1.2836e-05	5.5218e-10	-10.0	-2.5
275.0	1.2836e-05	5.5135e-10	-10.0	-2.5
275.5	1.2836e-05	5.519e-10	-10.0	-2.5
276.0	1.2841e-05	5.513e-10	-10.0	-2.5
276.5	1.2839e-05	5.5072e-10	-10.0	-2.5
277.0	1.2838e-05	5.5064e-10	-10.0	-2.5
277.5	1.2838e-05	5.5121e-10	-10.0	-2.5
278.0	1.2841e-05	5.494e-10	-10.0	-2.5
278.5	1.2841e-05	5.4801e-10	-10.0	-2.5
279.0	1.2841e-05	5.4798e-10	-10.0	-2.5
279.5	1.2842e-05	5.4782e-10	-10.0	-2.5
280.0	1.2842e-05	5.4753e-10	-10.0	-2.5
280.5	1.2843e-05	5.4613e-10	-10.0	-2.5
281.0	1.2846e-05	5.4713e-10	-10.0	-2.5
281.5	1.2845e-05	5.4595e-10	-10.0	-2.5
282.0	1.2846e-05	5.4476e-10	-10.0	-2.5
282.5	1.2845e-05	5.4685e-10	-10.0	-2.5
283.0	1.2843e-05	5.4533e-10	-10.0	-2.5
283.5	1.2844e-05	5.4439e-10	-10.0	-2.5
284.0	1.2845e-05	5.4338e-10	-10.0	-2.5
284.5	1.2847e-05	5.4365e-10	-10.0	-2.5
285.0	1.2847e-05	5.4484e-10	-10.0	-2.5
285.5	1.2843e-05	5.4209e-10	-10.0	-2.5
286.0	1.2845e-05	5.4125e-10	-10.0	-2.5
286.5	1.2844e-05	5.4027e-10	-10.0	-2.5
287.0	1.2844e-05	5.4041e-10	-10.0	-2.5
287.5	1.2843e-05	5.3819e-10	-10.0	-2.5
288.0	1.2845e-05	5.3968e-10	-10.0	-2.5
288.5	1.2844e-05	5.3777e-10	-10.0	-2.5
289.0	1.2847e-05	5.3788e-10	-10.0	-2.5
289.5	1.2846e-05	5.3664e-10	-10.0	-2.5
290.0	1.2848e-05	5.3652e-10	-10.0	-2.5
290.5	1.2849e-05	5.3586e-10	-10.0	-2.5
291.0	1.2848e-05	5.3487e-10	-10.0	-2.5
291.5	1.2849e-05	5.3484e-10	-10.0	-2.5
292.0	1.2846e-05	5.3286e-10	-10.0	-2.5
292.5	1.2847e-05	5.3204e-10	-10.0	-2.5
293.0	1.2845e-05	5.3301e-10	-10.0	-2.5
293.5	1.2845e-05	5.3261e-10	-10.0	-2.5
294.0	1.2846e-05	5.3148e-10	-10.0	-2.5
294.5	1.2846e-05	5.3034e-10	-10.0	-2.5
295.0	1.2846e-05	5.315e-10	-10.0	-2.5
295.5	1.2845e-05	5.2935e-10	-10.0	-2.5
296.0	1.2846e-05	5.2724e-10	-10.0	-2.5
296.5	1.2846e-05	5.2878e-10	-10.0	-2.5
297.0	1.2848e-05	5.2748e-10	-10.0	-2.5
297.5	1.2848e-05	5.2608e-10	-10.0	-2.5
298.0	1.2849e-05	5.278e-10	-10.0	-2.5
298.5	1.2846e-05	5.275e-10	-10.0	-2.5
299.0	1.2846e-05	5.0859e-10	-10.0	-2.5
299.5	1.2843e-05	5.0184e-10	-10.0	-2.5
300.0	1.2845e-05	4.9952e-10	-10.0	-2.5
300.5	1.2843e-05	4.992e-10	-10.0	-2.5
301.0	1.2845e-05	4.9967e-10	-10.0	-2.5
301.5	1.2843e-05	5.0117e-10	-10.0	-2.5
302.0	1.2841e-05	5.0135e-10	-10.0	-2.5
302.5	1.284e-05	5.0052e-10	-10.0	-2.5
303.0	1.2842e-05	5.0146e-10	-10.0	-2.5
303.5	1.2841e-05	5.0037e-10	-10.0	-2.5
304.0	1.2842e-05	5.0287e-10	-10.0	-2.5
304.5	1.2843e-05	5.0183e-10	-10.0	-2.5
305.0	1.2841e-05	5.0263e-10	-10.0	-2.5
305.5	1.2842e-05	5.0367e-10	-10.0	-2.5
306.0	1.284e-05	5.0281e-10	-10.0	-2.5
306.5	1.2842e-05	5.0234e-10	-10.0	-2.5
307.0	1.284e-05	5.0516e-10	-10.0	-2.5
307.5	1.284e-05	5.0515e-10	-10.0	-2.5
308.0	1.2841e-05	5.0441e-10	-10.0	-2.5
308.5	1.2842e-05	5.0455e-10	-10.0	-2.5
309.0	1.2842e-05	5.0549e-10	-10.0	-2.5
309.5	1.2839e-05	5.0669e-10	-10.0	-2.5
310.0	1.2841e-05	5.0751e-10	-10.0	-2.5
310.5	1.2842e-05	5.0614e-10	-10.0	-2.5
311.0	1.2844e-05	5.0544e-10	-10.0	-2.5
311.5	1.2846e-05	5.0665e-10	-10.0	-2.5
312.0	1.2847e-05	5.069e-10	-10.0	-2.5
312.5	1.2847e-05	5.0561e-10	-10.0	-2.5
313.0	1.2848e-05	5.0717e-10	-10.0	-2.5
313.5	1.2847e-05	5.0656e-10	-10.0	-2.5
314.0	1.2847e-05	5.0758e-10	-10.0	-2.5
314.5	1.2848e-05	5.0918e-10	-10.0	-2.5
315.0	1.2849e-05	5.0878e-10	-10.0	-2.5
315.5	1.2848e-05	5.0881e-10	-10.0	-2.5
316.0	1.2849e-05	5.1025e-10	-10.0	-2.5
316.5	1.285e-05	5.0875e-10	-10.0	-2.5
317.0	1.2848e-05	5.0953e-10	-10.0	-2.5
317.5	1.2849e-05	5.1059e-10	-10.0	-2.5
318.0	1.285e-05	5.0897e-10	-10.0	-2.5
318.5	1.285e-05	5.0955e-10	-10.0	-2.5
319.0	1.2851e-05	5.0949e-10	-10.0	-2.5
319.5	1.285e-05	5.1045e-10	-10.0	-2.5
320.0	1.2853e-05	5.1084e-10	-10.0	-2.5
320.5	1.2853e-05	5.1053e-10	-10.0	-2.5
321.0	1.2854e-05	5.0957e-10	-10.0	-2.5
321.5	1.2857e-05	5.1011e-10	-10.0	-2.5
322.0	1.2853e-05	5.1008e-10	-10.0	-2.5
322.5	1.2855e-05	5.0961e-10	-10.0	-2.5
323.0	1.2855e-05	5.1162e-10	-10.0	-2.5
323.5	1.2858e-05	5.116e-10	-10.0	-2.5
324.0	1.2857e-05	5.1106e-10	-10.0	-2.5
324.5	1.2856e-05	5.1139e-10	-10.0	-2.5
325.0	1.2856e-05	5.1083e-10	-10.0	-2.5
325.5	1.2859e-05	5.1146e-10	-10.0	-2.5
326.0	1.286e-05	5.122e-10	-10.0	-2.5
326.5	1.2862e-05	5.1084e-10	-10.0	-2.5
327.0	1.2862e-05	5.1151e-10	-10.0	-2.5
327.5	1.2863e-05	5.1179e-10	-10.0	-2.5
328.0	1.2863e-05	5.1128e-10	-10.0	-2.5
328.5	1.2866e-05	5.1055e-10	-10.0	-2.5
329.0	1.2868e-05	5.1039e-10	-10.0	-2.5
329.5	1.2864e-05	5.0915e-10	-10.0	-2.5
330.0	1.2866e-05	5.1033e-10	-10.0	-2.5
330.5	1.2868e-05	5.1119e-10	-10.0	-2.5
331.0	1.2867e-05	5.1244e-10	-10.0	-2.5
331.5	1.2869e-05	5.1146e-10	-10.0	-2.5
332.0	1.287e-05	5.1183e-10	-10.0	-2.5
332.5	1.2871e-05	5.1194e-10	-10.0	-2.5
333.0	1.2872e-05	5.1302e-10	-10.0	-2.5
333.5	1.2871e-05	5.1205e-10	-10.0	-2.5
334.0	1.2871e-05	5.135e-10	-10.0	-2.5
334.5	1.2874e-05	5.1289e-10	-10.0	-2.5
335.0	1.2875e-05	5.1199e-10	-10.0	-2.5
335.5	1.2878e-05	5.1296e-10	-10.0	-2.5
336.0	1.2879e-05	5.1096e-10	-10.0	-2.5
336.5	1.2879e-05	5.1152e-10	-10.0	-2.5
337.0	1.2879e-05	5.1174e-10	-10.0	-2.5
337.5	1.288e-05	5.1266e-10	-10.0	-2.5
338.0	1.2881e-05	5.1261e-10	-10.0	-2.5
338.5	1.2879e-05	5.1251e-10	-10.0	-2.5
339.0	1.2882e-05	5.1236e-10	-10.0	-2.5
339.5	1.2882e-05	5.1415e-10	-10.0	-2.5
340.0	1.2883e-05	5.1307e-10	-10.0	-2.5
340.5	1.2883e-05	5.1345e-10	-10.0	-2.5
341.0	1.2884e-05	5.1254e-10	-10.0	-2.5
341.5	1.2883e-05	5.1359e-10	-10.0	-2.5
342.0	1.2886e-05	5.1286e-10	-10.0	-2.5
342.5	1.2887e-05	5.1364e-10	-10.0	-2.5
343.0	1.2889e-05	5.1394e-10	-10.0	-2.5
343.5	1.289e-05	5.1317e-10	-10.0	-2.5
344.0	1.2887e-05	5.1369e-10	-10.0	-2.5
344.5	1.2887e-05	5.1439e-10	-10.0	-2.5
345.0	1.2889e-05	5.1315e-10	-10.0	-2.5
345.5	1.2889e-05	5.133e-10	-10.0	-2.5
346.0	1.2889e-05	5.1418e-10	-10.0	-2.5
346.5	1.2889e-05	5.1347e-10	-10.0	-2.5
347.0	1.2892e-05	5.1382e-10	-10.0	-2.5
347.5	1.2893e-05	5.1515e-10	-10.0	-2.5
348.0	1.2892e-05	5.1437e-10	-10.0	-2.5
348.5	1.2892e-05	5.1309e-10	-10.0	-2.5
349.0	1.2895e-05	5.1354e-10	-10.0	-2.5
349.5	1.2895e-05	5.1372e-10	-10.0	-2.5
350.0	1.2896e-05	5.1375e-10	-10.0	-2.5
350.5	1.2896e-05	5.1365e-10	-10.0	-2.5
351.0	1.2897e-05	5.1484e-10	-10.0	-2.5
351.5	1.2898e-05	5.1406e-10	-10.0	-2.5
352.0	1.2899e-05	5.1326e-10	-10.0	-2.5
352.5	1.29e-05	5.1406e-10	-10.0	-2.5
353.0	1.29e-05	5.1289e-10	-10.0	-2.5
353.5	1.2901e-05	5.1511e-10	-10.0	-2.5
354.0	1.2903e-05	5.1431e-10	-10.0	-2.5
354.5	1.2901e-05	5.1272e-10	-10.0	-2.5
355.0	1.2903e-05	5.1457e-10	-10.0	-2.5
355.5	1.2903e-05	5.1551e-10	-10.0	-2.5
356.0	1.2905e-05	5.1571e-10	-10.0	-2.5
356.5	1.2903e-05	5.1398e-10	-10.0	-2.5
357.0	1.2905e-05	5.1416e-10	-10.0	-2.5
357.5	1.2906e-05	5.1438e-10	-10.0	-2.5
358.0	1.2906e-05	5.159e-10	-10.0	-2.5
358.5	1.2906e-05	5.1691e-10	-10.0	-2.5
359.0	1.2908e-05	5.4936e-10	-10.0	-2.5
359.5	1.2908e-05	5.5166e-10	-10.0	-2.5
360.0	1.2911e-05	5.509e-10	-10.0	-2.5
360.5	1.2913e-05	5.5073e-10	-10.0	-2.5
361.0	1.2914e-05	5.5038e-10	-10.0	-2.5
361.5	1.2915e-05	5.5062e-10	-10.0	-2.5
362.0	1.2918e-05	5.4787e-10	-10.0	-2.5
362.5	1.2919e-05	5.4663e-10	-10.0	-2.5
363.0	1.2919e-05	5.4555e-10	-10.0	-2.5
363.5	1.292e-05	5.452e-10	-10.0	-2.5
364.0	1.2922e-05	5.4339e-10	-10.0	-2.5
364.5	1.2922e-05	5.4237e-10	-10.0	-2.5
365.0	1.2925e-05	5.4282e-10	-10.0	-2.5
365.5	1.2923e-05	5.421e-10	-10.0	-2.5
366.0	1.2926e-05	5.3963e-10	-10.0	-2.5
366.5	1.2928e-05	5.3938e-10	-10.0	-2.5
367.0	1.2927e-05	5.3652e-10	-10.0	-2.5
367.5	1.2934e-05	5.3737e-10	-10.0	-2.5
368.0	1.2933e-05	5.3602e-10	-10.0	-2.5
368.5	1.2933e-05	5.338e-10	-10.0	-2.5
369.0	1.2932e-05	5.3484e-10	-10.0	-2.5
369.5	1.2932e-05	5.3382e-10	-10.0	-2.5
370.0	1.2934e-05	5.3382e-10	-10.0	-2.5
370.5	1.2931e-05	5.3178e-10	-10.0	-2.5
371.0	1.293e-05	5.3199e-10	-10.0	-2.5
371.5	1.2933e-05	5.3029e-10	-10.0	-2.5
372.0	1.2935e-05	5.2881e-10	-10.0	-2.5
372.5	1.2936e-05	5.2889e-10	-10.0	-2.5
373.0	1.2936e-05	5.2868e-10	-10.0	-2.5
373.5	1.2934e-05	5.2799e-10	-10.0	-2.5
374.0	1.2936e-05	5.2771e-10	-10.0	-2.5
374.5	1.2935e-05	5.2782e-10	-10.0	-2.5
375.0	1.2935e-05	5.2758e-10	-10.0	-2.5
375.5	1.2932e-05	5.2646e-10	-10.0	-2.5
376.0	1.2934e-05	5.2508e-10	-10.0	-2.5
376.5	1.2936e-05	5.2377e-10	-10.0	-2.5
377.0	1.2936e-05	5.2407e-10	-10.0	-2.5
377.5	1.2938e-05	5.2254e-10	-10.0	-2.5
378.0	1.2938e-05	5.2299e-10	-10.0	-2.5
378.5	1.2937e-05	5.2427e-10	-10.0	-2.5
379.0	1.2936e-05	5.2228e-10	-10.0	-2.5
379.5	1.294e-05	5.1969e-10	-10.0	-2.5
380.0	1.2938e-05	5.1929e-10	-10.0	-2.5
380.5	1.2939e-05	5.1761e-10	-10.0	-2.5
381.0	1.2939e-05	5.2078e-10	-10.0	-2.5
381.5	1.2938e-05	5.1839e-10	-10.0	-2.5
382.0	1.294e-05	5.1664e-10	-10.0	-2.5
382.5	1.294e-05	5.1636e-10	-10.0	-2.5
383.0	1.2943e-05	5.1744e-10	-10.0	-2.5
383.5	1.2941e-05	5.1637e-10	-10.0	-2.5
384.0	1.2939e-05	5.1545e-10	-10.0	-2.5
384.5	1.2941e-05	5.1562e-10	-10.0	-2.5
385.0	1.2941e-05	5.1537e-10	-10.0	-2.5
385.5	1.2942e-05	5.1283e-10	-10.0	-2.5
386.0	1.2942e-05	5.1275e-10	-10.0	-2.5
386.5	1.2939e-05	5.1121e-10	-10.0	-2.5
387.0	1.294e-05	5.1148e-10	-10.0	-2.5
387.5	1.2938e-05	5.1036e-10	-10.0	-2.5
388.0	1.2937e-05	5.1017e-10	-10.0	-2.5
388.5	1.2939e-05	5.0864e-10	-10.0	-2.5
389.0	1.294e-05	5.0765e-10	-10.0	-2.5
389.5	1.2942e-05	5.0744e-10	-10.0	-2.5
390.0	1.2942e-05	5.0822e-10	-10.0	-2.5
390.5	1.2942e-05	5.0806e-10	-10.0	-2.5
391.0	1.2942e-05	5.0756e-10	-10.0	-2.5
391.5	1.294e-05	5.0589e-10	-10.0	-2.5
392.0	1.294e-05	5.0728e-10	-10.0	-2.5
392.5	1.2942e-05	5.0634e-10	-10.0	-2.5
393.0	1.2941e-05	5.0468e-10	-10.0	-2.5
393.5	1.294e-05	5.0524e-10	-10.0	-2.5
394.0	1.2941e-05	5.0419e-10	-10.0	-2.5
394.5	1.2939e-05	5.0421e-10	-10.0	-2.5
395.0	1.2942e-05	5.0346e-10	-10.0	-2.5
395.5	1.2941e-05	5.023e-10	-10.0	-2.5
396.0	1.294e-05	5.0152e-10	-10.0	-2.5
396.5	1.2941e-05	5.0229e-10	-10.0	-2.5
397.0	1.2942e-05	5.024e-10	-10.0	-2.5
397.5	1.2941e-05	5.0038e-10	-10.0	-2.5
398.0	1.294e-05	5.008e-10	-10.0	-2.5
398.5	1.294e-05	4.9945e-10	-10.0	-2.5
399.0	1.2942e-05	4.9974e-10	-10.0	-2.5
399.5	1.2943e-05	4.9876e-10	-10.0	-2.5
400.0	1.2942e-05	4.9974e-10	-10.0	-2.5
400.5	1.2943e-05	4.9924e-10	-10.0	-2.5
401.0	1.2944e-05	4.9891e-10	-10.0	-2.5
401.5	1.2943e-05	4.993e-10	-10.0	-2.5
402.0	1.2944e-05	4.9895e-10	-10.0	-2.5
402.5	1.2941e-05	4.987e-10	-10.0	-2.5
403.0	1.2942e-05	4.981e-10	-10.0	-2.5
403.5	1.2941e-05	4.9823e-10	-10.0	-2.5
404.0	1.2941e-05	4.9762e-10	-10.0	-2.5
404.5	1.2941e-05	4.9724e-10	-10.0	-2.5
405.0	1.2939e-05	4.967e-10	-10.0	-2.5
405.5	1.2939e-05	4.9562e-10	-10.0	-2.5
406.0	1.2939e-05	4.9514e-10	-10.0	-2.5
406.5	1.2939e-05	4.9493e-10	-10.0	-2.5
407.0	1.294e-05	4.9536e-10	-10.0	-2.5
407.5	1.2939e-05	4.9418e-10	-10.0	-2.5
408.0	1.294e-05	4.9394e-10	-10.0	-2.5
408.5	1.2936e-05	4.9453e-10	-10.0	-2.5
409.0	1.2937e-05	4.9396e-10	-10.0	-2.5
409.5	1.2938e-05	4.9365e-10	-10.0	-2.5
410.0	1.2935e-05	4.9271e-10	-10.0	-2.5
410.5	1.2936e-05	4.9217e-10	-10.0	-2.5
411.0	1.2936e-05	4.9166e-10	-10.0	-2.5
411.5	1.2937e-05	4.9125e-10	-10.0	-2.5
412.0	1.2936e-05	4.902e-10	-10.0	-2.5
412.5	1.2936e-05	4.9174e-10	-10.0	-2.5
413.0	1.2937e-05	4.9032e-10	-10.0	-2.5
413.5	1.2937e-05	4.8971e-10	-10.0	-2.5
414.0	1.2935e-05	4.8862e-10	-10.0	-2.5
414.5	1.2939e-05	4.9004e-10	-10.0	-2.5
415.0	1.2935e-05	4.9035e-10	-10.0	-2.5
415.5	1.2938e-05	4.8924e-10	-10.0	-2.5
416.0	1.2938e-05	4.89e-10	-10.0	-2.5
416.5	1.2938e-05	4.8825e-10	-10.0	-2.5
417.0	1.2937e-05	4.8913e-10	-10.0	-2.5
417.5	1.294e-05	4.8795e-10	-10.0	-2.5
418.0	1.2939e-05	4.8805e-10	-10.0	-2.5
418.5	1.2943e-05	4.8595e-10	-10.0	-2.5
419.0	1.2943e-05	4.6244e-10	-10.0	-2.5
419.5	1.294e-05	4.4899e-10	-10.0	-2.5
420.0	1.2941e-05	4.4855e-10	-10.0	-2.5
420.5	1.294e-05	4.4757e-10	-10.0	-2.5
421.0	1.2938e-05	4.4752e-10	-10.0	-2.5
421.5	1.294e-05	4.4741e-10	-10.0	-2.5
422.0	1.2938e-05	4.4786e-10	-10.0	-2.5
422.5	1.294e-05	4.4845e-10	-10.0	-2.5
423.0	1.2937e-05	4.4926e-10	-10.0	-2.5
423.5	1.2936e-05	4.508e-10	-10.0	-2.5
424.0	1.2938e-05	4.5139e-10	-10.0	-2.5
424.5	1.294e-05	4.517e-10	-10.0	-2.5
425.0	1.2939e-05	4.5096e-10	-10.0	-2.5
425.5	1.2938e-05	4.5255e-10	-10.0	-2.5
426.0	1.2938e-05	4.5168e-10	-10.0	-2.5
426.5	1.294e-05	4.5315e-10	-10.0	-2.5
427.0	1.2938e-05	4.5278e-10	-10.0	-2.5
427.5	1.2939e-05	4.5283e-10	-10.0	-2.5
428.0	1.2937e-05	4.5279e-10	-10.0	-2.5
428.5	1.2937e-05	4.5276e-10	-10.0	-2.5
429.0	1.2936e-05	4.5265e-10	-10.0	-2.5
429.5	1.2938e-05	4.5387e-10	-10.0	-2.5
430.0	1.2939e-05	4.5411e-10	-10.0	-2.5
430.5	1.2942e-05	4.5497e-10	-10.0	-2.5
431.0	1.2944e-05	4.55e-10	-10.0	-2.5
431.5	1.2944e-05	4.5633e-10	-10.0	-2.5
432.0	1.2944e-05	4.5664e-10	-10.0	-2.5
432.5	1.2946e-05	4.5645e-10	-10.0	-2.5
433.0	1.2949e-05	4.5682e-10	-10.0	-2.5
433.5	1.2948e-05	4.5539e-10	-10.0	-2.5
434.0	1.2949e-05	4.5833e-10	-10.0	-2.5
434.5	1.2949e-05	4.5508e-10	-10.0	-2.5
435.0	1.2949e-05	4.5665e-10	-10.0	-2.5
435.5	1.2952e-05	4.588e-10	-10.0	-2.5
436.0	1.2952e-05	4.5719e-10	-10.0	-2.5
436.5	1.2951e-05	4.5352e-10	-10.0	-2.5
437.0	1.295e-05	4.5717e-10	-10.0	-2.5
437.5	1.2953e-05	4.5824e-10	-10.0	-2.5
438.0	1.2955e-05	4.596e-10	-10.0	-2.5
438.5	1.2956e-05	4.6062e-10	-10.0	-2.5
439.0	1.2954e-05	4.594e-10	-10.0	-2.5
439.5	1.2956e-05	4.6068e-10	-10.0	-2.5
440.0	1.2958e-05	4.5849e-10	-10.0	-2.5
440.5	1.2956e-05	4.608e-10	-10.0	-2.5
441.0	1.2959e-05	4.5909e-10	-10.0	-2.5
441.5	1.2958e-05	4.5832e-10	-10.0	-2.5
442.0	1.2957e-05	4.6032e-10	-10.0	-2.5
442.5	1.296e-05	4.5999e-10	-10.0	-2.5
443.0	1.2958e-05	4.6092e-10	-10.0	-2.5
443.5	1.2958e-05	4.6148e-10	-10.0	-2.5
444.0	1.2961e-05	4.6015e-10	-10.0	-2.5
444.5	1.2961e-05	4.6055e-10	-10.0	-2.5
445.0	1.2963e-05	4.6195e-10	-10.0	-2.5
445.5	1.2962e-05	4.6103e-10	-10.0	-2.5
446.0	1.2963e-05	4.613e-10	-10.0	-2.5
446.5	1.2965e-05	4.6228e-10	-10.0	-2.5
447.0	1.2968e-05	4.6309e-10	-10.0	-2.5
447.5	1.2971e-05	4.6211e-10	-10.0	-2.5
448.0	1.297e-05	4.6169e-10	-10.0	-2.5
448.5	1.2971e-05	4.6163e-10	-10.0	-2.5
449.0	1.297e-05	4.6153e-10	-10.0	-2.5
449.5	1.2968e-05	4.6179e-10	-10.0	-2.5
450.0	1.2972e-05	4.6344e-10	-10.0	-2.5
450.5	1.2974e-05	4.62e-10	-10.0	-2.5
451.0	1.2974e-05	4.6316e-10	-10.0	-2.5
451.5	1.2972e-05	4.6307e-10	-10.0	-2.5
452.0	1.2973e-05	4.6271e-10	-10.0	-2.5
452.5	1.2976e-05	4.6249e-10	-10.0	-2.5
453.0	1.2976e-05	4.6407e-10	-10.0	-2.5
453.5	1.2975e-05	4.6427e-10	-10.0	-2.5
454.0	1.2976e-05	4.6401e-10	-10.0	-2.5
454.5	1.2978e-05	4.6395e-10	-10.0	-2.5
455.0	1.2978e-05	4.6487e-10	-10.0	-2.5
455.51	1.298e-05	4.6476e-10	-10.0	-2.5
456.0	1.2981e-05	4.6525e-10	-10.0	-2.5
456.5	1.2983e-05	4.63e-10	-10.0	-2.5
457.0	1.2982e-05	4.6388e-10	-10.0	-2.5
457.5	1.2984e-05	4.6466e-10	-10.0	-2.5
458.0	1.2983e-05	4.654e-10	-10.0	-2.5
458.5	1.2983e-05	4.6589e-10	-10.0	-2.5
459.0	1.2983e-05	4.6681e-10	-10.0	-2.5
459.5	1.2986e-05	4.6471e-10	-10.0	-2.5
460.0	1.2985e-05	4.6672e-10	-10.0	-2.5
460.5	1.2989e-05	4.6771e-10	-10.0	-2.5
461.0	1.2987e-05	4.6742e-10	-10.0	-2.5
461.5	1.2986e-05	4.6617e-10	-10.0	-2.5
462.0	1.2985e-05	4.6569e-10	-10.0	-2.5
462.5	1.2989e-05	4.6866e-10	-10.0	-2.5
463.0	1.2989e-05	4.6783e-10	-10.0	-2.5
463.5	1.299e-05	4.6717e-10	-10.0	-2.5
464.0	1.2991e-05	4.6843e-10	-10.0	-2.5
464.5	1.2991e-05	4.6778e-10	-10.0	-2.5
465.0	1.2995e-05	4.6705e-10	-10.0	-2.5
465.5	1.2995e-05	4.6771e-10	-10.0	-2.5
466.0	1.2993e-05	4.6861e-10	-10.0	-2.5
466.5	1.2994e-05	4.6765e-10	-10.0	-2.5
467.0	1.2997e-05	4.675e-10	-10.0	-2.5
467.5	1.2997e-05	4.6848e-10	-10.0	-2.5
468.0	1.2998e-05	4.6831e-10	-10.0	-2.5
468.5	1.3e-05	4.6867e-10	-10.0	-2.5
469.0	1.3001e-05	4.682e-10	-10.0	-2.5
469.5	1.3001e-05	4.6793e-10	-10.0	-2.5
470.0	1.3001e-05	4.6876e-10	-10.0	-2.5
470.5	1.3002e-05	4.6812e-10	-10.0	-2.5
471.0	1.3003e-05	4.6895e-10	-10.0	-2.5
471.5	1.3004e-05	4.7017e-10	-10.0	-2.5
472.0	1.3004e-05	4.7086e-10	-10.0	-2.5
472.5	1.3006e-05	4.6908e-10	-10.0	-2.5
473.0	1.3006e-05	4.6967e-10	-10.0	-2.5
473.5	1.3006e-05	4.6755e-10	-10.0	-2.5
474.0	1.3007e-05	4.6918e-10	-10.0	-2.5
474.5	1.3007e-05	4.6931e-10	-10.0	-2.5
475.0	1.3006e-05	4.6972e-10	-10.0	-2.5
475.5	1.3007e-05	4.7114e-10	-10.0	-2.5
476.0	1.3009e-05	4.7014e-10	-10.0	-2.5
476.5	1.3011e-05	4.7022e-10	-10.0	-2.5
477.0	1.3011e-05	4.6916e-10	-10.0	-2.5
477.5	1.3014e-05	4.6964e-10	-10.0	-2.5
478.0	1.3013e-05	4.6997e-10	-10.0	-2.5
478.5	1.3012e-05	4.704e-10	-10.0	-2.5
479.0	1.3014e-05	5.0612e-10	-10.0	-2.5
479.5	1.3018e-05	4.9536e-10	-10.0	-2.5
480.0	1.302e-05	4.9589e-10	-10.0	-2.5
480.5	1.3022e-05	4.9511e-10	-10.0	-2.5
481.0	1.3023e-05	4.9265e-10	-10.0	-2.5
481.5	1.3026e-05	4.933e-10	-10.0	-2.5
482.0	1.3022e-05	4.93e-10	-10.0	-2.5
482.5	1.3025e-05	4.9121e-10	-10.0	-2.5
483.0	1.3027e-05	4.9067e-10	-10.0	-2.5
483.5	1.3027e-05	4.8963e-10	-10.0	-2.5
484.0	1.3029e-05	4.8887e-10	-10.0	-2.5
484.5	1.3028e-05	4.8737e-10	-10.0	-2.5
485.0	1.303e-05	4.8708e-10	-10.0	-2.5
485.5	1.3032e-05	4.8573e-10	-10.0	-2.5
486.0	1.3033e-05	4.8427e-10	-10.0	-2.5
486.5	1.3031e-05	4.8455e-10	-10.0	-2.5
487.0	1.3032e-05	4.8499e-10	-10.0	-2.5
487.5	1.3032e-05	4.8451e-10	-10.0	-2.5
488.0	1.3035e-05	4.8329e-10	-10.0	-2.5
488.5	1.3033e-05	4.8238e-10	-10.0	-2.5
489.0	1.3035e-05	4.8131e-10	-10.0	-2.5
489.5	1.3036e-05	4.8149e-10	-10.0	-2.5
490.0	1.3035e-05	4.8037e-10	-10.0	-2.5
490.5	1.3035e-05	4.7858e-10	-10.0	-2.5
491.0	1.3038e-05	4.7836e-10	-10.0	-2.5
491.5	1.304e-05	4.7897e-10	-10.0	-2.5
492.0	1.3042e-05	4.8084e-10	-10.0	-2.5
492.5	1.3038e-05	4.7595e-10	-10.0	-2.5
493.0	1.3038e-05	4.7527e-10	-10.0	-2.5
493.5	1.3038e-05	4.7409e-10	-10.0	-2.5
494.0	1.304e-05	4.7381e-10	-10.0	-2.5
494.5	1.3038e-05	4.7358e-10	-10.0	-2.5
495.0	1.3038e-05	4.7351e-10	-10.0	-2.5
495.5	1.3039e-05	4.7311e-10	-10.0	-2.5
496.0	1.3038e-05	4.7355e-10	-10.0	-2.5
496.5	1.3041e-05	4.7205e-10	-10.0	-2.5
497.0	1.3042e-05	4.7242e-10	-10.0	-2.5
497.5	1.3041e-05	4.7129e-10	-10.0	-2.5
498.0	1.3042e-05	4.7029e-10	-10.0	-2.5
498.5	1.304e-05	4.6944e-10	-10.0	-2.5
499.0	1.3041e-05	4.7053e-10	-10.0	-2.5
499.5	1.3042e-05	4.6842e-10	-10.0	-2.5
500.0	1.3042e-05	4.6912e-10	-10.0	-2.5
500.5	1.3042e-05	4.6881e-10	-10.0	-2.5
501.0	1.3041e-05	4.6775e-10	-10.0	-2.5
501.5	1.304e-05	4.6853e-10	-10.0	-2.5
502.0	1.304e-05	4.6722e-10	-10.0	-2.5
502.5	1.3041e-05	4.6743e-10	-10.0	-2.5
503.0	1.304e-05	4.6722e-10	-10.0	-2.5
503.5	1.304e-05	4.6707e-10	-10.0	-2.5
504.0	1.304e-05	4.6597e-10	-10.0	-2.5
504.5	1.3041e-05	4.6511e-10	-10.0	-2.5
505.0	1.3039e-05	4.6387e-10	-10.0	-2.5
505.5	1.304e-05	4.64e-10	-10.0	-2.5
506.0	1.3038e-05	4.6239e-10	-10.0	-2.5
506.5	1.3038e-05	4.6337e-10	-10.0	-2.5
507.0	1.3039e-05	4.6242e-10	-10.0	-2.5
507.5	1.3039e-05	4.6215e-10	-10.0	-2.5
508.0	1.3039e-05	4.6105e-10	-10.0	-2.5
508.5	1.3038e-05	4.6347e-10	-10.0	-2.5
509.0	1.3039e-05	4.6239e-10	-10.0	-2.5
509.5	1.3039e-05	4.613e-10	-10.0	-2.5
510.0	1.3042e-05	4.622e-10	-10.0	-2.5
510.5	1.3041e-05	4.5987e-10	-10.0	-2.5
511.0	1.304e-05	4.6089e-10	-10.0	-2.5
511.5	1.304e-05	4.5954e-10	-10.0	-2.5
512.0	1.3041e-05	4.61e-10	-10.0	-2.5
512.5	1.3038e-05	4.5831e-10	-10.0	-2.5
513.0	1.3039e-05	4.6054e-10	-10.0	-2.5
513.5	1.3038e-05	4.5792e-10	-10.0	-2.5
514.0	1.3041e-05	4.5734e-10	-10.0	-2.5
514.5	1.3041e-05	4.5672e-10	-10.0	-2.5
515.0	1.304e-05	4.5624e-10	-10.0	-2.5
515.5	1.3043e-05	4.5508e-10	-10.0	-2.5
516.0	1.3043e-05	4.5473e-10	-10.0	-2.5
516.5	1.3041e-05	4.5467e-10	-10.0	-2.5
517.0	1.3041e-05	4.5372e-10	-10.0	-2.5
517.5	1.3041e-05	4.5569e-10	-10.0	-2.5
518.0	1.3043e-05	4.5532e-10	-10.0	-2.5
518.5	1.3039e-05	4.5449e-10	-10.0	-2.5
519.0	1.3041e-05	4.5454e-10	-10.0	-2.5
519.5	1.3039e-05	4.5224e-10	-10.0	-2.5
520.0	1.3038e-05	4.5336e-10	-10.0	-2.5
520.5	1.3037e-05	4.5301e-10	-10.0	-2.5
521.0	1.3039e-05	4.515e-10	-10.0	-2.5
521.5	1.3039e-05	4.5216e-10	-10.0	-2.5
522.0	1.3039e-05	4.5211e-10	-10.0	-2.5
522.5	1.3039e-05	4.5075e-10	-10.0	-2.5
523.0	1.3041e-05	4.5076e-10	-10.0	-2.5
523.5	1.3041e-05	4.5026e-10	-10.0	-2.5
524.0	1.3041e-05	4.5169e-10	-10.0	-2.5
524.5	1.3039e-05	4.5091e-10	-10.0	-2.5
525.0	1.3042e-05	4.484e-10	-10.0	-2.5
525.5	1.3041e-05	4.4944e-10	-10.0	-2.5
526.0	1.3043e-05	4.4781e-10	-10.0	-2.5
526.5	1.3043e-05	4.4655e-10	-10.0	-2.5
527.0	1.3046e-05	4.4795e-10	-10.0	-2.5
527.5	1.3046e-05	4.4742e-10	-10.0	-2.5
528.0	1.3041e-05	4.4685e-10	-10.0	-2.5
528.5	1.304e-05	4.4676e-10	-10.0	-2.5
529.0	1.3042e-05	4.4696e-10	-10.0	-2.5
529.5	1.3041e-05	4.4521e-10	-10.0	-2.5
530.0	1.304e-05	4.4462e-10	-10.0	-2.5
530.5	1.3042e-05	4.4426e-10	-10.0	-2.5
531.0	1.3042e-05	4.4346e-10	-10.0	-2.5
531.5	1.3042e-05	4.4518e-10	-10.0	-2.5
532.0	1.3042e-05	4.4387e-10	-10.0	-2.5
532.5	1.3042e-05	4.4351e-10	-10.0	-2.5
533.0	1.304e-05	4.4397e-10	-10.0	-2.5
533.5	1.304e-05	4.4299e-10	-10.0	-2.5
534.0	1.304e-05	4.4242e-10	-10.0	-2.5
534.5	1.304e-05	4.4083e-10	-10.0	-2.5
535.0	1.304e-05	4.4168e-10	-10.0	-2.5
535.5	1.3039e-05	4.4246e-10	-10.0	-2.5
536.0	1.3038e-05	4.4238e-10	-10.0	-2.5
536.5	1.3038e-05	4.408e-10	-10.0	-2.5
537.0	1.3038e-05	4.4154e-10	-10.0	-2.5
537.5	1.3037e-05	4.4185e-10	-10.0	-2.5
538.0	1.3038e-05	4.42e-10	-10.0	-2.5
538.5	1.3036e-05	4.4131e-10	-10.0	-2.5
539.0	1.3037e-05	4.3583e-10	-10.0	-2.5
539.5	1.3035e-05	4.2021e-10	-10.0	-2.5
540.0	1.3037e-05	4.1824e-10	-10.0	-2.5
540.5	1.304e-05	4.1724e-10	-10.0	-2.5
541.0	1.3037e-05	4.1692e-10	-10.0	-2.5
541.5	1.3041e-05	4.1875e-10	-10.0	-2.5
542.0	1.304e-05	4.1942e-10	-10.0	-2.5
542.5	1.3038e-05	4.1971e-10	-10.0	-2.5
543.0	1.3038e-05	4.1919e-10	-10.0	-2.5
543.5	1.3036e-05	4.1893e-10	-10.0	-2.5
544.0	1.3036e-05	4.1975e-10	-10.0	-2.5
544.5	1.3038e-05	4.2064e-10	-10.0	-2.5
545.0	1.3036e-05	4.2173e-10	-10.0	-2.5
545.5	1.3036e-05	4.2223e-10	-10.0	-2.5
546.0	1.3038e-05	4.1971e-10	-10.0	-2.5
546.5	1.3036e-05	4.1935e-10	-10.0	-2.5
547.0	1.3038e-05	4.2107e-10	-10.0	-2.5
547.5	1.3035e-05	4.2205e-10	-10.0	-2.5
548.0	1.3037e-05	4.2247e-10	-10.0	-2.5
548.5	1.3038e-05	4.2167e-10	-10.0	-2.5
549.0	1.304e-05	4.2323e-10	-10.0	-2.5
549.5	1.3037e-05	4.2237e-10	-10.0	-2.5
550.0	1.3042e-05	4.2414e-10	-10.0	-2.5
550.5	1.304e-05	4.2479e-10	-10.0	-2.5
551.0	1.3041e-05	4.2369e-10	-10.0	-2.5
551.5	1.3041e-05	4.2307e-10	-10.0	-2.5
552.0	1.3041e-05	4.2559e-10	-10.0	-2.5
552.5	1.304e-05	4.2325e-10	-10.0	-2.5
553.0	1.3044e-05	4.2518e-10	-10.0	-2.5
553.5	1.3045e-05	4.2446e-10	-10.0	-2.5
554.0	1.3047e-05	4.2476e-10	-10.0	-2.5
554.5	1.3046e-05	4.234e-10	-10.0	-2.5
555.0	1.3049e-05	4.2574e-10	-10.0	-2.5
555.5	1.3048e-05	4.2459e-10	-10.0	-2.5
556.0	1.3048e-05	4.2507e-10	-10.0	-2.5
556.5	1.3048e-05	4.2468e-10	-10.0	-2.5
557.0	1.3049e-05	4.2476e-10	-10.0	-2.5
557.5	1.3049e-05	4.2562e-10	-10.0	-2.5
558.0	1.305e-05	4.2573e-10	-10.0	-2.5
558.5	1.305e-05	4.2615e-10	-10.0	-2.5
559.0	1.305e-05	4.2525e-10	-10.0	-2.5
559.5	1.3052e-05	4.2673e-10	-10.0	-2.5
560.0	1.3056e-05	4.259e-10	-10.0	-2.5
560.5	1.3055e-05	4.2539e-10	-10.0	-2.5
561.0	1.3054e-05	4.2625e-10	-10.0	-2.5
561.5	1.3053e-05	4.2628e-10	-10.0	-2.5
562.0	1.3056e-05	4.2635e-10	-10.0	-2.5
562.5	1.3057e-05	4.2724e-10	-10.0	-2.5
563.0	1.3059e-05	4.2735e-10	-10.0	-2.5
563.5	1.306e-05	4.2737e-10	-10.0	-2.5
564.0	1.3059e-05	4.2743e-10	-10.0	-2.5
564.5	1.3061e-05	4.2821e-10	-10.0	-2.5
565.0	1.3059e-05	4.273e-10	-10.0	-2.5
565.5	1.3062e-05	4.27e-10	-10.0	-2.5
566.0	1.3062e-05	4.2819e-10	-10.0	-2.5
566.5	1.3059e-05	4.288e-10	-10.0	-2.5
567.0	1.3061e-05	4.2789e-10	-10.0	-2.5
567.5	1.3065e-05	4.291e-10	-10.0	-2.5
568.0	1.3064e-05	4.2895e-10	-10.0	-2.5
568.5	1.3066e-05	4.3017e-10	-10.0	-2.5
569.0	1.3066e-05	4.2918e-10	-10.0	-2.5
569.5	1.3067e-05	4.2996e-10	-10.0	-2.5
570.0	1.3069e-05	4.3071e-10	-10.0	-2.5
570.5	1.3068e-05	4.3047e-10	-10.0	-2.5
571.0	1.307e-05	4.3175e-10	-10.0	-2.5
571.5	1.307e-05	4.2989e-10	-10.0	-2.5
572.0	1.307e-05	4.3253e-10	-10.0	-2.5
572.5	1.3073e-05	4.3178e-10	-10.0	-2.5
573.0	1.3073e-05	4.3148e-10	-10.0	-2.5
573.5	1.3075e-05	4.3226e-10	-10.0	-2.5
574.0	1.3074e-05	4.325e-10	-10.0	-2.5
574.5	1.3074e-05	4.3241e-10	-10.0	-2.5
575.0	1.3076e-05	4.3364e-10	-10.0	-2.5
575.5	1.3077e-05	4.3341e-10	-10.0	-2.5
576.0	1.3077e-05	4.3244e-10	-10.0	-2.5
576.5	1.3076e-05	4.3301e-10	-10.0	-2.5
577.0	1.3079e-05	4.3237e-10	-10.0	-2.5
577.5	1.3078e-05	4.3258e-10	-10.0	-2.5
578.0	1.3079e-05	4.3297e-10	-10.0	-2.5
578.5	1.308e-05	4.3211e-10	-10.0	-2.5
579.0	1.3082e-05	4.3414e-10	-10.0	-2.5
579.5	1.3081e-05	4.3319e-10	-10.0	-2.5
580.0	1.3084e-05	4.3473e-10	-10.0	-2.5
580.5	1.3086e-05	4.3246e-10	-10.0	-2.5
581.0	1.3086e-05	4.3413e-10	-10.0	-2.5
581.5	1.3087e-05	4.3482e-10	-10.0	-2.5
582.0	1.3088e-05	4.3333e-10	-10.0	-2.5
582.5	1.309e-05	4.338e-10	-10.0	-2.5
583.0	1.3089e-05	4.3354e-10	-10.0	-2.5
583.5	1.3091e-05	4.3379e-10	-10.0	-2.5
584.0	1.3091e-05	4.3413e-10	-10.0	-2.5
584.5	1.3092e-05	4.3335e-10	-10.0	-2.5
585.0	1.3092e-05	4.3292e-10	-10.0	-2.5
585.5	1.3094e-05	4.3433e-10	-10.0	-2.5
586.0	1.3096e-05	4.3477e-10	-10.0	-2.5
586.5	1.3096e-05	4.3345e-10	-10.0	-2.5
587.0	1.3096e-05	4.3539e-10	-10.0	-2.5
587.5	1.3097e-05	4.3464e-10	-10.0	-2.5
588.0	1.31e-05	4.3785e-10	-10.0	-2.5
588.5	1.31e-05	4.3598e-10	-10.0	-2.5
589.0	1.3101e-05	4.3504e-10	-10.0	-2.5
589.5	1.3103e-05	4.3497e-10	-10.0	-2.5
590.0	1.3103e-05	4.3488e-10	-10.0	-2.5
590.5	1.3101e-05	4.3621e-10	-10.0	-2.5
591.0	1.3102e-05	4.3521e-10	-10.0	-2.5
591.5	1.3105e-05	4.3544e-10	-10.0	-2.5
592.0	1.3103e-05	4.3629e-10	-10.0	-2.5
592.5	1.3103e-05	4.3652e-10	-10.0	-2.5
593.0	1.3106e-05	4.3552e-10	-10.0	-2.5
593.5	1.3108e-05	4.3687e-10	-10.0	-2.5
594.0	1.3111e-05	4.3655e-10	-10.0	-2.5
594.5	1.311e-05	4.3609e-10	-10.0	-2.5
595.0	1.3111e-05	4.3694e-10	-10.0	-2.5
595.5	1.3111e-05	4.3747e-10	-10.0	-2.5
596.0	1.3113e-05	4.3626e-10	-10.0	-2.5
596.5	1.3111e-05	4.3626e-10	-10.0	-2.5
597.0	1.3112e-05	4.3829e-10	-10.0	-2.5
597.5	1.3112e-05	4.38e-10	-10.0	-2.5
598.0	1.3111e-05	4.3714e-10	-10.0	-2.5
598.5	1.3109e-05	4.3708e-10	-10.0	-2.5
599.0	1.3111e-05	4.3712e-10	-10.0	-2.5
599.5	1.3111e-05	4.3776e-10	-10.0	-2.5
600.0	1.3113e-05	4.3745e-10	-10.0	-2.5
600.5	1.3113e-05	4.3645e-10	-10.0	-2.5
601.0	1.3114e-05	4.3779e-10	-10.0	-2.5
601.5	1.3114e-05	4.3567e-10	-10.0	-2.5
602.0	1.3114e-05	4.3673e-10	-10.0	-2.5
602.5	1.3115e-05	4.3633e-10	-10.0	-2.5
603.0	1.3116e-05	4.3708e-10	-10.0	-2.5
603.5	1.3116e-05	4.3771e-10	-10.0	-2.5
604.0	1.3118e-05	4.3787e-10	-10.0	-2.5
604.5	1.3117e-05	4.3874e-10	-10.0	-2.5
605.0	1.3118e-05	4.3832e-10	-10.0	-2.5
605.51	1.312e-05	4.3824e-10	-10.0	-2.5
606.0	1.3123e-05	4.3817e-10	-10.0	-2.5
606.5	1.3123e-05	4.3966e-10	-10.0	-2.5
607.0	1.3122e-05	4.3852e-10	-10.0	-2.5
607.5	1.3121e-05	4.3967e-10	-10.0	-2.5
608.0	1.3123e-05	4.3904e-10	-10.0	-2.5
608.5	1.3123e-05	4.389e-10	-10.0	-2.5
609.0	1.3123e-05	4.3827e-10	-10.0	-2.5
609.5	1.3125e-05	4.391e-10	-10.0	-2.5
610.0	1.3125e-05	4.4009e-10	-10.0	-2.5
610.5	1.3129e-05	4.3992e-10	-10.0	-2.5
611.0	1.3129e-05	4.3986e-10	-10.0	-2.5
611.5	1.3128e-05	4.393e-10	-10.0	-2.5
612.0	1.3131e-05	4.4068e-10	-10.0	-2.5
612.5	1.3132e-05	4.404e-10	-10.0	-2.5
613.0	1.3132e-05	4.4016e-10	-10.0	-2.5
613.5	1.3133e-05	4.4025e-10	-10.0	-2.5
614.0	1.3134e-05	4.4057e-10	-10.0	-2.5
614.5	1.3133e-05	4.3963e-10	-10.0	-2.5
615.0	1.3136e-05	4.4052e-10	-10.0	-2.5
615.5	1.3134e-05	4.394e-10	-10.0	-2.5
616.0	1.3139e-05	4.403e-10	-10.0	-2.5
616.5	1.3138e-05	4.4049e-10	-10.0	-2.5
617.0	1.314e-05	4.3963e-10	-10.0	-2.5
617.5	1.314e-05	4.4128e-10	-10.0	-2.5
618.0	1.3141e-05	4.407e-10	-10.0	-2.5
618.5	1.3141e-05	4.4049e-10	-10.0	-2.5
619.0	1.3141e-05	4.3894e-10	-10.0	-2.5
