Time (s)	|IDrain (A)|	|IGate (A)	Vdrain(V)	Vgate(V)
0.0	1.5548e-05	2.5767e-09	-10.0	-2.5
1.0	1.5538e-05	1.3156e-09	-10.0	-2.5
1.5	1.5535e-05	1.0501e-09	-10.0	-2.5
2.0	1.5531e-05	8.8042e-10	-10.0	-2.5
2.5	1.5529e-05	7.661e-10	-10.0	-2.5
3.0	1.5528e-05	6.8237e-10	-10.0	-2.5
3.5	1.5526e-05	6.2338e-10	-10.0	-2.5
4.0	1.5527e-05	5.7504e-10	-10.0	-2.5
4.5	1.5526e-05	5.3547e-10	-10.0	-2.5
5.0	1.5525e-05	5.016e-10	-10.0	-2.5
5.5	1.5524e-05	4.678e-10	-10.0	-2.5
6.0	1.5522e-05	4.3838e-10	-10.0	-2.5
6.5	1.5522e-05	4.0972e-10	-10.0	-2.5
7.0	1.5522e-05	3.805e-10	-10.0	-2.5
7.5	1.5518e-05	3.5552e-10	-10.0	-2.5
8.0	1.5519e-05	3.3114e-10	-10.0	-2.5
8.5	1.5521e-05	3.0366e-10	-10.0	-2.5
9.0	1.5521e-05	2.7796e-10	-10.0	-2.5
9.5	1.5518e-05	2.5384e-10	-10.0	-2.5
10.0	1.5518e-05	2.3086e-10	-10.0	-2.5
10.5	1.5523e-05	2.0645e-10	-10.0	-2.5
11.0	1.5524e-05	1.8449e-10	-10.0	-2.5
11.5	1.552e-05	1.6512e-10	-10.0	-2.5
12.0	1.5519e-05	1.4556e-10	-10.0	-2.5
12.5	1.5521e-05	1.2551e-10	-10.0	-2.5
13.0	1.5516e-05	1.0678e-10	-10.0	-2.5
13.5	1.5514e-05	9.0685e-11	-10.0	-2.5
14.0	1.5518e-05	7.4876e-11	-10.0	-2.5
14.5	1.5522e-05	5.8873e-11	-10.0	-2.5
15.0	1.5521e-05	4.274e-11	-10.0	-2.5
15.5	1.552e-05	3.1765e-11	-10.0	-2.5
16.0	1.5521e-05	1.6497e-11	-10.0	-2.5
16.5	1.5518e-05	5.2679e-12	-10.0	-2.5
17.0	1.5521e-05	6.392e-12	-10.0	-2.5
17.5	1.5521e-05	1.9298e-11	-10.0	-2.5
18.0	1.5519e-05	3.0794e-11	-10.0	-2.5
18.5	1.5519e-05	4.0088e-11	-10.0	-2.5
19.0	1.5519e-05	5.0448e-11	-10.0	-2.5
19.5	1.5521e-05	5.7944e-11	-10.0	-2.5
20.0	1.5519e-05	6.6422e-11	-10.0	-2.5
20.5	1.5523e-05	7.6212e-11	-10.0	-2.5
21.0	1.5522e-05	8.3973e-11	-10.0	-2.5
21.5	1.5522e-05	9.0996e-11	-10.0	-2.5
22.0	1.5521e-05	9.7464e-11	-10.0	-2.5
22.5	1.5522e-05	1.0405e-10	-10.0	-2.5
23.0	1.5523e-05	1.1005e-10	-10.0	-2.5
23.5	1.5524e-05	1.1673e-10	-10.0	-2.5
24.0	1.5522e-05	1.2049e-10	-10.0	-2.5
24.5	1.5523e-05	1.2703e-10	-10.0	-2.5
25.0	1.5526e-05	1.3319e-10	-10.0	-2.5
25.5	1.5525e-05	1.3901e-10	-10.0	-2.5
26.0	1.5524e-05	1.4213e-10	-10.0	-2.5
26.5	1.5525e-05	1.4721e-10	-10.0	-2.5
27.0	1.5525e-05	1.5321e-10	-10.0	-2.5
27.5	1.5524e-05	1.5715e-10	-10.0	-2.5
28.0	1.5524e-05	1.5894e-10	-10.0	-2.5
28.5	1.5526e-05	1.623e-10	-10.0	-2.5
29.0	1.5526e-05	1.6434e-10	-10.0	-2.5
29.5	1.5525e-05	1.6793e-10	-10.0	-2.5
30.0	1.5527e-05	1.7133e-10	-10.0	-2.5
30.5	1.5528e-05	1.723e-10	-10.0	-2.5
31.0	1.5528e-05	1.7609e-10	-10.0	-2.5
31.5	1.5525e-05	1.777e-10	-10.0	-2.5
32.0	1.5527e-05	1.804e-10	-10.0	-2.5
32.5	1.5526e-05	1.8383e-10	-10.0	-2.5
33.0	1.5526e-05	1.8488e-10	-10.0	-2.5
33.5	1.5525e-05	1.8703e-10	-10.0	-2.5
34.0	1.5527e-05	1.8879e-10	-10.0	-2.5
34.5	1.5528e-05	1.9036e-10	-10.0	-2.5
35.0	1.5525e-05	1.9277e-10	-10.0	-2.5
35.5	1.5527e-05	1.9479e-10	-10.0	-2.5
36.0	1.5527e-05	1.9779e-10	-10.0	-2.5
36.5	1.5528e-05	1.9921e-10	-10.0	-2.5
37.0	1.5528e-05	1.9992e-10	-10.0	-2.5
37.5	1.5528e-05	2.0104e-10	-10.0	-2.5
38.0	1.5526e-05	2.0155e-10	-10.0	-2.5
38.5	1.5526e-05	2.042e-10	-10.0	-2.5
39.0	1.5531e-05	2.06e-10	-10.0	-2.5
39.5	1.5529e-05	2.0757e-10	-10.0	-2.5
40.0	1.5532e-05	2.0749e-10	-10.0	-2.5
40.5	1.5531e-05	2.1106e-10	-10.0	-2.5
41.0	1.5531e-05	2.1033e-10	-10.0	-2.5
41.5	1.5532e-05	2.101e-10	-10.0	-2.5
42.0	1.5531e-05	2.1306e-10	-10.0	-2.5
42.5	1.5532e-05	2.1305e-10	-10.0	-2.5
43.0	1.5534e-05	2.1368e-10	-10.0	-2.5
43.5	1.5535e-05	2.1532e-10	-10.0	-2.5
44.0	1.5536e-05	2.1598e-10	-10.0	-2.5
44.5	1.5533e-05	2.1726e-10	-10.0	-2.5
45.0	1.5534e-05	2.1734e-10	-10.0	-2.5
45.5	1.5533e-05	2.1663e-10	-10.0	-2.5
46.0	1.5535e-05	2.1894e-10	-10.0	-2.5
46.5	1.5533e-05	2.1863e-10	-10.0	-2.5
47.0	1.5537e-05	2.1772e-10	-10.0	-2.5
47.5	1.5536e-05	2.1835e-10	-10.0	-2.5
48.0	1.5534e-05	2.1816e-10	-10.0	-2.5
48.5	1.5531e-05	2.1779e-10	-10.0	-2.5
49.0	1.5533e-05	2.2102e-10	-10.0	-2.5
49.5	1.5533e-05	2.2089e-10	-10.0	-2.5
50.0	1.5532e-05	2.2066e-10	-10.0	-2.5
50.5	1.5533e-05	2.2152e-10	-10.0	-2.5
51.0	1.5532e-05	2.2094e-10	-10.0	-2.5
51.5	1.5535e-05	2.2221e-10	-10.0	-2.5
52.0	1.5535e-05	2.2159e-10	-10.0	-2.5
52.5	1.5536e-05	2.2176e-10	-10.0	-2.5
53.0	1.5533e-05	2.231e-10	-10.0	-2.5
53.5	1.5535e-05	2.2331e-10	-10.0	-2.5
54.0	1.5534e-05	2.231e-10	-10.0	-2.5
54.5	1.5534e-05	2.2327e-10	-10.0	-2.5
55.0	1.5536e-05	2.2242e-10	-10.0	-2.5
55.5	1.5536e-05	2.2185e-10	-10.0	-2.5
56.0	1.5538e-05	2.2004e-10	-10.0	-2.5
56.5	1.554e-05	2.2034e-10	-10.0	-2.5
57.0	1.5541e-05	2.2073e-10	-10.0	-2.5
57.5	1.554e-05	2.2279e-10	-10.0	-2.5
58.0	1.5541e-05	2.2249e-10	-10.0	-2.5
58.5	1.5541e-05	2.2145e-10	-10.0	-2.5
59.0	1.5544e-05	2.202e-10	-10.0	-2.5
59.5	1.5544e-05	2.2072e-10	-10.0	-2.5
60.0	1.5545e-05	2.1967e-10	-10.0	-2.5
60.5	1.5542e-05	2.1972e-10	-10.0	-2.5
61.0	1.5539e-05	2.21e-10	-10.0	-2.5
61.5	1.5545e-05	2.2115e-10	-10.0	-2.5
62.0	1.5544e-05	2.2008e-10	-10.0	-2.5
62.5	1.5544e-05	2.1847e-10	-10.0	-2.5
63.0	1.5545e-05	2.1929e-10	-10.0	-2.5
63.5	1.5546e-05	2.1849e-10	-10.0	-2.5
64.0	1.5545e-05	2.1839e-10	-10.0	-2.5
64.5	1.5547e-05	2.1808e-10	-10.0	-2.5
65.0	1.5545e-05	2.1842e-10	-10.0	-2.5
65.5	1.5547e-05	2.1854e-10	-10.0	-2.5
66.0	1.5549e-05	2.1934e-10	-10.0	-2.5
66.5	1.5551e-05	2.1951e-10	-10.0	-2.5
67.0	1.555e-05	2.1827e-10	-10.0	-2.5
67.5	1.5548e-05	2.1812e-10	-10.0	-2.5
68.0	1.5551e-05	2.1886e-10	-10.0	-2.5
68.5	1.5551e-05	2.1955e-10	-10.0	-2.5
69.0	1.555e-05	2.1778e-10	-10.0	-2.5
69.5	1.5551e-05	2.2088e-10	-10.0	-2.5
70.0	1.5552e-05	2.1986e-10	-10.0	-2.5
70.5	1.555e-05	2.1875e-10	-10.0	-2.5
71.0	1.555e-05	2.1766e-10	-10.0	-2.5
71.5	1.5553e-05	2.1714e-10	-10.0	-2.5
72.0	1.5551e-05	2.1846e-10	-10.0	-2.5
72.5	1.555e-05	2.2038e-10	-10.0	-2.5
73.0	1.555e-05	2.1899e-10	-10.0	-2.5
73.5	1.5553e-05	2.1956e-10	-10.0	-2.5
74.0	1.5553e-05	2.1821e-10	-10.0	-2.5
74.5	1.5555e-05	2.1664e-10	-10.0	-2.5
75.0	1.5554e-05	2.1808e-10	-10.0	-2.5
75.5	1.5555e-05	2.1793e-10	-10.0	-2.5
76.0	1.5554e-05	2.1807e-10	-10.0	-2.5
76.5	1.5554e-05	2.188e-10	-10.0	-2.5
77.0	1.5553e-05	2.1882e-10	-10.0	-2.5
77.5	1.5555e-05	2.1954e-10	-10.0	-2.5
78.0	1.5557e-05	2.2015e-10	-10.0	-2.5
78.5	1.5555e-05	2.1988e-10	-10.0	-2.5
79.0	1.5558e-05	2.162e-10	-10.0	-2.5
79.5	1.5558e-05	2.1747e-10	-10.0	-2.5
80.0	1.5558e-05	2.1819e-10	-10.0	-2.5
80.5	1.5558e-05	2.1614e-10	-10.0	-2.5
81.0	1.5561e-05	2.1587e-10	-10.0	-2.5
81.5	1.5564e-05	2.1631e-10	-10.0	-2.5
82.0	1.5562e-05	2.1454e-10	-10.0	-2.5
82.5	1.556e-05	2.1516e-10	-10.0	-2.5
83.0	1.5563e-05	2.1456e-10	-10.0	-2.5
83.5	1.5564e-05	2.1559e-10	-10.0	-2.5
84.0	1.5563e-05	2.1344e-10	-10.0	-2.5
84.5	1.5563e-05	2.135e-10	-10.0	-2.5
85.0	1.5563e-05	2.1653e-10	-10.0	-2.5
85.5	1.5566e-05	2.1607e-10	-10.0	-2.5
86.0	1.5567e-05	2.1553e-10	-10.0	-2.5
86.5	1.5567e-05	2.1497e-10	-10.0	-2.5
87.0	1.5567e-05	2.1709e-10	-10.0	-2.5
87.5	1.5569e-05	2.1768e-10	-10.0	-2.5
88.0	1.5567e-05	2.17e-10	-10.0	-2.5
88.5	1.5568e-05	2.1748e-10	-10.0	-2.5
89.0	1.5568e-05	2.1681e-10	-10.0	-2.5
89.5	1.5569e-05	2.1707e-10	-10.0	-2.5
90.0	1.5572e-05	2.1532e-10	-10.0	-2.5
90.5	1.5571e-05	2.1698e-10	-10.0	-2.5
91.0	1.5569e-05	2.1647e-10	-10.0	-2.5
91.5	1.5569e-05	2.1515e-10	-10.0	-2.5
92.0	1.5569e-05	2.1524e-10	-10.0	-2.5
92.5	1.557e-05	2.1581e-10	-10.0	-2.5
93.0	1.5573e-05	2.1442e-10	-10.0	-2.5
93.5	1.5576e-05	2.1496e-10	-10.0	-2.5
94.0	1.5573e-05	2.156e-10	-10.0	-2.5
94.5	1.5575e-05	2.1484e-10	-10.0	-2.5
95.0	1.5575e-05	2.1563e-10	-10.0	-2.5
95.5	1.5577e-05	2.1547e-10	-10.0	-2.5
96.0	1.5575e-05	2.1515e-10	-10.0	-2.5
96.5	1.5575e-05	2.1544e-10	-10.0	-2.5
97.0	1.5577e-05	2.1391e-10	-10.0	-2.5
97.5	1.5579e-05	2.148e-10	-10.0	-2.5
98.0	1.5579e-05	2.1493e-10	-10.0	-2.5
98.5	1.5578e-05	2.1569e-10	-10.0	-2.5
99.0	1.5579e-05	2.1414e-10	-10.0	-2.5
99.5	1.5582e-05	2.149e-10	-10.0	-2.5
100.0	1.5579e-05	2.1395e-10	-10.0	-2.5
100.5	1.5578e-05	2.1281e-10	-10.0	-2.5
101.0	1.5573e-05	2.1345e-10	-10.0	-2.5
101.5	1.5574e-05	2.146e-10	-10.0	-2.5
102.0	1.5573e-05	2.1473e-10	-10.0	-2.5
102.5	1.5576e-05	2.1425e-10	-10.0	-2.5
103.0	1.5575e-05	2.1432e-10	-10.0	-2.5
103.5	1.5573e-05	2.1411e-10	-10.0	-2.5
104.0	1.5574e-05	2.1396e-10	-10.0	-2.5
104.5	1.5573e-05	2.1329e-10	-10.0	-2.5
105.0	1.5571e-05	2.1267e-10	-10.0	-2.5
105.5	1.5573e-05	2.1325e-10	-10.0	-2.5
106.0	1.5573e-05	2.1347e-10	-10.0	-2.5
106.5	1.5573e-05	2.129e-10	-10.0	-2.5
107.0	1.5573e-05	2.1165e-10	-10.0	-2.5
107.5	1.5575e-05	2.1107e-10	-10.0	-2.5
108.0	1.5573e-05	2.1141e-10	-10.0	-2.5
108.5	1.5574e-05	2.1157e-10	-10.0	-2.5
109.0	1.5576e-05	2.1105e-10	-10.0	-2.5
109.5	1.5579e-05	2.0975e-10	-10.0	-2.5
110.0	1.5574e-05	2.1038e-10	-10.0	-2.5
110.5	1.558e-05	2.1009e-10	-10.0	-2.5
111.0	1.5579e-05	2.0943e-10	-10.0	-2.5
111.5	1.5577e-05	2.0979e-10	-10.0	-2.5
112.0	1.5579e-05	2.1022e-10	-10.0	-2.5
112.5	1.5582e-05	2.0885e-10	-10.0	-2.5
113.0	1.5579e-05	2.0916e-10	-10.0	-2.5
113.5	1.5582e-05	2.0999e-10	-10.0	-2.5
114.0	1.5581e-05	2.1138e-10	-10.0	-2.5
114.5	1.5578e-05	2.1035e-10	-10.0	-2.5
115.0	1.558e-05	2.1002e-10	-10.0	-2.5
115.5	1.5579e-05	2.1174e-10	-10.0	-2.5
116.0	1.558e-05	2.1007e-10	-10.0	-2.5
116.5	1.558e-05	2.0841e-10	-10.0	-2.5
117.0	1.5581e-05	2.1094e-10	-10.0	-2.5
117.5	1.5581e-05	2.1014e-10	-10.0	-2.5
118.0	1.5582e-05	2.0974e-10	-10.0	-2.5
118.5	1.558e-05	2.1207e-10	-10.0	-2.5
119.0	1.5579e-05	2.1048e-10	-10.0	-2.5
119.5	1.558e-05	3.5083e-10	-10.0	-2.5
120.0	1.5582e-05	3.3929e-10	-10.0	-2.5
120.5	1.5585e-05	3.324e-10	-10.0	-2.5
121.0	1.5584e-05	3.2374e-10	-10.0	-2.5
121.5	1.5589e-05	3.1287e-10	-10.0	-2.5
122.0	1.5593e-05	3.0528e-10	-10.0	-2.5
122.5	1.5595e-05	2.9768e-10	-10.0	-2.5
123.0	1.5598e-05	2.889e-10	-10.0	-2.5
123.5	1.5602e-05	2.8181e-10	-10.0	-2.5
124.0	1.5602e-05	2.7714e-10	-10.0	-2.5
124.5	1.5604e-05	2.7085e-10	-10.0	-2.5
125.0	1.5607e-05	2.6424e-10	-10.0	-2.5
125.5	1.5608e-05	2.5806e-10	-10.0	-2.5
126.0	1.561e-05	2.5333e-10	-10.0	-2.5
126.5	1.5611e-05	2.4828e-10	-10.0	-2.5
127.0	1.5614e-05	2.462e-10	-10.0	-2.5
127.5	1.5616e-05	2.418e-10	-10.0	-2.5
128.0	1.5617e-05	2.3947e-10	-10.0	-2.5
128.5	1.5617e-05	2.3565e-10	-10.0	-2.5
129.0	1.5618e-05	2.3352e-10	-10.0	-2.5
129.5	1.5622e-05	2.2944e-10	-10.0	-2.5
130.0	1.5621e-05	2.2777e-10	-10.0	-2.5
130.5	1.5624e-05	2.2344e-10	-10.0	-2.5
131.0	1.5621e-05	2.2246e-10	-10.0	-2.5
131.5	1.5621e-05	2.1992e-10	-10.0	-2.5
132.0	1.5625e-05	2.1887e-10	-10.0	-2.5
132.5	1.5626e-05	2.167e-10	-10.0	-2.5
133.0	1.5628e-05	2.1442e-10	-10.0	-2.5
133.5	1.5624e-05	2.1143e-10	-10.0	-2.5
134.0	1.5626e-05	2.103e-10	-10.0	-2.5
134.5	1.5627e-05	2.086e-10	-10.0	-2.5
135.0	1.563e-05	2.0663e-10	-10.0	-2.5
135.5	1.5626e-05	2.0398e-10	-10.0	-2.5
136.0	1.5626e-05	2.0204e-10	-10.0	-2.5
136.5	1.5625e-05	1.9918e-10	-10.0	-2.5
137.0	1.5625e-05	1.9969e-10	-10.0	-2.5
137.5	1.5623e-05	1.985e-10	-10.0	-2.5
138.0	1.5626e-05	1.9706e-10	-10.0	-2.5
138.5	1.5627e-05	1.9404e-10	-10.0	-2.5
139.0	1.5629e-05	1.9205e-10	-10.0	-2.5
139.5	1.5627e-05	1.91e-10	-10.0	-2.5
140.0	1.5623e-05	1.9121e-10	-10.0	-2.5
140.5	1.5624e-05	1.8994e-10	-10.0	-2.5
141.0	1.5627e-05	1.9003e-10	-10.0	-2.5
141.5	1.563e-05	1.8805e-10	-10.0	-2.5
142.0	1.5631e-05	1.8543e-10	-10.0	-2.5
142.5	1.5634e-05	1.8638e-10	-10.0	-2.5
143.0	1.5632e-05	1.8446e-10	-10.0	-2.5
143.5	1.563e-05	1.8559e-10	-10.0	-2.5
144.0	1.5628e-05	1.8509e-10	-10.0	-2.5
144.5	1.5626e-05	1.8487e-10	-10.0	-2.5
145.0	1.5629e-05	1.8405e-10	-10.0	-2.5
145.5	1.563e-05	1.843e-10	-10.0	-2.5
146.0	1.5632e-05	1.8224e-10	-10.0	-2.5
146.5	1.5633e-05	1.814e-10	-10.0	-2.5
147.0	1.5631e-05	1.8027e-10	-10.0	-2.5
147.5	1.5633e-05	1.789e-10	-10.0	-2.5
148.0	1.5632e-05	1.7918e-10	-10.0	-2.5
148.5	1.563e-05	1.788e-10	-10.0	-2.5
149.0	1.5631e-05	1.768e-10	-10.0	-2.5
149.5	1.5632e-05	1.7611e-10	-10.0	-2.5
150.0	1.5632e-05	1.7452e-10	-10.0	-2.5
150.5	1.563e-05	1.7397e-10	-10.0	-2.5
151.0	1.5631e-05	1.7253e-10	-10.0	-2.5
151.5	1.5628e-05	1.7324e-10	-10.0	-2.5
152.0	1.5627e-05	1.7313e-10	-10.0	-2.5
152.5	1.5628e-05	1.7073e-10	-10.0	-2.5
153.0	1.5629e-05	1.6976e-10	-10.0	-2.5
153.5	1.5629e-05	1.684e-10	-10.0	-2.5
154.0	1.5628e-05	1.6818e-10	-10.0	-2.5
154.5	1.5626e-05	1.668e-10	-10.0	-2.5
155.0	1.5628e-05	1.6622e-10	-10.0	-2.5
155.5	1.5625e-05	1.6467e-10	-10.0	-2.5
156.0	1.5623e-05	1.631e-10	-10.0	-2.5
156.5	1.5626e-05	1.6246e-10	-10.0	-2.5
157.0	1.5626e-05	1.6097e-10	-10.0	-2.5
157.5	1.5628e-05	1.611e-10	-10.0	-2.5
158.0	1.5624e-05	1.602e-10	-10.0	-2.5
158.5	1.5625e-05	1.5967e-10	-10.0	-2.5
159.0	1.5626e-05	1.5845e-10	-10.0	-2.5
159.5	1.5627e-05	1.5723e-10	-10.0	-2.5
160.0	1.5626e-05	1.5665e-10	-10.0	-2.5
160.5	1.5625e-05	1.5686e-10	-10.0	-2.5
161.0	1.5621e-05	1.5676e-10	-10.0	-2.5
161.5	1.5622e-05	1.5581e-10	-10.0	-2.5
162.0	1.5624e-05	1.5588e-10	-10.0	-2.5
162.5	1.5625e-05	1.541e-10	-10.0	-2.5
163.0	1.5626e-05	1.5425e-10	-10.0	-2.5
163.5	1.5625e-05	1.5336e-10	-10.0	-2.5
164.0	1.5625e-05	1.5261e-10	-10.0	-2.5
164.5	1.5621e-05	1.5248e-10	-10.0	-2.5
165.0	1.562e-05	1.529e-10	-10.0	-2.5
165.5	1.5618e-05	1.5131e-10	-10.0	-2.5
166.0	1.5618e-05	1.5124e-10	-10.0	-2.5
166.5	1.562e-05	1.5008e-10	-10.0	-2.5
167.0	1.5621e-05	1.4957e-10	-10.0	-2.5
167.5	1.5618e-05	1.4939e-10	-10.0	-2.5
168.0	1.5619e-05	1.4932e-10	-10.0	-2.5
168.5	1.562e-05	1.4912e-10	-10.0	-2.5
169.0	1.562e-05	1.4762e-10	-10.0	-2.5
169.5	1.5617e-05	1.4724e-10	-10.0	-2.5
170.0	1.5617e-05	1.477e-10	-10.0	-2.5
170.5	1.5619e-05	1.4866e-10	-10.0	-2.5
171.0	1.5621e-05	1.4731e-10	-10.0	-2.5
171.5	1.5616e-05	1.4793e-10	-10.0	-2.5
172.0	1.5615e-05	1.4673e-10	-10.0	-2.5
172.5	1.5615e-05	1.4764e-10	-10.0	-2.5
173.0	1.562e-05	1.4714e-10	-10.0	-2.5
173.5	1.5615e-05	1.4445e-10	-10.0	-2.5
174.0	1.5617e-05	1.4487e-10	-10.0	-2.5
174.5	1.5618e-05	1.4604e-10	-10.0	-2.5
175.0	1.5617e-05	1.4551e-10	-10.0	-2.5
175.5	1.5619e-05	1.4342e-10	-10.0	-2.5
176.0	1.5618e-05	1.439e-10	-10.0	-2.5
176.5	1.5616e-05	1.4498e-10	-10.0	-2.5
177.0	1.5616e-05	1.4868e-10	-10.0	-2.5
177.5	1.5618e-05	1.5078e-10	-10.0	-2.5
178.0	1.5618e-05	1.5155e-10	-10.0	-2.5
178.5	1.5621e-05	1.5586e-10	-10.0	-2.5
179.0	1.5622e-05	1.5663e-10	-10.0	-2.5
179.5	1.5624e-05	2.8946e-11	-10.0	-2.5
180.0	1.5623e-05	9.1958e-12	-10.0	-2.5
180.5	1.5623e-05	7.4554e-12	-10.0	-2.5
181.0	1.562e-05	3.7253e-12	-10.0	-2.5
181.5	1.5619e-05	1.8156e-12	-10.0	-2.5
182.0	1.562e-05	7.9894e-12	-10.0	-2.5
182.5	1.5618e-05	1.1648e-11	-10.0	-2.5
183.0	1.5617e-05	1.7306e-11	-10.0	-2.5
183.5	1.5616e-05	2.2275e-11	-10.0	-2.5
184.0	1.5614e-05	2.654e-11	-10.0	-2.5
184.5	1.5612e-05	3.1431e-11	-10.0	-2.5
185.0	1.5611e-05	3.6421e-11	-10.0	-2.5
185.5	1.5611e-05	3.8359e-11	-10.0	-2.5
186.0	1.561e-05	4.1877e-11	-10.0	-2.5
186.5	1.561e-05	4.6546e-11	-10.0	-2.5
187.0	1.5611e-05	4.9195e-11	-10.0	-2.5
187.5	1.561e-05	5.2242e-11	-10.0	-2.5
188.0	1.5613e-05	5.4556e-11	-10.0	-2.5
188.5	1.561e-05	5.8509e-11	-10.0	-2.5
189.0	1.5612e-05	5.8848e-11	-10.0	-2.5
189.5	1.5615e-05	6.1392e-11	-10.0	-2.5
190.0	1.5615e-05	6.5249e-11	-10.0	-2.5
190.5	1.5616e-05	6.8304e-11	-10.0	-2.5
191.0	1.5617e-05	6.9723e-11	-10.0	-2.5
191.5	1.5615e-05	7.2361e-11	-10.0	-2.5
192.0	1.5615e-05	7.3621e-11	-10.0	-2.5
192.5	1.5616e-05	7.5687e-11	-10.0	-2.5
193.0	1.5617e-05	7.7307e-11	-10.0	-2.5
193.5	1.5615e-05	7.853e-11	-10.0	-2.5
194.0	1.5618e-05	8.2789e-11	-10.0	-2.5
194.5	1.5618e-05	8.4583e-11	-10.0	-2.5
195.0	1.5617e-05	8.5626e-11	-10.0	-2.5
195.5	1.5618e-05	8.6818e-11	-10.0	-2.5
196.0	1.5619e-05	8.8577e-11	-10.0	-2.5
196.5	1.5621e-05	9.1721e-11	-10.0	-2.5
197.0	1.5621e-05	9.1666e-11	-10.0	-2.5
197.5	1.5623e-05	9.4204e-11	-10.0	-2.5
198.0	1.5623e-05	9.4603e-11	-10.0	-2.5
198.5	1.5622e-05	9.7272e-11	-10.0	-2.5
199.0	1.5621e-05	9.708e-11	-10.0	-2.5
199.5	1.5624e-05	9.8711e-11	-10.0	-2.5
200.0	1.5625e-05	1.004e-10	-10.0	-2.5
200.5	1.5627e-05	1.0016e-10	-10.0	-2.5
201.0	1.5629e-05	1.0162e-10	-10.0	-2.5
201.5	1.563e-05	1.0215e-10	-10.0	-2.5
202.0	1.5631e-05	1.0248e-10	-10.0	-2.5
202.5	1.5629e-05	1.0249e-10	-10.0	-2.5
203.0	1.563e-05	1.0471e-10	-10.0	-2.5
203.5	1.5633e-05	1.046e-10	-10.0	-2.5
204.0	1.5637e-05	1.0593e-10	-10.0	-2.5
204.5	1.5635e-05	1.053e-10	-10.0	-2.5
205.0	1.5633e-05	1.0575e-10	-10.0	-2.5
205.5	1.5635e-05	1.062e-10	-10.0	-2.5
206.0	1.5633e-05	1.0838e-10	-10.0	-2.5
206.5	1.5635e-05	1.0758e-10	-10.0	-2.5
207.0	1.5636e-05	1.0804e-10	-10.0	-2.5
207.5	1.564e-05	1.0747e-10	-10.0	-2.5
208.0	1.5642e-05	1.0794e-10	-10.0	-2.5
208.5	1.564e-05	1.1032e-10	-10.0	-2.5
209.0	1.5644e-05	1.0931e-10	-10.0	-2.5
209.5	1.5645e-05	1.1006e-10	-10.0	-2.5
210.0	1.5643e-05	1.1109e-10	-10.0	-2.5
210.5	1.5648e-05	1.1049e-10	-10.0	-2.5
211.0	1.5649e-05	1.1047e-10	-10.0	-2.5
211.5	1.5649e-05	1.1232e-10	-10.0	-2.5
212.0	1.5649e-05	1.1262e-10	-10.0	-2.5
212.5	1.5653e-05	1.1331e-10	-10.0	-2.5
213.0	1.5654e-05	1.1235e-10	-10.0	-2.5
213.5	1.5651e-05	1.1378e-10	-10.0	-2.5
214.0	1.5652e-05	1.1316e-10	-10.0	-2.5
214.5	1.5655e-05	1.1459e-10	-10.0	-2.5
215.0	1.5656e-05	1.1519e-10	-10.0	-2.5
215.5	1.566e-05	1.1568e-10	-10.0	-2.5
216.0	1.566e-05	1.1614e-10	-10.0	-2.5
216.5	1.5661e-05	1.1477e-10	-10.0	-2.5
217.0	1.5661e-05	1.1473e-10	-10.0	-2.5
217.5	1.5664e-05	1.1638e-10	-10.0	-2.5
218.0	1.5664e-05	1.172e-10	-10.0	-2.5
218.5	1.5663e-05	1.176e-10	-10.0	-2.5
219.0	1.5665e-05	1.1609e-10	-10.0	-2.5
219.5	1.5665e-05	1.1822e-10	-10.0	-2.5
220.0	1.5667e-05	1.1881e-10	-10.0	-2.5
220.5	1.5667e-05	1.189e-10	-10.0	-2.5
221.0	1.5668e-05	1.194e-10	-10.0	-2.5
221.5	1.567e-05	1.1874e-10	-10.0	-2.5
222.0	1.5671e-05	1.1916e-10	-10.0	-2.5
222.5	1.5671e-05	1.1986e-10	-10.0	-2.5
223.0	1.5673e-05	1.1972e-10	-10.0	-2.5
223.5	1.5673e-05	1.2199e-10	-10.0	-2.5
224.0	1.5679e-05	1.2127e-10	-10.0	-2.5
224.5	1.5676e-05	1.2294e-10	-10.0	-2.5
225.0	1.5678e-05	1.2277e-10	-10.0	-2.5
225.5	1.5676e-05	1.2259e-10	-10.0	-2.5
226.0	1.5678e-05	1.2231e-10	-10.0	-2.5
226.5	1.5677e-05	1.2202e-10	-10.0	-2.5
227.0	1.5678e-05	1.2197e-10	-10.0	-2.5
227.5	1.5678e-05	1.2191e-10	-10.0	-2.5
228.0	1.568e-05	1.2169e-10	-10.0	-2.5
228.5	1.5678e-05	1.2229e-10	-10.0	-2.5
229.0	1.5682e-05	1.2208e-10	-10.0	-2.5
229.5	1.5684e-05	1.2358e-10	-10.0	-2.5
230.0	1.5683e-05	1.2491e-10	-10.0	-2.5
230.5	1.5686e-05	1.2544e-10	-10.0	-2.5
231.0	1.5687e-05	1.2551e-10	-10.0	-2.5
231.5	1.5686e-05	1.2586e-10	-10.0	-2.5
232.0	1.5685e-05	1.2582e-10	-10.0	-2.5
232.5	1.5686e-05	1.259e-10	-10.0	-2.5
233.0	1.5685e-05	1.2493e-10	-10.0	-2.5
233.5	1.5689e-05	1.2592e-10	-10.0	-2.5
234.0	1.569e-05	1.2578e-10	-10.0	-2.5
234.5	1.5691e-05	1.2399e-10	-10.0	-2.5
235.0	1.569e-05	1.2477e-10	-10.0	-2.5
235.5	1.5691e-05	1.2576e-10	-10.0	-2.5
236.0	1.5694e-05	1.2472e-10	-10.0	-2.5
236.5	1.5692e-05	1.2551e-10	-10.0	-2.5
237.0	1.5697e-05	1.2643e-10	-10.0	-2.5
237.5	1.5698e-05	1.2495e-10	-10.0	-2.5
238.0	1.5699e-05	1.2701e-10	-10.0	-2.5
238.5	1.5699e-05	1.264e-10	-10.0	-2.5
239.0	1.5699e-05	1.2689e-10	-10.0	-2.5
239.5	1.57e-05	2.8641e-10	-10.0	-2.5
240.0	1.5704e-05	3.0939e-10	-10.0	-2.5
240.5	1.5705e-05	3.0448e-10	-10.0	-2.5
241.0	1.5706e-05	2.9711e-10	-10.0	-2.5
241.5	1.5708e-05	2.9248e-10	-10.0	-2.5
242.0	1.5709e-05	2.8486e-10	-10.0	-2.5
242.5	1.5712e-05	2.7929e-10	-10.0	-2.5
243.0	1.5713e-05	2.7164e-10	-10.0	-2.5
243.5	1.5712e-05	2.6568e-10	-10.0	-2.5
244.0	1.5714e-05	2.6004e-10	-10.0	-2.5
244.5	1.5712e-05	2.5437e-10	-10.0	-2.5
245.0	1.5713e-05	2.5003e-10	-10.0	-2.5
245.5	1.5712e-05	2.4582e-10	-10.0	-2.5
246.0	1.5712e-05	2.4099e-10	-10.0	-2.5
246.5	1.5712e-05	2.3715e-10	-10.0	-2.5
247.0	1.5715e-05	2.3256e-10	-10.0	-2.5
247.5	1.5714e-05	2.285e-10	-10.0	-2.5
248.0	1.5714e-05	2.2459e-10	-10.0	-2.5
248.5	1.5715e-05	2.2106e-10	-10.0	-2.5
249.0	1.5717e-05	2.2024e-10	-10.0	-2.5
249.5	1.5712e-05	2.1637e-10	-10.0	-2.5
250.0	1.5714e-05	2.1423e-10	-10.0	-2.5
250.5	1.5714e-05	2.1078e-10	-10.0	-2.5
251.0	1.5711e-05	2.0797e-10	-10.0	-2.5
251.5	1.5713e-05	2.0685e-10	-10.0	-2.5
252.0	1.5711e-05	2.0366e-10	-10.0	-2.5
252.5	1.5714e-05	2.0109e-10	-10.0	-2.5
253.0	1.5713e-05	1.9713e-10	-10.0	-2.5
253.5	1.5714e-05	1.9676e-10	-10.0	-2.5
254.0	1.5713e-05	1.9419e-10	-10.0	-2.5
254.5	1.571e-05	1.9165e-10	-10.0	-2.5
255.0	1.5709e-05	1.9056e-10	-10.0	-2.5
255.5	1.571e-05	1.88e-10	-10.0	-2.5
256.0	1.571e-05	1.8706e-10	-10.0	-2.5
256.5	1.5712e-05	1.8481e-10	-10.0	-2.5
257.0	1.5712e-05	1.829e-10	-10.0	-2.5
257.5	1.5708e-05	1.8113e-10	-10.0	-2.5
258.0	1.5707e-05	1.7836e-10	-10.0	-2.5
258.5	1.5706e-05	1.7646e-10	-10.0	-2.5
259.0	1.5707e-05	1.7642e-10	-10.0	-2.5
259.5	1.5709e-05	1.7463e-10	-10.0	-2.5
260.0	1.5709e-05	1.7328e-10	-10.0	-2.5
260.5	1.571e-05	1.7281e-10	-10.0	-2.5
261.0	1.5707e-05	1.7142e-10	-10.0	-2.5
261.5	1.571e-05	1.6992e-10	-10.0	-2.5
262.0	1.5706e-05	1.6746e-10	-10.0	-2.5
262.5	1.5703e-05	1.6704e-10	-10.0	-2.5
263.0	1.5703e-05	1.6509e-10	-10.0	-2.5
263.5	1.5705e-05	1.6428e-10	-10.0	-2.5
264.0	1.5704e-05	1.6276e-10	-10.0	-2.5
264.5	1.5701e-05	1.6224e-10	-10.0	-2.5
265.0	1.5699e-05	1.6113e-10	-10.0	-2.5
265.5	1.5701e-05	1.6038e-10	-10.0	-2.5
266.0	1.57e-05	1.5875e-10	-10.0	-2.5
266.5	1.57e-05	1.5905e-10	-10.0	-2.5
267.0	1.57e-05	1.5814e-10	-10.0	-2.5
267.5	1.5694e-05	1.5672e-10	-10.0	-2.5
268.0	1.5699e-05	1.5619e-10	-10.0	-2.5
268.5	1.5695e-05	1.5558e-10	-10.0	-2.5
269.0	1.5694e-05	1.5488e-10	-10.0	-2.5
269.5	1.5695e-05	1.5321e-10	-10.0	-2.5
270.0	1.5694e-05	1.5243e-10	-10.0	-2.5
270.5	1.5689e-05	1.5149e-10	-10.0	-2.5
271.0	1.5692e-05	1.5187e-10	-10.0	-2.5
271.5	1.5692e-05	1.5088e-10	-10.0	-2.5
272.0	1.5691e-05	1.5037e-10	-10.0	-2.5
272.5	1.569e-05	1.4917e-10	-10.0	-2.5
273.0	1.5688e-05	1.4917e-10	-10.0	-2.5
273.5	1.5687e-05	1.4943e-10	-10.0	-2.5
274.0	1.5689e-05	1.4738e-10	-10.0	-2.5
274.5	1.5687e-05	1.4663e-10	-10.0	-2.5
275.0	1.5687e-05	1.4801e-10	-10.0	-2.5
275.5	1.5684e-05	1.4785e-10	-10.0	-2.5
276.0	1.5685e-05	1.4861e-10	-10.0	-2.5
276.5	1.5681e-05	1.4719e-10	-10.0	-2.5
277.0	1.5681e-05	1.4482e-10	-10.0	-2.5
277.5	1.5684e-05	1.4563e-10	-10.0	-2.5
278.0	1.5685e-05	1.4501e-10	-10.0	-2.5
278.5	1.5684e-05	1.4376e-10	-10.0	-2.5
279.0	1.5681e-05	1.4417e-10	-10.0	-2.5
279.5	1.5683e-05	1.4614e-10	-10.0	-2.5
280.0	1.5682e-05	1.4415e-10	-10.0	-2.5
280.5	1.5681e-05	1.4418e-10	-10.0	-2.5
281.0	1.5683e-05	1.4216e-10	-10.0	-2.5
281.5	1.5681e-05	1.4163e-10	-10.0	-2.5
282.0	1.5681e-05	1.4117e-10	-10.0	-2.5
282.5	1.5681e-05	1.4079e-10	-10.0	-2.5
283.0	1.5682e-05	1.4036e-10	-10.0	-2.5
283.5	1.568e-05	1.3857e-10	-10.0	-2.5
284.0	1.5683e-05	1.3934e-10	-10.0	-2.5
284.5	1.5681e-05	1.3848e-10	-10.0	-2.5
285.0	1.5682e-05	1.3524e-10	-10.0	-2.5
285.5	1.5679e-05	1.3368e-10	-10.0	-2.5
286.0	1.5678e-05	1.3719e-10	-10.0	-2.5
286.5	1.5676e-05	1.3692e-10	-10.0	-2.5
287.0	1.5675e-05	1.3635e-10	-10.0	-2.5
287.5	1.5676e-05	1.366e-10	-10.0	-2.5
288.0	1.5676e-05	1.3773e-10	-10.0	-2.5
288.5	1.5674e-05	1.3609e-10	-10.0	-2.5
289.0	1.5673e-05	1.3695e-10	-10.0	-2.5
289.5	1.5676e-05	1.3642e-10	-10.0	-2.5
290.0	1.5674e-05	1.3659e-10	-10.0	-2.5
290.5	1.5672e-05	1.3509e-10	-10.0	-2.5
291.0	1.5672e-05	1.3463e-10	-10.0	-2.5
291.5	1.5671e-05	1.3551e-10	-10.0	-2.5
292.0	1.5669e-05	1.3445e-10	-10.0	-2.5
292.5	1.5669e-05	1.3386e-10	-10.0	-2.5
293.0	1.5667e-05	1.3303e-10	-10.0	-2.5
293.5	1.5665e-05	1.3333e-10	-10.0	-2.5
294.0	1.5668e-05	1.3335e-10	-10.0	-2.5
294.5	1.5663e-05	1.3013e-10	-10.0	-2.5
295.0	1.5666e-05	1.2963e-10	-10.0	-2.5
295.5	1.5665e-05	1.2929e-10	-10.0	-2.5
296.0	1.5664e-05	1.277e-10	-10.0	-2.5
296.5	1.5666e-05	1.2815e-10	-10.0	-2.5
297.0	1.5669e-05	1.2892e-10	-10.0	-2.5
297.5	1.567e-05	1.2718e-10	-10.0	-2.5
298.0	1.5667e-05	1.2857e-10	-10.0	-2.5
298.5	1.5669e-05	1.26e-10	-10.0	-2.5
299.0	1.5666e-05	1.2375e-10	-10.0	-2.5
299.5	1.5665e-05	1.0443e-11	-10.0	-2.5
300.0	1.5669e-05	5.5752e-11	-10.0	-2.5
300.5	1.5665e-05	5.2819e-11	-10.0	-2.5
301.0	1.5665e-05	4.6151e-11	-10.0	-2.5
301.5	1.5661e-05	3.8325e-11	-10.0	-2.5
302.0	1.5662e-05	3.2617e-11	-10.0	-2.5
302.5	1.5663e-05	2.7593e-11	-10.0	-2.5
303.0	1.5663e-05	2.1896e-11	-10.0	-2.5
303.5	1.5664e-05	1.683e-11	-10.0	-2.5
304.0	1.5666e-05	1.2088e-11	-10.0	-2.5
304.5	1.5665e-05	7.329e-12	-10.0	-2.5
305.0	1.5664e-05	2.3043e-12	-10.0	-2.5
305.5	1.5665e-05	2.0754e-12	-10.0	-2.5
306.0	1.5663e-05	5.9676e-12	-10.0	-2.5
306.5	1.5664e-05	8.2743e-12	-10.0	-2.5
307.0	1.5664e-05	1.1718e-11	-10.0	-2.5
307.5	1.5666e-05	1.4163e-11	-10.0	-2.5
308.0	1.5667e-05	1.9532e-11	-10.0	-2.5
308.5	1.5667e-05	2.255e-11	-10.0	-2.5
309.0	1.5667e-05	2.5854e-11	-10.0	-2.5
309.5	1.5667e-05	2.7984e-11	-10.0	-2.5
310.0	1.5665e-05	3.0445e-11	-10.0	-2.5
310.5	1.5666e-05	3.363e-11	-10.0	-2.5
311.0	1.5666e-05	3.5001e-11	-10.0	-2.5
311.5	1.5668e-05	3.7551e-11	-10.0	-2.5
312.0	1.5666e-05	3.8419e-11	-10.0	-2.5
312.5	1.5666e-05	4.1851e-11	-10.0	-2.5
313.0	1.5666e-05	4.414e-11	-10.0	-2.5
313.5	1.5667e-05	4.6127e-11	-10.0	-2.5
314.0	1.5669e-05	5.0116e-11	-10.0	-2.5
314.5	1.567e-05	4.9943e-11	-10.0	-2.5
315.0	1.5673e-05	5.2192e-11	-10.0	-2.5
315.5	1.5675e-05	5.3652e-11	-10.0	-2.5
316.0	1.5676e-05	5.5038e-11	-10.0	-2.5
316.5	1.5675e-05	5.7187e-11	-10.0	-2.5
317.0	1.5676e-05	5.8844e-11	-10.0	-2.5
317.5	1.5677e-05	5.9568e-11	-10.0	-2.5
318.0	1.5677e-05	6.162e-11	-10.0	-2.5
318.5	1.5677e-05	6.3934e-11	-10.0	-2.5
319.0	1.568e-05	6.4014e-11	-10.0	-2.5
319.5	1.5679e-05	6.3618e-11	-10.0	-2.5
320.0	1.5675e-05	6.408e-11	-10.0	-2.5
320.5	1.5678e-05	6.6797e-11	-10.0	-2.5
321.0	1.5681e-05	6.8289e-11	-10.0	-2.5
321.5	1.5682e-05	6.863e-11	-10.0	-2.5
322.0	1.5682e-05	6.8586e-11	-10.0	-2.5
322.5	1.5686e-05	6.9962e-11	-10.0	-2.5
323.0	1.5682e-05	6.9953e-11	-10.0	-2.5
323.5	1.5683e-05	7.0339e-11	-10.0	-2.5
324.0	1.5683e-05	7.0894e-11	-10.0	-2.5
324.5	1.5684e-05	7.2125e-11	-10.0	-2.5
325.0	1.5685e-05	7.3371e-11	-10.0	-2.5
325.5	1.5686e-05	7.3843e-11	-10.0	-2.5
326.0	1.5688e-05	7.4158e-11	-10.0	-2.5
326.5	1.569e-05	7.4488e-11	-10.0	-2.5
327.0	1.569e-05	7.4558e-11	-10.0	-2.5
327.5	1.5691e-05	7.4816e-11	-10.0	-2.5
328.0	1.5693e-05	7.7804e-11	-10.0	-2.5
328.5	1.5694e-05	7.7465e-11	-10.0	-2.5
329.0	1.5693e-05	7.6767e-11	-10.0	-2.5
329.5	1.5699e-05	7.6941e-11	-10.0	-2.5
330.0	1.5698e-05	7.8876e-11	-10.0	-2.5
330.5	1.5696e-05	7.9137e-11	-10.0	-2.5
331.0	1.5697e-05	8.1227e-11	-10.0	-2.5
331.5	1.5698e-05	8.0742e-11	-10.0	-2.5
332.0	1.5699e-05	8.0284e-11	-10.0	-2.5
332.5	1.5702e-05	8.1983e-11	-10.0	-2.5
333.0	1.5702e-05	8.2787e-11	-10.0	-2.5
333.5	1.5703e-05	8.2253e-11	-10.0	-2.5
334.0	1.5704e-05	8.3078e-11	-10.0	-2.5
334.5	1.5704e-05	8.1792e-11	-10.0	-2.5
335.0	1.5705e-05	8.2962e-11	-10.0	-2.5
335.5	1.5706e-05	8.5766e-11	-10.0	-2.5
336.0	1.5706e-05	8.4684e-11	-10.0	-2.5
336.5	1.5706e-05	8.5697e-11	-10.0	-2.5
337.0	1.5705e-05	8.5303e-11	-10.0	-2.5
337.5	1.5705e-05	8.6378e-11	-10.0	-2.5
338.0	1.5707e-05	8.5864e-11	-10.0	-2.5
338.5	1.5714e-05	8.6191e-11	-10.0	-2.5
339.0	1.5715e-05	8.7245e-11	-10.0	-2.5
339.5	1.5717e-05	8.769e-11	-10.0	-2.5
340.0	1.5714e-05	8.7684e-11	-10.0	-2.5
340.5	1.5716e-05	8.842e-11	-10.0	-2.5
341.0	1.5717e-05	8.7838e-11	-10.0	-2.5
341.5	1.5718e-05	8.8139e-11	-10.0	-2.5
342.0	1.572e-05	8.9665e-11	-10.0	-2.5
342.5	1.5723e-05	8.8886e-11	-10.0	-2.5
343.0	1.572e-05	8.7061e-11	-10.0	-2.5
343.5	1.5724e-05	8.8341e-11	-10.0	-2.5
344.0	1.5726e-05	9.0352e-11	-10.0	-2.5
344.5	1.5728e-05	8.9746e-11	-10.0	-2.5
345.0	1.5728e-05	9.0122e-11	-10.0	-2.5
345.5	1.5729e-05	9.0545e-11	-10.0	-2.5
346.0	1.5729e-05	9.1301e-11	-10.0	-2.5
346.5	1.5729e-05	9.2568e-11	-10.0	-2.5
347.0	1.5729e-05	9.1934e-11	-10.0	-2.5
347.5	1.573e-05	9.0522e-11	-10.0	-2.5
348.0	1.5733e-05	9.3217e-11	-10.0	-2.5
348.5	1.5735e-05	9.3175e-11	-10.0	-2.5
349.0	1.5732e-05	9.338e-11	-10.0	-2.5
349.5	1.5736e-05	9.2421e-11	-10.0	-2.5
350.0	1.5738e-05	9.2757e-11	-10.0	-2.5
350.5	1.5736e-05	9.2767e-11	-10.0	-2.5
351.0	1.5739e-05	9.2807e-11	-10.0	-2.5
351.5	1.5742e-05	9.4104e-11	-10.0	-2.5
352.0	1.5745e-05	9.4466e-11	-10.0	-2.5
352.5	1.5747e-05	9.42e-11	-10.0	-2.5
353.0	1.5749e-05	9.3504e-11	-10.0	-2.5
353.5	1.5749e-05	9.1864e-11	-10.0	-2.5
354.0	1.5752e-05	9.2199e-11	-10.0	-2.5
354.5	1.575e-05	9.3408e-11	-10.0	-2.5
355.0	1.5751e-05	9.3708e-11	-10.0	-2.5
355.5	1.575e-05	9.1908e-11	-10.0	-2.5
356.0	1.5752e-05	9.2516e-11	-10.0	-2.5
356.5	1.5754e-05	9.4611e-11	-10.0	-2.5
357.0	1.5754e-05	9.36e-11	-10.0	-2.5
357.5	1.5757e-05	9.4683e-11	-10.0	-2.5
358.0	1.5757e-05	9.395e-11	-10.0	-2.5
358.5	1.576e-05	9.4377e-11	-10.0	-2.5
359.0	1.576e-05	9.4994e-11	-10.0	-2.5
359.5	1.576e-05	2.4525e-10	-10.0	-2.5
360.0	1.576e-05	2.6812e-10	-10.0	-2.5
360.5	1.576e-05	2.6272e-10	-10.0	-2.5
361.0	1.5765e-05	2.553e-10	-10.0	-2.5
361.5	1.5766e-05	2.4918e-10	-10.0	-2.5
362.0	1.577e-05	2.4322e-10	-10.0	-2.5
362.5	1.5771e-05	2.3753e-10	-10.0	-2.5
363.0	1.5773e-05	2.2989e-10	-10.0	-2.5
363.5	1.5776e-05	2.2575e-10	-10.0	-2.5
364.0	1.5775e-05	2.1969e-10	-10.0	-2.5
364.5	1.5772e-05	2.1488e-10	-10.0	-2.5
365.0	1.5771e-05	2.1116e-10	-10.0	-2.5
365.5	1.5772e-05	2.05e-10	-10.0	-2.5
366.0	1.5772e-05	2.0118e-10	-10.0	-2.5
366.5	1.5771e-05	1.9631e-10	-10.0	-2.5
367.0	1.5771e-05	1.929e-10	-10.0	-2.5
367.5	1.577e-05	1.8751e-10	-10.0	-2.5
368.0	1.577e-05	1.8766e-10	-10.0	-2.5
368.5	1.5769e-05	1.8046e-10	-10.0	-2.5
369.0	1.5768e-05	1.7903e-10	-10.0	-2.5
369.5	1.5767e-05	1.7484e-10	-10.0	-2.5
370.0	1.5771e-05	1.7061e-10	-10.0	-2.5
370.5	1.5769e-05	1.6983e-10	-10.0	-2.5
371.0	1.5771e-05	1.6566e-10	-10.0	-2.5
371.5	1.5771e-05	1.6202e-10	-10.0	-2.5
372.0	1.5771e-05	1.5813e-10	-10.0	-2.5
372.5	1.5771e-05	1.549e-10	-10.0	-2.5
373.0	1.5769e-05	1.5271e-10	-10.0	-2.5
373.5	1.5766e-05	1.5012e-10	-10.0	-2.5
374.0	1.5768e-05	1.4993e-10	-10.0	-2.5
374.5	1.5766e-05	1.4912e-10	-10.0	-2.5
375.0	1.5762e-05	1.4893e-10	-10.0	-2.5
375.5	1.5765e-05	1.4439e-10	-10.0	-2.5
376.0	1.5765e-05	1.4579e-10	-10.0	-2.5
376.5	1.5763e-05	1.4586e-10	-10.0	-2.5
377.0	1.5764e-05	1.4355e-10	-10.0	-2.5
377.5	1.5764e-05	1.3962e-10	-10.0	-2.5
378.0	1.5761e-05	1.3669e-10	-10.0	-2.5
378.5	1.5762e-05	1.3523e-10	-10.0	-2.5
379.0	1.5762e-05	1.3328e-10	-10.0	-2.5
379.5	1.5759e-05	1.3428e-10	-10.0	-2.5
380.0	1.5761e-05	1.2865e-10	-10.0	-2.5
380.5	1.5761e-05	1.2745e-10	-10.0	-2.5
381.0	1.5757e-05	1.2571e-10	-10.0	-2.5
381.5	1.5756e-05	1.2451e-10	-10.0	-2.5
382.0	1.5757e-05	1.2451e-10	-10.0	-2.5
382.5	1.5752e-05	1.2299e-10	-10.0	-2.5
383.0	1.5753e-05	1.2245e-10	-10.0	-2.5
383.5	1.5752e-05	1.2253e-10	-10.0	-2.5
384.0	1.5753e-05	1.2036e-10	-10.0	-2.5
384.5	1.5752e-05	1.1694e-10	-10.0	-2.5
385.0	1.5751e-05	1.1632e-10	-10.0	-2.5
385.5	1.5747e-05	1.1513e-10	-10.0	-2.5
386.0	1.5747e-05	1.1439e-10	-10.0	-2.5
386.5	1.5745e-05	1.1293e-10	-10.0	-2.5
387.0	1.5745e-05	1.1143e-10	-10.0	-2.5
387.5	1.5744e-05	1.0995e-10	-10.0	-2.5
388.0	1.5743e-05	1.0924e-10	-10.0	-2.5
388.5	1.5742e-05	1.0791e-10	-10.0	-2.5
389.0	1.5742e-05	1.0809e-10	-10.0	-2.5
389.5	1.5741e-05	1.0629e-10	-10.0	-2.5
390.0	1.5736e-05	1.0752e-10	-10.0	-2.5
390.5	1.5736e-05	1.0597e-10	-10.0	-2.5
391.0	1.5734e-05	1.0455e-10	-10.0	-2.5
391.5	1.5731e-05	1.0569e-10	-10.0	-2.5
392.0	1.573e-05	1.0653e-10	-10.0	-2.5
392.5	1.5732e-05	1.054e-10	-10.0	-2.5
393.0	1.5732e-05	1.0488e-10	-10.0	-2.5
393.5	1.5733e-05	1.0283e-10	-10.0	-2.5
394.0	1.5731e-05	1.017e-10	-10.0	-2.5
394.5	1.573e-05	1.0208e-10	-10.0	-2.5
395.0	1.5729e-05	1.0203e-10	-10.0	-2.5
395.5	1.573e-05	1.005e-10	-10.0	-2.5
396.0	1.5732e-05	9.9757e-11	-10.0	-2.5
396.5	1.5729e-05	1.0047e-10	-10.0	-2.5
397.0	1.5728e-05	9.9804e-11	-10.0	-2.5
397.5	1.5727e-05	1.0098e-10	-10.0	-2.5
398.0	1.5727e-05	1.0065e-10	-10.0	-2.5
398.5	1.5726e-05	1.0041e-10	-10.0	-2.5
399.0	1.5726e-05	1.0022e-10	-10.0	-2.5
399.5	1.5724e-05	9.9134e-11	-10.0	-2.5
400.0	1.5721e-05	9.8944e-11	-10.0	-2.5
400.5	1.572e-05	9.7958e-11	-10.0	-2.5
401.0	1.5722e-05	9.8538e-11	-10.0	-2.5
401.5	1.5723e-05	9.697e-11	-10.0	-2.5
402.0	1.5721e-05	9.5893e-11	-10.0	-2.5
402.5	1.572e-05	9.5556e-11	-10.0	-2.5
403.0	1.5719e-05	9.4862e-11	-10.0	-2.5
403.5	1.5715e-05	9.3551e-11	-10.0	-2.5
404.0	1.5715e-05	9.2367e-11	-10.0	-2.5
404.5	1.5715e-05	9.3511e-11	-10.0	-2.5
405.0	1.5712e-05	9.2854e-11	-10.0	-2.5
405.5	1.5711e-05	9.1007e-11	-10.0	-2.5
406.0	1.5709e-05	9.1627e-11	-10.0	-2.5
406.5	1.5713e-05	9.2853e-11	-10.0	-2.5
407.0	1.571e-05	9.1857e-11	-10.0	-2.5
407.5	1.571e-05	9.0236e-11	-10.0	-2.5
408.0	1.5712e-05	8.9797e-11	-10.0	-2.5
408.5	1.5709e-05	9.0663e-11	-10.0	-2.5
409.0	1.5709e-05	9.0566e-11	-10.0	-2.5
409.5	1.571e-05	9.1497e-11	-10.0	-2.5
410.0	1.5709e-05	9.0092e-11	-10.0	-2.5
410.5	1.5706e-05	8.9121e-11	-10.0	-2.5
411.0	1.5707e-05	8.8422e-11	-10.0	-2.5
411.5	1.5708e-05	8.8396e-11	-10.0	-2.5
412.0	1.5703e-05	8.8667e-11	-10.0	-2.5
412.5	1.5704e-05	8.929e-11	-10.0	-2.5
413.0	1.5701e-05	8.8818e-11	-10.0	-2.5
413.5	1.5701e-05	8.6436e-11	-10.0	-2.5
414.0	1.57e-05	8.7202e-11	-10.0	-2.5
414.5	1.5692e-05	8.536e-11	-10.0	-2.5
415.0	1.5699e-05	8.2549e-11	-10.0	-2.5
415.5	1.5699e-05	8.2699e-11	-10.0	-2.5
416.0	1.5696e-05	8.1732e-11	-10.0	-2.5
416.5	1.5696e-05	7.8785e-11	-10.0	-2.5
417.0	1.5698e-05	7.8249e-11	-10.0	-2.5
417.5	1.5698e-05	7.7821e-11	-10.0	-2.5
418.0	1.5698e-05	7.8696e-11	-10.0	-2.5
418.5	1.5698e-05	7.5808e-11	-10.0	-2.5
419.0	1.5696e-05	7.6789e-11	-10.0	-2.5
419.5	1.5692e-05	4.197e-11	-10.0	-2.5
420.0	1.5692e-05	8.7334e-11	-10.0	-2.5
420.5	1.5693e-05	8.4289e-11	-10.0	-2.5
421.0	1.5688e-05	8.0036e-11	-10.0	-2.5
421.5	1.5687e-05	7.3447e-11	-10.0	-2.5
422.0	1.5689e-05	6.8147e-11	-10.0	-2.5
422.5	1.5685e-05	6.0995e-11	-10.0	-2.5
423.0	1.5685e-05	5.5704e-11	-10.0	-2.5
423.5	1.5684e-05	4.9726e-11	-10.0	-2.5
424.0	1.5687e-05	4.6244e-11	-10.0	-2.5
424.5	1.5688e-05	3.972e-11	-10.0	-2.5
425.0	1.569e-05	3.4008e-11	-10.0	-2.5
425.5	1.5688e-05	3.0681e-11	-10.0	-2.5
426.0	1.5689e-05	2.6629e-11	-10.0	-2.5
426.5	1.5689e-05	2.1479e-11	-10.0	-2.5
427.0	1.5688e-05	1.8368e-11	-10.0	-2.5
427.5	1.5689e-05	1.3426e-11	-10.0	-2.5
428.0	1.5688e-05	1.2152e-11	-10.0	-2.5
428.5	1.569e-05	9.7883e-12	-10.0	-2.5
429.0	1.5691e-05	5.6946e-12	-10.0	-2.5
429.5	1.5691e-05	1.6546e-12	-10.0	-2.5
430.0	1.5692e-05	7.5221e-13	-10.0	-2.5
430.5	1.5692e-05	2.1505e-12	-10.0	-2.5
431.0	1.5692e-05	4.7433e-12	-10.0	-2.5
431.5	1.5692e-05	7.9465e-12	-10.0	-2.5
432.0	1.5693e-05	1.0805e-11	-10.0	-2.5
432.5	1.5689e-05	1.3143e-11	-10.0	-2.5
433.0	1.5691e-05	1.5273e-11	-10.0	-2.5
433.5	1.5693e-05	1.7852e-11	-10.0	-2.5
434.0	1.5697e-05	1.7557e-11	-10.0	-2.5
434.5	1.5697e-05	1.9553e-11	-10.0	-2.5
435.0	1.5695e-05	2.2302e-11	-10.0	-2.5
435.5	1.5697e-05	2.332e-11	-10.0	-2.5
436.0	1.5698e-05	2.512e-11	-10.0	-2.5
436.5	1.5695e-05	2.5793e-11	-10.0	-2.5
437.0	1.5698e-05	2.7145e-11	-10.0	-2.5
437.5	1.5698e-05	2.9464e-11	-10.0	-2.5
438.0	1.5698e-05	3.0909e-11	-10.0	-2.5
438.5	1.5699e-05	3.2321e-11	-10.0	-2.5
439.0	1.5704e-05	3.2729e-11	-10.0	-2.5
439.5	1.5704e-05	3.408e-11	-10.0	-2.5
440.0	1.5706e-05	3.5182e-11	-10.0	-2.5
440.5	1.5706e-05	3.6877e-11	-10.0	-2.5
441.0	1.5707e-05	3.7541e-11	-10.0	-2.5
441.5	1.5708e-05	3.9682e-11	-10.0	-2.5
442.0	1.5709e-05	3.9779e-11	-10.0	-2.5
442.5	1.5709e-05	4.0829e-11	-10.0	-2.5
443.0	1.5708e-05	4.208e-11	-10.0	-2.5
443.5	1.571e-05	4.4107e-11	-10.0	-2.5
444.0	1.5708e-05	4.3826e-11	-10.0	-2.5
444.5	1.5708e-05	4.5859e-11	-10.0	-2.5
445.0	1.571e-05	4.6958e-11	-10.0	-2.5
445.5	1.5711e-05	4.7847e-11	-10.0	-2.5
446.0	1.571e-05	4.8937e-11	-10.0	-2.5
446.5	1.5709e-05	4.9227e-11	-10.0	-2.5
447.0	1.5712e-05	5.0085e-11	-10.0	-2.5
447.5	1.5715e-05	5.1364e-11	-10.0	-2.5
448.0	1.5716e-05	5.1131e-11	-10.0	-2.5
448.5	1.5717e-05	5.052e-11	-10.0	-2.5
449.0	1.5717e-05	5.2072e-11	-10.0	-2.5
449.5	1.572e-05	5.3303e-11	-10.0	-2.5
450.0	1.5722e-05	5.5308e-11	-10.0	-2.5
450.5	1.5724e-05	5.548e-11	-10.0	-2.5
451.0	1.5721e-05	5.5137e-11	-10.0	-2.5
451.5	1.572e-05	5.4735e-11	-10.0	-2.5
452.0	1.5721e-05	5.5757e-11	-10.0	-2.5
452.5	1.5723e-05	5.6269e-11	-10.0	-2.5
453.0	1.5729e-05	5.6156e-11	-10.0	-2.5
453.5	1.5726e-05	5.5945e-11	-10.0	-2.5
454.0	1.5728e-05	5.5991e-11	-10.0	-2.5
454.5	1.5732e-05	5.5999e-11	-10.0	-2.5
455.0	1.5734e-05	5.6925e-11	-10.0	-2.5
455.5	1.5729e-05	5.6982e-11	-10.0	-2.5
456.0	1.5733e-05	5.6957e-11	-10.0	-2.5
456.5	1.5732e-05	5.7274e-11	-10.0	-2.5
457.0	1.5735e-05	5.8109e-11	-10.0	-2.5
457.5	1.5734e-05	5.7613e-11	-10.0	-2.5
458.0	1.5738e-05	5.7435e-11	-10.0	-2.5
458.5	1.5739e-05	5.6144e-11	-10.0	-2.5
459.0	1.574e-05	5.844e-11	-10.0	-2.5
459.5	1.5739e-05	5.7367e-11	-10.0	-2.5
460.0	1.5741e-05	5.8458e-11	-10.0	-2.5
460.5	1.5742e-05	5.9364e-11	-10.0	-2.5
461.0	1.5743e-05	5.998e-11	-10.0	-2.5
461.5	1.5743e-05	6.0711e-11	-10.0	-2.5
462.0	1.5743e-05	6.0912e-11	-10.0	-2.5
462.5	1.5743e-05	6.1686e-11	-10.0	-2.5
463.0	1.5745e-05	6.2808e-11	-10.0	-2.5
463.5	1.5745e-05	6.2553e-11	-10.0	-2.5
464.0	1.5749e-05	6.3168e-11	-10.0	-2.5
464.5	1.5748e-05	6.2069e-11	-10.0	-2.5
465.0	1.5751e-05	6.2689e-11	-10.0	-2.5
465.5	1.5753e-05	6.2665e-11	-10.0	-2.5
466.0	1.5753e-05	6.2884e-11	-10.0	-2.5
466.5	1.5754e-05	6.2407e-11	-10.0	-2.5
467.0	1.5759e-05	6.2262e-11	-10.0	-2.5
467.5	1.576e-05	6.4181e-11	-10.0	-2.5
468.0	1.5762e-05	6.2268e-11	-10.0	-2.5
468.5	1.5762e-05	6.2851e-11	-10.0	-2.5
469.0	1.5764e-05	6.4546e-11	-10.0	-2.5
469.5	1.5766e-05	6.3292e-11	-10.0	-2.5
470.0	1.5765e-05	6.4408e-11	-10.0	-2.5
470.5	1.5764e-05	6.4983e-11	-10.0	-2.5
471.0	1.5766e-05	6.4222e-11	-10.0	-2.5
471.5	1.5769e-05	6.4315e-11	-10.0	-2.5
472.0	1.5768e-05	6.3232e-11	-10.0	-2.5
472.5	1.5771e-05	6.5558e-11	-10.0	-2.5
473.0	1.5771e-05	6.4632e-11	-10.0	-2.5
473.5	1.5771e-05	6.478e-11	-10.0	-2.5
474.0	1.5774e-05	6.461e-11	-10.0	-2.5
474.5	1.5773e-05	6.3562e-11	-10.0	-2.5
475.0	1.5776e-05	6.4602e-11	-10.0	-2.5
475.5	1.5775e-05	6.6193e-11	-10.0	-2.5
476.0	1.5778e-05	6.5309e-11	-10.0	-2.5
476.5	1.578e-05	6.5932e-11	-10.0	-2.5
477.0	1.5778e-05	6.6968e-11	-10.0	-2.5
477.5	1.5778e-05	6.7784e-11	-10.0	-2.5
478.0	1.5782e-05	6.7709e-11	-10.0	-2.5
478.5	1.5784e-05	6.9068e-11	-10.0	-2.5
479.0	1.5785e-05	6.7265e-11	-10.0	-2.5
479.5	1.5783e-05	2.1562e-10	-10.0	-2.5
480.0	1.5784e-05	2.443e-10	-10.0	-2.5
480.5	1.5789e-05	2.3772e-10	-10.0	-2.5
481.0	1.579e-05	2.3083e-10	-10.0	-2.5
481.5	1.579e-05	2.2444e-10	-10.0	-2.5
482.0	1.5791e-05	2.1905e-10	-10.0	-2.5
482.5	1.579e-05	2.116e-10	-10.0	-2.5
483.0	1.5792e-05	2.0571e-10	-10.0	-2.5
483.5	1.5789e-05	1.9781e-10	-10.0	-2.5
484.0	1.5793e-05	1.9251e-10	-10.0	-2.5
484.5	1.5794e-05	1.8712e-10	-10.0	-2.5
485.0	1.579e-05	1.8138e-10	-10.0	-2.5
485.5	1.5793e-05	1.7608e-10	-10.0	-2.5
486.0	1.5792e-05	1.7229e-10	-10.0	-2.5
486.5	1.579e-05	1.6736e-10	-10.0	-2.5
487.0	1.5788e-05	1.6195e-10	-10.0	-2.5
487.5	1.579e-05	1.5906e-10	-10.0	-2.5
488.0	1.5788e-05	1.5396e-10	-10.0	-2.5
488.5	1.5787e-05	1.5111e-10	-10.0	-2.5
489.0	1.5789e-05	1.4826e-10	-10.0	-2.5
489.5	1.5788e-05	1.4561e-10	-10.0	-2.5
490.0	1.5791e-05	1.4204e-10	-10.0	-2.5
490.5	1.5788e-05	1.4023e-10	-10.0	-2.5
491.0	1.5786e-05	1.3772e-10	-10.0	-2.5
491.5	1.5789e-05	1.3524e-10	-10.0	-2.5
492.0	1.5787e-05	1.3137e-10	-10.0	-2.5
492.5	1.5784e-05	1.2919e-10	-10.0	-2.5
493.0	1.5788e-05	1.2674e-10	-10.0	-2.5
493.5	1.5782e-05	1.2606e-10	-10.0	-2.5
494.0	1.5784e-05	1.2478e-10	-10.0	-2.5
494.5	1.578e-05	1.217e-10	-10.0	-2.5
495.0	1.5778e-05	1.2047e-10	-10.0	-2.5
495.5	1.5774e-05	1.1855e-10	-10.0	-2.5
496.0	1.5775e-05	1.1547e-10	-10.0	-2.5
496.5	1.5781e-05	1.1534e-10	-10.0	-2.5
497.0	1.5781e-05	1.1432e-10	-10.0	-2.5
497.5	1.5781e-05	1.1383e-10	-10.0	-2.5
498.0	1.5783e-05	1.0987e-10	-10.0	-2.5
498.5	1.5778e-05	1.0798e-10	-10.0	-2.5
499.0	1.5778e-05	1.0837e-10	-10.0	-2.5
499.5	1.5782e-05	1.0908e-10	-10.0	-2.5
500.0	1.5778e-05	1.0635e-10	-10.0	-2.5
500.5	1.5775e-05	1.0721e-10	-10.0	-2.5
501.0	1.5775e-05	1.0403e-10	-10.0	-2.5
501.5	1.5777e-05	1.0113e-10	-10.0	-2.5
502.0	1.5774e-05	1.011e-10	-10.0	-2.5
502.5	1.5772e-05	9.869e-11	-10.0	-2.5
503.0	1.5771e-05	9.9755e-11	-10.0	-2.5
503.5	1.5769e-05	9.9374e-11	-10.0	-2.5
504.0	1.5766e-05	1.0013e-10	-10.0	-2.5
504.5	1.5766e-05	9.9087e-11	-10.0	-2.5
505.0	1.5767e-05	9.6133e-11	-10.0	-2.5
505.5	1.5764e-05	9.6303e-11	-10.0	-2.5
506.0	1.5762e-05	9.5572e-11	-10.0	-2.5
506.5	1.5764e-05	9.4084e-11	-10.0	-2.5
507.0	1.5763e-05	9.3697e-11	-10.0	-2.5
507.5	1.5764e-05	9.0969e-11	-10.0	-2.5
508.0	1.5763e-05	9.1336e-11	-10.0	-2.5
508.5	1.5764e-05	9.1683e-11	-10.0	-2.5
509.0	1.576e-05	8.9399e-11	-10.0	-2.5
509.5	1.5757e-05	8.8655e-11	-10.0	-2.5
510.0	1.5759e-05	8.9068e-11	-10.0	-2.5
510.5	1.5757e-05	8.7383e-11	-10.0	-2.5
511.0	1.5755e-05	8.7119e-11	-10.0	-2.5
511.5	1.5754e-05	8.6471e-11	-10.0	-2.5
512.0	1.5752e-05	8.6098e-11	-10.0	-2.5
512.5	1.5754e-05	8.4339e-11	-10.0	-2.5
513.0	1.5753e-05	8.4901e-11	-10.0	-2.5
513.5	1.575e-05	8.3871e-11	-10.0	-2.5
514.0	1.5749e-05	8.2365e-11	-10.0	-2.5
514.5	1.5747e-05	8.1445e-11	-10.0	-2.5
515.0	1.5748e-05	8.1044e-11	-10.0	-2.5
515.5	1.5745e-05	8.2619e-11	-10.0	-2.5
516.0	1.5746e-05	8.2315e-11	-10.0	-2.5
516.5	1.5746e-05	7.8957e-11	-10.0	-2.5
517.0	1.5746e-05	7.951e-11	-10.0	-2.5
517.5	1.5743e-05	7.9896e-11	-10.0	-2.5
518.0	1.5743e-05	8.2363e-11	-10.0	-2.5
518.5	1.5742e-05	7.9215e-11	-10.0	-2.5
519.0	1.5742e-05	7.9013e-11	-10.0	-2.5
519.5	1.5742e-05	7.887e-11	-10.0	-2.5
520.0	1.5739e-05	7.7932e-11	-10.0	-2.5
520.5	1.5741e-05	7.8403e-11	-10.0	-2.5
521.0	1.5738e-05	7.7109e-11	-10.0	-2.5
521.5	1.5737e-05	7.8027e-11	-10.0	-2.5
522.0	1.5734e-05	7.4999e-11	-10.0	-2.5
522.5	1.5731e-05	7.5051e-11	-10.0	-2.5
523.0	1.5724e-05	7.3327e-11	-10.0	-2.5
523.5	1.5721e-05	7.4106e-11	-10.0	-2.5
524.0	1.572e-05	7.1833e-11	-10.0	-2.5
524.5	1.5721e-05	7.0789e-11	-10.0	-2.5
525.0	1.572e-05	7.1969e-11	-10.0	-2.5
525.5	1.5717e-05	7.032e-11	-10.0	-2.5
526.0	1.5716e-05	7.1067e-11	-10.0	-2.5
526.5	1.5715e-05	7.171e-11	-10.0	-2.5
527.0	1.5715e-05	7.0986e-11	-10.0	-2.5
527.5	1.5719e-05	7.0653e-11	-10.0	-2.5
528.0	1.5721e-05	7.0643e-11	-10.0	-2.5
528.5	1.5721e-05	6.7813e-11	-10.0	-2.5
529.0	1.5721e-05	6.889e-11	-10.0	-2.5
529.5	1.572e-05	6.6745e-11	-10.0	-2.5
530.0	1.5719e-05	6.7686e-11	-10.0	-2.5
530.5	1.5718e-05	6.8566e-11	-10.0	-2.5
531.0	1.5716e-05	6.8737e-11	-10.0	-2.5
531.5	1.5714e-05	6.7145e-11	-10.0	-2.5
532.0	1.5715e-05	6.7704e-11	-10.0	-2.5
532.5	1.5706e-05	6.6736e-11	-10.0	-2.5
533.0	1.5707e-05	6.6869e-11	-10.0	-2.5
533.5	1.5709e-05	6.5594e-11	-10.0	-2.5
534.0	1.5716e-05	6.7083e-11	-10.0	-2.5
534.5	1.5715e-05	6.6453e-11	-10.0	-2.5
535.0	1.5714e-05	6.6558e-11	-10.0	-2.5
535.5	1.5714e-05	6.5904e-11	-10.0	-2.5
536.0	1.5713e-05	6.5396e-11	-10.0	-2.5
536.5	1.5712e-05	6.4896e-11	-10.0	-2.5
537.0	1.5711e-05	6.5399e-11	-10.0	-2.5
537.5	1.571e-05	6.3797e-11	-10.0	-2.5
538.0	1.5711e-05	6.4731e-11	-10.0	-2.5
538.5	1.5708e-05	6.4243e-11	-10.0	-2.5
539.0	1.5709e-05	6.3795e-11	-10.0	-2.5
539.5	1.5708e-05	4.9933e-11	-10.0	-2.5
540.0	1.5699e-05	1.0358e-10	-10.0	-2.5
540.5	1.5703e-05	1.0123e-10	-10.0	-2.5
541.0	1.5705e-05	9.5571e-11	-10.0	-2.5
541.5	1.5701e-05	8.9244e-11	-10.0	-2.5
542.0	1.5698e-05	8.4287e-11	-10.0	-2.5
542.5	1.5698e-05	7.7598e-11	-10.0	-2.5
543.0	1.5702e-05	7.3229e-11	-10.0	-2.5
543.5	1.57e-05	6.8868e-11	-10.0	-2.5
544.0	1.5698e-05	6.4144e-11	-10.0	-2.5
544.5	1.5699e-05	5.8258e-11	-10.0	-2.5
545.0	1.5701e-05	5.4581e-11	-10.0	-2.5
545.5	1.5699e-05	4.9015e-11	-10.0	-2.5
546.0	1.5703e-05	4.7777e-11	-10.0	-2.5
546.5	1.5705e-05	4.2806e-11	-10.0	-2.5
547.0	1.5703e-05	3.9448e-11	-10.0	-2.5
547.5	1.5706e-05	3.5987e-11	-10.0	-2.5
548.0	1.5703e-05	3.1632e-11	-10.0	-2.5
548.5	1.5706e-05	2.9504e-11	-10.0	-2.5
549.0	1.5705e-05	2.714e-11	-10.0	-2.5
549.5	1.5708e-05	2.3348e-11	-10.0	-2.5
550.0	1.5706e-05	2.1159e-11	-10.0	-2.5
550.5	1.5703e-05	1.8489e-11	-10.0	-2.5
551.0	1.5707e-05	1.5986e-11	-10.0	-2.5
551.5	1.5705e-05	1.3112e-11	-10.0	-2.5
552.0	1.5706e-05	1.3032e-11	-10.0	-2.5
552.5	1.5707e-05	9.7144e-12	-10.0	-2.5
553.0	1.5709e-05	7.0775e-12	-10.0	-2.5
553.5	1.571e-05	4.6635e-12	-10.0	-2.5
554.0	1.5709e-05	3.3736e-12	-10.0	-2.5
554.5	1.5711e-05	2.1923e-12	-10.0	-2.5
555.0	1.5713e-05	5.281e-13	-10.0	-2.5
555.5	1.5713e-05	1.2279e-12	-10.0	-2.5
556.0	1.5715e-05	2.4855e-12	-10.0	-2.5
556.5	1.5714e-05	2.8014e-12	-10.0	-2.5
557.0	1.5716e-05	5.8341e-12	-10.0	-2.5
557.5	1.5714e-05	7.3242e-12	-10.0	-2.5
558.0	1.5717e-05	6.9964e-12	-10.0	-2.5
558.5	1.5718e-05	9.7036e-12	-10.0	-2.5
559.0	1.5719e-05	9.5058e-12	-10.0	-2.5
559.5	1.5723e-05	9.5284e-12	-10.0	-2.5
560.0	1.5722e-05	1.0124e-11	-10.0	-2.5
560.5	1.5723e-05	1.3388e-11	-10.0	-2.5
561.0	1.572e-05	1.4647e-11	-10.0	-2.5
561.5	1.5722e-05	1.618e-11	-10.0	-2.5
562.0	1.5723e-05	1.5165e-11	-10.0	-2.5
562.5	1.5729e-05	1.8307e-11	-10.0	-2.5
563.0	1.5729e-05	1.924e-11	-10.0	-2.5
563.5	1.5731e-05	1.9263e-11	-10.0	-2.5
564.0	1.5732e-05	2.0646e-11	-10.0	-2.5
564.5	1.5733e-05	2.2007e-11	-10.0	-2.5
565.0	1.5732e-05	2.1878e-11	-10.0	-2.5
565.5	1.5734e-05	2.3453e-11	-10.0	-2.5
566.0	1.5736e-05	2.5399e-11	-10.0	-2.5
566.5	1.5738e-05	2.559e-11	-10.0	-2.5
567.0	1.5738e-05	2.4838e-11	-10.0	-2.5
567.5	1.5738e-05	2.7437e-11	-10.0	-2.5
568.0	1.5738e-05	2.694e-11	-10.0	-2.5
568.5	1.574e-05	2.7817e-11	-10.0	-2.5
569.0	1.5742e-05	2.8515e-11	-10.0	-2.5
569.5	1.5743e-05	2.8417e-11	-10.0	-2.5
570.0	1.5746e-05	3.1e-11	-10.0	-2.5
570.5	1.5748e-05	3.1272e-11	-10.0	-2.5
571.0	1.5748e-05	3.1687e-11	-10.0	-2.5
571.5	1.5748e-05	3.1762e-11	-10.0	-2.5
572.0	1.5746e-05	3.1697e-11	-10.0	-2.5
572.5	1.5748e-05	3.2156e-11	-10.0	-2.5
573.0	1.5749e-05	3.2173e-11	-10.0	-2.5
573.5	1.5753e-05	3.3405e-11	-10.0	-2.5
574.0	1.5754e-05	3.3396e-11	-10.0	-2.5
574.5	1.5755e-05	3.3335e-11	-10.0	-2.5
575.0	1.5755e-05	3.3062e-11	-10.0	-2.5
575.5	1.5757e-05	3.367e-11	-10.0	-2.5
576.0	1.5757e-05	3.5932e-11	-10.0	-2.5
576.5	1.5757e-05	3.4634e-11	-10.0	-2.5
577.0	1.5758e-05	3.6081e-11	-10.0	-2.5
577.5	1.5759e-05	3.6401e-11	-10.0	-2.5
578.0	1.5759e-05	3.6465e-11	-10.0	-2.5
578.5	1.5762e-05	3.7293e-11	-10.0	-2.5
579.0	1.5758e-05	3.8093e-11	-10.0	-2.5
579.5	1.5761e-05	3.8142e-11	-10.0	-2.5
580.0	1.5763e-05	3.9065e-11	-10.0	-2.5
580.5	1.5764e-05	3.9134e-11	-10.0	-2.5
581.0	1.5763e-05	3.8993e-11	-10.0	-2.5
581.5	1.5763e-05	3.9893e-11	-10.0	-2.5
582.0	1.5768e-05	4.0373e-11	-10.0	-2.5
582.5	1.5766e-05	4.0922e-11	-10.0	-2.5
583.0	1.5768e-05	4.1202e-11	-10.0	-2.5
583.5	1.5772e-05	4.047e-11	-10.0	-2.5
584.0	1.5772e-05	4.0866e-11	-10.0	-2.5
584.5	1.5774e-05	4.0094e-11	-10.0	-2.5
585.0	1.5775e-05	4.0079e-11	-10.0	-2.5
585.5	1.5778e-05	3.9546e-11	-10.0	-2.5
586.0	1.578e-05	4.1641e-11	-10.0	-2.5
586.5	1.5779e-05	4.0033e-11	-10.0	-2.5
587.0	1.5782e-05	4.2255e-11	-10.0	-2.5
587.5	1.5782e-05	4.0271e-11	-10.0	-2.5
588.0	1.5784e-05	4.0898e-11	-10.0	-2.5
588.5	1.5784e-05	3.9945e-11	-10.0	-2.5
589.0	1.578e-05	4.1241e-11	-10.0	-2.5
589.5	1.5781e-05	4.1372e-11	-10.0	-2.5
590.0	1.5779e-05	4.0592e-11	-10.0	-2.5
590.5	1.5778e-05	4.2541e-11	-10.0	-2.5
591.0	1.5779e-05	4.2774e-11	-10.0	-2.5
591.5	1.5785e-05	4.4054e-11	-10.0	-2.5
592.0	1.5785e-05	4.2175e-11	-10.0	-2.5
592.5	1.579e-05	4.3876e-11	-10.0	-2.5
593.0	1.5792e-05	4.3036e-11	-10.0	-2.5
593.5	1.5787e-05	4.3423e-11	-10.0	-2.5
594.0	1.5784e-05	4.3215e-11	-10.0	-2.5
594.5	1.5785e-05	4.3242e-11	-10.0	-2.5
595.0	1.5785e-05	4.2467e-11	-10.0	-2.5
595.5	1.5793e-05	4.3582e-11	-10.0	-2.5
596.0	1.5798e-05	4.3178e-11	-10.0	-2.5
596.5	1.5796e-05	4.3484e-11	-10.0	-2.5
597.0	1.5796e-05	4.3333e-11	-10.0	-2.5
597.5	1.5798e-05	4.3542e-11	-10.0	-2.5
598.0	1.58e-05	4.3669e-11	-10.0	-2.5
598.5	1.5803e-05	4.2942e-11	-10.0	-2.5
599.0	1.5805e-05	4.3631e-11	-10.0	-2.5
599.5	1.5806e-05	4.33e-11	-10.0	-2.5
600.0	1.5807e-05	4.5704e-11	-10.0	-2.5
600.5	1.5804e-05	4.4385e-11	-10.0	-2.5
601.0	1.5807e-05	4.4956e-11	-10.0	-2.5
601.5	1.581e-05	4.4229e-11	-10.0	-2.5
602.0	1.5807e-05	4.4734e-11	-10.0	-2.5
602.5	1.5809e-05	4.5509e-11	-10.0	-2.5
603.0	1.5807e-05	4.6471e-11	-10.0	-2.5
603.5	1.5811e-05	4.6198e-11	-10.0	-2.5
604.0	1.5812e-05	4.7165e-11	-10.0	-2.5
604.5	1.5813e-05	4.6387e-11	-10.0	-2.5
605.0	1.5818e-05	4.5584e-11	-10.0	-2.5
605.5	1.5816e-05	4.5999e-11	-10.0	-2.5
606.0	1.5819e-05	4.8265e-11	-10.0	-2.5
606.5	1.5819e-05	4.6306e-11	-10.0	-2.5
607.0	1.5822e-05	4.7168e-11	-10.0	-2.5
607.5	1.5823e-05	4.7363e-11	-10.0	-2.5
608.0	1.5822e-05	4.697e-11	-10.0	-2.5
608.5	1.5827e-05	4.5639e-11	-10.0	-2.5
609.0	1.5825e-05	4.7286e-11	-10.0	-2.5
