Time (s)	|IDrain (A)|	|IGate (A)	Vdrain(V)	Vgate(V)
0.0	1.5496e-05	1.1375e-08	-10.0	-2.5
1.0	1.5479e-05	6.1738e-09	-10.0	-2.5
1.5	1.5472e-05	4.9959e-09	-10.0	-2.5
2.0	1.5466e-05	4.0522e-09	-10.0	-2.5
2.5	1.5459e-05	3.2882e-09	-10.0	-2.5
3.0	1.5457e-05	2.66e-09	-10.0	-2.5
3.5	1.5454e-05	2.1555e-09	-10.0	-2.5
4.0	1.5454e-05	1.7602e-09	-10.0	-2.5
4.5	1.5452e-05	1.4588e-09	-10.0	-2.5
5.0	1.5446e-05	1.2293e-09	-10.0	-2.5
5.5	1.5448e-05	1.0523e-09	-10.0	-2.5
6.0	1.5446e-05	9.1736e-10	-10.0	-2.5
6.5	1.5446e-05	8.0648e-10	-10.0	-2.5
7.0	1.5446e-05	7.1822e-10	-10.0	-2.5
7.5	1.5446e-05	6.47e-10	-10.0	-2.5
8.0	1.5445e-05	5.8646e-10	-10.0	-2.5
8.5	1.5445e-05	5.3666e-10	-10.0	-2.5
9.0	1.5445e-05	4.9529e-10	-10.0	-2.5
9.5	1.5444e-05	4.5846e-10	-10.0	-2.5
10.0	1.544e-05	4.2842e-10	-10.0	-2.5
10.5	1.544e-05	3.9945e-10	-10.0	-2.5
11.0	1.5442e-05	3.7829e-10	-10.0	-2.5
11.5	1.544e-05	3.5706e-10	-10.0	-2.5
12.0	1.5442e-05	3.4035e-10	-10.0	-2.5
12.5	1.5441e-05	3.2335e-10	-10.0	-2.5
13.0	1.5441e-05	3.0808e-10	-10.0	-2.5
13.5	1.544e-05	2.9263e-10	-10.0	-2.5
14.0	1.544e-05	2.8112e-10	-10.0	-2.5
14.5	1.544e-05	2.6949e-10	-10.0	-2.5
15.0	1.5441e-05	2.5951e-10	-10.0	-2.5
15.501	1.5444e-05	2.5002e-10	-10.0	-2.5
16.0	1.5443e-05	2.4133e-10	-10.0	-2.5
16.5	1.5442e-05	2.3159e-10	-10.0	-2.5
17.0	1.5441e-05	2.2344e-10	-10.0	-2.5
17.5	1.5441e-05	2.1695e-10	-10.0	-2.5
18.0	1.5441e-05	2.0903e-10	-10.0	-2.5
18.5	1.5443e-05	2.052e-10	-10.0	-2.5
19.0	1.5446e-05	1.9645e-10	-10.0	-2.5
19.5	1.5446e-05	1.9067e-10	-10.0	-2.5
20.0	1.5445e-05	1.8424e-10	-10.0	-2.5
20.5	1.5443e-05	1.7952e-10	-10.0	-2.5
21.0	1.5446e-05	1.7271e-10	-10.0	-2.5
21.5	1.5446e-05	1.7012e-10	-10.0	-2.5
22.0	1.5446e-05	1.6572e-10	-10.0	-2.5
22.5	1.5443e-05	1.5998e-10	-10.0	-2.5
23.0	1.5442e-05	1.565e-10	-10.0	-2.5
23.5	1.5444e-05	1.5257e-10	-10.0	-2.5
24.0	1.5441e-05	1.4862e-10	-10.0	-2.5
24.5	1.5445e-05	1.446e-10	-10.0	-2.5
25.0	1.5444e-05	1.4e-10	-10.0	-2.5
25.5	1.5447e-05	1.392e-10	-10.0	-2.5
26.0	1.5447e-05	1.3423e-10	-10.0	-2.5
26.5	1.5448e-05	1.3258e-10	-10.0	-2.5
27.0	1.5451e-05	1.2902e-10	-10.0	-2.5
27.5	1.5451e-05	1.2527e-10	-10.0	-2.5
28.0	1.5449e-05	1.2414e-10	-10.0	-2.5
28.5	1.5452e-05	1.2035e-10	-10.0	-2.5
29.0	1.5453e-05	1.1722e-10	-10.0	-2.5
29.5	1.5453e-05	1.1447e-10	-10.0	-2.5
30.0	1.5452e-05	1.1266e-10	-10.0	-2.5
30.5	1.5453e-05	1.0981e-10	-10.0	-2.5
31.0	1.5452e-05	1.0807e-10	-10.0	-2.5
31.5	1.545e-05	1.0758e-10	-10.0	-2.5
32.0	1.5449e-05	1.0498e-10	-10.0	-2.5
32.5	1.5451e-05	1.0374e-10	-10.0	-2.5
33.0	1.5452e-05	1.0297e-10	-10.0	-2.5
33.5	1.5452e-05	9.9785e-11	-10.0	-2.5
34.0	1.5451e-05	1.0035e-10	-10.0	-2.5
34.5	1.545e-05	9.8035e-11	-10.0	-2.5
35.0	1.5448e-05	9.5566e-11	-10.0	-2.5
35.5	1.545e-05	9.4627e-11	-10.0	-2.5
36.0	1.545e-05	9.258e-11	-10.0	-2.5
36.5	1.5451e-05	9.1413e-11	-10.0	-2.5
37.0	1.5452e-05	8.9134e-11	-10.0	-2.5
37.5	1.5454e-05	8.7582e-11	-10.0	-2.5
38.0	1.5454e-05	8.6554e-11	-10.0	-2.5
38.5	1.5458e-05	8.4693e-11	-10.0	-2.5
39.0	1.5458e-05	8.54e-11	-10.0	-2.5
39.5	1.5457e-05	8.5099e-11	-10.0	-2.5
40.0	1.5457e-05	8.3051e-11	-10.0	-2.5
40.5	1.546e-05	8.185e-11	-10.0	-2.5
41.0	1.5458e-05	8.153e-11	-10.0	-2.5
41.5	1.5462e-05	8.0125e-11	-10.0	-2.5
42.0	1.5462e-05	8.0773e-11	-10.0	-2.5
42.5	1.5462e-05	7.9987e-11	-10.0	-2.5
43.0	1.5462e-05	8.013e-11	-10.0	-2.5
43.5	1.5464e-05	7.8495e-11	-10.0	-2.5
44.0	1.5468e-05	8.0663e-11	-10.0	-2.5
44.5	1.5469e-05	8.0107e-11	-10.0	-2.5
45.0	1.5466e-05	7.6988e-11	-10.0	-2.5
45.5	1.5467e-05	7.7333e-11	-10.0	-2.5
46.0	1.5468e-05	7.6459e-11	-10.0	-2.5
46.5	1.5467e-05	7.5373e-11	-10.0	-2.5
47.0	1.5469e-05	7.8119e-11	-10.0	-2.5
47.5	1.5467e-05	7.6108e-11	-10.0	-2.5
48.0	1.5467e-05	7.601e-11	-10.0	-2.5
48.5	1.547e-05	7.6792e-11	-10.0	-2.5
49.0	1.547e-05	7.4936e-11	-10.0	-2.5
49.5	1.5472e-05	7.6459e-11	-10.0	-2.5
50.0	1.547e-05	7.5644e-11	-10.0	-2.5
50.5	1.5469e-05	7.5953e-11	-10.0	-2.5
51.0	1.5471e-05	7.3142e-11	-10.0	-2.5
51.5	1.5468e-05	7.3415e-11	-10.0	-2.5
52.0	1.547e-05	7.3762e-11	-10.0	-2.5
52.5	1.5474e-05	7.4187e-11	-10.0	-2.5
53.0	1.5473e-05	7.3607e-11	-10.0	-2.5
53.5	1.5472e-05	7.4073e-11	-10.0	-2.5
54.0	1.5473e-05	7.189e-11	-10.0	-2.5
54.5	1.5476e-05	7.4077e-11	-10.0	-2.5
55.0	1.5476e-05	7.3133e-11	-10.0	-2.5
55.5	1.5475e-05	7.3497e-11	-10.0	-2.5
56.0	1.5476e-05	7.2532e-11	-10.0	-2.5
56.5	1.5476e-05	7.2722e-11	-10.0	-2.5
57.0	1.5476e-05	7.2259e-11	-10.0	-2.5
57.5	1.5476e-05	7.3801e-11	-10.0	-2.5
58.0	1.5478e-05	7.3326e-11	-10.0	-2.5
58.5	1.5477e-05	7.3912e-11	-10.0	-2.5
59.0	1.5478e-05	7.2007e-11	-10.0	-2.5
59.5	1.5478e-05	7.2826e-11	-10.0	-2.5
60.0	1.5478e-05	7.3271e-11	-10.0	-2.5
60.5	1.5478e-05	7.323e-11	-10.0	-2.5
61.0	1.5479e-05	7.2718e-11	-10.0	-2.5
61.5	1.548e-05	7.3454e-11	-10.0	-2.5
62.0	1.5481e-05	7.3531e-11	-10.0	-2.5
62.5	1.5482e-05	7.3562e-11	-10.0	-2.5
63.0	1.5484e-05	7.3333e-11	-10.0	-2.5
63.5	1.5483e-05	7.2999e-11	-10.0	-2.5
64.0	1.5484e-05	7.2506e-11	-10.0	-2.5
64.5	1.5485e-05	7.1982e-11	-10.0	-2.5
65.0	1.5486e-05	7.18e-11	-10.0	-2.5
65.5	1.5485e-05	7.1903e-11	-10.0	-2.5
66.0	1.5488e-05	7.0825e-11	-10.0	-2.5
66.5	1.5486e-05	7.1369e-11	-10.0	-2.5
67.0	1.5488e-05	7.122e-11	-10.0	-2.5
67.5	1.5487e-05	6.9375e-11	-10.0	-2.5
68.0	1.549e-05	7.2063e-11	-10.0	-2.5
68.5	1.5489e-05	7.1411e-11	-10.0	-2.5
69.0	1.549e-05	7.052e-11	-10.0	-2.5
69.5	1.5492e-05	7.2788e-11	-10.0	-2.5
70.0	1.5491e-05	7.1884e-11	-10.0	-2.5
70.5	1.549e-05	7.0499e-11	-10.0	-2.5
71.0	1.5493e-05	7.181e-11	-10.0	-2.5
71.5	1.5494e-05	7.1895e-11	-10.0	-2.5
72.0	1.5495e-05	7.2117e-11	-10.0	-2.5
72.5	1.5494e-05	7.0603e-11	-10.0	-2.5
73.0	1.5495e-05	7.0941e-11	-10.0	-2.5
73.5	1.5496e-05	7.0512e-11	-10.0	-2.5
74.0	1.5495e-05	7.0614e-11	-10.0	-2.5
74.5	1.5496e-05	7.2042e-11	-10.0	-2.5
75.0	1.5496e-05	7.1894e-11	-10.0	-2.5
75.5	1.5495e-05	7.2101e-11	-10.0	-2.5
76.0	1.5498e-05	7.3669e-11	-10.0	-2.5
76.5	1.5497e-05	7.2793e-11	-10.0	-2.5
77.0	1.5497e-05	7.3379e-11	-10.0	-2.5
77.5	1.5495e-05	7.2287e-11	-10.0	-2.5
78.0	1.5496e-05	7.2318e-11	-10.0	-2.5
78.5	1.5499e-05	7.2426e-11	-10.0	-2.5
79.0	1.5498e-05	7.1307e-11	-10.0	-2.5
79.5	1.5499e-05	7.2038e-11	-10.0	-2.5
80.0	1.55e-05	7.1768e-11	-10.0	-2.5
80.5	1.5501e-05	7.0587e-11	-10.0	-2.5
81.0	1.5499e-05	7.3087e-11	-10.0	-2.5
81.5	1.55e-05	7.1694e-11	-10.0	-2.5
82.0	1.5501e-05	7.1531e-11	-10.0	-2.5
82.5	1.5499e-05	7.1483e-11	-10.0	-2.5
83.0	1.55e-05	7.2758e-11	-10.0	-2.5
83.5	1.5502e-05	7.3543e-11	-10.0	-2.5
84.0	1.5504e-05	7.2037e-11	-10.0	-2.5
84.5	1.5506e-05	7.215e-11	-10.0	-2.5
85.0	1.5502e-05	7.194e-11	-10.0	-2.5
85.5	1.5506e-05	7.2937e-11	-10.0	-2.5
86.0	1.5505e-05	7.254e-11	-10.0	-2.5
86.5	1.5506e-05	7.2136e-11	-10.0	-2.5
87.0	1.5507e-05	7.3329e-11	-10.0	-2.5
87.5	1.5504e-05	7.2935e-11	-10.0	-2.5
88.0	1.5507e-05	7.3023e-11	-10.0	-2.5
88.5	1.5509e-05	7.2519e-11	-10.0	-2.5
89.0	1.5509e-05	7.2017e-11	-10.0	-2.5
89.5	1.5507e-05	7.241e-11	-10.0	-2.5
90.0	1.5509e-05	7.2826e-11	-10.0	-2.5
90.5	1.5511e-05	7.2504e-11	-10.0	-2.5
91.0	1.5509e-05	7.3042e-11	-10.0	-2.5
91.5	1.5512e-05	7.2684e-11	-10.0	-2.5
92.0	1.5511e-05	7.1938e-11	-10.0	-2.5
92.5	1.5513e-05	7.374e-11	-10.0	-2.5
93.0	1.5511e-05	7.3396e-11	-10.0	-2.5
93.5	1.551e-05	7.2614e-11	-10.0	-2.5
94.0	1.5512e-05	7.3664e-11	-10.0	-2.5
94.5	1.5512e-05	7.4254e-11	-10.0	-2.5
95.0	1.5513e-05	7.4675e-11	-10.0	-2.5
95.5	1.5513e-05	7.4e-11	-10.0	-2.5
96.0	1.5516e-05	7.5294e-11	-10.0	-2.5
96.5	1.5516e-05	7.4668e-11	-10.0	-2.5
97.0	1.5514e-05	7.5647e-11	-10.0	-2.5
97.5	1.5517e-05	7.4418e-11	-10.0	-2.5
98.0	1.5518e-05	7.5096e-11	-10.0	-2.5
98.5	1.5519e-05	7.45e-11	-10.0	-2.5
99.0	1.5516e-05	7.5448e-11	-10.0	-2.5
99.5	1.5519e-05	7.5309e-11	-10.0	-2.5
100.0	1.5518e-05	7.5722e-11	-10.0	-2.5
100.5	1.5519e-05	7.6783e-11	-10.0	-2.5
101.0	1.5517e-05	7.529e-11	-10.0	-2.5
101.5	1.5516e-05	7.4625e-11	-10.0	-2.5
102.0	1.5516e-05	7.6449e-11	-10.0	-2.5
102.5	1.5516e-05	7.664e-11	-10.0	-2.5
103.0	1.5517e-05	7.7089e-11	-10.0	-2.5
103.5	1.5516e-05	7.6178e-11	-10.0	-2.5
104.0	1.5516e-05	7.5427e-11	-10.0	-2.5
104.5	1.5519e-05	7.5879e-11	-10.0	-2.5
105.0	1.5521e-05	7.5344e-11	-10.0	-2.5
105.5	1.5519e-05	7.5061e-11	-10.0	-2.5
106.0	1.5519e-05	7.5784e-11	-10.0	-2.5
106.5	1.5522e-05	7.4847e-11	-10.0	-2.5
107.0	1.5523e-05	7.5409e-11	-10.0	-2.5
107.5	1.5523e-05	7.4336e-11	-10.0	-2.5
108.0	1.5522e-05	7.5223e-11	-10.0	-2.5
108.5	1.5524e-05	7.4712e-11	-10.0	-2.5
109.0	1.5525e-05	7.5287e-11	-10.0	-2.5
109.5	1.5524e-05	7.57e-11	-10.0	-2.5
110.0	1.5524e-05	7.5425e-11	-10.0	-2.5
110.5	1.5525e-05	7.4105e-11	-10.0	-2.5
111.0	1.5525e-05	7.4438e-11	-10.0	-2.5
111.5	1.5523e-05	7.4173e-11	-10.0	-2.5
112.0	1.5527e-05	7.5507e-11	-10.0	-2.5
112.5	1.5527e-05	7.4773e-11	-10.0	-2.5
113.0	1.5529e-05	7.2496e-11	-10.0	-2.5
113.5	1.553e-05	7.4157e-11	-10.0	-2.5
114.0	1.5531e-05	7.55e-11	-10.0	-2.5
114.5	1.5531e-05	7.486e-11	-10.0	-2.5
115.0	1.553e-05	7.4698e-11	-10.0	-2.5
115.5	1.5531e-05	7.3558e-11	-10.0	-2.5
116.0	1.5535e-05	7.4547e-11	-10.0	-2.5
116.5	1.5534e-05	7.4898e-11	-10.0	-2.5
117.0	1.5531e-05	7.5582e-11	-10.0	-2.5
117.5	1.5535e-05	7.5501e-11	-10.0	-2.5
118.0	1.5535e-05	7.4142e-11	-10.0	-2.5
118.5	1.5532e-05	7.4574e-11	-10.0	-2.5
119.0	1.5534e-05	7.5307e-11	-10.0	-2.5
119.5	1.5536e-05	7.467e-11	-10.0	-2.5
120.0	1.5537e-05	7.4496e-11	-10.0	-2.5
120.5	1.5537e-05	7.4437e-11	-10.0	-2.5
121.0	1.5534e-05	7.4724e-11	-10.0	-2.5
121.5	1.5535e-05	2.6226e-12	-10.0	-2.5
122.0	1.5534e-05	4.7445e-13	-10.0	-2.5
122.5	1.5535e-05	1.4329e-12	-10.0	-2.5
123.0	1.5539e-05	6.5565e-12	-10.0	-2.5
123.5	1.5537e-05	8.3458e-12	-10.0	-2.5
124.0	1.5537e-05	6.5017e-12	-10.0	-2.5
124.5	1.5538e-05	1.7916e-11	-10.0	-2.5
125.0	1.5535e-05	1.2766e-11	-10.0	-2.5
125.5	1.5536e-05	1.8243e-11	-10.0	-2.5
126.0	1.5539e-05	1.9095e-11	-10.0	-2.5
126.5	1.5539e-05	2.2316e-11	-10.0	-2.5
127.0	1.5541e-05	2.3357e-11	-10.0	-2.5
127.5	1.5541e-05	2.5388e-11	-10.0	-2.5
128.0	1.5543e-05	2.7326e-11	-10.0	-2.5
128.5	1.5542e-05	3.0537e-11	-10.0	-2.5
129.0	1.5544e-05	3.1395e-11	-10.0	-2.5
129.5	1.5545e-05	3.4255e-11	-10.0	-2.5
130.0	1.5546e-05	3.499e-11	-10.0	-2.5
130.5	1.5542e-05	3.5096e-11	-10.0	-2.5
131.0	1.5545e-05	3.5625e-11	-10.0	-2.5
131.5	1.5547e-05	3.7086e-11	-10.0	-2.5
132.0	1.5545e-05	4.0003e-11	-10.0	-2.5
132.5	1.5545e-05	3.9378e-11	-10.0	-2.5
133.0	1.5544e-05	4.0352e-11	-10.0	-2.5
133.5	1.5547e-05	4.1161e-11	-10.0	-2.5
134.0	1.5543e-05	4.2127e-11	-10.0	-2.5
134.5	1.5544e-05	4.3789e-11	-10.0	-2.5
135.0	1.5546e-05	4.4385e-11	-10.0	-2.5
135.5	1.5545e-05	4.4986e-11	-10.0	-2.5
136.0	1.5546e-05	4.5843e-11	-10.0	-2.5
136.5	1.5546e-05	4.8451e-11	-10.0	-2.5
137.0	1.5542e-05	4.747e-11	-10.0	-2.5
137.5	1.5544e-05	4.9694e-11	-10.0	-2.5
138.0	1.5543e-05	5.0817e-11	-10.0	-2.5
138.5	1.5547e-05	4.9875e-11	-10.0	-2.5
139.0	1.5547e-05	5.0968e-11	-10.0	-2.5
139.5	1.5548e-05	5.2955e-11	-10.0	-2.5
140.0	1.5549e-05	5.3281e-11	-10.0	-2.5
140.5	1.5548e-05	5.3545e-11	-10.0	-2.5
141.0	1.5547e-05	5.5652e-11	-10.0	-2.5
141.5	1.5548e-05	5.5958e-11	-10.0	-2.5
142.0	1.5546e-05	5.5867e-11	-10.0	-2.5
142.5	1.5547e-05	5.4938e-11	-10.0	-2.5
143.0	1.555e-05	5.5914e-11	-10.0	-2.5
143.5	1.555e-05	5.6005e-11	-10.0	-2.5
144.0	1.5552e-05	5.6008e-11	-10.0	-2.5
144.5	1.5551e-05	5.6834e-11	-10.0	-2.5
145.0	1.5553e-05	5.6521e-11	-10.0	-2.5
145.5	1.5555e-05	5.7672e-11	-10.0	-2.5
146.0	1.5559e-05	5.6393e-11	-10.0	-2.5
146.5	1.5557e-05	5.9154e-11	-10.0	-2.5
147.0	1.5556e-05	5.8931e-11	-10.0	-2.5
147.5	1.5555e-05	5.9175e-11	-10.0	-2.5
148.0	1.5558e-05	5.9671e-11	-10.0	-2.5
148.5	1.5557e-05	5.8947e-11	-10.0	-2.5
149.0	1.5556e-05	5.7721e-11	-10.0	-2.5
149.5	1.5558e-05	5.8509e-11	-10.0	-2.5
150.0	1.5557e-05	5.9378e-11	-10.0	-2.5
150.5	1.5559e-05	5.9524e-11	-10.0	-2.5
151.0	1.5564e-05	5.9401e-11	-10.0	-2.5
151.5	1.5562e-05	5.919e-11	-10.0	-2.5
152.01	1.5565e-05	5.9332e-11	-10.0	-2.5
152.5	1.5563e-05	5.948e-11	-10.0	-2.5
153.0	1.5563e-05	6.1148e-11	-10.0	-2.5
153.5	1.5565e-05	5.9885e-11	-10.0	-2.5
154.0	1.5567e-05	6.0115e-11	-10.0	-2.5
154.5	1.5568e-05	5.9639e-11	-10.0	-2.5
155.0	1.5566e-05	6.0252e-11	-10.0	-2.5
155.5	1.5565e-05	6.0047e-11	-10.0	-2.5
156.0	1.5568e-05	6.2463e-11	-10.0	-2.5
156.5	1.5567e-05	6.3072e-11	-10.0	-2.5
157.0	1.5568e-05	6.3981e-11	-10.0	-2.5
157.5	1.5569e-05	6.4455e-11	-10.0	-2.5
158.0	1.5569e-05	6.3342e-11	-10.0	-2.5
158.5	1.557e-05	6.5407e-11	-10.0	-2.5
159.0	1.5569e-05	6.4287e-11	-10.0	-2.5
159.5	1.5572e-05	6.4038e-11	-10.0	-2.5
160.0	1.5574e-05	6.4585e-11	-10.0	-2.5
160.5	1.5575e-05	6.4354e-11	-10.0	-2.5
161.0	1.5575e-05	6.4659e-11	-10.0	-2.5
161.5	1.5578e-05	6.5651e-11	-10.0	-2.5
162.0	1.5577e-05	6.5595e-11	-10.0	-2.5
162.5	1.5578e-05	6.5733e-11	-10.0	-2.5
163.0	1.558e-05	6.5852e-11	-10.0	-2.5
163.5	1.558e-05	6.6071e-11	-10.0	-2.5
164.0	1.5581e-05	6.658e-11	-10.0	-2.5
164.5	1.5581e-05	6.613e-11	-10.0	-2.5
165.0	1.5582e-05	6.6063e-11	-10.0	-2.5
165.5	1.5581e-05	6.6825e-11	-10.0	-2.5
166.0	1.558e-05	6.7501e-11	-10.0	-2.5
166.5	1.5579e-05	6.6582e-11	-10.0	-2.5
167.0	1.5583e-05	6.6699e-11	-10.0	-2.5
167.5	1.5582e-05	6.6028e-11	-10.0	-2.5
168.0	1.5582e-05	6.5138e-11	-10.0	-2.5
168.5	1.5581e-05	6.7162e-11	-10.0	-2.5
169.0	1.5581e-05	6.6465e-11	-10.0	-2.5
169.5	1.5581e-05	6.6698e-11	-10.0	-2.5
170.0	1.5586e-05	6.6277e-11	-10.0	-2.5
170.5	1.5586e-05	6.6998e-11	-10.0	-2.5
171.0	1.5587e-05	6.7565e-11	-10.0	-2.5
171.5	1.5586e-05	6.6603e-11	-10.0	-2.5
172.0	1.5585e-05	6.7372e-11	-10.0	-2.5
172.5	1.5585e-05	6.6714e-11	-10.0	-2.5
173.0	1.5585e-05	6.7741e-11	-10.0	-2.5
173.5	1.5584e-05	6.7319e-11	-10.0	-2.5
174.0	1.5579e-05	6.8407e-11	-10.0	-2.5
174.5	1.558e-05	6.667e-11	-10.0	-2.5
175.0	1.558e-05	6.87e-11	-10.0	-2.5
175.5	1.5579e-05	6.8861e-11	-10.0	-2.5
176.0	1.5585e-05	6.708e-11	-10.0	-2.5
176.5	1.5585e-05	6.7275e-11	-10.0	-2.5
177.0	1.5587e-05	6.9818e-11	-10.0	-2.5
177.5	1.5588e-05	6.7407e-11	-10.0	-2.5
178.0	1.559e-05	6.6767e-11	-10.0	-2.5
178.5	1.559e-05	6.8331e-11	-10.0	-2.5
179.0	1.5591e-05	6.7041e-11	-10.0	-2.5
179.5	1.5589e-05	6.7856e-11	-10.0	-2.5
180.0	1.5587e-05	6.716e-11	-10.0	-2.5
180.5	1.559e-05	6.8725e-11	-10.0	-2.5
181.0	1.5592e-05	6.8157e-11	-10.0	-2.5
181.5	1.5594e-05	1.2639e-10	-10.0	-2.5
182.0	1.5598e-05	1.3257e-10	-10.0	-2.5
182.5	1.5599e-05	1.358e-10	-10.0	-2.5
183.0	1.5598e-05	1.338e-10	-10.0	-2.5
183.5	1.5599e-05	1.3184e-10	-10.0	-2.5
184.0	1.5598e-05	1.2959e-10	-10.0	-2.5
184.5	1.5601e-05	1.2701e-10	-10.0	-2.5
185.0	1.5603e-05	1.2481e-10	-10.0	-2.5
185.5	1.5604e-05	1.2311e-10	-10.0	-2.5
186.0	1.5603e-05	1.2119e-10	-10.0	-2.5
186.5	1.5603e-05	1.1839e-10	-10.0	-2.5
187.0	1.5605e-05	1.1736e-10	-10.0	-2.5
187.5	1.5607e-05	1.1645e-10	-10.0	-2.5
188.0	1.5608e-05	1.1401e-10	-10.0	-2.5
188.5	1.5607e-05	1.1376e-10	-10.0	-2.5
189.0	1.5606e-05	1.125e-10	-10.0	-2.5
189.5	1.5609e-05	1.1068e-10	-10.0	-2.5
190.0	1.5608e-05	1.0895e-10	-10.0	-2.5
190.5	1.5607e-05	1.0941e-10	-10.0	-2.5
191.0	1.5608e-05	1.0704e-10	-10.0	-2.5
191.5	1.561e-05	1.0775e-10	-10.0	-2.5
192.0	1.5609e-05	1.0654e-10	-10.0	-2.5
192.5	1.5606e-05	1.0539e-10	-10.0	-2.5
193.0	1.561e-05	1.0454e-10	-10.0	-2.5
193.5	1.5608e-05	1.0361e-10	-10.0	-2.5
194.0	1.5611e-05	1.033e-10	-10.0	-2.5
194.5	1.561e-05	1.0142e-10	-10.0	-2.5
195.0	1.5611e-05	1.028e-10	-10.0	-2.5
195.5	1.5611e-05	1.0032e-10	-10.0	-2.5
196.0	1.561e-05	1.0119e-10	-10.0	-2.5
196.5	1.5611e-05	9.9567e-11	-10.0	-2.5
197.0	1.5615e-05	9.9676e-11	-10.0	-2.5
197.5	1.5617e-05	9.9575e-11	-10.0	-2.5
198.0	1.5616e-05	9.8946e-11	-10.0	-2.5
198.5	1.5619e-05	9.8274e-11	-10.0	-2.5
199.0	1.5618e-05	9.7825e-11	-10.0	-2.5
199.5	1.5617e-05	9.8249e-11	-10.0	-2.5
200.0	1.5621e-05	9.7562e-11	-10.0	-2.5
200.5	1.5618e-05	9.6178e-11	-10.0	-2.5
201.0	1.5618e-05	9.4922e-11	-10.0	-2.5
201.5	1.562e-05	9.3885e-11	-10.0	-2.5
202.0	1.562e-05	9.5742e-11	-10.0	-2.5
202.5	1.5622e-05	9.3262e-11	-10.0	-2.5
203.0	1.5623e-05	9.4291e-11	-10.0	-2.5
203.5	1.5623e-05	9.3855e-11	-10.0	-2.5
204.0	1.562e-05	9.3823e-11	-10.0	-2.5
204.5	1.5621e-05	9.4754e-11	-10.0	-2.5
205.0	1.5624e-05	9.3434e-11	-10.0	-2.5
205.5	1.5621e-05	9.3104e-11	-10.0	-2.5
206.0	1.5623e-05	9.2678e-11	-10.0	-2.5
206.5	1.5626e-05	9.1385e-11	-10.0	-2.5
207.0	1.5623e-05	9.3183e-11	-10.0	-2.5
207.5	1.5625e-05	9.2803e-11	-10.0	-2.5
208.0	1.5625e-05	9.1367e-11	-10.0	-2.5
208.5	1.5628e-05	9.1472e-11	-10.0	-2.5
209.0	1.5624e-05	9.1691e-11	-10.0	-2.5
209.5	1.5626e-05	9.0392e-11	-10.0	-2.5
210.0	1.5625e-05	9.1445e-11	-10.0	-2.5
210.5	1.5626e-05	9.0467e-11	-10.0	-2.5
211.0	1.5628e-05	8.9762e-11	-10.0	-2.5
211.5	1.5627e-05	9.0246e-11	-10.0	-2.5
212.0	1.5628e-05	8.9676e-11	-10.0	-2.5
212.5	1.5627e-05	8.9278e-11	-10.0	-2.5
213.0	1.5628e-05	8.9107e-11	-10.0	-2.5
213.5	1.5627e-05	8.9155e-11	-10.0	-2.5
214.0	1.5632e-05	8.9478e-11	-10.0	-2.5
214.5	1.5632e-05	8.953e-11	-10.0	-2.5
215.0	1.563e-05	9.0895e-11	-10.0	-2.5
215.5	1.563e-05	9.0121e-11	-10.0	-2.5
216.0	1.5631e-05	8.8748e-11	-10.0	-2.5
216.5	1.5629e-05	8.926e-11	-10.0	-2.5
217.0	1.5626e-05	9.0045e-11	-10.0	-2.5
217.5	1.563e-05	8.9352e-11	-10.0	-2.5
218.0	1.5634e-05	8.8773e-11	-10.0	-2.5
218.5	1.5634e-05	8.8551e-11	-10.0	-2.5
219.0	1.5635e-05	8.8559e-11	-10.0	-2.5
219.5	1.5634e-05	8.7776e-11	-10.0	-2.5
220.0	1.5633e-05	8.5777e-11	-10.0	-2.5
220.5	1.5635e-05	8.7023e-11	-10.0	-2.5
221.0	1.5633e-05	8.623e-11	-10.0	-2.5
221.5	1.5634e-05	8.7147e-11	-10.0	-2.5
222.0	1.5633e-05	8.6542e-11	-10.0	-2.5
222.5	1.5636e-05	8.6038e-11	-10.0	-2.5
223.0	1.5636e-05	8.5096e-11	-10.0	-2.5
223.5	1.5634e-05	8.5688e-11	-10.0	-2.5
224.0	1.5635e-05	8.6376e-11	-10.0	-2.5
224.5	1.5634e-05	8.5757e-11	-10.0	-2.5
225.0	1.5635e-05	8.6007e-11	-10.0	-2.5
225.5	1.5635e-05	8.6014e-11	-10.0	-2.5
226.0	1.5636e-05	8.6094e-11	-10.0	-2.5
226.5	1.5635e-05	8.4943e-11	-10.0	-2.5
227.0	1.5639e-05	8.3674e-11	-10.0	-2.5
227.5	1.5638e-05	8.4224e-11	-10.0	-2.5
228.0	1.5641e-05	8.4536e-11	-10.0	-2.5
228.5	1.5637e-05	8.4406e-11	-10.0	-2.5
229.0	1.5638e-05	8.4662e-11	-10.0	-2.5
229.5	1.564e-05	8.3046e-11	-10.0	-2.5
230.0	1.564e-05	8.4373e-11	-10.0	-2.5
230.5	1.5642e-05	8.3523e-11	-10.0	-2.5
231.0	1.5639e-05	8.3839e-11	-10.0	-2.5
231.5	1.5641e-05	8.5295e-11	-10.0	-2.5
232.0	1.5643e-05	8.4543e-11	-10.0	-2.5
232.5	1.564e-05	8.5055e-11	-10.0	-2.5
233.0	1.5638e-05	8.5043e-11	-10.0	-2.5
233.5	1.5638e-05	8.4938e-11	-10.0	-2.5
234.0	1.5641e-05	8.468e-11	-10.0	-2.5
234.5	1.5638e-05	8.5334e-11	-10.0	-2.5
235.0	1.5639e-05	8.7395e-11	-10.0	-2.5
235.5	1.5641e-05	8.6148e-11	-10.0	-2.5
236.0	1.5643e-05	8.6631e-11	-10.0	-2.5
236.5	1.5642e-05	8.6297e-11	-10.0	-2.5
237.0	1.5644e-05	8.7652e-11	-10.0	-2.5
237.5	1.5645e-05	8.6719e-11	-10.0	-2.5
238.0	1.5645e-05	8.5965e-11	-10.0	-2.5
238.5	1.5644e-05	8.5355e-11	-10.0	-2.5
239.0	1.5644e-05	8.5453e-11	-10.0	-2.5
239.5	1.5644e-05	8.6334e-11	-10.0	-2.5
240.0	1.5646e-05	8.5869e-11	-10.0	-2.5
240.5	1.5647e-05	8.7806e-11	-10.0	-2.5
241.0	1.5647e-05	8.702e-11	-10.0	-2.5
241.5	1.5645e-05	1.1489e-11	-10.0	-2.5
242.0	1.5647e-05	1.4591e-11	-10.0	-2.5
242.5	1.565e-05	1.5061e-11	-10.0	-2.5
243.0	1.5651e-05	1.9229e-11	-10.0	-2.5
243.5	1.565e-05	2.3982e-11	-10.0	-2.5
244.0	1.5653e-05	2.4673e-11	-10.0	-2.5
244.5	1.5652e-05	2.867e-11	-10.0	-2.5
245.0	1.5649e-05	3.1077e-11	-10.0	-2.5
245.5	1.5652e-05	3.1879e-11	-10.0	-2.5
246.0	1.565e-05	3.4002e-11	-10.0	-2.5
246.5	1.5652e-05	3.6031e-11	-10.0	-2.5
247.0	1.5652e-05	3.5285e-11	-10.0	-2.5
247.5	1.5655e-05	3.8431e-11	-10.0	-2.5
248.0	1.5653e-05	4.0187e-11	-10.0	-2.5
248.5	1.5655e-05	4.1568e-11	-10.0	-2.5
249.0	1.5654e-05	4.4508e-11	-10.0	-2.5
249.5	1.5653e-05	4.4109e-11	-10.0	-2.5
250.0	1.5653e-05	4.5041e-11	-10.0	-2.5
250.5	1.5655e-05	4.6439e-11	-10.0	-2.5
251.0	1.5654e-05	4.6017e-11	-10.0	-2.5
251.5	1.5655e-05	4.8518e-11	-10.0	-2.5
252.0	1.5655e-05	4.9537e-11	-10.0	-2.5
252.5	1.5655e-05	5.0144e-11	-10.0	-2.5
253.0	1.5655e-05	5.1813e-11	-10.0	-2.5
253.5	1.5655e-05	5.3141e-11	-10.0	-2.5
254.0	1.5659e-05	5.3467e-11	-10.0	-2.5
254.5	1.566e-05	5.5009e-11	-10.0	-2.5
255.0	1.5658e-05	5.6934e-11	-10.0	-2.5
255.5	1.5661e-05	5.5475e-11	-10.0	-2.5
256.0	1.566e-05	5.6757e-11	-10.0	-2.5
256.5	1.5658e-05	5.7981e-11	-10.0	-2.5
257.0	1.5657e-05	5.8968e-11	-10.0	-2.5
257.5	1.5661e-05	5.9522e-11	-10.0	-2.5
258.0	1.5662e-05	6.1132e-11	-10.0	-2.5
258.5	1.566e-05	6.2218e-11	-10.0	-2.5
259.0	1.5662e-05	6.1625e-11	-10.0	-2.5
259.5	1.5663e-05	6.1618e-11	-10.0	-2.5
260.0	1.5662e-05	6.3045e-11	-10.0	-2.5
260.5	1.5666e-05	6.3431e-11	-10.0	-2.5
261.0	1.5665e-05	6.4117e-11	-10.0	-2.5
261.5	1.5667e-05	6.4273e-11	-10.0	-2.5
262.0	1.5663e-05	6.4245e-11	-10.0	-2.5
262.5	1.5663e-05	6.568e-11	-10.0	-2.5
263.0	1.5661e-05	6.6737e-11	-10.0	-2.5
263.5	1.566e-05	6.8972e-11	-10.0	-2.5
264.0	1.5661e-05	6.9777e-11	-10.0	-2.5
264.5	1.5662e-05	7.0463e-11	-10.0	-2.5
265.0	1.5664e-05	7.2396e-11	-10.0	-2.5
265.5	1.5664e-05	7.118e-11	-10.0	-2.5
266.0	1.5668e-05	7.0876e-11	-10.0	-2.5
266.5	1.5663e-05	7.2572e-11	-10.0	-2.5
267.0	1.5664e-05	7.2197e-11	-10.0	-2.5
267.5	1.5665e-05	7.2766e-11	-10.0	-2.5
268.0	1.5664e-05	7.4995e-11	-10.0	-2.5
268.5	1.5663e-05	7.3092e-11	-10.0	-2.5
269.0	1.5667e-05	7.4246e-11	-10.0	-2.5
269.5	1.5665e-05	7.3175e-11	-10.0	-2.5
270.0	1.5669e-05	7.3827e-11	-10.0	-2.5
270.5	1.5667e-05	7.3599e-11	-10.0	-2.5
271.0	1.567e-05	7.2236e-11	-10.0	-2.5
271.5	1.5671e-05	7.3987e-11	-10.0	-2.5
272.0	1.5675e-05	7.5455e-11	-10.0	-2.5
272.5	1.5673e-05	7.4861e-11	-10.0	-2.5
273.0	1.5672e-05	7.6264e-11	-10.0	-2.5
273.5	1.5674e-05	7.5939e-11	-10.0	-2.5
274.0	1.5675e-05	7.7617e-11	-10.0	-2.5
274.5	1.5673e-05	7.6493e-11	-10.0	-2.5
275.0	1.5674e-05	7.6619e-11	-10.0	-2.5
275.5	1.5677e-05	7.3988e-11	-10.0	-2.5
276.0	1.5673e-05	7.695e-11	-10.0	-2.5
276.5	1.5676e-05	7.5723e-11	-10.0	-2.5
277.0	1.5676e-05	7.6463e-11	-10.0	-2.5
277.5	1.5675e-05	7.5933e-11	-10.0	-2.5
278.0	1.5676e-05	7.8083e-11	-10.0	-2.5
278.5	1.5677e-05	7.8124e-11	-10.0	-2.5
279.0	1.5676e-05	7.9938e-11	-10.0	-2.5
279.5	1.5676e-05	7.839e-11	-10.0	-2.5
280.0	1.5675e-05	7.8965e-11	-10.0	-2.5
280.5	1.5676e-05	8.0627e-11	-10.0	-2.5
281.0	1.5675e-05	8.2195e-11	-10.0	-2.5
281.5	1.5674e-05	8.2154e-11	-10.0	-2.5
282.0	1.5677e-05	8.1197e-11	-10.0	-2.5
282.5	1.5676e-05	8.1402e-11	-10.0	-2.5
283.0	1.5678e-05	8.1605e-11	-10.0	-2.5
283.5	1.5678e-05	8.0645e-11	-10.0	-2.5
284.0	1.5677e-05	8.0415e-11	-10.0	-2.5
284.5	1.5678e-05	7.9869e-11	-10.0	-2.5
285.0	1.5677e-05	8.1752e-11	-10.0	-2.5
285.5	1.5675e-05	8.1877e-11	-10.0	-2.5
286.0	1.5677e-05	8.1607e-11	-10.0	-2.5
286.5	1.5676e-05	8.2024e-11	-10.0	-2.5
287.0	1.5677e-05	8.1325e-11	-10.0	-2.5
287.5	1.5676e-05	8.1203e-11	-10.0	-2.5
288.0	1.5682e-05	8.2421e-11	-10.0	-2.5
288.5	1.5679e-05	8.2257e-11	-10.0	-2.5
289.0	1.5681e-05	8.2283e-11	-10.0	-2.5
289.5	1.568e-05	8.3094e-11	-10.0	-2.5
290.0	1.5682e-05	8.3263e-11	-10.0	-2.5
290.5	1.5684e-05	8.1862e-11	-10.0	-2.5
291.0	1.5682e-05	8.3668e-11	-10.0	-2.5
291.5	1.5682e-05	8.3156e-11	-10.0	-2.5
292.0	1.5683e-05	8.3772e-11	-10.0	-2.5
292.5	1.5681e-05	8.3029e-11	-10.0	-2.5
293.0	1.5683e-05	8.516e-11	-10.0	-2.5
293.5	1.5684e-05	8.4615e-11	-10.0	-2.5
294.0	1.5684e-05	8.4399e-11	-10.0	-2.5
294.5	1.5685e-05	8.5401e-11	-10.0	-2.5
295.0	1.5684e-05	8.6234e-11	-10.0	-2.5
295.5	1.5683e-05	8.4653e-11	-10.0	-2.5
296.0	1.5684e-05	8.4167e-11	-10.0	-2.5
296.5	1.5687e-05	8.413e-11	-10.0	-2.5
297.0	1.5686e-05	8.5099e-11	-10.0	-2.5
297.5	1.5686e-05	8.3481e-11	-10.0	-2.5
298.0	1.5685e-05	8.4817e-11	-10.0	-2.5
298.5	1.5686e-05	8.4484e-11	-10.0	-2.5
299.0	1.5687e-05	8.4498e-11	-10.0	-2.5
299.5	1.5687e-05	8.6292e-11	-10.0	-2.5
300.0	1.5687e-05	8.5589e-11	-10.0	-2.5
300.5	1.5689e-05	8.4297e-11	-10.0	-2.5
301.0	1.5687e-05	8.5491e-11	-10.0	-2.5
301.5	1.5691e-05	1.444e-10	-10.0	-2.5
302.0	1.5694e-05	1.4968e-10	-10.0	-2.5
302.5	1.5694e-05	1.5189e-10	-10.0	-2.5
303.0	1.5694e-05	1.4979e-10	-10.0	-2.5
303.5	1.5692e-05	1.486e-10	-10.0	-2.5
304.0	1.5693e-05	1.461e-10	-10.0	-2.5
304.5	1.5695e-05	1.4312e-10	-10.0	-2.5
305.0	1.5694e-05	1.4027e-10	-10.0	-2.5
305.5	1.5695e-05	1.399e-10	-10.0	-2.5
306.0	1.5692e-05	1.3912e-10	-10.0	-2.5
306.5	1.5693e-05	1.3567e-10	-10.0	-2.5
307.0	1.5693e-05	1.3267e-10	-10.0	-2.5
307.5	1.5695e-05	1.3156e-10	-10.0	-2.5
308.0	1.5697e-05	1.3056e-10	-10.0	-2.5
308.5	1.5697e-05	1.2762e-10	-10.0	-2.5
309.0	1.5697e-05	1.2758e-10	-10.0	-2.5
309.5	1.5693e-05	1.2666e-10	-10.0	-2.5
310.0	1.5696e-05	1.2454e-10	-10.0	-2.5
310.5	1.5696e-05	1.2364e-10	-10.0	-2.5
311.0	1.5696e-05	1.2221e-10	-10.0	-2.5
311.5	1.5695e-05	1.1991e-10	-10.0	-2.5
312.0	1.5697e-05	1.2137e-10	-10.0	-2.5
312.5	1.5696e-05	1.1883e-10	-10.0	-2.5
313.0	1.5694e-05	1.1868e-10	-10.0	-2.5
313.5	1.5696e-05	1.1623e-10	-10.0	-2.5
314.0	1.5697e-05	1.148e-10	-10.0	-2.5
314.5	1.5698e-05	1.1382e-10	-10.0	-2.5
315.0	1.5696e-05	1.1215e-10	-10.0	-2.5
315.5	1.5696e-05	1.1328e-10	-10.0	-2.5
316.0	1.5697e-05	1.1143e-10	-10.0	-2.5
316.5	1.5697e-05	1.0999e-10	-10.0	-2.5
317.0	1.57e-05	1.0959e-10	-10.0	-2.5
317.5	1.5699e-05	1.0965e-10	-10.0	-2.5
318.0	1.5703e-05	1.0702e-10	-10.0	-2.5
318.5	1.5701e-05	1.0798e-10	-10.0	-2.5
319.0	1.5703e-05	1.0661e-10	-10.0	-2.5
319.5	1.5703e-05	1.0735e-10	-10.0	-2.5
320.0	1.5704e-05	1.074e-10	-10.0	-2.5
320.5	1.5706e-05	1.0587e-10	-10.0	-2.5
321.0	1.5706e-05	1.0609e-10	-10.0	-2.5
321.5	1.5706e-05	1.0617e-10	-10.0	-2.5
322.0	1.5705e-05	1.0607e-10	-10.0	-2.5
322.5	1.5706e-05	1.0531e-10	-10.0	-2.5
323.0	1.5708e-05	1.034e-10	-10.0	-2.5
323.5	1.5708e-05	1.0165e-10	-10.0	-2.5
324.0	1.5709e-05	1.0291e-10	-10.0	-2.5
324.5	1.5712e-05	1.0299e-10	-10.0	-2.5
325.0	1.5709e-05	1.0226e-10	-10.0	-2.5
325.5	1.5714e-05	1.0167e-10	-10.0	-2.5
326.0	1.5712e-05	1.0104e-10	-10.0	-2.5
326.5	1.5712e-05	1.0122e-10	-10.0	-2.5
327.0	1.5714e-05	1.0029e-10	-10.0	-2.5
327.5	1.5714e-05	9.9978e-11	-10.0	-2.5
328.0	1.5712e-05	9.9558e-11	-10.0	-2.5
328.5	1.5711e-05	9.8981e-11	-10.0	-2.5
329.0	1.571e-05	9.9716e-11	-10.0	-2.5
329.5	1.5711e-05	9.6973e-11	-10.0	-2.5
330.0	1.5714e-05	9.67e-11	-10.0	-2.5
330.5	1.5717e-05	9.7154e-11	-10.0	-2.5
331.0	1.5715e-05	9.7563e-11	-10.0	-2.5
331.5	1.5712e-05	9.5997e-11	-10.0	-2.5
332.0	1.5714e-05	9.5428e-11	-10.0	-2.5
332.5	1.5714e-05	9.5289e-11	-10.0	-2.5
333.0	1.5717e-05	9.4013e-11	-10.0	-2.5
333.5	1.5717e-05	9.3847e-11	-10.0	-2.5
334.0	1.5715e-05	9.1792e-11	-10.0	-2.5
334.5	1.5715e-05	9.3198e-11	-10.0	-2.5
335.0	1.5715e-05	9.3341e-11	-10.0	-2.5
335.5	1.5717e-05	9.1637e-11	-10.0	-2.5
336.0	1.5718e-05	9.245e-11	-10.0	-2.5
336.5	1.5719e-05	9.2611e-11	-10.0	-2.5
337.0	1.572e-05	9.2514e-11	-10.0	-2.5
337.5	1.5719e-05	9.2561e-11	-10.0	-2.5
338.0	1.572e-05	9.1844e-11	-10.0	-2.5
338.5	1.5722e-05	9.3447e-11	-10.0	-2.5
339.0	1.572e-05	9.1543e-11	-10.0	-2.5
339.5	1.572e-05	9.1609e-11	-10.0	-2.5
340.0	1.5722e-05	9.2517e-11	-10.0	-2.5
340.5	1.5718e-05	9.0804e-11	-10.0	-2.5
341.0	1.572e-05	9.0125e-11	-10.0	-2.5
341.5	1.5721e-05	8.9856e-11	-10.0	-2.5
342.0	1.5719e-05	9.0067e-11	-10.0	-2.5
342.5	1.572e-05	8.8268e-11	-10.0	-2.5
343.0	1.5722e-05	8.976e-11	-10.0	-2.5
343.5	1.572e-05	8.9898e-11	-10.0	-2.5
344.0	1.5723e-05	8.9171e-11	-10.0	-2.5
344.5	1.5723e-05	8.9299e-11	-10.0	-2.5
345.0	1.5723e-05	8.804e-11	-10.0	-2.5
345.5	1.5727e-05	8.8892e-11	-10.0	-2.5
346.0	1.5725e-05	8.968e-11	-10.0	-2.5
346.5	1.5725e-05	8.9683e-11	-10.0	-2.5
347.0	1.5722e-05	8.8453e-11	-10.0	-2.5
347.5	1.5721e-05	8.8896e-11	-10.0	-2.5
348.0	1.5721e-05	8.9301e-11	-10.0	-2.5
348.5	1.5722e-05	8.7875e-11	-10.0	-2.5
349.0	1.5725e-05	8.7661e-11	-10.0	-2.5
349.5	1.5725e-05	8.8024e-11	-10.0	-2.5
350.0	1.5724e-05	8.7864e-11	-10.0	-2.5
350.5	1.5728e-05	8.7398e-11	-10.0	-2.5
351.0	1.5728e-05	8.6883e-11	-10.0	-2.5
351.5	1.5727e-05	8.8594e-11	-10.0	-2.5
352.0	1.5725e-05	8.8117e-11	-10.0	-2.5
352.5	1.5729e-05	8.6964e-11	-10.0	-2.5
353.0	1.5731e-05	8.7168e-11	-10.0	-2.5
353.5	1.5731e-05	8.6881e-11	-10.0	-2.5
354.0	1.5731e-05	8.5962e-11	-10.0	-2.5
354.5	1.5732e-05	8.636e-11	-10.0	-2.5
355.0	1.5733e-05	8.5805e-11	-10.0	-2.5
355.5	1.5732e-05	8.7028e-11	-10.0	-2.5
356.0	1.5734e-05	8.5553e-11	-10.0	-2.5
356.5	1.5732e-05	8.5058e-11	-10.0	-2.5
357.0	1.5733e-05	8.4922e-11	-10.0	-2.5
357.5	1.5733e-05	8.3859e-11	-10.0	-2.5
358.0	1.5735e-05	8.4673e-11	-10.0	-2.5
358.5	1.5736e-05	8.4963e-11	-10.0	-2.5
359.0	1.5737e-05	8.4816e-11	-10.0	-2.5
359.5	1.5737e-05	8.4559e-11	-10.0	-2.5
360.0	1.5737e-05	8.5124e-11	-10.0	-2.5
360.5	1.5739e-05	8.4744e-11	-10.0	-2.5
361.0	1.5734e-05	8.5964e-11	-10.0	-2.5
361.5	1.5734e-05	1.8317e-11	-10.0	-2.5
362.0	1.5734e-05	7.7283e-12	-10.0	-2.5
362.5	1.5734e-05	5.3942e-12	-10.0	-2.5
363.0	1.5738e-05	1.4659e-11	-10.0	-2.5
363.5	1.5741e-05	1.4975e-11	-10.0	-2.5
364.0	1.5738e-05	1.7349e-11	-10.0	-2.5
364.5	1.5734e-05	2.0567e-11	-10.0	-2.5
365.0	1.5735e-05	2.2249e-11	-10.0	-2.5
365.5	1.5734e-05	2.2446e-11	-10.0	-2.5
366.0	1.5736e-05	2.4948e-11	-10.0	-2.5
366.5	1.5737e-05	2.7208e-11	-10.0	-2.5
367.0	1.5734e-05	2.8461e-11	-10.0	-2.5
367.5	1.5735e-05	3.1084e-11	-10.0	-2.5
368.0	1.5736e-05	3.1946e-11	-10.0	-2.5
368.5	1.5738e-05	3.3419e-11	-10.0	-2.5
369.0	1.5737e-05	3.48e-11	-10.0	-2.5
369.5	1.5733e-05	3.5469e-11	-10.0	-2.5
370.0	1.5735e-05	3.7699e-11	-10.0	-2.5
370.5	1.5733e-05	3.8942e-11	-10.0	-2.5
371.0	1.5735e-05	4.0436e-11	-10.0	-2.5
371.5	1.5733e-05	3.8406e-11	-10.0	-2.5
372.0	1.5737e-05	4.2469e-11	-10.0	-2.5
372.5	1.5735e-05	4.12e-11	-10.0	-2.5
373.0	1.5738e-05	4.3699e-11	-10.0	-2.5
373.5	1.5734e-05	4.6812e-11	-10.0	-2.5
374.0	1.5736e-05	4.9785e-11	-10.0	-2.5
374.5	1.5738e-05	4.7826e-11	-10.0	-2.5
375.0	1.5738e-05	4.7715e-11	-10.0	-2.5
375.5	1.5737e-05	5.0612e-11	-10.0	-2.5
376.0	1.5738e-05	5.1601e-11	-10.0	-2.5
376.5	1.5739e-05	5.1429e-11	-10.0	-2.5
377.0	1.5736e-05	5.2338e-11	-10.0	-2.5
377.5	1.5737e-05	5.6256e-11	-10.0	-2.5
378.0	1.5737e-05	5.4179e-11	-10.0	-2.5
378.5	1.5737e-05	5.6487e-11	-10.0	-2.5
379.0	1.5736e-05	5.7753e-11	-10.0	-2.5
379.5	1.5736e-05	5.5621e-11	-10.0	-2.5
380.0	1.5736e-05	5.9265e-11	-10.0	-2.5
380.5	1.5736e-05	5.8271e-11	-10.0	-2.5
381.0	1.5737e-05	5.9717e-11	-10.0	-2.5
381.5	1.5737e-05	6.0133e-11	-10.0	-2.5
382.0	1.5739e-05	5.945e-11	-10.0	-2.5
382.5	1.574e-05	6.1072e-11	-10.0	-2.5
383.0	1.5741e-05	6.0614e-11	-10.0	-2.5
383.5	1.574e-05	6.2731e-11	-10.0	-2.5
384.0	1.5741e-05	6.3807e-11	-10.0	-2.5
384.5	1.574e-05	6.2922e-11	-10.0	-2.5
385.0	1.574e-05	6.5205e-11	-10.0	-2.5
385.5	1.5744e-05	5.993e-11	-10.0	-2.5
386.0	1.5741e-05	6.26e-11	-10.0	-2.5
386.5	1.5742e-05	6.3387e-11	-10.0	-2.5
387.0	1.574e-05	6.4021e-11	-10.0	-2.5
387.5	1.5745e-05	6.3913e-11	-10.0	-2.5
388.0	1.5742e-05	6.4869e-11	-10.0	-2.5
388.5	1.574e-05	6.5494e-11	-10.0	-2.5
389.0	1.574e-05	6.5696e-11	-10.0	-2.5
389.5	1.5738e-05	6.4912e-11	-10.0	-2.5
390.0	1.5739e-05	6.5449e-11	-10.0	-2.5
390.5	1.574e-05	6.4825e-11	-10.0	-2.5
391.0	1.5741e-05	6.3622e-11	-10.0	-2.5
391.5	1.5738e-05	6.4498e-11	-10.0	-2.5
392.0	1.574e-05	6.5045e-11	-10.0	-2.5
392.5	1.574e-05	6.4974e-11	-10.0	-2.5
393.0	1.574e-05	6.6983e-11	-10.0	-2.5
393.5	1.5743e-05	6.5981e-11	-10.0	-2.5
394.0	1.5741e-05	6.6986e-11	-10.0	-2.5
394.5	1.574e-05	6.7072e-11	-10.0	-2.5
395.0	1.5742e-05	6.7517e-11	-10.0	-2.5
395.5	1.5742e-05	6.7531e-11	-10.0	-2.5
396.0	1.5742e-05	6.7528e-11	-10.0	-2.5
396.5	1.5741e-05	6.5935e-11	-10.0	-2.5
397.0	1.574e-05	6.7042e-11	-10.0	-2.5
397.5	1.574e-05	6.8177e-11	-10.0	-2.5
398.0	1.5745e-05	6.7743e-11	-10.0	-2.5
398.5	1.5744e-05	6.7284e-11	-10.0	-2.5
399.0	1.5746e-05	6.7283e-11	-10.0	-2.5
399.5	1.5745e-05	6.8884e-11	-10.0	-2.5
400.0	1.5744e-05	6.8395e-11	-10.0	-2.5
400.5	1.5744e-05	6.8511e-11	-10.0	-2.5
401.0	1.5743e-05	6.7492e-11	-10.0	-2.5
401.5	1.5743e-05	6.8581e-11	-10.0	-2.5
402.0	1.5741e-05	7.0695e-11	-10.0	-2.5
402.5	1.5742e-05	6.9723e-11	-10.0	-2.5
403.0	1.5741e-05	6.8368e-11	-10.0	-2.5
403.5	1.5742e-05	6.8984e-11	-10.0	-2.5
404.0	1.5745e-05	7.2316e-11	-10.0	-2.5
404.5	1.5745e-05	7.0992e-11	-10.0	-2.5
405.0	1.5743e-05	7.0165e-11	-10.0	-2.5
405.5	1.5741e-05	7.2874e-11	-10.0	-2.5
406.0	1.5745e-05	7.2131e-11	-10.0	-2.5
406.5	1.5745e-05	7.3452e-11	-10.0	-2.5
407.0	1.5745e-05	7.178e-11	-10.0	-2.5
407.5	1.5745e-05	7.1628e-11	-10.0	-2.5
408.0	1.5743e-05	7.2662e-11	-10.0	-2.5
408.5	1.5745e-05	7.2515e-11	-10.0	-2.5
409.0	1.575e-05	7.1592e-11	-10.0	-2.5
409.5	1.575e-05	7.1201e-11	-10.0	-2.5
410.0	1.5748e-05	7.19e-11	-10.0	-2.5
410.5	1.5747e-05	7.1632e-11	-10.0	-2.5
411.0	1.5748e-05	7.152e-11	-10.0	-2.5
411.5	1.5751e-05	7.0635e-11	-10.0	-2.5
412.0	1.575e-05	7.0454e-11	-10.0	-2.5
412.5	1.5749e-05	7.1012e-11	-10.0	-2.5
413.0	1.575e-05	7.1334e-11	-10.0	-2.5
413.5	1.5748e-05	6.9861e-11	-10.0	-2.5
414.0	1.5749e-05	7.1051e-11	-10.0	-2.5
414.5	1.5748e-05	7.1405e-11	-10.0	-2.5
415.0	1.5746e-05	7.2617e-11	-10.0	-2.5
415.5	1.5746e-05	7.2746e-11	-10.0	-2.5
416.0	1.5746e-05	7.1799e-11	-10.0	-2.5
416.5	1.5745e-05	7.2745e-11	-10.0	-2.5
417.0	1.5745e-05	7.3479e-11	-10.0	-2.5
417.5	1.5746e-05	7.3946e-11	-10.0	-2.5
418.0	1.5746e-05	7.2606e-11	-10.0	-2.5
418.5	1.5748e-05	7.3341e-11	-10.0	-2.5
419.0	1.575e-05	7.4093e-11	-10.0	-2.5
419.5	1.5751e-05	7.3672e-11	-10.0	-2.5
420.0	1.5749e-05	7.3833e-11	-10.0	-2.5
420.5	1.5749e-05	7.5129e-11	-10.0	-2.5
421.0	1.575e-05	7.4729e-11	-10.0	-2.5
421.5	1.5751e-05	1.3568e-10	-10.0	-2.5
422.0	1.5754e-05	1.4585e-10	-10.0	-2.5
422.5	1.5756e-05	1.4869e-10	-10.0	-2.5
423.0	1.5757e-05	1.4881e-10	-10.0	-2.5
423.5	1.5758e-05	1.4419e-10	-10.0	-2.5
424.0	1.5758e-05	1.4223e-10	-10.0	-2.5
424.5	1.5756e-05	1.3856e-10	-10.0	-2.5
425.0	1.5758e-05	1.3773e-10	-10.0	-2.5
425.5	1.5757e-05	1.3481e-10	-10.0	-2.5
426.0	1.5758e-05	1.3424e-10	-10.0	-2.5
426.5	1.5756e-05	1.3078e-10	-10.0	-2.5
427.0	1.5757e-05	1.3041e-10	-10.0	-2.5
427.5	1.576e-05	1.2816e-10	-10.0	-2.5
428.0	1.5759e-05	1.2637e-10	-10.0	-2.5
428.5	1.576e-05	1.2512e-10	-10.0	-2.5
429.0	1.5759e-05	1.2166e-10	-10.0	-2.5
429.5	1.576e-05	1.2085e-10	-10.0	-2.5
430.0	1.5759e-05	1.217e-10	-10.0	-2.5
430.5	1.5755e-05	1.2042e-10	-10.0	-2.5
431.0	1.5762e-05	1.1921e-10	-10.0	-2.5
431.5	1.5763e-05	1.1813e-10	-10.0	-2.5
432.0	1.5763e-05	1.1637e-10	-10.0	-2.5
432.5	1.5762e-05	1.1618e-10	-10.0	-2.5
433.0	1.5761e-05	1.1551e-10	-10.0	-2.5
433.5	1.5759e-05	1.1566e-10	-10.0	-2.5
434.0	1.576e-05	1.1288e-10	-10.0	-2.5
434.5	1.5759e-05	1.1321e-10	-10.0	-2.5
435.0	1.5761e-05	1.1121e-10	-10.0	-2.5
435.5	1.5763e-05	1.1188e-10	-10.0	-2.5
436.0	1.576e-05	1.1298e-10	-10.0	-2.5
436.5	1.5765e-05	1.1271e-10	-10.0	-2.5
437.0	1.5764e-05	1.1174e-10	-10.0	-2.5
437.5	1.5763e-05	1.1108e-10	-10.0	-2.5
438.0	1.5763e-05	1.0961e-10	-10.0	-2.5
438.5	1.5764e-05	1.089e-10	-10.0	-2.5
439.0	1.5765e-05	1.1026e-10	-10.0	-2.5
439.5	1.5764e-05	1.0974e-10	-10.0	-2.5
440.0	1.5765e-05	1.0742e-10	-10.0	-2.5
440.5	1.5766e-05	1.0727e-10	-10.0	-2.5
441.0	1.5768e-05	1.0657e-10	-10.0	-2.5
441.5	1.5768e-05	1.078e-10	-10.0	-2.5
442.0	1.5769e-05	1.0646e-10	-10.0	-2.5
442.5	1.5772e-05	1.0719e-10	-10.0	-2.5
443.0	1.5771e-05	1.0647e-10	-10.0	-2.5
443.5	1.5772e-05	1.0648e-10	-10.0	-2.5
444.0	1.5771e-05	1.0729e-10	-10.0	-2.5
444.5	1.5771e-05	1.0546e-10	-10.0	-2.5
445.0	1.5771e-05	1.0559e-10	-10.0	-2.5
445.5	1.5771e-05	1.0466e-10	-10.0	-2.5
446.0	1.577e-05	1.0644e-10	-10.0	-2.5
446.5	1.5772e-05	1.0558e-10	-10.0	-2.5
447.0	1.5773e-05	1.0483e-10	-10.0	-2.5
447.5	1.5772e-05	1.0548e-10	-10.0	-2.5
448.0	1.5774e-05	1.0471e-10	-10.0	-2.5
448.5	1.5775e-05	1.0529e-10	-10.0	-2.5
449.0	1.5774e-05	1.0522e-10	-10.0	-2.5
449.5	1.5775e-05	1.0476e-10	-10.0	-2.5
450.0	1.5775e-05	1.0264e-10	-10.0	-2.5
450.5	1.5777e-05	1.0537e-10	-10.0	-2.5
451.0	1.5777e-05	1.0463e-10	-10.0	-2.5
451.5	1.5779e-05	1.0377e-10	-10.0	-2.5
452.0	1.5777e-05	1.0254e-10	-10.0	-2.5
452.5	1.5776e-05	1.0431e-10	-10.0	-2.5
453.0	1.5778e-05	1.0387e-10	-10.0	-2.5
453.5	1.5777e-05	1.025e-10	-10.0	-2.5
454.0	1.5777e-05	1.0275e-10	-10.0	-2.5
454.5	1.5779e-05	1.0062e-10	-10.0	-2.5
455.0	1.5781e-05	1.0184e-10	-10.0	-2.5
455.5	1.578e-05	1.0157e-10	-10.0	-2.5
456.0	1.5783e-05	1.0243e-10	-10.0	-2.5
456.5	1.578e-05	1.0246e-10	-10.0	-2.5
457.0	1.578e-05	9.9192e-11	-10.0	-2.5
457.5	1.5781e-05	9.8102e-11	-10.0	-2.5
458.0	1.5781e-05	9.9145e-11	-10.0	-2.5
458.5	1.578e-05	9.9819e-11	-10.0	-2.5
459.0	1.578e-05	9.8612e-11	-10.0	-2.5
459.5	1.5779e-05	9.851e-11	-10.0	-2.5
460.0	1.5781e-05	9.8256e-11	-10.0	-2.5
460.5	1.5783e-05	9.8659e-11	-10.0	-2.5
461.0	1.5783e-05	9.959e-11	-10.0	-2.5
461.5	1.578e-05	9.8938e-11	-10.0	-2.5
462.0	1.578e-05	9.9124e-11	-10.0	-2.5
462.5	1.578e-05	9.7455e-11	-10.0	-2.5
463.0	1.5781e-05	9.7916e-11	-10.0	-2.5
463.5	1.5783e-05	9.7328e-11	-10.0	-2.5
464.0	1.5782e-05	9.6935e-11	-10.0	-2.5
464.5	1.5782e-05	9.8056e-11	-10.0	-2.5
465.0	1.5781e-05	9.6627e-11	-10.0	-2.5
465.5	1.5781e-05	9.7983e-11	-10.0	-2.5
466.0	1.5782e-05	9.8665e-11	-10.0	-2.5
466.5	1.5785e-05	9.6625e-11	-10.0	-2.5
467.0	1.5785e-05	9.6289e-11	-10.0	-2.5
467.5	1.5787e-05	9.5103e-11	-10.0	-2.5
468.0	1.5785e-05	9.557e-11	-10.0	-2.5
468.5	1.5784e-05	9.5097e-11	-10.0	-2.5
469.0	1.5784e-05	9.5791e-11	-10.0	-2.5
469.5	1.5784e-05	9.5614e-11	-10.0	-2.5
470.0	1.5785e-05	9.3982e-11	-10.0	-2.5
470.5	1.5788e-05	9.4926e-11	-10.0	-2.5
471.0	1.579e-05	9.5437e-11	-10.0	-2.5
471.5	1.579e-05	9.6468e-11	-10.0	-2.5
472.0	1.5788e-05	9.648e-11	-10.0	-2.5
472.5	1.5787e-05	9.5932e-11	-10.0	-2.5
473.0	1.579e-05	9.4944e-11	-10.0	-2.5
473.5	1.5788e-05	9.5898e-11	-10.0	-2.5
474.0	1.5788e-05	9.5409e-11	-10.0	-2.5
474.5	1.579e-05	9.5086e-11	-10.0	-2.5
475.0	1.579e-05	9.4732e-11	-10.0	-2.5
475.5	1.5791e-05	9.4252e-11	-10.0	-2.5
476.0	1.5792e-05	9.4456e-11	-10.0	-2.5
476.5	1.5791e-05	9.4174e-11	-10.0	-2.5
477.0	1.579e-05	9.3697e-11	-10.0	-2.5
477.5	1.5792e-05	9.4446e-11	-10.0	-2.5
478.0	1.5791e-05	9.3373e-11	-10.0	-2.5
478.5	1.5789e-05	9.316e-11	-10.0	-2.5
479.0	1.5789e-05	9.4476e-11	-10.0	-2.5
479.5	1.5792e-05	9.4566e-11	-10.0	-2.5
480.0	1.5791e-05	9.373e-11	-10.0	-2.5
480.5	1.5791e-05	9.3112e-11	-10.0	-2.5
481.0	1.5791e-05	9.3588e-11	-10.0	-2.5
481.5	1.5789e-05	1.5171e-11	-10.0	-2.5
482.0	1.5794e-05	1.4854e-11	-10.0	-2.5
482.5	1.5799e-05	1.8668e-11	-10.0	-2.5
483.0	1.5795e-05	2.604e-11	-10.0	-2.5
483.5	1.5793e-05	2.4568e-11	-10.0	-2.5
484.0	1.5792e-05	2.9032e-11	-10.0	-2.5
484.5	1.5793e-05	3.2242e-11	-10.0	-2.5
485.0	1.5795e-05	3.319e-11	-10.0	-2.5
485.5	1.5792e-05	3.5425e-11	-10.0	-2.5
486.0	1.5792e-05	3.7372e-11	-10.0	-2.5
486.5	1.5795e-05	3.9138e-11	-10.0	-2.5
487.0	1.5795e-05	4.0445e-11	-10.0	-2.5
487.5	1.5797e-05	4.2032e-11	-10.0	-2.5
488.0	1.5796e-05	4.1134e-11	-10.0	-2.5
488.5	1.5792e-05	4.3119e-11	-10.0	-2.5
489.0	1.5795e-05	4.3753e-11	-10.0	-2.5
489.5	1.5796e-05	4.3097e-11	-10.0	-2.5
490.0	1.5797e-05	4.6437e-11	-10.0	-2.5
490.5	1.5797e-05	4.6933e-11	-10.0	-2.5
491.0	1.5795e-05	4.8305e-11	-10.0	-2.5
491.5	1.5797e-05	4.078e-11	-10.0	-2.5
492.0	1.5795e-05	5.2035e-11	-10.0	-2.5
492.5	1.5796e-05	5.2508e-11	-10.0	-2.5
493.0	1.5797e-05	5.2177e-11	-10.0	-2.5
493.5	1.5795e-05	5.2171e-11	-10.0	-2.5
494.0	1.5795e-05	5.4324e-11	-10.0	-2.5
494.5	1.5795e-05	5.429e-11	-10.0	-2.5
495.0	1.5796e-05	5.5236e-11	-10.0	-2.5
495.5	1.5794e-05	5.5604e-11	-10.0	-2.5
496.0	1.5798e-05	5.469e-11	-10.0	-2.5
496.5	1.5798e-05	5.9125e-11	-10.0	-2.5
497.0	1.5795e-05	5.9905e-11	-10.0	-2.5
497.5	1.58e-05	5.8943e-11	-10.0	-2.5
498.0	1.58e-05	6.0161e-11	-10.0	-2.5
498.5	1.5798e-05	6.1823e-11	-10.0	-2.5
499.0	1.58e-05	6.1717e-11	-10.0	-2.5
499.5	1.5801e-05	6.3001e-11	-10.0	-2.5
500.0	1.5797e-05	6.4058e-11	-10.0	-2.5
500.5	1.5802e-05	6.4607e-11	-10.0	-2.5
501.0	1.58e-05	6.4839e-11	-10.0	-2.5
501.5	1.5801e-05	6.4185e-11	-10.0	-2.5
502.0	1.58e-05	6.478e-11	-10.0	-2.5
502.5	1.5797e-05	6.5086e-11	-10.0	-2.5
503.0	1.58e-05	6.5209e-11	-10.0	-2.5
503.5	1.5799e-05	6.5575e-11	-10.0	-2.5
504.0	1.58e-05	6.5479e-11	-10.0	-2.5
504.5	1.5802e-05	6.8195e-11	-10.0	-2.5
505.0	1.58e-05	6.7681e-11	-10.0	-2.5
505.5	1.5802e-05	6.7372e-11	-10.0	-2.5
506.0	1.5802e-05	6.9736e-11	-10.0	-2.5
506.5	1.5799e-05	6.8909e-11	-10.0	-2.5
507.0	1.5796e-05	6.9457e-11	-10.0	-2.5
507.5	1.5797e-05	7.0168e-11	-10.0	-2.5
508.0	1.5796e-05	6.9141e-11	-10.0	-2.5
508.5	1.5795e-05	6.8541e-11	-10.0	-2.5
509.0	1.5798e-05	6.991e-11	-10.0	-2.5
509.5	1.58e-05	7.1323e-11	-10.0	-2.5
510.0	1.5802e-05	7.1063e-11	-10.0	-2.5
510.5	1.58e-05	7.1412e-11	-10.0	-2.5
511.0	1.5797e-05	7.2669e-11	-10.0	-2.5
511.5	1.5794e-05	7.364e-11	-10.0	-2.5
512.0	1.5795e-05	7.3699e-11	-10.0	-2.5
512.5	1.5795e-05	7.2019e-11	-10.0	-2.5
513.0	1.5798e-05	7.2321e-11	-10.0	-2.5
513.5	1.5797e-05	7.1784e-11	-10.0	-2.5
514.0	1.5796e-05	7.2808e-11	-10.0	-2.5
514.5	1.5798e-05	7.3833e-11	-10.0	-2.5
515.0	1.5797e-05	7.444e-11	-10.0	-2.5
515.5	1.5801e-05	7.3627e-11	-10.0	-2.5
516.0	1.5802e-05	7.1278e-11	-10.0	-2.5
516.5	1.5802e-05	6.7828e-11	-10.0	-2.5
517.0	1.5804e-05	7.2602e-11	-10.0	-2.5
517.5	1.5803e-05	7.3853e-11	-10.0	-2.5
518.0	1.5805e-05	7.4114e-11	-10.0	-2.5
518.5	1.5804e-05	7.4666e-11	-10.0	-2.5
519.0	1.5802e-05	7.3693e-11	-10.0	-2.5
519.5	1.5803e-05	7.2722e-11	-10.0	-2.5
520.0	1.5802e-05	7.4394e-11	-10.0	-2.5
520.5	1.5801e-05	7.467e-11	-10.0	-2.5
521.0	1.5801e-05	7.3817e-11	-10.0	-2.5
521.5	1.5803e-05	7.4317e-11	-10.0	-2.5
522.0	1.5803e-05	7.458e-11	-10.0	-2.5
522.5	1.5804e-05	7.5581e-11	-10.0	-2.5
523.0	1.5803e-05	7.5216e-11	-10.0	-2.5
523.5	1.5804e-05	7.3901e-11	-10.0	-2.5
524.0	1.5801e-05	7.3335e-11	-10.0	-2.5
524.5	1.58e-05	7.4102e-11	-10.0	-2.5
525.0	1.5801e-05	7.3547e-11	-10.0	-2.5
525.5	1.5802e-05	7.4537e-11	-10.0	-2.5
526.0	1.5799e-05	7.408e-11	-10.0	-2.5
526.5	1.58e-05	7.4296e-11	-10.0	-2.5
527.0	1.58e-05	7.4526e-11	-10.0	-2.5
527.5	1.5799e-05	7.5406e-11	-10.0	-2.5
528.0	1.5801e-05	7.3633e-11	-10.0	-2.5
528.5	1.5799e-05	7.5737e-11	-10.0	-2.5
529.0	1.5797e-05	7.458e-11	-10.0	-2.5
529.5	1.5799e-05	7.5467e-11	-10.0	-2.5
530.0	1.5801e-05	7.6412e-11	-10.0	-2.5
530.5	1.5802e-05	7.7522e-11	-10.0	-2.5
531.0	1.5802e-05	7.6352e-11	-10.0	-2.5
531.5	1.5803e-05	7.5994e-11	-10.0	-2.5
532.0	1.5803e-05	7.6991e-11	-10.0	-2.5
532.5	1.5803e-05	7.5924e-11	-10.0	-2.5
533.0	1.5804e-05	7.537e-11	-10.0	-2.5
533.5	1.5805e-05	7.6786e-11	-10.0	-2.5
534.0	1.5803e-05	7.8222e-11	-10.0	-2.5
534.5	1.5801e-05	7.7584e-11	-10.0	-2.5
535.0	1.5801e-05	7.6213e-11	-10.0	-2.5
535.5	1.5801e-05	7.6625e-11	-10.0	-2.5
536.0	1.5801e-05	7.74e-11	-10.0	-2.5
536.5	1.5804e-05	7.7332e-11	-10.0	-2.5
537.0	1.5801e-05	7.705e-11	-10.0	-2.5
537.5	1.5803e-05	7.7869e-11	-10.0	-2.5
538.0	1.5803e-05	7.926e-11	-10.0	-2.5
538.5	1.5803e-05	7.9482e-11	-10.0	-2.5
539.0	1.5804e-05	7.807e-11	-10.0	-2.5
539.5	1.5803e-05	7.7869e-11	-10.0	-2.5
540.0	1.5805e-05	7.7779e-11	-10.0	-2.5
540.5	1.5804e-05	7.8238e-11	-10.0	-2.5
541.0	1.5803e-05	7.8759e-11	-10.0	-2.5
541.5	1.5805e-05	1.338e-10	-10.0	-2.5
542.0	1.5807e-05	1.4851e-10	-10.0	-2.5
542.5	1.5805e-05	1.4843e-10	-10.0	-2.5
543.0	1.5803e-05	1.4605e-10	-10.0	-2.5
543.5	1.5808e-05	1.4332e-10	-10.0	-2.5
544.0	1.5805e-05	1.4191e-10	-10.0	-2.5
544.5	1.5805e-05	1.3998e-10	-10.0	-2.5
545.0	1.5807e-05	1.3754e-10	-10.0	-2.5
545.5	1.5807e-05	1.3585e-10	-10.0	-2.5
546.0	1.5813e-05	1.3274e-10	-10.0	-2.5
546.5	1.5811e-05	1.3174e-10	-10.0	-2.5
547.0	1.5811e-05	1.2868e-10	-10.0	-2.5
547.5	1.581e-05	1.2899e-10	-10.0	-2.5
548.0	1.581e-05	1.2647e-10	-10.0	-2.5
548.5	1.5811e-05	1.2559e-10	-10.0	-2.5
549.0	1.581e-05	1.2651e-10	-10.0	-2.5
549.5	1.5809e-05	1.237e-10	-10.0	-2.5
550.0	1.581e-05	1.2345e-10	-10.0	-2.5
550.5	1.581e-05	1.2376e-10	-10.0	-2.5
551.0	1.581e-05	1.2254e-10	-10.0	-2.5
551.5	1.5807e-05	1.205e-10	-10.0	-2.5
552.0	1.5812e-05	1.19e-10	-10.0	-2.5
552.5	1.5813e-05	1.1767e-10	-10.0	-2.5
553.0	1.5813e-05	1.178e-10	-10.0	-2.5
553.5	1.5815e-05	1.1583e-10	-10.0	-2.5
554.0	1.5815e-05	1.1542e-10	-10.0	-2.5
554.5	1.5815e-05	1.1488e-10	-10.0	-2.5
555.0	1.5815e-05	1.1374e-10	-10.0	-2.5
555.5	1.5814e-05	1.1383e-10	-10.0	-2.5
556.0	1.5814e-05	1.1375e-10	-10.0	-2.5
556.5	1.5818e-05	1.1326e-10	-10.0	-2.5
557.0	1.5817e-05	1.1174e-10	-10.0	-2.5
557.5	1.5817e-05	1.1081e-10	-10.0	-2.5
558.0	1.5819e-05	1.0961e-10	-10.0	-2.5
558.5	1.5821e-05	1.1043e-10	-10.0	-2.5
559.0	1.5819e-05	1.0986e-10	-10.0	-2.5
559.5	1.5821e-05	1.0967e-10	-10.0	-2.5
560.0	1.5824e-05	1.0774e-10	-10.0	-2.5
560.5	1.5824e-05	1.0733e-10	-10.0	-2.5
561.0	1.5823e-05	1.0788e-10	-10.0	-2.5
561.5	1.5823e-05	1.0743e-10	-10.0	-2.5
562.0	1.5826e-05	1.0702e-10	-10.0	-2.5
562.5	1.5822e-05	1.0811e-10	-10.0	-2.5
563.0	1.5825e-05	1.0519e-10	-10.0	-2.5
563.5	1.5824e-05	1.0491e-10	-10.0	-2.5
564.0	1.5824e-05	1.039e-10	-10.0	-2.5
564.5	1.5824e-05	1.0543e-10	-10.0	-2.5
565.0	1.5826e-05	1.0567e-10	-10.0	-2.5
565.5	1.5827e-05	1.0406e-10	-10.0	-2.5
566.0	1.5825e-05	1.0418e-10	-10.0	-2.5
566.5	1.5828e-05	1.0331e-10	-10.0	-2.5
567.0	1.5828e-05	1.0448e-10	-10.0	-2.5
567.5	1.5825e-05	1.0359e-10	-10.0	-2.5
568.0	1.5827e-05	1.0263e-10	-10.0	-2.5
568.5	1.5826e-05	1.0203e-10	-10.0	-2.5
569.0	1.5828e-05	1.0196e-10	-10.0	-2.5
569.5	1.5826e-05	1.0175e-10	-10.0	-2.5
570.0	1.5825e-05	1.0065e-10	-10.0	-2.5
570.5	1.5825e-05	9.9907e-11	-10.0	-2.5
571.0	1.5827e-05	1.0053e-10	-10.0	-2.5
571.5	1.5827e-05	1.0024e-10	-10.0	-2.5
572.0	1.5825e-05	9.9423e-11	-10.0	-2.5
572.5	1.5832e-05	9.8422e-11	-10.0	-2.5
573.0	1.5832e-05	9.9385e-11	-10.0	-2.5
573.5	1.583e-05	1.0161e-10	-10.0	-2.5
574.0	1.5829e-05	1.0111e-10	-10.0	-2.5
574.5	1.5826e-05	1.0213e-10	-10.0	-2.5
575.0	1.5826e-05	1.0095e-10	-10.0	-2.5
575.5	1.5825e-05	1.0149e-10	-10.0	-2.5
576.0	1.5827e-05	1.0038e-10	-10.0	-2.5
576.5	1.5825e-05	1.0003e-10	-10.0	-2.5
577.0	1.5825e-05	1.0074e-10	-10.0	-2.5
577.5	1.5825e-05	1.0238e-10	-10.0	-2.5
578.0	1.5828e-05	1.0092e-10	-10.0	-2.5
578.5	1.5829e-05	1.0004e-10	-10.0	-2.5
579.0	1.5831e-05	1.0038e-10	-10.0	-2.5
579.5	1.5833e-05	9.9872e-11	-10.0	-2.5
580.0	1.5831e-05	1.0084e-10	-10.0	-2.5
580.5	1.5834e-05	9.9742e-11	-10.0	-2.5
581.0	1.5836e-05	9.9881e-11	-10.0	-2.5
581.5	1.5837e-05	9.925e-11	-10.0	-2.5
582.0	1.5836e-05	9.8819e-11	-10.0	-2.5
582.5	1.5837e-05	9.8982e-11	-10.0	-2.5
583.0	1.5836e-05	9.8034e-11	-10.0	-2.5
583.5	1.5836e-05	9.8443e-11	-10.0	-2.5
584.0	1.584e-05	9.7727e-11	-10.0	-2.5
584.5	1.5841e-05	9.7613e-11	-10.0	-2.5
585.0	1.584e-05	9.7729e-11	-10.0	-2.5
585.5	1.5839e-05	9.7039e-11	-10.0	-2.5
586.0	1.5841e-05	9.7508e-11	-10.0	-2.5
586.5	1.584e-05	9.693e-11	-10.0	-2.5
587.0	1.5843e-05	9.7578e-11	-10.0	-2.5
587.5	1.5842e-05	9.7665e-11	-10.0	-2.5
588.0	1.584e-05	9.8286e-11	-10.0	-2.5
588.5	1.5839e-05	9.7431e-11	-10.0	-2.5
589.0	1.584e-05	9.6742e-11	-10.0	-2.5
589.5	1.584e-05	9.7581e-11	-10.0	-2.5
590.0	1.584e-05	9.7408e-11	-10.0	-2.5
590.5	1.5842e-05	9.5688e-11	-10.0	-2.5
591.0	1.5842e-05	9.609e-11	-10.0	-2.5
591.5	1.5843e-05	9.6388e-11	-10.0	-2.5
592.0	1.5842e-05	9.7578e-11	-10.0	-2.5
592.5	1.5846e-05	9.7512e-11	-10.0	-2.5
593.0	1.5847e-05	9.6217e-11	-10.0	-2.5
593.5	1.5844e-05	9.6842e-11	-10.0	-2.5
594.0	1.5845e-05	9.7224e-11	-10.0	-2.5
594.5	1.5848e-05	9.7289e-11	-10.0	-2.5
595.0	1.5848e-05	9.604e-11	-10.0	-2.5
595.5	1.5845e-05	9.6291e-11	-10.0	-2.5
596.0	1.5849e-05	9.5642e-11	-10.0	-2.5
596.5	1.585e-05	9.6129e-11	-10.0	-2.5
597.0	1.5846e-05	9.5183e-11	-10.0	-2.5
597.5	1.5848e-05	9.4937e-11	-10.0	-2.5
598.0	1.5848e-05	9.4597e-11	-10.0	-2.5
598.5	1.5847e-05	9.4578e-11	-10.0	-2.5
599.0	1.585e-05	9.4479e-11	-10.0	-2.5
599.5	1.5849e-05	9.425e-11	-10.0	-2.5
600.0	1.5848e-05	9.3675e-11	-10.0	-2.5
600.5	1.5848e-05	9.2605e-11	-10.0	-2.5
601.0	1.5849e-05	9.3194e-11	-10.0	-2.5
601.5	1.5847e-05	1.9593e-11	-10.0	-2.5
602.0	1.5847e-05	1.6525e-11	-10.0	-2.5
602.5	1.5848e-05	1.9003e-11	-10.0	-2.5
603.0	1.5848e-05	2.2429e-11	-10.0	-2.5
603.5	1.5851e-05	2.792e-11	-10.0	-2.5
604.0	1.5849e-05	2.9381e-11	-10.0	-2.5
604.5	1.5848e-05	3.1967e-11	-10.0	-2.5
605.0	1.5852e-05	3.3293e-11	-10.0	-2.5
605.5	1.585e-05	3.5853e-11	-10.0	-2.5
606.0	1.5852e-05	3.8034e-11	-10.0	-2.5
606.5	1.5853e-05	3.8948e-11	-10.0	-2.5
607.0	1.5852e-05	4.0647e-11	-10.0	-2.5
607.5	1.5851e-05	4.5537e-11	-10.0	-2.5
608.0	1.5853e-05	4.6775e-11	-10.0	-2.5
608.5	1.5854e-05	4.7566e-11	-10.0	-2.5
609.0	1.5853e-05	4.7896e-11	-10.0	-2.5
609.5	1.585e-05	4.9874e-11	-10.0	-2.5
610.0	1.5853e-05	5.0806e-11	-10.0	-2.5
610.5	1.5853e-05	5.0713e-11	-10.0	-2.5
611.0	1.5853e-05	5.2229e-11	-10.0	-2.5
611.5	1.5853e-05	5.3155e-11	-10.0	-2.5
612.0	1.5853e-05	5.5083e-11	-10.0	-2.5
612.5	1.5852e-05	5.4681e-11	-10.0	-2.5
613.0	1.5852e-05	5.5423e-11	-10.0	-2.5
613.5	1.5853e-05	5.5289e-11	-10.0	-2.5
614.0	1.5851e-05	5.957e-11	-10.0	-2.5
614.5	1.5852e-05	6.0355e-11	-10.0	-2.5
615.0	1.585e-05	6.1387e-11	-10.0	-2.5
615.5	1.5848e-05	6.3846e-11	-10.0	-2.5
616.0	1.5851e-05	6.5184e-11	-10.0	-2.5
616.5	1.5852e-05	6.5124e-11	-10.0	-2.5
617.0	1.585e-05	6.4131e-11	-10.0	-2.5
617.5	1.5849e-05	6.5879e-11	-10.0	-2.5
618.0	1.5851e-05	6.6678e-11	-10.0	-2.5
618.5	1.5851e-05	6.6431e-11	-10.0	-2.5
619.0	1.5851e-05	6.6577e-11	-10.0	-2.5
619.5	1.585e-05	6.8243e-11	-10.0	-2.5
620.0	1.5852e-05	6.842e-11	-10.0	-2.5
620.5	1.5851e-05	6.9678e-11	-10.0	-2.5
621.0	1.5852e-05	6.9218e-11	-10.0	-2.5
621.5	1.5851e-05	7.0829e-11	-10.0	-2.5
622.0	1.5853e-05	7.1372e-11	-10.0	-2.5
622.5	1.5853e-05	7.2333e-11	-10.0	-2.5
623.0	1.5853e-05	6.9211e-11	-10.0	-2.5
623.5	1.5854e-05	7.3379e-11	-10.0	-2.5
624.0	1.5852e-05	7.4983e-11	-10.0	-2.5
624.5	1.5853e-05	7.6107e-11	-10.0	-2.5
625.0	1.5853e-05	7.4608e-11	-10.0	-2.5
625.5	1.5851e-05	7.8077e-11	-10.0	-2.5
626.0	1.5851e-05	7.6567e-11	-10.0	-2.5
626.5	1.5853e-05	7.7857e-11	-10.0	-2.5
627.0	1.585e-05	7.8676e-11	-10.0	-2.5
627.5	1.5851e-05	7.8303e-11	-10.0	-2.5
628.0	1.5853e-05	7.9166e-11	-10.0	-2.5
628.5	1.5854e-05	7.914e-11	-10.0	-2.5
629.0	1.5854e-05	8.1154e-11	-10.0	-2.5
629.5	1.5854e-05	8.4057e-11	-10.0	-2.5
630.0	1.5854e-05	8.2033e-11	-10.0	-2.5
630.5	1.5851e-05	8.2957e-11	-10.0	-2.5
631.0	1.5849e-05	8.132e-11	-10.0	-2.5
631.5	1.5851e-05	8.0495e-11	-10.0	-2.5
632.0	1.5848e-05	8.231e-11	-10.0	-2.5
632.5	1.5852e-05	8.3528e-11	-10.0	-2.5
633.0	1.5851e-05	8.2578e-11	-10.0	-2.5
633.5	1.5849e-05	8.3113e-11	-10.0	-2.5
634.0	1.585e-05	8.1683e-11	-10.0	-2.5
634.5	1.585e-05	8.2133e-11	-10.0	-2.5
635.0	1.5849e-05	8.2333e-11	-10.0	-2.5
635.5	1.5849e-05	8.1602e-11	-10.0	-2.5
636.0	1.5848e-05	8.3356e-11	-10.0	-2.5
636.5	1.5847e-05	8.3629e-11	-10.0	-2.5
637.0	1.5845e-05	8.3445e-11	-10.0	-2.5
637.5	1.585e-05	8.4212e-11	-10.0	-2.5
638.0	1.5849e-05	8.4348e-11	-10.0	-2.5
638.5	1.5851e-05	8.4511e-11	-10.0	-2.5
639.0	1.5851e-05	8.4486e-11	-10.0	-2.5
639.5	1.5851e-05	8.5599e-11	-10.0	-2.5
640.0	1.585e-05	8.4951e-11	-10.0	-2.5
640.5	1.5853e-05	8.382e-11	-10.0	-2.5
641.0	1.5851e-05	8.3032e-11	-10.0	-2.5
641.5	1.5846e-05	8.4917e-11	-10.0	-2.5
642.0	1.5847e-05	8.485e-11	-10.0	-2.5
642.5	1.5846e-05	8.4687e-11	-10.0	-2.5
643.0	1.5847e-05	8.4199e-11	-10.0	-2.5
643.5	1.5847e-05	8.3841e-11	-10.0	-2.5
644.0	1.5844e-05	8.3604e-11	-10.0	-2.5
644.5	1.5843e-05	8.546e-11	-10.0	-2.5
645.0	1.5844e-05	8.4304e-11	-10.0	-2.5
645.5	1.5845e-05	8.4789e-11	-10.0	-2.5
646.0	1.5846e-05	8.5331e-11	-10.0	-2.5
646.5	1.5846e-05	8.5465e-11	-10.0	-2.5
647.0	1.5846e-05	8.4195e-11	-10.0	-2.5
647.5	1.5846e-05	8.5198e-11	-10.0	-2.5
648.0	1.5848e-05	8.6861e-11	-10.0	-2.5
648.5	1.5844e-05	8.6034e-11	-10.0	-2.5
649.0	1.5841e-05	8.7758e-11	-10.0	-2.5
649.5	1.5844e-05	8.6873e-11	-10.0	-2.5
650.0	1.5845e-05	8.6758e-11	-10.0	-2.5
650.5	1.5848e-05	8.6663e-11	-10.0	-2.5
651.0	1.5847e-05	8.6393e-11	-10.0	-2.5
651.5	1.5843e-05	8.8067e-11	-10.0	-2.5
652.0	1.5843e-05	8.773e-11	-10.0	-2.5
652.5	1.5843e-05	8.9539e-11	-10.0	-2.5
653.0	1.5847e-05	8.7149e-11	-10.0	-2.5
653.5	1.5846e-05	8.845e-11	-10.0	-2.5
654.0	1.5847e-05	8.7872e-11	-10.0	-2.5
654.5	1.5845e-05	8.9088e-11	-10.0	-2.5
655.0	1.5847e-05	8.9223e-11	-10.0	-2.5
655.5	1.5847e-05	8.7236e-11	-10.0	-2.5
656.0	1.5845e-05	8.9105e-11	-10.0	-2.5
656.5	1.5848e-05	8.8793e-11	-10.0	-2.5
657.0	1.5847e-05	8.9932e-11	-10.0	-2.5
657.5	1.5847e-05	8.8687e-11	-10.0	-2.5
658.0	1.5849e-05	8.9683e-11	-10.0	-2.5
658.5	1.5848e-05	9.0713e-11	-10.0	-2.5
659.0	1.5851e-05	8.9244e-11	-10.0	-2.5
659.5	1.5848e-05	8.965e-11	-10.0	-2.5
660.0	1.5849e-05	8.9055e-11	-10.0	-2.5
660.5	1.5848e-05	8.7759e-11	-10.0	-2.5
661.0	1.5846e-05	8.993e-11	-10.0	-2.5
661.5	1.585e-05	1.4199e-10	-10.0	-2.5
662.0	1.5855e-05	1.5846e-10	-10.0	-2.5
662.5	1.5856e-05	1.6044e-10	-10.0	-2.5
663.0	1.5853e-05	1.5849e-10	-10.0	-2.5
663.5	1.5854e-05	1.5599e-10	-10.0	-2.5
664.0	1.5856e-05	1.5414e-10	-10.0	-2.5
664.5	1.5856e-05	1.5071e-10	-10.0	-2.5
665.0	1.5854e-05	1.4576e-10	-10.0	-2.5
665.5	1.5854e-05	1.441e-10	-10.0	-2.5
666.0	1.5855e-05	1.4139e-10	-10.0	-2.5
666.5	1.5853e-05	1.4067e-10	-10.0	-2.5
667.0	1.5854e-05	1.3703e-10	-10.0	-2.5
