File Name: 01_Sample14_device3_Itsweep_150kV_100uA_VDrain1V_VGateUpTo30V.dat
File Data: 15/11/2023	13:23:15
Start V: 0
Step V: 0
Stop V: 0
Range V: 20
Delay(ms): 0
Auorange: yes
Sweep type: log
Instrument Meter: SM2614
Time(ms)	Vdrain(V)	Idrain(A)	Vgate(V)	Igate(A)
0.0000E+0	1.0000E+0	5.3409E-11	-5.0000E+1	-4.3565E-10
1.0000E+3	1.0000E+0	1.2851E-11	-5.0000E+1	-1.1027E-10
1.5000E+3	1.0000E+0	8.3661E-12	-5.0000E+1	-8.8395E-11
2.0000E+3	1.0000E+0	6.9284E-12	-5.0000E+1	-7.8852E-11
2.5000E+3	1.0000E+0	5.8806E-12	-5.0000E+1	-7.3659E-11
3.0000E+3	1.0000E+0	5.4610E-12	-5.0000E+1	-6.9500E-11
3.5000E+3	1.0000E+0	5.2214E-12	-5.0000E+1	-6.7054E-11
4.0000E+3	1.0000E+0	-1.3347E-11	-5.0000E+1	-6.4768E-11
4.5000E+3	1.0000E+0	3.8868E-10	-5.0000E+1	-4.8217E-9
5.0000E+3	1.0000E+0	3.7658E-10	-5.0000E+1	-4.8100E-9
5.5000E+3	1.0000E+0	3.7718E-10	-5.0000E+1	-4.8022E-9
6.0000E+3	1.0000E+0	3.7650E-10	-5.0000E+1	-4.8083E-9
6.5000E+3	1.0000E+0	3.7645E-10	-5.0000E+1	-4.8092E-9
7.0000E+3	1.0000E+0	3.7672E-10	-5.0000E+1	-4.8063E-9
7.5000E+3	1.0000E+0	3.7626E-10	-5.0000E+1	-4.8067E-9
8.0000E+3	1.0000E+0	3.7539E-10	-5.0000E+1	-4.8058E-9
8.5000E+3	1.0000E+0	3.7710E-10	-5.0000E+1	-4.8139E-9
9.0000E+3	1.0000E+0	3.7506E-10	-5.0000E+1	-4.8170E-9
9.5000E+3	1.0000E+0	3.7642E-10	-5.0000E+1	-4.8148E-9
1.0000E+4	1.0000E+0	3.7620E-10	-5.0000E+1	-4.8180E-9
1.0500E+4	1.0000E+0	3.7855E-10	-5.0000E+1	-4.8189E-9
1.1000E+4	1.0000E+0	3.7787E-10	-5.0000E+1	-4.8177E-9
1.1500E+4	1.0000E+0	3.7652E-10	-5.0000E+1	-4.8048E-9
1.2000E+4	1.0000E+0	3.7858E-10	-5.0000E+1	-4.8169E-9
1.2500E+4	1.0000E+0	3.7674E-10	-5.0000E+1	-4.8137E-9
1.3000E+4	1.0000E+0	3.7974E-10	-5.0000E+1	-4.8197E-9
1.3500E+4	1.0000E+0	3.7603E-10	-5.0000E+1	-4.8157E-9
1.4000E+4	1.0000E+0	3.7265E-10	-5.0000E+1	-4.8115E-9
1.4500E+4	1.0000E+0	7.5531E-11	-5.0000E+1	-4.5433E-10
1.5000E+4	1.0000E+0	1.7707E-11	-5.0000E+1	-1.2139E-10
1.5500E+4	1.0000E+0	7.5269E-12	-5.0000E+1	-6.6099E-11
1.6000E+4	1.0000E+0	4.5455E-12	-5.0000E+1	-5.2066E-11
1.6500E+4	1.0000E+0	3.6311E-12	-5.0000E+1	-4.7870E-11
1.7000E+4	1.0000E+0	3.1233E-12	-5.0000E+1	-4.6277E-11
1.7500E+4	1.0000E+0	3.2771E-12	-5.0000E+1	-4.5666E-11
1.8000E+4	1.0000E+0	3.1590E-12	-5.0000E+1	-4.5855E-11
1.8500E+4	1.0000E+0	2.9790E-12	-5.0000E+1	-4.5245E-11
1.9000E+4	1.0000E+0	2.8527E-12	-5.0000E+1	-4.4879E-11
1.9500E+4	1.0000E+0	2.8312E-12	-5.0000E+1	-4.4285E-11
2.0000E+4	1.0000E+0	2.7716E-12	-5.0000E+1	-4.4148E-11
2.0500E+4	1.0000E+0	2.7239E-12	-5.0000E+1	-4.4173E-11
2.1000E+4	1.0000E+0	2.7513E-12	-5.0000E+1	-4.3730E-11
2.1500E+4	1.0000E+0	2.6691E-12	-5.0000E+1	-4.3405E-11
2.2000E+4	1.0000E+0	2.5856E-12	-5.0000E+1	-4.3585E-11
2.2500E+4	1.0000E+0	2.6619E-12	-5.0000E+1	-4.3275E-11
2.3000E+4	1.0000E+0	2.7025E-12	-5.0000E+1	-4.3055E-11
2.3500E+4	1.0000E+0	2.7335E-12	-5.0000E+1	-4.2777E-11
2.4000E+4	1.0000E+0	-1.5640E-12	-5.0000E+1	-4.2529E-11
2.4500E+4	1.0000E+0	3.5760E-10	-5.0000E+1	-4.6262E-9
2.5000E+4	1.0000E+0	3.7347E-10	-5.0000E+1	-4.8023E-9
2.5500E+4	1.0000E+0	3.7281E-10	-5.0000E+1	-4.8063E-9
2.6000E+4	1.0000E+0	3.7360E-10	-5.0000E+1	-4.8057E-9
2.6500E+4	1.0000E+0	3.7191E-10	-5.0000E+1	-4.8120E-9
2.7000E+4	1.0000E+0	3.7178E-10	-5.0000E+1	-4.8026E-9
2.7500E+4	1.0000E+0	3.7405E-10	-5.0000E+1	-4.8058E-9
2.8000E+4	1.0000E+0	3.7398E-10	-5.0000E+1	-4.8141E-9
2.8500E+4	1.0000E+0	3.6964E-10	-5.0000E+1	-4.8044E-9
2.9000E+4	1.0000E+0	3.7194E-10	-5.0000E+1	-4.8033E-9
2.9500E+4	1.0000E+0	3.7390E-10	-5.0000E+1	-4.8028E-9
3.0000E+4	1.0000E+0	3.7289E-10	-5.0000E+1	-4.8033E-9
3.0500E+4	1.0000E+0	3.7524E-10	-5.0000E+1	-4.8002E-9
3.1000E+4	1.0000E+0	3.7413E-10	-5.0000E+1	-4.8175E-9
3.1500E+4	1.0000E+0	3.6822E-10	-5.0000E+1	-4.8172E-9
3.2000E+4	1.0000E+0	3.7233E-10	-5.0000E+1	-4.7969E-9
3.2500E+4	1.0000E+0	3.7408E-10	-5.0000E+1	-4.7984E-9
3.3000E+4	1.0000E+0	3.7069E-10	-5.0000E+1	-4.8014E-9
3.3500E+4	1.0000E+0	3.6005E-10	-5.0000E+1	-4.8039E-9
3.4000E+4	1.0000E+0	3.7399E-10	-5.0000E+1	-4.8055E-9
3.4500E+4	1.0000E+0	8.5053E-11	-5.0000E+1	-5.2919E-10
3.5000E+4	1.0000E+0	2.2118E-11	-5.0000E+1	-1.3156E-10
3.5500E+4	1.0000E+0	8.2529E-12	-5.0000E+1	-6.4875E-11
3.6000E+4	1.0000E+0	4.3118E-12	-5.0000E+1	-4.8006E-11
3.6500E+4	1.0000E+0	3.1734E-12	-5.0000E+1	-4.2708E-11
3.7000E+4	1.0000E+0	2.7609E-12	-5.0000E+1	-4.1040E-11
3.7500E+4	1.0000E+0	2.8813E-12	-5.0000E+1	-4.1034E-11
3.8000E+4	1.0000E+0	2.4998E-12	-5.0000E+1	-4.0017E-11
3.8500E+4	1.0000E+0	2.4092E-12	-5.0000E+1	-3.9568E-11
3.9000E+4	1.0000E+0	2.5034E-12	-5.0000E+1	-3.9822E-11
3.9500E+4	1.0000E+0	2.3508E-12	-5.0000E+1	-3.9381E-11
4.0000E+4	1.0000E+0	2.2793E-12	-5.0000E+1	-3.9687E-11
4.0500E+4	1.0000E+0	2.4831E-12	-5.0000E+1	-3.9418E-11
4.1000E+4	1.0000E+0	2.4736E-12	-5.0000E+1	-3.8979E-11
4.1500E+4	1.0000E+0	2.5523E-12	-5.0000E+1	-3.9401E-11
4.2000E+4	1.0000E+0	2.4462E-12	-5.0000E+1	-3.9088E-11
4.2500E+4	1.0000E+0	2.4509E-12	-5.0000E+1	-3.9029E-11
4.3000E+4	1.0000E+0	2.4939E-12	-5.0000E+1	-3.9100E-11
4.3500E+4	1.0000E+0	2.3758E-12	-5.0000E+1	-3.9387E-11
4.4000E+4	1.0000E+0	-1.8263E-12	-5.0000E+1	-3.9612E-11
4.4500E+4	1.0000E+0	3.4579E-10	-5.0000E+1	-4.5528E-9
4.5000E+4	1.0000E+0	3.7326E-10	-5.0000E+1	-4.7891E-9
4.5500E+4	1.0000E+0	3.7486E-10	-5.0000E+1	-4.8019E-9
4.6000E+4	1.0000E+0	3.7317E-10	-5.0000E+1	-4.7926E-9
4.6500E+4	1.0000E+0	3.7537E-10	-5.0000E+1	-4.7981E-9
4.7000E+4	1.0000E+0	3.7497E-10	-5.0000E+1	-4.7933E-9
4.7500E+4	1.0000E+0	3.7367E-10	-5.0000E+1	-4.7917E-9
4.8000E+4	1.0000E+0	3.7528E-10	-5.0000E+1	-4.7938E-9
4.8500E+4	1.0000E+0	3.7197E-10	-5.0000E+1	-4.7913E-9
4.9000E+4	1.0000E+0	3.7535E-10	-5.0000E+1	-4.7905E-9
4.9500E+4	1.0000E+0	3.7380E-10	-5.0000E+1	-4.7858E-9
5.0000E+4	1.0000E+0	3.7285E-10	-5.0000E+1	-4.7914E-9
5.0500E+4	1.0000E+0	3.7238E-10	-5.0000E+1	-4.7967E-9
5.1000E+4	1.0000E+0	3.7195E-10	-5.0000E+1	-4.7883E-9
5.1500E+4	1.0000E+0	3.7242E-10	-5.0000E+1	-4.7827E-9
5.2000E+4	1.0000E+0	3.7286E-10	-5.0000E+1	-4.7921E-9
5.2500E+4	1.0000E+0	3.7188E-10	-5.0000E+1	-4.7924E-9
5.3000E+4	1.0000E+0	3.7273E-10	-5.0000E+1	-4.7905E-9
5.3500E+4	1.0000E+0	3.7321E-10	-5.0000E+1	-4.7867E-9
5.4000E+4	1.0000E+0	3.7222E-10	-5.0000E+1	-4.7933E-9
5.4500E+4	1.0000E+0	9.3774E-11	-5.0000E+1	-6.3495E-10
5.5000E+4	1.0000E+0	2.3134E-11	-5.0000E+1	-1.3632E-10
5.5500E+4	1.0000E+0	8.4055E-12	-5.0000E+1	-6.4020E-11
5.6000E+4	1.0000E+0	4.2021E-12	-5.0000E+1	-4.6009E-11
5.6500E+4	1.0000E+0	3.0744E-12	-5.0000E+1	-4.3434E-11
5.7000E+4	1.0000E+0	2.5904E-12	-5.0000E+1	-3.9109E-11
5.7500E+4	1.0000E+0	2.5225E-12	-5.0000E+1	-3.8685E-11
5.8000E+4	1.0000E+0	2.4700E-12	-5.0000E+1	-3.8449E-11
5.8500E+4	1.0000E+0	2.3472E-12	-5.0000E+1	-3.8554E-11
5.9000E+4	1.0000E+0	2.3401E-12	-5.0000E+1	-3.8134E-11
5.9500E+4	1.0000E+0	2.1696E-12	-5.0000E+1	-3.8177E-11
6.0000E+4	1.0000E+0	2.0492E-12	-5.0000E+1	-3.8247E-11
6.0500E+4	1.0000E+0	2.4080E-12	-5.0000E+1	-3.8145E-11
6.1000E+4	1.0000E+0	2.2006E-12	-5.0000E+1	-3.8127E-11
6.1500E+4	1.0000E+0	2.3508E-12	-5.0000E+1	-3.8338E-11
6.2000E+4	1.0000E+0	2.4688E-12	-5.0000E+1	-3.8105E-11
6.2500E+4	1.0000E+0	2.5964E-12	-5.0000E+1	-3.8252E-11
6.3000E+4	1.0000E+0	2.5129E-12	-5.0000E+1	-3.8629E-11
6.3500E+4	1.0000E+0	2.3675E-12	-5.0000E+1	-3.8536E-11
6.4000E+4	1.0000E+0	1.7571E-12	-5.0000E+1	-3.8378E-11
6.4500E+4	1.0000E+0	3.3205E-10	-5.0000E+1	-4.4738E-9
6.5000E+4	1.0000E+0	3.7561E-10	-5.0000E+1	-4.7798E-9
6.5500E+4	1.0000E+0	3.7411E-10	-5.0000E+1	-4.7813E-9
6.6000E+4	1.0000E+0	3.7409E-10	-5.0000E+1	-4.7790E-9
6.6500E+4	1.0000E+0	3.7224E-10	-5.0000E+1	-4.7753E-9
6.7000E+4	1.0000E+0	3.7270E-10	-5.0000E+1	-4.7776E-9
6.7500E+4	1.0000E+0	3.6927E-10	-5.0000E+1	-4.7753E-9
6.8000E+4	1.0000E+0	3.7244E-10	-5.0000E+1	-4.7763E-9
6.8500E+4	1.0000E+0	3.7241E-10	-5.0000E+1	-4.7807E-9
6.9000E+4	1.0000E+0	3.7227E-10	-5.0000E+1	-4.7763E-9
6.9500E+4	1.0000E+0	3.7124E-10	-5.0000E+1	-4.7753E-9
7.0000E+4	1.0000E+0	3.7010E-10	-5.0000E+1	-4.7748E-9
7.0500E+4	1.0000E+0	3.7010E-10	-5.0000E+1	-4.7683E-9
7.1000E+4	1.0000E+0	3.7067E-10	-5.0000E+1	-4.7735E-9
7.1500E+4	1.0000E+0	3.7068E-10	-5.0000E+1	-4.7732E-9
7.2000E+4	1.0000E+0	3.7113E-10	-5.0000E+1	-4.7740E-9
7.2500E+4	1.0000E+0	3.7186E-10	-5.0000E+1	-4.7738E-9
7.3000E+4	1.0000E+0	3.7124E-10	-5.0000E+1	-4.7717E-9
7.3500E+4	1.0000E+0	3.6856E-10	-5.0000E+1	-4.7692E-9
7.4000E+4	1.0000E+0	3.7077E-10	-5.0000E+1	-4.7699E-9
7.4500E+4	1.0000E+0	1.0574E-10	-5.0000E+1	-8.3697E-10
7.5000E+4	1.0000E+0	2.3509E-11	-5.0000E+1	-1.4241E-10
7.5500E+4	1.0000E+0	7.2670E-12	-5.0000E+1	-6.3254E-11
7.6000E+4	1.0000E+0	3.7289E-12	-5.0000E+1	-4.4855E-11
7.6500E+4	1.0000E+0	2.7466E-12	-5.0000E+1	-3.9771E-11
7.7000E+4	1.0000E+0	2.3484E-12	-5.0000E+1	-3.8142E-11
7.7500E+4	1.0000E+0	2.3723E-12	-5.0000E+1	-3.7794E-11
7.8000E+4	1.0000E+0	2.3258E-12	-5.0000E+1	-3.7537E-11
7.8500E+4	1.0000E+0	2.3472E-12	-5.0000E+1	-3.7445E-11
7.9000E+4	1.0000E+0	2.2578E-12	-5.0000E+1	-3.7298E-11
7.9500E+4	1.0000E+0	2.2912E-12	-5.0000E+1	-3.7309E-11
8.0000E+4	1.0000E+0	2.1219E-12	-5.0000E+1	-3.7355E-11
8.0500E+4	1.0000E+0	4.5676E-8	-1.0000E+1	5.0393E-10
8.1000E+4	1.0000E+0	3.8164E-8	-1.0000E+1	9.9725E-11
8.1500E+4	1.0000E+0	3.3591E-8	-1.0000E+1	4.6366E-11
8.2000E+4	1.0000E+0	3.0821E-8	-1.0000E+1	3.0069E-11
8.2500E+4	1.0000E+0	2.6560E-8	-1.0000E+1	2.3695E-11
8.3000E+4	1.0000E+0	2.4978E-8	-1.0000E+1	1.9599E-11
8.3500E+4	1.0000E+0	2.2625E-8	-1.0000E+1	1.6733E-11
8.4000E+4	1.0000E+0	2.0853E-8	-1.0000E+1	1.4348E-11
8.4500E+4	1.0000E+0	1.9799E-8	-1.0000E+1	-1.1772E-9
8.5000E+4	1.0000E+0	2.0644E-8	-1.0000E+1	-1.4752E-9
8.5500E+4	1.0000E+0	2.0302E-8	-1.0000E+1	-1.5839E-9
8.6000E+4	1.0000E+0	1.8849E-8	-1.0000E+1	-1.6220E-9
8.6500E+4	1.0000E+0	1.6657E-8	-1.0000E+1	-1.6449E-9
8.7000E+4	1.0000E+0	1.7735E-8	-1.0000E+1	-1.6603E-9
8.7500E+4	1.0000E+0	1.5654E-8	-1.0000E+1	-1.6710E-9
8.8000E+4	1.0000E+0	1.5816E-8	-1.0000E+1	-1.6807E-9
8.8500E+4	1.0000E+0	1.4463E-8	-1.0000E+1	-1.6885E-9
8.9000E+4	1.0000E+0	1.4244E-8	-1.0000E+1	-1.6941E-9
8.9500E+4	1.0000E+0	1.3358E-8	-1.0000E+1	-1.7005E-9
9.0000E+4	1.0000E+0	1.3855E-8	-1.0000E+1	-1.7031E-9
9.0500E+4	1.0000E+0	1.2137E-8	-1.0000E+1	-1.7095E-9
9.1000E+4	1.0000E+0	1.2327E-8	-1.0000E+1	-1.7114E-9
9.1500E+4	1.0000E+0	1.1215E-8	-1.0000E+1	-1.7139E-9
9.2000E+4	1.0000E+0	1.2052E-8	-1.0000E+1	-1.7142E-9
9.2500E+4	1.0000E+0	1.1735E-8	-1.0000E+1	-1.7165E-9
9.3000E+4	1.0000E+0	1.1130E-8	-1.0000E+1	-1.7212E-9
9.3500E+4	1.0000E+0	1.1095E-8	-1.0000E+1	-1.7212E-9
9.4000E+4	1.0000E+0	1.0852E-8	-1.0000E+1	-1.7228E-9
9.4500E+4	1.0000E+0	1.0046E-8	-1.0000E+1	-5.4979E-10
9.5000E+4	1.0000E+0	1.0033E-8	-1.0000E+1	-6.1016E-11
9.5500E+4	1.0000E+0	9.9736E-9	-1.0000E+1	-1.7645E-11
9.6000E+4	1.0000E+0	9.6317E-9	-1.0000E+1	-1.0579E-11
9.6500E+4	1.0000E+0	8.5480E-9	-1.0000E+1	-8.9455E-12
9.7000E+4	1.0000E+0	9.2501E-9	-1.0000E+1	-8.8608E-12
9.7500E+4	1.0000E+0	8.8491E-9	-1.0000E+1	-8.8370E-12
9.8000E+4	1.0000E+0	8.6024E-9	-1.0000E+1	-9.0253E-12
9.8500E+4	1.0000E+0	7.8001E-9	-1.0000E+1	-9.2614E-12
9.9000E+4	1.0000E+0	7.6401E-9	-1.0000E+1	-9.3114E-12
9.9500E+4	1.0000E+0	7.1536E-9	-1.0000E+1	-9.8383E-12
1.0000E+5	1.0000E+0	7.5679E-9	-1.0000E+1	-9.7001E-12
1.0050E+5	1.0000E+0	7.0946E-9	-1.0000E+1	-1.0026E-11
1.0100E+5	1.0000E+0	7.0695E-9	-1.0000E+1	-1.0004E-11
1.0150E+5	1.0000E+0	6.8816E-9	-1.0000E+1	-1.0153E-11
1.0200E+5	1.0000E+0	6.3980E-9	-1.0000E+1	-1.0300E-11
1.0250E+5	1.0000E+0	6.1219E-9	-1.0000E+1	-1.0434E-11
1.0300E+5	1.0000E+0	6.3983E-9	-1.0000E+1	-1.0831E-11
1.0350E+5	1.0000E+0	6.8346E-9	-1.0000E+1	-1.1061E-11
1.0400E+5	1.0000E+0	6.3250E-9	-1.0000E+1	-1.0986E-11
1.0450E+5	1.0000E+0	6.9258E-9	-1.0000E+1	-1.5098E-9
1.0500E+5	1.0000E+0	6.6138E-9	-1.0000E+1	-1.7227E-9
1.0550E+5	1.0000E+0	6.4538E-9	-1.0000E+1	-1.7250E-9
1.0600E+5	1.0000E+0	6.0315E-9	-1.0000E+1	-1.7274E-9
1.0650E+5	1.0000E+0	6.0240E-9	-1.0000E+1	-1.7301E-9
1.0700E+5	1.0000E+0	6.0234E-9	-1.0000E+1	-1.7279E-9
1.0750E+5	1.0000E+0	6.2682E-9	-1.0000E+1	-1.7278E-9
1.0800E+5	1.0000E+0	6.1482E-9	-1.0000E+1	-1.7315E-9
1.0850E+5	1.0000E+0	6.1484E-9	-1.0000E+1	-1.7312E-9
1.0900E+5	1.0000E+0	5.8554E-9	-1.0000E+1	-1.7298E-9
1.0950E+5	1.0000E+0	5.2236E-9	-1.0000E+1	-1.7307E-9
1.1000E+5	1.0000E+0	4.8101E-9	-1.0000E+1	-1.7201E-9
1.1050E+5	1.0000E+0	5.0343E-9	-1.0000E+1	-1.7305E-9
1.1100E+5	1.0000E+0	4.8798E-9	-1.0000E+1	-1.7299E-9
1.1150E+5	1.0000E+0	4.4994E-9	-1.0000E+1	-1.7303E-9
1.1200E+5	1.0000E+0	4.5774E-9	-1.0000E+1	-1.7310E-9
1.1250E+5	1.0000E+0	4.1933E-9	-1.0000E+1	-1.7318E-9
1.1300E+5	1.0000E+0	4.0743E-9	-1.0000E+1	-1.7308E-9
1.1350E+5	1.0000E+0	4.0522E-9	-1.0000E+1	-1.7314E-9
1.1400E+5	1.0000E+0	3.9681E-9	-1.0000E+1	-1.7315E-9
1.1450E+5	1.0000E+0	3.1782E-9	-1.0000E+1	-7.7306E-10
1.1500E+5	1.0000E+0	2.7582E-9	-1.0000E+1	-7.6408E-11
1.1550E+5	1.0000E+0	2.5520E-9	-1.0000E+1	-2.5986E-11
1.1600E+5	1.0000E+0	2.4524E-9	-1.0000E+1	-1.6338E-11
1.1650E+5	1.0000E+0	2.3336E-9	-1.0000E+1	-1.4290E-11
1.1700E+5	1.0000E+0	2.2172E-9	-1.0000E+1	-1.3902E-11
1.1750E+5	1.0000E+0	2.0638E-9	-1.0000E+1	-1.3801E-11
1.1800E+5	1.0000E+0	1.9872E-9	-1.0000E+1	-1.3727E-11
1.1850E+5	1.0000E+0	1.8913E-9	-1.0000E+1	-1.3788E-11
1.1900E+5	1.0000E+0	1.7978E-9	-1.0000E+1	-1.4038E-11
1.1950E+5	1.0000E+0	1.7070E-9	-1.0000E+1	-1.3622E-11
1.2000E+5	1.0000E+0	1.6466E-9	-1.0000E+1	-1.4061E-11
1.2050E+5	1.0000E+0	1.5693E-9	-1.0000E+1	-1.3653E-11
1.2100E+5	1.0000E+0	1.4886E-9	-1.0000E+1	-1.3870E-11
1.2150E+5	1.0000E+0	1.4371E-9	-1.0000E+1	-1.3952E-11
1.2200E+5	1.0000E+0	1.3449E-9	-1.0000E+1	-1.4093E-11
1.2250E+5	1.0000E+0	1.2929E-9	-1.0000E+1	-1.4006E-11
1.2300E+5	1.0000E+0	1.2214E-9	-1.0000E+1	-1.4002E-11
1.2350E+5	1.0000E+0	1.1519E-9	-1.0000E+1	-1.4095E-11
1.2400E+5	1.0000E+0	1.0825E-9	-1.0000E+1	-1.4275E-11
1.2450E+5	1.0000E+0	1.6675E-9	-1.0000E+1	-1.3596E-9
1.2500E+5	1.0000E+0	1.7431E-9	-1.0000E+1	-1.7168E-9
1.2550E+5	1.0000E+0	1.6533E-9	-1.0000E+1	-1.7317E-9
1.2600E+5	1.0000E+0	1.5455E-9	-1.0000E+1	-1.7316E-9
1.2650E+5	1.0000E+0	1.4654E-9	-1.0000E+1	-1.7311E-9
1.2700E+5	1.0000E+0	1.3964E-9	-1.0000E+1	-1.7307E-9
1.2750E+5	1.0000E+0	1.3134E-9	-1.0000E+1	-1.7310E-9
1.2800E+5	1.0000E+0	1.2347E-9	-1.0000E+1	-1.7314E-9
1.2850E+5	1.0000E+0	1.1538E-9	-1.0000E+1	-1.7302E-9
1.2900E+5	1.0000E+0	1.0904E-9	-1.0000E+1	-1.7305E-9
1.2950E+5	1.0000E+0	1.0311E-9	-1.0000E+1	-1.7317E-9
1.3000E+5	1.0000E+0	9.7287E-10	-1.0000E+1	-1.7296E-9
1.3050E+5	1.0000E+0	9.1556E-10	-1.0000E+1	-1.7309E-9
1.3100E+5	1.0000E+0	8.6794E-10	-1.0000E+1	-1.7284E-9
1.3150E+5	1.0000E+0	8.1654E-10	-1.0000E+1	-1.7305E-9
1.3200E+5	1.0000E+0	7.6307E-10	-1.0000E+1	-1.7292E-9
1.3250E+5	1.0000E+0	7.1941E-10	-1.0000E+1	-1.7291E-9
1.3300E+5	1.0000E+0	6.8364E-10	-1.0000E+1	-1.7293E-9
1.3350E+5	1.0000E+0	6.5312E-10	-1.0000E+1	-1.7295E-9
1.3400E+5	1.0000E+0	6.2188E-10	-1.0000E+1	-1.7282E-9
1.3450E+5	1.0000E+0	3.1235E-10	-1.0000E+1	-9.7732E-10
1.3500E+5	1.0000E+0	1.9350E-10	-1.0000E+1	-8.3522E-11
1.3550E+5	1.0000E+0	1.7365E-10	-1.0000E+1	-2.8206E-11
1.3600E+5	1.0000E+0	1.6897E-10	-1.0000E+1	-1.7774E-11
1.3650E+5	1.0000E+0	1.6869E-10	-1.0000E+1	-1.5422E-11
1.3700E+5	1.0000E+0	1.6761E-10	-1.0000E+1	-1.5074E-11
1.3750E+5	1.0000E+0	1.6057E-10	-1.0000E+1	-1.4862E-11
1.3800E+5	1.0000E+0	1.5699E-10	-1.0000E+1	-1.4600E-11
1.3850E+5	1.0000E+0	1.5160E-10	-1.0000E+1	-1.4762E-11
1.3900E+5	1.0000E+0	1.4699E-10	-1.0000E+1	-1.4714E-11
1.3950E+5	1.0000E+0	1.4115E-10	-1.0000E+1	-1.4763E-11
1.4000E+5	1.0000E+0	1.3603E-10	-1.0000E+1	-1.4744E-11
1.4050E+5	1.0000E+0	1.3356E-10	-1.0000E+1	-1.4845E-11
1.4100E+5	1.0000E+0	1.3079E-10	-1.0000E+1	-1.4799E-11
1.4150E+5	1.0000E+0	1.2637E-10	-1.0000E+1	-1.5029E-11
1.4200E+5	1.0000E+0	1.2179E-10	-1.0000E+1	-1.4945E-11
1.4250E+5	1.0000E+0	1.1736E-10	-1.0000E+1	-1.4803E-11
1.4300E+5	1.0000E+0	1.1422E-10	-1.0000E+1	-1.4749E-11
1.4350E+5	1.0000E+0	1.1092E-10	-1.0000E+1	-1.4913E-11
1.4400E+5	1.0000E+0	1.0898E-10	-1.0000E+1	-1.4992E-11
1.4450E+5	1.0000E+0	3.7902E-10	-1.0000E+1	-1.1505E-9
1.4500E+5	1.0000E+0	4.4578E-10	-1.0000E+1	-1.7144E-9
1.4550E+5	1.0000E+0	4.2995E-10	-1.0000E+1	-1.7294E-9
1.4600E+5	1.0000E+0	4.1145E-10	-1.0000E+1	-1.7301E-9
1.4650E+5	1.0000E+0	3.9909E-10	-1.0000E+1	-1.7285E-9
1.4700E+5	1.0000E+0	3.8680E-10	-1.0000E+1	-1.7305E-9
1.4750E+5	1.0000E+0	3.7570E-10	-1.0000E+1	-1.7286E-9
1.4800E+5	1.0000E+0	3.6646E-10	-1.0000E+1	-1.7273E-9
1.4850E+5	1.0000E+0	3.5799E-10	-1.0000E+1	-1.7276E-9
1.4900E+5	1.0000E+0	3.4901E-10	-1.0000E+1	-1.7264E-9
1.4950E+5	1.0000E+0	3.4403E-10	-1.0000E+1	-1.7280E-9
1.5000E+5	1.0000E+0	3.3619E-10	-1.0000E+1	-1.7290E-9
1.5050E+5	1.0000E+0	3.3096E-10	-1.0000E+1	-1.7260E-9
1.5100E+5	1.0000E+0	3.2525E-10	-1.0000E+1	-1.7265E-9
1.5150E+5	1.0000E+0	3.1848E-10	-1.0000E+1	-1.7270E-9
1.5200E+5	1.0000E+0	3.1481E-10	-1.0000E+1	-1.7268E-9
1.5250E+5	1.0000E+0	3.1077E-10	-1.0000E+1	-1.7278E-9
1.5300E+5	1.0000E+0	3.0684E-10	-1.0000E+1	-1.7273E-9
1.5350E+5	1.0000E+0	3.0194E-10	-1.0000E+1	-1.7260E-9
1.5400E+5	1.0000E+0	2.9774E-10	-1.0000E+1	-1.7251E-9
1.5450E+5	1.0000E+0	1.2639E-10	-1.0000E+1	-1.1780E-9
1.5500E+5	1.0000E+0	4.7622E-11	-1.0000E+1	-9.1004E-11
1.5550E+5	1.0000E+0	3.4454E-11	-1.0000E+1	-2.9643E-11
1.5600E+5	1.0000E+0	3.2210E-11	-1.0000E+1	-1.8601E-11
1.5650E+5	1.0000E+0	3.2197E-11	-1.0000E+1	-1.6347E-11
1.5700E+5	1.0000E+0	3.3051E-11	-1.0000E+1	-1.5575E-11
1.5750E+5	1.0000E+0	3.2872E-11	-1.0000E+1	-1.5667E-11
1.5800E+5	1.0000E+0	3.3207E-11	-1.0000E+1	-1.5495E-11
1.5850E+5	1.0000E+0	3.2655E-11	-1.0000E+1	-1.5328E-11
1.5900E+5	1.0000E+0	3.2420E-11	-1.0000E+1	-1.5433E-11
1.5950E+5	1.0000E+0	3.2117E-11	-1.0000E+1	-1.5298E-11
1.6000E+5	1.0000E+0	3.2861E-11	-1.0000E+1	-1.5383E-11
1.6050E+5	1.0000E+0	5.1815E-8	1.0000E+0	5.3982E-10
1.6100E+5	1.0000E+0	5.0141E-8	1.0000E+0	8.2734E-11
1.6150E+5	1.0000E+0	4.8941E-8	1.0000E+0	3.2359E-11
1.6200E+5	1.0000E+0	4.8428E-8	1.0000E+0	2.1241E-11
1.6250E+5	1.0000E+0	4.3063E-8	1.0000E+0	1.8038E-11
1.6300E+5	1.0000E+0	4.3627E-8	1.0000E+0	1.6571E-11
1.6350E+5	1.0000E+0	4.1850E-8	1.0000E+0	1.5473E-11
1.6400E+5	1.0000E+0	4.1941E-8	1.0000E+0	1.4820E-11
1.6450E+5	1.0000E+0	3.9043E-8	1.0000E+0	1.3246E-10
1.6500E+5	1.0000E+0	3.9313E-8	1.0000E+0	3.4229E-10
1.6550E+5	1.0000E+0	4.0272E-8	1.0000E+0	3.3715E-10
1.6600E+5	1.0000E+0	3.8066E-8	1.0000E+0	3.3023E-10
1.6650E+5	1.0000E+0	3.7422E-8	1.0000E+0	3.2651E-10
1.6700E+5	1.0000E+0	3.6263E-8	1.0000E+0	3.2326E-10
1.6750E+5	1.0000E+0	3.4358E-8	1.0000E+0	3.2306E-10
1.6800E+5	1.0000E+0	3.3307E-8	1.0000E+0	3.2059E-10
1.6850E+5	1.0000E+0	3.0003E-8	1.0000E+0	3.1766E-10
1.6900E+5	1.0000E+0	3.0192E-8	1.0000E+0	3.1770E-10
1.6950E+5	1.0000E+0	3.0795E-8	1.0000E+0	3.1614E-10
1.7000E+5	1.0000E+0	3.1563E-8	1.0000E+0	3.1452E-10
1.7050E+5	1.0000E+0	3.0718E-8	1.0000E+0	3.1380E-10
1.7100E+5	1.0000E+0	3.2402E-8	1.0000E+0	3.1569E-10
1.7150E+5	1.0000E+0	3.1317E-8	1.0000E+0	3.1428E-10
1.7200E+5	1.0000E+0	3.0799E-8	1.0000E+0	3.0914E-10
1.7250E+5	1.0000E+0	3.0324E-8	1.0000E+0	3.0930E-10
1.7300E+5	1.0000E+0	2.8975E-8	1.0000E+0	3.0932E-10
1.7350E+5	1.0000E+0	2.7462E-8	1.0000E+0	3.0963E-10
1.7400E+5	1.0000E+0	2.9746E-8	1.0000E+0	3.0857E-10
1.7450E+5	1.0000E+0	2.8400E-8	1.0000E+0	2.8312E-10
1.7500E+5	1.0000E+0	2.9044E-8	1.0000E+0	5.9503E-11
1.7550E+5	1.0000E+0	2.9586E-8	1.0000E+0	1.9124E-11
1.7600E+5	1.0000E+0	2.8349E-8	1.0000E+0	1.0485E-11
1.7650E+5	1.0000E+0	2.6386E-8	1.0000E+0	8.4126E-12
1.7700E+5	1.0000E+0	2.6105E-8	1.0000E+0	8.1122E-12
1.7750E+5	1.0000E+0	2.7064E-8	1.0000E+0	7.9310E-12
1.7800E+5	1.0000E+0	2.5122E-8	1.0000E+0	7.6282E-12
1.7850E+5	1.0000E+0	2.5585E-8	1.0000E+0	7.5436E-12
1.7900E+5	1.0000E+0	2.6540E-8	1.0000E+0	7.5066E-12
1.7950E+5	1.0000E+0	2.4721E-8	1.0000E+0	7.4053E-12
1.8000E+5	1.0000E+0	2.4588E-8	1.0000E+0	7.3075E-12
1.8050E+5	1.0000E+0	2.3825E-8	1.0000E+0	7.2312E-12
1.8100E+5	1.0000E+0	2.3277E-8	1.0000E+0	7.3266E-12
1.8150E+5	1.0000E+0	2.3188E-8	1.0000E+0	7.1502E-12
1.8200E+5	1.0000E+0	2.3498E-8	1.0000E+0	6.7341E-12
1.8250E+5	1.0000E+0	2.3527E-8	1.0000E+0	6.8104E-12
1.8300E+5	1.0000E+0	2.3242E-8	1.0000E+0	6.8986E-12
1.8350E+5	1.0000E+0	2.2801E-8	1.0000E+0	6.7759E-12
1.8400E+5	1.0000E+0	2.2929E-8	1.0000E+0	6.6984E-12
1.8450E+5	1.0000E+0	2.1811E-8	1.0000E+0	6.2907E-11
1.8500E+5	1.0000E+0	2.1079E-8	1.0000E+0	2.8175E-10
1.8550E+5	1.0000E+0	2.0437E-8	1.0000E+0	3.0183E-10
1.8600E+5	1.0000E+0	2.0625E-8	1.0000E+0	3.0317E-10
1.8650E+5	1.0000E+0	1.9909E-8	1.0000E+0	3.0348E-10
1.8700E+5	1.0000E+0	1.8855E-8	1.0000E+0	3.0183E-10
1.8750E+5	1.0000E+0	1.8119E-8	1.0000E+0	3.0135E-10
1.8800E+5	1.0000E+0	1.7772E-8	1.0000E+0	3.0107E-10
1.8850E+5	1.0000E+0	1.7351E-8	1.0000E+0	3.0093E-10
1.8900E+5	1.0000E+0	1.7182E-8	1.0000E+0	3.0033E-10
1.8950E+5	1.0000E+0	1.6373E-8	1.0000E+0	2.9895E-10
1.9000E+5	1.0000E+0	1.5526E-8	1.0000E+0	2.9904E-10
1.9050E+5	1.0000E+0	1.5723E-8	1.0000E+0	2.9816E-10
1.9100E+5	1.0000E+0	1.5179E-8	1.0000E+0	2.9754E-10
1.9150E+5	1.0000E+0	1.4585E-8	1.0000E+0	2.9663E-10
1.9200E+5	1.0000E+0	1.4208E-8	1.0000E+0	2.9639E-10
1.9250E+5	1.0000E+0	1.3797E-8	1.0000E+0	2.9616E-10
1.9300E+5	1.0000E+0	1.3443E-8	1.0000E+0	2.9551E-10
1.9350E+5	1.0000E+0	1.2828E-8	1.0000E+0	2.9520E-10
1.9400E+5	1.0000E+0	1.2393E-8	1.0000E+0	2.9387E-10
1.9450E+5	1.0000E+0	1.2318E-8	1.0000E+0	2.8395E-10
1.9500E+5	1.0000E+0	1.2593E-8	1.0000E+0	5.8568E-11
1.9550E+5	1.0000E+0	1.2089E-8	1.0000E+0	1.6581E-11
1.9600E+5	1.0000E+0	1.1770E-8	1.0000E+0	7.7116E-12
1.9650E+5	1.0000E+0	1.1517E-8	1.0000E+0	6.2990E-12
1.9700E+5	1.0000E+0	1.0907E-8	1.0000E+0	5.8627E-12
1.9750E+5	1.0000E+0	1.0643E-8	1.0000E+0	5.5242E-12
1.9800E+5	1.0000E+0	1.0318E-8	1.0000E+0	5.4800E-12
1.9850E+5	1.0000E+0	9.7579E-9	1.0000E+0	5.6541E-12
1.9900E+5	1.0000E+0	9.4458E-9	1.0000E+0	5.7352E-12
1.9950E+5	1.0000E+0	9.1159E-9	1.0000E+0	5.6219E-12
2.0000E+5	1.0000E+0	8.5843E-9	1.0000E+0	5.4347E-12
2.0050E+5	1.0000E+0	8.2468E-9	1.0000E+0	5.4598E-12
2.0100E+5	1.0000E+0	7.9422E-9	1.0000E+0	5.4944E-12
2.0150E+5	1.0000E+0	7.7112E-9	1.0000E+0	5.3084E-12
2.0200E+5	1.0000E+0	7.3241E-9	1.0000E+0	5.3239E-12
2.0250E+5	1.0000E+0	7.0563E-9	1.0000E+0	5.4073E-12
2.0300E+5	1.0000E+0	6.7205E-9	1.0000E+0	5.1904E-12
2.0350E+5	1.0000E+0	6.4499E-9	1.0000E+0	5.3096E-12
2.0400E+5	1.0000E+0	6.1802E-9	1.0000E+0	5.1713E-12
2.0450E+5	1.0000E+0	5.2893E-9	1.0000E+0	4.2480E-11
2.0500E+5	1.0000E+0	4.4317E-9	1.0000E+0	2.6634E-10
2.0550E+5	1.0000E+0	4.1509E-9	1.0000E+0	2.8937E-10
2.0600E+5	1.0000E+0	3.9287E-9	1.0000E+0	2.9064E-10
2.0650E+5	1.0000E+0	3.7351E-9	1.0000E+0	2.9153E-10
2.0700E+5	1.0000E+0	3.5279E-9	1.0000E+0	2.9076E-10
2.0750E+5	1.0000E+0	3.3915E-9	1.0000E+0	2.9113E-10
2.0800E+5	1.0000E+0	3.1978E-9	1.0000E+0	2.9008E-10
2.0850E+5	1.0000E+0	3.0397E-9	1.0000E+0	2.9025E-10
2.0900E+5	1.0000E+0	2.8409E-9	1.0000E+0	2.8949E-10
2.0950E+5	1.0000E+0	2.6555E-9	1.0000E+0	2.8832E-10
2.1000E+5	1.0000E+0	2.5195E-9	1.0000E+0	2.8839E-10
2.1050E+5	1.0000E+0	2.3758E-9	1.0000E+0	2.8768E-10
2.1100E+5	1.0000E+0	2.2463E-9	1.0000E+0	2.8734E-10
2.1150E+5	1.0000E+0	2.1503E-9	1.0000E+0	2.8666E-10
2.1200E+5	1.0000E+0	2.0276E-9	1.0000E+0	2.8602E-10
2.1250E+5	1.0000E+0	1.9443E-9	1.0000E+0	2.8621E-10
2.1300E+5	1.0000E+0	1.8385E-9	1.0000E+0	2.8509E-10
2.1350E+5	1.0000E+0	1.7388E-9	1.0000E+0	2.8562E-10
2.1400E+5	1.0000E+0	1.6366E-9	1.0000E+0	2.8480E-10
2.1450E+5	1.0000E+0	1.5873E-9	1.0000E+0	2.8277E-10
2.1500E+5	1.0000E+0	1.9527E-9	1.0000E+0	6.1655E-11
2.1550E+5	1.0000E+0	1.9118E-9	1.0000E+0	1.6528E-11
2.1600E+5	1.0000E+0	1.8178E-9	1.0000E+0	7.2765E-12
2.1650E+5	1.0000E+0	1.7140E-9	1.0000E+0	5.1999E-12
2.1700E+5	1.0000E+0	1.6197E-9	1.0000E+0	4.7696E-12
2.1750E+5	1.0000E+0	1.5401E-9	1.0000E+0	4.8828E-12
2.1800E+5	1.0000E+0	1.4930E-9	1.0000E+0	4.5562E-12
2.1850E+5	1.0000E+0	1.4372E-9	1.0000E+0	4.5133E-12
2.1900E+5	1.0000E+0	1.3781E-9	1.0000E+0	4.8494E-12
2.1950E+5	1.0000E+0	1.3074E-9	1.0000E+0	4.6885E-12
2.2000E+5	1.0000E+0	1.2256E-9	1.0000E+0	4.6861E-12
2.2050E+5	1.0000E+0	1.1752E-9	1.0000E+0	4.6396E-12
2.2100E+5	1.0000E+0	1.1375E-9	1.0000E+0	4.5192E-12
2.2150E+5	1.0000E+0	1.0994E-9	1.0000E+0	4.7100E-12
2.2200E+5	1.0000E+0	1.0613E-9	1.0000E+0	4.8780E-12
2.2250E+5	1.0000E+0	1.0252E-9	1.0000E+0	4.7123E-12
2.2300E+5	1.0000E+0	9.7767E-10	1.0000E+0	4.6873E-12
2.2350E+5	1.0000E+0	9.3377E-10	1.0000E+0	4.6825E-12
2.2400E+5	1.0000E+0	8.9635E-10	1.0000E+0	4.6158E-12
2.2450E+5	1.0000E+0	8.4089E-10	1.0000E+0	2.5963E-11
2.2500E+5	1.0000E+0	6.3102E-10	1.0000E+0	2.5456E-10
2.2550E+5	1.0000E+0	5.9800E-10	1.0000E+0	2.7963E-10
2.2600E+5	1.0000E+0	5.8001E-10	1.0000E+0	2.8287E-10
2.2650E+5	1.0000E+0	5.7953E-10	1.0000E+0	2.8286E-10
2.2700E+5	1.0000E+0	5.5208E-10	1.0000E+0	2.8159E-10
2.2750E+5	1.0000E+0	5.4169E-10	1.0000E+0	2.8221E-10
2.2800E+5	1.0000E+0	5.2900E-10	1.0000E+0	2.8121E-10
2.2850E+5	1.0000E+0	5.2012E-10	1.0000E+0	2.8130E-10
2.2900E+5	1.0000E+0	5.1058E-10	1.0000E+0	2.8147E-10
2.2950E+5	1.0000E+0	4.9217E-10	1.0000E+0	2.8071E-10
2.3000E+5	1.0000E+0	4.8118E-10	1.0000E+0	2.7995E-10
2.3050E+5	1.0000E+0	4.6487E-10	1.0000E+0	2.8043E-10
2.3100E+5	1.0000E+0	4.5733E-10	1.0000E+0	2.7940E-10
2.3150E+5	1.0000E+0	4.4233E-10	1.0000E+0	2.7899E-10
2.3200E+5	1.0000E+0	4.2658E-10	1.0000E+0	2.7848E-10
2.3250E+5	1.0000E+0	4.1433E-10	1.0000E+0	2.7848E-10
2.3300E+5	1.0000E+0	4.0026E-10	1.0000E+0	2.7784E-10
2.3350E+5	1.0000E+0	3.9117E-10	1.0000E+0	2.7748E-10
2.3400E+5	1.0000E+0	3.8258E-10	1.0000E+0	2.7627E-10
2.3450E+5	1.0000E+0	2.6744E-10	1.0000E+0	2.7593E-10
2.3500E+5	1.0000E+0	3.6970E-10	1.0000E+0	6.4232E-11
2.3550E+5	1.0000E+0	3.7456E-10	1.0000E+0	1.6439E-11
2.3600E+5	1.0000E+0	3.5427E-10	1.0000E+0	6.5863E-12
2.3650E+5	1.0000E+0	3.3853E-10	1.0000E+0	4.6968E-12
2.3700E+5	1.0000E+0	3.2374E-10	1.0000E+0	4.5526E-12
2.3750E+5	1.0000E+0	3.0916E-10	1.0000E+0	4.2355E-12
2.3800E+5	1.0000E+0	3.0665E-10	1.0000E+0	4.1413E-12
2.3850E+5	1.0000E+0	2.9966E-10	1.0000E+0	4.3094E-12
2.3900E+5	1.0000E+0	2.8873E-10	1.0000E+0	4.2808E-12
2.3950E+5	1.0000E+0	2.7966E-10	1.0000E+0	4.0436E-12
2.4000E+5	1.0000E+0	2.6973E-10	1.0000E+0	4.0460E-12
2.4050E+5	1.0000E+0	5.8074E-9	2.0000E+0	3.8098E-10
2.4100E+5	1.0000E+0	6.4733E-9	2.0000E+0	7.4183E-11
2.4150E+5	1.0000E+0	6.2081E-9	2.0000E+0	2.6348E-11
2.4200E+5	1.0000E+0	5.7641E-9	2.0000E+0	1.3993E-11
2.4250E+5	1.0000E+0	5.3827E-9	2.0000E+0	9.3186E-12
2.4300E+5	1.0000E+0	5.0382E-9	2.0000E+0	8.0240E-12
2.4350E+5	1.0000E+0	4.7094E-9	2.0000E+0	7.6842E-12
2.4400E+5	1.0000E+0	4.3868E-9	2.0000E+0	7.4840E-12
2.4450E+5	1.0000E+0	3.5596E-9	2.0000E+0	3.1270E-11
2.4500E+5	1.0000E+0	2.5370E-9	2.0000E+0	4.9675E-10
2.4550E+5	1.0000E+0	2.2789E-9	2.0000E+0	5.2288E-10
2.4600E+5	1.0000E+0	2.1273E-9	2.0000E+0	5.2405E-10
2.4650E+5	1.0000E+0	1.9872E-9	2.0000E+0	5.2429E-10
2.4700E+5	1.0000E+0	1.8745E-9	2.0000E+0	5.2304E-10
2.4750E+5	1.0000E+0	1.7610E-9	2.0000E+0	5.2214E-10
2.4800E+5	1.0000E+0	1.6402E-9	2.0000E+0	5.2205E-10
2.4850E+5	1.0000E+0	1.5276E-9	2.0000E+0	5.2086E-10
2.4900E+5	1.0000E+0	1.4462E-9	2.0000E+0	5.2046E-10
2.4950E+5	1.0000E+0	1.3790E-9	2.0000E+0	5.1950E-10
2.5000E+5	1.0000E+0	1.2966E-9	2.0000E+0	5.1935E-10
2.5050E+5	1.0000E+0	1.2168E-9	2.0000E+0	5.1811E-10
2.5100E+5	1.0000E+0	1.1505E-9	2.0000E+0	5.1884E-10
2.5150E+5	1.0000E+0	1.0831E-9	2.0000E+0	5.1736E-10
2.5200E+5	1.0000E+0	1.0166E-9	2.0000E+0	5.1746E-10
2.5250E+5	1.0000E+0	9.6161E-10	2.0000E+0	5.1651E-10
2.5300E+5	1.0000E+0	9.1123E-10	2.0000E+0	5.1530E-10
2.5350E+5	1.0000E+0	8.6459E-10	2.0000E+0	5.1502E-10
2.5400E+5	1.0000E+0	8.4669E-10	2.0000E+0	5.1475E-10
2.5450E+5	1.0000E+0	7.7125E-10	2.0000E+0	5.1499E-10
2.5500E+5	1.0000E+0	1.1403E-9	2.0000E+0	8.6555E-11
2.5550E+5	1.0000E+0	1.1572E-9	2.0000E+0	2.2616E-11
2.5600E+5	1.0000E+0	1.0832E-9	2.0000E+0	9.8383E-12
2.5650E+5	1.0000E+0	1.0080E-9	2.0000E+0	7.2050E-12
2.5700E+5	1.0000E+0	9.3154E-10	2.0000E+0	6.7484E-12
2.5750E+5	1.0000E+0	8.7250E-10	2.0000E+0	6.7282E-12
2.5800E+5	1.0000E+0	8.2446E-10	2.0000E+0	6.7735E-12
2.5850E+5	1.0000E+0	7.8250E-10	2.0000E+0	6.6650E-12
2.5900E+5	1.0000E+0	7.4658E-10	2.0000E+0	6.7615E-12
2.5950E+5	1.0000E+0	7.0391E-10	2.0000E+0	6.6102E-12
2.6000E+5	1.0000E+0	6.7707E-10	2.0000E+0	6.7866E-12
2.6050E+5	1.0000E+0	6.5636E-10	2.0000E+0	6.5064E-12
2.6100E+5	1.0000E+0	6.2914E-10	2.0000E+0	6.5684E-12
2.6150E+5	1.0000E+0	6.0594E-10	2.0000E+0	6.6865E-12
2.6200E+5	1.0000E+0	5.8903E-10	2.0000E+0	6.7234E-12
2.6250E+5	1.0000E+0	5.6549E-10	2.0000E+0	6.5672E-12
2.6300E+5	1.0000E+0	5.4909E-10	2.0000E+0	6.6328E-12
2.6350E+5	1.0000E+0	5.2731E-10	2.0000E+0	6.5803E-12
2.6400E+5	1.0000E+0	5.0784E-10	2.0000E+0	6.6614E-12
2.6450E+5	1.0000E+0	5.5384E-10	2.0000E+0	1.0461E-11
2.6500E+5	1.0000E+0	3.6322E-10	2.0000E+0	4.8001E-10
2.6550E+5	1.0000E+0	3.4867E-10	2.0000E+0	5.1145E-10
2.6600E+5	1.0000E+0	3.4711E-10	2.0000E+0	5.1351E-10
2.6650E+5	1.0000E+0	3.5002E-10	2.0000E+0	5.1356E-10
2.6700E+5	1.0000E+0	3.4324E-10	2.0000E+0	5.1382E-10
2.6750E+5	1.0000E+0	3.3688E-10	2.0000E+0	5.1259E-10
2.6800E+5	1.0000E+0	3.3422E-10	2.0000E+0	5.1246E-10
2.6850E+5	1.0000E+0	3.3114E-10	2.0000E+0	5.1278E-10
2.6900E+5	1.0000E+0	3.2862E-10	2.0000E+0	5.1289E-10
2.6950E+5	1.0000E+0	3.2420E-10	2.0000E+0	5.1123E-10
2.7000E+5	1.0000E+0	3.1913E-10	2.0000E+0	5.1096E-10
2.7050E+5	1.0000E+0	3.1516E-10	2.0000E+0	5.1006E-10
2.7100E+5	1.0000E+0	3.1003E-10	2.0000E+0	5.1020E-10
2.7150E+5	1.0000E+0	3.0961E-10	2.0000E+0	5.0934E-10
2.7200E+5	1.0000E+0	3.0120E-10	2.0000E+0	5.0959E-10
2.7250E+5	1.0000E+0	2.9846E-10	2.0000E+0	5.0905E-10
2.7300E+5	1.0000E+0	2.9274E-10	2.0000E+0	5.0832E-10
2.7350E+5	1.0000E+0	2.8532E-10	2.0000E+0	5.0808E-10
2.7400E+5	1.0000E+0	2.8496E-10	2.0000E+0	5.0792E-10
2.7450E+5	1.0000E+0	2.2168E-10	2.0000E+0	5.0707E-10
2.7500E+5	1.0000E+0	2.7625E-10	2.0000E+0	9.1475E-11
2.7550E+5	1.0000E+0	2.9748E-10	2.0000E+0	2.3246E-11
2.7600E+5	1.0000E+0	2.8521E-10	2.0000E+0	9.6071E-12
2.7650E+5	1.0000E+0	2.7244E-10	2.0000E+0	7.1526E-12
2.7700E+5	1.0000E+0	2.5790E-10	2.0000E+0	6.5076E-12
2.7750E+5	1.0000E+0	2.4317E-10	2.0000E+0	6.4349E-12
2.7800E+5	1.0000E+0	2.3256E-10	2.0000E+0	6.3586E-12
2.7850E+5	1.0000E+0	2.1974E-10	2.0000E+0	6.1536E-12
2.7900E+5	1.0000E+0	2.1391E-10	2.0000E+0	6.1810E-12
2.7950E+5	1.0000E+0	2.1012E-10	2.0000E+0	6.0296E-12
2.8000E+5	1.0000E+0	2.0527E-10	2.0000E+0	6.3133E-12
2.8050E+5	1.0000E+0	2.0104E-10	2.0000E+0	6.0022E-12
2.8100E+5	1.0000E+0	1.9882E-10	2.0000E+0	6.0964E-12
2.8150E+5	1.0000E+0	1.9514E-10	2.0000E+0	6.0189E-12
2.8200E+5	1.0000E+0	1.8969E-10	2.0000E+0	6.0570E-12
2.8250E+5	1.0000E+0	1.8558E-10	2.0000E+0	6.0093E-12
2.8300E+5	1.0000E+0	1.8337E-10	2.0000E+0	5.9056E-12
2.8350E+5	1.0000E+0	1.7857E-10	2.0000E+0	5.9629E-12
2.8400E+5	1.0000E+0	1.7265E-10	2.0000E+0	6.1917E-12
2.8450E+5	1.0000E+0	2.7492E-10	2.0000E+0	6.1166E-12
2.8500E+5	1.0000E+0	2.2228E-10	2.0000E+0	4.7050E-10
2.8550E+5	1.0000E+0	2.1428E-10	2.0000E+0	5.0336E-10
2.8600E+5	1.0000E+0	2.1397E-10	2.0000E+0	5.0689E-10
2.8650E+5	1.0000E+0	2.1729E-10	2.0000E+0	5.0769E-10
2.8700E+5	1.0000E+0	2.1728E-10	2.0000E+0	5.0567E-10
2.8750E+5	1.0000E+0	2.1770E-10	2.0000E+0	5.0472E-10
2.8800E+5	1.0000E+0	2.1896E-10	2.0000E+0	5.0512E-10
2.8850E+5	1.0000E+0	2.1908E-10	2.0000E+0	5.0501E-10
2.8900E+5	1.0000E+0	2.2157E-10	2.0000E+0	5.0490E-10
2.8950E+5	1.0000E+0	2.1847E-10	2.0000E+0	5.0378E-10
2.9000E+5	1.0000E+0	2.1897E-10	2.0000E+0	5.0459E-10
2.9050E+5	1.0000E+0	2.1873E-10	2.0000E+0	5.0391E-10
2.9100E+5	1.0000E+0	2.1733E-10	2.0000E+0	5.0384E-10
2.9150E+5	1.0000E+0	2.1718E-10	2.0000E+0	5.0266E-10
2.9200E+5	1.0000E+0	2.1543E-10	2.0000E+0	5.0294E-10
2.9250E+5	1.0000E+0	2.1493E-10	2.0000E+0	5.0233E-10
2.9300E+5	1.0000E+0	2.1411E-10	2.0000E+0	5.0186E-10
2.9350E+5	1.0000E+0	2.1249E-10	2.0000E+0	5.0192E-10
2.9400E+5	1.0000E+0	2.1185E-10	2.0000E+0	5.0144E-10
2.9450E+5	1.0000E+0	1.6603E-10	2.0000E+0	5.0145E-10
2.9500E+5	1.0000E+0	1.2828E-10	2.0000E+0	9.8762E-11
2.9550E+5	1.0000E+0	1.5073E-10	2.0000E+0	2.4035E-11
2.9600E+5	1.0000E+0	1.4506E-10	2.0000E+0	9.6369E-12
2.9650E+5	1.0000E+0	1.3873E-10	2.0000E+0	6.5255E-12
2.9700E+5	1.0000E+0	1.3135E-10	2.0000E+0	6.0534E-12
2.9750E+5	1.0000E+0	1.2512E-10	2.0000E+0	5.9199E-12
2.9800E+5	1.0000E+0	1.1966E-10	2.0000E+0	6.2382E-12
2.9850E+5	1.0000E+0	1.1497E-10	2.0000E+0	5.9414E-12
2.9900E+5	1.0000E+0	1.1140E-10	2.0000E+0	6.0666E-12
2.9950E+5	1.0000E+0	1.0721E-10	2.0000E+0	5.8007E-12
3.0000E+5	1.0000E+0	1.0768E-10	2.0000E+0	6.1047E-12
3.0050E+5	1.0000E+0	1.0534E-10	2.0000E+0	5.8651E-12
3.0100E+5	1.0000E+0	1.0300E-10	2.0000E+0	5.9938E-12
3.0150E+5	1.0000E+0	1.0090E-10	2.0000E+0	5.8830E-12
3.0200E+5	1.0000E+0	9.7512E-11	2.0000E+0	6.0368E-12
3.0250E+5	1.0000E+0	9.4302E-11	2.0000E+0	5.9831E-12
3.0300E+5	1.0000E+0	9.1426E-11	2.0000E+0	5.8663E-12
3.0350E+5	1.0000E+0	9.0421E-11	2.0000E+0	5.9819E-12
3.0400E+5	1.0000E+0	9.0377E-11	2.0000E+0	6.0785E-12
3.0450E+5	1.0000E+0	1.7066E-10	2.0000E+0	6.0046E-12
3.0500E+5	1.0000E+0	1.8981E-10	2.0000E+0	4.5807E-10
3.0550E+5	1.0000E+0	1.7870E-10	2.0000E+0	4.9632E-10
3.0600E+5	1.0000E+0	1.7842E-10	2.0000E+0	4.9954E-10
3.0650E+5	1.0000E+0	1.7973E-10	2.0000E+0	4.9972E-10
3.0700E+5	1.0000E+0	1.8047E-10	2.0000E+0	4.9931E-10
3.0750E+5	1.0000E+0	1.8140E-10	2.0000E+0	4.9870E-10
3.0800E+5	1.0000E+0	1.8225E-10	2.0000E+0	4.9850E-10
3.0850E+5	1.0000E+0	1.8342E-10	2.0000E+0	4.9767E-10
3.0900E+5	1.0000E+0	1.8433E-10	2.0000E+0	4.9786E-10
3.0950E+5	1.0000E+0	1.8469E-10	2.0000E+0	4.9824E-10
3.1000E+5	1.0000E+0	1.8487E-10	2.0000E+0	4.9643E-10
3.1050E+5	1.0000E+0	1.8488E-10	2.0000E+0	4.9726E-10
3.1100E+5	1.0000E+0	1.8547E-10	2.0000E+0	4.9624E-10
3.1150E+5	1.0000E+0	1.8650E-10	2.0000E+0	4.9695E-10
3.1200E+5	1.0000E+0	1.8721E-10	2.0000E+0	4.9553E-10
3.1250E+5	1.0000E+0	1.8645E-10	2.0000E+0	4.9622E-10
3.1300E+5	1.0000E+0	1.8601E-10	2.0000E+0	4.9555E-10
3.1350E+5	1.0000E+0	1.8603E-10	2.0000E+0	4.9548E-10
3.1400E+5	1.0000E+0	1.8582E-10	2.0000E+0	4.9551E-10
3.1450E+5	1.0000E+0	1.5702E-10	2.0000E+0	4.9459E-10
3.1500E+5	1.0000E+0	7.5713E-11	2.0000E+0	1.0796E-10
3.1550E+5	1.0000E+0	9.8261E-11	2.0000E+0	2.6437E-11
3.1600E+5	1.0000E+0	9.9245E-11	2.0000E+0	9.8682E-12
3.1650E+5	1.0000E+0	9.4532E-11	2.0000E+0	6.4576E-12
3.1700E+5	1.0000E+0	8.9554E-11	2.0000E+0	6.1011E-12
3.1750E+5	1.0000E+0	8.5769E-11	2.0000E+0	5.7435E-12
3.1800E+5	1.0000E+0	8.2253E-11	2.0000E+0	5.7554E-12
3.1850E+5	1.0000E+0	8.0723E-11	2.0000E+0	5.8055E-12
3.1900E+5	1.0000E+0	7.7757E-11	2.0000E+0	5.6958E-12
3.1950E+5	1.0000E+0	7.5837E-11	2.0000E+0	5.7983E-12
3.2000E+5	1.0000E+0	7.6845E-11	2.0000E+0	5.7781E-12
3.2050E+5	1.0000E+0	3.2261E-9	3.0000E+0	4.0201E-10
3.2100E+5	1.0000E+0	3.5423E-9	3.0000E+0	7.0742E-11
3.2150E+5	1.0000E+0	3.2281E-9	3.0000E+0	2.1526E-11
3.2200E+5	1.0000E+0	2.9565E-9	3.0000E+0	1.1400E-11
3.2250E+5	1.0000E+0	2.6655E-9	3.0000E+0	9.4295E-12
3.2300E+5	1.0000E+0	2.4421E-9	3.0000E+0	9.1922E-12
3.2350E+5	1.0000E+0	2.2420E-9	3.0000E+0	8.8239E-12
3.2400E+5	1.0000E+0	2.0588E-9	3.0000E+0	8.5795E-12
3.2450E+5	1.0000E+0	1.8797E-9	3.0000E+0	8.7321E-12
3.2500E+5	1.0000E+0	1.0923E-9	3.0000E+0	6.6215E-10
3.2550E+5	1.0000E+0	9.5049E-10	3.0000E+0	7.0753E-10
3.2600E+5	1.0000E+0	8.9290E-10	3.0000E+0	7.1295E-10
3.2650E+5	1.0000E+0	8.6064E-10	3.0000E+0	7.1220E-10
3.2700E+5	1.0000E+0	8.0374E-10	3.0000E+0	7.1209E-10
3.2750E+5	1.0000E+0	7.6526E-10	3.0000E+0	7.1143E-10
3.2800E+5	1.0000E+0	7.2110E-10	3.0000E+0	7.0850E-10
3.2850E+5	1.0000E+0	6.8376E-10	3.0000E+0	7.0863E-10
3.2900E+5	1.0000E+0	6.5605E-10	3.0000E+0	7.0756E-10
3.2950E+5	1.0000E+0	6.2640E-10	3.0000E+0	7.0785E-10
3.3000E+5	1.0000E+0	6.0528E-10	3.0000E+0	7.0628E-10
3.3050E+5	1.0000E+0	5.7914E-10	3.0000E+0	7.0737E-10
3.3100E+5	1.0000E+0	5.5209E-10	3.0000E+0	7.0617E-10
3.3150E+5	1.0000E+0	5.2245E-10	3.0000E+0	7.0558E-10
3.3200E+5	1.0000E+0	5.0625E-10	3.0000E+0	7.0465E-10
3.3250E+5	1.0000E+0	4.8449E-10	3.0000E+0	7.0436E-10
3.3300E+5	1.0000E+0	4.6616E-10	3.0000E+0	7.0524E-10
3.3350E+5	1.0000E+0	4.3996E-10	3.0000E+0	7.0365E-10
3.3400E+5	1.0000E+0	4.2238E-10	3.0000E+0	7.0543E-10
3.3450E+5	1.0000E+0	3.9516E-10	3.0000E+0	7.0508E-10
3.3500E+5	1.0000E+0	5.2022E-10	3.0000E+0	1.3708E-10
3.3550E+5	1.0000E+0	5.6305E-10	3.0000E+0	3.3601E-11
3.3600E+5	1.0000E+0	5.3113E-10	3.0000E+0	1.2802E-11
3.3650E+5	1.0000E+0	4.9872E-10	3.0000E+0	8.7965E-12
3.3700E+5	1.0000E+0	4.7019E-10	3.0000E+0	7.7295E-12
3.3750E+5	1.0000E+0	4.4315E-10	3.0000E+0	7.8714E-12
3.3800E+5	1.0000E+0	4.2173E-10	3.0000E+0	7.6270E-12
3.3850E+5	1.0000E+0	3.9396E-10	3.0000E+0	7.7224E-12
3.3900E+5	1.0000E+0	3.7282E-10	3.0000E+0	7.6544E-12
3.3950E+5	1.0000E+0	3.5465E-10	3.0000E+0	7.6473E-12
3.4000E+5	1.0000E+0	3.3640E-10	3.0000E+0	7.5948E-12
3.4050E+5	1.0000E+0	3.1245E-10	3.0000E+0	7.6330E-12
3.4100E+5	1.0000E+0	3.0056E-10	3.0000E+0	7.5328E-12
3.4150E+5	1.0000E+0	2.8901E-10	3.0000E+0	7.5698E-12
3.4200E+5	1.0000E+0	2.7476E-10	3.0000E+0	7.8058E-12
3.4250E+5	1.0000E+0	2.6830E-10	3.0000E+0	7.5793E-12
3.4300E+5	1.0000E+0	2.5916E-10	3.0000E+0	7.6771E-12
3.4350E+5	1.0000E+0	2.5151E-10	3.0000E+0	7.5364E-12
3.4400E+5	1.0000E+0	2.4408E-10	3.0000E+0	7.6640E-12
3.4450E+5	1.0000E+0	2.7940E-10	3.0000E+0	7.8678E-12
3.4500E+5	1.0000E+0	2.3809E-10	3.0000E+0	6.4337E-10
3.4550E+5	1.0000E+0	2.1642E-10	3.0000E+0	6.9672E-10
3.4600E+5	1.0000E+0	2.1768E-10	3.0000E+0	7.0178E-10
3.4650E+5	1.0000E+0	2.1796E-10	3.0000E+0	7.0343E-10
3.4700E+5	1.0000E+0	2.1958E-10	3.0000E+0	7.0285E-10
3.4750E+5	1.0000E+0	2.2026E-10	3.0000E+0	7.0176E-10
3.4800E+5	1.0000E+0	2.2098E-10	3.0000E+0	7.0082E-10
3.4850E+5	1.0000E+0	2.2228E-10	3.0000E+0	7.0169E-10
3.4900E+5	1.0000E+0	2.2077E-10	3.0000E+0	7.0153E-10
3.4950E+5	1.0000E+0	2.2275E-10	3.0000E+0	7.0126E-10
3.5000E+5	1.0000E+0	2.2220E-10	3.0000E+0	7.0063E-10
3.5050E+5	1.0000E+0	2.2007E-10	3.0000E+0	7.0031E-10
3.5100E+5	1.0000E+0	2.1983E-10	3.0000E+0	6.9891E-10
3.5150E+5	1.0000E+0	2.1961E-10	3.0000E+0	6.9881E-10
3.5200E+5	1.0000E+0	2.2006E-10	3.0000E+0	6.9853E-10
3.5250E+5	1.0000E+0	2.1755E-10	3.0000E+0	6.9802E-10
3.5300E+5	1.0000E+0	2.1651E-10	3.0000E+0	6.9779E-10
3.5350E+5	1.0000E+0	2.1499E-10	3.0000E+0	6.9741E-10
3.5400E+5	1.0000E+0	2.1395E-10	3.0000E+0	6.9680E-10
3.5450E+5	1.0000E+0	2.0880E-10	3.0000E+0	6.9648E-10
3.5500E+5	1.0000E+0	1.3912E-10	3.0000E+0	1.5021E-10
3.5550E+5	1.0000E+0	1.8692E-10	3.0000E+0	3.5787E-11
3.5600E+5	1.0000E+0	1.7822E-10	3.0000E+0	1.3170E-11
3.5650E+5	1.0000E+0	1.6870E-10	3.0000E+0	8.7631E-12
3.5700E+5	1.0000E+0	1.6125E-10	3.0000E+0	7.7701E-12
3.5750E+5	1.0000E+0	1.5212E-10	3.0000E+0	7.5913E-12
3.5800E+5	1.0000E+0	1.4713E-10	3.0000E+0	7.6401E-12
3.5850E+5	1.0000E+0	1.3989E-10	3.0000E+0	7.4041E-12
3.5900E+5	1.0000E+0	1.3444E-10	3.0000E+0	7.2992E-12
3.5950E+5	1.0000E+0	1.3071E-10	3.0000E+0	7.4041E-12
3.6000E+5	1.0000E+0	1.2597E-10	3.0000E+0	7.4756E-12
3.6050E+5	1.0000E+0	1.2024E-10	3.0000E+0	7.3171E-12
3.6100E+5	1.0000E+0	1.1774E-10	3.0000E+0	7.1824E-12
3.6150E+5	1.0000E+0	1.1544E-10	3.0000E+0	7.4613E-12
3.6200E+5	1.0000E+0	1.1051E-10	3.0000E+0	7.3087E-12
3.6250E+5	1.0000E+0	1.0939E-10	3.0000E+0	7.2718E-12
3.6300E+5	1.0000E+0	1.0530E-10	3.0000E+0	7.2980E-12
3.6350E+5	1.0000E+0	1.0274E-10	3.0000E+0	7.2229E-12
3.6400E+5	1.0000E+0	1.0005E-10	3.0000E+0	7.5114E-12
3.6450E+5	1.0000E+0	1.2485E-10	3.0000E+0	7.2742E-12
3.6500E+5	1.0000E+0	1.8830E-10	3.0000E+0	6.3329E-10
3.6550E+5	1.0000E+0	1.7137E-10	3.0000E+0	6.8917E-10
3.6600E+5	1.0000E+0	1.7076E-10	3.0000E+0	6.9630E-10
3.6650E+5	1.0000E+0	1.7341E-10	3.0000E+0	6.9829E-10
3.6700E+5	1.0000E+0	1.7533E-10	3.0000E+0	6.9551E-10
3.6750E+5	1.0000E+0	1.7758E-10	3.0000E+0	6.9449E-10
3.6800E+5	1.0000E+0	1.7755E-10	3.0000E+0	6.9567E-10
3.6850E+5	1.0000E+0	1.7836E-10	3.0000E+0	6.9519E-10
3.6900E+5	1.0000E+0	1.8012E-10	3.0000E+0	6.9399E-10
3.6950E+5	1.0000E+0	1.7996E-10	3.0000E+0	6.9399E-10
3.7000E+5	1.0000E+0	1.7968E-10	3.0000E+0	6.9416E-10
3.7050E+5	1.0000E+0	1.8075E-10	3.0000E+0	6.9353E-10
3.7100E+5	1.0000E+0	1.8069E-10	3.0000E+0	6.9302E-10
3.7150E+5	1.0000E+0	1.7990E-10	3.0000E+0	6.9362E-10
3.7200E+5	1.0000E+0	1.8141E-10	3.0000E+0	6.9262E-10
3.7250E+5	1.0000E+0	1.8128E-10	3.0000E+0	6.9262E-10
3.7300E+5	1.0000E+0	1.8128E-10	3.0000E+0	6.9133E-10
3.7350E+5	1.0000E+0	1.7988E-10	3.0000E+0	6.9279E-10
3.7400E+5	1.0000E+0	1.8027E-10	3.0000E+0	6.9134E-10
3.7450E+5	1.0000E+0	1.8040E-10	3.0000E+0	6.9005E-10
3.7500E+5	1.0000E+0	7.5198E-11	3.0000E+0	1.6550E-10
3.7550E+5	1.0000E+0	1.0935E-10	3.0000E+0	3.7454E-11
3.7600E+5	1.0000E+0	1.0889E-10	3.0000E+0	1.3290E-11
3.7650E+5	1.0000E+0	1.0408E-10	3.0000E+0	8.5497E-12
3.7700E+5	1.0000E+0	9.6857E-11	3.0000E+0	7.6604E-12
3.7750E+5	1.0000E+0	9.1493E-11	3.0000E+0	7.3993E-12
3.7800E+5	1.0000E+0	8.9059E-11	3.0000E+0	7.4971E-12
3.7850E+5	1.0000E+0	8.4862E-11	3.0000E+0	7.4649E-12
3.7900E+5	1.0000E+0	8.1503E-11	3.0000E+0	7.3302E-12
3.7950E+5	1.0000E+0	7.9956E-11	3.0000E+0	7.3922E-12
3.8000E+5	1.0000E+0	7.5818E-11	3.0000E+0	7.4065E-12
3.8050E+5	1.0000E+0	7.3888E-11	3.0000E+0	7.2551E-12
3.8100E+5	1.0000E+0	7.2101E-11	3.0000E+0	7.2217E-12
3.8150E+5	1.0000E+0	6.9363E-11	3.0000E+0	7.2312E-12
3.8200E+5	1.0000E+0	6.9345E-11	3.0000E+0	7.2181E-12
3.8250E+5	1.0000E+0	6.6844E-11	3.0000E+0	7.1919E-12
3.8300E+5	1.0000E+0	6.6787E-11	3.0000E+0	7.4148E-12
3.8350E+5	1.0000E+0	6.5790E-11	3.0000E+0	7.2479E-12
3.8400E+5	1.0000E+0	6.4034E-11	3.0000E+0	7.3147E-12
3.8450E+5	1.0000E+0	7.3837E-11	3.0000E+0	7.2074E-12
3.8500E+5	1.0000E+0	1.7842E-10	3.0000E+0	6.1733E-10
3.8550E+5	1.0000E+0	1.5901E-10	3.0000E+0	6.8148E-10
3.8600E+5	1.0000E+0	1.5704E-10	3.0000E+0	6.8876E-10
3.8650E+5	1.0000E+0	1.5910E-10	3.0000E+0	6.9014E-10
3.8700E+5	1.0000E+0	1.6098E-10	3.0000E+0	6.8996E-10
3.8750E+5	1.0000E+0	1.6259E-10	3.0000E+0	6.9012E-10
3.8800E+5	1.0000E+0	1.6330E-10	3.0000E+0	6.8890E-10
3.8850E+5	1.0000E+0	1.6374E-10	3.0000E+0	6.8884E-10
3.8900E+5	1.0000E+0	1.6363E-10	3.0000E+0	6.8898E-10
3.8950E+5	1.0000E+0	1.6391E-10	3.0000E+0	6.8875E-10
3.9000E+5	1.0000E+0	1.6551E-10	3.0000E+0	6.8836E-10
3.9050E+5	1.0000E+0	1.6610E-10	3.0000E+0	6.8663E-10
3.9100E+5	1.0000E+0	1.6627E-10	3.0000E+0	6.8730E-10
3.9150E+5	1.0000E+0	1.6639E-10	3.0000E+0	6.8640E-10
3.9200E+5	1.0000E+0	1.6632E-10	3.0000E+0	6.8576E-10
3.9250E+5	1.0000E+0	1.6702E-10	3.0000E+0	6.8638E-10
3.9300E+5	1.0000E+0	1.6697E-10	3.0000E+0	6.8589E-10
3.9350E+5	1.0000E+0	1.6761E-10	3.0000E+0	6.8614E-10
3.9400E+5	1.0000E+0	1.6761E-10	3.0000E+0	6.8577E-10
3.9450E+5	1.0000E+0	1.6895E-10	3.0000E+0	6.8520E-10
3.9500E+5	1.0000E+0	5.0652E-11	3.0000E+0	1.8805E-10
3.9550E+5	1.0000E+0	7.9067E-11	3.0000E+0	3.8648E-11
3.9600E+5	1.0000E+0	8.2704E-11	3.0000E+0	1.3435E-11
3.9650E+5	1.0000E+0	7.7637E-11	3.0000E+0	8.1813E-12
3.9700E+5	1.0000E+0	7.2790E-11	3.0000E+0	7.2491E-12
3.9750E+5	1.0000E+0	6.8761E-11	3.0000E+0	6.9630E-12
3.9800E+5	1.0000E+0	6.6110E-11	3.0000E+0	7.0798E-12
3.9850E+5	1.0000E+0	6.3574E-11	3.0000E+0	7.0286E-12
3.9900E+5	1.0000E+0	6.1423E-11	3.0000E+0	7.2658E-12
3.9950E+5	1.0000E+0	6.0478E-11	3.0000E+0	7.0608E-12
4.0000E+5	1.0000E+0	5.9017E-11	3.0000E+0	6.8903E-12
4.0050E+5	1.0000E+0	9.7068E-9	5.0000E+0	5.1343E-10
4.0100E+5	1.0000E+0	1.0135E-8	5.0000E+0	8.2705E-11
4.0150E+5	1.0000E+0	9.7101E-9	5.0000E+0	2.7123E-11
4.0200E+5	1.0000E+0	9.3937E-9	5.0000E+0	1.5363E-11
4.0250E+5	1.0000E+0	8.9731E-9	5.0000E+0	1.3009E-11
4.0300E+5	1.0000E+0	8.5232E-9	5.0000E+0	1.2224E-11
4.0350E+5	1.0000E+0	8.1965E-9	5.0000E+0	1.2096E-11
4.0400E+5	1.0000E+0	7.8130E-9	5.0000E+0	1.2077E-11
4.0450E+5	1.0000E+0	7.6609E-9	5.0000E+0	1.1869E-11
4.0500E+5	1.0000E+0	5.8798E-9	5.0000E+0	9.6798E-10
4.0550E+5	1.0000E+0	5.2471E-9	5.0000E+0	1.0509E-9
4.0600E+5	1.0000E+0	4.9424E-9	5.0000E+0	1.0616E-9
4.0650E+5	1.0000E+0	4.6099E-9	5.0000E+0	1.0601E-9
4.0700E+5	1.0000E+0	4.3157E-9	5.0000E+0	1.0596E-9
4.0750E+5	1.0000E+0	4.0434E-9	5.0000E+0	1.0583E-9
4.0800E+5	1.0000E+0	3.8466E-9	5.0000E+0	1.0582E-9
4.0850E+5	1.0000E+0	3.5477E-9	5.0000E+0	1.0585E-9
4.0900E+5	1.0000E+0	3.3342E-9	5.0000E+0	1.0579E-9
4.0950E+5	1.0000E+0	3.0617E-9	5.0000E+0	1.0563E-9
4.1000E+5	1.0000E+0	2.8710E-9	5.0000E+0	1.0563E-9
4.1050E+5	1.0000E+0	2.6525E-9	5.0000E+0	1.0562E-9
4.1100E+5	1.0000E+0	2.4751E-9	5.0000E+0	1.0562E-9
4.1150E+5	1.0000E+0	2.2973E-9	5.0000E+0	1.0548E-9
4.1200E+5	1.0000E+0	2.1090E-9	5.0000E+0	1.0537E-9
4.1250E+5	1.0000E+0	1.9713E-9	5.0000E+0	1.0567E-9
4.1300E+5	1.0000E+0	1.8343E-9	5.0000E+0	1.0547E-9
4.1350E+5	1.0000E+0	1.7037E-9	5.0000E+0	1.0542E-9
4.1400E+5	1.0000E+0	1.5921E-9	5.0000E+0	1.0540E-9
4.1450E+5	1.0000E+0	1.5009E-9	5.0000E+0	1.0543E-9
4.1500E+5	1.0000E+0	2.0393E-9	5.0000E+0	2.8312E-10
4.1550E+5	1.0000E+0	2.2889E-9	5.0000E+0	5.4372E-11
4.1600E+5	1.0000E+0	2.1790E-9	5.0000E+0	1.9625E-11
4.1650E+5	1.0000E+0	2.0117E-9	5.0000E+0	1.2381E-11
4.1700E+5	1.0000E+0	1.8571E-9	5.0000E+0	1.1184E-11
4.1750E+5	1.0000E+0	1.7334E-9	5.0000E+0	1.0814E-11
4.1800E+5	1.0000E+0	1.6153E-9	5.0000E+0	1.0763E-11
4.1850E+5	1.0000E+0	1.4957E-9	5.0000E+0	1.0592E-11
4.1900E+5	1.0000E+0	1.3957E-9	5.0000E+0	1.0641E-11
4.1950E+5	1.0000E+0	1.3136E-9	5.0000E+0	1.0580E-11
4.2000E+5	1.0000E+0	1.2378E-9	5.0000E+0	1.0627E-11
4.2050E+5	1.0000E+0	1.1467E-9	5.0000E+0	1.0661E-11
4.2100E+5	1.0000E+0	1.0794E-9	5.0000E+0	1.0649E-11
4.2150E+5	1.0000E+0	1.0190E-9	5.0000E+0	1.0544E-11
4.2200E+5	1.0000E+0	9.7241E-10	5.0000E+0	1.0506E-11
4.2250E+5	1.0000E+0	9.1245E-10	5.0000E+0	1.0540E-11
4.2300E+5	1.0000E+0	8.6477E-10	5.0000E+0	1.0392E-11
4.2350E+5	1.0000E+0	8.2299E-10	5.0000E+0	1.0332E-11
4.2400E+5	1.0000E+0	7.8920E-10	5.0000E+0	1.0440E-11
4.2450E+5	1.0000E+0	7.7483E-10	5.0000E+0	1.0605E-11
4.2500E+5	1.0000E+0	4.5312E-10	5.0000E+0	9.3289E-10
4.2550E+5	1.0000E+0	3.7019E-10	5.0000E+0	1.0388E-9
4.2600E+5	1.0000E+0	3.6622E-10	5.0000E+0	1.0506E-9
4.2650E+5	1.0000E+0	3.7616E-10	5.0000E+0	1.0520E-9
4.2700E+5	1.0000E+0	3.7112E-10	5.0000E+0	1.0512E-9
4.2750E+5	1.0000E+0	3.7052E-10	5.0000E+0	1.0515E-9
4.2800E+5	1.0000E+0	3.6087E-10	5.0000E+0	1.0503E-9
4.2850E+5	1.0000E+0	3.5906E-10	5.0000E+0	1.0499E-9
4.2900E+5	1.0000E+0	3.5552E-10	5.0000E+0	1.0492E-9
4.2950E+5	1.0000E+0	3.5251E-10	5.0000E+0	1.0482E-9
4.3000E+5	1.0000E+0	3.4400E-10	5.0000E+0	1.0485E-9
4.3050E+5	1.0000E+0	3.4218E-10	5.0000E+0	1.0480E-9
4.3100E+5	1.0000E+0	3.3032E-10	5.0000E+0	1.0468E-9
4.3150E+5	1.0000E+0	3.3038E-10	5.0000E+0	1.0480E-9
4.3200E+5	1.0000E+0	3.2176E-10	5.0000E+0	1.0460E-9
4.3250E+5	1.0000E+0	3.2112E-10	5.0000E+0	1.0460E-9
4.3300E+5	1.0000E+0	3.1522E-10	5.0000E+0	1.0460E-9
4.3350E+5	1.0000E+0	3.0801E-10	5.0000E+0	1.0459E-9
4.3400E+5	1.0000E+0	2.9861E-10	5.0000E+0	1.0439E-9
4.3450E+5	1.0000E+0	2.9553E-10	5.0000E+0	1.0439E-9
4.3500E+5	1.0000E+0	3.0721E-10	5.0000E+0	3.7280E-10
4.3550E+5	1.0000E+0	4.3703E-10	5.0000E+0	5.6685E-11
4.3600E+5	1.0000E+0	4.2850E-10	5.0000E+0	1.9878E-11
4.3650E+5	1.0000E+0	3.9939E-10	5.0000E+0	1.2144E-11
4.3700E+5	1.0000E+0	3.7668E-10	5.0000E+0	1.0881E-11
4.3750E+5	1.0000E+0	3.4823E-10	5.0000E+0	1.0356E-11
4.3800E+5	1.0000E+0	3.3201E-10	5.0000E+0	1.0220E-11
4.3850E+5	1.0000E+0	3.1986E-10	5.0000E+0	1.0240E-11
4.3900E+5	1.0000E+0	3.0526E-10	5.0000E+0	1.0277E-11
4.3950E+5	1.0000E+0	2.9207E-10	5.0000E+0	1.0182E-11
4.4000E+5	1.0000E+0	2.7818E-10	5.0000E+0	1.0091E-11
4.4050E+5	1.0000E+0	2.6970E-10	5.0000E+0	1.0017E-11
4.4100E+5	1.0000E+0	2.6270E-10	5.0000E+0	1.0150E-11
4.4150E+5	1.0000E+0	2.5018E-10	5.0000E+0	1.0084E-11
4.4200E+5	1.0000E+0	2.4544E-10	5.0000E+0	1.0118E-11
4.4250E+5	1.0000E+0	2.3812E-10	5.0000E+0	1.0176E-11
4.4300E+5	1.0000E+0	2.2620E-10	5.0000E+0	1.0116E-11
4.4350E+5	1.0000E+0	2.2118E-10	5.0000E+0	1.0244E-11
4.4400E+5	1.0000E+0	2.1478E-10	5.0000E+0	1.0272E-11
4.4450E+5	1.0000E+0	2.1061E-10	5.0000E+0	1.0026E-11
4.4500E+5	1.0000E+0	2.3186E-10	5.0000E+0	8.8146E-10
4.4550E+5	1.0000E+0	1.8650E-10	5.0000E+0	1.0314E-9
4.4600E+5	1.0000E+0	1.8749E-10	5.0000E+0	1.0450E-9
4.4650E+5	1.0000E+0	1.9026E-10	5.0000E+0	1.0457E-9
4.4700E+5	1.0000E+0	1.9303E-10	5.0000E+0	1.0478E-9
4.4750E+5	1.0000E+0	1.9470E-10	5.0000E+0	1.0460E-9
4.4800E+5	1.0000E+0	1.9504E-10	5.0000E+0	1.0448E-9
4.4850E+5	1.0000E+0	1.9668E-10	5.0000E+0	1.0469E-9
4.4900E+5	1.0000E+0	1.9965E-10	5.0000E+0	1.0468E-9
4.4950E+5	1.0000E+0	1.9958E-10	5.0000E+0	1.0460E-9
4.5000E+5	1.0000E+0	1.9787E-10	5.0000E+0	1.0443E-9
4.5050E+5	1.0000E+0	1.9803E-10	5.0000E+0	1.0455E-9
4.5100E+5	1.0000E+0	1.9958E-10	5.0000E+0	1.0450E-9
4.5150E+5	1.0000E+0	1.9774E-10	5.0000E+0	1.0449E-9
4.5200E+5	1.0000E+0	1.9666E-10	5.0000E+0	1.0443E-9
4.5250E+5	1.0000E+0	1.9539E-10	5.0000E+0	1.0429E-9
4.5300E+5	1.0000E+0	1.9558E-10	5.0000E+0	1.0421E-9
4.5350E+5	1.0000E+0	1.9481E-10	5.0000E+0	1.0434E-9
4.5400E+5	1.0000E+0	1.9575E-10	5.0000E+0	1.0409E-9
4.5450E+5	1.0000E+0	1.9418E-10	5.0000E+0	1.0413E-9
4.5500E+5	1.0000E+0	1.2750E-10	5.0000E+0	3.6019E-10
4.5550E+5	1.0000E+0	1.9396E-10	5.0000E+0	6.0332E-11
4.5600E+5	1.0000E+0	1.9681E-10	5.0000E+0	2.0530E-11
4.5650E+5	1.0000E+0	1.8598E-10	5.0000E+0	1.2397E-11
4.5700E+5	1.0000E+0	1.7238E-10	5.0000E+0	1.0630E-11
4.5750E+5	1.0000E+0	1.6258E-10	5.0000E+0	1.0312E-11
4.5800E+5	1.0000E+0	1.5448E-10	5.0000E+0	9.9886E-12
4.5850E+5	1.0000E+0	1.4951E-10	5.0000E+0	1.0163E-11
4.5900E+5	1.0000E+0	1.4555E-10	5.0000E+0	1.0151E-11
4.5950E+5	1.0000E+0	1.4020E-10	5.0000E+0	1.0226E-11
4.6000E+5	1.0000E+0	1.3628E-10	5.0000E+0	1.0053E-11
4.6050E+5	1.0000E+0	1.3049E-10	5.0000E+0	1.0085E-11
4.6100E+5	1.0000E+0	1.2554E-10	5.0000E+0	1.0183E-11
4.6150E+5	1.0000E+0	1.2221E-10	5.0000E+0	1.0155E-11
4.6200E+5	1.0000E+0	1.2021E-10	5.0000E+0	1.0151E-11
4.6250E+5	1.0000E+0	1.1898E-10	5.0000E+0	1.0150E-11
4.6300E+5	1.0000E+0	1.1734E-10	5.0000E+0	1.0043E-11
4.6350E+5	1.0000E+0	1.1473E-10	5.0000E+0	1.0170E-11
4.6400E+5	1.0000E+0	1.1224E-10	5.0000E+0	9.9230E-12
4.6450E+5	1.0000E+0	1.1116E-10	5.0000E+0	9.9826E-12
4.6500E+5	1.0000E+0	2.0100E-10	5.0000E+0	7.9562E-10
4.6550E+5	1.0000E+0	1.5888E-10	5.0000E+0	1.0243E-9
4.6600E+5	1.0000E+0	1.5674E-10	5.0000E+0	1.0377E-9
4.6650E+5	1.0000E+0	1.5759E-10	5.0000E+0	1.0391E-9
4.6700E+5	1.0000E+0	1.6016E-10	5.0000E+0	1.0395E-9
4.6750E+5	1.0000E+0	1.6105E-10	5.0000E+0	1.0389E-9
4.6800E+5	1.0000E+0	1.6308E-10	5.0000E+0	1.0390E-9
4.6850E+5	1.0000E+0	1.6462E-10	5.0000E+0	1.0376E-9
4.6900E+5	1.0000E+0	1.6468E-10	5.0000E+0	1.0382E-9
4.6950E+5	1.0000E+0	1.6478E-10	5.0000E+0	1.0377E-9
4.7000E+5	1.0000E+0	1.6524E-10	5.0000E+0	1.0365E-9
4.7050E+5	1.0000E+0	1.6620E-10	5.0000E+0	1.0368E-9
4.7100E+5	1.0000E+0	1.6714E-10	5.0000E+0	1.0365E-9
4.7150E+5	1.0000E+0	1.6661E-10	5.0000E+0	1.0365E-9
4.7200E+5	1.0000E+0	1.6662E-10	5.0000E+0	1.0370E-9
4.7250E+5	1.0000E+0	1.6685E-10	5.0000E+0	1.0356E-9
4.7300E+5	1.0000E+0	1.6710E-10	5.0000E+0	1.0360E-9
4.7350E+5	1.0000E+0	1.6689E-10	5.0000E+0	1.0362E-9
4.7400E+5	1.0000E+0	1.6685E-10	5.0000E+0	1.0356E-9
4.7500E+5	1.0000E+0	6.1976E-11	5.0000E+0	6.1186E-10
4.7550E+5	1.0000E+0	1.2313E-10	5.0000E+0	6.4760E-11
4.7600E+5	1.0000E+0	1.3092E-10	5.0000E+0	2.1806E-11
4.7650E+5	1.0000E+0	1.2389E-10	5.0000E+0	1.2786E-11
4.7700E+5	1.0000E+0	1.1837E-10	5.0000E+0	1.0908E-11
4.7750E+5	1.0000E+0	1.1083E-10	5.0000E+0	1.0569E-11
4.7800E+5	1.0000E+0	1.0709E-10	5.0000E+0	1.0296E-11
4.7850E+5	1.0000E+0	1.0146E-10	5.0000E+0	1.0082E-11
4.7900E+5	1.0000E+0	9.9548E-11	5.0000E+0	1.0115E-11
4.7950E+5	1.0000E+0	9.7641E-11	5.0000E+0	1.0016E-11
4.8000E+5	1.0000E+0	9.6430E-11	5.0000E+0	9.9182E-12
4.8050E+5	1.0000E+0	9.4289E-11	5.0000E+0	1.0063E-11
4.8100E+5	1.0000E+0	4.0030E-8	1.0000E+1	5.6743E-10
4.8150E+5	1.0000E+0	4.0106E-8	1.0000E+1	8.6832E-11
4.8200E+5	1.0000E+0	3.8661E-8	1.0000E+1	3.5093E-11
4.8250E+5	1.0000E+0	3.8050E-8	1.0000E+1	2.3889E-11
4.8300E+5	1.0000E+0	3.8024E-8	1.0000E+1	2.1329E-11
4.8350E+5	1.0000E+0	3.7057E-8	1.0000E+1	2.0390E-11
4.8400E+5	1.0000E+0	3.6852E-8	1.0000E+1	1.9847E-11
4.8450E+5	1.0000E+0	3.6352E-8	1.0000E+1	1.9710E-11
4.8500E+5	1.0000E+0	3.4572E-8	1.0000E+1	1.2766E-9
4.8550E+5	1.0000E+0	3.2901E-8	1.0000E+1	1.7544E-9
4.8600E+5	1.0000E+0	3.1804E-8	1.0000E+1	1.7681E-9
4.8650E+5	1.0000E+0	3.1334E-8	1.0000E+1	1.7690E-9
4.8700E+5	1.0000E+0	3.1084E-8	1.0000E+1	1.7706E-9
4.8750E+5	1.0000E+0	3.0860E-8	1.0000E+1	1.7702E-9
4.8800E+5	1.0000E+0	3.0725E-8	1.0000E+1	1.7707E-9
4.8850E+5	1.0000E+0	2.9948E-8	1.0000E+1	1.7479E-9
4.8900E+5	1.0000E+0	2.9461E-8	1.0000E+1	1.7693E-9
4.8950E+5	1.0000E+0	2.9140E-8	1.0000E+1	1.7692E-9
4.9000E+5	1.0000E+0	2.8614E-8	1.0000E+1	1.7725E-9
4.9050E+5	1.0000E+0	2.8529E-8	1.0000E+1	1.7702E-9
4.9100E+5	1.0000E+0	2.7671E-8	1.0000E+1	1.7733E-9
4.9150E+5	1.0000E+0	2.7484E-8	1.0000E+1	1.7739E-9
4.9200E+5	1.0000E+0	2.6577E-8	1.0000E+1	1.7713E-9
4.9250E+5	1.0000E+0	2.5932E-8	1.0000E+1	1.7732E-9
4.9300E+5	1.0000E+0	2.5105E-8	1.0000E+1	1.7695E-9
4.9350E+5	1.0000E+0	2.4579E-8	1.0000E+1	1.7715E-9
4.9400E+5	1.0000E+0	2.3940E-8	1.0000E+1	1.7705E-9
4.9450E+5	1.0000E+0	2.3130E-8	1.0000E+1	1.7709E-9
4.9500E+5	1.0000E+0	2.4349E-8	1.0000E+1	1.1813E-9
4.9550E+5	1.0000E+0	2.5207E-8	1.0000E+1	9.7200E-11
4.9600E+5	1.0000E+0	2.5581E-8	1.0000E+1	4.2815E-11
4.9650E+5	1.0000E+0	2.4972E-8	1.0000E+1	2.6195E-11
4.9700E+5	1.0000E+0	2.4611E-8	1.0000E+1	2.0313E-11
4.9750E+5	1.0000E+0	2.3870E-8	1.0000E+1	1.8324E-11
4.9800E+5	1.0000E+0	2.3086E-8	1.0000E+1	1.7489E-11
4.9850E+5	1.0000E+0	2.2445E-8	1.0000E+1	1.7104E-11
4.9900E+5	1.0000E+0	2.1832E-8	1.0000E+1	1.6780E-11
4.9950E+5	1.0000E+0	2.1389E-8	1.0000E+1	1.6876E-11
5.0000E+5	1.0000E+0	2.0614E-8	1.0000E+1	1.6656E-11
5.0050E+5	1.0000E+0	1.9887E-8	1.0000E+1	1.6607E-11
5.0100E+5	1.0000E+0	1.9530E-8	1.0000E+1	1.6778E-11
5.0150E+5	1.0000E+0	1.8816E-8	1.0000E+1	1.6849E-11
5.0200E+5	1.0000E+0	1.8293E-8	1.0000E+1	1.6778E-11
5.0250E+5	1.0000E+0	1.7687E-8	1.0000E+1	1.6630E-11
5.0300E+5	1.0000E+0	1.7200E-8	1.0000E+1	1.6743E-11
5.0350E+5	1.0000E+0	1.6578E-8	1.0000E+1	1.6714E-11
5.0400E+5	1.0000E+0	1.5844E-8	1.0000E+1	1.6782E-11
5.0450E+5	1.0000E+0	1.5383E-8	1.0000E+1	1.6667E-11
5.0500E+5	1.0000E+0	1.1001E-8	1.0000E+1	1.0198E-9
5.0550E+5	1.0000E+0	8.9629E-9	1.0000E+1	1.7461E-9
5.0600E+5	1.0000E+0	8.6499E-9	1.0000E+1	1.7721E-9
5.0650E+5	1.0000E+0	8.2352E-9	1.0000E+1	1.7685E-9
5.0700E+5	1.0000E+0	7.8879E-9	1.0000E+1	1.7704E-9
5.0750E+5	1.0000E+0	7.5390E-9	1.0000E+1	1.7688E-9
5.0800E+5	1.0000E+0	7.2569E-9	1.0000E+1	1.7703E-9
5.0850E+5	1.0000E+0	6.9547E-9	1.0000E+1	1.7683E-9
5.0900E+5	1.0000E+0	6.5977E-9	1.0000E+1	1.7662E-9
5.0950E+5	1.0000E+0	6.1698E-9	1.0000E+1	1.7667E-9
5.1000E+5	1.0000E+0	5.8947E-9	1.0000E+1	1.7691E-9
5.1050E+5	1.0000E+0	5.5405E-9	1.0000E+1	1.7643E-9
5.1100E+5	1.0000E+0	5.1947E-9	1.0000E+1	1.7663E-9
5.1150E+5	1.0000E+0	4.8354E-9	1.0000E+1	1.7623E-9
5.1200E+5	1.0000E+0	4.5053E-9	1.0000E+1	1.7630E-9
5.1250E+5	1.0000E+0	4.2892E-9	1.0000E+1	1.7658E-9
5.1300E+5	1.0000E+0	4.0059E-9	1.0000E+1	1.7650E-9
5.1350E+5	1.0000E+0	3.8062E-9	1.0000E+1	1.7616E-9
5.1400E+5	1.0000E+0	3.5879E-9	1.0000E+1	1.7630E-9
5.1450E+5	1.0000E+0	3.3853E-9	1.0000E+1	1.7630E-9
5.1500E+5	1.0000E+0	4.3298E-9	1.0000E+1	1.3669E-9
5.1550E+5	1.0000E+0	5.7850E-9	1.0000E+1	9.8333E-11
5.1600E+5	1.0000E+0	5.9039E-9	1.0000E+1	4.3304E-11
5.1650E+5	1.0000E+0	5.6748E-9	1.0000E+1	2.5785E-11
5.1700E+5	1.0000E+0	5.3451E-9	1.0000E+1	1.9607E-11
5.1750E+5	1.0000E+0	5.0452E-9	1.0000E+1	1.7058E-11
5.1800E+5	1.0000E+0	4.7838E-9	1.0000E+1	1.6419E-11
5.1850E+5	1.0000E+0	4.4890E-9	1.0000E+1	1.6066E-11
5.1900E+5	1.0000E+0	4.2573E-9	1.0000E+1	1.5824E-11
5.1950E+5	1.0000E+0	4.0574E-9	1.0000E+1	1.5875E-11
5.2000E+5	1.0000E+0	3.8435E-9	1.0000E+1	1.5863E-11
5.2050E+5	1.0000E+0	3.6208E-9	1.0000E+1	1.6009E-11
5.2100E+5	1.0000E+0	3.4691E-9	1.0000E+1	1.5853E-11
5.2150E+5	1.0000E+0	3.2746E-9	1.0000E+1	1.5922E-11
5.2200E+5	1.0000E+0	3.1475E-9	1.0000E+1	1.5793E-11
5.2250E+5	1.0000E+0	2.9926E-9	1.0000E+1	1.5937E-11
5.2300E+5	1.0000E+0	2.8769E-9	1.0000E+1	1.5862E-11
5.2350E+5	1.0000E+0	2.7465E-9	1.0000E+1	1.6035E-11
5.2400E+5	1.0000E+0	2.6223E-9	1.0000E+1	1.6079E-11
5.2450E+5	1.0000E+0	2.5144E-9	1.0000E+1	1.5975E-11
5.2500E+5	1.0000E+0	1.2709E-9	1.0000E+1	7.9650E-10
5.2550E+5	1.0000E+0	7.9694E-10	1.0000E+1	1.7337E-9
5.2600E+5	1.0000E+0	7.8722E-10	1.0000E+1	1.7587E-9
5.2650E+5	1.0000E+0	7.7579E-10	1.0000E+1	1.7615E-9
5.2700E+5	1.0000E+0	7.5524E-10	1.0000E+1	1.7590E-9
5.2750E+5	1.0000E+0	7.3651E-10	1.0000E+1	1.7574E-9
5.2800E+5	1.0000E+0	7.3574E-10	1.0000E+1	1.7585E-9
5.2850E+5	1.0000E+0	7.2097E-10	1.0000E+1	1.7579E-9
5.2900E+5	1.0000E+0	6.8903E-10	1.0000E+1	1.7554E-9
5.2950E+5	1.0000E+0	6.8124E-10	1.0000E+1	1.7591E-9
5.3000E+5	1.0000E+0	6.6762E-10	1.0000E+1	1.7577E-9
5.3050E+5	1.0000E+0	6.5503E-10	1.0000E+1	1.7590E-9
5.3100E+5	1.0000E+0	6.5255E-10	1.0000E+1	1.7593E-9
5.3150E+5	1.0000E+0	6.2134E-10	1.0000E+1	1.7555E-9
5.3200E+5	1.0000E+0	6.1075E-10	1.0000E+1	1.7580E-9
5.3250E+5	1.0000E+0	5.9214E-10	1.0000E+1	1.7563E-9
5.3300E+5	1.0000E+0	5.8099E-10	1.0000E+1	1.7559E-9
5.3350E+5	1.0000E+0	5.6414E-10	1.0000E+1	1.7559E-9
5.3400E+5	1.0000E+0	5.4802E-10	1.0000E+1	1.7543E-9
5.3450E+5	1.0000E+0	5.3562E-10	1.0000E+1	1.7536E-9
5.3500E+5	1.0000E+0	6.4844E-10	1.0000E+1	1.5384E-9
5.3550E+5	1.0000E+0	1.2022E-9	1.0000E+1	1.0718E-10
5.3600E+5	1.0000E+0	1.2991E-9	1.0000E+1	4.5365E-11
5.3650E+5	1.0000E+0	1.2799E-9	1.0000E+1	2.6649E-11
5.3700E+5	1.0000E+0	1.2201E-9	1.0000E+1	2.0151E-11
5.3750E+5	1.0000E+0	1.1544E-9	1.0000E+1	1.7697E-11
5.3800E+5	1.0000E+0	1.0883E-9	1.0000E+1	1.6599E-11
5.3850E+5	1.0000E+0	1.0364E-9	1.0000E+1	1.6446E-11
5.3900E+5	1.0000E+0	9.8987E-10	1.0000E+1	1.5993E-11
5.3950E+5	1.0000E+0	9.3374E-10	1.0000E+1	1.5780E-11
5.4000E+5	1.0000E+0	8.9097E-10	1.0000E+1	1.6038E-11
5.4050E+5	1.0000E+0	8.5955E-10	1.0000E+1	1.5769E-11
5.4100E+5	1.0000E+0	8.0934E-10	1.0000E+1	1.5919E-11
5.4150E+5	1.0000E+0	7.8477E-10	1.0000E+1	1.5663E-11
5.4200E+5	1.0000E+0	7.5781E-10	1.0000E+1	1.5999E-11
5.4250E+5	1.0000E+0	7.2808E-10	1.0000E+1	1.5991E-11
5.4300E+5	1.0000E+0	7.0717E-10	1.0000E+1	1.5783E-11
5.4350E+5	1.0000E+0	6.7248E-10	1.0000E+1	1.5820E-11
5.4400E+5	1.0000E+0	6.4890E-10	1.0000E+1	1.6218E-11
5.4450E+5	1.0000E+0	6.2831E-10	1.0000E+1	1.5932E-11
5.4500E+5	1.0000E+0	4.1000E-10	1.0000E+1	5.6876E-10
5.4550E+5	1.0000E+0	2.1552E-10	1.0000E+1	1.7259E-9
5.4600E+5	1.0000E+0	2.1874E-10	1.0000E+1	1.7592E-9
5.4650E+5	1.0000E+0	2.2722E-10	1.0000E+1	1.7557E-9
5.4700E+5	1.0000E+0	2.3191E-10	1.0000E+1	1.7546E-9
5.4750E+5	1.0000E+0	2.3636E-10	1.0000E+1	1.7526E-9
5.4800E+5	1.0000E+0	2.3899E-10	1.0000E+1	1.7531E-9
5.4850E+5	1.0000E+0	2.4072E-10	1.0000E+1	1.7541E-9
5.4900E+5	1.0000E+0	2.4499E-10	1.0000E+1	1.7548E-9
5.4950E+5	1.0000E+0	2.4588E-10	1.0000E+1	1.7553E-9
5.5000E+5	1.0000E+0	2.4498E-10	1.0000E+1	1.7532E-9
5.5050E+5	1.0000E+0	2.4457E-10	1.0000E+1	1.7559E-9
5.5100E+5	1.0000E+0	2.4402E-10	1.0000E+1	1.7577E-9
5.5150E+5	1.0000E+0	2.4905E-10	1.0000E+1	1.7608E-9
5.5200E+5	1.0000E+0	2.4233E-10	1.0000E+1	1.7551E-9
5.5250E+5	1.0000E+0	2.4074E-10	1.0000E+1	1.7561E-9
5.5300E+5	1.0000E+0	2.3864E-10	1.0000E+1	1.7498E-9
5.5350E+5	1.0000E+0	2.3838E-10	1.0000E+1	1.7573E-9
5.5400E+5	1.0000E+0	2.3411E-10	1.0000E+1	1.7518E-9
5.5450E+5	1.0000E+0	2.3275E-10	1.0000E+1	1.7541E-9
5.5500E+5	1.0000E+0	1.7261E-10	1.0000E+1	1.6885E-9
5.5550E+5	1.0000E+0	4.7285E-10	1.0000E+1	1.1532E-10
5.5600E+5	1.0000E+0	5.4905E-10	1.0000E+1	4.5645E-11
5.5650E+5	1.0000E+0	5.2865E-10	1.0000E+1	2.6225E-11
5.5700E+5	1.0000E+0	5.0438E-10	1.0000E+1	1.9546E-11
5.5750E+5	1.0000E+0	4.7610E-10	1.0000E+1	1.7061E-11
5.5800E+5	1.0000E+0	4.4851E-10	1.0000E+1	1.6088E-11
5.5850E+5	1.0000E+0	4.3327E-10	1.0000E+1	1.5709E-11
5.5900E+5	1.0000E+0	4.0665E-10	1.0000E+1	1.5771E-11
5.5950E+5	1.0000E+0	3.9061E-10	1.0000E+1	1.5353E-11
5.6000E+5	1.0000E+0	3.8007E-10	1.0000E+1	1.5640E-11
5.6050E+5	1.0000E+0	3.5816E-10	1.0000E+1	1.5589E-11
5.6100E+5	1.0000E+0	2.0577E-7	2.0000E+1	5.3486E-10
5.6200E+5	1.0000E+0	2.0591E-7	2.0000E+1	5.3652E-11
5.6250E+5	1.0000E+0	2.0235E-7	2.0000E+1	3.7076E-11
5.6300E+5	1.0000E+0	1.9031E-7	2.0000E+1	3.2670E-11
5.6350E+5	1.0000E+0	1.8428E-7	2.0000E+1	3.0718E-11
5.6400E+5	1.0000E+0	1.8393E-7	2.0000E+1	3.0881E-11
5.6450E+5	1.0000E+0	1.7821E-7	2.0000E+1	2.9523E-11
5.6500E+5	1.0000E+0	1.7278E-7	2.0000E+1	6.5644E-10
5.6550E+5	1.0000E+0	1.6444E-7	2.0000E+1	2.7685E-9
5.6600E+5	1.0000E+0	1.6279E-7	2.0000E+1	2.7974E-9
5.6650E+5	1.0000E+0	1.5982E-7	2.0000E+1	2.7981E-9
5.6700E+5	1.0000E+0	1.5683E-7	2.0000E+1	2.7940E-9
5.6750E+5	1.0000E+0	1.5558E-7	2.0000E+1	2.7981E-9
5.6800E+5	1.0000E+0	1.5106E-7	2.0000E+1	2.7947E-9
5.6850E+5	1.0000E+0	1.5284E-7	2.0000E+1	2.7976E-9
5.6900E+5	1.0000E+0	1.5087E-7	2.0000E+1	2.8000E-9
5.6950E+5	1.0000E+0	1.5216E-7	2.0000E+1	2.7944E-9
5.7000E+5	1.0000E+0	1.4967E-7	2.0000E+1	2.7955E-9
5.7050E+5	1.0000E+0	1.4744E-7	2.0000E+1	2.7962E-9
5.7100E+5	1.0000E+0	1.4737E-7	2.0000E+1	2.7954E-9
5.7150E+5	1.0000E+0	1.4154E-7	2.0000E+1	2.7969E-9
5.7200E+5	1.0000E+0	1.4203E-7	2.0000E+1	2.7983E-9
5.7250E+5	1.0000E+0	1.3943E-7	2.0000E+1	2.7974E-9
5.7300E+5	1.0000E+0	1.4144E-7	2.0000E+1	2.7993E-9
5.7350E+5	1.0000E+0	1.3722E-7	2.0000E+1	2.7973E-9
5.7400E+5	1.0000E+0	1.3678E-7	2.0000E+1	2.8032E-9
5.7450E+5	1.0000E+0	1.3648E-7	2.0000E+1	2.7970E-9
5.7500E+5	1.0000E+0	1.3498E-7	2.0000E+1	2.7986E-9
5.7550E+5	1.0000E+0	1.4349E-7	2.0000E+1	1.7297E-10
5.7600E+5	1.0000E+0	1.3920E-7	2.0000E+1	6.7220E-11
5.7650E+5	1.0000E+0	1.4154E-7	2.0000E+1	3.4771E-11
5.7700E+5	1.0000E+0	1.4034E-7	2.0000E+1	2.6643E-11
5.7750E+5	1.0000E+0	1.3601E-7	2.0000E+1	2.4532E-11
5.7800E+5	1.0000E+0	1.3448E-7	2.0000E+1	2.4871E-11
5.7850E+5	1.0000E+0	1.3356E-7	2.0000E+1	2.4476E-11
5.7900E+5	1.0000E+0	1.3074E-7	2.0000E+1	2.4575E-11
5.7950E+5	1.0000E+0	1.3014E-7	2.0000E+1	2.4352E-11
5.8000E+5	1.0000E+0	1.2853E-7	2.0000E+1	2.4197E-11
5.8050E+5	1.0000E+0	1.2737E-7	2.0000E+1	2.4214E-11
5.8100E+5	1.0000E+0	1.2247E-7	2.0000E+1	2.4126E-11
5.8150E+5	1.0000E+0	1.2532E-7	2.0000E+1	2.4399E-11
5.8200E+5	1.0000E+0	1.2182E-7	2.0000E+1	2.4283E-11
5.8250E+5	1.0000E+0	1.1999E-7	2.0000E+1	2.4123E-11
5.8300E+5	1.0000E+0	1.1787E-7	2.0000E+1	2.4217E-11
5.8350E+5	1.0000E+0	1.1514E-7	2.0000E+1	2.3361E-11
5.8400E+5	1.0000E+0	1.1632E-7	2.0000E+1	2.4228E-11
5.8450E+5	1.0000E+0	1.1483E-7	2.0000E+1	2.4045E-11
5.8500E+5	1.0000E+0	1.0565E-7	2.0000E+1	3.0890E-10
5.8550E+5	1.0000E+0	9.6185E-8	2.0000E+1	2.7505E-9
5.8600E+5	1.0000E+0	9.3891E-8	2.0000E+1	2.8035E-9
5.8650E+5	1.0000E+0	9.3902E-8	2.0000E+1	2.8004E-9
5.8700E+5	1.0000E+0	9.1660E-8	2.0000E+1	2.7998E-9
5.8750E+5	1.0000E+0	9.0100E-8	2.0000E+1	2.8009E-9
5.8800E+5	1.0000E+0	8.8066E-8	2.0000E+1	2.8007E-9
5.8850E+5	1.0000E+0	8.6234E-8	2.0000E+1	2.8018E-9
5.8900E+5	1.0000E+0	8.2769E-8	2.0000E+1	2.7995E-9
5.8950E+5	1.0000E+0	8.0352E-8	2.0000E+1	2.8004E-9
5.9000E+5	1.0000E+0	7.8062E-8	2.0000E+1	2.7986E-9
5.9050E+5	1.0000E+0	7.6124E-8	2.0000E+1	2.7984E-9
5.9100E+5	1.0000E+0	7.3429E-8	2.0000E+1	2.7949E-9
5.9150E+5	1.0000E+0	7.1333E-8	2.0000E+1	2.8011E-9
5.9200E+5	1.0000E+0	7.0476E-8	2.0000E+1	2.7972E-9
5.9250E+5	1.0000E+0	6.8139E-8	2.0000E+1	2.8013E-9
5.9300E+5	1.0000E+0	6.6479E-8	2.0000E+1	2.7947E-9
5.9350E+5	1.0000E+0	6.4721E-8	2.0000E+1	2.7990E-9
5.9400E+5	1.0000E+0	6.2581E-8	2.0000E+1	2.7936E-9
5.9450E+5	1.0000E+0	6.0719E-8	2.0000E+1	2.7891E-9
5.9500E+5	1.0000E+0	6.1774E-8	2.0000E+1	2.7923E-9
5.9550E+5	1.0000E+0	7.1834E-8	2.0000E+1	1.8689E-10
5.9600E+5	1.0000E+0	7.2688E-8	2.0000E+1	6.9108E-11
5.9650E+5	1.0000E+0	7.0686E-8	2.0000E+1	3.3593E-11
5.9700E+5	1.0000E+0	6.8556E-8	2.0000E+1	2.5384E-11
5.9750E+5	1.0000E+0	6.6456E-8	2.0000E+1	2.3735E-11
5.9800E+5	1.0000E+0	6.3994E-8	2.0000E+1	2.3538E-11
5.9850E+5	1.0000E+0	6.1976E-8	2.0000E+1	2.3411E-11
5.9900E+5	1.0000E+0	5.9769E-8	2.0000E+1	2.3162E-11
5.9950E+5	1.0000E+0	5.7779E-8	2.0000E+1	2.3276E-11
6.0000E+5	1.0000E+0	5.6423E-8	2.0000E+1	2.3185E-11
6.0050E+5	1.0000E+0	5.4522E-8	2.0000E+1	2.3392E-11
6.0100E+5	1.0000E+0	5.2806E-8	2.0000E+1	2.3450E-11
6.0150E+5	1.0000E+0	5.1196E-8	2.0000E+1	2.3356E-11
6.0200E+5	1.0000E+0	4.9527E-8	2.0000E+1	2.3350E-11
6.0250E+5	1.0000E+0	4.8246E-8	2.0000E+1	2.3245E-11
6.0300E+5	1.0000E+0	4.6938E-8	2.0000E+1	2.3390E-11
6.0350E+5	1.0000E+0	4.5370E-8	2.0000E+1	2.3513E-11
6.0400E+5	1.0000E+0	4.3785E-8	2.0000E+1	2.2855E-11
6.0450E+5	1.0000E+0	4.2513E-8	2.0000E+1	2.3373E-11
6.0500E+5	1.0000E+0	3.4482E-8	2.0000E+1	7.6199E-11
6.0550E+5	1.0000E+0	2.4541E-8	2.0000E+1	2.7382E-9
6.0600E+5	1.0000E+0	2.3435E-8	2.0000E+1	2.7967E-9
6.0650E+5	1.0000E+0	2.2579E-8	2.0000E+1	2.7992E-9
6.0700E+5	1.0000E+0	2.2085E-8	2.0000E+1	2.8024E-9
6.0750E+5	1.0000E+0	2.1369E-8	2.0000E+1	2.7961E-9
6.0800E+5	1.0000E+0	2.0672E-8	2.0000E+1	2.7979E-9
6.0850E+5	1.0000E+0	1.9933E-8	2.0000E+1	2.7975E-9
6.0900E+5	1.0000E+0	1.9087E-8	2.0000E+1	2.7967E-9
6.0950E+5	1.0000E+0	1.8240E-8	2.0000E+1	2.7922E-9
6.1000E+5	1.0000E+0	1.7522E-8	2.0000E+1	2.7929E-9
6.1050E+5	1.0000E+0	1.6954E-8	2.0000E+1	2.7974E-9
6.1100E+5	1.0000E+0	1.6187E-8	2.0000E+1	2.7941E-9
6.1150E+5	1.0000E+0	1.5348E-8	2.0000E+1	2.7931E-9
6.1200E+5	1.0000E+0	1.4607E-8	2.0000E+1	2.7915E-9
6.1250E+5	1.0000E+0	1.3897E-8	2.0000E+1	2.7923E-9
6.1300E+5	1.0000E+0	1.3257E-8	2.0000E+1	2.7913E-9
6.1350E+5	1.0000E+0	1.2628E-8	2.0000E+1	2.7896E-9
6.1400E+5	1.0000E+0	1.2038E-8	2.0000E+1	2.7915E-9
6.1450E+5	1.0000E+0	1.1479E-8	2.0000E+1	2.7900E-9
6.1500E+5	1.0000E+0	1.2008E-8	2.0000E+1	2.7874E-9
6.1550E+5	1.0000E+0	1.8608E-8	2.0000E+1	1.9717E-10
6.1600E+5	1.0000E+0	2.0058E-8	2.0000E+1	7.3545E-11
6.1650E+5	1.0000E+0	1.9371E-8	2.0000E+1	3.5266E-11
6.1700E+5	1.0000E+0	1.8659E-8	2.0000E+1	2.5483E-11
6.1750E+5	1.0000E+0	1.7891E-8	2.0000E+1	2.3299E-11
6.1800E+5	1.0000E+0	1.7195E-8	2.0000E+1	2.3228E-11
6.1850E+5	1.0000E+0	1.6485E-8	2.0000E+1	2.2980E-11
6.1900E+5	1.0000E+0	1.5910E-8	2.0000E+1	2.2911E-11
6.1950E+5	1.0000E+0	1.5252E-8	2.0000E+1	2.2724E-11
6.2000E+5	1.0000E+0	1.4669E-8	2.0000E+1	2.2726E-11
6.2050E+5	1.0000E+0	1.4140E-8	2.0000E+1	2.2870E-11
6.2100E+5	1.0000E+0	1.3655E-8	2.0000E+1	2.3044E-11
6.2150E+5	1.0000E+0	1.3067E-8	2.0000E+1	2.2951E-11
6.2200E+5	1.0000E+0	1.2698E-8	2.0000E+1	2.3056E-11
6.2250E+5	1.0000E+0	1.2259E-8	2.0000E+1	2.2707E-11
6.2300E+5	1.0000E+0	1.1792E-8	2.0000E+1	2.2799E-11
6.2350E+5	1.0000E+0	1.1452E-8	2.0000E+1	2.2935E-11
6.2400E+5	1.0000E+0	1.0980E-8	2.0000E+1	2.3303E-11
6.2450E+5	1.0000E+0	1.0600E-8	2.0000E+1	2.3073E-11
6.2500E+5	1.0000E+0	7.8987E-9	2.0000E+1	2.2748E-11
6.2550E+5	1.0000E+0	3.7332E-9	2.0000E+1	2.7270E-9
6.2600E+5	1.0000E+0	3.6220E-9	2.0000E+1	2.7975E-9
6.2650E+5	1.0000E+0	3.5847E-9	2.0000E+1	2.7962E-9
6.2700E+5	1.0000E+0	3.4857E-9	2.0000E+1	2.7989E-9
6.2750E+5	1.0000E+0	3.4031E-9	2.0000E+1	2.7980E-9
6.2800E+5	1.0000E+0	3.3199E-9	2.0000E+1	2.7982E-9
6.2850E+5	1.0000E+0	3.2554E-9	2.0000E+1	2.7972E-9
6.2900E+5	1.0000E+0	3.1382E-9	2.0000E+1	2.7971E-9
6.2950E+5	1.0000E+0	3.0484E-9	2.0000E+1	2.7946E-9
6.3000E+5	1.0000E+0	2.9743E-9	2.0000E+1	2.7983E-9
6.3050E+5	1.0000E+0	2.8718E-9	2.0000E+1	2.7921E-9
6.3100E+5	1.0000E+0	2.7810E-9	2.0000E+1	2.7927E-9
6.3150E+5	1.0000E+0	2.6695E-9	2.0000E+1	2.7953E-9
6.3200E+5	1.0000E+0	2.5996E-9	2.0000E+1	2.7889E-9
6.3250E+5	1.0000E+0	2.4809E-9	2.0000E+1	2.7886E-9
6.3300E+5	1.0000E+0	2.4118E-9	2.0000E+1	2.7879E-9
6.3350E+5	1.0000E+0	2.3250E-9	2.0000E+1	2.7874E-9
6.3400E+5	1.0000E+0	2.2158E-9	2.0000E+1	2.7837E-9
6.3450E+5	1.0000E+0	2.1142E-9	2.0000E+1	2.7842E-9
6.3500E+5	1.0000E+0	2.2694E-9	2.0000E+1	2.7878E-9
6.3550E+5	1.0000E+0	5.1581E-9	2.0000E+1	2.1350E-10
6.3600E+5	1.0000E+0	6.0235E-9	2.0000E+1	7.6373E-11
6.3650E+5	1.0000E+0	5.8738E-9	2.0000E+1	3.5157E-11
6.3700E+5	1.0000E+0	5.5131E-9	2.0000E+1	2.4893E-11
6.3750E+5	1.0000E+0	5.2918E-9	2.0000E+1	2.3640E-11
6.3800E+5	1.0000E+0	5.0433E-9	2.0000E+1	2.2837E-11
6.3850E+5	1.0000E+0	4.8620E-9	2.0000E+1	2.2238E-11
6.3900E+5	1.0000E+0	4.6638E-9	2.0000E+1	2.2945E-11
6.3950E+5	1.0000E+0	4.4549E-9	2.0000E+1	2.2728E-11
6.4000E+5	1.0000E+0	4.2402E-9	2.0000E+1	2.2603E-11
6.4050E+5	1.0000E+0	4.0745E-9	2.0000E+1	2.2876E-11
6.4100E+5	1.0000E+0	3.9256E-9	2.0000E+1	2.2546E-11
6.4150E+5	1.0000E+0	5.3204E-7	3.0000E+1	5.9071E-10
6.4200E+5	1.0000E+0	5.1059E-7	3.0000E+1	1.1419E-10
6.4250E+5	1.0000E+0	5.0046E-7	3.0000E+1	5.7921E-11
6.4300E+5	1.0000E+0	4.8911E-7	3.0000E+1	4.1679E-11
6.4350E+5	1.0000E+0	4.8089E-7	3.0000E+1	3.6453E-11
6.4400E+5	1.0000E+0	4.7324E-7	3.0000E+1	3.6761E-11
6.4450E+5	1.0000E+0	4.6642E-7	3.0000E+1	3.5349E-11
6.4500E+5	1.0000E+0	4.4669E-7	3.0000E+1	3.4466E-11
6.4550E+5	1.0000E+0	4.3132E-7	3.0000E+1	3.5051E-9
6.4600E+5	1.0000E+0	4.1649E-7	3.0000E+1	3.5660E-9
6.4650E+5	1.0000E+0	4.0865E-7	3.0000E+1	3.5685E-9
6.4700E+5	1.0000E+0	4.0952E-7	3.0000E+1	3.5697E-9
6.4750E+5	1.0000E+0	4.0378E-7	3.0000E+1	3.5712E-9
6.4800E+5	1.0000E+0	4.0113E-7	3.0000E+1	3.5764E-9
6.4850E+5	1.0000E+0	3.9323E-7	3.0000E+1	3.5753E-9
6.4900E+5	1.0000E+0	3.8881E-7	3.0000E+1	3.5715E-9
6.4950E+5	1.0000E+0	3.8679E-7	3.0000E+1	3.5685E-9
6.5000E+5	1.0000E+0	3.7409E-7	3.0000E+1	3.5749E-9
6.5050E+5	1.0000E+0	3.6967E-7	3.0000E+1	3.5761E-9
6.5100E+5	1.0000E+0	3.7090E-7	3.0000E+1	3.5686E-9
6.5150E+5	1.0000E+0	3.6563E-7	3.0000E+1	3.5757E-9
6.5200E+5	1.0000E+0	3.6074E-7	3.0000E+1	3.5757E-9
6.5250E+5	1.0000E+0	3.5652E-7	3.0000E+1	3.5689E-9
6.5300E+5	1.0000E+0	3.5344E-7	3.0000E+1	3.5718E-9
6.5350E+5	1.0000E+0	3.4825E-7	3.0000E+1	3.5709E-9
6.5400E+5	1.0000E+0	3.4740E-7	3.0000E+1	3.5742E-9
6.5450E+5	1.0000E+0	3.4083E-7	3.0000E+1	3.5718E-9
6.5500E+5	1.0000E+0	3.3395E-7	3.0000E+1	3.5743E-9
6.5550E+5	1.0000E+0	3.5340E-7	3.0000E+1	2.7125E-10
6.5600E+5	1.0000E+0	3.5368E-7	3.0000E+1	9.2726E-11
6.5650E+5	1.0000E+0	3.4510E-7	3.0000E+1	4.7054E-11
6.5700E+5	1.0000E+0	3.4158E-7	3.0000E+1	3.3521E-11
6.5750E+5	1.0000E+0	3.3991E-7	3.0000E+1	3.0566E-11
6.5800E+5	1.0000E+0	3.3501E-7	3.0000E+1	3.0137E-11
6.5850E+5	1.0000E+0	3.3090E-7	3.0000E+1	3.0074E-11
6.5900E+5	1.0000E+0	3.2781E-7	3.0000E+1	2.9649E-11
6.5950E+5	1.0000E+0	3.1620E-7	3.0000E+1	2.9842E-11
6.6000E+5	1.0000E+0	3.0980E-7	3.0000E+1	2.9100E-11
6.6050E+5	1.0000E+0	3.0348E-7	3.0000E+1	2.9957E-11
6.6100E+5	1.0000E+0	2.9532E-7	3.0000E+1	2.9768E-11
6.6150E+5	1.0000E+0	2.9033E-7	3.0000E+1	3.0111E-11
6.6200E+5	1.0000E+0	2.8282E-7	3.0000E+1	2.9753E-11
6.6250E+5	1.0000E+0	2.8186E-7	3.0000E+1	2.9874E-11
6.6300E+5	1.0000E+0	2.7729E-7	3.0000E+1	2.9707E-11
6.6350E+5	1.0000E+0	2.7279E-7	3.0000E+1	2.9399E-11
6.6400E+5	1.0000E+0	2.6876E-7	3.0000E+1	2.9688E-11
6.6450E+5	1.0000E+0	2.6265E-7	3.0000E+1	2.9274E-11
6.6500E+5	1.0000E+0	2.4874E-7	3.0000E+1	2.9308E-11
6.6550E+5	1.0000E+0	2.1621E-7	3.0000E+1	3.4734E-9
6.6600E+5	1.0000E+0	2.1171E-7	3.0000E+1	3.5719E-9
6.6650E+5	1.0000E+0	2.0731E-7	3.0000E+1	3.5792E-9
6.6700E+5	1.0000E+0	2.0189E-7	3.0000E+1	3.5705E-9
6.6750E+5	1.0000E+0	1.9713E-7	3.0000E+1	3.5795E-9
6.6800E+5	1.0000E+0	1.9412E-7	3.0000E+1	3.5726E-9
6.6850E+5	1.0000E+0	1.8780E-7	3.0000E+1	3.5691E-9
6.6900E+5	1.0000E+0	1.8335E-7	3.0000E+1	3.5677E-9
6.6950E+5	1.0000E+0	1.8077E-7	3.0000E+1	3.5728E-9
6.7000E+5	1.0000E+0	1.7657E-7	3.0000E+1	3.5725E-9
6.7050E+5	1.0000E+0	1.7135E-7	3.0000E+1	3.5660E-9
6.7100E+5	1.0000E+0	1.6790E-7	3.0000E+1	3.5726E-9
6.7150E+5	1.0000E+0	1.6171E-7	3.0000E+1	3.5683E-9
6.7200E+5	1.0000E+0	1.5745E-7	3.0000E+1	3.5714E-9
6.7250E+5	1.0000E+0	1.5489E-7	3.0000E+1	3.5733E-9
6.7300E+5	1.0000E+0	1.4864E-7	3.0000E+1	3.5696E-9
6.7350E+5	1.0000E+0	1.4495E-7	3.0000E+1	3.5729E-9
6.7400E+5	1.0000E+0	1.3968E-7	3.0000E+1	3.5733E-9
6.7450E+5	1.0000E+0	1.3646E-7	3.0000E+1	3.5800E-9
6.7500E+5	1.0000E+0	1.3266E-7	3.0000E+1	3.5716E-9
6.7550E+5	1.0000E+0	1.5565E-7	3.0000E+1	3.0134E-10
6.7600E+5	1.0000E+0	1.5929E-7	3.0000E+1	9.5005E-11
6.7650E+5	1.0000E+0	1.5616E-7	3.0000E+1	4.5800E-11
6.7700E+5	1.0000E+0	1.5089E-7	3.0000E+1	3.2104E-11
6.7750E+5	1.0000E+0	1.4657E-7	3.0000E+1	2.9423E-11
6.7800E+5	1.0000E+0	1.4243E-7	3.0000E+1	2.8954E-11
6.7850E+5	1.0000E+0	1.3836E-7	3.0000E+1	2.8367E-11
6.7900E+5	1.0000E+0	1.3493E-7	3.0000E+1	2.8532E-11
6.7950E+5	1.0000E+0	1.3146E-7	3.0000E+1	2.8654E-11
6.8000E+5	1.0000E+0	1.2693E-7	3.0000E+1	2.8710E-11
6.8050E+5	1.0000E+0	1.2422E-7	3.0000E+1	2.8858E-11
6.8100E+5	1.0000E+0	1.2058E-7	3.0000E+1	2.8348E-11
6.8150E+5	1.0000E+0	1.1737E-7	3.0000E+1	2.8634E-11
6.8200E+5	1.0000E+0	1.1381E-7	3.0000E+1	2.8172E-11
6.8250E+5	1.0000E+0	1.1049E-7	3.0000E+1	2.8404E-11
6.8300E+5	1.0000E+0	1.0797E-7	3.0000E+1	2.8360E-11
6.8350E+5	1.0000E+0	1.0469E-7	3.0000E+1	2.8293E-11
6.8400E+5	1.0000E+0	1.0174E-7	3.0000E+1	2.8583E-11
6.8450E+5	1.0000E+0	9.8545E-8	3.0000E+1	2.8101E-11
6.8500E+5	1.0000E+0	9.3215E-8	3.0000E+1	2.8238E-11
6.8550E+5	1.0000E+0	6.3843E-8	3.0000E+1	3.4378E-9
6.8600E+5	1.0000E+0	6.1392E-8	3.0000E+1	3.5744E-9
6.8650E+5	1.0000E+0	5.9797E-8	3.0000E+1	3.5828E-9
6.8700E+5	1.0000E+0	5.8025E-8	3.0000E+1	3.5784E-9
6.8750E+5	1.0000E+0	5.6176E-8	3.0000E+1	3.5802E-9
6.8800E+5	1.0000E+0	5.4646E-8	3.0000E+1	3.5839E-9
6.8850E+5	1.0000E+0	5.2527E-8	3.0000E+1	3.5793E-9
6.8900E+5	1.0000E+0	5.1363E-8	3.0000E+1	3.5807E-9
6.8950E+5	1.0000E+0	4.9118E-8	3.0000E+1	3.5759E-9
6.9000E+5	1.0000E+0	4.7626E-8	3.0000E+1	3.5789E-9
6.9050E+5	1.0000E+0	4.5987E-8	3.0000E+1	3.5734E-9
6.9100E+5	1.0000E+0	4.4394E-8	3.0000E+1	3.5750E-9
6.9150E+5	1.0000E+0	4.2841E-8	3.0000E+1	3.5816E-9
6.9200E+5	1.0000E+0	4.0892E-8	3.0000E+1	3.5709E-9
6.9250E+5	1.0000E+0	3.9597E-8	3.0000E+1	3.5673E-9
6.9300E+5	1.0000E+0	3.8346E-8	3.0000E+1	3.5713E-9
6.9350E+5	1.0000E+0	3.6674E-8	3.0000E+1	3.5607E-9
6.9400E+5	1.0000E+0	3.5135E-8	3.0000E+1	3.5703E-9
6.9450E+5	1.0000E+0	3.4123E-8	3.0000E+1	3.6186E-9
6.9500E+5	1.0000E+0	3.2549E-8	3.0000E+1	3.5642E-9
6.9550E+5	1.0000E+0	4.7301E-8	3.0000E+1	3.4118E-10
6.9600E+5	1.0000E+0	5.0965E-8	3.0000E+1	1.0033E-10
6.9650E+5	1.0000E+0	5.0132E-8	3.0000E+1	4.7091E-11
6.9700E+5	1.0000E+0	4.8459E-8	3.0000E+1	3.2195E-11
6.9750E+5	1.0000E+0	4.6390E-8	3.0000E+1	2.9042E-11
6.9800E+5	1.0000E+0	4.4997E-8	3.0000E+1	2.8093E-11
6.9850E+5	1.0000E+0	4.3095E-8	3.0000E+1	2.8280E-11
6.9900E+5	1.0000E+0	4.1669E-8	3.0000E+1	2.7821E-11
6.9950E+5	1.0000E+0	4.0455E-8	3.0000E+1	2.8180E-11
7.0000E+5	1.0000E+0	3.9221E-8	3.0000E+1	2.7761E-11
7.0050E+5	1.0000E+0	3.7935E-8	3.0000E+1	2.7968E-11
7.0100E+5	1.0000E+0	3.6605E-8	3.0000E+1	2.7277E-11
7.0150E+5	1.0000E+0	3.5525E-8	3.0000E+1	2.7821E-11
7.0200E+5	1.0000E+0	3.4493E-8	3.0000E+1	2.7816E-11
7.0250E+5	1.0000E+0	3.3456E-8	3.0000E+1	2.8038E-11
7.0300E+5	1.0000E+0	3.2286E-8	3.0000E+1	2.7561E-11
7.0350E+5	1.0000E+0	3.1182E-8	3.0000E+1	2.8151E-11
7.0400E+5	1.0000E+0	3.0455E-8	3.0000E+1	2.7645E-11
7.0450E+5	1.0000E+0	2.9518E-8	3.0000E+1	2.7562E-11
7.0500E+5	1.0000E+0	2.7842E-8	3.0000E+1	2.7781E-11
7.0550E+5	1.0000E+0	1.2831E-8	3.0000E+1	3.3842E-9
7.0600E+5	1.0000E+0	1.2350E-8	3.0000E+1	3.5622E-9
7.0650E+5	1.0000E+0	1.2309E-8	3.0000E+1	3.5654E-9
7.0700E+5	1.0000E+0	1.2169E-8	3.0000E+1	3.5620E-9
7.0750E+5	1.0000E+0	1.1881E-8	3.0000E+1	3.5619E-9
7.0800E+5	1.0000E+0	1.1593E-8	3.0000E+1	3.5631E-9
7.0850E+5	1.0000E+0	1.1347E-8	3.0000E+1	3.5637E-9
7.0900E+5	1.0000E+0	1.1014E-8	3.0000E+1	3.5600E-9
7.0950E+5	1.0000E+0	1.0701E-8	3.0000E+1	3.5643E-9
7.1000E+5	1.0000E+0	1.0342E-8	3.0000E+1	3.5632E-9
7.1050E+5	1.0000E+0	1.0017E-8	3.0000E+1	3.5642E-9
7.1100E+5	1.0000E+0	9.7183E-9	3.0000E+1	3.5655E-9
7.1150E+5	1.0000E+0	9.4212E-9	3.0000E+1	3.5636E-9
7.1200E+5	1.0000E+0	9.0538E-9	3.0000E+1	3.5620E-9
7.1250E+5	1.0000E+0	8.7012E-9	3.0000E+1	3.5671E-9
7.1300E+5	1.0000E+0	8.4877E-9	3.0000E+1	3.5682E-9
7.1350E+5	1.0000E+0	8.1497E-9	3.0000E+1	3.5642E-9
7.1400E+5	1.0000E+0	7.8693E-9	3.0000E+1	3.5611E-9
7.1450E+5	1.0000E+0	7.8001E-9	3.0000E+1	3.5660E-9
7.1500E+5	1.0000E+0	7.5613E-9	3.0000E+1	3.5649E-9
7.1550E+5	1.0000E+0	1.4503E-8	3.0000E+1	3.8922E-10
7.1600E+5	1.0000E+0	1.6981E-8	3.0000E+1	1.0579E-10
7.1650E+5	1.0000E+0	1.7000E-8	3.0000E+1	4.8419E-11
7.1700E+5	1.0000E+0	1.6458E-8	3.0000E+1	3.2150E-11
7.1750E+5	1.0000E+0	1.5800E-8	3.0000E+1	2.8647E-11
7.1800E+5	1.0000E+0	1.5050E-8	3.0000E+1	2.8071E-11
7.1850E+5	1.0000E+0	1.4404E-8	3.0000E+1	2.7255E-11
7.1900E+5	1.0000E+0	1.3955E-8	3.0000E+1	2.7890E-11
7.1950E+5	1.0000E+0	1.3498E-8	3.0000E+1	2.7268E-11
7.2000E+5	1.0000E+0	1.2985E-8	3.0000E+1	2.6933E-11
7.2050E+5	1.0000E+0	1.2492E-8	3.0000E+1	2.7671E-11
7.2100E+5	1.0000E+0	1.2121E-8	3.0000E+1	2.7579E-11
7.2150E+5	1.0000E+0	8.4771E-11	0.0000E+0	-6.1624E-10
