Time (s)	|IDrain (A)|	|IGate (A)	Vdrain(V)	Vgate(V)
0.0	3.6941e-05	1.2178e-09	-10.0	-2.5
1.0	3.6917e-05	9.0369e-10	-10.0	-2.5
1.5	3.6904e-05	8.8229e-10	-10.0	-2.5
2.0	3.6892e-05	8.6861e-10	-10.0	-2.5
2.5	3.6875e-05	8.5535e-10	-10.0	-2.5
3.0	3.6859e-05	8.4707e-10	-10.0	-2.5
3.5	3.6845e-05	8.4001e-10	-10.0	-2.5
4.0	3.6836e-05	8.3226e-10	-10.0	-2.5
4.5	3.6827e-05	8.2867e-10	-10.0	-2.5
5.0	3.6816e-05	8.2151e-10	-10.0	-2.5
5.5	3.6805e-05	8.1574e-10	-10.0	-2.5
6.0	3.6795e-05	8.1198e-10	-10.0	-2.5
6.5	3.6789e-05	8.0692e-10	-10.0	-2.5
7.0	3.6777e-05	8.044e-10	-10.0	-2.5
7.5	3.677e-05	7.9791e-10	-10.0	-2.5
8.0	3.676e-05	7.9331e-10	-10.0	-2.5
8.5	3.6752e-05	7.8862e-10	-10.0	-2.5
9.0	3.6744e-05	7.8521e-10	-10.0	-2.5
9.5	3.674e-05	7.8071e-10	-10.0	-2.5
10.0	3.6732e-05	7.7944e-10	-10.0	-2.5
10.5	3.6719e-05	7.7628e-10	-10.0	-2.5
11.0	3.671e-05	7.7136e-10	-10.0	-2.5
11.5	3.6696e-05	7.7106e-10	-10.0	-2.5
12.0	3.6687e-05	7.6464e-10	-10.0	-2.5
12.5	3.6686e-05	7.6336e-10	-10.0	-2.5
13.0	3.6686e-05	7.5774e-10	-10.0	-2.5
13.5	3.6676e-05	7.5576e-10	-10.0	-2.5
14.0	3.6667e-05	7.5389e-10	-10.0	-2.5
14.5	3.6665e-05	7.5078e-10	-10.0	-2.5
15.0	3.6658e-05	7.4768e-10	-10.0	-2.5
15.5	3.6652e-05	7.4666e-10	-10.0	-2.5
16.0	3.6634e-05	7.3985e-10	-10.0	-2.5
16.5	3.6629e-05	7.3894e-10	-10.0	-2.5
17.0	3.6624e-05	7.353e-10	-10.0	-2.5
17.5	3.6613e-05	7.3185e-10	-10.0	-2.5
18.0	3.661e-05	7.3186e-10	-10.0	-2.5
18.5	3.6599e-05	7.2977e-10	-10.0	-2.5
19.0	3.6591e-05	7.2561e-10	-10.0	-2.5
19.5	3.6585e-05	7.2237e-10	-10.0	-2.5
20.0	3.6586e-05	7.1962e-10	-10.0	-2.5
20.5	3.6577e-05	7.1996e-10	-10.0	-2.5
21.0	3.6571e-05	7.1639e-10	-10.0	-2.5
21.5	3.6567e-05	7.1407e-10	-10.0	-2.5
22.0	3.6563e-05	7.1273e-10	-10.0	-2.5
22.5	3.655e-05	7.1151e-10	-10.0	-2.5
23.0	3.6546e-05	7.0639e-10	-10.0	-2.5
23.5	3.6538e-05	7.0652e-10	-10.0	-2.5
24.0	3.6528e-05	7.0579e-10	-10.0	-2.5
24.5	3.6527e-05	7.0203e-10	-10.0	-2.5
25.0	3.6523e-05	7.0027e-10	-10.0	-2.5
25.5	3.6517e-05	6.9869e-10	-10.0	-2.5
26.0	3.651e-05	6.9632e-10	-10.0	-2.5
26.5	3.6507e-05	6.9456e-10	-10.0	-2.5
27.0	3.6497e-05	6.9072e-10	-10.0	-2.5
27.5	3.6492e-05	6.9086e-10	-10.0	-2.5
28.0	3.6489e-05	6.8709e-10	-10.0	-2.5
28.5	3.6486e-05	6.8727e-10	-10.0	-2.5
29.0	3.6477e-05	6.8381e-10	-10.0	-2.5
29.5	3.648e-05	6.817e-10	-10.0	-2.5
30.0	3.6476e-05	6.8092e-10	-10.0	-2.5
30.5	3.6473e-05	6.7926e-10	-10.0	-2.5
31.0	3.6467e-05	6.779e-10	-10.0	-2.5
31.5	3.6467e-05	6.7512e-10	-10.0	-2.5
32.0	3.6464e-05	6.7337e-10	-10.0	-2.5
32.5	3.6453e-05	6.7056e-10	-10.0	-2.5
33.0	3.6449e-05	6.7086e-10	-10.0	-2.5
33.5	3.6445e-05	6.6838e-10	-10.0	-2.5
34.0	3.6436e-05	6.6699e-10	-10.0	-2.5
34.5	3.6428e-05	6.6361e-10	-10.0	-2.5
35.0	3.6424e-05	6.6231e-10	-10.0	-2.5
35.5	3.6424e-05	6.6144e-10	-10.0	-2.5
36.0	3.6421e-05	6.5997e-10	-10.0	-2.5
36.5	3.6416e-05	6.5888e-10	-10.0	-2.5
37.0	3.6409e-05	6.5691e-10	-10.0	-2.5
37.5	3.6401e-05	6.5567e-10	-10.0	-2.5
38.0	3.6398e-05	6.5399e-10	-10.0	-2.5
38.5	3.6395e-05	6.5309e-10	-10.0	-2.5
39.0	3.6391e-05	6.519e-10	-10.0	-2.5
39.5	3.6383e-05	6.4955e-10	-10.0	-2.5
40.0	3.638e-05	6.4667e-10	-10.0	-2.5
40.5	3.6378e-05	6.4711e-10	-10.0	-2.5
41.0	3.637e-05	6.4457e-10	-10.0	-2.5
41.5	3.6363e-05	6.4347e-10	-10.0	-2.5
42.0	3.6356e-05	6.4332e-10	-10.0	-2.5
42.5	3.6347e-05	6.3762e-10	-10.0	-2.5
43.0	3.6343e-05	6.3887e-10	-10.0	-2.5
43.5	3.6338e-05	6.3847e-10	-10.0	-2.5
44.0	3.6338e-05	6.3605e-10	-10.0	-2.5
44.5	3.6335e-05	6.3508e-10	-10.0	-2.5
45.0	3.6327e-05	6.3323e-10	-10.0	-2.5
45.5	3.6327e-05	6.3038e-10	-10.0	-2.5
46.0	3.6319e-05	6.2848e-10	-10.0	-2.5
46.5	3.6321e-05	6.3091e-10	-10.0	-2.5
47.0	3.6319e-05	6.2742e-10	-10.0	-2.5
47.5	3.6309e-05	6.2815e-10	-10.0	-2.5
48.0	3.6309e-05	6.2604e-10	-10.0	-2.5
48.5	3.6302e-05	6.2526e-10	-10.0	-2.5
49.0	3.6302e-05	6.2325e-10	-10.0	-2.5
49.5	3.6301e-05	6.2127e-10	-10.0	-2.5
50.0	3.6289e-05	6.2117e-10	-10.0	-2.5
50.5	3.6288e-05	6.1774e-10	-10.0	-2.5
51.0	3.6287e-05	6.1854e-10	-10.0	-2.5
51.5	3.6287e-05	6.1812e-10	-10.0	-2.5
52.0	3.6282e-05	6.1511e-10	-10.0	-2.5
52.5	3.6275e-05	6.1009e-10	-10.0	-2.5
53.0	3.6272e-05	6.1408e-10	-10.0	-2.5
53.5	3.6269e-05	6.138e-10	-10.0	-2.5
54.0	3.6268e-05	6.1071e-10	-10.0	-2.5
54.5	3.626e-05	6.0845e-10	-10.0	-2.5
55.0	3.6261e-05	6.0888e-10	-10.0	-2.5
55.5	3.6258e-05	6.0743e-10	-10.0	-2.5
56.0	3.625e-05	6.0385e-10	-10.0	-2.5
56.5	3.6242e-05	6.0601e-10	-10.0	-2.5
57.0	3.6245e-05	6.0414e-10	-10.0	-2.5
57.5	3.6243e-05	6.0379e-10	-10.0	-2.5
58.0	3.624e-05	6.0206e-10	-10.0	-2.5
58.5	3.6231e-05	5.9918e-10	-10.0	-2.5
59.0	3.6229e-05	5.995e-10	-10.0	-2.5
59.5	3.6226e-05	5.975e-10	-10.0	-2.5
60.0	3.6225e-05	5.961e-10	-10.0	-2.5
60.5	3.6221e-05	5.9636e-10	-10.0	-2.5
61.0	3.6213e-05	5.9462e-10	-10.0	-2.5
61.5	3.6211e-05	5.9572e-10	-10.0	-2.5
62.0	3.6207e-05	5.9119e-10	-10.0	-2.5
62.5	3.6206e-05	5.9248e-10	-10.0	-2.5
63.0	3.6202e-05	5.9013e-10	-10.0	-2.5
63.5	3.6201e-05	5.8892e-10	-10.0	-2.5
64.0	3.6196e-05	5.8685e-10	-10.0	-2.5
64.5	3.6192e-05	5.8633e-10	-10.0	-2.5
65.0	3.6185e-05	5.8648e-10	-10.0	-2.5
65.5	3.6189e-05	5.8686e-10	-10.0	-2.5
66.0	3.6185e-05	5.8567e-10	-10.0	-2.5
66.5	3.6181e-05	5.846e-10	-10.0	-2.5
67.0	3.6178e-05	5.8256e-10	-10.0	-2.5
67.5	3.617e-05	5.7957e-10	-10.0	-2.5
68.0	3.6166e-05	5.7969e-10	-10.0	-2.5
68.5	3.6159e-05	5.7918e-10	-10.0	-2.5
69.0	3.6155e-05	5.7914e-10	-10.0	-2.5
69.5	3.6151e-05	5.7717e-10	-10.0	-2.5
70.0	3.6148e-05	5.7728e-10	-10.0	-2.5
70.5	3.6146e-05	5.7804e-10	-10.0	-2.5
71.0	3.6148e-05	5.7566e-10	-10.0	-2.5
71.5	3.6139e-05	5.7503e-10	-10.0	-2.5
72.0	3.6138e-05	5.7411e-10	-10.0	-2.5
72.5	3.6135e-05	5.7481e-10	-10.0	-2.5
73.0	3.613e-05	5.7392e-10	-10.0	-2.5
73.5	3.6124e-05	5.704e-10	-10.0	-2.5
74.0	3.6123e-05	5.7025e-10	-10.0	-2.5
74.5	3.6114e-05	5.695e-10	-10.0	-2.5
75.0	3.6122e-05	5.695e-10	-10.0	-2.5
75.5	3.6122e-05	5.6701e-10	-10.0	-2.5
76.0	3.6117e-05	5.6791e-10	-10.0	-2.5
76.5	3.6106e-05	5.6559e-10	-10.0	-2.5
77.0	3.6099e-05	5.6437e-10	-10.0	-2.5
77.5	3.61e-05	5.6464e-10	-10.0	-2.5
78.0	3.6105e-05	5.6365e-10	-10.0	-2.5
78.5	3.6097e-05	5.6188e-10	-10.0	-2.5
79.0	3.6103e-05	5.6278e-10	-10.0	-2.5
79.5	3.6092e-05	5.6028e-10	-10.0	-2.5
80.0	3.6086e-05	5.604e-10	-10.0	-2.5
80.5	3.6084e-05	5.6029e-10	-10.0	-2.5
81.0	3.6079e-05	5.5833e-10	-10.0	-2.5
81.5	3.6079e-05	5.6022e-10	-10.0	-2.5
82.0	3.6073e-05	5.5562e-10	-10.0	-2.5
82.5	3.607e-05	5.5622e-10	-10.0	-2.5
83.0	3.6069e-05	5.5571e-10	-10.0	-2.5
83.5	3.6063e-05	5.5624e-10	-10.0	-2.5
84.0	3.6067e-05	5.5462e-10	-10.0	-2.5
84.5	3.6061e-05	5.5455e-10	-10.0	-2.5
85.0	3.6054e-05	5.5222e-10	-10.0	-2.5
85.5	3.6051e-05	5.5237e-10	-10.0	-2.5
86.0	3.6045e-05	5.5075e-10	-10.0	-2.5
86.5	3.6042e-05	5.5078e-10	-10.0	-2.5
87.0	3.6036e-05	5.5084e-10	-10.0	-2.5
87.5	3.6034e-05	5.4765e-10	-10.0	-2.5
88.0	3.6023e-05	5.4871e-10	-10.0	-2.5
88.5	3.6018e-05	5.4698e-10	-10.0	-2.5
89.0	3.6023e-05	5.4837e-10	-10.0	-2.5
89.5	3.6026e-05	5.4844e-10	-10.0	-2.5
90.0	3.6014e-05	5.4785e-10	-10.0	-2.5
90.5	3.6014e-05	5.4514e-10	-10.0	-2.5
91.0	3.6015e-05	5.4487e-10	-10.0	-2.5
91.5	3.6018e-05	5.4563e-10	-10.0	-2.5
92.0	3.6011e-05	5.4544e-10	-10.0	-2.5
92.5	3.6008e-05	5.4355e-10	-10.0	-2.5
93.0	3.6009e-05	5.4264e-10	-10.0	-2.5
93.5	3.6007e-05	5.4143e-10	-10.0	-2.5
94.0	3.6003e-05	5.4098e-10	-10.0	-2.5
94.5	3.5999e-05	5.3922e-10	-10.0	-2.5
95.0	3.5999e-05	5.4001e-10	-10.0	-2.5
95.5	3.5996e-05	5.3757e-10	-10.0	-2.5
96.0	3.5993e-05	5.3877e-10	-10.0	-2.5
96.5	3.5988e-05	5.3715e-10	-10.0	-2.5
97.0	3.5986e-05	5.3862e-10	-10.0	-2.5
97.5	3.5975e-05	5.3655e-10	-10.0	-2.5
98.0	3.5979e-05	5.3718e-10	-10.0	-2.5
98.5	3.5978e-05	5.3445e-10	-10.0	-2.5
99.0	3.5977e-05	5.3708e-10	-10.0	-2.5
99.5	3.5976e-05	5.3481e-10	-10.0	-2.5
100.0	3.5968e-05	5.3439e-10	-10.0	-2.5
100.5	3.5964e-05	5.3474e-10	-10.0	-2.5
101.0	3.5964e-05	5.3116e-10	-10.0	-2.5
101.5	3.5962e-05	5.3236e-10	-10.0	-2.5
102.0	3.5954e-05	5.3281e-10	-10.0	-2.5
102.5	3.5958e-05	5.3026e-10	-10.0	-2.5
103.0	3.5957e-05	5.3001e-10	-10.0	-2.5
103.5	3.5956e-05	5.294e-10	-10.0	-2.5
104.0	3.5953e-05	5.2898e-10	-10.0	-2.5
104.5	3.5947e-05	5.2815e-10	-10.0	-2.5
105.0	3.5947e-05	5.2666e-10	-10.0	-2.5
105.5	3.5946e-05	5.3019e-10	-10.0	-2.5
106.0	3.5944e-05	5.2661e-10	-10.0	-2.5
106.5	3.5945e-05	5.261e-10	-10.0	-2.5
107.0	3.5935e-05	5.2426e-10	-10.0	-2.5
107.5	3.5937e-05	5.2544e-10	-10.0	-2.5
108.0	3.5931e-05	5.2451e-10	-10.0	-2.5
108.5	3.593e-05	5.2623e-10	-10.0	-2.5
109.0	3.5922e-05	5.2595e-10	-10.0	-2.5
109.5	3.5913e-05	5.2209e-10	-10.0	-2.5
110.0	3.5918e-05	5.2344e-10	-10.0	-2.5
110.5	3.592e-05	5.2353e-10	-10.0	-2.5
111.0	3.5921e-05	5.2152e-10	-10.0	-2.5
111.5	3.5915e-05	5.2157e-10	-10.0	-2.5
112.0	3.5912e-05	5.2101e-10	-10.0	-2.5
112.5	3.5913e-05	5.1914e-10	-10.0	-2.5
113.0	3.5914e-05	5.2064e-10	-10.0	-2.5
113.5	3.5914e-05	5.199e-10	-10.0	-2.5
114.0	3.5908e-05	5.1776e-10	-10.0	-2.5
114.5	3.5907e-05	5.1827e-10	-10.0	-2.5
115.0	3.5902e-05	5.1612e-10	-10.0	-2.5
115.5	3.5904e-05	5.1844e-10	-10.0	-2.5
116.0	3.5903e-05	5.1646e-10	-10.0	-2.5
116.5	3.5889e-05	5.1843e-10	-10.0	-2.5
117.0	3.5891e-05	5.1696e-10	-10.0	-2.5
117.5	3.5891e-05	5.1403e-10	-10.0	-2.5
118.0	3.5889e-05	5.1631e-10	-10.0	-2.5
118.5	3.5879e-05	5.1461e-10	-10.0	-2.5
119.0	3.5884e-05	5.1457e-10	-10.0	-2.5
119.5	3.5873e-05	5.1322e-10	-10.0	-2.5
120.0	3.5867e-05	5.1363e-10	-10.0	-2.5
120.5	3.5858e-05	3.7047e-10	-10.0	-2.5
121.0	3.5853e-05	3.7968e-10	-10.0	-2.5
121.5	3.5854e-05	3.8467e-10	-10.0	-2.5
122.0	3.5846e-05	3.8722e-10	-10.0	-2.5
122.5	3.5844e-05	3.9146e-10	-10.0	-2.5
123.0	3.5835e-05	3.9441e-10	-10.0	-2.5
123.5	3.583e-05	3.9549e-10	-10.0	-2.5
124.0	3.5826e-05	3.9733e-10	-10.0	-2.5
124.5	3.5819e-05	3.9936e-10	-10.0	-2.5
125.0	3.5814e-05	4.0121e-10	-10.0	-2.5
125.5	3.5808e-05	3.9985e-10	-10.0	-2.5
126.0	3.5813e-05	4.0153e-10	-10.0	-2.5
126.5	3.5806e-05	4.0342e-10	-10.0	-2.5
127.0	3.5798e-05	4.0359e-10	-10.0	-2.5
127.5	3.5793e-05	4.0593e-10	-10.0	-2.5
128.0	3.5791e-05	4.0747e-10	-10.0	-2.5
128.5	3.579e-05	4.0952e-10	-10.0	-2.5
129.0	3.5791e-05	4.0943e-10	-10.0	-2.5
129.5	3.5784e-05	4.0886e-10	-10.0	-2.5
130.0	3.5776e-05	4.128e-10	-10.0	-2.5
130.5	3.5773e-05	4.1421e-10	-10.0	-2.5
131.0	3.5768e-05	4.1179e-10	-10.0	-2.5
131.5	3.5766e-05	4.1712e-10	-10.0	-2.5
132.0	3.576e-05	4.173e-10	-10.0	-2.5
132.5	3.5749e-05	4.148e-10	-10.0	-2.5
133.0	3.575e-05	4.1836e-10	-10.0	-2.5
133.5	3.5742e-05	4.1678e-10	-10.0	-2.5
134.0	3.5738e-05	4.1876e-10	-10.0	-2.5
134.5	3.5738e-05	4.2157e-10	-10.0	-2.5
135.0	3.5728e-05	4.2003e-10	-10.0	-2.5
135.5	3.5725e-05	4.2069e-10	-10.0	-2.5
136.0	3.5718e-05	4.2412e-10	-10.0	-2.5
136.5	3.5711e-05	4.2267e-10	-10.0	-2.5
137.0	3.5708e-05	4.2329e-10	-10.0	-2.5
137.5	3.5698e-05	4.2407e-10	-10.0	-2.5
138.0	3.5701e-05	4.261e-10	-10.0	-2.5
138.5	3.5692e-05	4.2659e-10	-10.0	-2.5
139.0	3.5682e-05	4.2702e-10	-10.0	-2.5
139.5	3.5672e-05	4.3105e-10	-10.0	-2.5
140.0	3.5669e-05	4.2671e-10	-10.0	-2.5
140.5	3.5663e-05	4.297e-10	-10.0	-2.5
141.0	3.5657e-05	4.3157e-10	-10.0	-2.5
141.5	3.5652e-05	4.3265e-10	-10.0	-2.5
142.0	3.5646e-05	4.3247e-10	-10.0	-2.5
142.5	3.5636e-05	4.3205e-10	-10.0	-2.5
143.0	3.5624e-05	4.3319e-10	-10.0	-2.5
143.5	3.5623e-05	4.337e-10	-10.0	-2.5
144.0	3.5618e-05	4.3414e-10	-10.0	-2.5
144.5	3.5607e-05	4.3466e-10	-10.0	-2.5
145.0	3.5601e-05	4.3612e-10	-10.0	-2.5
145.5	3.5593e-05	4.397e-10	-10.0	-2.5
146.0	3.5586e-05	4.3789e-10	-10.0	-2.5
146.5	3.5575e-05	4.3565e-10	-10.0	-2.5
147.0	3.5573e-05	4.4003e-10	-10.0	-2.5
147.5	3.5564e-05	4.3938e-10	-10.0	-2.5
148.0	3.5557e-05	4.3892e-10	-10.0	-2.5
148.5	3.5555e-05	4.4037e-10	-10.0	-2.5
149.0	3.5555e-05	4.4266e-10	-10.0	-2.5
149.5	3.5544e-05	4.409e-10	-10.0	-2.5
150.0	3.5535e-05	4.4147e-10	-10.0	-2.5
150.5	3.5532e-05	4.4016e-10	-10.0	-2.5
151.0	3.5535e-05	4.4431e-10	-10.0	-2.5
151.5	3.5519e-05	4.4145e-10	-10.0	-2.5
152.0	3.551e-05	4.4443e-10	-10.0	-2.5
152.5	3.5499e-05	4.4319e-10	-10.0	-2.5
153.0	3.549e-05	4.4338e-10	-10.0	-2.5
153.5	3.5493e-05	4.455e-10	-10.0	-2.5
154.0	3.5477e-05	4.4727e-10	-10.0	-2.5
154.5	3.5473e-05	4.4483e-10	-10.0	-2.5
155.0	3.5467e-05	4.4648e-10	-10.0	-2.5
155.5	3.5457e-05	4.4686e-10	-10.0	-2.5
156.0	3.5451e-05	4.4833e-10	-10.0	-2.5
156.5	3.5439e-05	4.4895e-10	-10.0	-2.5
157.0	3.5441e-05	4.494e-10	-10.0	-2.5
157.5	3.5433e-05	4.4934e-10	-10.0	-2.5
158.0	3.5424e-05	4.5e-10	-10.0	-2.5
158.5	3.5414e-05	4.489e-10	-10.0	-2.5
159.0	3.5407e-05	4.511e-10	-10.0	-2.5
159.5	3.5402e-05	4.5044e-10	-10.0	-2.5
160.0	3.5389e-05	4.5126e-10	-10.0	-2.5
160.5	3.5385e-05	4.5327e-10	-10.0	-2.5
161.0	3.538e-05	4.5329e-10	-10.0	-2.5
161.5	3.5371e-05	4.5049e-10	-10.0	-2.5
162.0	3.5369e-05	4.5273e-10	-10.0	-2.5
162.5	3.5359e-05	4.5184e-10	-10.0	-2.5
163.0	3.5352e-05	4.541e-10	-10.0	-2.5
163.5	3.5337e-05	4.5602e-10	-10.0	-2.5
164.0	3.533e-05	4.5813e-10	-10.0	-2.5
164.5	3.5327e-05	4.5817e-10	-10.0	-2.5
165.0	3.5323e-05	4.5618e-10	-10.0	-2.5
165.5	3.5319e-05	4.5583e-10	-10.0	-2.5
166.0	3.5311e-05	4.5887e-10	-10.0	-2.5
166.5	3.5304e-05	4.5713e-10	-10.0	-2.5
167.0	3.529e-05	4.5919e-10	-10.0	-2.5
167.5	3.5281e-05	4.5921e-10	-10.0	-2.5
168.0	3.5278e-05	4.5665e-10	-10.0	-2.5
168.5	3.5272e-05	4.5929e-10	-10.0	-2.5
169.0	3.5261e-05	4.5751e-10	-10.0	-2.5
169.5	3.5253e-05	4.6136e-10	-10.0	-2.5
170.0	3.5246e-05	4.6129e-10	-10.0	-2.5
170.5	3.5232e-05	4.6156e-10	-10.0	-2.5
171.0	3.5231e-05	4.6084e-10	-10.0	-2.5
171.5	3.5223e-05	4.6065e-10	-10.0	-2.5
172.0	3.5213e-05	4.6172e-10	-10.0	-2.5
172.5	3.52e-05	4.6003e-10	-10.0	-2.5
173.0	3.5194e-05	4.6151e-10	-10.0	-2.5
173.5	3.5177e-05	4.615e-10	-10.0	-2.5
174.0	3.517e-05	4.6299e-10	-10.0	-2.5
174.5	3.5166e-05	4.6304e-10	-10.0	-2.5
175.0	3.5159e-05	4.6382e-10	-10.0	-2.5
175.5	3.5152e-05	4.6473e-10	-10.0	-2.5
176.0	3.5145e-05	4.6539e-10	-10.0	-2.5
176.5	3.5136e-05	4.6478e-10	-10.0	-2.5
177.0	3.5134e-05	4.658e-10	-10.0	-2.5
177.5	3.5124e-05	4.6693e-10	-10.0	-2.5
178.0	3.5111e-05	4.669e-10	-10.0	-2.5
178.5	3.5105e-05	4.6541e-10	-10.0	-2.5
179.0	3.51e-05	4.6696e-10	-10.0	-2.5
179.5	3.5086e-05	4.6558e-10	-10.0	-2.5
180.0	3.508e-05	4.6701e-10	-10.0	-2.5
180.5	3.5071e-05	5.6789e-10	-10.0	-2.5
181.0	3.5069e-05	5.7479e-10	-10.0	-2.5
181.5	3.5064e-05	5.778e-10	-10.0	-2.5
182.0	3.5062e-05	5.7607e-10	-10.0	-2.5
182.5	3.5054e-05	5.7522e-10	-10.0	-2.5
183.0	3.5055e-05	5.7531e-10	-10.0	-2.5
183.5	3.5047e-05	5.7424e-10	-10.0	-2.5
184.0	3.5042e-05	5.7511e-10	-10.0	-2.5
184.5	3.5043e-05	5.7341e-10	-10.0	-2.5
185.0	3.5037e-05	5.7278e-10	-10.0	-2.5
185.5	3.504e-05	5.706e-10	-10.0	-2.5
186.0	3.5024e-05	5.6914e-10	-10.0	-2.5
186.5	3.5022e-05	5.6822e-10	-10.0	-2.5
187.0	3.5018e-05	5.684e-10	-10.0	-2.5
187.5	3.5022e-05	5.662e-10	-10.0	-2.5
188.0	3.5015e-05	5.6798e-10	-10.0	-2.5
188.5	3.5011e-05	5.6424e-10	-10.0	-2.5
189.0	3.5011e-05	5.6601e-10	-10.0	-2.5
189.5	3.5007e-05	5.6542e-10	-10.0	-2.5
190.0	3.5003e-05	5.6325e-10	-10.0	-2.5
190.5	3.4998e-05	5.6284e-10	-10.0	-2.5
191.0	3.4991e-05	5.6125e-10	-10.0	-2.5
191.5	3.4991e-05	5.6157e-10	-10.0	-2.5
192.0	3.4985e-05	5.6112e-10	-10.0	-2.5
192.5	3.4992e-05	5.5899e-10	-10.0	-2.5
193.0	3.4989e-05	5.5902e-10	-10.0	-2.5
193.5	3.4981e-05	5.5878e-10	-10.0	-2.5
194.0	3.498e-05	5.5852e-10	-10.0	-2.5
194.5	3.4976e-05	5.5572e-10	-10.0	-2.5
195.0	3.4978e-05	5.5643e-10	-10.0	-2.5
195.5	3.497e-05	5.5553e-10	-10.0	-2.5
196.0	3.4972e-05	5.5381e-10	-10.0	-2.5
196.5	3.4969e-05	5.5381e-10	-10.0	-2.5
197.0	3.4963e-05	5.5335e-10	-10.0	-2.5
197.5	3.4961e-05	5.5252e-10	-10.0	-2.5
198.0	3.4958e-05	5.5212e-10	-10.0	-2.5
198.5	3.4954e-05	5.5008e-10	-10.0	-2.5
199.0	3.4951e-05	5.5119e-10	-10.0	-2.5
199.5	3.4947e-05	5.4917e-10	-10.0	-2.5
200.0	3.4944e-05	5.4793e-10	-10.0	-2.5
200.5	3.4941e-05	5.4837e-10	-10.0	-2.5
201.0	3.4946e-05	5.4725e-10	-10.0	-2.5
201.5	3.494e-05	5.4694e-10	-10.0	-2.5
202.0	3.4936e-05	5.4716e-10	-10.0	-2.5
202.5	3.4932e-05	5.4595e-10	-10.0	-2.5
203.0	3.4929e-05	5.4498e-10	-10.0	-2.5
203.5	3.4925e-05	5.4404e-10	-10.0	-2.5
204.0	3.4927e-05	5.4411e-10	-10.0	-2.5
204.5	3.4923e-05	5.4323e-10	-10.0	-2.5
205.0	3.4923e-05	5.4426e-10	-10.0	-2.5
205.5	3.4921e-05	5.4177e-10	-10.0	-2.5
206.0	3.4911e-05	5.418e-10	-10.0	-2.5
206.5	3.4914e-05	5.416e-10	-10.0	-2.5
207.0	3.491e-05	5.4022e-10	-10.0	-2.5
207.5	3.4907e-05	5.3972e-10	-10.0	-2.5
208.0	3.4912e-05	5.3824e-10	-10.0	-2.5
208.5	3.4911e-05	5.3916e-10	-10.0	-2.5
209.0	3.4907e-05	5.4036e-10	-10.0	-2.5
209.5	3.4905e-05	5.4015e-10	-10.0	-2.5
210.0	3.4897e-05	5.3742e-10	-10.0	-2.5
210.5	3.4903e-05	5.3705e-10	-10.0	-2.5
211.0	3.49e-05	5.36e-10	-10.0	-2.5
211.5	3.4901e-05	5.3737e-10	-10.0	-2.5
212.0	3.4898e-05	5.3457e-10	-10.0	-2.5
212.5	3.4895e-05	5.3525e-10	-10.0	-2.5
213.0	3.4894e-05	5.3629e-10	-10.0	-2.5
213.5	3.4889e-05	5.3411e-10	-10.0	-2.5
214.0	3.4885e-05	5.3347e-10	-10.0	-2.5
214.5	3.489e-05	5.3382e-10	-10.0	-2.5
215.0	3.4889e-05	5.327e-10	-10.0	-2.5
215.5	3.4882e-05	5.3241e-10	-10.0	-2.5
216.0	3.4885e-05	5.3171e-10	-10.0	-2.5
216.5	3.488e-05	5.3037e-10	-10.0	-2.5
217.0	3.4881e-05	5.3029e-10	-10.0	-2.5
217.5	3.4879e-05	5.3032e-10	-10.0	-2.5
218.0	3.4878e-05	5.309e-10	-10.0	-2.5
218.5	3.4877e-05	5.2758e-10	-10.0	-2.5
219.0	3.4874e-05	5.2801e-10	-10.0	-2.5
219.5	3.4864e-05	5.2642e-10	-10.0	-2.5
220.0	3.4867e-05	5.273e-10	-10.0	-2.5
220.5	3.4871e-05	5.2713e-10	-10.0	-2.5
221.0	3.4868e-05	5.2695e-10	-10.0	-2.5
221.5	3.4865e-05	5.2495e-10	-10.0	-2.5
222.0	3.4857e-05	5.2522e-10	-10.0	-2.5
222.5	3.4863e-05	5.2334e-10	-10.0	-2.5
223.0	3.4861e-05	5.2299e-10	-10.0	-2.5
223.5	3.4859e-05	5.2354e-10	-10.0	-2.5
224.0	3.4854e-05	5.2324e-10	-10.0	-2.5
224.5	3.4858e-05	5.2453e-10	-10.0	-2.5
225.0	3.4854e-05	5.231e-10	-10.0	-2.5
225.5	3.4847e-05	5.2288e-10	-10.0	-2.5
226.0	3.4849e-05	5.2297e-10	-10.0	-2.5
226.5	3.4852e-05	5.2019e-10	-10.0	-2.5
227.0	3.485e-05	5.2297e-10	-10.0	-2.5
227.5	3.4846e-05	5.1987e-10	-10.0	-2.5
228.0	3.4845e-05	5.224e-10	-10.0	-2.5
228.5	3.4848e-05	5.1967e-10	-10.0	-2.5
229.0	3.4839e-05	5.179e-10	-10.0	-2.5
229.5	3.4833e-05	5.1789e-10	-10.0	-2.5
230.0	3.4834e-05	5.1872e-10	-10.0	-2.5
230.5	3.4836e-05	5.1858e-10	-10.0	-2.5
231.0	3.4836e-05	5.1868e-10	-10.0	-2.5
231.5	3.483e-05	5.1917e-10	-10.0	-2.5
232.0	3.4828e-05	5.1608e-10	-10.0	-2.5
232.5	3.4825e-05	5.164e-10	-10.0	-2.5
233.0	3.4826e-05	5.1654e-10	-10.0	-2.5
233.5	3.483e-05	5.1572e-10	-10.0	-2.5
234.0	3.4824e-05	5.1614e-10	-10.0	-2.5
234.5	3.4824e-05	5.1587e-10	-10.0	-2.5
235.0	3.4819e-05	5.1666e-10	-10.0	-2.5
235.5	3.4817e-05	5.1772e-10	-10.0	-2.5
236.0	3.4819e-05	5.1618e-10	-10.0	-2.5
236.5	3.4817e-05	5.1372e-10	-10.0	-2.5
237.0	3.4817e-05	5.129e-10	-10.0	-2.5
237.5	3.4815e-05	5.1378e-10	-10.0	-2.5
238.0	3.4817e-05	5.1297e-10	-10.0	-2.5
238.5	3.4818e-05	5.1213e-10	-10.0	-2.5
239.0	3.4812e-05	5.1202e-10	-10.0	-2.5
239.5	3.4813e-05	5.1126e-10	-10.0	-2.5
240.0	3.4812e-05	5.1345e-10	-10.0	-2.5
240.5	3.4809e-05	3.7564e-10	-10.0	-2.5
241.0	3.4804e-05	3.7386e-10	-10.0	-2.5
241.5	3.48e-05	3.7465e-10	-10.0	-2.5
242.0	3.4798e-05	3.7823e-10	-10.0	-2.5
242.5	3.4794e-05	3.8049e-10	-10.0	-2.5
243.0	3.4784e-05	3.8247e-10	-10.0	-2.5
243.5	3.4779e-05	3.8183e-10	-10.0	-2.5
244.0	3.4776e-05	3.8389e-10	-10.0	-2.5
244.5	3.4768e-05	3.8376e-10	-10.0	-2.5
245.0	3.4763e-05	3.8654e-10	-10.0	-2.5
245.5	3.4761e-05	3.8445e-10	-10.0	-2.5
246.0	3.4752e-05	3.8741e-10	-10.0	-2.5
246.5	3.4753e-05	3.8829e-10	-10.0	-2.5
247.0	3.4744e-05	3.8733e-10	-10.0	-2.5
247.5	3.4744e-05	3.8949e-10	-10.0	-2.5
248.0	3.4742e-05	3.9017e-10	-10.0	-2.5
248.5	3.4727e-05	3.9356e-10	-10.0	-2.5
249.0	3.4724e-05	3.9304e-10	-10.0	-2.5
249.5	3.4719e-05	3.9517e-10	-10.0	-2.5
250.0	3.4715e-05	3.9647e-10	-10.0	-2.5
250.5	3.4714e-05	3.9649e-10	-10.0	-2.5
251.0	3.4707e-05	4.0083e-10	-10.0	-2.5
251.5	3.47e-05	4.0011e-10	-10.0	-2.5
252.0	3.4697e-05	3.9953e-10	-10.0	-2.5
252.5	3.4692e-05	4.0036e-10	-10.0	-2.5
253.0	3.4694e-05	4.0294e-10	-10.0	-2.5
253.5	3.4687e-05	4.0436e-10	-10.0	-2.5
254.0	3.4681e-05	4.0219e-10	-10.0	-2.5
254.5	3.4677e-05	4.0682e-10	-10.0	-2.5
255.0	3.4674e-05	4.0662e-10	-10.0	-2.5
255.5	3.4664e-05	4.0749e-10	-10.0	-2.5
256.0	3.4659e-05	4.062e-10	-10.0	-2.5
256.5	3.4644e-05	4.0836e-10	-10.0	-2.5
257.0	3.4639e-05	4.0978e-10	-10.0	-2.5
257.5	3.4634e-05	4.0983e-10	-10.0	-2.5
258.0	3.463e-05	4.1122e-10	-10.0	-2.5
258.5	3.4626e-05	4.1169e-10	-10.0	-2.5
259.0	3.4618e-05	4.1167e-10	-10.0	-2.5
259.5	3.4614e-05	4.1524e-10	-10.0	-2.5
260.0	3.4604e-05	4.1563e-10	-10.0	-2.5
260.5	3.4598e-05	4.1692e-10	-10.0	-2.5
261.0	3.4592e-05	4.1836e-10	-10.0	-2.5
261.5	3.4586e-05	4.1866e-10	-10.0	-2.5
262.0	3.4582e-05	4.1889e-10	-10.0	-2.5
262.5	3.4572e-05	4.1961e-10	-10.0	-2.5
263.0	3.4571e-05	4.2132e-10	-10.0	-2.5
263.5	3.4563e-05	4.2361e-10	-10.0	-2.5
264.0	3.4553e-05	4.2038e-10	-10.0	-2.5
264.5	3.4558e-05	4.2291e-10	-10.0	-2.5
265.0	3.455e-05	4.2608e-10	-10.0	-2.5
265.5	3.4541e-05	4.243e-10	-10.0	-2.5
266.0	3.4536e-05	4.2676e-10	-10.0	-2.5
266.5	3.4527e-05	4.2672e-10	-10.0	-2.5
267.0	3.4526e-05	4.2746e-10	-10.0	-2.5
267.5	3.4518e-05	4.2533e-10	-10.0	-2.5
268.0	3.4515e-05	4.302e-10	-10.0	-2.5
268.5	3.4504e-05	4.3102e-10	-10.0	-2.5
269.0	3.4495e-05	4.3136e-10	-10.0	-2.5
269.5	3.4496e-05	4.3259e-10	-10.0	-2.5
270.0	3.4481e-05	4.3042e-10	-10.0	-2.5
270.5	3.4472e-05	4.3156e-10	-10.0	-2.5
271.0	3.4468e-05	4.3475e-10	-10.0	-2.5
271.5	3.4451e-05	4.3695e-10	-10.0	-2.5
272.0	3.4447e-05	4.3557e-10	-10.0	-2.5
272.5	3.4443e-05	4.3598e-10	-10.0	-2.5
273.0	3.4428e-05	4.3662e-10	-10.0	-2.5
273.5	3.4426e-05	4.4088e-10	-10.0	-2.5
274.0	3.4412e-05	4.3979e-10	-10.0	-2.5
274.5	3.4411e-05	4.3913e-10	-10.0	-2.5
275.0	3.4399e-05	4.403e-10	-10.0	-2.5
275.5	3.439e-05	4.4363e-10	-10.0	-2.5
276.0	3.4385e-05	4.4264e-10	-10.0	-2.5
276.5	3.4384e-05	4.4439e-10	-10.0	-2.5
277.0	3.4377e-05	4.4408e-10	-10.0	-2.5
277.5	3.4373e-05	4.4396e-10	-10.0	-2.5
278.0	3.4367e-05	4.4605e-10	-10.0	-2.5
278.5	3.4359e-05	4.4609e-10	-10.0	-2.5
279.0	3.4356e-05	4.4618e-10	-10.0	-2.5
279.5	3.4353e-05	4.4571e-10	-10.0	-2.5
280.0	3.4342e-05	4.4815e-10	-10.0	-2.5
280.5	3.4335e-05	4.4698e-10	-10.0	-2.5
281.0	3.4326e-05	4.501e-10	-10.0	-2.5
281.5	3.4315e-05	4.4847e-10	-10.0	-2.5
282.0	3.4305e-05	4.4897e-10	-10.0	-2.5
282.5	3.4298e-05	4.5223e-10	-10.0	-2.5
283.0	3.4292e-05	4.5187e-10	-10.0	-2.5
283.5	3.4286e-05	4.5183e-10	-10.0	-2.5
284.0	3.4285e-05	4.5314e-10	-10.0	-2.5
284.5	3.4277e-05	4.5194e-10	-10.0	-2.5
285.0	3.4279e-05	4.5398e-10	-10.0	-2.5
285.5	3.427e-05	4.537e-10	-10.0	-2.5
286.0	3.426e-05	4.5716e-10	-10.0	-2.5
286.5	3.4255e-05	4.5677e-10	-10.0	-2.5
287.0	3.4244e-05	4.5419e-10	-10.0	-2.5
287.5	3.4239e-05	4.5717e-10	-10.0	-2.5
288.0	3.4235e-05	4.5806e-10	-10.0	-2.5
288.5	3.423e-05	4.5739e-10	-10.0	-2.5
289.0	3.4218e-05	4.5905e-10	-10.0	-2.5
289.5	3.4207e-05	4.5986e-10	-10.0	-2.5
290.0	3.4196e-05	4.6033e-10	-10.0	-2.5
290.5	3.4189e-05	4.6068e-10	-10.0	-2.5
291.0	3.4181e-05	4.6144e-10	-10.0	-2.5
291.5	3.4177e-05	4.6159e-10	-10.0	-2.5
292.0	3.4165e-05	4.6088e-10	-10.0	-2.5
292.5	3.4162e-05	4.6183e-10	-10.0	-2.5
293.0	3.4157e-05	4.622e-10	-10.0	-2.5
293.5	3.4149e-05	4.6421e-10	-10.0	-2.5
294.0	3.4142e-05	4.648e-10	-10.0	-2.5
294.5	3.414e-05	4.672e-10	-10.0	-2.5
295.0	3.4131e-05	4.6309e-10	-10.0	-2.5
295.5	3.4125e-05	4.6508e-10	-10.0	-2.5
296.0	3.4113e-05	4.6671e-10	-10.0	-2.5
296.5	3.411e-05	4.6676e-10	-10.0	-2.5
297.0	3.41e-05	4.6638e-10	-10.0	-2.5
297.5	3.4093e-05	4.679e-10	-10.0	-2.5
298.0	3.4086e-05	4.7063e-10	-10.0	-2.5
298.5	3.4079e-05	4.6786e-10	-10.0	-2.5
299.0	3.407e-05	4.7091e-10	-10.0	-2.5
299.5	3.4064e-05	4.6917e-10	-10.0	-2.5
300.0	3.4057e-05	4.7136e-10	-10.0	-2.5
300.5	3.4052e-05	5.9087e-10	-10.0	-2.5
301.0	3.4054e-05	5.9943e-10	-10.0	-2.5
301.5	3.4048e-05	6.0093e-10	-10.0	-2.5
302.0	3.4045e-05	6.0086e-10	-10.0	-2.5
302.5	3.4041e-05	5.988e-10	-10.0	-2.5
303.0	3.4034e-05	5.9766e-10	-10.0	-2.5
303.5	3.4035e-05	5.9776e-10	-10.0	-2.5
304.0	3.4038e-05	5.9633e-10	-10.0	-2.5
304.5	3.4034e-05	5.9486e-10	-10.0	-2.5
305.0	3.4027e-05	5.9276e-10	-10.0	-2.5
305.5	3.4025e-05	5.9423e-10	-10.0	-2.5
306.0	3.4019e-05	5.9515e-10	-10.0	-2.5
306.5	3.4017e-05	5.927e-10	-10.0	-2.5
307.0	3.4015e-05	5.9171e-10	-10.0	-2.5
307.5	3.401e-05	5.8905e-10	-10.0	-2.5
308.0	3.4008e-05	5.8947e-10	-10.0	-2.5
308.5	3.4006e-05	5.8695e-10	-10.0	-2.5
309.0	3.4008e-05	5.8945e-10	-10.0	-2.5
309.5	3.4002e-05	5.8983e-10	-10.0	-2.5
310.0	3.4004e-05	5.8588e-10	-10.0	-2.5
310.5	3.4e-05	5.8478e-10	-10.0	-2.5
311.0	3.3991e-05	5.8445e-10	-10.0	-2.5
311.5	3.3993e-05	5.8499e-10	-10.0	-2.5
312.0	3.3994e-05	5.8307e-10	-10.0	-2.5
312.5	3.399e-05	5.8027e-10	-10.0	-2.5
313.0	3.399e-05	5.8285e-10	-10.0	-2.5
313.5	3.3992e-05	5.8114e-10	-10.0	-2.5
314.0	3.3988e-05	5.8245e-10	-10.0	-2.5
314.5	3.399e-05	5.8058e-10	-10.0	-2.5
315.0	3.398e-05	5.7756e-10	-10.0	-2.5
315.5	3.3975e-05	5.7795e-10	-10.0	-2.5
316.0	3.3985e-05	5.7787e-10	-10.0	-2.5
316.5	3.3986e-05	5.7541e-10	-10.0	-2.5
317.0	3.398e-05	5.7563e-10	-10.0	-2.5
317.5	3.3981e-05	5.7618e-10	-10.0	-2.5
318.0	3.3983e-05	5.7448e-10	-10.0	-2.5
318.5	3.3976e-05	5.7488e-10	-10.0	-2.5
319.0	3.3973e-05	5.731e-10	-10.0	-2.5
319.5	3.3974e-05	5.7359e-10	-10.0	-2.5
320.0	3.3969e-05	5.7216e-10	-10.0	-2.5
320.5	3.3976e-05	5.7006e-10	-10.0	-2.5
321.0	3.397e-05	5.7134e-10	-10.0	-2.5
321.5	3.397e-05	5.7141e-10	-10.0	-2.5
322.0	3.3963e-05	5.6663e-10	-10.0	-2.5
322.5	3.3961e-05	5.6764e-10	-10.0	-2.5
323.0	3.3963e-05	5.6892e-10	-10.0	-2.5
323.5	3.3959e-05	5.6785e-10	-10.0	-2.5
324.0	3.3959e-05	5.6725e-10	-10.0	-2.5
324.5	3.3961e-05	5.6562e-10	-10.0	-2.5
325.0	3.3964e-05	5.6615e-10	-10.0	-2.5
325.5	3.3961e-05	5.6555e-10	-10.0	-2.5
326.0	3.3958e-05	5.6432e-10	-10.0	-2.5
326.5	3.3957e-05	5.6144e-10	-10.0	-2.5
327.0	3.3953e-05	5.6257e-10	-10.0	-2.5
327.5	3.3953e-05	5.622e-10	-10.0	-2.5
328.0	3.3954e-05	5.6253e-10	-10.0	-2.5
328.5	3.3954e-05	5.6034e-10	-10.0	-2.5
329.0	3.3944e-05	5.6071e-10	-10.0	-2.5
329.5	3.394e-05	5.5973e-10	-10.0	-2.5
330.0	3.3937e-05	5.6038e-10	-10.0	-2.5
330.5	3.3944e-05	5.5798e-10	-10.0	-2.5
331.0	3.3944e-05	5.5725e-10	-10.0	-2.5
331.5	3.394e-05	5.5647e-10	-10.0	-2.5
332.0	3.394e-05	5.5765e-10	-10.0	-2.5
332.5	3.3949e-05	5.5687e-10	-10.0	-2.5
333.0	3.3952e-05	5.5609e-10	-10.0	-2.5
333.5	3.3945e-05	5.5569e-10	-10.0	-2.5
334.0	3.3947e-05	5.5401e-10	-10.0	-2.5
334.5	3.3946e-05	5.549e-10	-10.0	-2.5
335.0	3.394e-05	5.5349e-10	-10.0	-2.5
335.5	3.3944e-05	5.5236e-10	-10.0	-2.5
336.0	3.3937e-05	5.5404e-10	-10.0	-2.5
336.5	3.3934e-05	5.5196e-10	-10.0	-2.5
337.0	3.3937e-05	5.5302e-10	-10.0	-2.5
337.5	3.3939e-05	5.5166e-10	-10.0	-2.5
338.0	3.3942e-05	5.5068e-10	-10.0	-2.5
338.5	3.3936e-05	5.5019e-10	-10.0	-2.5
339.0	3.3931e-05	5.5124e-10	-10.0	-2.5
339.5	3.393e-05	5.4978e-10	-10.0	-2.5
340.0	3.3936e-05	5.5067e-10	-10.0	-2.5
340.5	3.3935e-05	5.5023e-10	-10.0	-2.5
341.0	3.393e-05	5.4879e-10	-10.0	-2.5
341.5	3.3927e-05	5.4927e-10	-10.0	-2.5
342.0	3.3926e-05	5.4724e-10	-10.0	-2.5
342.5	3.3925e-05	5.4679e-10	-10.0	-2.5
343.0	3.3921e-05	5.4598e-10	-10.0	-2.5
343.5	3.3921e-05	5.4579e-10	-10.0	-2.5
344.0	3.3918e-05	5.4698e-10	-10.0	-2.5
344.5	3.3917e-05	5.4575e-10	-10.0	-2.5
345.0	3.3921e-05	5.458e-10	-10.0	-2.5
345.5	3.3919e-05	5.4547e-10	-10.0	-2.5
346.0	3.392e-05	5.4609e-10	-10.0	-2.5
346.5	3.3921e-05	5.4371e-10	-10.0	-2.5
347.0	3.3917e-05	5.4311e-10	-10.0	-2.5
347.5	3.3917e-05	5.4349e-10	-10.0	-2.5
348.0	3.3913e-05	5.414e-10	-10.0	-2.5
348.5	3.3913e-05	5.4321e-10	-10.0	-2.5
349.0	3.3912e-05	5.4338e-10	-10.0	-2.5
349.5	3.3908e-05	5.4044e-10	-10.0	-2.5
350.0	3.391e-05	5.4278e-10	-10.0	-2.5
350.5	3.3912e-05	5.4228e-10	-10.0	-2.5
351.0	3.391e-05	5.4152e-10	-10.0	-2.5
351.5	3.3908e-05	5.4247e-10	-10.0	-2.5
352.0	3.3908e-05	5.4151e-10	-10.0	-2.5
352.5	3.3906e-05	5.4033e-10	-10.0	-2.5
353.0	3.3903e-05	5.4075e-10	-10.0	-2.5
353.5	3.3907e-05	5.4085e-10	-10.0	-2.5
354.0	3.3904e-05	5.3891e-10	-10.0	-2.5
354.5	3.3902e-05	5.4122e-10	-10.0	-2.5
355.0	3.3907e-05	5.3993e-10	-10.0	-2.5
355.5	3.3906e-05	5.3957e-10	-10.0	-2.5
356.0	3.3911e-05	5.4019e-10	-10.0	-2.5
356.5	3.3908e-05	5.3761e-10	-10.0	-2.5
357.0	3.3906e-05	5.3828e-10	-10.0	-2.5
357.5	3.39e-05	5.3677e-10	-10.0	-2.5
358.0	3.39e-05	5.386e-10	-10.0	-2.5
358.5	3.3896e-05	5.3757e-10	-10.0	-2.5
359.0	3.3899e-05	5.3601e-10	-10.0	-2.5
359.5	3.3897e-05	5.3516e-10	-10.0	-2.5
360.0	3.3904e-05	5.3742e-10	-10.0	-2.5
360.5	3.3897e-05	3.8067e-10	-10.0	-2.5
361.0	3.3894e-05	3.7888e-10	-10.0	-2.5
361.5	3.3893e-05	3.8158e-10	-10.0	-2.5
362.0	3.3886e-05	3.8224e-10	-10.0	-2.5
362.5	3.3876e-05	3.8627e-10	-10.0	-2.5
363.0	3.3871e-05	3.8655e-10	-10.0	-2.5
363.5	3.3865e-05	3.881e-10	-10.0	-2.5
364.0	3.3872e-05	3.8876e-10	-10.0	-2.5
364.5	3.3865e-05	3.884e-10	-10.0	-2.5
365.0	3.3858e-05	3.9096e-10	-10.0	-2.5
365.5	3.3856e-05	3.9412e-10	-10.0	-2.5
366.0	3.3844e-05	3.9648e-10	-10.0	-2.5
366.5	3.3846e-05	3.9497e-10	-10.0	-2.5
367.0	3.3842e-05	3.9672e-10	-10.0	-2.5
367.5	3.3845e-05	3.9916e-10	-10.0	-2.5
368.0	3.3839e-05	4.0039e-10	-10.0	-2.5
368.5	3.3837e-05	4.0094e-10	-10.0	-2.5
369.0	3.3829e-05	4.0183e-10	-10.0	-2.5
369.5	3.3828e-05	4.0229e-10	-10.0	-2.5
370.0	3.3819e-05	4.0574e-10	-10.0	-2.5
370.5	3.382e-05	4.0495e-10	-10.0	-2.5
371.0	3.3816e-05	4.0749e-10	-10.0	-2.5
371.5	3.3805e-05	4.0818e-10	-10.0	-2.5
372.0	3.3805e-05	4.092e-10	-10.0	-2.5
372.5	3.38e-05	4.0983e-10	-10.0	-2.5
373.0	3.3789e-05	4.0965e-10	-10.0	-2.5
373.5	3.3783e-05	4.1317e-10	-10.0	-2.5
374.0	3.3776e-05	4.1431e-10	-10.0	-2.5
374.5	3.3777e-05	4.1412e-10	-10.0	-2.5
375.0	3.3773e-05	4.1604e-10	-10.0	-2.5
375.5	3.3779e-05	4.1866e-10	-10.0	-2.5
376.0	3.3778e-05	4.19e-10	-10.0	-2.5
376.5	3.3769e-05	4.1843e-10	-10.0	-2.5
377.0	3.3764e-05	4.207e-10	-10.0	-2.5
377.5	3.376e-05	4.2207e-10	-10.0	-2.5
378.0	3.3753e-05	4.2264e-10	-10.0	-2.5
378.5	3.3744e-05	4.2399e-10	-10.0	-2.5
379.0	3.3735e-05	4.2476e-10	-10.0	-2.5
379.5	3.3729e-05	4.2397e-10	-10.0	-2.5
380.0	3.3725e-05	4.2702e-10	-10.0	-2.5
380.5	3.3719e-05	4.2816e-10	-10.0	-2.5
381.0	3.3712e-05	4.2953e-10	-10.0	-2.5
381.5	3.3711e-05	4.3007e-10	-10.0	-2.5
382.0	3.3697e-05	4.3089e-10	-10.0	-2.5
382.5	3.3696e-05	4.3072e-10	-10.0	-2.5
383.0	3.3691e-05	4.3286e-10	-10.0	-2.5
383.5	3.3689e-05	4.3375e-10	-10.0	-2.5
384.0	3.3683e-05	4.3686e-10	-10.0	-2.5
384.5	3.3677e-05	4.3533e-10	-10.0	-2.5
385.0	3.3674e-05	4.3567e-10	-10.0	-2.5
385.5	3.367e-05	4.3929e-10	-10.0	-2.5
386.0	3.3667e-05	4.3929e-10	-10.0	-2.5
386.5	3.3651e-05	4.3961e-10	-10.0	-2.5
387.0	3.3642e-05	4.4242e-10	-10.0	-2.5
387.5	3.3639e-05	4.4e-10	-10.0	-2.5
388.0	3.3629e-05	4.4465e-10	-10.0	-2.5
388.5	3.3626e-05	4.4433e-10	-10.0	-2.5
389.0	3.3616e-05	4.4408e-10	-10.0	-2.5
389.5	3.3603e-05	4.4573e-10	-10.0	-2.5
390.0	3.3599e-05	4.4694e-10	-10.0	-2.5
390.5	3.3595e-05	4.4912e-10	-10.0	-2.5
391.0	3.3593e-05	4.465e-10	-10.0	-2.5
391.5	3.3585e-05	4.4833e-10	-10.0	-2.5
392.0	3.3578e-05	4.4843e-10	-10.0	-2.5
392.5	3.3569e-05	4.5285e-10	-10.0	-2.5
393.0	3.3567e-05	4.5108e-10	-10.0	-2.5
393.5	3.3548e-05	4.5393e-10	-10.0	-2.5
394.0	3.3541e-05	4.5436e-10	-10.0	-2.5
394.5	3.3536e-05	4.533e-10	-10.0	-2.5
395.0	3.3538e-05	4.5516e-10	-10.0	-2.5
395.5	3.3537e-05	4.5658e-10	-10.0	-2.5
396.0	3.3529e-05	4.5641e-10	-10.0	-2.5
396.5	3.3522e-05	4.5979e-10	-10.0	-2.5
397.0	3.3511e-05	4.5812e-10	-10.0	-2.5
397.5	3.3508e-05	4.6066e-10	-10.0	-2.5
398.0	3.3496e-05	4.6132e-10	-10.0	-2.5
398.5	3.3491e-05	4.5975e-10	-10.0	-2.5
399.0	3.3487e-05	4.6129e-10	-10.0	-2.5
399.5	3.3489e-05	4.612e-10	-10.0	-2.5
400.0	3.3483e-05	4.6335e-10	-10.0	-2.5
400.5	3.3479e-05	4.6273e-10	-10.0	-2.5
401.0	3.3474e-05	4.658e-10	-10.0	-2.5
401.5	3.3457e-05	4.6492e-10	-10.0	-2.5
402.0	3.3459e-05	4.6278e-10	-10.0	-2.5
402.5	3.3447e-05	4.6745e-10	-10.0	-2.5
403.0	3.3436e-05	4.6715e-10	-10.0	-2.5
403.5	3.3431e-05	4.6757e-10	-10.0	-2.5
404.0	3.3422e-05	4.6923e-10	-10.0	-2.5
404.5	3.3411e-05	4.6868e-10	-10.0	-2.5
405.0	3.3402e-05	4.6819e-10	-10.0	-2.5
405.5	3.3396e-05	4.6926e-10	-10.0	-2.5
406.0	3.339e-05	4.7097e-10	-10.0	-2.5
406.5	3.3387e-05	4.6994e-10	-10.0	-2.5
407.0	3.3379e-05	4.7177e-10	-10.0	-2.5
407.5	3.3371e-05	4.7087e-10	-10.0	-2.5
408.0	3.3365e-05	4.7219e-10	-10.0	-2.5
408.5	3.3357e-05	4.7405e-10	-10.0	-2.5
409.0	3.3354e-05	4.7369e-10	-10.0	-2.5
409.5	3.3346e-05	4.7499e-10	-10.0	-2.5
410.0	3.334e-05	4.7479e-10	-10.0	-2.5
410.5	3.3328e-05	4.7466e-10	-10.0	-2.5
411.0	3.3323e-05	4.7863e-10	-10.0	-2.5
411.5	3.3317e-05	4.7827e-10	-10.0	-2.5
412.0	3.3308e-05	4.7911e-10	-10.0	-2.5
412.5	3.3308e-05	4.7961e-10	-10.0	-2.5
413.0	3.3304e-05	4.7979e-10	-10.0	-2.5
413.5	3.3292e-05	4.811e-10	-10.0	-2.5
414.0	3.3288e-05	4.8115e-10	-10.0	-2.5
414.5	3.3281e-05	4.8058e-10	-10.0	-2.5
415.0	3.3274e-05	4.7993e-10	-10.0	-2.5
415.5	3.3267e-05	4.8139e-10	-10.0	-2.5
416.0	3.3258e-05	4.8263e-10	-10.0	-2.5
416.5	3.3257e-05	4.8269e-10	-10.0	-2.5
417.0	3.3247e-05	4.8252e-10	-10.0	-2.5
417.5	3.3239e-05	4.8383e-10	-10.0	-2.5
418.0	3.3237e-05	4.8458e-10	-10.0	-2.5
418.5	3.3226e-05	4.8654e-10	-10.0	-2.5
419.0	3.3217e-05	4.8625e-10	-10.0	-2.5
419.5	3.3213e-05	4.8706e-10	-10.0	-2.5
420.0	3.321e-05	4.8681e-10	-10.0	-2.5
420.5	3.3208e-05	6.1669e-10	-10.0	-2.5
421.0	3.3204e-05	6.3033e-10	-10.0	-2.5
421.5	3.3197e-05	6.3428e-10	-10.0	-2.5
422.0	3.3205e-05	6.3297e-10	-10.0	-2.5
422.5	3.3197e-05	6.3451e-10	-10.0	-2.5
423.0	3.3195e-05	6.3021e-10	-10.0	-2.5
423.5	3.319e-05	6.3128e-10	-10.0	-2.5
424.0	3.3183e-05	6.2974e-10	-10.0	-2.5
424.5	3.3184e-05	6.3016e-10	-10.0	-2.5
425.0	3.3185e-05	6.2873e-10	-10.0	-2.5
425.5	3.3185e-05	6.258e-10	-10.0	-2.5
426.0	3.3177e-05	6.251e-10	-10.0	-2.5
426.5	3.3176e-05	6.2486e-10	-10.0	-2.5
427.0	3.3172e-05	6.2265e-10	-10.0	-2.5
427.5	3.3177e-05	6.2554e-10	-10.0	-2.5
428.0	3.3175e-05	6.1918e-10	-10.0	-2.5
428.5	3.3168e-05	6.223e-10	-10.0	-2.5
429.0	3.3164e-05	6.2269e-10	-10.0	-2.5
429.5	3.3156e-05	6.1879e-10	-10.0	-2.5
430.0	3.3165e-05	6.1892e-10	-10.0	-2.5
430.5	3.3167e-05	6.1852e-10	-10.0	-2.5
431.0	3.3165e-05	6.1521e-10	-10.0	-2.5
431.5	3.3167e-05	6.1697e-10	-10.0	-2.5
432.0	3.316e-05	6.1436e-10	-10.0	-2.5
432.5	3.316e-05	6.14e-10	-10.0	-2.5
433.0	3.3156e-05	6.1422e-10	-10.0	-2.5
433.5	3.3157e-05	6.1271e-10	-10.0	-2.5
434.0	3.3154e-05	6.1001e-10	-10.0	-2.5
434.5	3.3154e-05	6.1117e-10	-10.0	-2.5
435.0	3.3147e-05	6.1027e-10	-10.0	-2.5
435.5	3.3145e-05	6.1124e-10	-10.0	-2.5
436.0	3.3151e-05	6.0903e-10	-10.0	-2.5
436.5	3.3149e-05	6.0833e-10	-10.0	-2.5
437.0	3.3151e-05	6.0797e-10	-10.0	-2.5
437.5	3.3148e-05	6.0597e-10	-10.0	-2.5
438.0	3.314e-05	6.0575e-10	-10.0	-2.5
438.5	3.3136e-05	6.0589e-10	-10.0	-2.5
439.0	3.3136e-05	6.042e-10	-10.0	-2.5
439.5	3.3138e-05	6.0252e-10	-10.0	-2.5
440.0	3.3137e-05	6.0482e-10	-10.0	-2.5
440.5	3.3136e-05	6.0407e-10	-10.0	-2.5
441.0	3.3139e-05	6.0343e-10	-10.0	-2.5
441.5	3.314e-05	6.0228e-10	-10.0	-2.5
442.0	3.3137e-05	6.0111e-10	-10.0	-2.5
442.5	3.3131e-05	6.0187e-10	-10.0	-2.5
443.0	3.3134e-05	5.9936e-10	-10.0	-2.5
443.5	3.3132e-05	5.9909e-10	-10.0	-2.5
444.0	3.3139e-05	5.972e-10	-10.0	-2.5
444.5	3.314e-05	5.9757e-10	-10.0	-2.5
445.0	3.314e-05	5.9633e-10	-10.0	-2.5
445.5	3.3138e-05	5.9509e-10	-10.0	-2.5
446.0	3.3136e-05	5.9534e-10	-10.0	-2.5
446.5	3.3135e-05	5.9339e-10	-10.0	-2.5
447.0	3.313e-05	5.9248e-10	-10.0	-2.5
447.5	3.313e-05	5.9112e-10	-10.0	-2.5
448.0	3.3129e-05	5.922e-10	-10.0	-2.5
448.5	3.3126e-05	5.9315e-10	-10.0	-2.5
449.0	3.3128e-05	5.9406e-10	-10.0	-2.5
449.5	3.3131e-05	5.9094e-10	-10.0	-2.5
450.0	3.3134e-05	5.9104e-10	-10.0	-2.5
450.5	3.3131e-05	5.9049e-10	-10.0	-2.5
451.0	3.313e-05	5.908e-10	-10.0	-2.5
451.5	3.3135e-05	5.8688e-10	-10.0	-2.5
452.0	3.313e-05	5.8807e-10	-10.0	-2.5
452.5	3.313e-05	5.8572e-10	-10.0	-2.5
453.0	3.313e-05	5.8587e-10	-10.0	-2.5
453.5	3.3128e-05	5.8329e-10	-10.0	-2.5
454.0	3.3124e-05	5.8563e-10	-10.0	-2.5
454.5	3.3128e-05	5.8509e-10	-10.0	-2.5
455.0	3.3127e-05	5.825e-10	-10.0	-2.5
455.5	3.3125e-05	5.8349e-10	-10.0	-2.5
456.0	3.3127e-05	5.8216e-10	-10.0	-2.5
456.5	3.3124e-05	5.8338e-10	-10.0	-2.5
457.0	3.3127e-05	5.8149e-10	-10.0	-2.5
457.5	3.313e-05	5.8111e-10	-10.0	-2.5
458.0	3.3129e-05	5.7929e-10	-10.0	-2.5
458.5	3.3128e-05	5.7939e-10	-10.0	-2.5
459.0	3.3124e-05	5.7852e-10	-10.0	-2.5
459.5	3.3127e-05	5.7897e-10	-10.0	-2.5
460.0	3.3127e-05	5.7789e-10	-10.0	-2.5
460.5	3.3124e-05	5.752e-10	-10.0	-2.5
461.0	3.3119e-05	5.7719e-10	-10.0	-2.5
461.5	3.3122e-05	5.7668e-10	-10.0	-2.5
462.0	3.3119e-05	5.7536e-10	-10.0	-2.5
462.5	3.3119e-05	5.7543e-10	-10.0	-2.5
463.0	3.3119e-05	5.7374e-10	-10.0	-2.5
463.5	3.3123e-05	5.7421e-10	-10.0	-2.5
464.0	3.3121e-05	5.7562e-10	-10.0	-2.5
464.5	3.3123e-05	5.7379e-10	-10.0	-2.5
465.0	3.3126e-05	5.7285e-10	-10.0	-2.5
465.5	3.313e-05	5.7267e-10	-10.0	-2.5
466.0	3.3123e-05	5.7148e-10	-10.0	-2.5
466.5	3.3127e-05	5.7142e-10	-10.0	-2.5
467.0	3.313e-05	5.701e-10	-10.0	-2.5
467.5	3.3132e-05	5.6957e-10	-10.0	-2.5
468.0	3.3127e-05	5.6985e-10	-10.0	-2.5
468.5	3.313e-05	5.6916e-10	-10.0	-2.5
469.0	3.313e-05	5.6784e-10	-10.0	-2.5
469.5	3.3128e-05	5.6755e-10	-10.0	-2.5
470.0	3.3127e-05	5.6939e-10	-10.0	-2.5
470.5	3.313e-05	5.6697e-10	-10.0	-2.5
471.0	3.3132e-05	5.6656e-10	-10.0	-2.5
471.5	3.3133e-05	5.658e-10	-10.0	-2.5
472.0	3.3135e-05	5.6585e-10	-10.0	-2.5
472.5	3.3139e-05	5.6486e-10	-10.0	-2.5
473.0	3.3127e-05	5.6568e-10	-10.0	-2.5
473.5	3.3125e-05	5.6328e-10	-10.0	-2.5
474.0	3.3121e-05	5.6483e-10	-10.0	-2.5
474.5	3.3123e-05	5.6452e-10	-10.0	-2.5
475.0	3.312e-05	5.5964e-10	-10.0	-2.5
475.5	3.312e-05	5.6222e-10	-10.0	-2.5
476.0	3.3121e-05	5.6369e-10	-10.0	-2.5
476.5	3.3126e-05	5.6273e-10	-10.0	-2.5
477.0	3.3132e-05	5.5911e-10	-10.0	-2.5
477.5	3.3132e-05	5.6006e-10	-10.0	-2.5
478.0	3.3129e-05	5.6035e-10	-10.0	-2.5
478.5	3.3128e-05	5.6182e-10	-10.0	-2.5
479.0	3.3131e-05	5.585e-10	-10.0	-2.5
479.5	3.3128e-05	5.5878e-10	-10.0	-2.5
480.0	3.3128e-05	5.5709e-10	-10.0	-2.5
480.5	3.3122e-05	3.8728e-10	-10.0	-2.5
481.0	3.3121e-05	3.8392e-10	-10.0	-2.5
481.5	3.311e-05	3.8599e-10	-10.0	-2.5
482.0	3.3107e-05	3.8678e-10	-10.0	-2.5
482.5	3.3111e-05	3.9021e-10	-10.0	-2.5
483.0	3.3102e-05	3.9261e-10	-10.0	-2.5
483.5	3.3105e-05	3.9235e-10	-10.0	-2.5
484.0	3.31e-05	3.9182e-10	-10.0	-2.5
484.5	3.3092e-05	3.9589e-10	-10.0	-2.5
485.0	3.3086e-05	3.9742e-10	-10.0	-2.5
485.5	3.308e-05	3.9683e-10	-10.0	-2.5
486.0	3.3084e-05	3.9931e-10	-10.0	-2.5
486.5	3.3078e-05	4.0172e-10	-10.0	-2.5
487.0	3.3076e-05	4.0206e-10	-10.0	-2.5
487.5	3.3067e-05	4.0348e-10	-10.0	-2.5
488.0	3.3066e-05	4.0726e-10	-10.0	-2.5
488.5	3.306e-05	4.0615e-10	-10.0	-2.5
489.0	3.3055e-05	4.0823e-10	-10.0	-2.5
489.5	3.3052e-05	4.0801e-10	-10.0	-2.5
490.0	3.3051e-05	4.0957e-10	-10.0	-2.5
490.5	3.3048e-05	4.116e-10	-10.0	-2.5
491.0	3.3043e-05	4.1204e-10	-10.0	-2.5
491.5	3.304e-05	4.1452e-10	-10.0	-2.5
492.0	3.3036e-05	4.1756e-10	-10.0	-2.5
492.5	3.3026e-05	4.159e-10	-10.0	-2.5
493.0	3.3031e-05	4.1861e-10	-10.0	-2.5
493.5	3.302e-05	4.1843e-10	-10.0	-2.5
494.0	3.3011e-05	4.2008e-10	-10.0	-2.5
494.5	3.3006e-05	4.2243e-10	-10.0	-2.5
495.0	3.2999e-05	4.2294e-10	-10.0	-2.5
495.5	3.2998e-05	4.2378e-10	-10.0	-2.5
496.0	3.2994e-05	4.2323e-10	-10.0	-2.5
496.5	3.2988e-05	4.2615e-10	-10.0	-2.5
497.0	3.2982e-05	4.2819e-10	-10.0	-2.5
497.5	3.2982e-05	4.2759e-10	-10.0	-2.5
498.0	3.2976e-05	4.2914e-10	-10.0	-2.5
498.5	3.2972e-05	4.3114e-10	-10.0	-2.5
499.0	3.2967e-05	4.3339e-10	-10.0	-2.5
499.5	3.2958e-05	4.342e-10	-10.0	-2.5
500.0	3.2961e-05	4.3503e-10	-10.0	-2.5
500.5	3.2951e-05	4.3472e-10	-10.0	-2.5
501.0	3.2942e-05	4.3709e-10	-10.0	-2.5
501.5	3.2937e-05	4.3779e-10	-10.0	-2.5
502.0	3.2935e-05	4.4098e-10	-10.0	-2.5
502.5	3.2931e-05	4.3991e-10	-10.0	-2.5
503.0	3.2921e-05	4.4112e-10	-10.0	-2.5
503.5	3.2911e-05	4.4341e-10	-10.0	-2.5
504.0	3.2904e-05	4.4449e-10	-10.0	-2.5
504.5	3.2903e-05	4.4387e-10	-10.0	-2.5
505.0	3.2899e-05	4.4345e-10	-10.0	-2.5
505.5	3.2891e-05	4.4476e-10	-10.0	-2.5
506.0	3.2886e-05	4.4795e-10	-10.0	-2.5
506.5	3.2881e-05	4.4803e-10	-10.0	-2.5
507.0	3.288e-05	4.4823e-10	-10.0	-2.5
507.5	3.2868e-05	4.479e-10	-10.0	-2.5
508.0	3.2868e-05	4.4949e-10	-10.0	-2.5
508.5	3.2862e-05	4.5108e-10	-10.0	-2.5
509.0	3.2853e-05	4.5361e-10	-10.0	-2.5
509.5	3.2849e-05	4.5374e-10	-10.0	-2.5
510.0	3.2835e-05	4.5476e-10	-10.0	-2.5
510.5	3.2834e-05	4.565e-10	-10.0	-2.5
511.0	3.2827e-05	4.5597e-10	-10.0	-2.5
511.5	3.2822e-05	4.5815e-10	-10.0	-2.5
512.0	3.2819e-05	4.5765e-10	-10.0	-2.5
512.5	3.2809e-05	4.5856e-10	-10.0	-2.5
513.0	3.2803e-05	4.5739e-10	-10.0	-2.5
513.5	3.28e-05	4.5968e-10	-10.0	-2.5
514.0	3.2796e-05	4.6076e-10	-10.0	-2.5
514.5	3.2791e-05	4.6193e-10	-10.0	-2.5
515.0	3.2781e-05	4.6144e-10	-10.0	-2.5
515.5	3.2775e-05	4.6185e-10	-10.0	-2.5
516.0	3.2775e-05	4.658e-10	-10.0	-2.5
516.5	3.2767e-05	4.6438e-10	-10.0	-2.5
517.0	3.2764e-05	4.6604e-10	-10.0	-2.5
517.5	3.2759e-05	4.6634e-10	-10.0	-2.5
518.0	3.2748e-05	4.6722e-10	-10.0	-2.5
518.5	3.2741e-05	4.676e-10	-10.0	-2.5
519.0	3.2731e-05	4.6947e-10	-10.0	-2.5
519.5	3.2722e-05	4.6875e-10	-10.0	-2.5
520.0	3.2716e-05	4.6934e-10	-10.0	-2.5
520.5	3.2714e-05	4.699e-10	-10.0	-2.5
521.0	3.2703e-05	4.7222e-10	-10.0	-2.5
521.5	3.2699e-05	4.7118e-10	-10.0	-2.5
522.0	3.2695e-05	4.739e-10	-10.0	-2.5
522.5	3.2688e-05	4.7256e-10	-10.0	-2.5
523.0	3.2685e-05	4.753e-10	-10.0	-2.5
523.5	3.2678e-05	4.7434e-10	-10.0	-2.5
524.0	3.2673e-05	4.7728e-10	-10.0	-2.5
524.5	3.2665e-05	4.7513e-10	-10.0	-2.5
525.0	3.2659e-05	4.7494e-10	-10.0	-2.5
525.5	3.2645e-05	4.7795e-10	-10.0	-2.5
526.0	3.2639e-05	4.7913e-10	-10.0	-2.5
526.5	3.2628e-05	4.7786e-10	-10.0	-2.5
527.0	3.262e-05	4.7837e-10	-10.0	-2.5
527.5	3.262e-05	4.8112e-10	-10.0	-2.5
528.0	3.2614e-05	4.8007e-10	-10.0	-2.5
528.5	3.2611e-05	4.8241e-10	-10.0	-2.5
529.0	3.2602e-05	4.8309e-10	-10.0	-2.5
529.5	3.2597e-05	4.8297e-10	-10.0	-2.5
530.0	3.259e-05	4.8164e-10	-10.0	-2.5
530.5	3.2589e-05	4.8194e-10	-10.0	-2.5
531.0	3.2577e-05	4.8321e-10	-10.0	-2.5
531.5	3.257e-05	4.8476e-10	-10.0	-2.5
532.0	3.2563e-05	4.8586e-10	-10.0	-2.5
532.5	3.2561e-05	4.8406e-10	-10.0	-2.5
533.0	3.2556e-05	4.8689e-10	-10.0	-2.5
533.5	3.2555e-05	4.8321e-10	-10.0	-2.5
534.0	3.2541e-05	4.862e-10	-10.0	-2.5
534.5	3.2541e-05	4.877e-10	-10.0	-2.5
535.0	3.2534e-05	4.8817e-10	-10.0	-2.5
535.5	3.2529e-05	4.8548e-10	-10.0	-2.5
536.0	3.2525e-05	4.859e-10	-10.0	-2.5
536.5	3.2517e-05	4.9118e-10	-10.0	-2.5
537.0	3.2507e-05	4.9042e-10	-10.0	-2.5
537.5	3.2502e-05	4.9133e-10	-10.0	-2.5
538.0	3.2495e-05	4.9023e-10	-10.0	-2.5
538.5	3.249e-05	4.9186e-10	-10.0	-2.5
539.0	3.2484e-05	4.9293e-10	-10.0	-2.5
539.5	3.2477e-05	4.9392e-10	-10.0	-2.5
540.0	3.2474e-05	4.9178e-10	-10.0	-2.5
540.5	3.2463e-05	6.2672e-10	-10.0	-2.5
541.0	3.2465e-05	6.5264e-10	-10.0	-2.5
541.5	3.2461e-05	6.5399e-10	-10.0	-2.5
542.0	3.2464e-05	6.532e-10	-10.0	-2.5
542.5	3.2459e-05	6.5147e-10	-10.0	-2.5
543.0	3.2456e-05	6.526e-10	-10.0	-2.5
543.5	3.2453e-05	6.5064e-10	-10.0	-2.5
544.0	3.2452e-05	6.4878e-10	-10.0	-2.5
544.5	3.245e-05	6.5124e-10	-10.0	-2.5
545.0	3.2448e-05	6.4748e-10	-10.0	-2.5
545.5	3.2442e-05	6.468e-10	-10.0	-2.5
546.0	3.2441e-05	6.4381e-10	-10.0	-2.5
546.5	3.2445e-05	6.4274e-10	-10.0	-2.5
547.0	3.2439e-05	6.4353e-10	-10.0	-2.5
547.5	3.2435e-05	6.4369e-10	-10.0	-2.5
548.0	3.2439e-05	6.43e-10	-10.0	-2.5
548.5	3.2431e-05	6.4112e-10	-10.0	-2.5
549.0	3.2433e-05	6.4088e-10	-10.0	-2.5
549.5	3.2435e-05	6.3873e-10	-10.0	-2.5
550.0	3.243e-05	6.3729e-10	-10.0	-2.5
550.5	3.243e-05	6.36e-10	-10.0	-2.5
551.0	3.2424e-05	6.3536e-10	-10.0	-2.5
551.5	3.2435e-05	6.3515e-10	-10.0	-2.5
552.0	3.2432e-05	6.3524e-10	-10.0	-2.5
552.5	3.2426e-05	6.3309e-10	-10.0	-2.5
553.0	3.2431e-05	6.332e-10	-10.0	-2.5
553.5	3.2426e-05	6.3368e-10	-10.0	-2.5
554.0	3.2419e-05	6.3064e-10	-10.0	-2.5
554.5	3.2416e-05	6.2993e-10	-10.0	-2.5
555.0	3.2419e-05	6.2922e-10	-10.0	-2.5
555.5	3.2421e-05	6.2956e-10	-10.0	-2.5
556.0	3.2417e-05	6.272e-10	-10.0	-2.5
556.5	3.2418e-05	6.2706e-10	-10.0	-2.5
557.0	3.2423e-05	6.2427e-10	-10.0	-2.5
557.5	3.2422e-05	6.2536e-10	-10.0	-2.5
558.0	3.2422e-05	6.251e-10	-10.0	-2.5
558.5	3.2418e-05	6.243e-10	-10.0	-2.5
559.0	3.2416e-05	6.2367e-10	-10.0	-2.5
559.5	3.2417e-05	6.2202e-10	-10.0	-2.5
