File Name: 01_Sample14_device1_It_150kV_VDrain1V_VGate20V.dat
File Data: 22/11/2023	11:41:58
Start V: 0
Step V: 0
Stop V: 0
Range V: 200
Delay(ms): 0
Auorange: yes
Sweep type: log
Instrument Meter: SM2614
Time(ms)	Vdrain(V)	Idrain(A)	Vgate(V)	Igate(A)
0.0000E+0	1.0000E+0	7.1914E-7	2.0000E+1	3.3279E-11
1.0000E+3	1.0000E+0	6.9911E-7	2.0000E+1	4.8369E-11
1.5000E+3	1.0000E+0	6.8859E-7	2.0000E+1	4.6278E-11
2.0000E+3	1.0000E+0	6.7048E-7	2.0000E+1	4.4264E-11
2.5000E+3	1.0000E+0	6.5753E-7	2.0000E+1	4.3693E-11
3.0000E+3	1.0000E+0	6.6457E-7	2.0000E+1	4.2758E-11
3.5000E+3	1.0000E+0	6.5944E-7	2.0000E+1	4.2671E-11
4.0000E+3	1.0000E+0	6.5777E-7	2.0000E+1	4.2312E-11
4.5000E+3	1.0000E+0	6.4955E-7	2.0000E+1	4.1727E-11
5.0000E+3	1.0000E+0	6.4308E-7	2.0000E+1	4.0724E-11
5.5000E+3	1.0000E+0	6.4269E-7	2.0000E+1	4.0363E-11
6.0000E+3	1.0000E+0	6.3643E-7	2.0000E+1	3.9848E-11
6.5000E+3	1.0000E+0	6.3105E-7	2.0000E+1	3.9611E-11
7.0000E+3	1.0000E+0	6.2943E-7	2.0000E+1	3.9275E-11
7.5000E+3	1.0000E+0	6.3105E-7	2.0000E+1	3.8663E-11
8.0000E+3	1.0000E+0	6.2822E-7	2.0000E+1	3.8785E-11
8.5000E+3	1.0000E+0	6.3211E-7	2.0000E+1	3.8321E-11
9.0000E+3	1.0000E+0	6.2740E-7	2.0000E+1	3.8143E-11
9.5000E+3	1.0000E+0	6.3180E-7	2.0000E+1	3.7825E-11
1.0000E+4	1.0000E+0	6.3050E-7	2.0000E+1	3.7876E-11
1.0500E+4	1.0000E+0	6.1958E-7	2.0000E+1	3.7831E-11
1.1000E+4	1.0000E+0	6.1849E-7	2.0000E+1	3.7674E-11
1.1500E+4	1.0000E+0	6.1635E-7	2.0000E+1	3.7477E-11
1.2000E+4	1.0000E+0	6.1505E-7	2.0000E+1	3.7521E-11
1.2500E+4	1.0000E+0	6.1414E-7	2.0000E+1	3.7261E-11
1.3000E+4	1.0000E+0	6.1415E-7	2.0000E+1	3.7221E-11
1.3500E+4	1.0000E+0	6.1630E-7	2.0000E+1	3.6842E-11
1.4000E+4	1.0000E+0	6.1255E-7	2.0000E+1	3.6693E-11
1.4500E+4	1.0000E+0	6.1253E-7	2.0000E+1	3.6360E-11
1.5000E+4	1.0000E+0	6.0689E-7	2.0000E+1	3.6199E-11
1.5500E+4	1.0000E+0	6.0620E-7	2.0000E+1	3.6049E-11
1.6000E+4	1.0000E+0	6.0324E-7	2.0000E+1	3.5855E-11
1.6500E+4	1.0000E+0	6.0552E-7	2.0000E+1	3.6002E-11
1.7000E+4	1.0000E+0	6.0206E-7	2.0000E+1	3.5474E-11
1.7500E+4	1.0000E+0	6.0344E-7	2.0000E+1	3.5666E-11
1.8000E+4	1.0000E+0	6.0054E-7	2.0000E+1	3.5576E-11
1.8500E+4	1.0000E+0	6.0557E-7	2.0000E+1	3.5393E-11
1.9000E+4	1.0000E+0	6.0579E-7	2.0000E+1	3.5554E-11
1.9500E+4	1.0000E+0	6.0232E-7	2.0000E+1	3.5351E-11
2.0000E+4	1.0000E+0	5.9975E-7	2.0000E+1	3.5400E-11
2.0500E+4	1.0000E+0	5.9344E-7	2.0000E+1	3.5393E-11
2.1000E+4	1.0000E+0	5.9635E-7	2.0000E+1	3.5055E-11
2.1500E+4	1.0000E+0	6.0161E-7	2.0000E+1	3.4846E-11
2.2000E+4	1.0000E+0	6.0032E-7	2.0000E+1	3.5551E-11
2.2500E+4	1.0000E+0	5.9581E-7	2.0000E+1	3.5109E-11
2.3000E+4	1.0000E+0	6.0205E-7	2.0000E+1	3.5096E-11
2.3500E+4	1.0000E+0	6.0346E-7	2.0000E+1	3.5015E-11
2.4000E+4	1.0000E+0	6.0320E-7	2.0000E+1	3.4900E-11
2.4500E+4	1.0000E+0	5.9518E-7	2.0000E+1	3.4574E-11
2.5000E+4	1.0000E+0	5.9321E-7	2.0000E+1	3.4742E-11
2.5500E+4	1.0000E+0	5.9422E-7	2.0000E+1	3.4652E-11
2.6000E+4	1.0000E+0	5.9155E-7	2.0000E+1	3.4255E-11
2.6500E+4	1.0000E+0	5.8744E-7	2.0000E+1	3.4300E-11
2.7000E+4	1.0000E+0	5.8883E-7	2.0000E+1	3.3679E-11
2.7500E+4	1.0000E+0	5.8173E-7	2.0000E+1	3.4009E-11
2.8000E+4	1.0000E+0	5.8014E-7	2.0000E+1	3.3876E-11
2.8500E+4	1.0000E+0	5.7998E-7	2.0000E+1	3.3859E-11
2.9000E+4	1.0000E+0	5.8269E-7	2.0000E+1	3.3572E-11
2.9500E+4	1.0000E+0	5.7914E-7	2.0000E+1	3.3847E-11
3.0000E+4	1.0000E+0	5.8020E-7	2.0000E+1	3.3385E-11
3.0500E+4	1.0000E+0	5.7959E-7	2.0000E+1	3.3410E-11
3.1000E+4	1.0000E+0	5.8186E-7	2.0000E+1	3.3596E-11
3.1500E+4	1.0000E+0	5.7967E-7	2.0000E+1	3.3977E-11
3.2000E+4	1.0000E+0	5.7355E-7	2.0000E+1	3.3827E-11
3.2500E+4	1.0000E+0	5.7262E-7	2.0000E+1	3.3665E-11
3.3000E+4	1.0000E+0	5.7729E-7	2.0000E+1	3.3913E-11
3.3500E+4	1.0000E+0	5.7155E-7	2.0000E+1	3.4102E-11
3.4000E+4	1.0000E+0	5.7782E-7	2.0000E+1	3.3344E-11
3.4500E+4	1.0000E+0	5.7354E-7	2.0000E+1	3.3612E-11
3.5000E+4	1.0000E+0	5.8430E-7	2.0000E+1	3.3344E-11
3.5500E+4	1.0000E+0	5.7618E-7	2.0000E+1	3.3532E-11
3.6000E+4	1.0000E+0	5.7779E-7	2.0000E+1	3.3436E-11
3.6500E+4	1.0000E+0	5.7437E-7	2.0000E+1	3.3319E-11
3.7000E+4	1.0000E+0	5.7895E-7	2.0000E+1	3.3110E-11
3.7500E+4	1.0000E+0	5.7490E-7	2.0000E+1	3.3305E-11
3.8000E+4	1.0000E+0	5.7394E-7	2.0000E+1	3.3189E-11
3.8500E+4	1.0000E+0	5.7635E-7	2.0000E+1	3.3264E-11
3.9000E+4	1.0000E+0	5.7162E-7	2.0000E+1	3.2974E-11
3.9500E+4	1.0000E+0	5.7961E-7	2.0000E+1	3.2899E-11
4.0000E+4	1.0000E+0	5.6960E-7	2.0000E+1	3.3312E-11
4.0500E+4	1.0000E+0	5.7154E-7	2.0000E+1	3.2872E-11
4.1000E+4	1.0000E+0	5.6831E-7	2.0000E+1	3.2722E-11
4.1500E+4	1.0000E+0	5.6684E-7	2.0000E+1	3.3104E-11
4.2000E+4	1.0000E+0	5.6568E-7	2.0000E+1	3.2626E-11
4.2500E+4	1.0000E+0	5.6912E-7	2.0000E+1	3.2824E-11
4.3000E+4	1.0000E+0	5.7013E-7	2.0000E+1	3.2418E-11
4.3500E+4	1.0000E+0	5.7239E-7	2.0000E+1	3.2638E-11
4.4000E+4	1.0000E+0	5.6903E-7	2.0000E+1	3.2514E-11
4.4500E+4	1.0000E+0	5.6784E-7	2.0000E+1	3.2575E-11
4.5000E+4	1.0000E+0	5.6526E-7	2.0000E+1	3.2558E-11
4.5500E+4	1.0000E+0	5.6110E-7	2.0000E+1	3.2440E-11
4.6000E+4	1.0000E+0	5.6053E-7	2.0000E+1	3.2641E-11
4.6500E+4	1.0000E+0	5.5976E-7	2.0000E+1	3.2897E-11
4.7000E+4	1.0000E+0	5.6417E-7	2.0000E+1	3.2550E-11
4.7500E+4	1.0000E+0	5.6761E-7	2.0000E+1	3.2630E-11
4.8000E+4	1.0000E+0	5.6418E-7	2.0000E+1	3.2504E-11
4.8500E+4	1.0000E+0	5.6490E-7	2.0000E+1	3.2361E-11
4.9000E+4	1.0000E+0	5.6508E-7	2.0000E+1	3.2320E-11
4.9500E+4	1.0000E+0	5.5636E-7	2.0000E+1	3.2357E-11
5.0000E+4	1.0000E+0	5.6631E-7	2.0000E+1	3.2459E-11
5.0500E+4	1.0000E+0	5.6458E-7	2.0000E+1	3.2346E-11
5.1000E+4	1.0000E+0	5.5666E-7	2.0000E+1	3.2562E-11
5.1500E+4	1.0000E+0	5.5572E-7	2.0000E+1	3.2271E-11
5.2000E+4	1.0000E+0	5.6056E-7	2.0000E+1	3.2259E-11
5.2500E+4	1.0000E+0	5.5773E-7	2.0000E+1	3.2330E-11
5.3000E+4	1.0000E+0	5.5841E-7	2.0000E+1	3.2566E-11
5.3500E+4	1.0000E+0	5.5725E-7	2.0000E+1	3.2208E-11
5.4000E+4	1.0000E+0	5.6175E-7	2.0000E+1	3.2461E-11
5.4500E+4	1.0000E+0	5.6320E-7	2.0000E+1	3.2241E-11
5.5000E+4	1.0000E+0	5.6199E-7	2.0000E+1	3.2250E-11
5.5500E+4	1.0000E+0	5.5933E-7	2.0000E+1	3.2213E-11
5.6000E+4	1.0000E+0	5.6060E-7	2.0000E+1	3.2287E-11
5.6500E+4	1.0000E+0	5.6185E-7	2.0000E+1	3.2067E-11
5.7000E+4	1.0000E+0	5.6451E-7	2.0000E+1	3.2211E-11
5.7500E+4	1.0000E+0	5.6226E-7	2.0000E+1	3.2452E-11
5.8000E+4	1.0000E+0	5.5996E-7	2.0000E+1	3.2250E-11
5.8500E+4	1.0000E+0	5.5290E-7	2.0000E+1	3.2616E-11
5.9000E+4	1.0000E+0	5.5776E-7	2.0000E+1	3.2623E-11
5.9500E+4	1.0000E+0	5.5793E-7	2.0000E+1	3.2314E-11
6.0000E+4	1.0000E+0	5.6142E-7	2.0000E+1	3.2403E-11
6.0500E+4	1.0000E+0	5.4874E-7	2.0000E+1	3.2351E-11
6.1000E+4	1.0000E+0	5.5144E-7	2.0000E+1	3.2127E-11
6.1500E+4	1.0000E+0	5.5129E-7	2.0000E+1	3.2476E-11
6.2000E+4	1.0000E+0	5.5429E-7	2.0000E+1	3.2593E-11
6.2500E+4	1.0000E+0	5.5142E-7	2.0000E+1	3.2575E-11
6.3000E+4	1.0000E+0	5.5336E-7	2.0000E+1	3.2422E-11
6.3500E+4	1.0000E+0	5.5340E-7	2.0000E+1	3.2543E-11
6.4000E+4	1.0000E+0	5.5526E-7	2.0000E+1	3.2337E-11
6.4500E+4	1.0000E+0	5.5191E-7	2.0000E+1	3.2688E-11
6.5000E+4	1.0000E+0	5.5480E-7	2.0000E+1	3.3029E-11
6.5500E+4	1.0000E+0	5.5795E-7	2.0000E+1	3.2523E-11
6.6000E+4	1.0000E+0	5.5286E-7	2.0000E+1	3.2629E-11
6.6500E+4	1.0000E+0	5.4799E-7	2.0000E+1	3.2654E-11
6.7000E+4	1.0000E+0	5.5338E-7	2.0000E+1	3.2709E-11
6.7500E+4	1.0000E+0	5.4928E-7	2.0000E+1	3.2481E-11
6.8000E+4	1.0000E+0	5.5113E-7	2.0000E+1	3.2618E-11
6.8500E+4	1.0000E+0	5.5339E-7	2.0000E+1	3.2064E-11
6.9000E+4	1.0000E+0	5.4760E-7	2.0000E+1	3.2294E-11
6.9500E+4	1.0000E+0	5.4475E-7	2.0000E+1	3.2151E-11
7.0000E+4	1.0000E+0	5.4625E-7	2.0000E+1	3.2190E-11
7.0500E+4	1.0000E+0	5.4892E-7	2.0000E+1	3.1819E-11
7.1000E+4	1.0000E+0	5.4540E-7	2.0000E+1	3.2191E-11
7.1500E+4	1.0000E+0	5.4627E-7	2.0000E+1	3.2104E-11
7.2000E+4	1.0000E+0	5.5093E-7	2.0000E+1	3.1992E-11
7.2500E+4	1.0000E+0	5.5278E-7	2.0000E+1	3.2334E-11
7.3000E+4	1.0000E+0	5.4979E-7	2.0000E+1	3.2011E-11
7.3500E+4	1.0000E+0	5.5261E-7	2.0000E+1	3.2207E-11
7.4000E+4	1.0000E+0	5.4848E-7	2.0000E+1	3.1898E-11
7.4500E+4	1.0000E+0	5.4856E-7	2.0000E+1	3.2070E-11
7.5000E+4	1.0000E+0	5.4748E-7	2.0000E+1	3.1987E-11
7.5500E+4	1.0000E+0	5.4930E-7	2.0000E+1	3.2103E-11
7.6000E+4	1.0000E+0	5.4572E-7	2.0000E+1	3.1995E-11
7.6500E+4	1.0000E+0	5.4805E-7	2.0000E+1	3.1972E-11
7.7000E+4	1.0000E+0	5.4392E-7	2.0000E+1	3.1842E-11
7.7500E+4	1.0000E+0	5.4966E-7	2.0000E+1	3.1580E-11
7.8000E+4	1.0000E+0	5.5465E-7	2.0000E+1	3.2080E-11
7.8500E+4	1.0000E+0	5.5772E-7	2.0000E+1	3.1898E-11
7.9000E+4	1.0000E+0	5.6043E-7	2.0000E+1	3.2308E-11
7.9500E+4	1.0000E+0	5.5738E-7	2.0000E+1	3.2013E-11
8.0000E+4	1.0000E+0	5.5448E-7	2.0000E+1	3.1830E-11
8.0500E+4	1.0000E+0	5.5025E-7	2.0000E+1	3.1768E-11
8.1000E+4	1.0000E+0	5.4970E-7	2.0000E+1	3.1882E-11
8.1500E+4	1.0000E+0	5.4882E-7	2.0000E+1	3.1652E-11
8.2000E+4	1.0000E+0	5.4961E-7	2.0000E+1	3.1609E-11
8.2500E+4	1.0000E+0	5.5341E-7	2.0000E+1	3.1744E-11
8.3000E+4	1.0000E+0	5.5138E-7	2.0000E+1	3.1772E-11
8.3500E+4	1.0000E+0	5.4837E-7	2.0000E+1	3.1579E-11
8.4000E+4	1.0000E+0	5.4996E-7	2.0000E+1	3.1878E-11
8.4500E+4	1.0000E+0	5.4923E-7	2.0000E+1	3.1927E-11
8.5000E+4	1.0000E+0	5.4402E-7	2.0000E+1	3.2216E-11
8.5500E+4	1.0000E+0	5.4662E-7	2.0000E+1	3.1857E-11
8.6000E+4	1.0000E+0	5.4728E-7	2.0000E+1	3.1859E-11
8.6500E+4	1.0000E+0	5.4739E-7	2.0000E+1	3.1828E-11
8.7000E+4	1.0000E+0	5.4038E-7	2.0000E+1	3.1765E-11
8.7500E+4	1.0000E+0	5.4524E-7	2.0000E+1	3.2225E-11
8.8000E+4	1.0000E+0	5.4819E-7	2.0000E+1	3.1799E-11
8.8500E+4	1.0000E+0	5.4831E-7	2.0000E+1	3.1977E-11
8.9000E+4	1.0000E+0	5.4733E-7	2.0000E+1	3.2150E-11
8.9500E+4	1.0000E+0	5.4379E-7	2.0000E+1	3.1865E-11
9.0000E+4	1.0000E+0	5.4287E-7	2.0000E+1	3.1757E-11
9.0500E+4	1.0000E+0	5.4640E-7	2.0000E+1	3.2057E-11
9.1000E+4	1.0000E+0	5.4543E-7	2.0000E+1	3.1582E-11
9.1500E+4	1.0000E+0	5.3731E-7	2.0000E+1	3.1896E-11
9.2000E+4	1.0000E+0	5.4279E-7	2.0000E+1	3.2131E-11
9.2500E+4	1.0000E+0	5.4145E-7	2.0000E+1	3.1800E-11
9.3000E+4	1.0000E+0	5.3585E-7	2.0000E+1	3.1609E-11
9.3500E+4	1.0000E+0	5.4077E-7	2.0000E+1	3.1823E-11
9.4000E+4	1.0000E+0	5.4223E-7	2.0000E+1	3.1860E-11
9.4500E+4	1.0000E+0	5.3508E-7	2.0000E+1	3.1658E-11
9.5000E+4	1.0000E+0	5.3795E-7	2.0000E+1	3.1877E-11
9.5500E+4	1.0000E+0	5.3855E-7	2.0000E+1	3.1960E-11
9.6000E+4	1.0000E+0	5.4138E-7	2.0000E+1	3.1943E-11
9.6500E+4	1.0000E+0	5.3559E-7	2.0000E+1	3.2200E-11
9.7000E+4	1.0000E+0	5.3509E-7	2.0000E+1	3.1724E-11
9.7500E+4	1.0000E+0	5.3654E-7	2.0000E+1	3.1961E-11
9.8000E+4	1.0000E+0	5.3386E-7	2.0000E+1	3.1687E-11
9.8500E+4	1.0000E+0	5.3151E-7	2.0000E+1	3.2073E-11
9.9000E+4	1.0000E+0	5.3335E-7	2.0000E+1	3.1859E-11
9.9500E+4	1.0000E+0	5.3595E-7	2.0000E+1	3.1538E-11
1.0000E+5	1.0000E+0	5.3422E-7	2.0000E+1	3.1629E-11
1.0050E+5	1.0000E+0	5.2985E-7	2.0000E+1	3.2116E-11
1.0100E+5	1.0000E+0	5.3752E-7	2.0000E+1	3.1772E-11
1.0150E+5	1.0000E+0	5.3527E-7	2.0000E+1	3.2121E-11
1.0200E+5	1.0000E+0	5.3075E-7	2.0000E+1	3.1853E-11
1.0250E+5	1.0000E+0	5.3031E-7	2.0000E+1	3.1984E-11
1.0300E+5	1.0000E+0	5.3000E-7	2.0000E+1	3.1910E-11
1.0350E+5	1.0000E+0	5.3195E-7	2.0000E+1	3.1995E-11
1.0400E+5	1.0000E+0	5.3675E-7	2.0000E+1	3.2006E-11
1.0450E+5	1.0000E+0	5.3421E-7	2.0000E+1	3.2013E-11
1.0500E+5	1.0000E+0	5.3405E-7	2.0000E+1	3.1931E-11
1.0550E+5	1.0000E+0	5.3156E-7	2.0000E+1	3.2119E-11
1.0600E+5	1.0000E+0	5.2633E-7	2.0000E+1	3.1875E-11
1.0650E+5	1.0000E+0	5.2665E-7	2.0000E+1	3.1940E-11
1.0700E+5	1.0000E+0	5.3273E-7	2.0000E+1	3.1661E-11
1.0750E+5	1.0000E+0	5.3260E-7	2.0000E+1	3.1680E-11
1.0800E+5	1.0000E+0	5.3007E-7	2.0000E+1	3.1564E-11
1.0850E+5	1.0000E+0	5.2971E-7	2.0000E+1	3.1631E-11
1.0900E+5	1.0000E+0	5.2694E-7	2.0000E+1	3.1776E-11
1.0950E+5	1.0000E+0	5.2913E-7	2.0000E+1	3.1830E-11
1.1000E+5	1.0000E+0	5.2461E-7	2.0000E+1	3.1680E-11
1.1050E+5	1.0000E+0	5.3132E-7	2.0000E+1	3.1784E-11
1.1100E+5	1.0000E+0	5.3489E-7	2.0000E+1	3.1569E-11
1.1150E+5	1.0000E+0	5.3641E-7	2.0000E+1	3.1422E-11
1.1200E+5	1.0000E+0	5.3503E-7	2.0000E+1	3.1726E-11
1.1250E+5	1.0000E+0	5.3683E-7	2.0000E+1	3.1548E-11
1.1300E+5	1.0000E+0	5.4230E-7	2.0000E+1	3.1518E-11
1.1350E+5	1.0000E+0	5.4256E-7	2.0000E+1	3.1867E-11
1.1400E+5	1.0000E+0	5.3916E-7	2.0000E+1	3.1798E-11
1.1450E+5	1.0000E+0	5.4076E-7	2.0000E+1	3.1797E-11
1.1500E+5	1.0000E+0	5.4167E-7	2.0000E+1	3.1389E-11
1.1550E+5	1.0000E+0	5.3326E-7	2.0000E+1	3.1850E-11
1.1600E+5	1.0000E+0	5.3596E-7	2.0000E+1	3.1747E-11
1.1650E+5	1.0000E+0	5.3505E-7	2.0000E+1	3.1173E-11
1.1700E+5	1.0000E+0	5.3100E-7	2.0000E+1	3.1364E-11
1.1750E+5	1.0000E+0	5.3050E-7	2.0000E+1	3.1333E-11
1.1800E+5	1.0000E+0	5.3721E-7	2.0000E+1	3.1440E-11
1.1850E+5	1.0000E+0	5.4103E-7	2.0000E+1	3.1476E-11
1.1900E+5	1.0000E+0	5.3807E-7	2.0000E+1	3.1385E-11
1.1950E+5	1.0000E+0	5.3565E-7	2.0000E+1	3.1984E-11
1.2000E+5	1.0000E+0	5.3773E-7	2.0000E+1	3.2211E-11
1.2050E+5	1.0000E+0	5.3548E-7	2.0000E+1	3.1585E-11
1.2100E+5	1.0000E+0	5.3093E-7	2.0000E+1	3.1668E-11
1.2150E+5	1.0000E+0	5.3218E-7	2.0000E+1	3.1650E-11
1.2200E+5	1.0000E+0	5.3282E-7	2.0000E+1	3.1527E-11
1.2250E+5	1.0000E+0	5.3681E-7	2.0000E+1	3.1869E-11
1.2300E+5	1.0000E+0	5.3252E-7	2.0000E+1	3.1650E-11
1.2350E+5	1.0000E+0	5.3842E-7	2.0000E+1	3.1915E-11
1.2400E+5	1.0000E+0	5.3782E-7	2.0000E+1	3.1631E-11
1.2450E+5	1.0000E+0	5.4172E-7	2.0000E+1	3.1591E-11
1.2500E+5	1.0000E+0	5.3868E-7	2.0000E+1	3.1420E-11
1.2550E+5	1.0000E+0	5.3370E-7	2.0000E+1	3.1661E-11
1.2600E+5	1.0000E+0	5.3476E-7	2.0000E+1	3.1890E-11
1.2650E+5	1.0000E+0	5.3293E-7	2.0000E+1	3.2010E-11
1.2700E+5	1.0000E+0	5.3732E-7	2.0000E+1	3.1635E-11
1.2750E+5	1.0000E+0	5.3765E-7	2.0000E+1	3.1743E-11
1.2800E+5	1.0000E+0	5.3323E-7	2.0000E+1	3.1491E-11
1.2850E+5	1.0000E+0	5.3085E-7	2.0000E+1	3.1569E-11
1.2900E+5	1.0000E+0	5.2850E-7	2.0000E+1	3.1593E-11
1.2950E+5	1.0000E+0	5.3219E-7	2.0000E+1	3.1818E-11
1.3000E+5	1.0000E+0	5.3073E-7	2.0000E+1	3.1719E-11
1.3050E+5	1.0000E+0	5.3057E-7	2.0000E+1	3.1369E-11
1.3100E+5	1.0000E+0	5.3292E-7	2.0000E+1	3.1477E-11
1.3150E+5	1.0000E+0	5.3440E-7	2.0000E+1	3.1617E-11
1.3200E+5	1.0000E+0	5.3157E-7	2.0000E+1	3.2082E-11
1.3250E+5	1.0000E+0	5.3752E-7	2.0000E+1	3.2039E-11
1.3300E+5	1.0000E+0	5.2783E-7	2.0000E+1	3.2036E-11
1.3350E+5	1.0000E+0	5.2537E-7	2.0000E+1	3.1931E-11
1.3400E+5	1.0000E+0	5.2504E-7	2.0000E+1	3.2040E-11
1.3450E+5	1.0000E+0	5.2371E-7	2.0000E+1	3.1787E-11
1.3500E+5	1.0000E+0	5.2497E-7	2.0000E+1	3.1722E-11
1.3550E+5	1.0000E+0	5.2804E-7	2.0000E+1	3.1463E-11
1.3600E+5	1.0000E+0	5.2687E-7	2.0000E+1	3.1474E-11
1.3650E+5	1.0000E+0	5.2368E-7	2.0000E+1	3.1763E-11
1.3700E+5	1.0000E+0	5.2358E-7	2.0000E+1	3.1756E-11
1.3750E+5	1.0000E+0	5.3041E-7	2.0000E+1	3.1335E-11
1.3800E+5	1.0000E+0	5.2753E-7	2.0000E+1	3.1548E-11
1.3850E+5	1.0000E+0	5.2877E-7	2.0000E+1	3.1644E-11
1.3900E+5	1.0000E+0	5.2501E-7	2.0000E+1	3.1680E-11
1.3950E+5	1.0000E+0	5.2932E-7	2.0000E+1	3.1718E-11
1.4000E+5	1.0000E+0	5.2980E-7	2.0000E+1	3.1756E-11
1.4050E+5	1.0000E+0	5.2738E-7	2.0000E+1	3.1609E-11
1.4100E+5	1.0000E+0	5.2932E-7	2.0000E+1	3.1595E-11
1.4150E+5	1.0000E+0	5.2818E-7	2.0000E+1	3.1630E-11
1.4200E+5	1.0000E+0	5.2824E-7	2.0000E+1	3.1611E-11
1.4250E+5	1.0000E+0	5.2936E-7	2.0000E+1	3.1540E-11
1.4300E+5	1.0000E+0	5.2346E-7	2.0000E+1	3.1723E-11
1.4350E+5	1.0000E+0	5.2293E-7	2.0000E+1	3.1656E-11
1.4400E+5	1.0000E+0	5.2471E-7	2.0000E+1	3.1617E-11
1.4450E+5	1.0000E+0	5.2735E-7	2.0000E+1	3.1863E-11
1.4500E+5	1.0000E+0	5.3019E-7	2.0000E+1	3.1722E-11
1.4550E+5	1.0000E+0	5.2835E-7	2.0000E+1	3.1942E-11
1.4600E+5	1.0000E+0	5.2688E-7	2.0000E+1	3.1415E-11
1.4650E+5	1.0000E+0	5.3154E-7	2.0000E+1	3.1757E-11
1.4700E+5	1.0000E+0	5.3451E-7	2.0000E+1	3.1608E-11
1.4750E+5	1.0000E+0	5.3240E-7	2.0000E+1	3.1450E-11
1.4800E+5	1.0000E+0	5.2986E-7	2.0000E+1	3.1974E-11
1.4850E+5	1.0000E+0	5.3503E-7	2.0000E+1	3.1301E-11
1.4900E+5	1.0000E+0	5.3513E-7	2.0000E+1	3.1495E-11
1.4950E+5	1.0000E+0	5.3847E-7	2.0000E+1	3.1546E-11
1.5000E+5	1.0000E+0	5.3296E-7	2.0000E+1	3.1545E-11
1.5050E+5	1.0000E+0	5.3195E-7	2.0000E+1	3.1372E-11
1.5100E+5	1.0000E+0	5.2928E-7	2.0000E+1	3.1359E-11
1.5150E+5	1.0000E+0	5.3175E-7	2.0000E+1	3.1275E-11
1.5200E+5	1.0000E+0	5.3136E-7	2.0000E+1	3.1238E-11
1.5250E+5	1.0000E+0	5.3223E-7	2.0000E+1	3.1246E-11
1.5300E+5	1.0000E+0	5.2921E-7	2.0000E+1	3.1333E-11
1.5350E+5	1.0000E+0	5.3081E-7	2.0000E+1	3.1075E-11
1.5400E+5	1.0000E+0	5.2463E-7	2.0000E+1	3.1185E-11
1.5450E+5	1.0000E+0	5.2839E-7	2.0000E+1	3.1257E-11
1.5500E+5	1.0000E+0	5.2278E-7	2.0000E+1	3.1038E-11
1.5550E+5	1.0000E+0	5.2645E-7	2.0000E+1	3.1234E-11
1.5600E+5	1.0000E+0	5.2715E-7	2.0000E+1	3.1457E-11
1.5650E+5	1.0000E+0	5.3039E-7	2.0000E+1	3.1280E-11
1.5700E+5	1.0000E+0	5.2536E-7	2.0000E+1	3.1335E-11
1.5750E+5	1.0000E+0	5.2632E-7	2.0000E+1	3.1221E-11
1.5800E+5	1.0000E+0	5.2573E-7	2.0000E+1	3.1229E-11
1.5850E+5	1.0000E+0	5.2462E-7	2.0000E+1	3.1062E-11
1.5900E+5	1.0000E+0	5.2194E-7	2.0000E+1	3.1439E-11
1.5950E+5	1.0000E+0	5.2508E-7	2.0000E+1	3.1142E-11
1.6000E+5	1.0000E+0	5.2447E-7	2.0000E+1	3.1285E-11
1.6050E+5	1.0000E+0	5.2961E-7	2.0000E+1	3.1497E-11
1.6100E+5	1.0000E+0	5.2403E-7	2.0000E+1	3.1666E-11
1.6150E+5	1.0000E+0	5.2408E-7	2.0000E+1	3.1372E-11
1.6200E+5	1.0000E+0	5.2869E-7	2.0000E+1	3.1429E-11
1.6250E+5	1.0000E+0	5.2703E-7	2.0000E+1	3.1460E-11
1.6300E+5	1.0000E+0	5.2833E-7	2.0000E+1	3.1388E-11
1.6350E+5	1.0000E+0	5.2097E-7	2.0000E+1	3.1050E-11
1.6400E+5	1.0000E+0	5.2274E-7	2.0000E+1	3.1286E-11
1.6450E+5	1.0000E+0	5.2262E-7	2.0000E+1	3.1071E-11
1.6500E+5	1.0000E+0	5.1673E-7	2.0000E+1	3.1451E-11
1.6550E+5	1.0000E+0	5.2497E-7	2.0000E+1	3.1286E-11
1.6600E+5	1.0000E+0	5.1688E-7	2.0000E+1	3.1420E-11
1.6650E+5	1.0000E+0	5.1721E-7	2.0000E+1	3.1854E-11
1.6700E+5	1.0000E+0	5.2219E-7	2.0000E+1	3.1609E-11
1.6750E+5	1.0000E+0	5.1795E-7	2.0000E+1	3.1309E-11
1.6800E+5	1.0000E+0	5.1749E-7	2.0000E+1	3.1323E-11
1.6850E+5	1.0000E+0	5.1429E-7	2.0000E+1	3.1472E-11
1.6900E+5	1.0000E+0	5.2770E-7	2.0000E+1	3.1512E-11
1.6950E+5	1.0000E+0	5.1952E-7	2.0000E+1	3.1394E-11
1.7000E+5	1.0000E+0	5.1355E-7	2.0000E+1	3.1422E-11
1.7050E+5	1.0000E+0	5.1997E-7	2.0000E+1	3.1544E-11
1.7100E+5	1.0000E+0	5.2087E-7	2.0000E+1	3.1439E-11
1.7150E+5	1.0000E+0	5.2174E-7	2.0000E+1	3.1384E-11
1.7200E+5	1.0000E+0	5.1710E-7	2.0000E+1	3.1354E-11
1.7250E+5	1.0000E+0	5.2146E-7	2.0000E+1	3.1374E-11
1.7300E+5	1.0000E+0	5.1533E-7	2.0000E+1	3.1626E-11
1.7350E+5	1.0000E+0	5.2169E-7	2.0000E+1	3.1496E-11
1.7400E+5	1.0000E+0	5.2032E-7	2.0000E+1	3.1600E-11
1.7450E+5	1.0000E+0	5.2224E-7	2.0000E+1	3.1513E-11
1.7500E+5	1.0000E+0	5.1140E-7	2.0000E+1	3.1415E-11
1.7550E+5	1.0000E+0	5.1011E-7	2.0000E+1	3.1674E-11
1.7600E+5	1.0000E+0	5.1510E-7	2.0000E+1	3.1720E-11
1.7650E+5	1.0000E+0	5.1742E-7	2.0000E+1	3.1525E-11
1.7700E+5	1.0000E+0	5.1786E-7	2.0000E+1	3.1446E-11
1.7750E+5	1.0000E+0	5.2457E-7	2.0000E+1	3.1762E-11
1.7800E+5	1.0000E+0	5.1724E-7	2.0000E+1	3.1455E-11
1.7850E+5	1.0000E+0	5.1884E-7	2.0000E+1	3.1321E-11
1.7900E+5	1.0000E+0	5.1967E-7	2.0000E+1	3.1240E-11
1.7950E+5	1.0000E+0	5.1977E-7	2.0000E+1	3.1408E-11
1.8000E+5	1.0000E+0	5.1772E-7	2.0000E+1	3.1596E-11
1.8050E+5	1.0000E+0	5.1430E-7	2.0000E+1	3.1416E-11
1.8100E+5	1.0000E+0	5.2251E-7	2.0000E+1	3.1117E-11
1.8150E+5	1.0000E+0	5.1862E-7	2.0000E+1	3.1298E-11
1.8200E+5	1.0000E+0	5.2320E-7	2.0000E+1	3.1356E-11
1.8250E+5	1.0000E+0	5.1916E-7	2.0000E+1	3.1524E-11
1.8300E+5	1.0000E+0	5.1503E-7	2.0000E+1	3.1378E-11
1.8350E+5	1.0000E+0	5.2402E-7	2.0000E+1	3.1085E-11
1.8400E+5	1.0000E+0	5.1532E-7	2.0000E+1	3.1570E-11
1.8450E+5	1.0000E+0	5.1999E-7	2.0000E+1	3.1830E-11
1.8500E+5	1.0000E+0	5.2360E-7	2.0000E+1	3.1617E-11
1.8550E+5	1.0000E+0	5.2089E-7	2.0000E+1	3.1826E-11
1.8600E+5	1.0000E+0	5.2403E-7	2.0000E+1	3.1762E-11
1.8650E+5	1.0000E+0	5.1879E-7	2.0000E+1	3.1538E-11
1.8700E+5	1.0000E+0	5.1565E-7	2.0000E+1	3.1692E-11
1.8750E+5	1.0000E+0	5.1365E-7	2.0000E+1	3.1964E-11
1.8800E+5	1.0000E+0	5.1813E-7	2.0000E+1	3.1226E-11
1.8850E+5	1.0000E+0	5.1698E-7	2.0000E+1	3.1662E-11
1.8900E+5	1.0000E+0	5.2083E-7	2.0000E+1	3.1364E-11
1.8950E+5	1.0000E+0	5.2197E-7	2.0000E+1	3.1556E-11
1.9000E+5	1.0000E+0	5.1682E-7	2.0000E+1	3.1583E-11
1.9050E+5	1.0000E+0	5.1795E-7	2.0000E+1	3.1753E-11
1.9100E+5	1.0000E+0	5.1354E-7	2.0000E+1	3.1635E-11
1.9150E+5	1.0000E+0	5.1543E-7	2.0000E+1	3.1778E-11
1.9200E+5	1.0000E+0	5.1362E-7	2.0000E+1	3.1570E-11
1.9250E+5	1.0000E+0	5.1649E-7	2.0000E+1	3.1374E-11
1.9300E+5	1.0000E+0	5.1445E-7	2.0000E+1	3.1567E-11
1.9400E+5	1.0000E+0	5.1602E-7	2.0000E+1	3.1223E-11
1.9450E+5	1.0000E+0	5.1184E-7	2.0000E+1	3.1345E-11
1.9500E+5	1.0000E+0	5.1057E-7	2.0000E+1	3.1371E-11
1.9550E+5	1.0000E+0	5.0746E-7	2.0000E+1	3.1511E-11
1.9600E+5	1.0000E+0	5.0737E-7	2.0000E+1	3.1681E-11
1.9650E+5	1.0000E+0	5.0892E-7	2.0000E+1	3.1313E-11
1.9700E+5	1.0000E+0	5.0784E-7	2.0000E+1	3.1462E-11
1.9750E+5	1.0000E+0	5.1263E-7	2.0000E+1	3.1680E-11
1.9800E+5	1.0000E+0	5.0782E-7	2.0000E+1	3.1651E-11
1.9850E+5	1.0000E+0	5.1455E-7	2.0000E+1	3.1117E-11
1.9900E+5	1.0000E+0	5.1599E-7	2.0000E+1	3.1036E-11
1.9950E+5	1.0000E+0	5.0560E-7	2.0000E+1	3.1334E-11
2.0000E+5	1.0000E+0	5.0831E-7	2.0000E+1	3.1215E-11
2.0050E+5	1.0000E+0	5.1116E-7	2.0000E+1	3.1500E-11
2.0100E+5	1.0000E+0	5.0940E-7	2.0000E+1	3.1044E-11
2.0150E+5	1.0000E+0	5.0764E-7	2.0000E+1	3.1401E-11
2.0200E+5	1.0000E+0	5.1156E-7	2.0000E+1	3.0725E-11
2.0250E+5	1.0000E+0	5.0537E-7	2.0000E+1	3.1023E-11
2.0300E+5	1.0000E+0	5.0795E-7	2.0000E+1	3.1122E-11
2.0350E+5	1.0000E+0	5.0849E-7	2.0000E+1	3.1155E-11
2.0400E+5	1.0000E+0	5.0893E-7	2.0000E+1	3.1518E-11
2.0450E+5	1.0000E+0	5.0858E-7	2.0000E+1	3.1100E-11
2.0500E+5	1.0000E+0	5.0715E-7	2.0000E+1	3.1405E-11
2.0550E+5	1.0000E+0	5.1100E-7	2.0000E+1	3.1169E-11
2.0600E+5	1.0000E+0	5.1044E-7	2.0000E+1	3.1233E-11
2.0650E+5	1.0000E+0	5.0903E-7	2.0000E+1	3.1661E-11
2.0700E+5	1.0000E+0	5.1204E-7	2.0000E+1	3.1673E-11
2.0750E+5	1.0000E+0	5.1176E-7	2.0000E+1	3.1202E-11
2.0800E+5	1.0000E+0	5.0758E-7	2.0000E+1	3.1521E-11
2.0850E+5	1.0000E+0	5.0566E-7	2.0000E+1	3.1376E-11
2.0900E+5	1.0000E+0	5.0634E-7	2.0000E+1	3.1539E-11
2.0950E+5	1.0000E+0	5.0431E-7	2.0000E+1	3.1424E-11
2.1000E+5	1.0000E+0	5.0425E-7	2.0000E+1	3.1100E-11
2.1050E+5	1.0000E+0	5.0804E-7	2.0000E+1	3.1198E-11
2.1100E+5	1.0000E+0	5.0649E-7	2.0000E+1	3.1018E-11
2.1150E+5	1.0000E+0	5.0413E-7	2.0000E+1	3.1117E-11
2.1200E+5	1.0000E+0	5.0622E-7	2.0000E+1	3.1755E-11
2.1250E+5	1.0000E+0	5.0148E-7	2.0000E+1	3.1202E-11
2.1300E+5	1.0000E+0	5.0450E-7	2.0000E+1	3.1592E-11
2.1350E+5	1.0000E+0	4.9813E-7	2.0000E+1	3.1383E-11
2.1400E+5	1.0000E+0	5.0195E-7	2.0000E+1	3.1426E-11
2.1450E+5	1.0000E+0	5.0426E-7	2.0000E+1	3.1499E-11
2.1500E+5	1.0000E+0	5.0095E-7	2.0000E+1	3.1360E-11
2.1550E+5	1.0000E+0	4.9793E-7	2.0000E+1	3.1609E-11
2.1600E+5	1.0000E+0	5.0657E-7	2.0000E+1	3.1611E-11
2.1650E+5	1.0000E+0	5.0228E-7	2.0000E+1	3.1260E-11
2.1700E+5	1.0000E+0	5.0346E-7	2.0000E+1	3.1023E-11
2.1750E+5	1.0000E+0	5.0582E-7	2.0000E+1	3.1222E-11
2.1800E+5	1.0000E+0	5.0198E-7	2.0000E+1	3.1656E-11
2.1850E+5	1.0000E+0	5.0356E-7	2.0000E+1	3.1288E-11
2.1900E+5	1.0000E+0	5.0073E-7	2.0000E+1	3.1202E-11
2.1950E+5	1.0000E+0	5.0461E-7	2.0000E+1	3.1173E-11
2.2000E+5	1.0000E+0	4.9970E-7	2.0000E+1	3.1186E-11
2.2050E+5	1.0000E+0	5.0027E-7	2.0000E+1	3.1012E-11
2.2100E+5	1.0000E+0	4.9701E-7	2.0000E+1	3.1439E-11
2.2150E+5	1.0000E+0	5.0213E-7	2.0000E+1	3.1230E-11
2.2200E+5	1.0000E+0	5.0644E-7	2.0000E+1	3.1018E-11
2.2250E+5	1.0000E+0	5.0146E-7	2.0000E+1	3.1290E-11
2.2300E+5	1.0000E+0	5.0282E-7	2.0000E+1	3.1583E-11
2.2350E+5	1.0000E+0	5.0709E-7	2.0000E+1	3.1221E-11
2.2400E+5	1.0000E+0	4.9919E-7	2.0000E+1	3.1285E-11
2.2450E+5	1.0000E+0	5.0183E-7	2.0000E+1	3.0820E-11
2.2500E+5	1.0000E+0	5.0444E-7	2.0000E+1	3.0509E-11
2.2550E+5	1.0000E+0	5.0452E-7	2.0000E+1	3.1263E-11
2.2600E+5	1.0000E+0	4.9961E-7	2.0000E+1	3.0861E-11
2.2650E+5	1.0000E+0	5.0121E-7	2.0000E+1	3.1223E-11
2.2700E+5	1.0000E+0	4.9461E-7	2.0000E+1	3.1453E-11
2.2750E+5	1.0000E+0	4.9697E-7	2.0000E+1	3.1241E-11
2.2800E+5	1.0000E+0	4.9839E-7	2.0000E+1	3.1605E-11
2.2850E+5	1.0000E+0	4.9650E-7	2.0000E+1	3.1425E-11
2.2900E+5	1.0000E+0	4.9782E-7	2.0000E+1	3.1160E-11
2.2950E+5	1.0000E+0	4.9872E-7	2.0000E+1	3.1387E-11
2.3000E+5	1.0000E+0	4.9667E-7	2.0000E+1	3.1731E-11
2.3050E+5	1.0000E+0	4.9941E-7	2.0000E+1	3.1482E-11
2.3100E+5	1.0000E+0	4.9809E-7	2.0000E+1	3.1486E-11
2.3150E+5	1.0000E+0	5.0459E-7	2.0000E+1	3.1438E-11
2.3200E+5	1.0000E+0	4.9624E-7	2.0000E+1	3.1331E-11
2.3250E+5	1.0000E+0	5.0069E-7	2.0000E+1	3.1802E-11
2.3300E+5	1.0000E+0	4.9630E-7	2.0000E+1	3.1154E-11
2.3350E+5	1.0000E+0	5.0131E-7	2.0000E+1	3.0805E-11
2.3400E+5	1.0000E+0	4.9450E-7	2.0000E+1	3.0806E-11
2.3450E+5	1.0000E+0	4.9982E-7	2.0000E+1	3.1204E-11
2.3500E+5	1.0000E+0	4.9154E-7	2.0000E+1	3.1122E-11
2.3550E+5	1.0000E+0	4.9860E-7	2.0000E+1	3.1377E-11
2.3600E+5	1.0000E+0	4.9315E-7	2.0000E+1	3.1319E-11
2.3650E+5	1.0000E+0	4.9166E-7	2.0000E+1	3.1081E-11
2.3700E+5	1.0000E+0	4.9177E-7	2.0000E+1	3.1198E-11
2.3750E+5	1.0000E+0	4.9270E-7	2.0000E+1	3.0830E-11
2.3800E+5	1.0000E+0	4.9506E-7	2.0000E+1	3.1053E-11
2.3850E+5	1.0000E+0	4.9420E-7	2.0000E+1	3.1072E-11
2.3900E+5	1.0000E+0	4.9222E-7	2.0000E+1	3.1258E-11
2.3950E+5	1.0000E+0	4.9311E-7	2.0000E+1	3.1172E-11
2.4000E+5	1.0000E+0	4.8972E-7	2.0000E+1	3.0959E-11
2.4050E+5	1.0000E+0	4.9187E-7	2.0000E+1	3.1091E-11
2.4100E+5	1.0000E+0	4.9181E-7	2.0000E+1	3.1163E-11
2.4150E+5	1.0000E+0	4.9251E-7	2.0000E+1	3.0975E-11
2.4200E+5	1.0000E+0	4.9195E-7	2.0000E+1	3.1185E-11
2.4250E+5	1.0000E+0	4.9453E-7	2.0000E+1	3.1280E-11
2.4300E+5	1.0000E+0	4.9280E-7	2.0000E+1	3.1441E-11
2.4350E+5	1.0000E+0	4.9413E-7	2.0000E+1	3.1643E-11
2.4400E+5	1.0000E+0	4.9255E-7	2.0000E+1	3.1546E-11
2.4450E+5	1.0000E+0	4.8996E-7	2.0000E+1	3.1574E-11
2.4500E+5	1.0000E+0	4.8983E-7	2.0000E+1	3.1382E-11
2.4550E+5	1.0000E+0	4.8697E-7	2.0000E+1	3.1856E-11
2.4600E+5	1.0000E+0	4.8584E-7	2.0000E+1	3.1453E-11
2.4650E+5	1.0000E+0	4.8654E-7	2.0000E+1	3.1384E-11
2.4700E+5	1.0000E+0	4.8524E-7	2.0000E+1	3.1257E-11
2.4750E+5	1.0000E+0	4.8868E-7	2.0000E+1	3.1044E-11
2.4800E+5	1.0000E+0	4.8848E-7	2.0000E+1	3.1292E-11
2.4850E+5	1.0000E+0	4.8412E-7	2.0000E+1	3.1338E-11
2.4900E+5	1.0000E+0	4.8629E-7	2.0000E+1	3.1625E-11
2.4950E+5	1.0000E+0	4.8670E-7	2.0000E+1	3.1571E-11
2.5000E+5	1.0000E+0	4.8728E-7	2.0000E+1	3.1395E-11
2.5050E+5	1.0000E+0	4.8887E-7	2.0000E+1	3.1440E-11
2.5100E+5	1.0000E+0	4.8899E-7	2.0000E+1	3.1450E-11
2.5150E+5	1.0000E+0	4.8895E-7	2.0000E+1	3.1314E-11
2.5200E+5	1.0000E+0	4.8971E-7	2.0000E+1	3.1309E-11
2.5250E+5	1.0000E+0	4.8899E-7	2.0000E+1	3.1413E-11
2.5300E+5	1.0000E+0	4.9181E-7	2.0000E+1	3.1018E-11
2.5350E+5	1.0000E+0	4.9376E-7	2.0000E+1	3.1311E-11
2.5400E+5	1.0000E+0	4.9061E-7	2.0000E+1	3.0882E-11
2.5450E+5	1.0000E+0	4.8878E-7	2.0000E+1	3.1065E-11
2.5500E+5	1.0000E+0	4.8876E-7	2.0000E+1	3.1389E-11
2.5550E+5	1.0000E+0	4.8714E-7	2.0000E+1	3.1470E-11
2.5600E+5	1.0000E+0	4.9047E-7	2.0000E+1	3.1952E-11
2.5650E+5	1.0000E+0	4.9048E-7	2.0000E+1	3.1538E-11
2.5700E+5	1.0000E+0	4.8842E-7	2.0000E+1	3.1639E-11
2.5750E+5	1.0000E+0	4.9100E-7	2.0000E+1	3.1434E-11
2.5800E+5	1.0000E+0	4.8885E-7	2.0000E+1	3.1149E-11
2.5850E+5	1.0000E+0	4.8785E-7	2.0000E+1	3.1182E-11
2.5900E+5	1.0000E+0	4.8861E-7	2.0000E+1	3.1285E-11
2.5950E+5	1.0000E+0	4.8710E-7	2.0000E+1	3.1340E-11
2.6000E+5	1.0000E+0	4.9021E-7	2.0000E+1	3.1527E-11
2.6050E+5	1.0000E+0	4.8925E-7	2.0000E+1	3.1202E-11
2.6100E+5	1.0000E+0	4.9185E-7	2.0000E+1	3.1067E-11
2.6150E+5	1.0000E+0	4.8901E-7	2.0000E+1	3.0901E-11
2.6200E+5	1.0000E+0	4.8775E-7	2.0000E+1	3.1148E-11
2.6250E+5	1.0000E+0	4.9209E-7	2.0000E+1	3.1204E-11
2.6300E+5	1.0000E+0	4.9164E-7	2.0000E+1	3.1115E-11
2.6350E+5	1.0000E+0	4.9312E-7	2.0000E+1	3.0834E-11
2.6400E+5	1.0000E+0	4.9273E-7	2.0000E+1	3.1202E-11
2.6450E+5	1.0000E+0	4.9474E-7	2.0000E+1	3.0984E-11
2.6500E+5	1.0000E+0	4.8717E-7	2.0000E+1	3.0835E-11
2.6550E+5	1.0000E+0	4.8886E-7	2.0000E+1	3.0920E-11
2.6600E+5	1.0000E+0	4.9077E-7	2.0000E+1	3.1359E-11
2.6650E+5	1.0000E+0	4.8736E-7	2.0000E+1	3.1413E-11
2.6700E+5	1.0000E+0	4.8743E-7	2.0000E+1	3.1248E-11
2.6750E+5	1.0000E+0	4.8942E-7	2.0000E+1	3.1378E-11
2.6800E+5	1.0000E+0	4.8676E-7	2.0000E+1	3.1259E-11
2.6850E+5	1.0000E+0	4.9010E-7	2.0000E+1	3.0987E-11
2.6900E+5	1.0000E+0	4.8772E-7	2.0000E+1	3.1261E-11
2.6950E+5	1.0000E+0	4.9152E-7	2.0000E+1	3.1409E-11
2.7000E+5	1.0000E+0	4.9010E-7	2.0000E+1	3.1545E-11
2.7050E+5	1.0000E+0	4.8873E-7	2.0000E+1	3.1391E-11
2.7100E+5	1.0000E+0	4.8577E-7	2.0000E+1	3.0876E-11
2.7150E+5	1.0000E+0	4.8606E-7	2.0000E+1	3.1235E-11
2.7200E+5	1.0000E+0	4.8762E-7	2.0000E+1	3.1230E-11
2.7250E+5	1.0000E+0	4.8719E-7	2.0000E+1	3.1248E-11
2.7300E+5	1.0000E+0	4.8448E-7	2.0000E+1	3.1027E-11
2.7350E+5	1.0000E+0	4.8835E-7	2.0000E+1	3.1216E-11
2.7400E+5	1.0000E+0	4.8510E-7	2.0000E+1	3.1339E-11
2.7450E+5	1.0000E+0	4.8595E-7	2.0000E+1	3.1096E-11
2.7500E+5	1.0000E+0	4.9254E-7	2.0000E+1	3.1161E-11
2.7550E+5	1.0000E+0	4.8446E-7	2.0000E+1	3.0857E-11
2.7600E+5	1.0000E+0	4.8589E-7	2.0000E+1	3.1384E-11
2.7650E+5	1.0000E+0	4.8754E-7	2.0000E+1	3.1114E-11
2.7700E+5	1.0000E+0	4.8601E-7	2.0000E+1	3.1164E-11
2.7750E+5	1.0000E+0	4.8713E-7	2.0000E+1	3.1376E-11
2.7800E+5	1.0000E+0	4.9123E-7	2.0000E+1	3.1325E-11
2.7850E+5	1.0000E+0	4.8633E-7	2.0000E+1	3.1614E-11
2.7900E+5	1.0000E+0	4.8850E-7	2.0000E+1	3.1012E-11
2.7950E+5	1.0000E+0	4.8484E-7	2.0000E+1	3.1184E-11
2.8000E+5	1.0000E+0	4.8814E-7	2.0000E+1	3.1120E-11
2.8050E+5	1.0000E+0	4.8556E-7	2.0000E+1	3.1014E-11
2.8100E+5	1.0000E+0	4.8634E-7	2.0000E+1	3.1220E-11
2.8150E+5	1.0000E+0	4.8942E-7	2.0000E+1	3.0894E-11
2.8200E+5	1.0000E+0	4.8438E-7	2.0000E+1	3.1112E-11
2.8250E+5	1.0000E+0	4.8176E-7	2.0000E+1	3.0897E-11
2.8300E+5	1.0000E+0	4.8249E-7	2.0000E+1	3.1358E-11
2.8350E+5	1.0000E+0	4.8962E-7	2.0000E+1	3.1446E-11
2.8400E+5	1.0000E+0	4.8451E-7	2.0000E+1	3.1604E-11
2.8450E+5	1.0000E+0	4.8510E-7	2.0000E+1	3.1842E-11
2.8500E+5	1.0000E+0	4.8171E-7	2.0000E+1	3.1464E-11
2.8550E+5	1.0000E+0	4.8475E-7	2.0000E+1	3.1474E-11
2.8600E+5	1.0000E+0	4.8418E-7	2.0000E+1	3.1322E-11
2.8650E+5	1.0000E+0	4.8691E-7	2.0000E+1	3.1408E-11
2.8700E+5	1.0000E+0	4.8407E-7	2.0000E+1	3.1252E-11
2.8750E+5	1.0000E+0	4.8105E-7	2.0000E+1	3.1166E-11
2.8800E+5	1.0000E+0	4.8417E-7	2.0000E+1	3.1676E-11
2.8850E+5	1.0000E+0	4.8322E-7	2.0000E+1	3.1456E-11
2.8900E+5	1.0000E+0	4.8445E-7	2.0000E+1	3.1649E-11
2.8950E+5	1.0000E+0	4.8632E-7	2.0000E+1	3.1435E-11
2.9000E+5	1.0000E+0	4.8784E-7	2.0000E+1	3.1303E-11
2.9050E+5	1.0000E+0	4.8972E-7	2.0000E+1	3.1432E-11
2.9100E+5	1.0000E+0	4.8758E-7	2.0000E+1	3.1323E-11
2.9150E+5	1.0000E+0	4.8637E-7	2.0000E+1	3.1157E-11
2.9200E+5	1.0000E+0	4.8556E-7	2.0000E+1	3.1020E-11
2.9250E+5	1.0000E+0	4.8039E-7	2.0000E+1	3.1128E-11
2.9300E+5	1.0000E+0	4.8061E-7	2.0000E+1	3.1303E-11
2.9350E+5	1.0000E+0	4.8170E-7	2.0000E+1	3.0955E-11
2.9400E+5	1.0000E+0	4.8483E-7	2.0000E+1	3.1049E-11
2.9450E+5	1.0000E+0	4.8186E-7	2.0000E+1	3.1439E-11
2.9500E+5	1.0000E+0	4.8589E-7	2.0000E+1	3.1010E-11
2.9550E+5	1.0000E+0	4.8298E-7	2.0000E+1	3.1133E-11
2.9600E+5	1.0000E+0	4.8012E-7	2.0000E+1	3.0985E-11
2.9650E+5	1.0000E+0	4.7926E-7	2.0000E+1	3.1044E-11
2.9700E+5	1.0000E+0	4.8233E-7	2.0000E+1	3.1564E-11
2.9750E+5	1.0000E+0	4.8498E-7	2.0000E+1	3.1219E-11
2.9800E+5	1.0000E+0	4.8202E-7	2.0000E+1	3.1375E-11
2.9850E+5	1.0000E+0	4.7941E-7	2.0000E+1	3.0981E-11
2.9900E+5	1.0000E+0	4.7995E-7	2.0000E+1	3.1106E-11
2.9950E+5	1.0000E+0	4.8511E-7	2.0000E+1	3.1157E-11
3.0000E+5	1.0000E+0	4.8579E-7	2.0000E+1	3.1502E-11
3.0050E+5	1.0000E+0	4.8861E-7	2.0000E+1	3.1369E-11
3.0100E+5	1.0000E+0	4.8731E-7	2.0000E+1	3.1160E-11
3.0150E+5	1.0000E+0	4.8674E-7	2.0000E+1	3.1154E-11
3.0200E+5	1.0000E+0	4.8234E-7	2.0000E+1	3.1403E-11
3.0250E+5	1.0000E+0	4.8489E-7	2.0000E+1	3.1040E-11
3.0300E+5	1.0000E+0	4.8173E-7	2.0000E+1	3.1073E-11
3.0350E+5	1.0000E+0	4.8477E-7	2.0000E+1	3.1283E-11
3.0400E+5	1.0000E+0	4.8219E-7	2.0000E+1	3.1295E-11
3.0450E+5	1.0000E+0	4.8340E-7	2.0000E+1	3.1648E-11
3.0500E+5	1.0000E+0	4.7927E-7	2.0000E+1	3.1169E-11
3.0550E+5	1.0000E+0	4.7822E-7	2.0000E+1	3.1036E-11
3.0600E+5	1.0000E+0	4.7994E-7	2.0000E+1	3.1413E-11
3.0650E+5	1.0000E+0	4.8128E-7	2.0000E+1	3.0918E-11
3.0700E+5	1.0000E+0	4.8097E-7	2.0000E+1	3.1065E-11
3.0750E+5	1.0000E+0	4.8210E-7	2.0000E+1	3.0986E-11
3.0800E+5	1.0000E+0	4.7988E-7	2.0000E+1	3.0992E-11
3.0850E+5	1.0000E+0	4.8557E-7	2.0000E+1	3.0863E-11
3.0900E+5	1.0000E+0	4.8273E-7	2.0000E+1	3.0818E-11
3.0950E+5	1.0000E+0	4.7977E-7	2.0000E+1	3.1275E-11
3.1000E+5	1.0000E+0	4.8332E-7	2.0000E+1	3.1366E-11
3.1050E+5	1.0000E+0	4.8605E-7	2.0000E+1	3.1325E-11
3.1100E+5	1.0000E+0	4.8529E-7	2.0000E+1	3.1114E-11
3.1150E+5	1.0000E+0	4.8561E-7	2.0000E+1	3.1748E-11
3.1200E+5	1.0000E+0	4.8436E-7	2.0000E+1	3.0973E-11
3.1250E+5	1.0000E+0	4.8089E-7	2.0000E+1	3.1298E-11
3.1300E+5	1.0000E+0	4.8023E-7	2.0000E+1	3.0989E-11
3.1350E+5	1.0000E+0	4.8190E-7	2.0000E+1	3.0977E-11
3.1400E+5	1.0000E+0	4.7939E-7	2.0000E+1	3.0875E-11
3.1450E+5	1.0000E+0	4.8372E-7	2.0000E+1	3.1056E-11
3.1500E+5	1.0000E+0	4.8250E-7	2.0000E+1	3.1149E-11
3.1550E+5	1.0000E+0	4.8858E-7	2.0000E+1	3.0975E-11
3.1600E+5	1.0000E+0	4.8500E-7	2.0000E+1	3.1137E-11
3.1650E+5	1.0000E+0	4.8171E-7	2.0000E+1	3.1314E-11
3.1700E+5	1.0000E+0	4.8286E-7	2.0000E+1	3.1017E-11
3.1750E+5	1.0000E+0	4.8166E-7	2.0000E+1	3.1086E-11
3.1800E+5	1.0000E+0	4.8268E-7	2.0000E+1	3.1263E-11
3.1850E+5	1.0000E+0	4.8516E-7	2.0000E+1	3.0887E-11
3.1900E+5	1.0000E+0	4.8808E-7	2.0000E+1	3.0941E-11
3.1950E+5	1.0000E+0	4.8829E-7	2.0000E+1	3.1075E-11
3.2000E+5	1.0000E+0	4.8286E-7	2.0000E+1	3.1000E-11
3.2050E+5	1.0000E+0	4.8194E-7	2.0000E+1	3.1014E-11
3.2100E+5	1.0000E+0	4.8763E-7	2.0000E+1	3.0980E-11
3.2150E+5	1.0000E+0	4.8555E-7	2.0000E+1	3.0678E-11
3.2200E+5	1.0000E+0	4.8204E-7	2.0000E+1	3.1278E-11
3.2250E+5	1.0000E+0	4.8170E-7	2.0000E+1	3.1025E-11
3.2300E+5	1.0000E+0	4.8360E-7	2.0000E+1	3.1046E-11
3.2350E+5	1.0000E+0	4.7969E-7	2.0000E+1	3.1528E-11
3.2400E+5	1.0000E+0	4.7955E-7	2.0000E+1	3.1339E-11
3.2450E+5	1.0000E+0	4.7669E-7	2.0000E+1	3.1217E-11
3.2500E+5	1.0000E+0	4.8412E-7	2.0000E+1	3.1230E-11
3.2550E+5	1.0000E+0	4.8364E-7	2.0000E+1	3.1465E-11
3.2600E+5	1.0000E+0	4.8324E-7	2.0000E+1	3.1340E-11
3.2650E+5	1.0000E+0	4.8338E-7	2.0000E+1	3.1151E-11
3.2700E+5	1.0000E+0	4.8025E-7	2.0000E+1	3.1232E-11
3.2750E+5	1.0000E+0	4.8314E-7	2.0000E+1	3.1141E-11
3.2800E+5	1.0000E+0	4.8285E-7	2.0000E+1	3.1116E-11
3.2850E+5	1.0000E+0	4.8324E-7	2.0000E+1	3.1428E-11
3.2900E+5	1.0000E+0	4.8878E-7	2.0000E+1	3.1109E-11
3.2950E+5	1.0000E+0	4.8649E-7	2.0000E+1	3.1353E-11
3.3000E+5	1.0000E+0	4.8628E-7	2.0000E+1	3.1109E-11
3.3050E+5	1.0000E+0	4.8451E-7	2.0000E+1	3.1060E-11
3.3100E+5	1.0000E+0	4.8254E-7	2.0000E+1	3.1136E-11
3.3150E+5	1.0000E+0	4.8123E-7	2.0000E+1	3.1384E-11
3.3200E+5	1.0000E+0	4.8098E-7	2.0000E+1	3.1141E-11
3.3250E+5	1.0000E+0	4.8093E-7	2.0000E+1	3.1060E-11
3.3300E+5	1.0000E+0	4.8186E-7	2.0000E+1	3.1084E-11
3.3350E+5	1.0000E+0	4.8270E-7	2.0000E+1	3.1508E-11
3.3400E+5	1.0000E+0	4.7982E-7	2.0000E+1	3.1043E-11
3.3450E+5	1.0000E+0	4.7999E-7	2.0000E+1	3.0978E-11
3.3500E+5	1.0000E+0	4.7937E-7	2.0000E+1	3.1300E-11
3.3550E+5	1.0000E+0	4.8010E-7	2.0000E+1	3.0817E-11
3.3600E+5	1.0000E+0	4.8435E-7	2.0000E+1	3.1055E-11
3.3650E+5	1.0000E+0	4.8038E-7	2.0000E+1	3.1060E-11
3.3700E+5	1.0000E+0	4.7968E-7	2.0000E+1	3.1295E-11
3.3750E+5	1.0000E+0	4.7984E-7	2.0000E+1	3.1143E-11
3.3800E+5	1.0000E+0	4.7596E-7	2.0000E+1	3.0862E-11
3.3850E+5	1.0000E+0	4.7625E-7	2.0000E+1	3.1428E-11
3.3900E+5	1.0000E+0	4.8190E-7	2.0000E+1	3.1189E-11
3.3950E+5	1.0000E+0	4.7757E-7	2.0000E+1	3.1291E-11
3.4000E+5	1.0000E+0	4.7698E-7	2.0000E+1	3.1509E-11
3.4050E+5	1.0000E+0	4.7799E-7	2.0000E+1	3.1238E-11
3.4100E+5	1.0000E+0	4.7680E-7	2.0000E+1	3.1191E-11
3.4150E+5	1.0000E+0	4.7589E-7	2.0000E+1	3.1061E-11
3.4200E+5	1.0000E+0	4.7313E-7	2.0000E+1	3.1140E-11
3.4250E+5	1.0000E+0	4.7302E-7	2.0000E+1	3.1247E-11
3.4300E+5	1.0000E+0	4.7884E-7	2.0000E+1	3.1047E-11
3.4350E+5	1.0000E+0	4.7864E-7	2.0000E+1	3.1525E-11
3.4400E+5	1.0000E+0	4.8245E-7	2.0000E+1	3.1221E-11
3.4450E+5	1.0000E+0	4.7901E-7	2.0000E+1	3.1233E-11
3.4500E+5	1.0000E+0	4.7561E-7	2.0000E+1	3.0803E-11
3.4550E+5	1.0000E+0	4.7306E-7	2.0000E+1	3.1358E-11
3.4600E+5	1.0000E+0	4.7612E-7	2.0000E+1	3.1044E-11
3.4650E+5	1.0000E+0	4.7645E-7	2.0000E+1	3.1345E-11
3.4700E+5	1.0000E+0	4.7469E-7	2.0000E+1	3.1161E-11
3.4750E+5	1.0000E+0	4.7622E-7	2.0000E+1	3.0996E-11
3.4800E+5	1.0000E+0	4.7701E-7	2.0000E+1	3.1189E-11
3.4850E+5	1.0000E+0	4.7365E-7	2.0000E+1	3.0814E-11
3.4900E+5	1.0000E+0	4.7223E-7	2.0000E+1	3.1040E-11
3.4950E+5	1.0000E+0	4.7149E-7	2.0000E+1	3.1106E-11
3.5000E+5	1.0000E+0	4.7877E-7	2.0000E+1	3.1307E-11
3.5050E+5	1.0000E+0	4.7775E-7	2.0000E+1	3.0867E-11
3.5100E+5	1.0000E+0	4.7237E-7	2.0000E+1	3.1214E-11
3.5150E+5	1.0000E+0	4.7616E-7	2.0000E+1	3.1089E-11
3.5200E+5	1.0000E+0	4.7398E-7	2.0000E+1	3.1118E-11
3.5250E+5	1.0000E+0	4.7613E-7	2.0000E+1	3.1638E-11
3.5300E+5	1.0000E+0	4.7681E-7	2.0000E+1	3.1382E-11
3.5350E+5	1.0000E+0	4.7421E-7	2.0000E+1	3.1320E-11
3.5400E+5	1.0000E+0	4.7416E-7	2.0000E+1	3.1365E-11
3.5450E+5	1.0000E+0	4.7739E-7	2.0000E+1	3.1171E-11
3.5500E+5	1.0000E+0	4.7732E-7	2.0000E+1	3.1443E-11
3.5550E+5	1.0000E+0	4.7398E-7	2.0000E+1	3.1122E-11
3.5600E+5	1.0000E+0	4.7228E-7	2.0000E+1	3.0749E-11
3.5650E+5	1.0000E+0	4.7566E-7	2.0000E+1	3.0931E-11
3.5700E+5	1.0000E+0	4.7451E-7	2.0000E+1	3.1406E-11
3.5750E+5	1.0000E+0	4.7344E-7	2.0000E+1	3.0867E-11
3.5800E+5	1.0000E+0	4.7277E-7	2.0000E+1	3.1030E-11
3.5850E+5	1.0000E+0	4.7402E-7	2.0000E+1	3.1136E-11
3.5900E+5	1.0000E+0	4.7185E-7	2.0000E+1	3.1221E-11
3.5950E+5	1.0000E+0	4.7822E-7	2.0000E+1	3.1025E-11
3.6000E+5	1.0000E+0	4.7796E-7	2.0000E+1	3.0612E-11
3.6050E+5	1.0000E+0	4.7184E-7	2.0000E+1	3.0828E-11
3.6100E+5	1.0000E+0	4.7524E-7	2.0000E+1	3.0993E-11
3.6150E+5	1.0000E+0	4.7957E-7	2.0000E+1	3.0651E-11
3.6200E+5	1.0000E+0	4.7516E-7	2.0000E+1	3.0669E-11
3.6250E+5	1.0000E+0	4.7033E-7	2.0000E+1	3.0803E-11
3.6300E+5	1.0000E+0	4.7095E-7	2.0000E+1	3.0940E-11
3.6350E+5	1.0000E+0	4.7394E-7	2.0000E+1	3.1017E-11
3.6400E+5	1.0000E+0	4.7330E-7	2.0000E+1	3.0667E-11
3.6450E+5	1.0000E+0	4.7447E-7	2.0000E+1	3.1020E-11
3.6500E+5	1.0000E+0	4.7530E-7	2.0000E+1	3.1031E-11
3.6550E+5	1.0000E+0	4.7731E-7	2.0000E+1	3.1325E-11
3.6600E+5	1.0000E+0	4.7480E-7	2.0000E+1	3.1108E-11
3.6650E+5	1.0000E+0	4.7495E-7	2.0000E+1	3.1100E-11
3.6700E+5	1.0000E+0	4.7291E-7	2.0000E+1	3.1050E-11
3.6750E+5	1.0000E+0	4.7224E-7	2.0000E+1	3.1320E-11
3.6800E+5	1.0000E+0	4.7028E-7	2.0000E+1	3.1198E-11
3.6850E+5	1.0000E+0	4.7456E-7	2.0000E+1	3.1320E-11
3.6900E+5	1.0000E+0	4.7121E-7	2.0000E+1	3.1470E-11
3.6950E+5	1.0000E+0	4.7157E-7	2.0000E+1	3.1118E-11
3.7000E+5	1.0000E+0	4.7601E-7	2.0000E+1	3.1405E-11
3.7050E+5	1.0000E+0	4.7377E-7	2.0000E+1	3.1588E-11
3.7100E+5	1.0000E+0	4.7118E-7	2.0000E+1	3.1310E-11
3.7150E+5	1.0000E+0	4.7521E-7	2.0000E+1	3.1282E-11
3.7200E+5	1.0000E+0	4.7168E-7	2.0000E+1	3.1576E-11
3.7250E+5	1.0000E+0	4.7248E-7	2.0000E+1	3.1261E-11
3.7300E+5	1.0000E+0	4.7083E-7	2.0000E+1	3.1728E-11
3.7350E+5	1.0000E+0	4.7061E-7	2.0000E+1	3.1667E-11
3.7400E+5	1.0000E+0	4.7313E-7	2.0000E+1	3.1006E-11
3.7450E+5	1.0000E+0	4.7240E-7	2.0000E+1	3.1257E-11
3.7500E+5	1.0000E+0	4.7293E-7	2.0000E+1	3.1415E-11
3.7550E+5	1.0000E+0	4.7551E-7	2.0000E+1	3.1288E-11
3.7600E+5	1.0000E+0	4.7253E-7	2.0000E+1	3.1130E-11
3.7650E+5	1.0000E+0	4.7325E-7	2.0000E+1	3.1295E-11
3.7700E+5	1.0000E+0	4.7299E-7	2.0000E+1	3.0987E-11
3.7750E+5	1.0000E+0	4.7221E-7	2.0000E+1	3.0998E-11
3.7800E+5	1.0000E+0	4.7168E-7	2.0000E+1	3.0903E-11
3.7850E+5	1.0000E+0	4.6779E-7	2.0000E+1	3.1064E-11
3.7900E+5	1.0000E+0	4.6684E-7	2.0000E+1	3.1109E-11
3.7950E+5	1.0000E+0	4.6439E-7	2.0000E+1	3.1197E-11
3.8000E+5	1.0000E+0	4.6597E-7	2.0000E+1	3.1147E-11
3.8050E+5	1.0000E+0	4.6515E-7	2.0000E+1	3.0899E-11
3.8100E+5	1.0000E+0	4.6715E-7	2.0000E+1	3.1084E-11
3.8150E+5	1.0000E+0	4.6873E-7	2.0000E+1	3.0580E-11
3.8200E+5	1.0000E+0	4.6860E-7	2.0000E+1	3.1003E-11
3.8250E+5	1.0000E+0	4.6859E-7	2.0000E+1	3.0960E-11
3.8300E+5	1.0000E+0	4.6700E-7	2.0000E+1	3.1135E-11
3.8350E+5	1.0000E+0	4.6649E-7	2.0000E+1	3.1253E-11
3.8400E+5	1.0000E+0	4.6777E-7	2.0000E+1	3.1271E-11
3.8450E+5	1.0000E+0	4.6939E-7	2.0000E+1	3.0998E-11
3.8500E+5	1.0000E+0	4.6919E-7	2.0000E+1	3.0912E-11
3.8550E+5	1.0000E+0	4.6587E-7	2.0000E+1	3.1426E-11
3.8600E+5	1.0000E+0	4.6584E-7	2.0000E+1	3.1114E-11
3.8650E+5	1.0000E+0	4.6442E-7	2.0000E+1	3.1029E-11
3.8700E+5	1.0000E+0	4.6449E-7	2.0000E+1	3.1034E-11
3.8750E+5	1.0000E+0	4.6765E-7	2.0000E+1	3.1217E-11
3.8800E+5	1.0000E+0	4.6569E-7	2.0000E+1	3.1225E-11
3.8850E+5	1.0000E+0	4.6695E-7	2.0000E+1	3.1394E-11
3.8900E+5	1.0000E+0	4.6766E-7	2.0000E+1	3.1207E-11
3.8950E+5	1.0000E+0	4.6707E-7	2.0000E+1	3.1286E-11
3.9000E+5	1.0000E+0	4.6660E-7	2.0000E+1	3.1118E-11
3.9050E+5	1.0000E+0	4.6519E-7	2.0000E+1	3.1115E-11
3.9100E+5	1.0000E+0	4.6526E-7	2.0000E+1	3.1143E-11
3.9150E+5	1.0000E+0	4.6468E-7	2.0000E+1	3.1248E-11
3.9200E+5	1.0000E+0	4.6210E-7	2.0000E+1	3.1313E-11
3.9250E+5	1.0000E+0	4.6338E-7	2.0000E+1	3.1044E-11
3.9300E+5	1.0000E+0	4.6292E-7	2.0000E+1	3.1137E-11
3.9350E+5	1.0000E+0	4.6506E-7	2.0000E+1	3.0931E-11
3.9400E+5	1.0000E+0	4.6419E-7	2.0000E+1	3.1087E-11
3.9450E+5	1.0000E+0	4.6509E-7	2.0000E+1	3.1198E-11
3.9500E+5	1.0000E+0	4.6640E-7	2.0000E+1	3.0966E-11
3.9550E+5	1.0000E+0	4.6706E-7	2.0000E+1	3.0960E-11
3.9600E+5	1.0000E+0	4.6397E-7	2.0000E+1	3.0850E-11
3.9650E+5	1.0000E+0	4.6579E-7	2.0000E+1	3.1072E-11
3.9700E+5	1.0000E+0	4.6538E-7	2.0000E+1	3.0882E-11
3.9750E+5	1.0000E+0	4.6684E-7	2.0000E+1	3.1198E-11
3.9800E+5	1.0000E+0	4.6496E-7	2.0000E+1	3.0837E-11
3.9850E+5	1.0000E+0	4.6288E-7	2.0000E+1	3.0986E-11
3.9900E+5	1.0000E+0	4.6100E-7	2.0000E+1	3.0912E-11
3.9950E+5	1.0000E+0	4.6009E-7	2.0000E+1	3.0842E-11
4.0000E+5	1.0000E+0	4.6290E-7	2.0000E+1	3.0867E-11
4.0050E+5	1.0000E+0	4.6159E-7	2.0000E+1	3.1110E-11
4.0100E+5	1.0000E+0	4.5633E-7	2.0000E+1	3.1173E-11
4.0150E+5	1.0000E+0	4.6267E-7	2.0000E+1	3.0621E-11
4.0200E+5	1.0000E+0	4.6090E-7	2.0000E+1	3.0847E-11
4.0250E+5	1.0000E+0	4.6180E-7	2.0000E+1	3.0881E-11
4.0300E+5	1.0000E+0	4.6269E-7	2.0000E+1	3.1069E-11
4.0350E+5	1.0000E+0	4.6292E-7	2.0000E+1	3.0804E-11
4.0400E+5	1.0000E+0	4.6467E-7	2.0000E+1	3.0944E-11
4.0450E+5	1.0000E+0	4.6486E-7	2.0000E+1	3.0948E-11
4.0500E+5	1.0000E+0	4.6621E-7	2.0000E+1	3.1236E-11
4.0550E+5	1.0000E+0	4.6352E-7	2.0000E+1	3.1353E-11
4.0600E+5	1.0000E+0	4.6848E-7	2.0000E+1	3.1337E-11
4.0650E+5	1.0000E+0	4.7058E-7	2.0000E+1	3.1066E-11
4.0700E+5	1.0000E+0	4.6618E-7	2.0000E+1	3.1037E-11
4.0750E+5	1.0000E+0	4.6328E-7	2.0000E+1	3.1124E-11
4.0800E+5	1.0000E+0	4.6489E-7	2.0000E+1	3.1396E-11
4.0850E+5	1.0000E+0	4.6468E-7	2.0000E+1	3.1163E-11
4.0900E+5	1.0000E+0	4.6418E-7	2.0000E+1	3.1349E-11
4.0950E+5	1.0000E+0	4.6365E-7	2.0000E+1	3.1389E-11
4.1000E+5	1.0000E+0	4.6515E-7	2.0000E+1	3.1182E-11
4.1050E+5	1.0000E+0	4.6505E-7	2.0000E+1	3.1443E-11
4.1100E+5	1.0000E+0	4.6378E-7	2.0000E+1	3.1049E-11
4.1150E+5	1.0000E+0	4.6350E-7	2.0000E+1	3.0475E-9
4.1200E+5	1.0000E+0	4.6410E-7	2.0000E+1	3.0555E-9
4.1250E+5	1.0000E+0	4.6494E-7	2.0000E+1	3.0566E-9
4.1300E+5	1.0000E+0	4.6275E-7	2.0000E+1	3.0568E-9
4.1350E+5	1.0000E+0	4.5836E-7	2.0000E+1	3.0573E-9
4.1400E+5	1.0000E+0	4.5964E-7	2.0000E+1	3.0562E-9
4.1450E+5	1.0000E+0	4.6117E-7	2.0000E+1	3.0551E-9
4.1500E+5	1.0000E+0	4.6275E-7	2.0000E+1	3.0560E-9
4.1550E+5	1.0000E+0	4.6053E-7	2.0000E+1	3.0563E-9
4.1600E+5	1.0000E+0	4.6129E-7	2.0000E+1	3.0555E-9
4.1650E+5	1.0000E+0	4.5899E-7	2.0000E+1	3.0544E-9
4.1700E+5	1.0000E+0	4.6016E-7	2.0000E+1	3.0542E-9
4.1750E+5	1.0000E+0	4.5861E-7	2.0000E+1	3.0537E-9
4.1800E+5	1.0000E+0	4.6174E-7	2.0000E+1	3.0533E-9
4.1850E+5	1.0000E+0	4.6276E-7	2.0000E+1	3.0520E-9
4.1900E+5	1.0000E+0	4.6559E-7	2.0000E+1	3.0510E-9
4.1950E+5	1.0000E+0	4.5996E-7	2.0000E+1	3.0518E-9
4.2000E+5	1.0000E+0	4.6278E-7	2.0000E+1	3.0508E-9
4.2050E+5	1.0000E+0	4.6306E-7	2.0000E+1	3.0504E-9
4.2100E+5	1.0000E+0	4.6245E-7	2.0000E+1	3.0499E-9
4.2150E+5	1.0000E+0	4.6199E-7	2.0000E+1	1.2675E-10
4.2200E+5	1.0000E+0	4.5841E-7	2.0000E+1	4.4655E-11
4.2250E+5	1.0000E+0	4.5719E-7	2.0000E+1	3.4431E-11
4.2300E+5	1.0000E+0	4.6105E-7	2.0000E+1	3.1662E-11
4.2350E+5	1.0000E+0	4.6133E-7	2.0000E+1	3.1244E-11
4.2400E+5	1.0000E+0	4.6078E-7	2.0000E+1	3.1017E-11
4.2450E+5	1.0000E+0	4.6127E-7	2.0000E+1	3.0897E-11
4.2500E+5	1.0000E+0	4.6184E-7	2.0000E+1	3.0935E-11
4.2550E+5	1.0000E+0	4.6034E-7	2.0000E+1	3.1165E-11
4.2600E+5	1.0000E+0	4.6247E-7	2.0000E+1	3.0899E-11
4.2650E+5	1.0000E+0	4.6028E-7	2.0000E+1	3.1115E-11
4.2700E+5	1.0000E+0	4.6039E-7	2.0000E+1	3.0942E-11
4.2750E+5	1.0000E+0	4.6363E-7	2.0000E+1	3.0881E-11
4.2800E+5	1.0000E+0	4.5904E-7	2.0000E+1	3.1228E-11
4.2850E+5	1.0000E+0	4.5873E-7	2.0000E+1	3.1412E-11
4.2900E+5	1.0000E+0	4.6253E-7	2.0000E+1	3.1406E-11
4.2950E+5	1.0000E+0	4.6180E-7	2.0000E+1	3.1232E-11
4.3000E+5	1.0000E+0	4.6293E-7	2.0000E+1	3.1124E-11
4.3050E+5	1.0000E+0	4.6185E-7	2.0000E+1	3.1171E-11
4.3100E+5	1.0000E+0	4.6218E-7	2.0000E+1	3.1288E-11
4.3150E+5	1.0000E+0	4.5951E-7	2.0000E+1	3.0560E-9
4.3200E+5	1.0000E+0	4.6015E-7	2.0000E+1	3.0565E-9
4.3250E+5	1.0000E+0	4.6258E-7	2.0000E+1	3.0554E-9
4.3300E+5	1.0000E+0	4.6310E-7	2.0000E+1	3.0566E-9
4.3350E+5	1.0000E+0	4.6013E-7	2.0000E+1	3.0553E-9
4.3400E+5	1.0000E+0	4.5997E-7	2.0000E+1	3.0543E-9
4.3450E+5	1.0000E+0	4.5974E-7	2.0000E+1	3.0550E-9
4.3500E+5	1.0000E+0	4.6059E-7	2.0000E+1	3.0520E-9
4.3550E+5	1.0000E+0	4.6249E-7	2.0000E+1	3.0527E-9
4.3600E+5	1.0000E+0	4.5963E-7	2.0000E+1	3.0534E-9
4.3650E+5	1.0000E+0	4.5800E-7	2.0000E+1	3.0525E-9
4.3700E+5	1.0000E+0	4.5928E-7	2.0000E+1	3.0521E-9
4.3750E+5	1.0000E+0	4.5977E-7	2.0000E+1	3.0512E-9
4.3800E+5	1.0000E+0	4.5947E-7	2.0000E+1	3.0499E-9
4.3850E+5	1.0000E+0	4.5862E-7	2.0000E+1	3.0493E-9
4.3900E+5	1.0000E+0	4.5977E-7	2.0000E+1	3.0480E-9
4.3950E+5	1.0000E+0	4.6239E-7	2.0000E+1	3.0475E-9
4.4000E+5	1.0000E+0	4.6428E-7	2.0000E+1	3.0485E-9
4.4050E+5	1.0000E+0	4.6338E-7	2.0000E+1	3.0472E-9
4.4100E+5	1.0000E+0	4.6136E-7	2.0000E+1	3.0471E-9
4.4150E+5	1.0000E+0	4.6452E-7	2.0000E+1	1.4359E-10
4.4200E+5	1.0000E+0	4.6429E-7	2.0000E+1	4.6265E-11
4.4250E+5	1.0000E+0	4.6140E-7	2.0000E+1	3.5115E-11
4.4300E+5	1.0000E+0	4.6332E-7	2.0000E+1	3.2464E-11
4.4350E+5	1.0000E+0	4.6257E-7	2.0000E+1	3.1880E-11
4.4400E+5	1.0000E+0	4.5892E-7	2.0000E+1	3.1225E-11
4.4450E+5	1.0000E+0	4.6055E-7	2.0000E+1	3.1341E-11
4.4500E+5	1.0000E+0	4.6137E-7	2.0000E+1	3.1496E-11
4.4550E+5	1.0000E+0	4.5944E-7	2.0000E+1	3.1416E-11
4.4600E+5	1.0000E+0	4.6138E-7	2.0000E+1	3.1123E-11
4.4650E+5	1.0000E+0	4.6120E-7	2.0000E+1	3.1201E-11
4.4700E+5	1.0000E+0	4.6083E-7	2.0000E+1	3.1290E-11
4.4750E+5	1.0000E+0	4.5726E-7	2.0000E+1	3.1588E-11
4.4800E+5	1.0000E+0	4.6122E-7	2.0000E+1	3.1277E-11
4.4850E+5	1.0000E+0	4.5882E-7	2.0000E+1	3.1416E-11
4.4900E+5	1.0000E+0	4.6133E-7	2.0000E+1	3.1543E-11
4.4950E+5	1.0000E+0	4.6177E-7	2.0000E+1	3.1646E-11
4.5000E+5	1.0000E+0	4.6198E-7	2.0000E+1	3.1575E-11
4.5050E+5	1.0000E+0	4.5967E-7	2.0000E+1	3.1580E-11
4.5100E+5	1.0000E+0	4.6283E-7	2.0000E+1	3.1098E-11
4.5150E+5	1.0000E+0	4.5912E-7	2.0000E+1	3.0547E-9
4.5200E+5	1.0000E+0	4.5903E-7	2.0000E+1	3.0545E-9
4.5250E+5	1.0000E+0	4.5916E-7	2.0000E+1	3.0530E-9
4.5300E+5	1.0000E+0	4.5953E-7	2.0000E+1	3.0526E-9
4.5350E+5	1.0000E+0	4.5887E-7	2.0000E+1	3.0517E-9
4.5400E+5	1.0000E+0	4.6112E-7	2.0000E+1	3.0527E-9
4.5450E+5	1.0000E+0	4.6057E-7	2.0000E+1	3.0517E-9
4.5500E+5	1.0000E+0	4.6009E-7	2.0000E+1	3.0510E-9
4.5550E+5	1.0000E+0	4.5792E-7	2.0000E+1	3.0499E-9
4.5600E+5	1.0000E+0	4.5972E-7	2.0000E+1	3.0501E-9
4.5650E+5	1.0000E+0	4.5947E-7	2.0000E+1	3.0496E-9
4.5700E+5	1.0000E+0	4.5594E-7	2.0000E+1	3.0496E-9
4.5750E+5	1.0000E+0	4.5926E-7	2.0000E+1	3.0480E-9
4.5800E+5	1.0000E+0	4.6053E-7	2.0000E+1	3.0474E-9
4.5850E+5	1.0000E+0	4.5945E-7	2.0000E+1	3.0470E-9
4.5900E+5	1.0000E+0	4.5641E-7	2.0000E+1	3.0468E-9
4.5950E+5	1.0000E+0	4.5670E-7	2.0000E+1	3.0461E-9
4.6000E+5	1.0000E+0	4.5436E-7	2.0000E+1	3.0453E-9
4.6050E+5	1.0000E+0	4.5829E-7	2.0000E+1	3.0456E-9
4.6100E+5	1.0000E+0	4.5618E-7	2.0000E+1	3.0437E-9
4.6150E+5	1.0000E+0	4.6172E-7	2.0000E+1	1.6693E-10
4.6200E+5	1.0000E+0	4.5866E-7	2.0000E+1	4.8168E-11
4.6250E+5	1.0000E+0	4.6058E-7	2.0000E+1	3.5020E-11
4.6300E+5	1.0000E+0	4.5542E-7	2.0000E+1	3.2128E-11
4.6350E+5	1.0000E+0	4.5709E-7	2.0000E+1	3.1756E-11
4.6400E+5	1.0000E+0	4.5679E-7	2.0000E+1	3.1372E-11
4.6450E+5	1.0000E+0	4.5809E-7	2.0000E+1	3.0922E-11
4.6500E+5	1.0000E+0	4.5616E-7	2.0000E+1	3.0887E-11
4.6550E+5	1.0000E+0	4.5823E-7	2.0000E+1	3.1050E-11
4.6600E+5	1.0000E+0	4.5525E-7	2.0000E+1	3.1118E-11
4.6650E+5	1.0000E+0	4.5690E-7	2.0000E+1	3.1381E-11
4.6700E+5	1.0000E+0	4.5589E-7	2.0000E+1	3.0816E-11
4.6750E+5	1.0000E+0	4.5516E-7	2.0000E+1	3.0769E-11
4.6800E+5	1.0000E+0	4.5634E-7	2.0000E+1	3.0701E-11
4.6850E+5	1.0000E+0	4.5477E-7	2.0000E+1	3.0947E-11
4.6900E+5	1.0000E+0	4.5331E-7	2.0000E+1	3.0869E-11
4.6950E+5	1.0000E+0	4.5195E-7	2.0000E+1	3.1142E-11
4.7000E+5	1.0000E+0	4.5170E-7	2.0000E+1	3.1030E-11
4.7050E+5	1.0000E+0	4.5265E-7	2.0000E+1	3.1239E-11
4.7100E+5	1.0000E+0	4.5302E-7	2.0000E+1	3.1131E-11
4.7150E+5	1.0000E+0	4.5259E-7	2.0000E+1	3.0510E-9
4.7200E+5	1.0000E+0	4.5231E-7	2.0000E+1	3.0520E-9
4.7250E+5	1.0000E+0	4.5290E-7	2.0000E+1	3.0494E-9
4.7300E+5	1.0000E+0	4.5323E-7	2.0000E+1	3.0489E-9
4.7350E+5	1.0000E+0	4.5403E-7	2.0000E+1	3.0486E-9
4.7400E+5	1.0000E+0	4.5140E-7	2.0000E+1	3.0479E-9
4.7450E+5	1.0000E+0	4.5050E-7	2.0000E+1	3.0469E-9
4.7500E+5	1.0000E+0	4.5052E-7	2.0000E+1	3.0459E-9
4.7550E+5	1.0000E+0	4.5111E-7	2.0000E+1	3.0444E-9
4.7600E+5	1.0000E+0	4.5361E-7	2.0000E+1	3.0437E-9
4.7650E+5	1.0000E+0	4.5341E-7	2.0000E+1	3.0441E-9
4.7700E+5	1.0000E+0	4.5003E-7	2.0000E+1	3.0434E-9
4.7750E+5	1.0000E+0	4.5162E-7	2.0000E+1	3.0430E-9
4.7800E+5	1.0000E+0	4.5087E-7	2.0000E+1	3.0429E-9
4.7850E+5	1.0000E+0	4.4941E-7	2.0000E+1	3.0431E-9
4.7900E+5	1.0000E+0	4.5204E-7	2.0000E+1	3.0420E-9
4.7950E+5	1.0000E+0	4.4931E-7	2.0000E+1	3.0417E-9
4.8000E+5	1.0000E+0	4.5053E-7	2.0000E+1	3.0412E-9
4.8050E+5	1.0000E+0	4.5153E-7	2.0000E+1	3.0404E-9
4.8100E+5	1.0000E+0	4.5445E-7	2.0000E+1	3.0413E-9
4.8150E+5	1.0000E+0	4.5054E-7	2.0000E+1	2.0125E-10
4.8200E+5	1.0000E+0	4.5074E-7	2.0000E+1	4.9165E-11
4.8250E+5	1.0000E+0	4.5168E-7	2.0000E+1	3.5056E-11
4.8300E+5	1.0000E+0	4.5131E-7	2.0000E+1	3.1873E-11
4.8350E+5	1.0000E+0	4.5378E-7	2.0000E+1	3.1302E-11
4.8400E+5	1.0000E+0	4.4891E-7	2.0000E+1	3.1470E-11
4.8450E+5	1.0000E+0	4.4956E-7	2.0000E+1	3.0893E-11
4.8500E+5	1.0000E+0	4.5107E-7	2.0000E+1	3.1075E-11
4.8550E+5	1.0000E+0	4.5089E-7	2.0000E+1	3.0897E-11
4.8600E+5	1.0000E+0	4.4980E-7	2.0000E+1	3.1307E-11
4.8650E+5	1.0000E+0	4.5165E-7	2.0000E+1	3.1539E-11
4.8700E+5	1.0000E+0	4.5019E-7	2.0000E+1	3.5417E-11
4.8750E+5	1.0000E+0	4.5408E-7	2.0000E+1	4.0828E-11
4.8800E+5	1.0000E+0	4.5119E-7	2.0000E+1	4.5425E-11
4.8850E+5	1.0000E+0	4.5171E-7	2.0000E+1	5.0200E-11
4.8900E+5	1.0000E+0	4.5484E-7	2.0000E+1	5.1928E-11
4.8950E+5	1.0000E+0	4.5107E-7	2.0000E+1	5.2112E-11
4.9000E+5	1.0000E+0	4.5360E-7	2.0000E+1	5.1950E-11
4.9050E+5	1.0000E+0	4.5237E-7	2.0000E+1	5.2308E-11
4.9100E+5	1.0000E+0	4.5424E-7	2.0000E+1	5.2055E-11
4.9150E+5	1.0000E+0	4.5259E-7	2.0000E+1	5.2066E-11
4.9200E+5	1.0000E+0	4.5171E-7	2.0000E+1	5.1928E-11
4.9250E+5	1.0000E+0	4.5539E-7	2.0000E+1	5.1507E-11
4.9300E+5	1.0000E+0	4.5180E-7	2.0000E+1	5.1345E-11
4.9350E+5	1.0000E+0	4.4957E-7	2.0000E+1	5.1987E-11
4.9400E+5	1.0000E+0	4.5164E-7	2.0000E+1	5.1997E-11
4.9450E+5	1.0000E+0	4.5270E-7	2.0000E+1	5.1649E-11
4.9500E+5	1.0000E+0	4.4801E-7	2.0000E+1	5.2202E-11
4.9550E+5	1.0000E+0	4.4890E-7	2.0000E+1	5.2121E-11
4.9600E+5	1.0000E+0	4.4828E-7	2.0000E+1	5.1569E-11
4.9650E+5	1.0000E+0	4.5001E-7	2.0000E+1	5.1690E-11
4.9700E+5	1.0000E+0	4.4717E-7	2.0000E+1	5.1793E-11
4.9750E+5	1.0000E+0	4.5074E-7	2.0000E+1	5.2176E-11
4.9800E+5	1.0000E+0	4.5322E-7	2.0000E+1	5.1957E-11
4.9850E+5	1.0000E+0	4.5343E-7	2.0000E+1	5.1577E-11
4.9900E+5	1.0000E+0	4.5138E-7	2.0000E+1	5.1836E-11
4.9950E+5	1.0000E+0	4.5360E-7	2.0000E+1	5.1900E-11
5.0000E+5	1.0000E+0	4.5220E-7	2.0000E+1	5.1593E-11
5.0050E+5	1.0000E+0	4.5197E-7	2.0000E+1	5.1627E-11
5.0100E+5	1.0000E+0	4.4950E-7	2.0000E+1	5.1885E-11
5.0150E+5	1.0000E+0	4.5300E-7	2.0000E+1	5.1405E-11
5.0200E+5	1.0000E+0	4.5289E-7	2.0000E+1	5.1428E-11
5.0250E+5	1.0000E+0	4.5034E-7	2.0000E+1	5.1378E-11
5.0300E+5	1.0000E+0	4.4748E-7	2.0000E+1	5.1971E-11
5.0350E+5	1.0000E+0	4.4687E-7	2.0000E+1	5.0957E-11
5.0400E+5	1.0000E+0	4.4979E-7	2.0000E+1	5.1939E-11
5.0450E+5	1.0000E+0	4.5192E-7	2.0000E+1	5.1129E-11
5.0500E+5	1.0000E+0	4.4788E-7	2.0000E+1	5.1417E-11
5.0550E+5	1.0000E+0	4.4934E-7	2.0000E+1	5.1185E-11
5.0600E+5	1.0000E+0	4.5321E-7	2.0000E+1	5.1703E-11
5.0650E+5	1.0000E+0	4.5478E-7	2.0000E+1	5.1022E-11
5.0700E+5	1.0000E+0	4.5257E-7	2.0000E+1	5.1191E-11
5.0750E+5	1.0000E+0	4.4987E-7	2.0000E+1	5.1018E-11
5.0800E+5	1.0000E+0	4.4784E-7	2.0000E+1	5.1463E-11
5.0850E+5	1.0000E+0	4.4753E-7	2.0000E+1	5.0674E-11
5.0900E+5	1.0000E+0	4.4645E-7	2.0000E+1	5.0912E-11
5.0950E+5	1.0000E+0	4.4847E-7	2.0000E+1	5.1271E-11
5.1000E+5	1.0000E+0	4.4558E-7	2.0000E+1	5.2069E-9
5.1050E+5	1.0000E+0	4.4673E-7	2.0000E+1	5.2054E-9
5.1100E+5	1.0000E+0	4.4413E-7	2.0000E+1	5.2015E-9
5.1150E+5	1.0000E+0	4.4950E-7	2.0000E+1	5.1980E-9
5.1200E+5	1.0000E+0	4.5001E-7	2.0000E+1	5.1930E-9
5.1250E+5	1.0000E+0	4.5081E-7	2.0000E+1	5.1906E-9
5.1300E+5	1.0000E+0	4.4870E-7	2.0000E+1	5.1887E-9
5.1350E+5	1.0000E+0	4.4978E-7	2.0000E+1	5.1865E-9
5.1400E+5	1.0000E+0	4.4942E-7	2.0000E+1	5.1812E-9
5.1450E+5	1.0000E+0	4.4734E-7	2.0000E+1	5.1761E-9
5.1500E+5	1.0000E+0	4.5123E-7	2.0000E+1	5.1736E-9
5.1550E+5	1.0000E+0	4.4861E-7	2.0000E+1	5.1722E-9
5.1600E+5	1.0000E+0	4.4932E-7	2.0000E+1	5.1675E-9
5.1650E+5	1.0000E+0	4.4778E-7	2.0000E+1	5.1650E-9
5.1700E+5	1.0000E+0	4.4819E-7	2.0000E+1	5.1619E-9
5.1750E+5	1.0000E+0	4.4845E-7	2.0000E+1	5.1597E-9
5.1800E+5	1.0000E+0	4.4704E-7	2.0000E+1	5.1595E-9
5.1850E+5	1.0000E+0	4.4689E-7	2.0000E+1	5.1550E-9
5.1900E+5	1.0000E+0	4.4542E-7	2.0000E+1	5.1536E-9
5.1950E+5	1.0000E+0	4.4875E-7	2.0000E+1	5.1512E-9
5.2000E+5	1.0000E+0	4.4835E-7	2.0000E+1	3.8250E-10
5.2050E+5	1.0000E+0	4.4946E-7	2.0000E+1	6.7126E-11
5.2100E+5	1.0000E+0	4.5058E-7	2.0000E+1	5.3577E-11
5.2150E+5	1.0000E+0	4.5024E-7	2.0000E+1	5.1377E-11
5.2200E+5	1.0000E+0	4.4999E-7	2.0000E+1	5.0523E-11
5.2250E+5	1.0000E+0	4.5183E-7	2.0000E+1	5.0651E-11
5.2300E+5	1.0000E+0	4.4798E-7	2.0000E+1	5.0582E-11
5.2350E+5	1.0000E+0	4.4972E-7	2.0000E+1	4.9998E-11
5.2400E+5	1.0000E+0	4.5203E-7	2.0000E+1	4.9822E-11
5.2450E+5	1.0000E+0	4.4924E-7	2.0000E+1	5.0484E-11
5.2500E+5	1.0000E+0	4.5021E-7	2.0000E+1	5.0497E-11
5.2550E+5	1.0000E+0	4.4876E-7	2.0000E+1	5.0758E-11
5.2600E+5	1.0000E+0	4.4461E-7	2.0000E+1	5.0553E-11
5.2650E+5	1.0000E+0	4.4428E-7	2.0000E+1	5.0685E-11
5.2700E+5	1.0000E+0	4.4725E-7	2.0000E+1	5.1019E-11
5.2750E+5	1.0000E+0	4.4672E-7	2.0000E+1	5.0553E-11
5.2800E+5	1.0000E+0	4.4537E-7	2.0000E+1	5.0617E-11
5.2850E+5	1.0000E+0	4.4652E-7	2.0000E+1	5.0367E-11
5.2900E+5	1.0000E+0	4.4523E-7	2.0000E+1	5.0777E-11
5.2950E+5	1.0000E+0	4.4684E-7	2.0000E+1	5.1622E-11
5.3000E+5	1.0000E+0	4.4438E-7	2.0000E+1	5.1402E-9
5.3050E+5	1.0000E+0	4.4984E-7	2.0000E+1	5.1390E-9
5.3100E+5	1.0000E+0	4.5052E-7	2.0000E+1	5.1373E-9
5.3150E+5	1.0000E+0	4.4700E-7	2.0000E+1	5.1361E-9
5.3200E+5	1.0000E+0	4.5084E-7	2.0000E+1	5.1321E-9
5.3250E+5	1.0000E+0	4.4912E-7	2.0000E+1	5.1296E-9
5.3300E+5	1.0000E+0	4.5088E-7	2.0000E+1	5.1271E-9
5.3350E+5	1.0000E+0	4.5215E-7	2.0000E+1	5.1265E-9
5.3400E+5	1.0000E+0	4.4851E-7	2.0000E+1	5.1251E-9
5.3450E+5	1.0000E+0	4.5227E-7	2.0000E+1	5.1232E-9
5.3500E+5	1.0000E+0	4.4830E-7	2.0000E+1	5.1209E-9
5.3550E+5	1.0000E+0	4.4865E-7	2.0000E+1	5.1174E-9
5.3600E+5	1.0000E+0	4.4848E-7	2.0000E+1	5.1164E-9
5.3650E+5	1.0000E+0	4.4830E-7	2.0000E+1	5.1147E-9
5.3700E+5	1.0000E+0	4.4938E-7	2.0000E+1	5.1143E-9
5.3750E+5	1.0000E+0	4.4699E-7	2.0000E+1	5.1121E-9
5.3800E+5	1.0000E+0	4.4764E-7	2.0000E+1	5.1087E-9
5.3850E+5	1.0000E+0	4.4678E-7	2.0000E+1	5.1084E-9
5.3900E+5	1.0000E+0	4.4830E-7	2.0000E+1	5.1073E-9
5.3950E+5	1.0000E+0	4.5051E-7	2.0000E+1	5.1055E-9
5.4000E+5	1.0000E+0	4.4662E-7	2.0000E+1	8.1944E-10
5.4050E+5	1.0000E+0	4.4736E-7	2.0000E+1	7.0490E-11
5.4100E+5	1.0000E+0	4.4811E-7	2.0000E+1	5.3655E-11
5.4150E+5	1.0000E+0	4.4886E-7	2.0000E+1	5.1251E-11
5.4200E+5	1.0000E+0	4.4363E-7	2.0000E+1	5.0570E-11
5.4250E+5	1.0000E+0	4.4861E-7	2.0000E+1	5.0476E-11
5.4300E+5	1.0000E+0	4.4893E-7	2.0000E+1	5.0470E-11
5.4350E+5	1.0000E+0	4.4322E-7	2.0000E+1	5.0453E-11
5.4400E+5	1.0000E+0	4.4695E-7	2.0000E+1	5.0391E-11
5.4450E+5	1.0000E+0	4.4720E-7	2.0000E+1	5.0003E-11
5.4500E+5	1.0000E+0	4.4582E-7	2.0000E+1	5.0174E-11
5.4550E+5	1.0000E+0	4.4629E-7	2.0000E+1	5.0612E-11
5.4600E+5	1.0000E+0	4.4603E-7	2.0000E+1	5.1486E-11
5.4650E+5	1.0000E+0	4.4627E-7	2.0000E+1	5.0610E-11
5.4700E+5	1.0000E+0	4.4421E-7	2.0000E+1	5.0455E-11
5.4750E+5	1.0000E+0	4.4558E-7	2.0000E+1	5.0702E-11
5.4800E+5	1.0000E+0	4.4648E-7	2.0000E+1	5.0904E-11
5.4850E+5	1.0000E+0	4.4977E-7	2.0000E+1	5.0983E-11
5.4900E+5	1.0000E+0	4.4855E-7	2.0000E+1	5.0527E-11
5.4950E+5	1.0000E+0	4.4736E-7	2.0000E+1	5.0432E-11
5.5000E+5	1.0000E+0	4.4437E-7	2.0000E+1	5.1072E-9
5.5050E+5	1.0000E+0	4.4268E-7	2.0000E+1	5.1075E-9
5.5100E+5	1.0000E+0	4.4413E-7	2.0000E+1	5.1052E-9
5.5150E+5	1.0000E+0	4.4661E-7	2.0000E+1	5.1026E-9
5.5200E+5	1.0000E+0	4.4735E-7	2.0000E+1	5.1004E-9
5.5250E+5	1.0000E+0	4.4597E-7	2.0000E+1	5.0972E-9
5.5300E+5	1.0000E+0	4.4947E-7	2.0000E+1	5.0964E-9
5.5350E+5	1.0000E+0	4.4752E-7	2.0000E+1	5.0921E-9
5.5400E+5	1.0000E+0	4.4624E-7	2.0000E+1	5.0907E-9
5.5450E+5	1.0000E+0	4.4596E-7	2.0000E+1	5.0899E-9
5.5500E+5	1.0000E+0	4.4736E-7	2.0000E+1	5.0861E-9
5.5550E+5	1.0000E+0	4.4696E-7	2.0000E+1	5.0836E-9
5.5600E+5	1.0000E+0	4.4715E-7	2.0000E+1	5.0817E-9
5.5650E+5	1.0000E+0	4.4586E-7	2.0000E+1	5.0813E-9
5.5700E+5	1.0000E+0	4.4617E-7	2.0000E+1	5.0787E-9
5.5750E+5	1.0000E+0	4.4796E-7	2.0000E+1	5.0781E-9
5.5800E+5	1.0000E+0	4.4636E-7	2.0000E+1	5.0767E-9
5.5850E+5	1.0000E+0	4.4828E-7	2.0000E+1	5.0731E-9
5.5900E+5	1.0000E+0	4.4566E-7	2.0000E+1	5.0736E-9
5.5950E+5	1.0000E+0	4.4627E-7	2.0000E+1	5.0715E-9
5.6000E+5	1.0000E+0	4.4855E-7	2.0000E+1	1.5498E-9
5.6050E+5	1.0000E+0	4.4466E-7	2.0000E+1	7.2057E-11
5.6100E+5	1.0000E+0	4.4516E-7	2.0000E+1	5.3918E-11
5.6150E+5	1.0000E+0	4.4426E-7	2.0000E+1	5.1595E-11
5.6200E+5	1.0000E+0	4.4482E-7	2.0000E+1	5.0797E-11
5.6250E+5	1.0000E+0	4.4656E-7	2.0000E+1	5.0210E-11
5.6300E+5	1.0000E+0	4.4662E-7	2.0000E+1	4.9975E-11
5.6350E+5	1.0000E+0	4.4333E-7	2.0000E+1	5.0789E-11
5.6400E+5	1.0000E+0	4.4598E-7	2.0000E+1	5.0793E-11
5.6450E+5	1.0000E+0	4.4538E-7	2.0000E+1	5.0907E-11
5.6500E+5	1.0000E+0	4.4724E-7	2.0000E+1	5.0552E-11
5.6550E+5	1.0000E+0	4.4376E-7	2.0000E+1	5.0565E-11
5.6600E+5	1.0000E+0	4.4229E-7	2.0000E+1	5.0833E-11
5.6650E+5	1.0000E+0	4.4140E-7	2.0000E+1	5.0829E-11
5.6700E+5	1.0000E+0	4.4218E-7	2.0000E+1	5.0433E-11
5.6750E+5	1.0000E+0	4.4415E-7	2.0000E+1	5.0995E-11
5.6800E+5	1.0000E+0	4.4358E-7	2.0000E+1	5.1237E-11
5.6850E+5	1.0000E+0	4.4315E-7	2.0000E+1	5.0708E-11
5.6900E+5	1.0000E+0	4.4434E-7	2.0000E+1	5.0936E-11
5.6950E+5	1.0000E+0	4.4164E-7	2.0000E+1	5.1196E-11
5.7000E+5	1.0000E+0	4.4110E-7	2.0000E+1	4.9484E-9
5.7050E+5	1.0000E+0	4.4027E-7	2.0000E+1	5.0806E-9
5.7100E+5	1.0000E+0	4.4104E-7	2.0000E+1	5.0796E-9
5.7150E+5	1.0000E+0	4.4223E-7	2.0000E+1	5.0776E-9
5.7200E+5	1.0000E+0	4.4241E-7	2.0000E+1	5.0748E-9
5.7250E+5	1.0000E+0	4.4424E-7	2.0000E+1	5.0738E-9
5.7300E+5	1.0000E+0	4.4140E-7	2.0000E+1	5.0693E-9
5.7350E+5	1.0000E+0	4.4327E-7	2.0000E+1	5.0701E-9
5.7400E+5	1.0000E+0	4.4380E-7	2.0000E+1	5.0675E-9
5.7450E+5	1.0000E+0	4.4173E-7	2.0000E+1	5.0645E-9
5.7500E+5	1.0000E+0	4.4509E-7	2.0000E+1	5.0635E-9
5.7550E+5	1.0000E+0	4.4439E-7	2.0000E+1	5.0623E-9
5.7600E+5	1.0000E+0	4.4171E-7	2.0000E+1	5.0591E-9
5.7650E+5	1.0000E+0	4.4333E-7	2.0000E+1	5.0576E-9
5.7700E+5	1.0000E+0	4.4244E-7	2.0000E+1	5.0562E-9
5.7750E+5	1.0000E+0	4.4505E-7	2.0000E+1	5.0551E-9
5.7800E+5	1.0000E+0	4.4435E-7	2.0000E+1	5.0541E-9
5.7850E+5	1.0000E+0	4.4458E-7	2.0000E+1	5.0518E-9
5.7900E+5	1.0000E+0	4.4373E-7	2.0000E+1	5.0501E-9
5.7950E+5	1.0000E+0	4.4382E-7	2.0000E+1	5.0501E-9
5.8000E+5	1.0000E+0	4.4261E-7	2.0000E+1	2.2364E-9
5.8050E+5	1.0000E+0	4.4530E-7	2.0000E+1	7.4520E-11
5.8100E+5	1.0000E+0	4.4438E-7	2.0000E+1	5.3915E-11
5.8150E+5	1.0000E+0	4.4562E-7	2.0000E+1	5.1154E-11
5.8200E+5	1.0000E+0	4.4386E-7	2.0000E+1	5.0328E-11
5.8250E+5	1.0000E+0	4.4125E-7	2.0000E+1	5.0420E-11
5.8300E+5	1.0000E+0	4.3995E-7	2.0000E+1	5.0849E-11
5.8350E+5	1.0000E+0	4.3771E-7	2.0000E+1	5.1190E-11
5.8400E+5	1.0000E+0	4.3642E-7	2.0000E+1	5.1053E-11
5.8450E+5	1.0000E+0	4.3443E-7	2.0000E+1	5.0951E-11
5.8500E+5	1.0000E+0	4.3467E-7	2.0000E+1	5.0817E-11
5.8550E+5	1.0000E+0	4.3570E-7	2.0000E+1	5.1051E-11
5.8600E+5	1.0000E+0	4.3628E-7	2.0000E+1	5.0921E-11
5.8650E+5	1.0000E+0	4.3515E-7	2.0000E+1	5.1996E-11
5.8700E+5	1.0000E+0	4.3378E-7	2.0000E+1	5.4831E-11
5.8750E+5	1.0000E+0	4.3562E-7	2.0000E+1	5.9007E-11
5.8800E+5	1.0000E+0	4.3399E-7	2.0000E+1	6.3894E-11
5.8850E+5	1.0000E+0	4.3359E-7	2.0000E+1	6.6892E-11
5.8900E+5	1.0000E+0	4.3413E-7	2.0000E+1	6.8313E-11
5.8950E+5	1.0000E+0	4.3622E-7	2.0000E+1	6.8102E-11
5.9000E+5	1.0000E+0	4.3591E-7	2.0000E+1	6.7495E-11
5.9050E+5	1.0000E+0	4.3525E-7	2.0000E+1	6.7432E-11
5.9100E+5	1.0000E+0	4.3579E-7	2.0000E+1	6.7035E-11
5.9150E+5	1.0000E+0	4.3703E-7	2.0000E+1	6.8127E-11
5.9200E+5	1.0000E+0	4.3448E-7	2.0000E+1	6.7625E-11
5.9250E+5	1.0000E+0	4.3565E-7	2.0000E+1	6.8457E-11
5.9300E+5	1.0000E+0	4.4066E-7	2.0000E+1	6.8132E-11
5.9350E+5	1.0000E+0	4.3998E-7	2.0000E+1	6.7724E-11
5.9400E+5	1.0000E+0	4.3577E-7	2.0000E+1	6.7871E-11
5.9450E+5	1.0000E+0	4.3893E-7	2.0000E+1	6.7567E-11
5.9500E+5	1.0000E+0	4.3751E-7	2.0000E+1	6.7082E-11
5.9550E+5	1.0000E+0	4.3760E-7	2.0000E+1	6.7284E-11
5.9600E+5	1.0000E+0	4.3731E-7	2.0000E+1	6.7668E-11
5.9650E+5	1.0000E+0	4.3764E-7	2.0000E+1	6.7593E-11
5.9700E+5	1.0000E+0	4.3511E-7	2.0000E+1	6.7602E-11
5.9750E+5	1.0000E+0	4.3492E-7	2.0000E+1	6.7780E-11
5.9800E+5	1.0000E+0	4.3494E-7	2.0000E+1	6.8096E-11
5.9850E+5	1.0000E+0	4.3271E-7	2.0000E+1	6.8324E-11
5.9900E+5	1.0000E+0	4.3303E-7	2.0000E+1	6.8377E-11
5.9950E+5	1.0000E+0	4.3349E-7	2.0000E+1	6.8853E-11
6.0000E+5	1.0000E+0	4.3487E-7	2.0000E+1	6.8489E-11
6.0050E+5	1.0000E+0	4.3373E-7	2.0000E+1	6.7778E-11
6.0100E+5	1.0000E+0	4.3392E-7	2.0000E+1	6.8280E-11
6.0150E+5	1.0000E+0	4.3314E-7	2.0000E+1	6.7884E-11
6.0200E+5	1.0000E+0	4.3371E-7	2.0000E+1	6.7161E-11
6.0250E+5	1.0000E+0	4.3259E-7	2.0000E+1	6.8392E-11
6.0300E+5	1.0000E+0	4.3122E-7	2.0000E+1	6.8258E-11
6.0350E+5	1.0000E+0	4.3349E-7	2.0000E+1	6.8054E-11
6.0400E+5	1.0000E+0	4.3378E-7	2.0000E+1	6.7811E-11
6.0450E+5	1.0000E+0	4.3286E-7	2.0000E+1	6.7699E-11
6.0500E+5	1.0000E+0	4.3177E-7	2.0000E+1	6.7824E-11
6.0550E+5	1.0000E+0	4.3096E-7	2.0000E+1	6.7772E-11
6.0600E+5	1.0000E+0	4.3101E-7	2.0000E+1	6.7609E-11
6.0650E+5	1.0000E+0	4.3139E-7	2.0000E+1	6.7836E-11
6.0700E+5	1.0000E+0	4.3433E-7	2.0000E+1	6.7369E-11
6.0750E+5	1.0000E+0	4.3336E-7	2.0000E+1	6.7642E-11
6.0800E+5	1.0000E+0	4.3196E-7	2.0000E+1	6.7345E-11
6.0850E+5	1.0000E+0	4.3201E-7	2.0000E+1	6.8128E-11
6.0900E+5	1.0000E+0	4.3119E-7	2.0000E+1	6.7261E-11
6.0950E+5	1.0000E+0	4.3163E-7	2.0000E+1	6.7311E-11
6.1000E+5	1.0000E+0	4.3268E-7	2.0000E+1	6.8096E-11
6.1050E+5	1.0000E+0	4.3377E-7	2.0000E+1	6.7589E-11
6.1100E+5	1.0000E+0	4.3369E-7	2.0000E+1	6.7238E-11
6.1150E+5	1.0000E+0	4.3220E-7	2.0000E+1	6.7205E-11
6.1200E+5	1.0000E+0	4.3254E-7	2.0000E+1	6.7580E-11
6.1250E+5	1.0000E+0	4.3211E-7	2.0000E+1	6.8501E-11
6.1300E+5	1.0000E+0	4.3202E-7	2.0000E+1	2.2028E-9
6.1350E+5	1.0000E+0	4.3339E-7	2.0000E+1	6.8662E-9
6.1400E+5	1.0000E+0	4.3095E-7	2.0000E+1	6.8614E-9
6.1450E+5	1.0000E+0	4.3347E-7	2.0000E+1	6.8587E-9
6.1500E+5	1.0000E+0	4.3158E-7	2.0000E+1	6.8536E-9
6.1550E+5	1.0000E+0	4.3391E-7	2.0000E+1	6.8506E-9
6.1600E+5	1.0000E+0	4.3316E-7	2.0000E+1	6.8461E-9
6.1650E+5	1.0000E+0	4.3673E-7	2.0000E+1	6.8437E-9
6.1700E+5	1.0000E+0	4.3568E-7	2.0000E+1	6.8397E-9
6.1750E+5	1.0000E+0	4.3562E-7	2.0000E+1	6.8365E-9
6.1800E+5	1.0000E+0	4.3697E-7	2.0000E+1	6.8339E-9
6.1850E+5	1.0000E+0	4.3460E-7	2.0000E+1	6.8310E-9
6.1900E+5	1.0000E+0	4.3548E-7	2.0000E+1	6.8263E-9
6.1950E+5	1.0000E+0	4.3427E-7	2.0000E+1	6.8261E-9
6.2000E+5	1.0000E+0	4.3532E-7	2.0000E+1	6.8212E-9
6.2050E+5	1.0000E+0	4.3730E-7	2.0000E+1	6.8193E-9
6.2100E+5	1.0000E+0	4.3713E-7	2.0000E+1	6.8193E-9
6.2150E+5	1.0000E+0	4.3655E-7	2.0000E+1	6.8152E-9
6.2200E+5	1.0000E+0	4.3516E-7	2.0000E+1	6.8138E-9
6.2250E+5	1.0000E+0	4.3568E-7	2.0000E+1	6.8129E-9
6.2300E+5	1.0000E+0	4.4097E-7	2.0000E+1	6.8073E-9
6.2350E+5	1.0000E+0	4.3750E-7	2.0000E+1	1.0634E-10
6.2400E+5	1.0000E+0	4.3631E-7	2.0000E+1	7.1186E-11
6.2450E+5	1.0000E+0	4.3922E-7	2.0000E+1	6.7716E-11
6.2500E+5	1.0000E+0	4.3759E-7	2.0000E+1	6.6923E-11
6.2550E+5	1.0000E+0	4.4256E-7	2.0000E+1	6.6637E-11
6.2600E+5	1.0000E+0	4.3522E-7	2.0000E+1	6.6463E-11
6.2650E+5	1.0000E+0	4.3536E-7	2.0000E+1	6.6962E-11
6.2700E+5	1.0000E+0	4.3648E-7	2.0000E+1	6.7002E-11
6.2750E+5	1.0000E+0	4.3613E-7	2.0000E+1	6.6999E-11
6.2800E+5	1.0000E+0	4.3494E-7	2.0000E+1	6.7085E-11
6.2850E+5	1.0000E+0	4.3474E-7	2.0000E+1	6.6638E-11
6.2900E+5	1.0000E+0	4.3569E-7	2.0000E+1	6.6662E-11
6.2950E+5	1.0000E+0	4.3531E-7	2.0000E+1	6.7172E-11
6.3000E+5	1.0000E+0	4.3461E-7	2.0000E+1	6.6993E-11
6.3050E+5	1.0000E+0	4.3061E-7	2.0000E+1	6.6565E-11
6.3100E+5	1.0000E+0	4.3410E-7	2.0000E+1	6.7003E-11
6.3150E+5	1.0000E+0	4.3252E-7	2.0000E+1	6.6683E-11
6.3200E+5	1.0000E+0	4.3477E-7	2.0000E+1	6.6892E-11
6.3250E+5	1.0000E+0	4.3058E-7	2.0000E+1	6.6706E-11
6.3300E+5	1.0000E+0	4.2734E-7	2.0000E+1	1.2190E-9
6.3350E+5	1.0000E+0	4.3027E-7	2.0000E+1	6.8511E-9
6.3400E+5	1.0000E+0	4.3279E-7	2.0000E+1	6.8481E-9
6.3450E+5	1.0000E+0	4.3428E-7	2.0000E+1	6.8452E-9
6.3500E+5	1.0000E+0	4.3354E-7	2.0000E+1	6.8439E-9
6.3550E+5	1.0000E+0	4.3129E-7	2.0000E+1	6.8396E-9
6.3600E+5	1.0000E+0	4.3340E-7	2.0000E+1	6.8383E-9
6.3650E+5	1.0000E+0	4.3118E-7	2.0000E+1	6.8345E-9
6.3700E+5	1.0000E+0	4.3270E-7	2.0000E+1	6.8335E-9
6.3750E+5	1.0000E+0	4.3067E-7	2.0000E+1	6.8303E-9
6.3800E+5	1.0000E+0	4.2984E-7	2.0000E+1	6.8268E-9
6.3850E+5	1.0000E+0	4.3245E-7	2.0000E+1	6.8264E-9
6.3900E+5	1.0000E+0	4.3012E-7	2.0000E+1	6.8252E-9
6.3950E+5	1.0000E+0	4.3536E-7	2.0000E+1	6.8221E-9
6.4000E+5	1.0000E+0	4.3330E-7	2.0000E+1	6.8201E-9
6.4050E+5	1.0000E+0	4.3207E-7	2.0000E+1	6.8176E-9
6.4100E+5	1.0000E+0	4.3067E-7	2.0000E+1	6.8166E-9
6.4150E+5	1.0000E+0	4.3310E-7	2.0000E+1	6.8147E-9
6.4200E+5	1.0000E+0	4.3102E-7	2.0000E+1	6.8127E-9
6.4250E+5	1.0000E+0	4.2975E-7	2.0000E+1	6.8126E-9
6.4300E+5	1.0000E+0	4.3050E-7	2.0000E+1	6.8079E-9
6.4350E+5	1.0000E+0	4.3135E-7	2.0000E+1	1.1173E-10
6.4400E+5	1.0000E+0	4.3005E-7	2.0000E+1	7.1541E-11
6.4450E+5	1.0000E+0	4.3102E-7	2.0000E+1	6.7014E-11
6.4500E+5	1.0000E+0	4.3003E-7	2.0000E+1	6.6505E-11
6.4550E+5	1.0000E+0	4.2959E-7	2.0000E+1	6.6211E-11
6.4600E+5	1.0000E+0	4.2742E-7	2.0000E+1	6.5943E-11
6.4650E+5	1.0000E+0	4.2692E-7	2.0000E+1	6.5759E-11
6.4700E+5	1.0000E+0	4.2773E-7	2.0000E+1	6.6835E-11
6.4750E+5	1.0000E+0	4.2853E-7	2.0000E+1	6.6069E-11
6.4800E+5	1.0000E+0	4.2814E-7	2.0000E+1	6.6600E-11
6.4850E+5	1.0000E+0	4.2472E-7	2.0000E+1	6.6570E-11
6.4900E+5	1.0000E+0	4.2627E-7	2.0000E+1	6.6779E-11
6.4950E+5	1.0000E+0	4.2740E-7	2.0000E+1	6.6983E-11
6.5000E+5	1.0000E+0	4.2442E-7	2.0000E+1	6.6571E-11
6.5050E+5	1.0000E+0	4.2434E-7	2.0000E+1	6.6447E-11
6.5100E+5	1.0000E+0	4.2312E-7	2.0000E+1	6.6833E-11
6.5150E+5	1.0000E+0	4.2686E-7	2.0000E+1	6.6746E-11
6.5200E+5	1.0000E+0	4.2447E-7	2.0000E+1	6.7115E-11
6.5250E+5	1.0000E+0	4.2639E-7	2.0000E+1	6.6658E-11
6.5300E+5	1.0000E+0	4.2684E-7	2.0000E+1	2.9812E-10
6.5350E+5	1.0000E+0	4.2394E-7	2.0000E+1	6.8464E-9
6.5400E+5	1.0000E+0	4.2328E-7	2.0000E+1	6.8442E-9
6.5450E+5	1.0000E+0	4.2680E-7	2.0000E+1	6.8399E-9
6.5500E+5	1.0000E+0	4.2513E-7	2.0000E+1	6.8403E-9
6.5550E+5	1.0000E+0	4.2423E-7	2.0000E+1	6.8368E-9
6.5600E+5	1.0000E+0	4.2583E-7	2.0000E+1	6.8340E-9
6.5650E+5	1.0000E+0	4.2684E-7	2.0000E+1	6.8316E-9
6.5700E+5	1.0000E+0	4.2621E-7	2.0000E+1	6.8299E-9
6.5750E+5	1.0000E+0	4.2571E-7	2.0000E+1	6.8277E-9
6.5800E+5	1.0000E+0	4.2375E-7	2.0000E+1	6.8254E-9
6.5850E+5	1.0000E+0	4.2541E-7	2.0000E+1	6.8229E-9
6.5900E+5	1.0000E+0	4.2456E-7	2.0000E+1	6.8216E-9
6.5950E+5	1.0000E+0	4.2468E-7	2.0000E+1	6.8178E-9
6.6000E+5	1.0000E+0	4.2584E-7	2.0000E+1	6.8156E-9
6.6050E+5	1.0000E+0	4.2509E-7	2.0000E+1	6.8143E-9
6.6100E+5	1.0000E+0	4.2650E-7	2.0000E+1	6.8135E-9
6.6150E+5	1.0000E+0	4.2564E-7	2.0000E+1	6.8116E-9
6.6200E+5	1.0000E+0	4.2457E-7	2.0000E+1	6.8109E-9
6.6250E+5	1.0000E+0	4.2155E-7	2.0000E+1	6.8106E-9
6.6300E+5	1.0000E+0	4.2347E-7	2.0000E+1	6.8093E-9
6.6350E+5	1.0000E+0	4.2327E-7	2.0000E+1	1.1938E-10
6.6400E+5	1.0000E+0	4.2114E-7	2.0000E+1	7.1713E-11
6.6450E+5	1.0000E+0	4.1912E-7	2.0000E+1	6.6713E-11
6.6500E+5	1.0000E+0	4.2085E-7	2.0000E+1	6.6359E-11
6.6550E+5	1.0000E+0	4.1943E-7	2.0000E+1	6.5981E-11
6.6600E+5	1.0000E+0	4.2008E-7	2.0000E+1	6.6233E-11
6.6650E+5	1.0000E+0	4.1716E-7	2.0000E+1	6.5851E-11
6.6700E+5	1.0000E+0	4.1693E-7	2.0000E+1	6.6478E-11
6.6750E+5	1.0000E+0	4.1715E-7	2.0000E+1	6.6820E-11
6.6800E+5	1.0000E+0	4.1625E-7	2.0000E+1	6.6361E-11
6.6850E+5	1.0000E+0	4.1491E-7	2.0000E+1	6.6831E-11
6.6900E+5	1.0000E+0	4.1280E-7	2.0000E+1	6.7468E-11
6.6950E+5	1.0000E+0	4.1470E-7	2.0000E+1	6.6719E-11
6.7000E+5	1.0000E+0	4.1716E-7	2.0000E+1	6.6808E-11
6.7050E+5	1.0000E+0	4.1467E-7	2.0000E+1	6.6886E-11
6.7100E+5	1.0000E+0	4.1329E-7	2.0000E+1	6.6882E-11
6.7150E+5	1.0000E+0	4.1290E-7	2.0000E+1	6.6606E-11
6.7200E+5	1.0000E+0	4.1237E-7	2.0000E+1	6.6051E-11
6.7250E+5	1.0000E+0	4.1184E-7	2.0000E+1	6.7136E-11
6.7300E+5	1.0000E+0	4.1323E-7	2.0000E+1	6.6595E-11
6.7350E+5	1.0000E+0	4.1270E-7	2.0000E+1	6.8454E-9
6.7400E+5	1.0000E+0	4.1232E-7	2.0000E+1	6.8434E-9
6.7450E+5	1.0000E+0	4.1300E-7	2.0000E+1	6.8432E-9
6.7500E+5	1.0000E+0	4.1419E-7	2.0000E+1	6.8361E-9
6.7550E+5	1.0000E+0	4.1404E-7	2.0000E+1	6.8363E-9
6.7600E+5	1.0000E+0	4.1497E-7	2.0000E+1	6.8333E-9
6.7650E+5	1.0000E+0	4.1201E-7	2.0000E+1	6.8316E-9
6.7700E+5	1.0000E+0	4.1206E-7	2.0000E+1	6.8301E-9
6.7750E+5	1.0000E+0	4.1105E-7	2.0000E+1	6.8284E-9
6.7800E+5	1.0000E+0	4.0940E-7	2.0000E+1	6.8268E-9
6.7850E+5	1.0000E+0	4.1011E-7	2.0000E+1	6.8245E-9
6.7900E+5	1.0000E+0	4.1014E-7	2.0000E+1	6.8223E-9
6.7950E+5	1.0000E+0	4.1041E-7	2.0000E+1	6.8196E-9
6.8000E+5	1.0000E+0	4.1012E-7	2.0000E+1	6.8171E-9
6.8050E+5	1.0000E+0	4.1140E-7	2.0000E+1	6.8147E-9
6.8100E+5	1.0000E+0	4.0829E-7	2.0000E+1	6.8144E-9
6.8150E+5	1.0000E+0	4.1072E-7	2.0000E+1	6.8157E-9
6.8200E+5	1.0000E+0	4.0997E-7	2.0000E+1	6.8127E-9
6.8250E+5	1.0000E+0	4.0982E-7	2.0000E+1	6.8127E-9
6.8300E+5	1.0000E+0	4.0887E-7	2.0000E+1	6.8098E-9
6.8350E+5	1.0000E+0	4.0771E-7	2.0000E+1	1.2780E-10
6.8400E+5	1.0000E+0	4.0587E-7	2.0000E+1	7.2197E-11
6.8450E+5	1.0000E+0	4.0398E-7	2.0000E+1	6.6968E-11
6.8500E+5	1.0000E+0	4.0106E-7	2.0000E+1	6.5904E-11
6.8550E+5	1.0000E+0	4.0232E-7	2.0000E+1	6.5340E-11
6.8600E+5	1.0000E+0	4.0386E-7	2.0000E+1	6.5854E-11
6.8650E+5	1.0000E+0	4.0345E-7	2.0000E+1	6.6093E-11
6.8700E+5	1.0000E+0	4.0488E-7	2.0000E+1	6.6150E-11
6.8750E+5	1.0000E+0	4.0530E-7	2.0000E+1	6.6576E-11
6.8800E+5	1.0000E+0	4.0538E-7	2.0000E+1	6.5866E-11
6.8850E+5	1.0000E+0	4.0682E-7	2.0000E+1	6.6532E-11
6.8900E+5	1.0000E+0	4.0567E-7	2.0000E+1	6.6111E-11
6.8950E+5	1.0000E+0	4.0477E-7	2.0000E+1	6.6408E-11
6.9000E+5	1.0000E+0	4.0451E-7	2.0000E+1	6.8642E-11
6.9050E+5	1.0000E+0	4.0484E-7	2.0000E+1	7.2694E-11
6.9100E+5	1.0000E+0	4.0329E-7	2.0000E+1	7.6348E-11
6.9150E+5	1.0000E+0	3.9891E-7	2.0000E+1	7.9977E-11
6.9200E+5	1.0000E+0	4.0129E-7	2.0000E+1	8.1307E-11
6.9250E+5	1.0000E+0	4.0158E-7	2.0000E+1	8.1588E-11
6.9300E+5	1.0000E+0	4.0240E-7	2.0000E+1	8.2237E-11
6.9350E+5	1.0000E+0	3.9981E-7	2.0000E+1	8.1918E-11
6.9400E+5	1.0000E+0	3.9974E-7	2.0000E+1	8.1989E-11
6.9450E+5	1.0000E+0	3.9996E-7	2.0000E+1	8.2546E-11
6.9500E+5	1.0000E+0	4.0002E-7	2.0000E+1	8.1342E-11
6.9550E+5	1.0000E+0	4.0171E-7	2.0000E+1	8.2256E-11
6.9600E+5	1.0000E+0	4.0241E-7	2.0000E+1	8.2618E-11
6.9650E+5	1.0000E+0	4.0286E-7	2.0000E+1	8.1418E-11
6.9700E+5	1.0000E+0	4.0252E-7	2.0000E+1	8.2645E-11
6.9750E+5	1.0000E+0	4.0451E-7	2.0000E+1	8.2031E-11
6.9800E+5	1.0000E+0	4.0385E-7	2.0000E+1	8.1863E-11
6.9850E+5	1.0000E+0	4.0139E-7	2.0000E+1	8.1102E-11
6.9900E+5	1.0000E+0	4.0111E-7	2.0000E+1	8.1571E-11
6.9950E+5	1.0000E+0	3.9890E-7	2.0000E+1	8.1515E-11
7.0000E+5	1.0000E+0	4.0120E-7	2.0000E+1	8.2327E-11
7.0050E+5	1.0000E+0	4.0389E-7	2.0000E+1	8.2243E-11
7.0100E+5	1.0000E+0	4.0342E-7	2.0000E+1	8.1134E-11
7.0150E+5	1.0000E+0	4.0320E-7	2.0000E+1	8.2992E-11
7.0200E+5	1.0000E+0	4.0168E-7	2.0000E+1	8.1377E-11
7.0250E+5	1.0000E+0	4.0245E-7	2.0000E+1	8.3002E-11
7.0300E+5	1.0000E+0	4.0141E-7	2.0000E+1	8.2399E-11
7.0350E+5	1.0000E+0	4.0245E-7	2.0000E+1	8.2271E-11
7.0400E+5	1.0000E+0	4.0234E-7	2.0000E+1	8.2225E-11
7.0450E+5	1.0000E+0	4.0289E-7	2.0000E+1	8.2153E-11
7.0500E+5	1.0000E+0	4.0304E-7	2.0000E+1	8.2209E-11
7.0550E+5	1.0000E+0	4.0254E-7	2.0000E+1	8.2072E-11
7.0600E+5	1.0000E+0	4.0373E-7	2.0000E+1	8.2350E-11
7.0650E+5	1.0000E+0	4.0212E-7	2.0000E+1	8.1211E-11
7.0700E+5	1.0000E+0	4.0120E-7	2.0000E+1	8.1939E-11
7.0750E+5	1.0000E+0	4.0124E-7	2.0000E+1	8.1328E-11
7.0800E+5	1.0000E+0	4.0078E-7	2.0000E+1	8.2422E-11
7.0850E+5	1.0000E+0	4.0226E-7	2.0000E+1	8.1336E-11
7.0900E+5	1.0000E+0	4.0189E-7	2.0000E+1	8.0681E-11
7.0950E+5	1.0000E+0	4.0135E-7	2.0000E+1	8.2736E-11
7.1000E+5	1.0000E+0	4.0195E-7	2.0000E+1	8.1975E-11
7.1050E+5	1.0000E+0	4.0223E-7	2.0000E+1	8.2105E-11
7.1100E+5	1.0000E+0	4.0105E-7	2.0000E+1	8.2384E-11
7.1150E+5	1.0000E+0	4.0245E-7	2.0000E+1	8.1893E-11
7.1200E+5	1.0000E+0	4.0234E-7	2.0000E+1	8.2375E-11
7.1250E+5	1.0000E+0	4.0152E-7	2.0000E+1	8.4728E-9
7.1300E+5	1.0000E+0	4.0332E-7	2.0000E+1	8.4691E-9
7.1350E+5	1.0000E+0	4.0069E-7	2.0000E+1	8.4659E-9
7.1400E+5	1.0000E+0	4.0252E-7	2.0000E+1	8.4613E-9
7.1450E+5	1.0000E+0	4.0091E-7	2.0000E+1	8.4577E-9
7.1500E+5	1.0000E+0	4.0213E-7	2.0000E+1	8.4534E-9
7.1550E+5	1.0000E+0	4.0395E-7	2.0000E+1	8.4494E-9
7.1600E+5	1.0000E+0	4.0414E-7	2.0000E+1	8.4460E-9
7.1650E+5	1.0000E+0	4.0105E-7	2.0000E+1	8.4434E-9
7.1700E+5	1.0000E+0	4.0128E-7	2.0000E+1	8.4403E-9
7.1750E+5	1.0000E+0	4.0187E-7	2.0000E+1	8.4379E-9
7.1800E+5	1.0000E+0	4.0054E-7	2.0000E+1	8.4363E-9
7.1850E+5	1.0000E+0	3.9920E-7	2.0000E+1	8.4354E-9
7.1900E+5	1.0000E+0	3.9944E-7	2.0000E+1	8.4321E-9
7.1950E+5	1.0000E+0	3.9926E-7	2.0000E+1	8.4302E-9
7.2000E+5	1.0000E+0	3.9837E-7	2.0000E+1	8.4281E-9
7.2050E+5	1.0000E+0	3.9870E-7	2.0000E+1	8.4263E-9
7.2100E+5	1.0000E+0	3.9771E-7	2.0000E+1	8.4237E-9
7.2150E+5	1.0000E+0	3.9720E-7	2.0000E+1	8.4234E-9
7.2200E+5	1.0000E+0	3.9665E-7	2.0000E+1	8.4196E-9
7.2250E+5	1.0000E+0	3.9464E-7	2.0000E+1	2.3401E-10
7.2300E+5	1.0000E+0	3.9307E-7	2.0000E+1	9.0473E-11
7.2350E+5	1.0000E+0	3.9221E-7	2.0000E+1	8.1903E-11
7.2400E+5	1.0000E+0	3.9347E-7	2.0000E+1	8.0351E-11
7.2450E+5	1.0000E+0	3.9224E-7	2.0000E+1	8.0440E-11
7.2500E+5	1.0000E+0	3.9496E-7	2.0000E+1	7.9962E-11
7.2550E+5	1.0000E+0	3.9205E-7	2.0000E+1	8.0634E-11
7.2600E+5	1.0000E+0	3.8989E-7	2.0000E+1	8.0278E-11
7.2650E+5	1.0000E+0	3.8860E-7	2.0000E+1	8.0522E-11
7.2700E+5	1.0000E+0	3.8596E-7	2.0000E+1	8.0382E-11
7.2750E+5	1.0000E+0	3.8728E-7	2.0000E+1	7.9975E-11
7.2800E+5	1.0000E+0	3.8898E-7	2.0000E+1	8.0812E-11
7.2850E+5	1.0000E+0	3.8763E-7	2.0000E+1	8.1661E-11
7.2900E+5	1.0000E+0	3.8847E-7	2.0000E+1	8.1410E-11
7.2950E+5	1.0000E+0	3.8825E-7	2.0000E+1	8.2659E-11
7.3000E+5	1.0000E+0	3.8833E-7	2.0000E+1	8.2029E-11
7.3050E+5	1.0000E+0	3.8773E-7	2.0000E+1	8.1855E-11
7.3100E+5	1.0000E+0	3.8536E-7	2.0000E+1	8.2060E-11
7.3150E+5	1.0000E+0	3.8668E-7	2.0000E+1	8.1048E-11
7.3200E+5	1.0000E+0	3.8338E-7	2.0000E+1	8.2507E-11
7.3250E+5	1.0000E+0	3.8788E-7	2.0000E+1	8.4972E-9
7.3300E+5	1.0000E+0	3.8660E-7	2.0000E+1	8.4950E-9
7.3350E+5	1.0000E+0	3.8490E-7	2.0000E+1	8.4926E-9
7.3400E+5	1.0000E+0	3.8712E-7	2.0000E+1	8.4885E-9
7.3450E+5	1.0000E+0	3.8626E-7	2.0000E+1	8.4854E-9
7.3500E+5	1.0000E+0	3.8760E-7	2.0000E+1	8.4826E-9
7.3550E+5	1.0000E+0	3.8533E-7	2.0000E+1	8.4788E-9
7.3600E+5	1.0000E+0	3.8477E-7	2.0000E+1	8.4759E-9
7.3650E+5	1.0000E+0	3.8526E-7	2.0000E+1	8.4734E-9
7.3700E+5	1.0000E+0	3.8437E-7	2.0000E+1	8.4706E-9
7.3750E+5	1.0000E+0	3.8747E-7	2.0000E+1	8.4669E-9
7.3800E+5	1.0000E+0	3.8696E-7	2.0000E+1	8.4662E-9
7.3850E+5	1.0000E+0	3.8608E-7	2.0000E+1	8.4627E-9
7.3900E+5	1.0000E+0	3.8617E-7	2.0000E+1	8.4605E-9
7.3950E+5	1.0000E+0	3.8500E-7	2.0000E+1	8.4580E-9
7.4000E+5	1.0000E+0	3.8396E-7	2.0000E+1	8.4574E-9
7.4050E+5	1.0000E+0	3.8445E-7	2.0000E+1	8.4577E-9
7.4100E+5	1.0000E+0	3.8152E-7	2.0000E+1	8.4548E-9
7.4150E+5	1.0000E+0	3.8324E-7	2.0000E+1	8.4547E-9
7.4200E+5	1.0000E+0	3.8438E-7	2.0000E+1	8.4536E-9
7.4250E+5	1.0000E+0	3.8266E-7	2.0000E+1	2.9849E-10
7.4300E+5	1.0000E+0	3.8254E-7	2.0000E+1	9.0698E-11
7.4350E+5	1.0000E+0	3.8194E-7	2.0000E+1	8.1523E-11
7.4400E+5	1.0000E+0	3.8227E-7	2.0000E+1	8.0427E-11
7.4450E+5	1.0000E+0	3.7963E-7	2.0000E+1	8.0409E-11
7.4500E+5	1.0000E+0	3.7865E-7	2.0000E+1	8.0298E-11
7.4550E+5	1.0000E+0	3.7968E-7	2.0000E+1	7.9677E-11
7.4600E+5	1.0000E+0	3.7865E-7	2.0000E+1	8.1254E-11
7.4650E+5	1.0000E+0	3.8021E-7	2.0000E+1	8.0873E-11
7.4700E+5	1.0000E+0	3.7691E-7	2.0000E+1	8.1233E-11
7.4750E+5	1.0000E+0	3.7739E-7	2.0000E+1	8.0618E-11
7.4800E+5	1.0000E+0	3.7848E-7	2.0000E+1	8.1660E-11
7.4850E+5	1.0000E+0	3.7646E-7	2.0000E+1	8.1866E-11
7.4900E+5	1.0000E+0	3.7756E-7	2.0000E+1	8.1313E-11
7.4950E+5	1.0000E+0	3.7666E-7	2.0000E+1	8.0901E-11
7.5000E+5	1.0000E+0	3.7718E-7	2.0000E+1	8.2457E-11
7.5050E+5	1.0000E+0	3.7850E-7	2.0000E+1	8.1364E-11
7.5100E+5	1.0000E+0	3.7662E-7	2.0000E+1	8.1900E-11
7.5150E+5	1.0000E+0	3.7495E-7	2.0000E+1	8.1408E-11
7.5200E+5	1.0000E+0	3.7699E-7	2.0000E+1	8.1061E-11
7.5250E+5	1.0000E+0	3.7659E-7	2.0000E+1	8.5138E-9
7.5300E+5	1.0000E+0	3.7707E-7	2.0000E+1	8.5115E-9
7.5350E+5	1.0000E+0	3.7599E-7	2.0000E+1	8.5074E-9
7.5400E+5	1.0000E+0	3.7622E-7	2.0000E+1	8.5025E-9
7.5450E+5	1.0000E+0	3.7358E-7	2.0000E+1	8.4989E-9
7.5500E+5	1.0000E+0	3.7581E-7	2.0000E+1	8.4925E-9
7.5550E+5	1.0000E+0	3.7625E-7	2.0000E+1	8.4894E-9
7.5600E+5	1.0000E+0	3.7910E-7	2.0000E+1	8.4868E-9
7.5650E+5	1.0000E+0	3.7658E-7	2.0000E+1	8.4826E-9
7.5700E+5	1.0000E+0	3.7631E-7	2.0000E+1	8.4786E-9
7.5750E+5	1.0000E+0	3.7466E-7	2.0000E+1	8.4746E-9
7.5800E+5	1.0000E+0	3.7359E-7	2.0000E+1	8.4726E-9
7.5850E+5	1.0000E+0	3.7355E-7	2.0000E+1	8.4692E-9
7.5900E+5	1.0000E+0	3.7337E-7	2.0000E+1	8.4665E-9
7.5950E+5	1.0000E+0	3.7213E-7	2.0000E+1	8.4654E-9
7.6000E+5	1.0000E+0	3.7235E-7	2.0000E+1	8.4619E-9
7.6050E+5	1.0000E+0	3.7189E-7	2.0000E+1	8.4599E-9
7.6100E+5	1.0000E+0	3.7379E-7	2.0000E+1	8.4564E-9
7.6150E+5	1.0000E+0	3.7026E-7	2.0000E+1	8.4542E-9
7.6200E+5	1.0000E+0	3.7139E-7	2.0000E+1	8.4525E-9
7.6250E+5	1.0000E+0	3.6932E-7	2.0000E+1	4.5527E-10
7.6300E+5	1.0000E+0	3.6729E-7	2.0000E+1	9.3116E-11
7.6350E+5	1.0000E+0	3.6660E-7	2.0000E+1	8.1016E-11
7.6400E+5	1.0000E+0	3.6553E-7	2.0000E+1	8.0320E-11
7.6450E+5	1.0000E+0	3.6516E-7	2.0000E+1	7.9662E-11
7.6500E+5	1.0000E+0	3.6688E-7	2.0000E+1	7.9298E-11
7.6550E+5	1.0000E+0	3.6513E-7	2.0000E+1	8.0209E-11
7.6600E+5	1.0000E+0	3.6398E-7	2.0000E+1	7.9634E-11
7.6650E+5	1.0000E+0	3.6290E-7	2.0000E+1	7.9991E-11
7.6700E+5	1.0000E+0	3.6376E-7	2.0000E+1	7.9850E-11
7.6750E+5	1.0000E+0	3.6407E-7	2.0000E+1	7.9598E-11
7.6800E+5	1.0000E+0	3.6306E-7	2.0000E+1	8.0367E-11
7.6850E+5	1.0000E+0	3.6464E-7	2.0000E+1	7.9384E-11
7.6900E+5	1.0000E+0	3.6277E-7	2.0000E+1	7.9889E-11
7.6950E+5	1.0000E+0	3.6312E-7	2.0000E+1	8.0043E-11
7.7000E+5	1.0000E+0	3.6147E-7	2.0000E+1	8.0465E-11
7.7050E+5	1.0000E+0	3.6164E-7	2.0000E+1	8.0820E-11
7.7100E+5	1.0000E+0	3.6336E-7	2.0000E+1	8.0266E-11
7.7150E+5	1.0000E+0	3.6182E-7	2.0000E+1	8.0103E-11
7.7200E+5	1.0000E+0	3.6229E-7	2.0000E+1	7.9596E-11
7.7250E+5	1.0000E+0	3.6025E-7	2.0000E+1	8.5047E-9
7.7300E+5	1.0000E+0	3.6057E-7	2.0000E+1	8.5076E-9
7.7350E+5	1.0000E+0	3.6133E-7	2.0000E+1	8.5075E-9
7.7400E+5	1.0000E+0	3.6044E-7	2.0000E+1	8.5059E-9
7.7450E+5	1.0000E+0	3.6028E-7	2.0000E+1	8.5041E-9
7.7500E+5	1.0000E+0	3.5927E-7	2.0000E+1	8.5027E-9
7.7550E+5	1.0000E+0	3.5932E-7	2.0000E+1	8.4985E-9
7.7600E+5	1.0000E+0	3.6148E-7	2.0000E+1	8.4959E-9
7.7650E+5	1.0000E+0	3.5906E-7	2.0000E+1	8.4961E-9
7.7700E+5	1.0000E+0	3.6034E-7	2.0000E+1	8.4921E-9
7.7750E+5	1.0000E+0	3.5897E-7	2.0000E+1	8.4907E-9
7.7800E+5	1.0000E+0	3.5790E-7	2.0000E+1	8.4887E-9
7.7850E+5	1.0000E+0	3.5781E-7	2.0000E+1	8.4875E-9
7.7900E+5	1.0000E+0	3.5697E-7	2.0000E+1	8.4835E-9
7.7950E+5	1.0000E+0	3.5478E-7	2.0000E+1	8.4812E-9
7.8000E+5	1.0000E+0	3.5718E-7	2.0000E+1	8.4808E-9
7.8050E+5	1.0000E+0	3.5640E-7	2.0000E+1	8.4781E-9
7.8100E+5	1.0000E+0	3.5514E-7	2.0000E+1	8.4775E-9
7.8150E+5	1.0000E+0	3.5744E-7	2.0000E+1	8.4755E-9
7.8200E+5	1.0000E+0	3.5773E-7	2.0000E+1	8.4748E-9
7.8250E+5	1.0000E+0	3.5632E-7	2.0000E+1	1.1829E-9
7.8300E+5	1.0000E+0	3.5559E-7	2.0000E+1	9.3492E-11
7.8350E+5	1.0000E+0	3.5413E-7	2.0000E+1	8.2012E-11
7.8400E+5	1.0000E+0	3.5364E-7	2.0000E+1	8.0262E-11
7.8450E+5	1.0000E+0	3.5247E-7	2.0000E+1	8.0073E-11
7.8500E+5	1.0000E+0	3.5168E-7	2.0000E+1	8.0898E-11
7.8550E+5	1.0000E+0	3.5047E-7	2.0000E+1	8.0672E-11
7.8600E+5	1.0000E+0	3.5077E-7	2.0000E+1	8.1046E-11
7.8650E+5	1.0000E+0	3.4954E-7	2.0000E+1	7.9972E-11
7.8700E+5	1.0000E+0	3.4799E-7	2.0000E+1	8.0355E-11
7.8750E+5	1.0000E+0	3.4775E-7	2.0000E+1	8.0723E-11
7.8800E+5	1.0000E+0	3.4873E-7	2.0000E+1	7.9808E-11
7.8850E+5	1.0000E+0	3.4894E-7	2.0000E+1	8.2980E-11
7.8900E+5	1.0000E+0	3.4865E-7	2.0000E+1	8.6435E-11
7.8950E+5	1.0000E+0	3.4637E-7	2.0000E+1	9.0051E-11
7.9000E+5	1.0000E+0	3.4739E-7	2.0000E+1	9.3601E-11
7.9050E+5	1.0000E+0	3.4714E-7	2.0000E+1	9.5353E-11
7.9100E+5	1.0000E+0	3.4779E-7	2.0000E+1	9.5558E-11
7.9150E+5	1.0000E+0	3.4833E-7	2.0000E+1	9.5016E-11
7.9200E+5	1.0000E+0	3.4907E-7	2.0000E+1	9.6386E-11
7.9250E+5	1.0000E+0	3.4783E-7	2.0000E+1	9.4873E-11
7.9300E+5	1.0000E+0	3.4723E-7	2.0000E+1	9.5062E-11
7.9350E+5	1.0000E+0	3.4841E-7	2.0000E+1	9.4472E-11
7.9400E+5	1.0000E+0	3.4630E-7	2.0000E+1	9.4552E-11
7.9450E+5	1.0000E+0	3.4568E-7	2.0000E+1	9.5502E-11
7.9500E+5	1.0000E+0	3.4482E-7	2.0000E+1	9.5764E-11
7.9550E+5	1.0000E+0	3.4505E-7	2.0000E+1	9.5557E-11
7.9600E+5	1.0000E+0	3.4519E-7	2.0000E+1	9.5218E-11
7.9650E+5	1.0000E+0	3.4593E-7	2.0000E+1	9.5429E-11
7.9700E+5	1.0000E+0	3.4549E-7	2.0000E+1	9.5793E-11
7.9750E+5	1.0000E+0	3.4579E-7	2.0000E+1	9.5793E-11
7.9800E+5	1.0000E+0	3.4531E-7	2.0000E+1	9.5339E-11
7.9850E+5	1.0000E+0	3.4642E-7	2.0000E+1	9.5869E-11
7.9900E+5	1.0000E+0	3.4662E-7	2.0000E+1	9.5645E-11
7.9950E+5	1.0000E+0	3.4551E-7	2.0000E+1	9.6024E-11
8.0000E+5	1.0000E+0	3.4563E-7	2.0000E+1	9.5321E-11
8.0050E+5	1.0000E+0	3.4546E-7	2.0000E+1	9.6638E-11
8.0100E+5	1.0000E+0	3.4503E-7	2.0000E+1	9.5841E-11
8.0150E+5	1.0000E+0	3.4337E-7	2.0000E+1	9.6077E-11
8.0200E+5	1.0000E+0	3.4416E-7	2.0000E+1	9.6484E-11
8.0250E+5	1.0000E+0	3.4341E-7	2.0000E+1	9.6458E-11
8.0300E+5	1.0000E+0	3.4496E-7	2.0000E+1	9.6397E-11
8.0350E+5	1.0000E+0	3.4439E-7	2.0000E+1	9.6129E-11
8.0400E+5	1.0000E+0	3.4360E-7	2.0000E+1	9.5640E-11
8.0450E+5	1.0000E+0	3.4384E-7	2.0000E+1	9.5485E-11
8.0500E+5	1.0000E+0	3.4493E-7	2.0000E+1	9.5545E-11
8.0550E+5	1.0000E+0	3.4328E-7	2.0000E+1	9.5756E-11
8.0600E+5	1.0000E+0	3.4278E-7	2.0000E+1	9.5249E-11
8.0650E+5	1.0000E+0	3.4295E-7	2.0000E+1	9.6849E-11
8.0700E+5	1.0000E+0	3.4244E-7	2.0000E+1	9.5721E-11
8.0750E+5	1.0000E+0	3.4392E-7	2.0000E+1	9.5055E-11
8.0800E+5	1.0000E+0	3.4275E-7	2.0000E+1	9.5599E-11
8.0850E+5	1.0000E+0	3.4186E-7	2.0000E+1	9.5384E-11
8.0900E+5	1.0000E+0	3.4337E-7	2.0000E+1	9.5224E-11
8.0950E+5	1.0000E+0	3.4271E-7	2.0000E+1	9.5239E-11
8.1000E+5	1.0000E+0	3.4223E-7	2.0000E+1	9.5506E-11
8.1050E+5	1.0000E+0	3.4268E-7	2.0000E+1	9.5419E-11
8.1100E+5	1.0000E+0	3.4365E-7	2.0000E+1	9.4476E-11
8.1150E+5	1.0000E+0	3.4566E-7	2.0000E+1	1.0094E-8
8.1200E+5	1.0000E+0	3.4573E-7	2.0000E+1	1.0089E-8
8.1250E+5	1.0000E+0	3.4494E-7	2.0000E+1	1.0085E-8
8.1300E+5	1.0000E+0	3.4474E-7	2.0000E+1	1.0080E-8
8.1350E+5	1.0000E+0	3.4388E-7	2.0000E+1	1.0075E-8
8.1400E+5	1.0000E+0	3.4456E-7	2.0000E+1	1.0069E-8
8.1450E+5	1.0000E+0	3.4410E-7	2.0000E+1	1.0065E-8
8.1500E+5	1.0000E+0	3.4230E-7	2.0000E+1	1.0061E-8
8.1550E+5	1.0000E+0	3.4228E-7	2.0000E+1	1.0056E-8
8.1600E+5	1.0000E+0	3.4377E-7	2.0000E+1	1.0055E-8
8.1650E+5	1.0000E+0	3.4528E-7	2.0000E+1	1.0050E-8
8.1700E+5	1.0000E+0	3.4359E-7	2.0000E+1	1.0048E-8
8.1750E+5	1.0000E+0	3.4445E-7	2.0000E+1	1.0043E-8
8.1800E+5	1.0000E+0	3.4462E-7	2.0000E+1	1.0040E-8
8.1850E+5	1.0000E+0	3.4359E-7	2.0000E+1	1.0039E-8
8.1900E+5	1.0000E+0	3.4236E-7	2.0000E+1	1.0037E-8
8.1950E+5	1.0000E+0	3.4091E-7	2.0000E+1	1.0037E-8
8.2000E+5	1.0000E+0	3.4055E-7	2.0000E+1	1.0032E-8
8.2050E+5	1.0000E+0	3.3973E-7	2.0000E+1	1.0033E-8
8.2100E+5	1.0000E+0	3.4142E-7	2.0000E+1	1.0031E-8
8.2150E+5	1.0000E+0	3.3751E-7	2.0000E+1	2.5370E-10
8.2200E+5	1.0000E+0	3.3671E-7	2.0000E+1	9.9863E-11
8.2250E+5	1.0000E+0	3.3545E-7	2.0000E+1	9.3461E-11
8.2300E+5	1.0000E+0	3.3488E-7	2.0000E+1	9.2987E-11
8.2350E+5	1.0000E+0	3.3341E-7	2.0000E+1	9.2925E-11
8.2400E+5	1.0000E+0	3.3289E-7	2.0000E+1	9.2392E-11
8.2450E+5	1.0000E+0	3.3047E-7	2.0000E+1	9.3921E-11
8.2500E+5	1.0000E+0	3.2939E-7	2.0000E+1	9.2517E-11
8.2550E+5	1.0000E+0	3.2834E-7	2.0000E+1	9.3722E-11
8.2600E+5	1.0000E+0	3.2664E-7	2.0000E+1	9.3528E-11
8.2650E+5	1.0000E+0	3.2635E-7	2.0000E+1	9.3708E-11
8.2700E+5	1.0000E+0	3.2524E-7	2.0000E+1	9.3957E-11
8.2750E+5	1.0000E+0	3.2439E-7	2.0000E+1	9.2760E-11
8.2800E+5	1.0000E+0	3.2460E-7	2.0000E+1	9.3690E-11
8.2850E+5	1.0000E+0	3.2419E-7	2.0000E+1	9.2843E-11
8.2900E+5	1.0000E+0	3.2372E-7	2.0000E+1	9.4211E-11
8.2950E+5	1.0000E+0	3.2426E-7	2.0000E+1	9.3039E-11
8.3000E+5	1.0000E+0	3.2336E-7	2.0000E+1	9.3663E-11
8.3050E+5	1.0000E+0	3.2297E-7	2.0000E+1	9.3107E-11
8.3100E+5	1.0000E+0	3.2318E-7	2.0000E+1	9.3821E-11
8.3150E+5	1.0000E+0	3.2422E-7	2.0000E+1	1.0134E-8
8.3200E+5	1.0000E+0	3.2540E-7	2.0000E+1	1.0132E-8
8.3250E+5	1.0000E+0	3.2657E-7	2.0000E+1	1.0129E-8
8.3300E+5	1.0000E+0	3.2651E-7	2.0000E+1	1.0124E-8
8.3350E+5	1.0000E+0	3.2803E-7	2.0000E+1	1.0123E-8
8.3400E+5	1.0000E+0	3.2887E-7	2.0000E+1	1.0118E-8
8.3450E+5	1.0000E+0	3.2670E-7	2.0000E+1	1.0118E-8
8.3500E+5	1.0000E+0	3.2800E-7	2.0000E+1	1.0115E-8
8.3550E+5	1.0000E+0	3.2861E-7	2.0000E+1	1.0108E-8
8.3600E+5	1.0000E+0	3.2762E-7	2.0000E+1	1.0108E-8
8.3650E+5	1.0000E+0	3.2669E-7	2.0000E+1	1.0105E-8
8.3700E+5	1.0000E+0	3.2785E-7	2.0000E+1	1.0104E-8
8.3750E+5	1.0000E+0	3.2777E-7	2.0000E+1	1.0102E-8
8.3800E+5	1.0000E+0	3.2629E-7	2.0000E+1	1.0099E-8
8.3850E+5	1.0000E+0	3.2765E-7	2.0000E+1	1.0097E-8
8.3900E+5	1.0000E+0	3.2552E-7	2.0000E+1	1.0096E-8
8.3950E+5	1.0000E+0	3.2439E-7	2.0000E+1	1.0092E-8
8.4000E+5	1.0000E+0	3.2055E-7	2.0000E+1	1.0090E-8
8.4050E+5	1.0000E+0	3.2165E-7	2.0000E+1	1.0089E-8
8.4100E+5	1.0000E+0	3.1889E-7	2.0000E+1	1.0088E-8
8.4150E+5	1.0000E+0	3.1953E-7	2.0000E+1	3.3334E-10
8.4200E+5	1.0000E+0	3.1627E-7	2.0000E+1	1.0309E-10
8.4250E+5	1.0000E+0	3.1551E-7	2.0000E+1	9.5262E-11
8.4300E+5	1.0000E+0	3.1390E-7	2.0000E+1	9.4585E-11
8.4350E+5	1.0000E+0	3.1289E-7	2.0000E+1	9.4096E-11
8.4400E+5	1.0000E+0	3.1238E-7	2.0000E+1	9.3692E-11
8.4450E+5	1.0000E+0	3.1173E-7	2.0000E+1	9.3589E-11
8.4500E+5	1.0000E+0	3.0948E-7	2.0000E+1	9.3200E-11
8.4550E+5	1.0000E+0	3.0877E-7	2.0000E+1	9.3068E-11
8.4600E+5	1.0000E+0	3.0979E-7	2.0000E+1	9.3256E-11
8.4650E+5	1.0000E+0	3.0735E-7	2.0000E+1	9.3918E-11
8.4700E+5	1.0000E+0	3.0753E-7	2.0000E+1	9.4826E-11
8.4750E+5	1.0000E+0	3.0630E-7	2.0000E+1	9.4320E-11
8.4800E+5	1.0000E+0	3.0552E-7	2.0000E+1	9.4918E-11
8.4850E+5	1.0000E+0	3.0421E-7	2.0000E+1	9.4454E-11
8.4900E+5	1.0000E+0	3.0398E-7	2.0000E+1	9.4904E-11
8.4950E+5	1.0000E+0	3.0415E-7	2.0000E+1	9.4662E-11
8.5000E+5	1.0000E+0	3.0407E-7	2.0000E+1	9.4401E-11
8.5050E+5	1.0000E+0	3.0454E-7	2.0000E+1	9.4385E-11
8.5100E+5	1.0000E+0	3.0397E-7	2.0000E+1	9.5103E-11
8.5150E+5	1.0000E+0	3.0523E-7	2.0000E+1	1.0198E-8
8.5200E+5	1.0000E+0	3.0702E-7	2.0000E+1	1.0193E-8
8.5250E+5	1.0000E+0	3.0769E-7	2.0000E+1	1.0189E-8
8.5300E+5	1.0000E+0	3.0781E-7	2.0000E+1	1.0183E-8
8.5350E+5	1.0000E+0	3.0727E-7	2.0000E+1	1.0176E-8
8.5400E+5	1.0000E+0	3.0754E-7	2.0000E+1	1.0174E-8
8.5450E+5	1.0000E+0	3.0658E-7	2.0000E+1	1.0168E-8
8.5500E+5	1.0000E+0	3.0729E-7	2.0000E+1	1.0165E-8
8.5550E+5	1.0000E+0	3.0648E-7	2.0000E+1	1.0160E-8
8.5600E+5	1.0000E+0	3.0535E-7	2.0000E+1	1.0156E-8
8.5650E+5	1.0000E+0	3.0453E-7	2.0000E+1	1.0153E-8
8.5700E+5	1.0000E+0	3.0510E-7	2.0000E+1	1.0151E-8
8.5750E+5	1.0000E+0	3.0493E-7	2.0000E+1	1.0148E-8
8.5800E+5	1.0000E+0	3.0465E-7	2.0000E+1	1.0146E-8
8.5850E+5	1.0000E+0	3.0354E-7	2.0000E+1	1.0143E-8
8.5900E+5	1.0000E+0	3.0250E-7	2.0000E+1	1.0138E-8
8.5950E+5	1.0000E+0	3.0489E-7	2.0000E+1	1.0137E-8
8.6000E+5	1.0000E+0	3.0509E-7	2.0000E+1	1.0134E-8
8.6050E+5	1.0000E+0	3.0415E-7	2.0000E+1	1.0130E-8
8.6100E+5	1.0000E+0	3.0281E-7	2.0000E+1	1.0130E-8
8.6150E+5	1.0000E+0	3.0011E-7	2.0000E+1	5.6238E-10
8.6200E+5	1.0000E+0	2.9760E-7	2.0000E+1	1.0295E-10
8.6250E+5	1.0000E+0	2.9517E-7	2.0000E+1	9.3174E-11
8.6300E+5	1.0000E+0	2.9397E-7	2.0000E+1	9.2095E-11
8.6350E+5	1.0000E+0	2.9252E-7	2.0000E+1	9.1541E-11
8.6400E+5	1.0000E+0	2.9172E-7	2.0000E+1	9.2057E-11
8.6450E+5	1.0000E+0	2.8993E-7	2.0000E+1	9.2283E-11
8.6500E+5	1.0000E+0	2.8968E-7	2.0000E+1	9.2821E-11
8.6550E+5	1.0000E+0	2.8796E-7	2.0000E+1	9.1941E-11
8.6600E+5	1.0000E+0	2.8669E-7	2.0000E+1	9.2509E-11
8.6650E+5	1.0000E+0	2.8573E-7	2.0000E+1	9.2783E-11
8.6700E+5	1.0000E+0	2.8462E-7	2.0000E+1	9.2902E-11
8.6750E+5	1.0000E+0	2.8405E-7	2.0000E+1	9.2614E-11
8.6800E+5	1.0000E+0	2.8249E-7	2.0000E+1	9.2854E-11
8.6850E+5	1.0000E+0	2.8324E-7	2.0000E+1	9.4575E-11
8.6900E+5	1.0000E+0	2.8124E-7	2.0000E+1	9.2681E-11
8.6950E+5	1.0000E+0	2.8096E-7	2.0000E+1	9.4011E-11
8.7000E+5	1.0000E+0	2.8079E-7	2.0000E+1	9.3566E-11
8.7050E+5	1.0000E+0	2.7915E-7	2.0000E+1	9.3676E-11
8.7100E+5	1.0000E+0	2.7817E-7	2.0000E+1	9.3397E-11
8.7150E+5	1.0000E+0	2.7970E-7	2.0000E+1	1.0200E-8
8.7200E+5	1.0000E+0	2.8058E-7	2.0000E+1	1.0197E-8
8.7250E+5	1.0000E+0	2.8387E-7	2.0000E+1	1.0194E-8
8.7300E+5	1.0000E+0	2.8405E-7	2.0000E+1	1.0192E-8
8.7350E+5	1.0000E+0	2.8536E-7	2.0000E+1	1.0190E-8
8.7400E+5	1.0000E+0	2.8547E-7	2.0000E+1	1.0189E-8
8.7450E+5	1.0000E+0	2.8514E-7	2.0000E+1	1.0185E-8
8.7500E+5	1.0000E+0	2.8405E-7	2.0000E+1	1.0183E-8
8.7550E+5	1.0000E+0	2.8336E-7	2.0000E+1	1.0179E-8
8.7600E+5	1.0000E+0	2.8518E-7	2.0000E+1	1.0176E-8
8.7650E+5	1.0000E+0	2.8451E-7	2.0000E+1	1.0171E-8
8.7700E+5	1.0000E+0	2.8357E-7	2.0000E+1	1.0170E-8
8.7750E+5	1.0000E+0	2.8320E-7	2.0000E+1	1.0165E-8
8.7800E+5	1.0000E+0	2.8314E-7	2.0000E+1	1.0163E-8
8.7850E+5	1.0000E+0	2.8120E-7	2.0000E+1	1.0160E-8
8.7900E+5	1.0000E+0	2.8124E-7	2.0000E+1	1.0155E-8
8.7950E+5	1.0000E+0	2.7881E-7	2.0000E+1	1.0152E-8
8.8000E+5	1.0000E+0	2.7872E-7	2.0000E+1	1.0150E-8
8.8050E+5	1.0000E+0	2.7841E-7	2.0000E+1	1.0147E-8
8.8100E+5	1.0000E+0	2.7909E-7	2.0000E+1	1.0146E-8
8.8150E+5	1.0000E+0	2.7665E-7	2.0000E+1	1.6760E-9
8.8200E+5	1.0000E+0	2.7553E-7	2.0000E+1	1.0419E-10
8.8250E+5	1.0000E+0	2.7185E-7	2.0000E+1	9.3077E-11
8.8300E+5	1.0000E+0	2.7026E-7	2.0000E+1	9.1777E-11
8.8350E+5	1.0000E+0	2.6885E-7	2.0000E+1	9.2522E-11
8.8400E+5	1.0000E+0	2.6672E-7	2.0000E+1	9.2233E-11
8.8450E+5	1.0000E+0	2.6569E-7	2.0000E+1	9.3154E-11
8.8500E+5	1.0000E+0	2.6409E-7	2.0000E+1	9.2761E-11
8.8550E+5	1.0000E+0	2.6309E-7	2.0000E+1	9.2623E-11
8.8600E+5	1.0000E+0	2.6416E-7	2.0000E+1	9.3186E-11
8.8650E+5	1.0000E+0	2.6188E-7	2.0000E+1	9.3076E-11
8.8700E+5	1.0000E+0	2.6074E-7	2.0000E+1	9.4310E-11
8.8750E+5	1.0000E+0	2.6074E-7	2.0000E+1	9.3909E-11
8.8800E+5	1.0000E+0	2.5921E-7	2.0000E+1	9.4860E-11
8.8850E+5	1.0000E+0	2.5948E-7	2.0000E+1	9.3938E-11
8.8900E+5	1.0000E+0	2.5867E-7	2.0000E+1	9.4100E-11
8.8950E+5	1.0000E+0	2.5779E-7	2.0000E+1	9.4928E-11
8.9000E+5	1.0000E+0	2.5807E-7	2.0000E+1	9.4316E-11
8.9050E+5	1.0000E+0	2.5783E-7	2.0000E+1	9.4507E-11
8.9100E+5	1.0000E+0	2.5696E-7	2.0000E+1	9.4249E-11
8.9150E+5	1.0000E+0	2.5602E-7	2.0000E+1	9.4415E-11
8.9200E+5	1.0000E+0	2.5596E-7	2.0000E+1	9.5050E-11
8.9250E+5	1.0000E+0	2.5595E-7	2.0000E+1	9.4429E-11
8.9300E+5	1.0000E+0	2.5711E-7	2.0000E+1	9.4374E-11
8.9350E+5	1.0000E+0	2.5585E-7	2.0000E+1	9.4677E-11
8.9400E+5	1.0000E+0	2.5647E-7	2.0000E+1	9.4742E-11
8.9450E+5	1.0000E+0	2.5607E-7	2.0000E+1	9.5307E-11
8.9500E+5	1.0000E+0	2.5470E-7	2.0000E+1	9.5191E-11
8.9550E+5	1.0000E+0	2.5575E-7	2.0000E+1	9.4417E-11
8.9600E+5	1.0000E+0	2.5489E-7	2.0000E+1	9.5195E-11
8.9650E+5	1.0000E+0	2.5596E-7	2.0000E+1	9.4394E-11
8.9700E+5	1.0000E+0	2.5524E-7	2.0000E+1	9.4533E-11
8.9750E+5	1.0000E+0	2.5542E-7	2.0000E+1	9.5532E-11
8.9800E+5	1.0000E+0	2.5477E-7	2.0000E+1	9.3694E-11
8.9850E+5	1.0000E+0	2.5453E-7	2.0000E+1	9.4028E-11
8.9900E+5	1.0000E+0	2.5407E-7	2.0000E+1	9.4418E-11
8.9950E+5	1.0000E+0	2.5383E-7	2.0000E+1	9.4366E-11
9.0000E+5	1.0000E+0	2.5533E-7	2.0000E+1	9.5078E-11
9.0050E+5	1.0000E+0	2.5605E-7	2.0000E+1	9.4663E-11
9.0100E+5	1.0000E+0	2.5664E-7	2.0000E+1	9.4456E-11
9.0150E+5	1.0000E+0	2.5640E-7	2.0000E+1	9.4960E-11
9.0200E+5	1.0000E+0	2.5596E-7	2.0000E+1	9.4562E-11
