#scan	iMeasureCycle=1	iMux=0	time=0.142	N=482	LocalTime=31/10/2023 16:35:46
#VGate(V)	IGate(A)	time(s)	VDrain(V)	IDrain(A)	time(s)
-60.0001	-1.8986E-09	0.302749	0.999999	8.859E-10	0.302749
-59.5	-1.28118E-09	0.479766	0.999999	4.1532E-10	0.479766
-59.0001	-1.22278E-09	0.656456	0.999999	4.526E-10	0.656456
-58.5001	-5.16633E-09	0.849917	1	4.46031E-09	0.849917
-58	-3.08241E-09	1.027517	1.000002	2.42947E-09	1.027517
-57.5	-4.14235E-09	1.203999	1.000001	3.54013E-09	1.203999
-57	-5.54463E-09	1.419022	0.999999	4.97643E-09	1.419022
-56.5001	-6.38009E-09	1.595652	1	5.84838E-09	1.595652
-56	-6.15862E-09	1.772207	0.999999	5.65708E-09	1.772207
-55.5001	-6.9799E-09	1.948688	1	6.50003E-09	1.948688
-55.0001	-7.6224E-09	2.125282	0.999999	7.15863E-09	2.125282
-54.5001	-6.33015E-09	2.301882	0.999997	5.88837E-09	2.301882
-54.0001	-5.17555E-09	2.480377	1	4.75566E-09	2.480377
-53.5	-4.55594E-09	2.656993	0.999998	4.15105E-09	2.656993
-53.0001	-4.1448E-09	2.857564	1	3.75274E-09	2.857564
-52.5001	-3.66209E-09	3.034121	0.999999	3.27669E-09	3.034121
-52.0001	-3.9755E-09	3.210804	0.999999	3.60645E-09	3.210804
-51.5001	-3.23564E-09	3.425725	0.999998	2.87776E-09	3.425725
-51.0001	-3.08201E-09	3.602304	1.000001	2.73535E-09	3.602304
-50.5	-3.80824E-09	3.778899	0.999996	3.48251E-09	3.778899
-50.0001	-3.70078E-09	3.955433	0.999999	3.38364E-09	3.955433
-49.5001	-6.97322E-09	4.131906	0.999999	6.6661E-09	4.131906
-49.0001	-6.79073E-09	4.308465	1.000005	6.48447E-09	4.308465
-48.5	-5.77495E-09	4.48704	1.000003	5.48207E-09	4.48704
-48	-5.91741E-09	4.663792	1	5.63656E-09	4.663792
-47.5	-6.38247E-09	4.864173	1.000004	6.10611E-09	4.864173
-47.0001	-6.73154E-09	5.040654	0.999994	6.46672E-09	5.040654
-46.5	-5.91134E-09	5.217076	0.999997	5.65014E-09	5.217076
-46.0001	-5.96946E-09	5.431984	1.000002	5.7147E-09	5.431984
-45.5	-5.23818E-09	5.608456	1.000006	4.98688E-09	5.608456
-45.0001	-4.4968E-09	5.784968	1.000005	4.25364E-09	5.784968
-44.5	-4.60893E-09	5.961411	1.00001	4.3681E-09	5.961411
-44	-3.91278E-09	6.137802	1	3.68837E-09	6.137802
-43.5	-3.76776E-09	6.314398	0.999997	3.55121E-09	6.314398
-43	-3.38074E-09	6.493536	0.999997	3.1663E-09	6.493536
-42.5001	-3.19041E-09	6.669975	1.000002	2.98146E-09	6.669975
-42.0001	-3.31405E-09	6.869727	1	3.11171E-09	6.869727
-41.5001	-2.73664E-09	7.04622	1	2.54259E-09	7.04622
-41.0001	-2.5268E-09	7.222675	1	2.34015E-09	7.222675
-40.5001	-2.35379E-09	7.437686	1.000002	2.16854E-09	7.437686
-40	-2.34956E-09	7.614038	0.999997	2.17322E-09	7.614038
-39.5	-2.18528E-09	7.790493	0.999999	2.01108E-09	7.790493
-39.0001	-2.01499E-09	7.966862	0.999999	1.84649E-09	7.966862
-38.5001	-1.5392E-09	8.143311	1	1.37541E-09	8.143311
-38.0001	-2.3763E-09	8.319711	1.000002	2.21724E-09	8.319711
-37.5	-1.92076E-09	8.498127	0.999999	1.76915E-09	8.498127
-37.0001	-1.97243E-09	8.674705	1	1.82273E-09	8.674705
-36.5	-1.55922E-09	8.875289	0.999999	1.41374E-09	8.875289
-36.0001	-2.14733E-09	9.051693	0.999998	2.0083E-09	9.051693
-35.5001	-3.01211E-09	9.228119	0.999997	2.88113E-09	9.228119
-35	-1.98221E-09	9.443415	1	1.84865E-09	9.443415
-34.5001	-7.46476E-09	9.619777	0.999989	7.34528E-09	9.619777
-33.9999	-4.93744E-08	9.784085	0.999974	4.92662E-08	9.784085
-33.5001	-3.57116E-08	9.907602	1.000018	3.55741E-08	9.907602
-33	-3.55529E-08	10.031158	0.999979	3.54451E-08	10.031158
-32.4999	-7.33323E-08	10.154597	0.999853	7.32835E-08	10.154597
-32	-8.6041E-08	10.304496	0.999948	8.54598E-08	10.304496
-31.5	-8.2305E-08	10.450886	0.999986	8.20052E-08	10.450886
-31	-6.44082E-08	10.591823	1.00003	6.42946E-08	10.591823
-30.5001	-4.79171E-08	10.715343	1.000023	4.78096E-08	10.715343
-30.0001	-4.72192E-08	10.838872	0.999993	4.71363E-08	10.838872
-29.5001	-4.94498E-08	10.985594	1.000015	4.93547E-08	10.985594
-29.0001	-4.41425E-08	11.109097	1.000005	4.40579E-08	11.109097
-28.5001	-3.5104E-08	11.23262	0.999995	3.50298E-08	11.23262
-28.0001	-3.20054E-08	11.356128	0.999997	3.19368E-08	11.356128
-27.5001	-3.32929E-08	11.484843	1.000003	3.3222E-08	11.484843
-27.0001	-3.28701E-08	11.608314	0.999991	3.28101E-08	11.608314
-26.5001	-3.06394E-08	11.731822	1	3.05812E-08	11.731822
-26.0001	-3.35386E-08	11.855297	1.000002	3.34846E-08	11.855297
-25.5001	-2.67754E-08	11.985864	0.999989	2.67309E-08	11.985864
-25.0001	-2.47311E-08	12.109401	1.000001	2.46821E-08	12.109401
-24.5001	-2.12607E-08	12.232904	0.999998	2.12152E-08	12.232904
-24.0001	-2.1246E-08	12.35642	0.99998	2.12186E-08	12.35642
-23.5	-2.22664E-08	12.486891	0.999989	2.22384E-08	12.486891
-23.0001	-2.14842E-08	12.610364	0.999992	2.14555E-08	12.610364
-22.5001	-1.97091E-08	12.733879	0.999987	1.96875E-08	12.733879
-22.0001	-1.60911E-08	12.857369	0.999997	1.60678E-08	12.857369
-21.5001	-1.9645E-08	12.987916	0.999977	1.96385E-08	12.987916
-21.0001	-1.14573E-08	13.111447	1.000002	1.14382E-08	13.111447
-20.5001	-9.9001E-09	13.234939	0.999998	9.886E-09	13.234939
-20.0001	-9.8058E-09	13.358456	1.00001	9.7873E-09	13.358456
-19.5	-9.08106E-09	13.503934	0.999999	9.0796E-09	13.503934
-19	-5.76102E-09	13.668726	1.000002	5.76222E-09	13.668726
-18.5001	-4.53521E-09	13.844754	1.000001	4.5361E-09	13.844754
-18	-3.67048E-09	14.04272	1.000001	3.67198E-09	14.04272
-17.5001	-8.22608E-09	14.218688	0.999988	8.23658E-09	14.218688
-17	-6.38772E-09	14.388068	0.999999	6.39503E-09	14.388068
-16.5001	-4.46708E-09	14.564203	1.000003	4.47461E-09	14.564203
-16	-4.53486E-09	14.740346	0.999996	4.5471E-09	14.740346
-15.5	-3.93725E-09	14.955807	1	3.94805E-09	14.955807
-15	-2.46177E-09	15.131852	1.000001	2.47555E-09	15.131852
-14.4999	-1.59399E-09	15.307983	1	1.61002E-09	15.307983
-14.0001	-1.45891E-09	15.484087	1	1.47962E-09	15.484087
-13.5001	-1.37262E-09	15.660198	1.000001	1.39357E-09	15.660198
-13	-1.12352E-09	15.836323	0.999999	1.14918E-09	15.836323
-12.5	-9.9897E-10	16.0125	1	1.02482E-09	16.0125
-12.0001	-7.4337E-10	16.188661	0.999999	7.7242E-10	16.188661
-11.5	-6.5379E-10	16.364767	1	6.8543E-10	16.364767
-11	-7.0692E-10	16.549644	0.999999	7.4094E-10	16.549644
-10.5001	-6.3836E-10	16.725664	1	6.7519E-10	16.725664
-10	-5.0343E-10	16.93275	1	5.3986E-10	16.93275
-9.5001	-3.7755E-10	17.10895	1	4.1707E-10	17.10895
-9	-3.4483E-10	17.284992	1	3.8642E-10	17.284992
-8.5	-2.0594E-10	17.462204	0.999999	2.5054E-10	17.462204
-8.0001	-1.3886E-10	17.638296	1	1.8554E-10	17.638296
-7.5	-8.63E-11	17.814379	0.999999	1.3556E-10	17.814379
-7	-5.88E-11	17.990392	1	1.0977E-10	17.990392
-6.5001	-1.092E-11	18.166545	0.999999	6.566E-11	18.166545
-6	3.342E-11	18.342701	1	2.339E-11	18.342701
-5.5	5.837E-11	18.519385	0.999999	-6E-14	18.519385
-5.0001	8.017E-11	18.695535	0.999999	-2.034E-11	18.695535
-4.5	1.1305E-10	18.871631	1	-5.06E-11	18.871631
-4.0001	1.4237E-10	19.056909	0.999999	-7.741E-11	19.056909
-3.5	1.6843E-10	19.233001	1	-1.0086E-10	19.233001
-3	1.8156E-10	19.440119	0.999999	-1.1427E-10	19.440119
-2.5	2.0087E-10	19.616136	0.999999	-1.3037E-10	19.616136
-2.0001	2.3007E-10	19.792364	0.999999	-1.5721E-10	19.792364
-1.5001	2.4895E-10	19.974151	1	-1.7388E-10	19.974151
-1.0001	2.617E-10	20.150305	1	-1.8481E-10	20.150305
-0.5001	2.6399E-10	20.326499	1	-1.8518E-10	20.326499
0	2.7198E-10	20.502659	0.999999	-1.9024E-10	20.502659
0.5	2.7414E-10	20.678688	0.999999	-1.9119E-10	20.678688
0.9999	2.7714E-10	20.854941	1	-1.919E-10	20.854941
1.5	2.7891E-10	21.033749	1	-1.8987E-10	21.033749
1.9999	2.8965E-10	21.209821	1	-1.9906E-10	21.209821
2.5	2.9545E-10	21.407714	1	-2.0336E-10	21.407714
3	2.9872E-10	21.583897	1	-2.0283E-10	21.583897
3.4999	3.0552E-10	21.76003	0.999999	-2.0687E-10	21.76003
4	3.0449E-10	21.975964	0.999999	-2.0648E-10	21.975964
4.5	3.1347E-10	22.152	0.999999	-2.1213E-10	22.152
4.9999	3.1742E-10	22.328117	0.999999	-2.1435E-10	22.328117
5.4999	3.2089E-10	22.504206	0.999999	-2.1536E-10	22.504206
5.9999	3.2359E-10	22.680348	0.999999	-2.1621E-10	22.680348
6.4999	3.2582E-10	22.856414	1	-2.1347E-10	22.856414
7	3.2884E-10	23.032489	1	-2.1378E-10	23.032489
7.4999	3.3325E-10	23.2085	1	-2.1541E-10	23.2085
8	3.3207E-10	23.384582	1	-2.12E-10	23.384582
8.4999	3.3662E-10	23.569271	1	-2.1531E-10	23.569271
8.9999	3.3493E-10	23.745313	1	-2.1229E-10	23.745313
9.4999	3.3511E-10	23.952582	1	-2.1099E-10	23.952582
10	3.4035E-10	24.128613	0.999999	-2.1322E-10	24.128613
10.4999	3.3746E-10	24.30474	0.999999	-2.0772E-10	24.30474
10.9999	3.5173E-10	24.486706	1	-2.1878E-10	24.486706
11.4999	3.5437E-10	24.662868	0.999999	-2.1902E-10	24.662868
11.9999	3.6657E-10	24.838928	1	-2.285E-10	24.838928
12.5001	3.7859E-10	25.014965	0.999999	-2.367E-10	25.014965
13	4.035E-10	25.191062	0.999999	-2.5842E-10	25.191062
13.5	4.0255E-10	25.367204	1	-2.5388E-10	25.367204
14	4.0364E-10	25.545872	0.999999	-2.5613E-10	25.545872
14.4999	4.0928E-10	25.721919	0.999999	-2.5832E-10	25.721919
14.9999	4.1403E-10	25.920255	0.999999	-2.6248E-10	25.920255
15.5	4.0637E-10	26.096355	0.999999	-2.5193E-10	26.096355
16	4.2534E-10	26.272549	0.999999	-2.6701E-10	26.272549
16.5	4.2949E-10	26.484335	1	-2.6776E-10	26.484335
17	4.4507E-10	26.660415	0.999999	-2.8227E-10	26.660415
17.4999	4.4346E-10	26.836557	1	-2.7884E-10	26.836557
17.9999	4.5382E-10	27.012827	1	-2.8603E-10	27.012827
18.4999	4.4473E-10	27.188891	0.999999	-2.7317E-10	27.188891
19	4.4782E-10	27.364918	1	-2.7253E-10	27.364918
19.4999	4.5189E-10	27.541272	1	-2.7198E-10	27.541272
20	4.5897E-10	27.717456	0.999999	-2.7734E-10	27.717456
20.5	4.655E-10	27.893463	1	-2.8193E-10	27.893463
20.9999	4.6794E-10	28.082851	1	-2.8059E-10	28.082851
21.5	4.6604E-10	28.259071	0.999999	-2.7738E-10	28.259071
21.9999	4.6504E-10	28.469626	0.999999	-2.8038E-10	28.469626
22.5	4.6935E-10	28.645817	0.999999	-2.8094E-10	28.645817
22.9999	4.6947E-10	28.822047	1	-2.7711E-10	28.822047
23.4999	5.1047E-10	28.999541	0.999998	-3.1165E-10	28.999541
24	4.4462E-10	29.175851	0.999999	-2.4465E-10	29.175851
24.4999	4.4901E-10	29.352079	0.999999	-2.4748E-10	29.352079
25	4.4296E-10	29.528367	0.999999	-2.4228E-10	29.528367
25.5	4.5351E-10	29.7046	0.999999	-2.481E-10	29.7046
25.9999	4.5612E-10	29.880906	1	-2.4691E-10	29.880906
26.5	4.6756E-10	30.059694	0.999999	-2.5395E-10	30.059694
26.9999	4.6356E-10	30.235843	0.999999	-2.5037E-10	30.235843
27.5	4.6002E-10	30.432825	0.999999	-2.4188E-10	30.432825
27.9999	4.5277E-10	30.609185	1	-2.3054E-10	30.609185
28.4999	4.6446E-10	30.78545	0.999999	-2.4059E-10	30.78545
29	4.5831E-10	30.997566	0.999999	-2.3685E-10	30.997566
29.4999	4.7309E-10	31.17388	1	-2.4319E-10	31.17388
30	4.7197E-10	31.350177	1	-2.3832E-10	31.350177
30.5	4.7805E-10	31.526479	1	-2.4518E-10	31.526479
31	4.81E-10	31.702719	1	-2.4793E-10	31.702719
31.4999	4.8576E-10	31.87905	0.999999	-2.5057E-10	31.87905
31.9999	4.9345E-10	32.055568	0.999999	-2.5264E-10	32.055568
32.4999	4.9517E-10	32.231876	0.999999	-2.5008E-10	32.231876
32.9999	5.0453E-10	32.408225	0.999999	-2.549E-10	32.408225
33.5	5.0422E-10	32.5954	1	-2.5793E-10	32.5954
34	5.0841E-10	32.771852	1.000001	-2.578E-10	32.771852
34.4999	5.029E-10	32.994999	0.999999	-2.5628E-10	32.994999
35	5.1534E-10	33.171341	1	-2.6225E-10	33.171341
35.5	5.3453E-10	33.347578	1	-2.7677E-10	33.347578
35.9999	5.3108E-10	33.523809	0.999999	-2.6865E-10	33.523809
36.5	5.3132E-10	33.700112	0.999999	-2.6608E-10	33.700112
36.9999	5.3784E-10	33.876473	1	-2.7227E-10	33.876473
37.5	5.5506E-10	34.054217	1	-2.8835E-10	34.054217
38	5.4269E-10	34.23054	0.999999	-2.7212E-10	34.23054
38.5	5.5301E-10	34.407139	0.999999	-2.7744E-10	34.407139
39	5.6106E-10	34.601178	0.999999	-2.8462E-10	34.601178
39.5	5.7657E-10	34.77757	0.999999	-2.9876E-10	34.77757
40	9.832E-10	34.983943	1	-7.0328E-10	34.983943
40.4999	6.9144E-10	35.160322	0.999999	-4.0993E-10	35.160322
40.9999	6.0272E-10	35.336868	1	-3.2025E-10	35.336868
41.5	6.1963E-10	35.51881	1	-3.3389E-10	35.51881
41.9999	6.2536E-10	35.695306	1	-3.3839E-10	35.695306
42.5	6.1702E-10	35.871627	1	-3.2544E-10	35.871627
42.9999	6.3521E-10	36.049983	1	-3.37E-10	36.049983
43.5	6.2671E-10	36.226606	0.999999	-3.2741E-10	36.226606
44	6.2914E-10	36.403079	0.999999	-3.307E-10	36.403079
44.4999	6.348E-10	36.581403	1	-3.2816E-10	36.581403
44.9999	6.2777E-10	36.757816	1	-3.1797E-10	36.757816
45.5	6.3597E-10	36.95112	1	-3.2746E-10	36.95112
45.9999	6.2739E-10	37.127652	0.999999	-3.1978E-10	37.127652
46.4999	6.2178E-10	37.304088	0.999999	-3.1342E-10	37.304088
47	6.3202E-10	37.520291	1	-3.2163E-10	37.520291
47.5	6.1973E-10	37.696906	0.999999	-3.0424E-10	37.696906
48	6.2519E-10	37.873395	0.999999	-3.0438E-10	37.873395
48.5	6.0572E-10	38.049791	0.999999	-2.8282E-10	38.049791
49	6.1039E-10	38.226279	0.999999	-2.8545E-10	38.226279
49.5	6.097E-10	38.402828	1	-2.868E-10	38.402828
49.9999	6.1403E-10	38.57949	1	-2.8659E-10	38.57949
50.4999	6.3314E-10	38.756139	0.999999	-2.9974E-10	38.756139
50.9999	6.5428E-10	38.93271	1	-3.1504E-10	38.93271
51.5	6.4776E-10	39.116074	0.999999	-3.0628E-10	39.116074
51.9999	6.5322E-10	39.292539	0.999999	-3.1279E-10	39.292539
52.4999	6.4094E-10	39.502923	1	-3.0311E-10	39.502923
52.9999	6.4888E-10	39.679504	1	-3.0772E-10	39.679504
53.5	6.5716E-10	39.856136	0.999999	-3.0865E-10	39.856136
53.9999	6.6979E-10	40.032567	1.000001	-3.1773E-10	40.032567
54.5	6.6264E-10	40.209098	1	-3.1045E-10	40.209098
55	6.6994E-10	40.385749	0.999999	-3.1834E-10	40.385749
55.5	6.6848E-10	40.564717	1	-3.1067E-10	40.564717
55.9999	6.8004E-10	40.741339	1	-3.1781E-10	40.741339
56.5	6.8523E-10	40.917866	1	-3.2235E-10	40.917866
56.9999	6.8307E-10	41.096907	0.999999	-3.1967E-10	41.096907
57.5	6.9209E-10	41.273384	0.999999	-3.229E-10	41.273384
58	6.9612E-10	41.46575	0.999999	-3.2432E-10	41.46575
58.4999	7.0164E-10	41.642342	1	-3.2882E-10	41.642342
58.9999	6.9838E-10	41.818882	1	-3.2856E-10	41.818882
59.5	6.9045E-10	42.035413	1	-3.201E-10	42.035413
59.9999	7.0293E-10	42.211955	1	-3.2968E-10	42.211955
59.9999	6.7895E-10	42.333205	1	-3.0668E-10	42.333205
59.4999	6.1552E-10	42.535309	0.999999	-2.7036E-10	42.535309
59	5.6618E-10	42.711862	0.999999	-2.367E-10	42.711862
58.5	5.3581E-10	42.888359	1	-2.1891E-10	42.888359
57.9999	5.0741E-10	43.064983	1	-1.9555E-10	43.064983
57.5	4.7217E-10	43.241548	1	-1.717E-10	43.241548
57	4.4015E-10	43.418263	0.999999	-1.5333E-10	43.418263
56.5	4.2255E-10	43.59485	0.999999	-1.4786E-10	43.59485
56	4.0922E-10	43.771352	1	-1.3985E-10	43.771352
55.5	4.0154E-10	43.94786	1	-1.3766E-10	43.94786
54.9999	3.7517E-10	44.131025	0.999999	-1.193E-10	44.131025
54.4999	3.6287E-10	44.307508	0.999999	-1.115E-10	44.307508
54	3.4795E-10	44.518372	0.999999	-1.0548E-10	44.518372
53.5	3.2227E-10	44.694856	1	-9.136E-11	44.694856
52.9999	3.1392E-10	44.871442	0.999999	-8.444E-11	44.871442
52.4999	2.9742E-10	45.048001	1	-7.458E-11	45.048001
51.9999	2.9126E-10	45.224394	0.999999	-7.068E-11	45.224394
51.4999	2.6876E-10	45.400952	1.000001	-5.825E-11	45.400952
50.9999	2.5576E-10	45.579592	0.999999	-5.33E-11	45.579592
50.4999	2.5858E-10	45.756041	1	-5.606E-11	45.756041
50	2.4821E-10	45.932673	0.999999	-5.015E-11	45.932673
49.5	2.2427E-10	46.111167	1	-3.745E-11	46.111167
48.9999	2.2185E-10	46.287651	1	-3.861E-11	46.287651
48.4999	2.1871E-10	46.480706	1	-3.643E-11	46.480706
47.9999	2.1016E-10	46.657206	1	-3.187E-11	46.657206
47.5	1.9846E-10	46.833696	1	-2.747E-11	46.833696
47	1.8373E-10	47.045764	1	-1.967E-11	47.045764
46.5	1.798E-10	47.222184	1	-1.797E-11	47.222184
45.9999	1.6703E-10	47.398687	1	-7.21E-12	47.398687
45.4999	1.5417E-10	47.575207	1	-3.03E-12	47.575207
45	1.4045E-10	47.75174	0.999999	7.01E-12	47.75174
44.5	1.2794E-10	47.928306	1	1.195E-11	47.928306
43.9999	1.1833E-10	48.105996	1.000001	2.037E-11	48.105996
43.4999	1.1613E-10	48.282367	1.000001	2.115E-11	48.282367
43	1.0228E-10	48.45883	0.999999	2.83E-11	48.45883
42.5	9.151E-11	48.643543	1	3.251E-11	48.643543
42	8.119E-11	48.819933	1	4.107E-11	48.819933
41.5	8.876E-11	49.030809	0.999999	3.253E-11	49.030809
40.9999	5.76E-11	49.207199	0.999999	5.915E-11	49.207199
40.4999	5.713E-11	49.383591	0.999999	5.586E-11	49.383591
40	3.04E-11	49.561155	0.999999	7.374E-11	49.561155
39.5001	1.336E-11	49.737534	0.999999	8.781E-11	49.737534
39	4.42E-12	49.91378	0.999999	9.549E-11	49.91378
38.4999	-1.14E-11	50.092215	1	1.0573E-10	50.092215
38	-1.772E-11	50.268566	1	1.0886E-10	50.268566
37.4999	-3.483E-11	50.445018	1	1.2111E-10	50.445018
37	-3.467E-11	50.623182	1	1.2055E-10	50.623182
36.5	-5.113E-11	50.799484	0.999999	1.3395E-10	50.799484
35.9999	-4.776E-11	50.99338	1	1.2599E-10	50.99338
35.4999	-7.715E-11	51.169859	1	1.5137E-10	51.169859
34.9999	-1.0438E-10	51.346111	0.999999	1.7371E-10	51.346111
34.5	-7.883E-11	51.558477	0.999999	1.4664E-10	51.558477
34	-1.1798E-10	51.734742	1	1.8241E-10	51.734742
33.4999	-1.5983E-10	51.911025	1	2.1862E-10	51.911025
32.9999	-1.6018E-10	52.087285	0.999999	2.1705E-10	52.087285
32.4999	-1.8071E-10	52.263635	1.000001	2.3439E-10	52.263635
31.9999	-1.7979E-10	52.439858	0.999999	2.3068E-10	52.439858
31.5	-2.2026E-10	52.618655	0.999999	2.6633E-10	52.618655
30.9999	-2.3329E-10	52.795059	0.999999	2.7675E-10	52.795059
30.5	-2.1269E-10	52.97126	1	2.5417E-10	52.97126
30	-2.1987E-10	53.156272	0.999999	2.572E-10	53.156272
29.5	-2.1388E-10	53.33253	1	2.4804E-10	53.33253
28.9999	-1.973E-10	53.539464	0.999999	2.3004E-10	53.539464
28.5	-2.1888E-10	53.715797	0.999999	2.4934E-10	53.715797
28	-2.7455E-10	53.892238	1	3.0032E-10	53.892238
27.5	-2.8935E-10	54.069389	1.000001	3.1117E-10	54.069389
27	-4.0692E-10	54.245769	1	4.2542E-10	54.245769
26.4999	-3.5411E-10	54.421952	0.999999	3.708E-10	54.421952
26	-3.2738E-10	54.598212	0.999999	3.4108E-10	54.598212
25.5	-3.2653E-10	54.774427	1.000001	3.3703E-10	54.774427
25	-3.3674E-10	54.950743	0.999999	3.4505E-10	54.950743
24.4999	-2.8449E-10	55.127853	0.999999	2.8917E-10	55.127853
23.9999	-2.3698E-10	55.304171	0.999999	2.3907E-10	55.304171
23.4999	-3.4931E-10	55.480372	0.999999	3.4876E-10	55.480372
22.9999	-2.5742E-10	55.664001	1	2.5422E-10	55.664001
22.4999	-2.7913E-10	55.840199	0.999999	2.7347E-10	55.840199
22	-2.9534E-10	56.04666	0.999999	2.8887E-10	56.04666
21.4999	-3.2075E-10	56.222913	1.000001	3.0967E-10	56.222913
21	-3.4846E-10	56.399053	1	3.3509E-10	56.399053
20.4999	-2.4797E-10	56.581166	1	2.3165E-10	56.581166
20	-3.1148E-10	56.757269	1	2.9279E-10	56.757269
19.4999	-2.1964E-10	56.9333	0.999999	1.9859E-10	56.9333
18.9999	-3.522E-10	57.109616	1	3.2839E-10	57.109616
18.4999	-2.9576E-10	57.285741	0.999999	2.6823E-10	57.285741
17.9999	-2.8225E-10	57.461766	0.999999	2.5202E-10	57.461766
17.4999	-4.6343E-10	57.637918	0.999999	4.3149E-10	57.637918
16.9999	-3.4717E-10	57.814119	0.999999	3.1394E-10	57.814119
16.4999	-3.2581E-10	58.013138	0.999999	2.9087E-10	58.013138
16	-3.9598E-10	58.189282	1	3.5849E-10	58.189282
15.5	-2.6241E-10	58.365389	1	2.2057E-10	58.365389
15	-2.9904E-10	58.58315	1	2.5855E-10	58.58315
14.4999	-3.6705E-10	58.759272	0.999999	3.2265E-10	58.759272
14	-3.1501E-10	58.935382	0.999999	2.6841E-10	58.935382
13.4999	-2.7368E-10	59.111452	1	2.2561E-10	59.111452
13	-1.04639E-09	59.287633	0.999995	9.9784E-10	59.287633
12.5001	-3.5675E-10	59.463764	1	3.0245E-10	59.463764
11.9999	-3.5674E-10	59.640462	1	3.0051E-10	59.640462
11.5	-3.2588E-10	59.816559	1	2.6759E-10	59.816559
10.9999	-4.3189E-10	59.99273	1.000001	3.7033E-10	59.99273
10.4999	-3.8869E-10	60.177632	1	3.2632E-10	60.177632
9.9999	-4.1498E-10	60.353739	1	3.4855E-10	60.353739
9.5	-3.6903E-10	60.564932	0.999999	3.0452E-10	60.564932
8.9999	-4.4345E-10	60.740983	0.999999	3.748E-10	60.740983
8.4999	-4.5031E-10	60.917098	0.999998	3.7934E-10	60.917098
8	-3.4957E-10	61.094575	0.999999	2.7654E-10	61.094575
7.5	-5.1458E-10	61.270634	1.000001	4.3941E-10	61.270634
7	-4.584E-10	61.446643	1	3.7955E-10	61.446643
6.4999	-3.7759E-10	61.622846	1	2.9638E-10	61.622846
6	-3.9499E-10	61.798968	0.999999	3.1231E-10	61.798968
5.5	-3.4049E-10	61.975107	1	2.5569E-10	61.975107
5	-4.2605E-10	62.151571	0.999999	3.3873E-10	62.151571
4.5	-4.0442E-10	62.327644	1	3.1513E-10	62.327644
3.9999	-4.6831E-10	62.526812	1.000001	3.7806E-10	62.526812
3.5	-3.532E-10	62.702861	0.999999	2.6065E-10	62.702861
3	-4.2248E-10	62.878937	1	3.2753E-10	62.878937
2.5	-5.3496E-10	63.091893	1	4.3914E-10	63.091893
2	-4.0033E-10	63.268042	1.000001	3.0155E-10	63.268042
1.5	-4.4997E-10	63.444105	0.999999	3.4896E-10	63.444105
1	-3.7367E-10	63.620421	0.999999	2.6967E-10	63.620421
0.4999	-4.4848E-10	63.796451	0.999999	3.4111E-10	63.796451
-0.0001	-5.582E-10	63.972464	1	4.4804E-10	63.972464
-0.5	-4.6704E-10	64.148901	1.000001	3.5332E-10	64.148901
-1	-4.9159E-10	64.324913	0.999999	3.7614E-10	64.324913
-1.5001	-4.446E-10	64.50113	0.999999	3.2704E-10	64.50113
-2.0001	-4.343E-10	64.690162	0.999999	3.1446E-10	64.690162
-2.5001	-4.3084E-10	64.866188	0.999999	3.0762E-10	64.866188
-3.0001	-4.4073E-10	65.073017	0.999999	3.1698E-10	65.073017
-3.5	-4.6332E-10	65.249071	0.999999	3.3627E-10	65.249071
-4.0001	-3.7355E-10	65.425189	0.999999	2.4409E-10	65.425189
-4.5001	-3.9742E-10	65.602846	0.999999	2.6548E-10	65.602846
-5	-4.3027E-10	65.778899	1.000001	2.9572E-10	65.778899
-5.5	-4.2643E-10	65.954998	1	2.8879E-10	65.954998
-6	-4.7169E-10	66.131053	1.000001	3.3069E-10	66.131053
-6.5001	-4.1587E-10	66.307091	0.999999	2.7017E-10	66.307091
-7.0001	-4.543E-10	66.483137	1	3.0787E-10	66.483137
-7.5	-6.4164E-10	66.659959	1	4.9373E-10	66.659959
-8.0001	-3.245E-10	66.836125	1	1.7453E-10	66.836125
-8.5	-4.1873E-10	67.012187	1.000002	2.6392E-10	67.012187
-9.0001	-5.7198E-10	67.197118	1	4.1459E-10	67.197118
-9.5	-1.06045E-09	67.373206	0.999998	9.005E-10	67.373206
-10.0001	-2.07944E-09	67.584611	0.999999	1.92222E-09	67.584611
-10.5001	-2.34483E-09	67.76077	0.999997	2.18341E-09	67.76077
-11	-2.22666E-09	67.936866	0.999999	2.06077E-09	67.936866
-11.5	-2.12316E-09	68.114101	1.000005	1.9486E-09	68.114101
-12.0001	-2.23807E-09	68.290135	1.000002	2.06241E-09	68.290135
-12.5001	-2.57755E-09	68.46622	1.000003	2.39909E-09	68.46622
-13.0001	-2.47195E-09	68.642262	0.999999	2.29411E-09	68.642262
-13.5	-3.03139E-09	68.818334	0.999998	2.8536E-09	68.818334
-14	-2.94979E-09	68.994407	1	2.76597E-09	68.994407
-14.5001	-4.40954E-09	69.170535	1.000001	4.22041E-09	69.170535
-15.0001	-4.50245E-09	69.346559	0.999997	4.31199E-09	69.346559
-15.5001	-4.17545E-09	69.546311	0.999995	3.98443E-09	69.546311
-16.0001	-4.3E-09	69.722412	1.000002	4.10165E-09	69.722412
-16.5	-4.79113E-09	69.898668	0.999996	4.59372E-09	69.898668
-17	-6.23893E-09	70.116314	0.999996	6.04206E-09	70.116314
-17.5	-6.96877E-09	70.292401	1.000001	6.76644E-09	70.292401
-18.0001	-6.06792E-09	70.468463	0.999999	5.86448E-09	70.468463
-18.5	-6.42758E-09	70.644474	1	6.21957E-09	70.644474
-19	-5.9255E-09	70.820582	1	5.71376E-09	70.820582
-19.5	-5.96995E-09	70.996733	0.999999	5.7524E-09	70.996733
-20.0001	-6.09072E-09	71.173591	0.999995	5.87591E-09	71.173591
-20.5	-5.84129E-09	71.349591	1.000001	5.62094E-09	71.349591
-21	-5.48109E-09	71.525946	0.999999	5.2601E-09	71.525946
-21.5	-4.88804E-09	71.71077	0.999997	4.66788E-09	71.71077
-22.0001	-7.04491E-09	71.886941	0.999992	6.82276E-09	71.886941
-22.5	-6.19779E-09	72.098188	0.999996	5.9701E-09	72.098188
-23	-3.85347E-09	72.27437	1	3.62115E-09	72.27437
-23.5	-3.60273E-09	72.450659	1.000001	3.36802E-09	72.450659
-24.0001	-3.51674E-09	72.628037	0.999997	3.28262E-09	72.628037
-24.5	-4.07298E-09	72.804308	0.999996	3.83343E-09	72.804308
-25.0001	-4.26266E-09	72.980567	0.999999	4.01832E-09	72.980567
-25.5	-5.90138E-09	73.1569	1.000001	5.65285E-09	73.1569
-26	-6.78847E-08	73.321186	0.999997	6.76185E-08	73.321186
-26.5	-2.54645E-06	73.451451	0.999997	2.54584E-06	73.451451
-27	-2.674E-06	73.584357	0.999999	2.67318E-06	73.584357
-27.5	-2.59886E-06	73.707925	1	2.59794E-06	73.707925
-28	-2.69531E-06	73.831421	1	2.69442E-06	73.831421
-28.5	-2.53299E-06	73.954992	1	2.53206E-06	73.954992
-29	-1.76016E-06	74.079142	1.000015	1.75765E-06	74.079142
-29.4999	-8.36932E-08	74.239694	0.99991	8.34237E-08	74.239694
-30	-8.4696E-08	74.375156	1	8.4319E-08	74.375156
-30.5	-8.7595E-08	74.515962	0.999993	8.71426E-08	74.515962
-31	-9.3079E-08	74.671782	1	9.2677E-08	74.671782
-31.5	-8.6077E-08	74.812544	0.999899	8.48676E-08	74.812544
-32	-8.9093E-08	74.941903	1	8.8673E-08	74.941903
-32.5001	-8.06862E-08	75.116204	1.000029	8.03566E-08	75.116204
-33	-7.5632E-08	75.262497	1.000006	7.53063E-08	75.262497
-33.5	-8.01026E-08	75.408835	1.000021	7.97703E-08	75.408835
-34	-7.90265E-08	75.600525	0.999998	7.87107E-08	75.600525
-34.4999	-9.21974E-08	75.746852	0.999962	9.18869E-08	75.746852
-35	-1.37346E-07	75.882305	0.999998	1.37008E-07	75.882305
-35.5	-9.2244E-08	76.00583	1.000002	9.1711E-08	76.00583
-36.0001	-7.10348E-08	76.172734	1	7.06979E-08	76.172734
-36.5	-6.84988E-08	76.296276	1.000024	6.81451E-08	76.296276
-37.0001	-6.11371E-08	76.440273	1.000125	6.07284E-08	76.440273
-37.5	-9.4819E-08	76.607105	0.999996	9.453E-08	76.607105
-38	-6.03281E-08	76.771354	1.000026	5.99718E-08	76.771354
-38.5	-5.12103E-08	76.894873	0.999992	5.08679E-08	76.894873
-39	-5.63244E-08	77.018361	0.999992	5.59825E-08	77.018361
-39.5	-5.70452E-08	77.141848	1.000001	5.66927E-08	77.141848
-40	-7.2176E-08	77.265382	1.000005	7.18144E-08	77.265382
-40.5	-7.59656E-08	77.429758	1.000016	7.55954E-08	77.429758
-41	-1.06414E-07	77.640809	1.00001	1.0571E-07	77.640809
-41.5	-1.3363E-07	77.764339	0.999984	1.3347E-07	77.764339
-42	-2.5414E-07	77.887841	1.000012	2.53434E-07	77.887841
-42.5	-2.28113E-07	78.011389	1.000005	2.27511E-07	78.011389
-43	-1.58181E-07	78.13499	1.000001	1.57653E-07	78.13499
-43.5	-1.91988E-07	78.258544	1	1.91499E-07	78.258544
-44	-1.16138E-07	78.382099	1	1.15624E-07	78.382099
-44.5	-1.1384E-07	78.505637	0.999999	1.13338E-07	78.505637
-45	-8.5424E-08	78.646442	1	8.49159E-08	78.646442
-45.5	-5.05368E-07	78.775849	0.999956	5.05611E-07	78.775849
-46	-5.07055E-08	78.94023	1.000025	5.02954E-08	78.94023
-46.4999	-6.99177E-08	79.137724	0.999967	6.95452E-08	79.137724
-47	-2.86872E-07	79.273371	1.000002	2.8641E-07	79.273371
-47.5	-2.19107E-07	79.396862	1.000007	2.18451E-07	79.396862
-48	-1.07822E-07	79.602439	1.000004	1.07162E-07	79.602439
-48.5	-5.85703E-08	79.760774	1.000015	5.81675E-08	79.760774
-49	-1.02431E-07	79.896289	0.999997	1.02023E-07	79.896289
-49.5	-9.3919E-08	80.102825	0.999999	9.3397E-08	80.102825
-50	-1.08881E-07	80.226482	0.999999	1.08363E-07	80.226482
-50.5	-3.33678E-07	80.359719	1.000001	3.3256E-07	80.359719
-51	-3.0597E-07	80.486012	1.000003	3.054E-07	80.486012
-51.5	-1.30214E-07	80.609532	1.000001	1.29636E-07	80.609532
-52	-3.43355E-07	80.733065	0.999987	3.43078E-07	80.733065
-52.5	-3.65341E-07	80.900158	0.999977	3.6523E-07	80.900158
-53	-4.26649E-07	81.023689	1.000009	4.25993E-07	81.023689
-53.5	-3.59343E-07	81.147203	1.000002	3.5878E-07	81.147203
-54	-2.66397E-07	81.270749	0.999999	2.65857E-07	81.270749
-54.5	-4.79363E-07	81.406313	0.999995	4.78979E-07	81.406313
-55	-2.9754E-07	81.53936	0.999993	2.9677E-07	81.53936
-55.5	-3.2209E-07	81.685846	1.000002	3.21518E-07	81.685846
-56	-3.00591E-07	81.809301	0.999999	3.00059E-07	81.809301
-56.5	-2.71533E-07	81.938701	0.999995	2.7108E-07	81.938701
-57	-3.05448E-07	82.104155	0.999982	3.0525E-07	82.104155
-57.5	-2.98978E-07	82.233982	0.999992	2.9861E-07	82.233982
-58	-1.03049E-06	82.380327	1.000003	1.02904E-06	82.380327
-58.5	-9.7842E-07	82.528364	1.000001	9.7705E-07	82.528364
-59	-3.0561E-07	82.651877	1.000006	3.035E-07	82.651877
-59.5	-3.05184E-07	82.781185	0.999995	3.04712E-07	82.781185
-60	-5.54868E-07	82.904676	1.000025	5.53938E-07	82.904676
