File Name: 13_Sample1_device3_trfSat_dark_vert_foil.dat
File Data: 17/11/2023	11:08:29
Start V: 0
Step V: 0
Stop V: 0
Range V: 200
Delay(ms): 0
Auorange: yes
Sweep type: log
Instrument Meter: SM2614
Time(ms)	Vdrain(V)	Idrain(A)	Vgate(V)	Igate(A)
0.0000E+0	1.0000E+0	2.1331E-10	-5.0000E+1	-7.4263E-10
1.0000E+3	1.0000E+0	1.6129E-10	-4.9500E+1	-4.9521E-10
1.5000E+3	1.0000E+0	1.3275E-10	-4.9000E+1	-2.6997E-10
2.0000E+3	1.0000E+0	1.1102E-10	-4.8500E+1	-2.2625E-10
2.5000E+3	1.0000E+0	9.6369E-11	-4.8000E+1	-1.9516E-10
3.0000E+3	1.0000E+0	8.1274E-11	-4.7500E+1	-1.6750E-10
3.5000E+3	1.0000E+0	7.2968E-11	-4.7000E+1	-1.4434E-10
4.0000E+3	1.0000E+0	6.6804E-11	-4.6500E+1	-1.2799E-10
4.5000E+3	1.0000E+0	6.5759E-11	-4.6000E+1	-1.1525E-10
5.0000E+3	1.0000E+0	6.0259E-11	-4.5500E+1	-1.0335E-10
5.5000E+3	1.0000E+0	5.3987E-11	-4.5000E+1	-9.1199E-11
6.0000E+3	1.0000E+0	4.6017E-11	-4.4500E+1	-8.1155E-11
6.5000E+3	1.0000E+0	4.6381E-11	-4.4000E+1	-7.3302E-11
7.0000E+3	1.0000E+0	4.8664E-11	-4.3500E+1	-6.5575E-11
7.5000E+3	1.0000E+0	5.3627E-11	-4.3000E+1	-5.8177E-11
8.0000E+3	1.0000E+0	6.8265E-11	-4.2500E+1	-5.1813E-11
8.5000E+3	1.0000E+0	8.5481E-11	-4.2000E+1	-4.4742E-11
9.0000E+3	1.0000E+0	1.0779E-10	-4.1500E+1	-3.9153E-11
9.5000E+3	1.0000E+0	1.3912E-10	-4.1000E+1	-3.3546E-11
1.0000E+4	1.0000E+0	1.7202E-10	-4.0500E+1	-2.7255E-11
1.0500E+4	1.0000E+0	2.2246E-10	-4.0000E+1	-2.2924E-11
1.1000E+4	1.0000E+0	2.7996E-10	-3.9500E+1	-1.7993E-11
1.1500E+4	1.0000E+0	3.5067E-10	-3.9000E+1	-1.2895E-11
1.2000E+4	1.0000E+0	4.3533E-10	-3.8500E+1	-8.6296E-12
1.2500E+4	1.0000E+0	5.5362E-10	-3.8000E+1	-5.2691E-12
1.3000E+4	1.0000E+0	7.2370E-10	-3.7500E+1	-1.8334E-12
1.3500E+4	1.0000E+0	9.2261E-10	-3.7000E+1	1.6069E-12
1.4000E+4	1.0000E+0	1.1774E-9	-3.6500E+1	5.4419E-12
1.4500E+4	1.0000E+0	1.5064E-9	-3.6000E+1	9.1159E-12
1.5000E+4	1.0000E+0	1.8953E-9	-3.5500E+1	5.6779E-12
1.5500E+4	1.0000E+0	2.4351E-9	-3.5000E+1	1.5024E-10
1.6000E+4	1.0000E+0	3.0923E-9	-3.4500E+1	1.4961E-11
1.6500E+4	1.0000E+0	3.9631E-9	-3.4000E+1	1.7166E-11
1.7000E+4	1.0000E+0	5.0822E-9	-3.3500E+1	2.1175E-11
1.7500E+4	1.0000E+0	6.5466E-9	-3.3000E+1	2.5210E-11
1.8000E+4	1.0000E+0	8.5308E-9	-3.2500E+1	2.7667E-11
1.8500E+4	1.0000E+0	1.1018E-8	-3.2000E+1	3.0621E-11
1.9000E+4	1.0000E+0	1.4239E-8	-3.1500E+1	3.3191E-11
1.9500E+4	1.0000E+0	1.8446E-8	-3.1000E+1	3.5698E-11
2.0000E+4	1.0000E+0	2.3939E-8	-3.0500E+1	3.7442E-11
2.0500E+4	1.0000E+0	3.0745E-8	-3.0000E+1	3.9335E-11
2.1000E+4	1.0000E+0	3.9762E-8	-2.9500E+1	4.0927E-11
2.1500E+4	1.0000E+0	5.0283E-8	-2.9000E+1	4.2406E-11
2.2000E+4	1.0000E+0	6.3128E-8	-2.8500E+1	4.3176E-11
2.2500E+4	1.0000E+0	7.9182E-8	-2.8000E+1	4.5192E-11
2.3000E+4	1.0000E+0	9.8780E-8	-2.7500E+1	4.6028E-11
2.3500E+4	1.0000E+0	1.2240E-7	-2.7000E+1	4.6149E-11
2.4000E+4	1.0000E+0	1.5063E-7	-2.6500E+1	5.5772E-11
2.4500E+4	1.0000E+0	1.8163E-7	-2.6000E+1	4.7290E-11
2.5000E+4	1.0000E+0	2.1821E-7	-2.5500E+1	4.8616E-11
2.5500E+4	1.0000E+0	2.5972E-7	-2.5000E+1	4.9421E-11
2.6000E+4	1.0000E+0	3.0539E-7	-2.4500E+1	5.0371E-11
2.6500E+4	1.0000E+0	3.5538E-7	-2.4000E+1	5.1862E-11
2.7000E+4	1.0000E+0	4.1247E-7	-2.3500E+1	5.2607E-11
2.7500E+4	1.0000E+0	4.7511E-7	-2.3000E+1	5.3085E-11
2.8000E+4	1.0000E+0	5.4247E-7	-2.2500E+1	5.3431E-11
2.8500E+4	1.0000E+0	6.1392E-7	-2.2000E+1	5.4894E-11
2.9000E+4	1.0000E+0	6.8990E-7	-2.1500E+1	5.6237E-11
2.9500E+4	1.0000E+0	7.7908E-7	-2.1000E+1	5.7061E-11
3.0000E+4	1.0000E+0	8.6782E-7	-2.0500E+1	5.6915E-11
3.0500E+4	1.0000E+0	9.6034E-7	-2.0000E+1	8.0961E-11
3.1000E+4	1.0000E+0	1.0627E-6	-1.9500E+1	8.1151E-11
3.1500E+4	1.0000E+0	1.1717E-6	-1.9000E+1	6.9722E-11
3.2000E+4	1.0000E+0	1.2788E-6	-1.8500E+1	6.1603E-11
3.2500E+4	1.0000E+0	1.4033E-6	-1.8000E+1	6.2431E-11
3.3000E+4	1.0000E+0	1.5251E-6	-1.7500E+1	6.3072E-11
3.3500E+4	1.0000E+0	1.6544E-6	-1.7000E+1	6.4217E-11
3.4000E+4	1.0000E+0	1.7943E-6	-1.6500E+1	6.5186E-11
3.4500E+4	1.0000E+0	1.9361E-6	-1.6000E+1	6.6267E-11
3.5000E+4	1.0000E+0	2.0835E-6	-1.5500E+1	6.6956E-11
3.5500E+4	1.0000E+0	2.2401E-6	-1.5000E+1	6.8276E-11
3.6000E+4	1.0000E+0	2.4046E-6	-1.4500E+1	6.9880E-11
3.6500E+4	1.0000E+0	2.5734E-6	-1.4000E+1	7.1499E-11
3.7000E+4	1.0000E+0	2.7568E-6	-1.3500E+1	7.3321E-11
3.7500E+4	1.0000E+0	2.9371E-6	-1.3000E+1	7.5924E-11
3.8000E+4	1.0000E+0	3.1268E-6	-1.2500E+1	7.8522E-11
3.8500E+4	1.0000E+0	3.3361E-6	-1.2000E+1	8.1868E-11
3.9000E+4	1.0000E+0	3.5496E-6	-1.1500E+1	8.5651E-11
3.9500E+4	1.0000E+0	3.7630E-6	-1.1000E+1	8.9985E-11
4.0000E+4	1.0000E+0	3.9811E-6	-1.0500E+1	9.5164E-11
4.0500E+4	1.0000E+0	4.2178E-6	-1.0000E+1	1.0054E-10
4.1000E+4	1.0000E+0	4.4545E-6	-9.5000E+0	1.0649E-10
4.1500E+4	1.0000E+0	4.7056E-6	-9.0000E+0	1.1398E-10
4.2000E+4	1.0000E+0	4.9661E-6	-8.5000E+0	1.2240E-10
4.2500E+4	1.0000E+0	5.2354E-6	-8.0000E+0	1.3164E-10
4.3000E+4	1.0000E+0	5.5081E-6	-7.5000E+0	1.4242E-10
4.3500E+4	1.0000E+0	5.7822E-6	-7.0000E+0	1.5510E-10
4.4000E+4	1.0000E+0	6.0819E-6	-6.5000E+0	1.6934E-10
4.4500E+4	1.0000E+0	6.3845E-6	-6.0000E+0	1.8535E-10
4.5000E+4	1.0000E+0	6.6971E-6	-5.5000E+0	2.0442E-10
4.5500E+4	1.0000E+0	7.0250E-6	-5.0000E+0	2.2133E-10
4.6000E+4	1.0000E+0	7.3590E-6	-4.5000E+0	3.7633E-10
4.6500E+4	1.0000E+0	7.6925E-6	-4.0000E+0	2.7857E-10
4.7000E+4	1.0000E+0	8.0435E-6	-3.5000E+0	3.0909E-10
4.7500E+4	1.0000E+0	8.3962E-6	-3.0000E+0	3.4393E-10
4.8000E+4	1.0000E+0	8.7616E-6	-2.5000E+0	3.7902E-10
4.8500E+4	1.0000E+0	9.1378E-6	-2.0000E+0	4.2052E-10
4.9000E+4	1.0000E+0	9.5208E-6	-1.5000E+0	4.5981E-10
4.9500E+4	1.0000E+0	9.9309E-6	-1.0000E+0	4.9912E-10
5.0000E+4	1.0000E+0	1.0343E-5	-5.0000E-1	5.2372E-10
5.0500E+4	1.0000E+0	1.0754E-5	0.0000E+0	5.4029E-10
5.1000E+4	1.0000E+0	1.1197E-5	5.0000E-1	5.2766E-10
5.1500E+4	1.0000E+0	1.1625E-5	1.0000E+0	4.9302E-10
5.2000E+4	1.0000E+0	1.2051E-5	1.5000E+0	4.3869E-10
5.2500E+4	1.0000E+0	1.2539E-5	2.0000E+0	3.8125E-10
5.3000E+4	1.0000E+0	1.2996E-5	2.5000E+0	3.3517E-10
5.3500E+4	1.0000E+0	1.3475E-5	3.0000E+0	3.0542E-10
5.4000E+4	1.0000E+0	1.3954E-5	3.5000E+0	2.9011E-10
5.4500E+4	1.0000E+0	1.4459E-5	4.0000E+0	2.8158E-10
5.5000E+4	1.0000E+0	1.5002E-5	4.5000E+0	2.7672E-10
5.5500E+4	1.0000E+0	1.5500E-5	5.0000E+0	2.7439E-10
5.6000E+4	1.0000E+0	1.6028E-5	5.5000E+0	2.7075E-10
5.6500E+4	1.0000E+0	1.6526E-5	6.0000E+0	2.6702E-10
5.7000E+4	1.0000E+0	1.7091E-5	6.5000E+0	2.6019E-10
5.7500E+4	1.0000E+0	1.7645E-5	7.0000E+0	2.5051E-10
5.8000E+4	1.0000E+0	1.8220E-5	7.5000E+0	2.3868E-10
5.8500E+4	1.0000E+0	1.8763E-5	8.0000E+0	2.2536E-10
5.9000E+4	1.0000E+0	1.9390E-5	8.5000E+0	2.1061E-10
5.9500E+4	1.0000E+0	1.9991E-5	9.0000E+0	1.9511E-10
6.0000E+4	1.0000E+0	2.0577E-5	9.5000E+0	1.7794E-10
6.0500E+4	1.0000E+0	2.1152E-5	1.0000E+1	1.5089E-10
6.1000E+4	1.0000E+0	2.1818E-5	1.0500E+1	5.4980E-10
6.1500E+4	1.0000E+0	2.2470E-5	1.1000E+1	1.3338E-10
6.2000E+4	1.0000E+0	2.3081E-5	1.1500E+1	1.2348E-10
6.2500E+4	1.0000E+0	2.3736E-5	1.2000E+1	1.1455E-10
6.3000E+4	1.0000E+0	2.4417E-5	1.2500E+1	1.0841E-10
6.3500E+4	1.0000E+0	2.5059E-5	1.3000E+1	1.0139E-10
6.4000E+4	1.0000E+0	2.5740E-5	1.3500E+1	9.7773E-11
6.4500E+4	1.0000E+0	2.6448E-5	1.4000E+1	9.3490E-11
6.5000E+4	1.0000E+0	2.7077E-5	1.4500E+1	9.0461E-11
6.5500E+4	1.0000E+0	2.7756E-5	1.5000E+1	8.8896E-11
6.6000E+4	1.0000E+0	2.8491E-5	1.5500E+1	8.7423E-11
6.6500E+4	1.0000E+0	2.9163E-5	1.6000E+1	8.4895E-11
6.7000E+4	1.0000E+0	2.9953E-5	1.6500E+1	8.4016E-11
6.7500E+4	1.0000E+0	3.0705E-5	1.7000E+1	8.2700E-11
6.8000E+4	1.0000E+0	3.1381E-5	1.7500E+1	8.1877E-11
6.8500E+4	1.0000E+0	3.2119E-5	1.8000E+1	8.1276E-11
6.9000E+4	1.0000E+0	3.2853E-5	1.8500E+1	8.0832E-11
6.9500E+4	1.0000E+0	3.3602E-5	1.9000E+1	8.0363E-11
7.0000E+4	1.0000E+0	3.4360E-5	1.9500E+1	7.9749E-11
7.0500E+4	1.0000E+0	3.5077E-5	2.0000E+1	7.9911E-11
7.1000E+4	1.0000E+0	3.5865E-5	2.0500E+1	8.1580E-11
7.1500E+4	1.0000E+0	3.6701E-5	2.1000E+1	7.9875E-11
7.2000E+4	1.0000E+0	3.7416E-5	2.1500E+1	7.9269E-11
7.2500E+4	1.0000E+0	3.8203E-5	2.2000E+1	7.9169E-11
7.3000E+4	1.0000E+0	3.9049E-5	2.2500E+1	7.9088E-11
7.3500E+4	1.0000E+0	3.9839E-5	2.3000E+1	7.9418E-11
7.4000E+4	1.0000E+0	4.0651E-5	2.3500E+1	7.9083E-11
7.4500E+4	1.0000E+0	4.1470E-5	2.4000E+1	7.8886E-11
7.5000E+4	1.0000E+0	4.2250E-5	2.4500E+1	7.9336E-11
7.5500E+4	1.0000E+0	4.3160E-5	2.5000E+1	7.8859E-11
7.6000E+4	1.0000E+0	4.3979E-5	2.5500E+1	2.8237E-10
7.6500E+4	1.0000E+0	4.4763E-5	2.6000E+1	7.9573E-11
7.7000E+4	1.0000E+0	4.5640E-5	2.6500E+1	7.9350E-11
7.7500E+4	1.0000E+0	4.6407E-5	2.7000E+1	7.9842E-11
7.8000E+4	1.0000E+0	4.7294E-5	2.7500E+1	7.9811E-11
7.8500E+4	1.0000E+0	4.8101E-5	2.8000E+1	7.9548E-11
7.9000E+4	1.0000E+0	4.8974E-5	2.8500E+1	7.9510E-11
7.9500E+4	1.0000E+0	4.9804E-5	2.9000E+1	7.9739E-11
8.0000E+4	1.0000E+0	5.0695E-5	2.9500E+1	8.0126E-11
8.0500E+4	1.0000E+0	5.1579E-5	3.0000E+1	7.9931E-11
8.1000E+4	1.0000E+0	5.2442E-5	3.0500E+1	7.9821E-11
8.1500E+4	1.0000E+0	5.3196E-5	3.1000E+1	8.0111E-11
8.2000E+4	1.0000E+0	5.4108E-5	3.1500E+1	8.1066E-11
8.2500E+4	1.0000E+0	5.4932E-5	3.2000E+1	8.0479E-11
8.3000E+4	1.0000E+0	5.5807E-5	3.2500E+1	8.1806E-11
8.3500E+4	1.0000E+0	5.6734E-5	3.3000E+1	8.1160E-11
8.4000E+4	1.0000E+0	5.7553E-5	3.3500E+1	8.1702E-11
8.4500E+4	1.0000E+0	5.8480E-5	3.4000E+1	8.4268E-11
8.5000E+4	1.0000E+0	5.9296E-5	3.4500E+1	8.6441E-11
8.5500E+4	1.0000E+0	6.0169E-5	3.5000E+1	8.7867E-11
8.6000E+4	1.0000E+0	6.1059E-5	3.5500E+1	8.9175E-11
8.6500E+4	1.0000E+0	6.1944E-5	3.6000E+1	8.9924E-11
8.7000E+4	1.0000E+0	6.2813E-5	3.6500E+1	9.0661E-11
8.7500E+4	1.0000E+0	6.3707E-5	3.7000E+1	9.1631E-11
8.8000E+4	1.0000E+0	6.4567E-5	3.7500E+1	9.2633E-11
8.8500E+4	1.0000E+0	6.5450E-5	3.8000E+1	9.3635E-11
8.9000E+4	1.0000E+0	6.6314E-5	3.8500E+1	9.5333E-11
8.9500E+4	1.0000E+0	6.7265E-5	3.9000E+1	9.5332E-11
9.0000E+4	1.0000E+0	6.8112E-5	3.9500E+1	9.5810E-11
9.0500E+4	1.0000E+0	6.8952E-5	4.0000E+1	9.5862E-11
9.1000E+4	1.0000E+0	6.9870E-5	4.0500E+1	8.5899E-11
9.1500E+4	1.0000E+0	7.0799E-5	4.1000E+1	2.7252E-10
9.2000E+4	1.0000E+0	7.1697E-5	4.1500E+1	9.8562E-11
9.2500E+4	1.0000E+0	7.2555E-5	4.2000E+1	9.8628E-11
9.3000E+4	1.0000E+0	7.3423E-5	4.2500E+1	9.9249E-11
9.3500E+4	1.0000E+0	7.4270E-5	4.3000E+1	9.8683E-11
9.4000E+4	1.0000E+0	7.5145E-5	4.3500E+1	1.0006E-10
9.4500E+4	1.0000E+0	7.6057E-5	4.4000E+1	9.9957E-11
9.5000E+4	1.0000E+0	7.6914E-5	4.4500E+1	1.0048E-10
9.5500E+4	1.0000E+0	7.7728E-5	4.5000E+1	1.0054E-10
9.6000E+4	1.0000E+0	7.8627E-5	4.5500E+1	1.0100E-10
9.6500E+4	1.0000E+0	7.9484E-5	4.6000E+1	1.0105E-10
9.7000E+4	1.0000E+0	8.0312E-5	4.6500E+1	1.0203E-10
9.7500E+4	1.0000E+0	8.1246E-5	4.7000E+1	1.0215E-10
9.8000E+4	1.0000E+0	8.2116E-5	4.7500E+1	1.0244E-10
9.8500E+4	1.0000E+0	8.2940E-5	4.8000E+1	1.0278E-10
9.9000E+4	1.0000E+0	8.3822E-5	4.8500E+1	1.0288E-10
9.9500E+4	1.0000E+0	8.4729E-5	4.9000E+1	1.0346E-10
1.0000E+5	1.0000E+0	8.5509E-5	4.9500E+1	1.0397E-10
1.0050E+5	1.0000E+0	8.6374E-5	5.0000E+1	1.0435E-10
1.0100E+5	1.0000E+0	8.7180E-5	5.0500E+1	1.0424E-10
1.0150E+5	1.0000E+0	8.6313E-5	5.0000E+1	-7.5731E-11
1.0200E+5	1.0000E+0	8.5372E-5	4.9500E+1	-8.3268E-11
1.0250E+5	1.0000E+0	8.4548E-5	4.9000E+1	-8.6892E-11
1.0300E+5	1.0000E+0	8.3631E-5	4.8500E+1	-8.8227E-11
1.0350E+5	1.0000E+0	8.2714E-5	4.8000E+1	-8.9725E-11
1.0400E+5	1.0000E+0	8.1815E-5	4.7500E+1	-9.0570E-11
1.0450E+5	1.0000E+0	8.0926E-5	4.7000E+1	-9.1885E-11
1.0500E+5	1.0000E+0	8.0083E-5	4.6500E+1	-9.2112E-11
1.0550E+5	1.0000E+0	7.9156E-5	4.6000E+1	-9.3017E-11
1.0600E+5	1.0000E+0	7.8257E-5	4.5500E+1	-8.5948E-11
1.0650E+5	1.0000E+0	7.7361E-5	4.5000E+1	-2.8918E-10
1.0700E+5	1.0000E+0	7.6462E-5	4.4500E+1	-9.6424E-11
1.0750E+5	1.0000E+0	7.5562E-5	4.4000E+1	-9.6606E-11
1.0800E+5	1.0000E+0	7.4710E-5	4.3500E+1	-9.6904E-11
1.0850E+5	1.0000E+0	7.3853E-5	4.3000E+1	-9.7799E-11
1.0900E+5	1.0000E+0	7.2925E-5	4.2500E+1	-9.8585E-11
1.0950E+5	1.0000E+0	7.2060E-5	4.2000E+1	-9.9705E-11
1.1000E+5	1.0000E+0	7.1144E-5	4.1500E+1	-1.0108E-10
1.1050E+5	1.0000E+0	7.0283E-5	4.1000E+1	-1.0311E-10
1.1100E+5	1.0000E+0	6.9315E-5	4.0500E+1	-1.0531E-10
1.1150E+5	1.0000E+0	6.8412E-5	4.0000E+1	-1.0725E-10
1.1200E+5	1.0000E+0	6.7532E-5	3.9500E+1	-1.0906E-10
1.1250E+5	1.0000E+0	6.6614E-5	3.9000E+1	-1.1021E-10
1.1300E+5	1.0000E+0	6.5739E-5	3.8500E+1	-1.0954E-10
1.1350E+5	1.0000E+0	6.4893E-5	3.8000E+1	-1.0963E-10
1.1400E+5	1.0000E+0	6.3979E-5	3.7500E+1	-1.1044E-10
1.1450E+5	1.0000E+0	6.3116E-5	3.7000E+1	-1.1073E-10
1.1500E+5	1.0000E+0	6.2192E-5	3.6500E+1	-1.1053E-10
1.1550E+5	1.0000E+0	6.1350E-5	3.6000E+1	-1.0853E-10
1.1600E+5	1.0000E+0	6.0492E-5	3.5500E+1	-1.0687E-10
1.1650E+5	1.0000E+0	5.9671E-5	3.5000E+1	-1.0459E-10
1.1700E+5	1.0000E+0	5.8711E-5	3.4500E+1	-1.0233E-10
1.1750E+5	1.0000E+0	5.7928E-5	3.4000E+1	-1.0280E-10
1.1800E+5	1.0000E+0	5.6992E-5	3.3500E+1	-1.0305E-10
1.1850E+5	1.0000E+0	5.6140E-5	3.3000E+1	-1.0255E-10
1.1900E+5	1.0000E+0	5.5301E-5	3.2500E+1	-1.0391E-10
1.1950E+5	1.0000E+0	5.4429E-5	3.2000E+1	-1.0469E-10
1.2000E+5	1.0000E+0	5.3532E-5	3.1500E+1	-1.0476E-10
1.2050E+5	1.0000E+0	5.2708E-5	3.1000E+1	-1.0469E-10
1.2100E+5	1.0000E+0	5.1832E-5	3.0500E+1	-1.0468E-10
1.2150E+5	1.0000E+0	5.1024E-5	3.0000E+1	-3.8981E-10
1.2200E+5	1.0000E+0	5.0169E-5	2.9500E+1	-1.0631E-10
1.2250E+5	1.0000E+0	4.9238E-5	2.9000E+1	-1.0689E-10
1.2300E+5	1.0000E+0	4.8354E-5	2.8500E+1	-1.0830E-10
1.2350E+5	1.0000E+0	4.7528E-5	2.8000E+1	-1.0813E-10
1.2400E+5	1.0000E+0	4.6673E-5	2.7500E+1	-1.0931E-10
1.2450E+5	1.0000E+0	4.5816E-5	2.7000E+1	-1.0978E-10
1.2500E+5	1.0000E+0	4.4930E-5	2.6500E+1	-1.1100E-10
1.2550E+5	1.0000E+0	4.4163E-5	2.6000E+1	-1.1232E-10
1.2600E+5	1.0000E+0	4.3347E-5	2.5500E+1	-1.1428E-10
1.2650E+5	1.0000E+0	4.2517E-5	2.5000E+1	-1.1426E-10
1.2700E+5	1.0000E+0	4.1687E-5	2.4500E+1	-1.1546E-10
1.2750E+5	1.0000E+0	4.0860E-5	2.4000E+1	-1.1706E-10
1.2800E+5	1.0000E+0	4.0044E-5	2.3500E+1	-1.1859E-10
1.2850E+5	1.0000E+0	3.9212E-5	2.3000E+1	-1.1978E-10
1.2900E+5	1.0000E+0	3.8402E-5	2.2500E+1	-1.2160E-10
1.2950E+5	1.0000E+0	3.7594E-5	2.2000E+1	-1.2392E-10
1.3000E+5	1.0000E+0	3.6870E-5	2.1500E+1	-1.2594E-10
1.3050E+5	1.0000E+0	3.6070E-5	2.1000E+1	-1.3054E-10
1.3100E+5	1.0000E+0	3.5252E-5	2.0500E+1	-1.3304E-10
1.3150E+5	1.0000E+0	3.4513E-5	2.0000E+1	-1.3839E-10
1.3200E+5	1.0000E+0	3.3722E-5	1.9500E+1	-1.4413E-10
1.3250E+5	1.0000E+0	3.2972E-5	1.9000E+1	-1.4885E-10
1.3300E+5	1.0000E+0	3.2148E-5	1.8500E+1	-1.5786E-10
1.3350E+5	1.0000E+0	3.1445E-5	1.8000E+1	-1.6926E-10
1.3400E+5	1.0000E+0	3.0705E-5	1.7500E+1	-1.8462E-10
1.3450E+5	1.0000E+0	3.0011E-5	1.7000E+1	-1.9635E-10
1.3500E+5	1.0000E+0	2.9248E-5	1.6500E+1	-2.1364E-10
1.3550E+5	1.0000E+0	2.8560E-5	1.6000E+1	-2.3317E-10
1.3600E+5	1.0000E+0	2.7813E-5	1.5500E+1	-2.4646E-10
1.3650E+5	1.0000E+0	2.7109E-5	1.5000E+1	-2.1448E-10
1.3700E+5	1.0000E+0	2.6456E-5	1.4500E+1	-5.4905E-10
1.3750E+5	1.0000E+0	2.5747E-5	1.4000E+1	-2.7988E-10
1.3800E+5	1.0000E+0	2.5104E-5	1.3500E+1	-2.8149E-10
1.3850E+5	1.0000E+0	2.4374E-5	1.3000E+1	-2.7876E-10
1.3900E+5	1.0000E+0	2.3722E-5	1.2500E+1	-2.7667E-10
1.3950E+5	1.0000E+0	2.3089E-5	1.2000E+1	-2.7395E-10
1.4000E+5	1.0000E+0	2.2462E-5	1.1500E+1	-2.6779E-10
1.4050E+5	1.0000E+0	2.1809E-5	1.1000E+1	-2.6475E-10
1.4100E+5	1.0000E+0	2.1196E-5	1.0500E+1	-2.5826E-10
1.4150E+5	1.0000E+0	2.0552E-5	1.0000E+1	-2.5222E-10
1.4200E+5	1.0000E+0	1.9935E-5	9.5000E+0	-2.4690E-10
1.4250E+5	1.0000E+0	1.9367E-5	9.0000E+0	-2.4291E-10
1.4300E+5	1.0000E+0	1.8729E-5	8.5000E+0	-2.3803E-10
1.4350E+5	1.0000E+0	1.8148E-5	8.0000E+0	-2.3794E-10
1.4400E+5	1.0000E+0	1.7571E-5	7.5000E+0	-2.2820E-10
1.4450E+5	1.0000E+0	1.7038E-5	7.0000E+0	-2.2643E-10
1.4500E+5	1.0000E+0	1.6452E-5	6.5000E+0	-2.2229E-10
1.4550E+5	1.0000E+0	1.5936E-5	6.0000E+0	-2.1813E-10
1.4600E+5	1.0000E+0	1.5383E-5	5.5000E+0	-2.1163E-10
1.4650E+5	1.0000E+0	1.4893E-5	5.0000E+0	-2.0840E-10
1.4700E+5	1.0000E+0	1.4357E-5	4.5000E+0	-2.0484E-10
1.4750E+5	1.0000E+0	1.3856E-5	4.0000E+0	-2.0040E-10
1.4800E+5	1.0000E+0	1.3368E-5	3.5000E+0	-1.9867E-10
1.4850E+5	1.0000E+0	1.2892E-5	3.0000E+0	-1.9609E-10
1.4900E+5	1.0000E+0	1.2419E-5	2.5000E+0	-1.9522E-10
1.4950E+5	1.0000E+0	1.1938E-5	2.0000E+0	-1.9490E-10
1.5000E+5	1.0000E+0	1.1511E-5	1.5000E+0	-1.9321E-10
1.5050E+5	1.0000E+0	1.1061E-5	1.0000E+0	-1.9293E-10
1.5100E+5	1.0000E+0	1.0637E-5	5.0000E-1	-1.9268E-10
1.5150E+5	1.0000E+0	1.0223E-5	0.0000E+0	-1.8617E-10
1.5200E+5	1.0000E+0	9.7900E-6	-5.0000E-1	-3.3514E-10
1.5250E+5	1.0000E+0	9.3801E-6	-1.0000E+0	-2.0407E-10
1.5300E+5	1.0000E+0	8.9877E-6	-1.5000E+0	-1.9294E-10
1.5350E+5	1.0000E+0	8.6005E-6	-2.0000E+0	-1.9717E-10
1.5400E+5	1.0000E+0	8.2360E-6	-2.5000E+0	-1.9952E-10
1.5450E+5	1.0000E+0	7.8693E-6	-3.0000E+0	-2.0167E-10
1.5500E+5	1.0000E+0	7.5276E-6	-3.5000E+0	-2.0185E-10
1.5550E+5	1.0000E+0	7.1856E-6	-4.0000E+0	-2.0220E-10
1.5600E+5	1.0000E+0	6.8515E-6	-4.5000E+0	-2.0389E-10
1.5650E+5	1.0000E+0	6.5121E-6	-5.0000E+0	-2.0169E-10
1.5700E+5	1.0000E+0	6.2006E-6	-5.5000E+0	-1.9550E-10
1.5750E+5	1.0000E+0	5.8939E-6	-6.0000E+0	-1.9474E-10
1.5800E+5	1.0000E+0	5.5994E-6	-6.5000E+0	-1.9581E-10
1.5850E+5	1.0000E+0	5.3103E-6	-7.0000E+0	-1.9732E-10
1.5900E+5	1.0000E+0	5.0360E-6	-7.5000E+0	-1.9471E-10
1.5950E+5	1.0000E+0	4.7628E-6	-8.0000E+0	-1.9485E-10
1.6000E+5	1.0000E+0	4.5021E-6	-8.5000E+0	-1.9379E-10
1.6050E+5	1.0000E+0	4.2488E-6	-9.0000E+0	-1.9183E-10
1.6100E+5	1.0000E+0	4.0050E-6	-9.5000E+0	-1.9021E-10
1.6150E+5	1.0000E+0	3.7605E-6	-1.0000E+1	-1.8894E-10
1.6200E+5	1.0000E+0	3.5328E-6	-1.0500E+1	-1.8821E-10
1.6250E+5	1.0000E+0	3.3099E-6	-1.1000E+1	-1.8755E-10
1.6300E+5	1.0000E+0	3.1038E-6	-1.1500E+1	-1.8407E-10
1.6350E+5	1.0000E+0	2.8954E-6	-1.2000E+1	-1.8174E-10
1.6400E+5	1.0000E+0	2.7047E-6	-1.2500E+1	-1.8034E-10
1.6450E+5	1.0000E+0	2.5197E-6	-1.3000E+1	-1.7839E-10
1.6500E+5	1.0000E+0	2.3363E-6	-1.3500E+1	-1.7701E-10
1.6550E+5	1.0000E+0	2.1664E-6	-1.4000E+1	-1.7488E-10
1.6600E+5	1.0000E+0	1.9998E-6	-1.4500E+1	-1.7369E-10
1.6650E+5	1.0000E+0	1.8416E-6	-1.5000E+1	-1.7114E-10
1.6700E+5	1.0000E+0	1.6913E-6	-1.5500E+1	-3.0931E-10
1.6750E+5	1.0000E+0	1.5488E-6	-1.6000E+1	-1.6952E-10
1.6800E+5	1.0000E+0	1.4152E-6	-1.6500E+1	-1.6908E-10
1.6850E+5	1.0000E+0	1.2875E-6	-1.7000E+1	-1.6682E-10
1.6900E+5	1.0000E+0	1.1654E-6	-1.7500E+1	-1.6591E-10
1.6950E+5	1.0000E+0	1.0504E-6	-1.8000E+1	-1.6365E-10
1.7000E+5	1.0000E+0	9.4168E-7	-1.8500E+1	-1.6334E-10
1.7050E+5	1.0000E+0	8.3783E-7	-1.9000E+1	-1.7297E-10
1.7100E+5	1.0000E+0	7.4121E-7	-1.9500E+1	-1.6170E-10
1.7150E+5	1.0000E+0	6.5365E-7	-2.0000E+1	-1.6618E-10
1.7200E+5	1.0000E+0	5.7237E-7	-2.0500E+1	-1.6191E-10
1.7250E+5	1.0000E+0	4.9613E-7	-2.1000E+1	-1.5981E-10
1.7300E+5	1.0000E+0	4.2916E-7	-2.1500E+1	-1.6370E-10
1.7350E+5	1.0000E+0	3.6722E-7	-2.2000E+1	-1.6014E-10
1.7400E+5	1.0000E+0	3.0940E-7	-2.2500E+1	-1.5890E-10
1.7450E+5	1.0000E+0	2.5889E-7	-2.3000E+1	-1.5781E-10
1.7500E+5	1.0000E+0	2.1340E-7	-2.3500E+1	-1.5665E-10
1.7550E+5	1.0000E+0	1.7481E-7	-2.4000E+1	-1.5696E-10
1.7600E+5	1.0000E+0	1.4127E-7	-2.4500E+1	-1.5658E-10
1.7650E+5	1.0000E+0	1.1261E-7	-2.5000E+1	-1.5660E-10
1.7700E+5	1.0000E+0	8.9115E-8	-2.5500E+1	-1.5575E-10
1.7750E+5	1.0000E+0	6.9441E-8	-2.6000E+1	-2.1022E-10
1.7800E+5	1.0000E+0	5.3481E-8	-2.6500E+1	-1.5530E-10
1.7850E+5	1.0000E+0	4.1100E-8	-2.7000E+1	-1.5586E-10
1.7900E+5	1.0000E+0	3.1416E-8	-2.7500E+1	-1.5502E-10
1.7950E+5	1.0000E+0	2.3794E-8	-2.8000E+1	-1.5473E-10
1.8000E+5	1.0000E+0	1.7893E-8	-2.8500E+1	-1.5433E-10
1.8050E+5	1.0000E+0	1.3474E-8	-2.9000E+1	-1.5457E-10
1.8100E+5	1.0000E+0	1.0259E-8	-2.9500E+1	-1.5509E-10
1.8150E+5	1.0000E+0	7.8558E-9	-3.0000E+1	-1.5614E-10
1.8200E+5	1.0000E+0	5.9083E-9	-3.0500E+1	-1.4270E-10
1.8250E+5	1.0000E+0	4.4541E-9	-3.1000E+1	-2.9449E-10
1.8300E+5	1.0000E+0	3.4382E-9	-3.1500E+1	-1.5532E-10
1.8350E+5	1.0000E+0	2.6105E-9	-3.2000E+1	-1.5480E-10
1.8400E+5	1.0000E+0	2.0127E-9	-3.2500E+1	-1.5622E-10
1.8450E+5	1.0000E+0	1.6156E-9	-3.3000E+1	-1.5776E-10
1.8500E+5	1.0000E+0	1.2072E-9	-3.3500E+1	-1.5711E-10
1.8550E+5	1.0000E+0	9.4110E-10	-3.4000E+1	-1.5834E-10
1.8600E+5	1.0000E+0	7.1044E-10	-3.4500E+1	-1.5886E-10
1.8650E+5	1.0000E+0	5.3786E-10	-3.5000E+1	-1.6024E-10
1.8700E+5	1.0000E+0	3.9284E-10	-3.5500E+1	-1.6094E-10
1.8750E+5	1.0000E+0	3.0437E-10	-3.6000E+1	-1.5910E-10
1.8800E+5	1.0000E+0	2.3981E-10	-3.6500E+1	-1.6062E-10
1.8850E+5	1.0000E+0	1.8167E-10	-3.7000E+1	-1.6173E-10
1.8900E+5	1.0000E+0	1.4154E-10	-3.7500E+1	-1.6198E-10
1.8950E+5	1.0000E+0	1.1663E-10	-3.8000E+1	-1.6310E-10
1.9000E+5	1.0000E+0	9.7742E-11	-3.8500E+1	-1.6331E-10
1.9050E+5	1.0000E+0	8.9414E-11	-3.9000E+1	-1.6427E-10
1.9100E+5	1.0000E+0	7.9001E-11	-3.9500E+1	-1.6598E-10
1.9150E+5	1.0000E+0	7.2283E-11	-4.0000E+1	-1.6521E-10
1.9200E+5	1.0000E+0	8.8053E-11	-4.0500E+1	-1.6715E-10
1.9250E+5	1.0000E+0	1.0106E-10	-4.1000E+1	-1.6717E-10
1.9300E+5	1.0000E+0	9.3332E-11	-4.1500E+1	-1.6803E-10
1.9350E+5	1.0000E+0	9.5848E-11	-4.2000E+1	-1.6805E-10
1.9400E+5	1.0000E+0	9.9399E-11	-4.2500E+1	-1.7011E-10
1.9450E+5	1.0000E+0	9.7964E-11	-4.3000E+1	-1.7032E-10
1.9500E+5	1.0000E+0	1.0282E-10	-4.3500E+1	-1.6979E-10
1.9550E+5	1.0000E+0	1.0386E-10	-4.4000E+1	-1.7159E-10
1.9600E+5	1.0000E+0	1.1768E-10	-4.4500E+1	-1.7347E-10
1.9650E+5	1.0000E+0	1.2196E-10	-4.5000E+1	-1.7571E-10
1.9700E+5	1.0000E+0	1.1842E-10	-4.5500E+1	-1.7078E-10
1.9750E+5	1.0000E+0	1.3732E-10	-4.6000E+1	-3.1572E-10
1.9800E+5	1.0000E+0	1.3414E-10	-4.6500E+1	-1.8004E-10
1.9850E+5	1.0000E+0	1.2589E-10	-4.7000E+1	-1.7997E-10
1.9900E+5	1.0000E+0	1.2846E-10	-4.7500E+1	-1.8213E-10
1.9950E+5	1.0000E+0	1.3384E-10	-4.8000E+1	-1.8335E-10
2.0000E+5	1.0000E+0	1.3895E-10	-4.8500E+1	-1.8603E-10
2.0050E+5	1.0000E+0	1.4650E-10	-4.9000E+1	-1.8604E-10
2.0100E+5	1.0000E+0	1.5410E-10	-4.9500E+1	-1.8717E-10
2.0150E+5	1.0000E+0	1.5489E-10	-5.0000E+1	-1.8819E-10
