Time (s)	|IDrain (A)|	|IGate (A)	Vdrain(V)	Vgate(V)
0.0	2.103e-05	1.4721e-09	-10.0	-2.5
1.0	2.1011e-05	7.7402e-10	-10.0	-2.5
1.5	2.1003e-05	5.3868e-10	-10.0	-2.5
2.0	2.0998e-05	3.7046e-10	-10.0	-2.5
2.5	2.0995e-05	2.4671e-10	-10.0	-2.5
3.0	2.0989e-05	1.6191e-10	-10.0	-2.5
3.5	2.0985e-05	9.2789e-11	-10.0	-2.5
4.0	2.098e-05	4.4285e-11	-10.0	-2.5
4.5	2.0977e-05	6.5219e-12	-10.0	-2.5
5.0	2.0975e-05	2.4759e-11	-10.0	-2.5
5.5	2.0974e-05	5.1278e-11	-10.0	-2.5
6.0	2.097e-05	7.2439e-11	-10.0	-2.5
6.5	2.097e-05	8.5463e-11	-10.0	-2.5
7.0	2.0968e-05	9.7651e-11	-10.0	-2.5
7.5	2.0966e-05	1.0981e-10	-10.0	-2.5
8.0	2.0962e-05	1.2035e-10	-10.0	-2.5
8.5	2.0965e-05	1.3142e-10	-10.0	-2.5
9.0	2.0964e-05	1.3784e-10	-10.0	-2.5
9.5	2.0964e-05	1.4276e-10	-10.0	-2.5
10.0	2.0963e-05	1.4811e-10	-10.0	-2.5
10.5	2.0962e-05	1.5592e-10	-10.0	-2.5
11.0	2.0961e-05	1.5985e-10	-10.0	-2.5
11.5	2.0959e-05	1.6507e-10	-10.0	-2.5
12.0	2.0958e-05	1.6277e-10	-10.0	-2.5
12.5	2.096e-05	1.693e-10	-10.0	-2.5
13.0	2.0956e-05	1.7254e-10	-10.0	-2.5
13.5	2.0953e-05	1.7489e-10	-10.0	-2.5
14.0	2.0951e-05	1.7905e-10	-10.0	-2.5
14.5	2.095e-05	1.8085e-10	-10.0	-2.5
15.0	2.0949e-05	1.8454e-10	-10.0	-2.5
15.5	2.0952e-05	1.8915e-10	-10.0	-2.5
16.0	2.095e-05	1.8784e-10	-10.0	-2.5
16.5	2.095e-05	1.9237e-10	-10.0	-2.5
17.0	2.095e-05	1.9187e-10	-10.0	-2.5
17.5	2.0953e-05	1.9191e-10	-10.0	-2.5
18.0	2.0955e-05	1.9308e-10	-10.0	-2.5
18.5	2.0955e-05	1.9894e-10	-10.0	-2.5
19.0	2.0954e-05	1.9889e-10	-10.0	-2.5
19.5	2.0957e-05	1.9842e-10	-10.0	-2.5
20.0	2.0956e-05	2.0206e-10	-10.0	-2.5
20.5	2.0958e-05	2.0463e-10	-10.0	-2.5
21.0	2.0954e-05	2.0395e-10	-10.0	-2.5
21.5	2.0957e-05	2.0319e-10	-10.0	-2.5
22.0	2.0954e-05	2.0494e-10	-10.0	-2.5
22.5	2.0955e-05	2.0601e-10	-10.0	-2.5
23.0	2.0957e-05	2.0744e-10	-10.0	-2.5
23.5	2.0959e-05	2.0739e-10	-10.0	-2.5
24.0	2.0959e-05	2.0609e-10	-10.0	-2.5
24.5	2.0961e-05	2.058e-10	-10.0	-2.5
25.0	2.096e-05	2.0838e-10	-10.0	-2.5
25.5	2.0959e-05	2.1136e-10	-10.0	-2.5
26.0	2.0958e-05	2.066e-10	-10.0	-2.5
26.5	2.0959e-05	2.0788e-10	-10.0	-2.5
27.0	2.0953e-05	2.1005e-10	-10.0	-2.5
27.5	2.0958e-05	2.0416e-10	-10.0	-2.5
28.0	2.0959e-05	2.0768e-10	-10.0	-2.5
28.5	2.0961e-05	2.0907e-10	-10.0	-2.5
29.0	2.0959e-05	2.0714e-10	-10.0	-2.5
29.5	2.096e-05	2.0616e-10	-10.0	-2.5
30.0	2.096e-05	2.0957e-10	-10.0	-2.5
30.5	2.096e-05	2.0783e-10	-10.0	-2.5
31.0	2.096e-05	2.0839e-10	-10.0	-2.5
31.5	2.0963e-05	2.0768e-10	-10.0	-2.5
32.0	2.0963e-05	2.0921e-10	-10.0	-2.5
32.5	2.0963e-05	2.0673e-10	-10.0	-2.5
33.0	2.0964e-05	2.0534e-10	-10.0	-2.5
33.5	2.0963e-05	2.0644e-10	-10.0	-2.5
34.0	2.0967e-05	2.0693e-10	-10.0	-2.5
34.5	2.097e-05	2.0573e-10	-10.0	-2.5
35.0	2.0973e-05	2.0391e-10	-10.0	-2.5
35.5	2.0977e-05	2.0246e-10	-10.0	-2.5
36.0	2.0974e-05	2.0189e-10	-10.0	-2.5
36.5	2.0975e-05	2.0258e-10	-10.0	-2.5
37.0	2.0975e-05	1.9899e-10	-10.0	-2.5
37.5	2.0977e-05	1.9578e-10	-10.0	-2.5
38.0	2.098e-05	2.0125e-10	-10.0	-2.5
38.5	2.0981e-05	1.9879e-10	-10.0	-2.5
39.0	2.0981e-05	1.987e-10	-10.0	-2.5
39.5	2.0984e-05	1.9833e-10	-10.0	-2.5
40.0	2.0984e-05	1.9891e-10	-10.0	-2.5
40.5	2.0982e-05	1.9675e-10	-10.0	-2.5
41.0	2.0982e-05	1.9883e-10	-10.0	-2.5
41.5	2.0987e-05	1.971e-10	-10.0	-2.5
42.0	2.0992e-05	1.9696e-10	-10.0	-2.5
42.5	2.0988e-05	1.9936e-10	-10.0	-2.5
43.0	2.0991e-05	2.0077e-10	-10.0	-2.5
43.5	2.0994e-05	1.9679e-10	-10.0	-2.5
44.0	2.0993e-05	1.9789e-10	-10.0	-2.5
44.5	2.0994e-05	1.9487e-10	-10.0	-2.5
45.0	2.0996e-05	1.9368e-10	-10.0	-2.5
45.5	2.0997e-05	1.9729e-10	-10.0	-2.5
46.0	2.0995e-05	1.8879e-10	-10.0	-2.5
46.5	2.0999e-05	1.8808e-10	-10.0	-2.5
47.0	2.1e-05	1.9026e-10	-10.0	-2.5
47.5	2.1002e-05	1.9011e-10	-10.0	-2.5
48.0	2.1003e-05	1.8761e-10	-10.0	-2.5
48.5	2.1003e-05	1.8663e-10	-10.0	-2.5
49.0	2.1009e-05	1.8535e-10	-10.0	-2.5
49.5	2.1007e-05	1.8257e-10	-10.0	-2.5
50.0	2.101e-05	1.866e-10	-10.0	-2.5
50.5	2.101e-05	1.843e-10	-10.0	-2.5
51.0	2.1009e-05	1.8384e-10	-10.0	-2.5
51.5	2.1013e-05	1.8409e-10	-10.0	-2.5
52.0	2.101e-05	1.8408e-10	-10.0	-2.5
52.5	2.1012e-05	1.8388e-10	-10.0	-2.5
53.0	2.1013e-05	1.8209e-10	-10.0	-2.5
53.5	2.1014e-05	1.7969e-10	-10.0	-2.5
54.0	2.1012e-05	1.7901e-10	-10.0	-2.5
54.5	2.1014e-05	1.8118e-10	-10.0	-2.5
55.0	2.1011e-05	1.8002e-10	-10.0	-2.5
55.5	2.1012e-05	1.7826e-10	-10.0	-2.5
56.0	2.1012e-05	1.796e-10	-10.0	-2.5
56.5	2.1015e-05	1.7839e-10	-10.0	-2.5
57.0	2.1017e-05	1.7651e-10	-10.0	-2.5
57.5	2.1016e-05	1.7885e-10	-10.0	-2.5
58.0	2.1019e-05	1.788e-10	-10.0	-2.5
58.5	2.1017e-05	1.8081e-10	-10.0	-2.5
59.0	2.102e-05	1.8259e-10	-10.0	-2.5
59.5	2.1024e-05	1.8064e-10	-10.0	-2.5
60.0	2.1021e-05	1.8051e-10	-10.0	-2.5
60.5	2.1024e-05	1.795e-10	-10.0	-2.5
61.0	2.1022e-05	1.7699e-10	-10.0	-2.5
61.5	2.1021e-05	1.751e-10	-10.0	-2.5
62.0	2.1022e-05	1.7375e-10	-10.0	-2.5
62.5	2.1024e-05	1.7504e-10	-10.0	-2.5
63.0	2.1027e-05	1.7422e-10	-10.0	-2.5
63.5	2.1029e-05	1.7316e-10	-10.0	-2.5
64.0	2.1031e-05	1.7552e-10	-10.0	-2.5
64.5	2.1033e-05	1.7582e-10	-10.0	-2.5
65.0	2.1027e-05	1.7641e-10	-10.0	-2.5
65.5	2.103e-05	1.7569e-10	-10.0	-2.5
66.0	2.1031e-05	1.7497e-10	-10.0	-2.5
66.5	2.1035e-05	1.7471e-10	-10.0	-2.5
67.0	2.1034e-05	1.7852e-10	-10.0	-2.5
67.5	2.1033e-05	1.708e-10	-10.0	-2.5
68.0	2.1034e-05	1.7155e-10	-10.0	-2.5
68.5	2.1036e-05	1.7244e-10	-10.0	-2.5
69.0	2.1035e-05	1.7402e-10	-10.0	-2.5
69.5	2.1036e-05	1.7162e-10	-10.0	-2.5
70.0	2.1041e-05	1.7341e-10	-10.0	-2.5
70.5	2.104e-05	1.713e-10	-10.0	-2.5
71.0	2.1041e-05	1.694e-10	-10.0	-2.5
71.5	2.1043e-05	1.6622e-10	-10.0	-2.5
72.0	2.104e-05	1.6898e-10	-10.0	-2.5
72.5	2.1045e-05	1.6864e-10	-10.0	-2.5
73.0	2.1043e-05	1.6879e-10	-10.0	-2.5
73.5	2.1045e-05	1.6743e-10	-10.0	-2.5
74.0	2.1046e-05	1.6758e-10	-10.0	-2.5
74.5	2.1044e-05	1.6538e-10	-10.0	-2.5
75.0	2.1043e-05	1.6277e-10	-10.0	-2.5
75.5	2.1046e-05	1.6532e-10	-10.0	-2.5
76.0	2.1049e-05	1.668e-10	-10.0	-2.5
76.5	2.1051e-05	1.6733e-10	-10.0	-2.5
77.0	2.1052e-05	1.6561e-10	-10.0	-2.5
77.5	2.1051e-05	1.6241e-10	-10.0	-2.5
78.0	2.1054e-05	1.6189e-10	-10.0	-2.5
78.5	2.1051e-05	1.591e-10	-10.0	-2.5
79.0	2.1052e-05	1.6097e-10	-10.0	-2.5
79.5	2.1057e-05	1.5901e-10	-10.0	-2.5
80.0	2.1055e-05	1.6105e-10	-10.0	-2.5
80.5	2.1051e-05	1.6231e-10	-10.0	-2.5
81.0	2.1057e-05	1.6059e-10	-10.0	-2.5
81.5	2.1057e-05	1.5957e-10	-10.0	-2.5
82.0	2.106e-05	1.5907e-10	-10.0	-2.5
82.5	2.1058e-05	1.567e-10	-10.0	-2.5
83.0	2.1057e-05	1.5549e-10	-10.0	-2.5
83.5	2.106e-05	1.5671e-10	-10.0	-2.5
84.0	2.1057e-05	1.563e-10	-10.0	-2.5
84.5	2.1062e-05	1.5484e-10	-10.0	-2.5
85.0	2.1057e-05	1.5258e-10	-10.0	-2.5
85.5	2.1066e-05	1.5029e-10	-10.0	-2.5
86.0	2.1067e-05	1.5342e-10	-10.0	-2.5
86.5	2.107e-05	1.5385e-10	-10.0	-2.5
87.0	2.1077e-05	1.5107e-10	-10.0	-2.5
87.5	2.1074e-05	1.5037e-10	-10.0	-2.5
88.0	2.1074e-05	1.5176e-10	-10.0	-2.5
88.5	2.1071e-05	1.5341e-10	-10.0	-2.5
89.0	2.1072e-05	1.5384e-10	-10.0	-2.5
89.5	2.1075e-05	1.5338e-10	-10.0	-2.5
90.0	2.1076e-05	1.5124e-10	-10.0	-2.5
90.5	2.1072e-05	1.5363e-10	-10.0	-2.5
91.0	2.1074e-05	1.4904e-10	-10.0	-2.5
91.5	2.1074e-05	1.5399e-10	-10.0	-2.5
92.0	2.1073e-05	1.5405e-10	-10.0	-2.5
92.5	2.1074e-05	1.5437e-10	-10.0	-2.5
93.0	2.1074e-05	1.5608e-10	-10.0	-2.5
93.5	2.1076e-05	1.5432e-10	-10.0	-2.5
94.0	2.1077e-05	1.4882e-10	-10.0	-2.5
94.5	2.1076e-05	1.5051e-10	-10.0	-2.5
95.0	2.1076e-05	1.4889e-10	-10.0	-2.5
95.5	2.1072e-05	1.475e-10	-10.0	-2.5
96.0	2.1078e-05	1.4842e-10	-10.0	-2.5
96.5	2.1079e-05	1.4675e-10	-10.0	-2.5
97.0	2.1078e-05	1.4915e-10	-10.0	-2.5
97.5	2.1083e-05	1.467e-10	-10.0	-2.5
98.0	2.108e-05	1.4498e-10	-10.0	-2.5
98.5	2.108e-05	1.4616e-10	-10.0	-2.5
99.0	2.108e-05	1.4517e-10	-10.0	-2.5
99.5	2.1083e-05	1.4202e-10	-10.0	-2.5
100.0	2.1084e-05	1.4624e-10	-10.0	-2.5
100.5	2.1083e-05	1.4794e-10	-10.0	-2.5
101.0	2.1082e-05	1.4588e-10	-10.0	-2.5
101.5	2.108e-05	1.4418e-10	-10.0	-2.5
102.0	2.108e-05	1.4354e-10	-10.0	-2.5
102.5	2.108e-05	1.4413e-10	-10.0	-2.5
103.0	2.1081e-05	1.4419e-10	-10.0	-2.5
103.5	2.1086e-05	1.4238e-10	-10.0	-2.5
104.0	2.1088e-05	1.4386e-10	-10.0	-2.5
104.5	2.1092e-05	1.3893e-10	-10.0	-2.5
105.0	2.1088e-05	1.4001e-10	-10.0	-2.5
105.5	2.1092e-05	1.3841e-10	-10.0	-2.5
106.0	2.1094e-05	1.3697e-10	-10.0	-2.5
106.5	2.1094e-05	1.3383e-10	-10.0	-2.5
107.0	2.109e-05	1.3674e-10	-10.0	-2.5
107.5	2.1094e-05	1.3774e-10	-10.0	-2.5
108.0	2.1098e-05	1.332e-10	-10.0	-2.5
108.5	2.1097e-05	1.3896e-10	-10.0	-2.5
109.0	2.1098e-05	1.3779e-10	-10.0	-2.5
109.5	2.1096e-05	1.3602e-10	-10.0	-2.5
110.0	2.1098e-05	1.3614e-10	-10.0	-2.5
110.5	2.1101e-05	1.3762e-10	-10.0	-2.5
111.0	2.11e-05	1.3876e-10	-10.0	-2.5
111.5	2.1101e-05	1.3929e-10	-10.0	-2.5
112.0	2.1101e-05	1.3584e-10	-10.0	-2.5
112.5	2.1103e-05	1.3669e-10	-10.0	-2.5
113.0	2.1106e-05	1.3442e-10	-10.0	-2.5
113.5	2.1107e-05	1.3769e-10	-10.0	-2.5
114.0	2.1106e-05	1.353e-10	-10.0	-2.5
114.5	2.1107e-05	1.3495e-10	-10.0	-2.5
115.0	2.1106e-05	1.356e-10	-10.0	-2.5
115.5	2.1107e-05	1.3631e-10	-10.0	-2.5
116.0	2.1111e-05	1.313e-10	-10.0	-2.5
116.5	2.1113e-05	1.3478e-10	-10.0	-2.5
117.0	2.111e-05	1.3422e-10	-10.0	-2.5
117.5	2.1114e-05	1.3544e-10	-10.0	-2.5
118.0	2.1114e-05	1.3588e-10	-10.0	-2.5
118.5	2.1116e-05	1.3331e-10	-10.0	-2.5
119.0	2.1117e-05	1.3367e-10	-10.0	-2.5
119.5	2.1116e-05	1.4971e-10	-10.0	-2.5
120.0	2.1118e-05	1.378e-10	-10.0	-2.5
120.5	2.1115e-05	1.4485e-10	-10.0	-2.5
121.0	2.1119e-05	1.4476e-10	-10.0	-2.5
121.5	2.1121e-05	1.4675e-10	-10.0	-2.5
122.0	2.1122e-05	1.493e-10	-10.0	-2.5
122.5	2.1125e-05	1.4422e-10	-10.0	-2.5
123.0	2.1128e-05	1.4426e-10	-10.0	-2.5
123.5	2.1127e-05	1.4296e-10	-10.0	-2.5
124.0	2.1129e-05	1.4679e-10	-10.0	-2.5
124.5	2.1134e-05	1.4982e-10	-10.0	-2.5
125.0	2.1137e-05	1.4959e-10	-10.0	-2.5
125.5	2.1134e-05	1.4875e-10	-10.0	-2.5
126.0	2.1134e-05	1.48e-10	-10.0	-2.5
126.5	2.1131e-05	1.514e-10	-10.0	-2.5
127.0	2.1137e-05	1.4993e-10	-10.0	-2.5
127.5	2.1135e-05	1.493e-10	-10.0	-2.5
128.0	2.1135e-05	1.509e-10	-10.0	-2.5
128.5	2.1133e-05	1.4985e-10	-10.0	-2.5
129.0	2.1134e-05	1.5027e-10	-10.0	-2.5
129.5	2.1133e-05	1.5282e-10	-10.0	-2.5
130.0	2.1136e-05	1.5296e-10	-10.0	-2.5
130.5	2.113e-05	1.5406e-10	-10.0	-2.5
131.0	2.1135e-05	1.5012e-10	-10.0	-2.5
131.5	2.1136e-05	1.5445e-10	-10.0	-2.5
132.0	2.1137e-05	1.5182e-10	-10.0	-2.5
132.5	2.1135e-05	1.5152e-10	-10.0	-2.5
133.0	2.1133e-05	1.5276e-10	-10.0	-2.5
133.5	2.1136e-05	1.5505e-10	-10.0	-2.5
134.0	2.1134e-05	1.5451e-10	-10.0	-2.5
134.5	2.1133e-05	1.5333e-10	-10.0	-2.5
135.0	2.1136e-05	1.5315e-10	-10.0	-2.5
135.5	2.1134e-05	1.5619e-10	-10.0	-2.5
136.0	2.1131e-05	1.5618e-10	-10.0	-2.5
136.5	2.113e-05	1.5913e-10	-10.0	-2.5
137.0	2.1131e-05	1.6118e-10	-10.0	-2.5
137.5	2.1131e-05	1.6029e-10	-10.0	-2.5
138.0	2.1126e-05	1.553e-10	-10.0	-2.5
138.5	2.1126e-05	1.5761e-10	-10.0	-2.5
139.0	2.1125e-05	1.5654e-10	-10.0	-2.5
139.5	2.1128e-05	1.565e-10	-10.0	-2.5
140.0	2.1121e-05	1.5575e-10	-10.0	-2.5
140.5	2.112e-05	1.5748e-10	-10.0	-2.5
141.0	2.112e-05	1.5639e-10	-10.0	-2.5
141.5	2.1117e-05	1.5779e-10	-10.0	-2.5
142.0	2.1113e-05	1.5396e-10	-10.0	-2.5
142.5	2.1113e-05	1.5461e-10	-10.0	-2.5
143.0	2.1116e-05	1.551e-10	-10.0	-2.5
143.5	2.1113e-05	1.567e-10	-10.0	-2.5
144.0	2.1115e-05	1.5699e-10	-10.0	-2.5
144.5	2.1114e-05	1.563e-10	-10.0	-2.5
145.0	2.1112e-05	1.5856e-10	-10.0	-2.5
145.5	2.1112e-05	1.5937e-10	-10.0	-2.5
146.0	2.1113e-05	1.6256e-10	-10.0	-2.5
146.5	2.111e-05	1.6186e-10	-10.0	-2.5
147.0	2.1108e-05	1.6284e-10	-10.0	-2.5
147.5	2.1108e-05	1.6025e-10	-10.0	-2.5
148.0	2.1107e-05	1.6113e-10	-10.0	-2.5
148.5	2.1108e-05	1.6053e-10	-10.0	-2.5
149.0	2.1101e-05	1.573e-10	-10.0	-2.5
149.5	2.1101e-05	1.5895e-10	-10.0	-2.5
150.0	2.1101e-05	1.5787e-10	-10.0	-2.5
150.5	2.1098e-05	1.5955e-10	-10.0	-2.5
151.0	2.1099e-05	1.5891e-10	-10.0	-2.5
151.5	2.1098e-05	1.5716e-10	-10.0	-2.5
152.0	2.1096e-05	1.5613e-10	-10.0	-2.5
152.5	2.1096e-05	1.5618e-10	-10.0	-2.5
153.0	2.1091e-05	1.5666e-10	-10.0	-2.5
153.5	2.1089e-05	1.5723e-10	-10.0	-2.5
154.0	2.1088e-05	1.5969e-10	-10.0	-2.5
154.5	2.1086e-05	1.591e-10	-10.0	-2.5
155.0	2.1082e-05	1.5924e-10	-10.0	-2.5
155.5	2.1078e-05	1.5729e-10	-10.0	-2.5
156.0	2.1075e-05	1.5553e-10	-10.0	-2.5
156.5	2.1074e-05	1.5957e-10	-10.0	-2.5
157.0	2.1073e-05	1.5887e-10	-10.0	-2.5
157.5	2.1072e-05	1.6364e-10	-10.0	-2.5
158.0	2.1069e-05	1.6057e-10	-10.0	-2.5
158.5	2.1067e-05	1.6055e-10	-10.0	-2.5
159.0	2.1067e-05	1.6149e-10	-10.0	-2.5
159.5	2.1068e-05	1.6136e-10	-10.0	-2.5
160.0	2.1068e-05	1.5706e-10	-10.0	-2.5
160.5	2.1069e-05	1.6112e-10	-10.0	-2.5
161.0	2.1062e-05	1.6031e-10	-10.0	-2.5
161.5	2.1064e-05	1.5584e-10	-10.0	-2.5
162.0	2.1061e-05	1.5558e-10	-10.0	-2.5
162.5	2.1057e-05	1.5838e-10	-10.0	-2.5
163.0	2.1058e-05	1.5755e-10	-10.0	-2.5
163.5	2.1053e-05	1.5875e-10	-10.0	-2.5
164.0	2.1054e-05	1.5587e-10	-10.0	-2.5
164.5	2.1051e-05	1.5565e-10	-10.0	-2.5
165.0	2.1052e-05	1.5771e-10	-10.0	-2.5
165.5	2.1048e-05	1.5829e-10	-10.0	-2.5
166.0	2.1049e-05	1.608e-10	-10.0	-2.5
166.5	2.1043e-05	1.5914e-10	-10.0	-2.5
167.0	2.1045e-05	1.563e-10	-10.0	-2.5
167.5	2.1043e-05	1.5597e-10	-10.0	-2.5
168.0	2.1037e-05	1.5552e-10	-10.0	-2.5
168.5	2.1035e-05	1.5541e-10	-10.0	-2.5
169.0	2.1035e-05	1.5391e-10	-10.0	-2.5
169.5	2.1035e-05	1.5645e-10	-10.0	-2.5
170.0	2.1035e-05	1.5584e-10	-10.0	-2.5
170.5	2.1032e-05	1.5662e-10	-10.0	-2.5
171.0	2.1031e-05	1.5705e-10	-10.0	-2.5
171.5	2.1028e-05	1.5664e-10	-10.0	-2.5
172.0	2.1027e-05	1.5626e-10	-10.0	-2.5
172.5	2.1025e-05	1.5793e-10	-10.0	-2.5
173.0	2.1025e-05	1.5769e-10	-10.0	-2.5
173.5	2.1022e-05	1.5651e-10	-10.0	-2.5
174.0	2.1017e-05	1.5807e-10	-10.0	-2.5
174.5	2.1012e-05	1.5456e-10	-10.0	-2.5
175.0	2.1012e-05	1.5825e-10	-10.0	-2.5
175.5	2.1016e-05	1.5649e-10	-10.0	-2.5
176.0	2.1011e-05	1.556e-10	-10.0	-2.5
176.5	2.1006e-05	1.5819e-10	-10.0	-2.5
177.0	2.1007e-05	1.5923e-10	-10.0	-2.5
177.5	2.1006e-05	1.5901e-10	-10.0	-2.5
178.0	2.1003e-05	1.566e-10	-10.0	-2.5
178.5	2.0999e-05	1.5695e-10	-10.0	-2.5
179.0	2.0997e-05	1.5923e-10	-10.0	-2.5
179.5	2.0996e-05	1.5855e-10	-10.0	-2.5
180.0	2.0995e-05	1.5096e-10	-10.0	-2.5
180.5	2.0992e-05	1.5681e-10	-10.0	-2.5
181.0	2.0993e-05	1.5867e-10	-10.0	-2.5
181.5	2.0991e-05	1.6056e-10	-10.0	-2.5
182.0	2.0989e-05	1.6023e-10	-10.0	-2.5
182.5	2.099e-05	1.5888e-10	-10.0	-2.5
183.0	2.099e-05	1.6038e-10	-10.0	-2.5
183.5	2.0989e-05	1.6029e-10	-10.0	-2.5
184.0	2.0986e-05	1.574e-10	-10.0	-2.5
184.5	2.0988e-05	1.5757e-10	-10.0	-2.5
185.0	2.0988e-05	1.5753e-10	-10.0	-2.5
185.5	2.0985e-05	1.5721e-10	-10.0	-2.5
186.0	2.0984e-05	1.5681e-10	-10.0	-2.5
186.5	2.0983e-05	1.5536e-10	-10.0	-2.5
187.0	2.0978e-05	1.5428e-10	-10.0	-2.5
187.5	2.0979e-05	1.5151e-10	-10.0	-2.5
188.0	2.0981e-05	1.5137e-10	-10.0	-2.5
188.5	2.0978e-05	1.564e-10	-10.0	-2.5
189.0	2.0977e-05	1.521e-10	-10.0	-2.5
189.5	2.0977e-05	1.5484e-10	-10.0	-2.5
190.0	2.0975e-05	1.5175e-10	-10.0	-2.5
190.5	2.0977e-05	1.5096e-10	-10.0	-2.5
191.0	2.0977e-05	1.5109e-10	-10.0	-2.5
191.5	2.098e-05	1.5004e-10	-10.0	-2.5
192.0	2.0978e-05	1.4723e-10	-10.0	-2.5
192.5	2.0972e-05	1.4576e-10	-10.0	-2.5
193.0	2.0971e-05	1.4548e-10	-10.0	-2.5
193.5	2.0977e-05	1.451e-10	-10.0	-2.5
194.0	2.0973e-05	1.4811e-10	-10.0	-2.5
194.5	2.0979e-05	1.4865e-10	-10.0	-2.5
195.0	2.0977e-05	1.4628e-10	-10.0	-2.5
195.5	2.0976e-05	1.4761e-10	-10.0	-2.5
196.0	2.0974e-05	1.475e-10	-10.0	-2.5
196.5	2.0976e-05	1.4264e-10	-10.0	-2.5
197.0	2.0977e-05	1.4005e-10	-10.0	-2.5
197.5	2.0975e-05	1.417e-10	-10.0	-2.5
198.0	2.0977e-05	1.4252e-10	-10.0	-2.5
198.5	2.0977e-05	1.4355e-10	-10.0	-2.5
199.0	2.0971e-05	1.4221e-10	-10.0	-2.5
199.5	2.097e-05	1.4351e-10	-10.0	-2.5
200.0	2.0968e-05	1.4026e-10	-10.0	-2.5
200.5	2.097e-05	1.4108e-10	-10.0	-2.5
201.0	2.0973e-05	1.4076e-10	-10.0	-2.5
201.5	2.0973e-05	1.4137e-10	-10.0	-2.5
202.0	2.0968e-05	1.428e-10	-10.0	-2.5
202.5	2.097e-05	1.4107e-10	-10.0	-2.5
203.0	2.0972e-05	1.3899e-10	-10.0	-2.5
203.5	2.0973e-05	1.4055e-10	-10.0	-2.5
204.0	2.0977e-05	1.3992e-10	-10.0	-2.5
204.5	2.0978e-05	1.3701e-10	-10.0	-2.5
205.0	2.0973e-05	1.3824e-10	-10.0	-2.5
205.5	2.098e-05	1.3785e-10	-10.0	-2.5
206.0	2.0974e-05	1.3793e-10	-10.0	-2.5
206.5	2.0975e-05	1.3811e-10	-10.0	-2.5
207.0	2.0976e-05	1.3826e-10	-10.0	-2.5
207.5	2.0972e-05	1.3693e-10	-10.0	-2.5
208.0	2.0978e-05	1.3726e-10	-10.0	-2.5
208.5	2.0975e-05	1.3808e-10	-10.0	-2.5
209.0	2.0978e-05	1.3545e-10	-10.0	-2.5
209.5	2.0976e-05	1.3378e-10	-10.0	-2.5
210.0	2.0976e-05	1.3303e-10	-10.0	-2.5
210.5	2.0976e-05	1.3431e-10	-10.0	-2.5
211.0	2.0974e-05	1.3432e-10	-10.0	-2.5
211.5	2.0976e-05	1.337e-10	-10.0	-2.5
212.0	2.0972e-05	1.3145e-10	-10.0	-2.5
212.5	2.0974e-05	1.3615e-10	-10.0	-2.5
213.0	2.098e-05	1.3413e-10	-10.0	-2.5
213.5	2.0981e-05	1.362e-10	-10.0	-2.5
214.0	2.098e-05	1.337e-10	-10.0	-2.5
214.5	2.0983e-05	1.3387e-10	-10.0	-2.5
215.0	2.098e-05	1.3389e-10	-10.0	-2.5
215.5	2.0979e-05	1.3292e-10	-10.0	-2.5
216.0	2.0977e-05	1.3267e-10	-10.0	-2.5
216.5	2.0978e-05	1.3246e-10	-10.0	-2.5
217.0	2.0981e-05	1.2764e-10	-10.0	-2.5
217.5	2.0979e-05	1.2942e-10	-10.0	-2.5
218.0	2.0978e-05	1.2859e-10	-10.0	-2.5
218.5	2.0978e-05	1.281e-10	-10.0	-2.5
219.0	2.0977e-05	1.3017e-10	-10.0	-2.5
219.5	2.0978e-05	1.3029e-10	-10.0	-2.5
220.0	2.0986e-05	1.2889e-10	-10.0	-2.5
220.5	2.0985e-05	1.2704e-10	-10.0	-2.5
221.0	2.0981e-05	1.2591e-10	-10.0	-2.5
221.5	2.0984e-05	1.2572e-10	-10.0	-2.5
222.0	2.0983e-05	1.2669e-10	-10.0	-2.5
222.5	2.0983e-05	1.2459e-10	-10.0	-2.5
223.0	2.0982e-05	1.2571e-10	-10.0	-2.5
223.5	2.0987e-05	1.2462e-10	-10.0	-2.5
224.0	2.0987e-05	1.2302e-10	-10.0	-2.5
224.5	2.0988e-05	1.2145e-10	-10.0	-2.5
225.0	2.0987e-05	1.2193e-10	-10.0	-2.5
225.5	2.0988e-05	1.2206e-10	-10.0	-2.5
226.0	2.0986e-05	1.1911e-10	-10.0	-2.5
226.5	2.0992e-05	1.1844e-10	-10.0	-2.5
227.0	2.0989e-05	1.1742e-10	-10.0	-2.5
227.5	2.0993e-05	1.205e-10	-10.0	-2.5
228.0	2.0994e-05	1.1934e-10	-10.0	-2.5
228.5	2.0995e-05	1.201e-10	-10.0	-2.5
229.0	2.0996e-05	1.1823e-10	-10.0	-2.5
229.5	2.0994e-05	1.1934e-10	-10.0	-2.5
230.0	2.0996e-05	1.1859e-10	-10.0	-2.5
230.5	2.0997e-05	1.1664e-10	-10.0	-2.5
231.0	2.0997e-05	1.156e-10	-10.0	-2.5
231.5	2.0995e-05	1.1624e-10	-10.0	-2.5
232.0	2.0995e-05	1.1494e-10	-10.0	-2.5
232.5	2.0999e-05	1.1336e-10	-10.0	-2.5
233.0	2.0997e-05	1.1488e-10	-10.0	-2.5
233.5	2.0998e-05	1.1674e-10	-10.0	-2.5
234.0	2.0997e-05	1.1629e-10	-10.0	-2.5
234.5	2.0999e-05	1.1533e-10	-10.0	-2.5
235.0	2.1005e-05	1.1689e-10	-10.0	-2.5
235.5	2.1017e-05	1.1196e-10	-10.0	-2.5
236.0	2.1019e-05	1.1484e-10	-10.0	-2.5
236.5	2.1009e-05	1.1093e-10	-10.0	-2.5
237.0	2.1007e-05	1.1116e-10	-10.0	-2.5
237.5	2.1004e-05	1.0876e-10	-10.0	-2.5
238.0	2.1004e-05	1.1064e-10	-10.0	-2.5
238.5	2.1008e-05	1.1004e-10	-10.0	-2.5
239.0	2.1005e-05	1.0925e-10	-10.0	-2.5
239.5	2.1003e-05	1.22e-10	-10.0	-2.5
240.0	2.1006e-05	1.1067e-10	-10.0	-2.5
240.5	2.1006e-05	1.0853e-10	-10.0	-2.5
241.0	2.1006e-05	1.1135e-10	-10.0	-2.5
241.5	2.101e-05	1.1333e-10	-10.0	-2.5
242.0	2.1007e-05	1.1125e-10	-10.0	-2.5
242.5	2.1011e-05	1.1154e-10	-10.0	-2.5
243.0	2.1014e-05	1.1342e-10	-10.0	-2.5
243.5	2.1018e-05	1.1402e-10	-10.0	-2.5
244.0	2.1022e-05	1.1512e-10	-10.0	-2.5
244.5	2.1015e-05	1.1357e-10	-10.0	-2.5
245.0	2.1016e-05	1.1538e-10	-10.0	-2.5
245.5	2.1015e-05	1.1344e-10	-10.0	-2.5
246.0	2.1012e-05	1.1581e-10	-10.0	-2.5
246.5	2.1006e-05	1.1447e-10	-10.0	-2.5
247.0	2.1007e-05	1.1199e-10	-10.0	-2.5
247.5	2.1008e-05	1.178e-10	-10.0	-2.5
248.0	2.1006e-05	1.1778e-10	-10.0	-2.5
248.5	2.1006e-05	1.1709e-10	-10.0	-2.5
249.0	2.1003e-05	1.1567e-10	-10.0	-2.5
249.5	2.1002e-05	1.1848e-10	-10.0	-2.5
250.0	2.1005e-05	1.1731e-10	-10.0	-2.5
250.5	2.1004e-05	1.2206e-10	-10.0	-2.5
251.0	2.1e-05	1.2254e-10	-10.0	-2.5
251.5	2.0995e-05	1.2066e-10	-10.0	-2.5
252.0	2.0998e-05	1.239e-10	-10.0	-2.5
252.5	2.1001e-05	1.2357e-10	-10.0	-2.5
253.0	2.099e-05	1.2177e-10	-10.0	-2.5
253.5	2.0995e-05	1.2287e-10	-10.0	-2.5
254.0	2.0997e-05	1.2522e-10	-10.0	-2.5
254.5	2.0994e-05	1.2371e-10	-10.0	-2.5
255.0	2.0992e-05	1.2245e-10	-10.0	-2.5
255.5	2.0986e-05	1.2496e-10	-10.0	-2.5
256.0	2.0989e-05	1.2124e-10	-10.0	-2.5
256.5	2.0988e-05	1.2334e-10	-10.0	-2.5
257.0	2.0983e-05	1.2458e-10	-10.0	-2.5
257.5	2.0984e-05	1.2075e-10	-10.0	-2.5
258.0	2.0984e-05	1.2269e-10	-10.0	-2.5
258.5	2.0978e-05	1.2265e-10	-10.0	-2.5
259.0	2.0973e-05	1.2298e-10	-10.0	-2.5
259.5	2.0977e-05	1.2241e-10	-10.0	-2.5
260.0	2.0977e-05	1.2118e-10	-10.0	-2.5
260.5	2.0976e-05	1.2261e-10	-10.0	-2.5
261.0	2.0974e-05	1.2477e-10	-10.0	-2.5
261.5	2.097e-05	1.2726e-10	-10.0	-2.5
262.0	2.0964e-05	1.247e-10	-10.0	-2.5
262.5	2.0963e-05	1.281e-10	-10.0	-2.5
263.0	2.0965e-05	1.2598e-10	-10.0	-2.5
263.5	2.0963e-05	1.2889e-10	-10.0	-2.5
264.0	2.0962e-05	1.2562e-10	-10.0	-2.5
264.5	2.0953e-05	1.2471e-10	-10.0	-2.5
265.0	2.0949e-05	1.2324e-10	-10.0	-2.5
265.5	2.0948e-05	1.2471e-10	-10.0	-2.5
266.0	2.0948e-05	1.2411e-10	-10.0	-2.5
266.5	2.0943e-05	1.2673e-10	-10.0	-2.5
267.0	2.0942e-05	1.2962e-10	-10.0	-2.5
267.5	2.0944e-05	1.2726e-10	-10.0	-2.5
268.0	2.0943e-05	1.2756e-10	-10.0	-2.5
268.5	2.0938e-05	1.2593e-10	-10.0	-2.5
269.0	2.0933e-05	1.2786e-10	-10.0	-2.5
269.5	2.0936e-05	1.2455e-10	-10.0	-2.5
270.0	2.0932e-05	1.2869e-10	-10.0	-2.5
270.5	2.093e-05	1.2893e-10	-10.0	-2.5
271.0	2.0928e-05	1.2784e-10	-10.0	-2.5
271.5	2.0928e-05	1.2897e-10	-10.0	-2.5
272.0	2.0924e-05	1.2905e-10	-10.0	-2.5
272.5	2.0923e-05	1.2946e-10	-10.0	-2.5
273.0	2.0918e-05	1.3132e-10	-10.0	-2.5
273.5	2.0919e-05	1.3255e-10	-10.0	-2.5
274.0	2.0917e-05	1.3498e-10	-10.0	-2.5
274.5	2.091e-05	1.3341e-10	-10.0	-2.5
275.0	2.0907e-05	1.3332e-10	-10.0	-2.5
275.5	2.0902e-05	1.3441e-10	-10.0	-2.5
276.0	2.09e-05	1.3647e-10	-10.0	-2.5
276.5	2.0901e-05	1.3312e-10	-10.0	-2.5
277.0	2.09e-05	1.3556e-10	-10.0	-2.5
277.5	2.0898e-05	1.3785e-10	-10.0	-2.5
278.0	2.0896e-05	1.3554e-10	-10.0	-2.5
278.5	2.0894e-05	1.3756e-10	-10.0	-2.5
279.0	2.0899e-05	1.3556e-10	-10.0	-2.5
279.5	2.0893e-05	1.3514e-10	-10.0	-2.5
280.0	2.0893e-05	1.3529e-10	-10.0	-2.5
280.5	2.0893e-05	1.3887e-10	-10.0	-2.5
281.0	2.0884e-05	1.3749e-10	-10.0	-2.5
281.5	2.0887e-05	1.377e-10	-10.0	-2.5
282.0	2.0887e-05	1.359e-10	-10.0	-2.5
282.5	2.0887e-05	1.3744e-10	-10.0	-2.5
283.0	2.0885e-05	1.3886e-10	-10.0	-2.5
283.5	2.0881e-05	1.3932e-10	-10.0	-2.5
284.0	2.0878e-05	1.3462e-10	-10.0	-2.5
284.5	2.0876e-05	1.339e-10	-10.0	-2.5
285.0	2.0876e-05	1.3546e-10	-10.0	-2.5
285.5	2.0875e-05	1.3832e-10	-10.0	-2.5
286.0	2.0876e-05	1.3778e-10	-10.0	-2.5
286.5	2.0876e-05	1.3783e-10	-10.0	-2.5
287.0	2.0871e-05	1.3717e-10	-10.0	-2.5
287.5	2.0868e-05	1.3755e-10	-10.0	-2.5
288.0	2.0867e-05	1.3492e-10	-10.0	-2.5
288.5	2.0863e-05	1.3485e-10	-10.0	-2.5
289.0	2.0862e-05	1.3281e-10	-10.0	-2.5
289.5	2.0858e-05	1.3599e-10	-10.0	-2.5
290.0	2.0858e-05	1.3791e-10	-10.0	-2.5
290.5	2.0862e-05	1.3614e-10	-10.0	-2.5
291.0	2.0856e-05	1.334e-10	-10.0	-2.5
291.5	2.0846e-05	1.354e-10	-10.0	-2.5
292.0	2.0845e-05	1.3298e-10	-10.0	-2.5
292.5	2.0846e-05	1.3458e-10	-10.0	-2.5
293.0	2.0841e-05	1.3781e-10	-10.0	-2.5
293.5	2.084e-05	1.3345e-10	-10.0	-2.5
294.0	2.084e-05	1.3477e-10	-10.0	-2.5
294.5	2.0836e-05	1.3814e-10	-10.0	-2.5
295.0	2.0835e-05	1.3646e-10	-10.0	-2.5
295.5	2.0835e-05	1.347e-10	-10.0	-2.5
296.0	2.0831e-05	1.3392e-10	-10.0	-2.5
296.5	2.0832e-05	1.3507e-10	-10.0	-2.5
297.0	2.0829e-05	1.3597e-10	-10.0	-2.5
297.5	2.0827e-05	1.3536e-10	-10.0	-2.5
298.0	2.0821e-05	1.3602e-10	-10.0	-2.5
298.5	2.0816e-05	1.3318e-10	-10.0	-2.5
299.0	2.0812e-05	1.3543e-10	-10.0	-2.5
299.5	2.0813e-05	1.3452e-10	-10.0	-2.5
300.0	2.0813e-05	1.2807e-10	-10.0	-2.5
300.5	2.0811e-05	1.297e-10	-10.0	-2.5
301.0	2.0806e-05	1.3373e-10	-10.0	-2.5
301.5	2.0806e-05	1.3205e-10	-10.0	-2.5
302.0	2.0808e-05	1.3479e-10	-10.0	-2.5
302.5	2.0809e-05	1.3492e-10	-10.0	-2.5
303.0	2.0804e-05	1.3794e-10	-10.0	-2.5
303.5	2.0804e-05	1.3724e-10	-10.0	-2.5
304.0	2.0802e-05	1.3572e-10	-10.0	-2.5
304.5	2.0802e-05	1.3758e-10	-10.0	-2.5
305.0	2.08e-05	1.365e-10	-10.0	-2.5
305.5	2.0796e-05	1.3427e-10	-10.0	-2.5
306.0	2.0795e-05	1.3385e-10	-10.0	-2.5
306.5	2.0794e-05	1.349e-10	-10.0	-2.5
307.0	2.0792e-05	1.3362e-10	-10.0	-2.5
307.5	2.079e-05	1.3191e-10	-10.0	-2.5
308.0	2.0792e-05	1.3277e-10	-10.0	-2.5
308.5	2.0788e-05	1.3665e-10	-10.0	-2.5
309.0	2.0792e-05	1.3686e-10	-10.0	-2.5
309.5	2.0794e-05	1.3747e-10	-10.0	-2.5
310.0	2.0793e-05	1.3694e-10	-10.0	-2.5
310.5	2.0792e-05	1.3368e-10	-10.0	-2.5
311.0	2.0791e-05	1.3435e-10	-10.0	-2.5
311.5	2.0792e-05	1.3172e-10	-10.0	-2.5
312.0	2.0793e-05	1.297e-10	-10.0	-2.5
312.5	2.0793e-05	1.3064e-10	-10.0	-2.5
313.0	2.0799e-05	1.2645e-10	-10.0	-2.5
313.5	2.0802e-05	1.3085e-10	-10.0	-2.5
314.0	2.0804e-05	1.2985e-10	-10.0	-2.5
314.5	2.0798e-05	1.2906e-10	-10.0	-2.5
315.0	2.0808e-05	1.3024e-10	-10.0	-2.5
315.5	2.0802e-05	1.2915e-10	-10.0	-2.5
316.0	2.08e-05	1.2807e-10	-10.0	-2.5
316.5	2.0801e-05	1.2842e-10	-10.0	-2.5
317.0	2.0803e-05	1.2716e-10	-10.0	-2.5
317.5	2.08e-05	1.2746e-10	-10.0	-2.5
318.0	2.0795e-05	1.2717e-10	-10.0	-2.5
318.5	2.0799e-05	1.2696e-10	-10.0	-2.5
319.0	2.0801e-05	1.2621e-10	-10.0	-2.5
319.5	2.0801e-05	1.2678e-10	-10.0	-2.5
320.0	2.0806e-05	1.2654e-10	-10.0	-2.5
320.5	2.0802e-05	1.2461e-10	-10.0	-2.5
321.0	2.0804e-05	1.2494e-10	-10.0	-2.5
321.5	2.0807e-05	1.2654e-10	-10.0	-2.5
322.0	2.0807e-05	1.2078e-10	-10.0	-2.5
322.5	2.0806e-05	1.213e-10	-10.0	-2.5
323.0	2.0799e-05	1.2173e-10	-10.0	-2.5
323.5	2.0802e-05	1.2013e-10	-10.0	-2.5
324.0	2.0794e-05	1.2084e-10	-10.0	-2.5
324.5	2.0792e-05	1.2382e-10	-10.0	-2.5
325.0	2.0794e-05	1.2208e-10	-10.0	-2.5
325.5	2.0797e-05	1.2306e-10	-10.0	-2.5
326.0	2.0797e-05	1.218e-10	-10.0	-2.5
326.5	2.0799e-05	1.2049e-10	-10.0	-2.5
327.0	2.0802e-05	1.1931e-10	-10.0	-2.5
327.5	2.08e-05	1.2053e-10	-10.0	-2.5
328.0	2.0795e-05	1.1802e-10	-10.0	-2.5
328.5	2.0797e-05	1.2117e-10	-10.0	-2.5
329.0	2.0802e-05	1.197e-10	-10.0	-2.5
329.5	2.0795e-05	1.188e-10	-10.0	-2.5
330.0	2.0794e-05	1.1588e-10	-10.0	-2.5
330.5	2.08e-05	1.1507e-10	-10.0	-2.5
331.0	2.0799e-05	1.1336e-10	-10.0	-2.5
331.5	2.0801e-05	1.1514e-10	-10.0	-2.5
332.0	2.08e-05	1.1329e-10	-10.0	-2.5
332.5	2.0797e-05	1.1546e-10	-10.0	-2.5
333.0	2.0797e-05	1.1466e-10	-10.0	-2.5
333.5	2.08e-05	1.1427e-10	-10.0	-2.5
334.0	2.0801e-05	1.1179e-10	-10.0	-2.5
334.5	2.0801e-05	1.1336e-10	-10.0	-2.5
335.0	2.0797e-05	1.1141e-10	-10.0	-2.5
335.5	2.0802e-05	1.1057e-10	-10.0	-2.5
336.0	2.0804e-05	1.1125e-10	-10.0	-2.5
336.5	2.0805e-05	1.0891e-10	-10.0	-2.5
337.0	2.0806e-05	1.1013e-10	-10.0	-2.5
337.5	2.0804e-05	1.1191e-10	-10.0	-2.5
338.0	2.0806e-05	1.0962e-10	-10.0	-2.5
338.5	2.081e-05	1.1223e-10	-10.0	-2.5
339.0	2.081e-05	1.1139e-10	-10.0	-2.5
339.5	2.0807e-05	1.0758e-10	-10.0	-2.5
340.0	2.0808e-05	1.1012e-10	-10.0	-2.5
340.5	2.0808e-05	1.0677e-10	-10.0	-2.5
341.0	2.0806e-05	1.0577e-10	-10.0	-2.5
341.5	2.0807e-05	1.0659e-10	-10.0	-2.5
342.0	2.0804e-05	1.09e-10	-10.0	-2.5
342.5	2.0808e-05	1.0856e-10	-10.0	-2.5
343.0	2.081e-05	1.0878e-10	-10.0	-2.5
343.5	2.0807e-05	1.0825e-10	-10.0	-2.5
344.0	2.081e-05	1.0669e-10	-10.0	-2.5
344.5	2.0812e-05	1.0539e-10	-10.0	-2.5
345.0	2.0808e-05	1.0447e-10	-10.0	-2.5
345.5	2.0808e-05	1.048e-10	-10.0	-2.5
346.0	2.081e-05	1.0256e-10	-10.0	-2.5
346.5	2.081e-05	1.0432e-10	-10.0	-2.5
347.0	2.0813e-05	1.0596e-10	-10.0	-2.5
347.5	2.0814e-05	1.0157e-10	-10.0	-2.5
348.0	2.0817e-05	1.0136e-10	-10.0	-2.5
348.5	2.0816e-05	1.0342e-10	-10.0	-2.5
349.0	2.0816e-05	1.0213e-10	-10.0	-2.5
349.5	2.0819e-05	1.0132e-10	-10.0	-2.5
350.0	2.0819e-05	9.9171e-11	-10.0	-2.5
350.5	2.0821e-05	9.8233e-11	-10.0	-2.5
351.0	2.0817e-05	9.9313e-11	-10.0	-2.5
351.5	2.0817e-05	1.0407e-10	-10.0	-2.5
352.0	2.0818e-05	1.0217e-10	-10.0	-2.5
352.5	2.082e-05	1.0321e-10	-10.0	-2.5
353.0	2.0816e-05	1.013e-10	-10.0	-2.5
353.5	2.082e-05	1.0077e-10	-10.0	-2.5
354.0	2.0822e-05	1.0021e-10	-10.0	-2.5
354.5	2.0821e-05	9.9485e-11	-10.0	-2.5
355.0	2.0828e-05	1.0264e-10	-10.0	-2.5
355.5	2.0827e-05	1.0529e-10	-10.0	-2.5
356.0	2.0827e-05	1.0314e-10	-10.0	-2.5
356.5	2.0824e-05	1.0036e-10	-10.0	-2.5
357.0	2.0829e-05	9.9753e-11	-10.0	-2.5
357.5	2.0829e-05	9.9169e-11	-10.0	-2.5
358.0	2.083e-05	9.7671e-11	-10.0	-2.5
358.5	2.0836e-05	9.6414e-11	-10.0	-2.5
359.0	2.0826e-05	9.9115e-11	-10.0	-2.5
359.5	2.0828e-05	1.0979e-10	-10.0	-2.5
360.0	2.0831e-05	9.8046e-11	-10.0	-2.5
360.5	2.0825e-05	1.01e-10	-10.0	-2.5
361.0	2.0826e-05	9.8549e-11	-10.0	-2.5
361.5	2.0833e-05	1.0045e-10	-10.0	-2.5
362.0	2.0833e-05	9.894e-11	-10.0	-2.5
362.5	2.0834e-05	1.0071e-10	-10.0	-2.5
363.0	2.0835e-05	9.8721e-11	-10.0	-2.5
363.5	2.0838e-05	9.8114e-11	-10.0	-2.5
364.0	2.0837e-05	1.0025e-10	-10.0	-2.5
364.5	2.0835e-05	1.0558e-10	-10.0	-2.5
365.0	2.0841e-05	1.0194e-10	-10.0	-2.5
365.5	2.0839e-05	1.0303e-10	-10.0	-2.5
366.0	2.0843e-05	1.0271e-10	-10.0	-2.5
366.5	2.084e-05	1.0428e-10	-10.0	-2.5
367.0	2.0838e-05	1.0177e-10	-10.0	-2.5
367.5	2.084e-05	9.9862e-11	-10.0	-2.5
368.0	2.084e-05	1.024e-10	-10.0	-2.5
368.5	2.0838e-05	1.0195e-10	-10.0	-2.5
369.0	2.0839e-05	1.0375e-10	-10.0	-2.5
369.5	2.0838e-05	1.0215e-10	-10.0	-2.5
370.0	2.0838e-05	1.0257e-10	-10.0	-2.5
370.5	2.0835e-05	1.011e-10	-10.0	-2.5
371.0	2.0832e-05	1.0408e-10	-10.0	-2.5
371.5	2.0831e-05	1.0413e-10	-10.0	-2.5
372.0	2.0831e-05	1.0641e-10	-10.0	-2.5
372.5	2.0828e-05	1.0854e-10	-10.0	-2.5
373.0	2.0829e-05	1.0523e-10	-10.0	-2.5
373.5	2.0824e-05	1.1048e-10	-10.0	-2.5
374.0	2.0824e-05	1.0619e-10	-10.0	-2.5
374.5	2.0826e-05	1.0698e-10	-10.0	-2.5
375.0	2.0823e-05	1.055e-10	-10.0	-2.5
375.5	2.0815e-05	1.0637e-10	-10.0	-2.5
376.0	2.0814e-05	1.0768e-10	-10.0	-2.5
376.5	2.0817e-05	1.0631e-10	-10.0	-2.5
377.0	2.0816e-05	1.1013e-10	-10.0	-2.5
377.5	2.0814e-05	1.0934e-10	-10.0	-2.5
378.0	2.0809e-05	1.0924e-10	-10.0	-2.5
378.5	2.0808e-05	1.0915e-10	-10.0	-2.5
379.0	2.0808e-05	1.0777e-10	-10.0	-2.5
379.5	2.0806e-05	1.1447e-10	-10.0	-2.5
380.0	2.0803e-05	1.0946e-10	-10.0	-2.5
380.5	2.0802e-05	1.1015e-10	-10.0	-2.5
381.0	2.08e-05	1.102e-10	-10.0	-2.5
381.5	2.0795e-05	1.1273e-10	-10.0	-2.5
382.0	2.0793e-05	1.1444e-10	-10.0	-2.5
382.5	2.0795e-05	1.1476e-10	-10.0	-2.5
383.0	2.0793e-05	1.1394e-10	-10.0	-2.5
383.5	2.0792e-05	1.1626e-10	-10.0	-2.5
384.0	2.0786e-05	1.1564e-10	-10.0	-2.5
384.5	2.0788e-05	1.1314e-10	-10.0	-2.5
385.0	2.0785e-05	1.1218e-10	-10.0	-2.5
385.5	2.0783e-05	1.1402e-10	-10.0	-2.5
386.0	2.0784e-05	1.1686e-10	-10.0	-2.5
386.5	2.0777e-05	1.1379e-10	-10.0	-2.5
387.0	2.0775e-05	1.1404e-10	-10.0	-2.5
387.5	2.0778e-05	1.2032e-10	-10.0	-2.5
388.0	2.0776e-05	1.1643e-10	-10.0	-2.5
388.5	2.0771e-05	1.1695e-10	-10.0	-2.5
389.0	2.0771e-05	1.1826e-10	-10.0	-2.5
389.5	2.0768e-05	1.1653e-10	-10.0	-2.5
390.0	2.0763e-05	1.1635e-10	-10.0	-2.5
390.5	2.0761e-05	1.1857e-10	-10.0	-2.5
391.0	2.0763e-05	1.2058e-10	-10.0	-2.5
391.5	2.0762e-05	1.2176e-10	-10.0	-2.5
392.0	2.0757e-05	1.2298e-10	-10.0	-2.5
392.5	2.0757e-05	1.1578e-10	-10.0	-2.5
393.0	2.0756e-05	1.1906e-10	-10.0	-2.5
393.5	2.0752e-05	1.1519e-10	-10.0	-2.5
394.0	2.0748e-05	1.1411e-10	-10.0	-2.5
394.5	2.0745e-05	1.1683e-10	-10.0	-2.5
395.0	2.0745e-05	1.1887e-10	-10.0	-2.5
395.5	2.0741e-05	1.219e-10	-10.0	-2.5
396.0	2.0741e-05	1.1912e-10	-10.0	-2.5
396.5	2.0741e-05	1.2345e-10	-10.0	-2.5
397.0	2.0738e-05	1.2052e-10	-10.0	-2.5
397.5	2.0734e-05	1.2038e-10	-10.0	-2.5
398.0	2.0735e-05	1.2388e-10	-10.0	-2.5
398.5	2.0741e-05	1.2165e-10	-10.0	-2.5
399.0	2.0736e-05	1.2083e-10	-10.0	-2.5
399.5	2.0731e-05	1.2026e-10	-10.0	-2.5
400.0	2.0727e-05	1.2399e-10	-10.0	-2.5
400.5	2.0725e-05	1.2412e-10	-10.0	-2.5
401.0	2.0722e-05	1.2505e-10	-10.0	-2.5
401.5	2.0718e-05	1.2249e-10	-10.0	-2.5
402.0	2.0716e-05	1.2128e-10	-10.0	-2.5
402.5	2.0715e-05	1.2294e-10	-10.0	-2.5
403.0	2.0712e-05	1.2388e-10	-10.0	-2.5
403.5	2.0711e-05	1.2349e-10	-10.0	-2.5
404.0	2.0707e-05	1.2264e-10	-10.0	-2.5
404.5	2.0705e-05	1.2413e-10	-10.0	-2.5
405.0	2.0703e-05	1.2436e-10	-10.0	-2.5
405.5	2.0701e-05	1.2191e-10	-10.0	-2.5
406.0	2.0696e-05	1.234e-10	-10.0	-2.5
406.5	2.0695e-05	1.2346e-10	-10.0	-2.5
407.0	2.0693e-05	1.2219e-10	-10.0	-2.5
407.5	2.069e-05	1.2141e-10	-10.0	-2.5
408.0	2.0686e-05	1.2352e-10	-10.0	-2.5
408.5	2.0688e-05	1.208e-10	-10.0	-2.5
409.0	2.0689e-05	1.2135e-10	-10.0	-2.5
409.5	2.068e-05	1.2219e-10	-10.0	-2.5
410.0	2.068e-05	1.1964e-10	-10.0	-2.5
410.5	2.0677e-05	1.2169e-10	-10.0	-2.5
411.0	2.0677e-05	1.1764e-10	-10.0	-2.5
411.5	2.0676e-05	1.1817e-10	-10.0	-2.5
412.0	2.0671e-05	1.1657e-10	-10.0	-2.5
412.5	2.0668e-05	1.1899e-10	-10.0	-2.5
413.0	2.0664e-05	1.1769e-10	-10.0	-2.5
413.5	2.066e-05	1.1705e-10	-10.0	-2.5
414.0	2.0659e-05	1.1849e-10	-10.0	-2.5
414.5	2.0658e-05	1.1467e-10	-10.0	-2.5
415.0	2.0659e-05	1.1795e-10	-10.0	-2.5
415.5	2.0654e-05	1.143e-10	-10.0	-2.5
416.0	2.0649e-05	1.1752e-10	-10.0	-2.5
416.5	2.0651e-05	1.1897e-10	-10.0	-2.5
417.0	2.0649e-05	1.1524e-10	-10.0	-2.5
417.5	2.0647e-05	1.1231e-10	-10.0	-2.5
418.0	2.0644e-05	1.147e-10	-10.0	-2.5
418.5	2.0643e-05	1.1439e-10	-10.0	-2.5
419.0	2.064e-05	1.1506e-10	-10.0	-2.5
419.5	2.064e-05	1.1577e-10	-10.0	-2.5
420.0	2.0641e-05	1.147e-10	-10.0	-2.5
420.5	2.0637e-05	1.176e-10	-10.0	-2.5
421.0	2.0636e-05	1.1648e-10	-10.0	-2.5
421.5	2.0629e-05	1.1743e-10	-10.0	-2.5
422.0	2.0634e-05	1.1686e-10	-10.0	-2.5
422.5	2.0635e-05	1.1879e-10	-10.0	-2.5
423.0	2.063e-05	1.1568e-10	-10.0	-2.5
423.5	2.0627e-05	1.2006e-10	-10.0	-2.5
424.0	2.0627e-05	1.1875e-10	-10.0	-2.5
424.5	2.0629e-05	1.1808e-10	-10.0	-2.5
425.0	2.0625e-05	1.1548e-10	-10.0	-2.5
425.5	2.0621e-05	1.1792e-10	-10.0	-2.5
426.0	2.0623e-05	1.1756e-10	-10.0	-2.5
426.5	2.0626e-05	1.1567e-10	-10.0	-2.5
427.0	2.0624e-05	1.1259e-10	-10.0	-2.5
427.5	2.0625e-05	1.1162e-10	-10.0	-2.5
428.0	2.0624e-05	1.1231e-10	-10.0	-2.5
428.5	2.0629e-05	1.095e-10	-10.0	-2.5
429.0	2.0629e-05	1.1262e-10	-10.0	-2.5
429.5	2.0625e-05	1.1017e-10	-10.0	-2.5
430.0	2.0626e-05	1.1151e-10	-10.0	-2.5
430.5	2.0621e-05	1.1119e-10	-10.0	-2.5
431.0	2.0624e-05	1.0929e-10	-10.0	-2.5
431.5	2.0621e-05	1.0661e-10	-10.0	-2.5
432.0	2.0618e-05	1.0657e-10	-10.0	-2.5
432.5	2.0618e-05	1.0548e-10	-10.0	-2.5
433.0	2.062e-05	1.0898e-10	-10.0	-2.5
433.5	2.0622e-05	1.0494e-10	-10.0	-2.5
434.0	2.0627e-05	1.0158e-10	-10.0	-2.5
434.5	2.0627e-05	1.0613e-10	-10.0	-2.5
435.0	2.0623e-05	1.0441e-10	-10.0	-2.5
435.5	2.0627e-05	1.0568e-10	-10.0	-2.5
436.0	2.0624e-05	1.0479e-10	-10.0	-2.5
436.5	2.0625e-05	1.0653e-10	-10.0	-2.5
437.0	2.0622e-05	1.0347e-10	-10.0	-2.5
437.5	2.0621e-05	1.0676e-10	-10.0	-2.5
438.0	2.0619e-05	1.0361e-10	-10.0	-2.5
438.5	2.0617e-05	1.042e-10	-10.0	-2.5
439.0	2.0622e-05	1.0413e-10	-10.0	-2.5
439.5	2.062e-05	1.0405e-10	-10.0	-2.5
440.0	2.0621e-05	1.0233e-10	-10.0	-2.5
440.5	2.0623e-05	1.0094e-10	-10.0	-2.5
441.0	2.062e-05	9.9437e-11	-10.0	-2.5
441.5	2.0619e-05	1.0034e-10	-10.0	-2.5
442.0	2.0619e-05	1.0127e-10	-10.0	-2.5
442.5	2.0623e-05	9.8697e-11	-10.0	-2.5
443.0	2.0617e-05	9.7855e-11	-10.0	-2.5
443.5	2.062e-05	9.7534e-11	-10.0	-2.5
444.0	2.0623e-05	9.7661e-11	-10.0	-2.5
444.5	2.0624e-05	9.5502e-11	-10.0	-2.5
445.0	2.0621e-05	9.7187e-11	-10.0	-2.5
445.5	2.0624e-05	9.6469e-11	-10.0	-2.5
446.0	2.0626e-05	9.5342e-11	-10.0	-2.5
446.5	2.0625e-05	9.0897e-11	-10.0	-2.5
447.0	2.0624e-05	9.1816e-11	-10.0	-2.5
447.5	2.0623e-05	9.3151e-11	-10.0	-2.5
448.0	2.0627e-05	9.4308e-11	-10.0	-2.5
448.5	2.0629e-05	9.2217e-11	-10.0	-2.5
449.0	2.0626e-05	9.4881e-11	-10.0	-2.5
449.5	2.0628e-05	9.0947e-11	-10.0	-2.5
450.0	2.0631e-05	8.9122e-11	-10.0	-2.5
450.5	2.0632e-05	9.0707e-11	-10.0	-2.5
451.0	2.0633e-05	9.3058e-11	-10.0	-2.5
451.5	2.063e-05	8.9419e-11	-10.0	-2.5
452.0	2.063e-05	8.7068e-11	-10.0	-2.5
452.5	2.0632e-05	8.2718e-11	-10.0	-2.5
453.0	2.063e-05	8.3398e-11	-10.0	-2.5
453.5	2.0626e-05	8.4468e-11	-10.0	-2.5
454.0	2.0627e-05	8.1065e-11	-10.0	-2.5
454.5	2.0624e-05	8.5021e-11	-10.0	-2.5
455.0	2.0628e-05	8.3759e-11	-10.0	-2.5
455.5	2.0631e-05	8.5362e-11	-10.0	-2.5
456.0	2.0633e-05	8.2774e-11	-10.0	-2.5
456.5	2.0632e-05	8.1073e-11	-10.0	-2.5
457.0	2.0633e-05	8.6231e-11	-10.0	-2.5
457.5	2.0635e-05	8.1271e-11	-10.0	-2.5
458.0	2.0635e-05	8.3031e-11	-10.0	-2.5
458.5	2.0637e-05	8.3761e-11	-10.0	-2.5
459.0	2.0643e-05	8.0407e-11	-10.0	-2.5
459.5	2.0638e-05	8.2307e-11	-10.0	-2.5
460.0	2.0638e-05	7.9372e-11	-10.0	-2.5
460.5	2.064e-05	7.699e-11	-10.0	-2.5
461.0	2.064e-05	7.7289e-11	-10.0	-2.5
461.5	2.064e-05	7.7708e-11	-10.0	-2.5
462.0	2.0639e-05	7.5208e-11	-10.0	-2.5
462.5	2.064e-05	7.1834e-11	-10.0	-2.5
463.0	2.0641e-05	6.8963e-11	-10.0	-2.5
463.5	2.0641e-05	7.1876e-11	-10.0	-2.5
464.0	2.0645e-05	6.7021e-11	-10.0	-2.5
464.5	2.064e-05	6.4667e-11	-10.0	-2.5
465.0	2.0643e-05	6.433e-11	-10.0	-2.5
465.5	2.0642e-05	6.8852e-11	-10.0	-2.5
466.0	2.0644e-05	6.4895e-11	-10.0	-2.5
466.5	2.0643e-05	6.4762e-11	-10.0	-2.5
467.0	2.0646e-05	6.7389e-11	-10.0	-2.5
467.5	2.0645e-05	7.1049e-11	-10.0	-2.5
468.0	2.0651e-05	6.5517e-11	-10.0	-2.5
468.5	2.0652e-05	6.5646e-11	-10.0	-2.5
469.0	2.065e-05	6.1727e-11	-10.0	-2.5
469.5	2.0653e-05	6.2501e-11	-10.0	-2.5
470.0	2.0659e-05	6.3519e-11	-10.0	-2.5
470.5	2.065e-05	6.3734e-11	-10.0	-2.5
471.0	2.0653e-05	6.1735e-11	-10.0	-2.5
471.5	2.0654e-05	6.2932e-11	-10.0	-2.5
472.0	2.0653e-05	5.8798e-11	-10.0	-2.5
472.5	2.0654e-05	6.3342e-11	-10.0	-2.5
473.0	2.0649e-05	6.4464e-11	-10.0	-2.5
473.5	2.0653e-05	6.888e-11	-10.0	-2.5
474.0	2.0655e-05	6.8418e-11	-10.0	-2.5
474.5	2.0654e-05	7.4011e-11	-10.0	-2.5
475.0	2.0658e-05	7.3756e-11	-10.0	-2.5
475.5	2.0656e-05	7.3639e-11	-10.0	-2.5
476.0	2.0654e-05	7.233e-11	-10.0	-2.5
476.5	2.065e-05	7.4555e-11	-10.0	-2.5
477.0	2.0652e-05	7.4171e-11	-10.0	-2.5
477.5	2.0655e-05	7.3279e-11	-10.0	-2.5
478.0	2.0652e-05	7.5569e-11	-10.0	-2.5
478.5	2.0653e-05	7.6568e-11	-10.0	-2.5
479.0	2.0653e-05	7.6235e-11	-10.0	-2.5
479.5	2.0657e-05	8.7098e-11	-10.0	-2.5
480.0	2.0658e-05	7.6519e-11	-10.0	-2.5
480.5	2.0659e-05	7.6504e-11	-10.0	-2.5
481.0	2.0658e-05	7.6227e-11	-10.0	-2.5
481.5	2.0663e-05	7.5234e-11	-10.0	-2.5
482.0	2.0663e-05	7.6814e-11	-10.0	-2.5
482.5	2.0666e-05	7.9843e-11	-10.0	-2.5
483.0	2.0665e-05	8.064e-11	-10.0	-2.5
483.5	2.0666e-05	7.8735e-11	-10.0	-2.5
484.0	2.0667e-05	7.9951e-11	-10.0	-2.5
484.5	2.0662e-05	8.0742e-11	-10.0	-2.5
485.0	2.0663e-05	8.0417e-11	-10.0	-2.5
485.5	2.0666e-05	8.0464e-11	-10.0	-2.5
486.0	2.0665e-05	7.982e-11	-10.0	-2.5
486.5	2.0667e-05	8.0107e-11	-10.0	-2.5
487.0	2.0664e-05	8.1636e-11	-10.0	-2.5
487.5	2.0668e-05	8.142e-11	-10.0	-2.5
488.0	2.067e-05	8.309e-11	-10.0	-2.5
488.5	2.0666e-05	8.3091e-11	-10.0	-2.5
489.0	2.0668e-05	9.0071e-11	-10.0	-2.5
489.5	2.0668e-05	9.1162e-11	-10.0	-2.5
490.0	2.0666e-05	9.0218e-11	-10.0	-2.5
490.5	2.0663e-05	9.2877e-11	-10.0	-2.5
491.0	2.0665e-05	9.4935e-11	-10.0	-2.5
491.5	2.066e-05	9.413e-11	-10.0	-2.5
492.0	2.0666e-05	9.6865e-11	-10.0	-2.5
492.5	2.0664e-05	9.6881e-11	-10.0	-2.5
493.0	2.066e-05	9.6408e-11	-10.0	-2.5
493.5	2.0659e-05	9.7331e-11	-10.0	-2.5
494.0	2.0661e-05	9.6006e-11	-10.0	-2.5
494.5	2.0663e-05	9.5346e-11	-10.0	-2.5
495.0	2.0659e-05	9.4839e-11	-10.0	-2.5
495.5	2.0657e-05	9.5271e-11	-10.0	-2.5
496.0	2.066e-05	9.4708e-11	-10.0	-2.5
496.5	2.0658e-05	9.3935e-11	-10.0	-2.5
497.0	2.0654e-05	9.2461e-11	-10.0	-2.5
497.5	2.0649e-05	9.5115e-11	-10.0	-2.5
498.0	2.0646e-05	9.6492e-11	-10.0	-2.5
498.5	2.0645e-05	9.7898e-11	-10.0	-2.5
499.0	2.0643e-05	9.249e-11	-10.0	-2.5
499.5	2.0646e-05	9.6817e-11	-10.0	-2.5
500.0	2.0641e-05	9.7964e-11	-10.0	-2.5
500.5	2.0641e-05	9.6848e-11	-10.0	-2.5
501.0	2.0639e-05	9.7264e-11	-10.0	-2.5
501.5	2.0636e-05	9.4981e-11	-10.0	-2.5
502.0	2.0635e-05	9.8015e-11	-10.0	-2.5
502.5	2.0634e-05	9.5291e-11	-10.0	-2.5
503.0	2.0632e-05	9.7864e-11	-10.0	-2.5
503.5	2.0631e-05	9.8944e-11	-10.0	-2.5
504.0	2.063e-05	9.7848e-11	-10.0	-2.5
504.5	2.0629e-05	9.7355e-11	-10.0	-2.5
505.0	2.0625e-05	1.0096e-10	-10.0	-2.5
505.5	2.0623e-05	9.8548e-11	-10.0	-2.5
506.0	2.062e-05	9.9076e-11	-10.0	-2.5
506.5	2.0622e-05	9.8059e-11	-10.0	-2.5
507.0	2.0622e-05	9.9848e-11	-10.0	-2.5
507.5	2.0618e-05	9.9575e-11	-10.0	-2.5
508.0	2.0619e-05	9.8505e-11	-10.0	-2.5
508.5	2.0618e-05	9.4542e-11	-10.0	-2.5
509.0	2.0611e-05	9.4271e-11	-10.0	-2.5
509.5	2.0608e-05	9.5476e-11	-10.0	-2.5
510.0	2.0602e-05	9.8022e-11	-10.0	-2.5
510.5	2.0597e-05	9.4749e-11	-10.0	-2.5
511.0	2.0599e-05	9.5624e-11	-10.0	-2.5
511.5	2.0592e-05	9.5395e-11	-10.0	-2.5
512.0	2.0588e-05	9.6918e-11	-10.0	-2.5
512.5	2.0587e-05	9.5726e-11	-10.0	-2.5
513.0	2.0583e-05	9.9381e-11	-10.0	-2.5
513.5	2.0581e-05	1.0149e-10	-10.0	-2.5
514.0	2.0578e-05	1.0043e-10	-10.0	-2.5
514.5	2.058e-05	1.0097e-10	-10.0	-2.5
515.0	2.0578e-05	1.0245e-10	-10.0	-2.5
515.5	2.0576e-05	1.0275e-10	-10.0	-2.5
516.0	2.0575e-05	1.0408e-10	-10.0	-2.5
516.5	2.0572e-05	1.0446e-10	-10.0	-2.5
517.0	2.0573e-05	1.0415e-10	-10.0	-2.5
517.5	2.057e-05	1.0554e-10	-10.0	-2.5
518.0	2.057e-05	1.0369e-10	-10.0	-2.5
518.5	2.0568e-05	1.0253e-10	-10.0	-2.5
519.0	2.0568e-05	1.0364e-10	-10.0	-2.5
519.5	2.0565e-05	1.0505e-10	-10.0	-2.5
520.0	2.0564e-05	1.0493e-10	-10.0	-2.5
520.5	2.0562e-05	1.0745e-10	-10.0	-2.5
521.0	2.0562e-05	1.0326e-10	-10.0	-2.5
521.5	2.056e-05	1.0474e-10	-10.0	-2.5
522.0	2.0562e-05	1.0494e-10	-10.0	-2.5
522.5	2.056e-05	1.0472e-10	-10.0	-2.5
523.0	2.0561e-05	1.052e-10	-10.0	-2.5
523.5	2.0556e-05	1.091e-10	-10.0	-2.5
524.0	2.055e-05	1.062e-10	-10.0	-2.5
524.5	2.0546e-05	1.0448e-10	-10.0	-2.5
525.0	2.0543e-05	1.0355e-10	-10.0	-2.5
525.5	2.0542e-05	1.057e-10	-10.0	-2.5
526.0	2.0536e-05	1.0701e-10	-10.0	-2.5
526.5	2.0528e-05	1.0096e-10	-10.0	-2.5
527.0	2.0528e-05	1.0645e-10	-10.0	-2.5
527.5	2.0521e-05	1.0666e-10	-10.0	-2.5
528.0	2.052e-05	1.061e-10	-10.0	-2.5
528.5	2.0518e-05	1.0785e-10	-10.0	-2.5
529.0	2.0514e-05	1.0543e-10	-10.0	-2.5
529.5	2.0513e-05	1.0597e-10	-10.0	-2.5
530.0	2.0511e-05	1.0704e-10	-10.0	-2.5
530.5	2.0509e-05	1.0632e-10	-10.0	-2.5
531.0	2.0506e-05	1.0705e-10	-10.0	-2.5
531.5	2.0504e-05	1.0914e-10	-10.0	-2.5
532.0	2.0504e-05	1.0588e-10	-10.0	-2.5
532.5	2.0504e-05	1.0795e-10	-10.0	-2.5
533.0	2.0498e-05	1.0424e-10	-10.0	-2.5
533.5	2.05e-05	1.0626e-10	-10.0	-2.5
534.0	2.0494e-05	1.0914e-10	-10.0	-2.5
534.5	2.0493e-05	1.0809e-10	-10.0	-2.5
535.0	2.0488e-05	1.0697e-10	-10.0	-2.5
535.5	2.0487e-05	1.076e-10	-10.0	-2.5
536.0	2.0484e-05	1.03e-10	-10.0	-2.5
536.5	2.0478e-05	1.083e-10	-10.0	-2.5
537.0	2.0479e-05	1.1169e-10	-10.0	-2.5
537.5	2.0475e-05	1.0918e-10	-10.0	-2.5
538.0	2.0475e-05	1.1085e-10	-10.0	-2.5
538.5	2.0471e-05	1.0848e-10	-10.0	-2.5
539.0	2.0471e-05	1.0755e-10	-10.0	-2.5
539.5	2.047e-05	1.0895e-10	-10.0	-2.5
540.0	2.0469e-05	1.0583e-10	-10.0	-2.5
540.5	2.0468e-05	1.0811e-10	-10.0	-2.5
541.0	2.047e-05	1.0748e-10	-10.0	-2.5
541.5	2.0466e-05	1.1021e-10	-10.0	-2.5
542.0	2.0465e-05	1.1404e-10	-10.0	-2.5
542.5	2.0462e-05	1.1453e-10	-10.0	-2.5
543.0	2.0462e-05	1.1331e-10	-10.0	-2.5
543.5	2.0458e-05	1.1571e-10	-10.0	-2.5
544.0	2.0459e-05	1.1655e-10	-10.0	-2.5
544.5	2.0459e-05	1.1643e-10	-10.0	-2.5
545.0	2.046e-05	1.1583e-10	-10.0	-2.5
545.5	2.0459e-05	1.1704e-10	-10.0	-2.5
546.0	2.0456e-05	1.1529e-10	-10.0	-2.5
546.5	2.0457e-05	1.1596e-10	-10.0	-2.5
547.0	2.0457e-05	1.1684e-10	-10.0	-2.5
547.5	2.0453e-05	1.1647e-10	-10.0	-2.5
548.0	2.0453e-05	1.1566e-10	-10.0	-2.5
548.5	2.0451e-05	1.1462e-10	-10.0	-2.5
549.0	2.0448e-05	1.1043e-10	-10.0	-2.5
549.5	2.0453e-05	1.1111e-10	-10.0	-2.5
550.0	2.0455e-05	1.1126e-10	-10.0	-2.5
550.5	2.0456e-05	1.1177e-10	-10.0	-2.5
551.0	2.0453e-05	1.11e-10	-10.0	-2.5
551.5	2.0452e-05	1.1091e-10	-10.0	-2.5
552.0	2.0452e-05	1.1063e-10	-10.0	-2.5
552.5	2.0452e-05	1.1119e-10	-10.0	-2.5
553.0	2.0453e-05	1.1091e-10	-10.0	-2.5
553.5	2.0454e-05	1.0926e-10	-10.0	-2.5
554.0	2.0452e-05	1.0848e-10	-10.0	-2.5
554.5	2.0451e-05	1.0606e-10	-10.0	-2.5
555.0	2.0449e-05	1.0828e-10	-10.0	-2.5
555.5	2.0449e-05	1.033e-10	-10.0	-2.5
556.0	2.0449e-05	1.0393e-10	-10.0	-2.5
556.5	2.0449e-05	1.0287e-10	-10.0	-2.5
557.0	2.0452e-05	1.026e-10	-10.0	-2.5
557.5	2.045e-05	1.0192e-10	-10.0	-2.5
558.0	2.0451e-05	1.036e-10	-10.0	-2.5
558.5	2.0451e-05	1.0264e-10	-10.0	-2.5
559.0	2.0451e-05	1.0371e-10	-10.0	-2.5
559.5	2.0452e-05	1.0452e-10	-10.0	-2.5
560.0	2.045e-05	1.0387e-10	-10.0	-2.5
560.5	2.0448e-05	1.0259e-10	-10.0	-2.5
561.0	2.0452e-05	1.0066e-10	-10.0	-2.5
561.5	2.045e-05	1.0149e-10	-10.0	-2.5
562.0	2.045e-05	1.001e-10	-10.0	-2.5
562.5	2.0453e-05	1.0343e-10	-10.0	-2.5
563.0	2.0454e-05	1.0261e-10	-10.0	-2.5
563.5	2.0454e-05	1.0253e-10	-10.0	-2.5
564.0	2.0459e-05	1.0109e-10	-10.0	-2.5
564.5	2.0458e-05	9.9207e-11	-10.0	-2.5
565.0	2.0455e-05	9.6172e-11	-10.0	-2.5
565.5	2.046e-05	9.6579e-11	-10.0	-2.5
566.0	2.0456e-05	9.6617e-11	-10.0	-2.5
566.5	2.0455e-05	9.9071e-11	-10.0	-2.5
567.0	2.0456e-05	9.5918e-11	-10.0	-2.5
567.5	2.0458e-05	9.517e-11	-10.0	-2.5
568.0	2.0458e-05	9.4546e-11	-10.0	-2.5
568.5	2.0456e-05	9.3236e-11	-10.0	-2.5
569.0	2.0457e-05	9.1329e-11	-10.0	-2.5
569.5	2.0457e-05	9.0837e-11	-10.0	-2.5
570.0	2.046e-05	9.0414e-11	-10.0	-2.5
570.5	2.046e-05	9.0649e-11	-10.0	-2.5
571.0	2.046e-05	9.1114e-11	-10.0	-2.5
571.5	2.0462e-05	9.1555e-11	-10.0	-2.5
572.0	2.0465e-05	8.9266e-11	-10.0	-2.5
572.5	2.0464e-05	8.9219e-11	-10.0	-2.5
573.0	2.0462e-05	9.1441e-11	-10.0	-2.5
573.5	2.046e-05	8.8291e-11	-10.0	-2.5
574.0	2.0462e-05	8.7992e-11	-10.0	-2.5
574.5	2.0462e-05	8.9023e-11	-10.0	-2.5
575.0	2.0463e-05	8.8871e-11	-10.0	-2.5
575.5	2.0464e-05	8.5009e-11	-10.0	-2.5
576.0	2.0468e-05	8.3743e-11	-10.0	-2.5
576.5	2.0459e-05	8.4829e-11	-10.0	-2.5
577.0	2.0462e-05	8.3227e-11	-10.0	-2.5
577.5	2.0462e-05	8.3797e-11	-10.0	-2.5
578.0	2.0462e-05	8.6504e-11	-10.0	-2.5
578.5	2.0464e-05	8.6384e-11	-10.0	-2.5
579.0	2.0464e-05	8.7711e-11	-10.0	-2.5
579.5	2.0465e-05	8.3666e-11	-10.0	-2.5
580.0	2.047e-05	8.2135e-11	-10.0	-2.5
580.5	2.0471e-05	8.2318e-11	-10.0	-2.5
581.0	2.047e-05	8.1267e-11	-10.0	-2.5
581.5	2.0467e-05	8.1147e-11	-10.0	-2.5
582.0	2.0464e-05	8.2529e-11	-10.0	-2.5
582.5	2.0467e-05	7.9784e-11	-10.0	-2.5
583.0	2.0468e-05	8.0486e-11	-10.0	-2.5
583.5	2.0468e-05	8.0055e-11	-10.0	-2.5
584.0	2.0466e-05	8.0118e-11	-10.0	-2.5
584.5	2.0466e-05	7.9416e-11	-10.0	-2.5
585.0	2.0469e-05	7.993e-11	-10.0	-2.5
585.5	2.0473e-05	8.0553e-11	-10.0	-2.5
586.0	2.0468e-05	7.9254e-11	-10.0	-2.5
586.5	2.0474e-05	8.4714e-11	-10.0	-2.5
587.0	2.0473e-05	7.9611e-11	-10.0	-2.5
587.5	2.0477e-05	7.9479e-11	-10.0	-2.5
588.0	2.0476e-05	8.0115e-11	-10.0	-2.5
588.5	2.0474e-05	8.263e-11	-10.0	-2.5
589.0	2.0472e-05	8.2334e-11	-10.0	-2.5
589.5	2.0475e-05	7.7894e-11	-10.0	-2.5
590.0	2.0476e-05	8.2082e-11	-10.0	-2.5
590.5	2.0477e-05	7.9058e-11	-10.0	-2.5
591.0	2.0479e-05	8.0801e-11	-10.0	-2.5
591.5	2.0476e-05	7.7812e-11	-10.0	-2.5
592.0	2.0477e-05	7.8682e-11	-10.0	-2.5
592.5	2.0476e-05	8.1234e-11	-10.0	-2.5
593.0	2.0479e-05	8.0467e-11	-10.0	-2.5
593.5	2.0479e-05	8.0183e-11	-10.0	-2.5
594.0	2.0481e-05	7.8701e-11	-10.0	-2.5
594.5	2.0483e-05	7.4513e-11	-10.0	-2.5
595.0	2.0484e-05	7.6342e-11	-10.0	-2.5
595.5	2.0481e-05	7.6518e-11	-10.0	-2.5
596.0	2.0481e-05	7.6034e-11	-10.0	-2.5
596.5	2.0488e-05	7.6952e-11	-10.0	-2.5
597.0	2.0481e-05	7.6234e-11	-10.0	-2.5
597.5	2.0484e-05	7.3701e-11	-10.0	-2.5
598.0	2.0482e-05	7.5887e-11	-10.0	-2.5
598.5	2.0476e-05	7.3448e-11	-10.0	-2.5
599.0	2.0479e-05	7.2952e-11	-10.0	-2.5
599.5	2.0481e-05	7.3539e-11	-10.0	-2.5
600.0	2.0478e-05	7.2706e-11	-10.0	-2.5
600.5	2.048e-05	7.1199e-11	-10.0	-2.5
601.0	2.048e-05	7.2252e-11	-10.0	-2.5
601.5	2.0479e-05	7.0382e-11	-10.0	-2.5
602.0	2.0482e-05	7.6332e-11	-10.0	-2.5
602.5	2.0484e-05	7.1862e-11	-10.0	-2.5
603.0	2.0481e-05	7.4835e-11	-10.0	-2.5
603.5	2.0485e-05	7.2238e-11	-10.0	-2.5
604.0	2.0485e-05	7.1502e-11	-10.0	-2.5
