Time (s)	|IDrain (A)|	|IGate (A)	Vdrain(V)	Vgate(V)
0.0	1.1922e-06	3.4656e-10	-10.0	-2.5
1.0	1.1853e-06	5.8147e-10	-10.0	-2.5
1.5	1.1823e-06	5.4335e-10	-10.0	-2.5
2.0	1.1797e-06	5.1711e-10	-10.0	-2.5
2.5	1.1753e-06	5.0727e-10	-10.0	-2.5
3.0	1.1723e-06	4.924e-10	-10.0	-2.5
3.5	1.1688e-06	4.8892e-10	-10.0	-2.5
4.0	1.1678e-06	4.8182e-10	-10.0	-2.5
4.5	1.1677e-06	4.8508e-10	-10.0	-2.5
5.0	1.1644e-06	4.8113e-10	-10.0	-2.5
5.5	1.1652e-06	4.7185e-10	-10.0	-2.5
6.0	1.1634e-06	4.7414e-10	-10.0	-2.5
6.5	1.1643e-06	4.7351e-10	-10.0	-2.5
7.0	1.1646e-06	4.7378e-10	-10.0	-2.5
7.5	1.164e-06	4.7383e-10	-10.0	-2.5
8.0	1.1633e-06	4.6942e-10	-10.0	-2.5
8.5	1.1594e-06	4.7072e-10	-10.0	-2.5
9.0	1.1638e-06	4.646e-10	-10.0	-2.5
9.5	1.1596e-06	4.8151e-10	-10.0	-2.5
10.0	1.1563e-06	4.6905e-10	-10.0	-2.5
10.5	1.1586e-06	4.6393e-10	-10.0	-2.5
11.0	1.1571e-06	4.6454e-10	-10.0	-2.5
11.5	1.1563e-06	4.6169e-10	-10.0	-2.5
12.0	1.1575e-06	4.5764e-10	-10.0	-2.5
12.5	1.158e-06	4.607e-10	-10.0	-2.5
13.0	1.1523e-06	4.6756e-10	-10.0	-2.5
13.5	1.1533e-06	4.5915e-10	-10.0	-2.5
14.0	1.1522e-06	4.6375e-10	-10.0	-2.5
14.5	1.1508e-06	4.5728e-10	-10.0	-2.5
15.0	1.1479e-06	4.6302e-10	-10.0	-2.5
15.5	1.1525e-06	4.5399e-10	-10.0	-2.5
16.0	1.1506e-06	4.5609e-10	-10.0	-2.5
16.5	1.1497e-06	4.6078e-10	-10.0	-2.5
17.0	1.1488e-06	4.5216e-10	-10.0	-2.5
17.5	1.1502e-06	4.5197e-10	-10.0	-2.5
18.0	1.1487e-06	4.5617e-10	-10.0	-2.5
18.5	1.1488e-06	4.4732e-10	-10.0	-2.5
19.0	1.1485e-06	4.504e-10	-10.0	-2.5
19.5	1.1482e-06	4.537e-10	-10.0	-2.5
20.0	1.1446e-06	4.5367e-10	-10.0	-2.5
20.5	1.1458e-06	4.428e-10	-10.0	-2.5
21.0	1.1462e-06	4.5077e-10	-10.0	-2.5
21.5	1.1462e-06	4.5818e-10	-10.0	-2.5
22.0	1.1475e-06	4.4646e-10	-10.0	-2.5
22.5	1.1454e-06	4.5642e-10	-10.0	-2.5
23.0	1.146e-06	4.4923e-10	-10.0	-2.5
23.5	1.1455e-06	4.4563e-10	-10.0	-2.5
24.0	1.1458e-06	4.4897e-10	-10.0	-2.5
24.5	1.1443e-06	4.5155e-10	-10.0	-2.5
25.0	1.1452e-06	4.4561e-10	-10.0	-2.5
25.5	1.1445e-06	4.4946e-10	-10.0	-2.5
26.0	1.1444e-06	4.4152e-10	-10.0	-2.5
26.5	1.1431e-06	4.4612e-10	-10.0	-2.5
27.0	1.1404e-06	4.4993e-10	-10.0	-2.5
27.5	1.1407e-06	4.4333e-10	-10.0	-2.5
28.0	1.1385e-06	4.4507e-10	-10.0	-2.5
28.5	1.1382e-06	4.4576e-10	-10.0	-2.5
29.0	1.136e-06	4.5067e-10	-10.0	-2.5
29.5	1.1383e-06	4.4304e-10	-10.0	-2.5
30.0	1.1386e-06	4.4475e-10	-10.0	-2.5
30.5	1.1391e-06	4.3917e-10	-10.0	-2.5
31.0	1.1396e-06	4.4116e-10	-10.0	-2.5
31.5	1.1402e-06	4.4408e-10	-10.0	-2.5
32.0	1.137e-06	4.428e-10	-10.0	-2.5
32.5	1.1374e-06	4.4463e-10	-10.0	-2.5
33.0	1.1392e-06	4.4509e-10	-10.0	-2.5
33.5	1.1352e-06	4.4497e-10	-10.0	-2.5
34.0	1.1359e-06	4.4246e-10	-10.0	-2.5
34.5	1.1369e-06	4.3876e-10	-10.0	-2.5
35.0	1.1351e-06	4.437e-10	-10.0	-2.5
35.5	1.134e-06	4.4478e-10	-10.0	-2.5
36.0	1.1356e-06	4.3933e-10	-10.0	-2.5
36.5	1.1343e-06	4.4068e-10	-10.0	-2.5
37.0	1.1348e-06	4.4527e-10	-10.0	-2.5
37.5	1.1354e-06	4.4457e-10	-10.0	-2.5
38.0	1.1361e-06	4.442e-10	-10.0	-2.5
38.5	1.1344e-06	4.4696e-10	-10.0	-2.5
39.0	1.1341e-06	4.4324e-10	-10.0	-2.5
39.5	1.1316e-06	4.4463e-10	-10.0	-2.5
40.0	1.1364e-06	4.3627e-10	-10.0	-2.5
40.5	1.1352e-06	4.4901e-10	-10.0	-2.5
41.0	1.1334e-06	4.396e-10	-10.0	-2.5
41.5	1.1321e-06	4.4702e-10	-10.0	-2.5
42.0	1.1301e-06	4.4195e-10	-10.0	-2.5
42.5	1.1305e-06	4.4e-10	-10.0	-2.5
43.0	1.1327e-06	4.3819e-10	-10.0	-2.5
43.5	1.1312e-06	4.4011e-10	-10.0	-2.5
44.0	1.131e-06	4.3634e-10	-10.0	-2.5
44.5	1.1304e-06	4.38e-10	-10.0	-2.5
45.0	1.1302e-06	4.4077e-10	-10.0	-2.5
45.5	1.128e-06	4.4185e-10	-10.0	-2.5
46.0	1.1294e-06	4.3739e-10	-10.0	-2.5
46.5	1.1284e-06	4.4078e-10	-10.0	-2.5
47.0	1.1286e-06	4.3835e-10	-10.0	-2.5
47.5	1.1267e-06	4.4577e-10	-10.0	-2.5
48.0	1.1288e-06	4.3442e-10	-10.0	-2.5
48.5	1.1303e-06	4.4318e-10	-10.0	-2.5
49.0	1.1315e-06	4.3645e-10	-10.0	-2.5
49.5	1.1293e-06	4.391e-10	-10.0	-2.5
50.0	1.1303e-06	4.4181e-10	-10.0	-2.5
50.5	1.1295e-06	4.4297e-10	-10.0	-2.5
51.0	1.129e-06	4.3465e-10	-10.0	-2.5
51.5	1.1305e-06	4.3614e-10	-10.0	-2.5
52.0	1.1292e-06	4.4384e-10	-10.0	-2.5
52.5	1.1324e-06	4.3419e-10	-10.0	-2.5
53.0	1.1316e-06	4.4188e-10	-10.0	-2.5
53.5	1.132e-06	4.348e-10	-10.0	-2.5
54.0	1.1297e-06	4.3876e-10	-10.0	-2.5
54.5	1.1307e-06	4.3233e-10	-10.0	-2.5
55.0	1.13e-06	4.4416e-10	-10.0	-2.5
55.5	1.1256e-06	4.4187e-10	-10.0	-2.5
56.0	1.1256e-06	4.4179e-10	-10.0	-2.5
56.5	1.1262e-06	4.3368e-10	-10.0	-2.5
57.0	1.1275e-06	4.3217e-10	-10.0	-2.5
57.5	1.128e-06	4.3572e-10	-10.0	-2.5
58.0	1.1262e-06	4.3991e-10	-10.0	-2.5
58.5	1.1266e-06	4.3357e-10	-10.0	-2.5
59.0	1.1261e-06	4.3666e-10	-10.0	-2.5
59.5	1.1246e-06	4.4063e-10	-10.0	-2.5
60.0	1.1268e-06	4.3617e-10	-10.0	-2.5
60.5	1.125e-06	4.3333e-10	-10.0	-2.5
61.0	1.1253e-06	4.3672e-10	-10.0	-2.5
61.5	1.1261e-06	4.3428e-10	-10.0	-2.5
62.0	1.1279e-06	4.3358e-10	-10.0	-2.5
62.5	1.1262e-06	4.3302e-10	-10.0	-2.5
63.0	1.1273e-06	4.33e-10	-10.0	-2.5
63.5	1.1262e-06	4.3929e-10	-10.0	-2.5
64.0	1.1256e-06	4.4269e-10	-10.0	-2.5
64.5	1.1241e-06	4.3825e-10	-10.0	-2.5
65.0	1.1236e-06	4.3746e-10	-10.0	-2.5
65.5	1.1226e-06	4.3555e-10	-10.0	-2.5
66.0	1.1222e-06	4.3512e-10	-10.0	-2.5
66.5	1.1225e-06	4.3374e-10	-10.0	-2.5
67.0	1.1241e-06	4.3585e-10	-10.0	-2.5
67.5	1.126e-06	4.395e-10	-10.0	-2.5
68.0	1.1245e-06	4.4066e-10	-10.0	-2.5
68.5	1.1241e-06	4.4262e-10	-10.0	-2.5
69.0	1.1227e-06	4.3875e-10	-10.0	-2.5
69.5	1.1251e-06	4.4258e-10	-10.0	-2.5
70.0	1.1249e-06	4.4394e-10	-10.0	-2.5
70.5	1.1243e-06	4.4103e-10	-10.0	-2.5
71.0	1.1239e-06	4.3717e-10	-10.0	-2.5
71.5	1.1228e-06	4.337e-10	-10.0	-2.5
72.0	1.1178e-06	4.4316e-10	-10.0	-2.5
72.5	1.116e-06	4.3391e-10	-10.0	-2.5
73.0	1.1181e-06	4.3929e-10	-10.0	-2.5
73.5	1.1191e-06	4.352e-10	-10.0	-2.5
74.0	1.1188e-06	4.3842e-10	-10.0	-2.5
74.5	1.1187e-06	4.4298e-10	-10.0	-2.5
75.0	1.1213e-06	4.4177e-10	-10.0	-2.5
75.5	1.1225e-06	4.3254e-10	-10.0	-2.5
76.0	1.1212e-06	4.3796e-10	-10.0	-2.5
76.5	1.1232e-06	4.4206e-10	-10.0	-2.5
77.0	1.1174e-06	4.4149e-10	-10.0	-2.5
77.5	1.1187e-06	4.3906e-10	-10.0	-2.5
78.0	1.118e-06	4.438e-10	-10.0	-2.5
78.5	1.1184e-06	4.4157e-10	-10.0	-2.5
79.0	1.1183e-06	4.3109e-10	-10.0	-2.5
79.5	1.1173e-06	4.4277e-10	-10.0	-2.5
80.0	1.1195e-06	4.3523e-10	-10.0	-2.5
80.5	1.1185e-06	4.4039e-10	-10.0	-2.5
81.0	1.1173e-06	4.358e-10	-10.0	-2.5
81.5	1.1149e-06	4.3581e-10	-10.0	-2.5
82.0	1.117e-06	4.3566e-10	-10.0	-2.5
82.5	1.1153e-06	4.4625e-10	-10.0	-2.5
83.0	1.1122e-06	4.3745e-10	-10.0	-2.5
83.5	1.1136e-06	4.3683e-10	-10.0	-2.5
84.0	1.1159e-06	4.318e-10	-10.0	-2.5
84.5	1.114e-06	4.3843e-10	-10.0	-2.5
85.0	1.1142e-06	4.4072e-10	-10.0	-2.5
85.5	1.1161e-06	4.3482e-10	-10.0	-2.5
86.0	1.1172e-06	4.3482e-10	-10.0	-2.5
86.5	1.1164e-06	4.3492e-10	-10.0	-2.5
87.0	1.1193e-06	4.3702e-10	-10.0	-2.5
87.5	1.115e-06	4.3882e-10	-10.0	-2.5
88.0	1.1153e-06	4.3667e-10	-10.0	-2.5
88.5	1.1163e-06	4.3482e-10	-10.0	-2.5
89.0	1.1176e-06	4.3615e-10	-10.0	-2.5
89.5	1.1123e-06	4.4246e-10	-10.0	-2.5
90.0	1.1178e-06	4.3092e-10	-10.0	-2.5
90.5	1.1168e-06	4.4006e-10	-10.0	-2.5
91.0	1.1176e-06	4.4089e-10	-10.0	-2.5
91.5	1.118e-06	4.2902e-10	-10.0	-2.5
92.0	1.1153e-06	4.4472e-10	-10.0	-2.5
92.5	1.115e-06	4.3962e-10	-10.0	-2.5
93.0	1.1159e-06	4.3214e-10	-10.0	-2.5
93.5	1.114e-06	4.3696e-10	-10.0	-2.5
94.0	1.1124e-06	4.3664e-10	-10.0	-2.5
94.5	1.112e-06	4.3993e-10	-10.0	-2.5
95.0	1.1134e-06	4.351e-10	-10.0	-2.5
95.5	1.1146e-06	4.3793e-10	-10.0	-2.5
96.0	1.1147e-06	4.4016e-10	-10.0	-2.5
96.5	1.115e-06	4.3685e-10	-10.0	-2.5
97.0	1.118e-06	4.3303e-10	-10.0	-2.5
97.5	1.1173e-06	4.3213e-10	-10.0	-2.5
98.0	1.1167e-06	4.3351e-10	-10.0	-2.5
98.5	1.1156e-06	4.3689e-10	-10.0	-2.5
99.0	1.1149e-06	4.3622e-10	-10.0	-2.5
99.5	1.118e-06	4.3425e-10	-10.0	-2.5
100.0	1.1144e-06	4.3921e-10	-10.0	-2.5
100.5	1.1157e-06	4.3113e-10	-10.0	-2.5
101.0	1.1147e-06	4.4121e-10	-10.0	-2.5
101.5	1.1186e-06	4.3034e-10	-10.0	-2.5
102.0	1.1169e-06	4.2741e-10	-10.0	-2.5
102.5	1.1154e-06	4.3875e-10	-10.0	-2.5
103.0	1.117e-06	4.4098e-10	-10.0	-2.5
103.5	1.1166e-06	4.3901e-10	-10.0	-2.5
104.0	1.114e-06	4.3605e-10	-10.0	-2.5
104.5	1.1139e-06	4.401e-10	-10.0	-2.5
105.0	1.1111e-06	4.4259e-10	-10.0	-2.5
105.5	1.1143e-06	4.324e-10	-10.0	-2.5
106.0	1.1114e-06	4.3392e-10	-10.0	-2.5
106.5	1.111e-06	4.3183e-10	-10.0	-2.5
107.0	1.1108e-06	4.3451e-10	-10.0	-2.5
107.5	1.1131e-06	4.3575e-10	-10.0	-2.5
108.0	1.1146e-06	4.3699e-10	-10.0	-2.5
108.5	1.1155e-06	4.3437e-10	-10.0	-2.5
109.0	1.1161e-06	4.3928e-10	-10.0	-2.5
109.5	1.1113e-06	4.3722e-10	-10.0	-2.5
110.0	1.1132e-06	4.3427e-10	-10.0	-2.5
110.5	1.1134e-06	4.3435e-10	-10.0	-2.5
111.0	1.117e-06	4.3183e-10	-10.0	-2.5
111.5	1.1148e-06	4.3337e-10	-10.0	-2.5
112.0	1.1146e-06	4.3541e-10	-10.0	-2.5
112.5	1.1131e-06	4.3629e-10	-10.0	-2.5
113.0	1.113e-06	4.3748e-10	-10.0	-2.5
113.5	1.1116e-06	4.3668e-10	-10.0	-2.5
114.0	1.1121e-06	4.3653e-10	-10.0	-2.5
114.5	1.1137e-06	4.3714e-10	-10.0	-2.5
115.0	1.114e-06	4.3491e-10	-10.0	-2.5
115.5	1.1112e-06	4.3991e-10	-10.0	-2.5
116.0	1.1106e-06	4.322e-10	-10.0	-2.5
116.5	1.1114e-06	4.3704e-10	-10.0	-2.5
117.0	1.1096e-06	4.4236e-10	-10.0	-2.5
117.5	1.1088e-06	4.3141e-10	-10.0	-2.5
118.0	1.1076e-06	4.3359e-10	-10.0	-2.5
118.5	1.1102e-06	4.3498e-10	-10.0	-2.5
119.0	1.1098e-06	4.392e-10	-10.0	-2.5
119.5	1.1075e-06	4.4089e-10	-10.0	-2.5
120.0	1.1097e-06	6.3226e-10	-10.0	-2.5
120.5	1.1102e-06	6.2945e-10	-10.0	-2.5
121.0	1.1107e-06	6.3665e-10	-10.0	-2.5
121.5	1.1103e-06	6.4119e-10	-10.0	-2.5
122.0	1.1062e-06	6.4316e-10	-10.0	-2.5
122.5	1.1081e-06	6.3473e-10	-10.0	-2.5
123.0	1.1059e-06	6.4436e-10	-10.0	-2.5
123.5	1.1019e-06	6.4186e-10	-10.0	-2.5
124.0	1.1002e-06	6.3635e-10	-10.0	-2.5
124.5	1.0992e-06	6.3601e-10	-10.0	-2.5
125.0	1.0991e-06	6.4402e-10	-10.0	-2.5
125.5	1.0956e-06	6.4068e-10	-10.0	-2.5
126.0	1.0942e-06	6.3459e-10	-10.0	-2.5
126.5	1.094e-06	6.3336e-10	-10.0	-2.5
127.0	1.0953e-06	6.3083e-10	-10.0	-2.5
127.5	1.0971e-06	6.3396e-10	-10.0	-2.5
128.0	1.0959e-06	6.3563e-10	-10.0	-2.5
128.5	1.0986e-06	6.2864e-10	-10.0	-2.5
129.0	1.0991e-06	6.3244e-10	-10.0	-2.5
129.5	1.0983e-06	6.3039e-10	-10.0	-2.5
130.0	1.0935e-06	6.3454e-10	-10.0	-2.5
130.5	1.0919e-06	6.2881e-10	-10.0	-2.5
131.0	1.0904e-06	6.2803e-10	-10.0	-2.5
131.5	1.0885e-06	6.2972e-10	-10.0	-2.5
132.0	1.0871e-06	6.2528e-10	-10.0	-2.5
132.5	1.086e-06	6.268e-10	-10.0	-2.5
133.0	1.0853e-06	6.2552e-10	-10.0	-2.5
133.5	1.0852e-06	6.2483e-10	-10.0	-2.5
134.0	1.0832e-06	6.2236e-10	-10.0	-2.5
134.5	1.079e-06	6.2799e-10	-10.0	-2.5
135.0	1.0789e-06	6.2917e-10	-10.0	-2.5
135.5	1.0783e-06	6.2657e-10	-10.0	-2.5
136.0	1.0763e-06	6.2875e-10	-10.0	-2.5
136.5	1.0769e-06	6.1809e-10	-10.0	-2.5
137.0	1.0766e-06	6.1771e-10	-10.0	-2.5
137.5	1.074e-06	6.2227e-10	-10.0	-2.5
138.0	1.0769e-06	6.0885e-10	-10.0	-2.5
138.5	1.0783e-06	6.0666e-10	-10.0	-2.5
139.0	1.0781e-06	6.1635e-10	-10.0	-2.5
139.5	1.0775e-06	6.1167e-10	-10.0	-2.5
140.0	1.0773e-06	6.159e-10	-10.0	-2.5
140.5	1.0783e-06	6.1058e-10	-10.0	-2.5
141.0	1.073e-06	6.171e-10	-10.0	-2.5
141.5	1.0687e-06	6.1766e-10	-10.0	-2.5
142.0	1.0678e-06	6.0524e-10	-10.0	-2.5
142.5	1.0721e-06	6.0374e-10	-10.0	-2.5
143.0	1.0701e-06	6.1448e-10	-10.0	-2.5
143.5	1.0748e-06	6.0326e-10	-10.0	-2.5
144.0	1.0765e-06	6.0484e-10	-10.0	-2.5
144.5	1.0733e-06	6.1069e-10	-10.0	-2.5
145.0	1.0729e-06	6.049e-10	-10.0	-2.5
145.5	1.0722e-06	6.029e-10	-10.0	-2.5
146.0	1.0726e-06	6.0574e-10	-10.0	-2.5
146.5	1.0716e-06	6.1106e-10	-10.0	-2.5
147.0	1.0691e-06	6.0031e-10	-10.0	-2.5
147.5	1.0696e-06	6.0228e-10	-10.0	-2.5
148.0	1.0671e-06	6.0858e-10	-10.0	-2.5
148.5	1.0655e-06	6.0284e-10	-10.0	-2.5
149.0	1.0642e-06	6.0247e-10	-10.0	-2.5
149.5	1.0645e-06	6.036e-10	-10.0	-2.5
150.0	1.0642e-06	5.9753e-10	-10.0	-2.5
150.5	1.063e-06	6.033e-10	-10.0	-2.5
151.0	1.0608e-06	5.9742e-10	-10.0	-2.5
151.5	1.0573e-06	6.0071e-10	-10.0	-2.5
152.0	1.0586e-06	5.9466e-10	-10.0	-2.5
152.5	1.0568e-06	5.9334e-10	-10.0	-2.5
153.0	1.0557e-06	6.0008e-10	-10.0	-2.5
153.5	1.0553e-06	5.9007e-10	-10.0	-2.5
154.0	1.057e-06	5.9503e-10	-10.0	-2.5
154.5	1.0531e-06	5.9298e-10	-10.0	-2.5
155.0	1.0516e-06	5.9151e-10	-10.0	-2.5
155.5	1.0535e-06	5.913e-10	-10.0	-2.5
156.0	1.0518e-06	5.9973e-10	-10.0	-2.5
156.5	1.0532e-06	5.8987e-10	-10.0	-2.5
157.0	1.0531e-06	5.9572e-10	-10.0	-2.5
157.5	1.0508e-06	5.8411e-10	-10.0	-2.5
158.0	1.0525e-06	5.8451e-10	-10.0	-2.5
158.5	1.0518e-06	5.8896e-10	-10.0	-2.5
159.0	1.0493e-06	5.8808e-10	-10.0	-2.5
159.5	1.0475e-06	5.8748e-10	-10.0	-2.5
160.0	1.0483e-06	5.7919e-10	-10.0	-2.5
160.5	1.0515e-06	5.7531e-10	-10.0	-2.5
161.0	1.0486e-06	5.8908e-10	-10.0	-2.5
161.5	1.0469e-06	5.8197e-10	-10.0	-2.5
162.0	1.0445e-06	5.8774e-10	-10.0	-2.5
162.5	1.0444e-06	5.8604e-10	-10.0	-2.5
163.0	1.0436e-06	5.8482e-10	-10.0	-2.5
163.5	1.0424e-06	5.7982e-10	-10.0	-2.5
164.0	1.0461e-06	5.799e-10	-10.0	-2.5
164.5	1.0433e-06	5.8035e-10	-10.0	-2.5
165.0	1.0424e-06	5.7872e-10	-10.0	-2.5
165.5	1.0413e-06	5.8038e-10	-10.0	-2.5
166.0	1.0377e-06	5.8313e-10	-10.0	-2.5
166.5	1.0359e-06	5.7312e-10	-10.0	-2.5
167.0	1.0363e-06	5.72e-10	-10.0	-2.5
167.5	1.0352e-06	5.7711e-10	-10.0	-2.5
168.0	1.0329e-06	5.8073e-10	-10.0	-2.5
168.5	1.033e-06	5.7712e-10	-10.0	-2.5
169.0	1.0331e-06	5.7333e-10	-10.0	-2.5
169.5	1.0327e-06	5.7529e-10	-10.0	-2.5
170.0	1.0309e-06	5.6797e-10	-10.0	-2.5
170.5	1.0293e-06	5.7468e-10	-10.0	-2.5
171.0	1.0296e-06	5.6879e-10	-10.0	-2.5
171.5	1.0304e-06	5.6922e-10	-10.0	-2.5
172.0	1.0297e-06	5.7584e-10	-10.0	-2.5
172.5	1.0304e-06	5.7623e-10	-10.0	-2.5
173.0	1.0287e-06	5.7184e-10	-10.0	-2.5
173.5	1.0291e-06	5.6339e-10	-10.0	-2.5
174.0	1.0293e-06	5.7509e-10	-10.0	-2.5
174.5	1.0263e-06	5.7558e-10	-10.0	-2.5
175.0	1.0249e-06	5.723e-10	-10.0	-2.5
175.5	1.0254e-06	5.67e-10	-10.0	-2.5
176.0	1.0233e-06	5.6988e-10	-10.0	-2.5
176.5	1.0216e-06	5.7013e-10	-10.0	-2.5
177.0	1.0239e-06	5.6954e-10	-10.0	-2.5
177.5	1.0232e-06	5.7583e-10	-10.0	-2.5
178.0	1.0222e-06	5.6912e-10	-10.0	-2.5
178.5	1.0194e-06	5.7418e-10	-10.0	-2.5
179.0	1.0173e-06	5.7136e-10	-10.0	-2.5
179.5	1.0193e-06	5.7185e-10	-10.0	-2.5
180.0	1.0196e-06	3.9438e-10	-10.0	-2.5
180.5	1.0181e-06	3.6321e-10	-10.0	-2.5
181.0	1.0152e-06	3.6201e-10	-10.0	-2.5
181.5	1.0151e-06	3.5784e-10	-10.0	-2.5
182.0	1.0149e-06	3.5763e-10	-10.0	-2.5
182.5	1.0165e-06	3.5457e-10	-10.0	-2.5
183.0	1.0172e-06	3.6035e-10	-10.0	-2.5
183.5	1.0154e-06	3.5818e-10	-10.0	-2.5
184.0	1.0153e-06	3.5715e-10	-10.0	-2.5
184.5	1.0159e-06	3.5106e-10	-10.0	-2.5
185.0	1.017e-06	3.5731e-10	-10.0	-2.5
185.5	1.0174e-06	3.5865e-10	-10.0	-2.5
186.0	1.0157e-06	3.5289e-10	-10.0	-2.5
186.5	1.0141e-06	3.6013e-10	-10.0	-2.5
187.0	1.0149e-06	3.602e-10	-10.0	-2.5
187.5	1.0155e-06	3.5555e-10	-10.0	-2.5
188.0	1.0114e-06	3.591e-10	-10.0	-2.5
188.5	1.0139e-06	3.5814e-10	-10.0	-2.5
189.0	1.0156e-06	3.5642e-10	-10.0	-2.5
189.5	1.0156e-06	3.5851e-10	-10.0	-2.5
190.0	1.0163e-06	3.5693e-10	-10.0	-2.5
190.5	1.0158e-06	3.5747e-10	-10.0	-2.5
191.0	1.0169e-06	3.6107e-10	-10.0	-2.5
191.5	1.017e-06	3.6055e-10	-10.0	-2.5
192.0	1.0163e-06	3.5335e-10	-10.0	-2.5
192.5	1.015e-06	3.5841e-10	-10.0	-2.5
193.0	1.017e-06	3.6046e-10	-10.0	-2.5
193.5	1.0159e-06	3.5979e-10	-10.0	-2.5
194.0	1.0136e-06	3.5669e-10	-10.0	-2.5
194.5	1.0166e-06	3.5609e-10	-10.0	-2.5
195.0	1.0166e-06	3.543e-10	-10.0	-2.5
195.5	1.0145e-06	3.6429e-10	-10.0	-2.5
196.0	1.0165e-06	3.5495e-10	-10.0	-2.5
196.5	1.0174e-06	3.5791e-10	-10.0	-2.5
197.0	1.0175e-06	3.6412e-10	-10.0	-2.5
197.5	1.0189e-06	3.6192e-10	-10.0	-2.5
198.0	1.0187e-06	3.6122e-10	-10.0	-2.5
198.5	1.0185e-06	3.5995e-10	-10.0	-2.5
199.0	1.0172e-06	3.6253e-10	-10.0	-2.5
199.5	1.0183e-06	3.571e-10	-10.0	-2.5
200.0	1.0171e-06	3.6252e-10	-10.0	-2.5
200.5	1.0179e-06	3.5785e-10	-10.0	-2.5
201.0	1.017e-06	3.6361e-10	-10.0	-2.5
201.5	1.0173e-06	3.6424e-10	-10.0	-2.5
202.0	1.0166e-06	3.6477e-10	-10.0	-2.5
202.5	1.0168e-06	3.638e-10	-10.0	-2.5
203.0	1.016e-06	3.6392e-10	-10.0	-2.5
203.5	1.0175e-06	3.6078e-10	-10.0	-2.5
204.0	1.0175e-06	3.5853e-10	-10.0	-2.5
204.5	1.0197e-06	3.5958e-10	-10.0	-2.5
205.0	1.0199e-06	3.6171e-10	-10.0	-2.5
205.5	1.0199e-06	3.6444e-10	-10.0	-2.5
206.0	1.0216e-06	3.6279e-10	-10.0	-2.5
206.5	1.0182e-06	3.7066e-10	-10.0	-2.5
207.0	1.0177e-06	3.5801e-10	-10.0	-2.5
207.5	1.0186e-06	3.6238e-10	-10.0	-2.5
208.0	1.0184e-06	3.6559e-10	-10.0	-2.5
208.5	1.0174e-06	3.6162e-10	-10.0	-2.5
209.0	1.0165e-06	3.5879e-10	-10.0	-2.5
209.5	1.0169e-06	3.6466e-10	-10.0	-2.5
210.0	1.0186e-06	3.6136e-10	-10.0	-2.5
210.5	1.0191e-06	3.6172e-10	-10.0	-2.5
211.0	1.0187e-06	3.6257e-10	-10.0	-2.5
211.5	1.018e-06	3.6703e-10	-10.0	-2.5
212.0	1.0171e-06	3.6688e-10	-10.0	-2.5
212.5	1.0151e-06	3.6758e-10	-10.0	-2.5
213.0	1.0157e-06	3.6219e-10	-10.0	-2.5
213.5	1.0148e-06	3.6113e-10	-10.0	-2.5
214.0	1.0164e-06	3.6318e-10	-10.0	-2.5
214.5	1.0182e-06	3.6286e-10	-10.0	-2.5
215.0	1.0188e-06	3.7059e-10	-10.0	-2.5
215.5	1.0184e-06	3.6223e-10	-10.0	-2.5
216.0	1.0191e-06	3.6951e-10	-10.0	-2.5
216.5	1.0184e-06	3.6781e-10	-10.0	-2.5
217.0	1.0171e-06	3.7009e-10	-10.0	-2.5
217.5	1.0166e-06	3.6813e-10	-10.0	-2.5
218.0	1.0161e-06	3.6495e-10	-10.0	-2.5
218.5	1.017e-06	3.676e-10	-10.0	-2.5
219.0	1.0178e-06	3.6184e-10	-10.0	-2.5
219.5	1.0198e-06	3.6575e-10	-10.0	-2.5
220.0	1.0182e-06	3.7362e-10	-10.0	-2.5
220.5	1.016e-06	3.701e-10	-10.0	-2.5
221.0	1.0191e-06	3.6712e-10	-10.0	-2.5
221.5	1.0192e-06	3.6839e-10	-10.0	-2.5
222.0	1.0191e-06	3.7071e-10	-10.0	-2.5
222.5	1.0184e-06	3.6886e-10	-10.0	-2.5
223.0	1.0183e-06	3.6891e-10	-10.0	-2.5
223.5	1.0188e-06	3.6857e-10	-10.0	-2.5
224.0	1.0189e-06	3.7332e-10	-10.0	-2.5
224.5	1.0166e-06	3.7097e-10	-10.0	-2.5
225.0	1.02e-06	3.6682e-10	-10.0	-2.5
225.5	1.0195e-06	3.6986e-10	-10.0	-2.5
226.0	1.02e-06	3.7038e-10	-10.0	-2.5
226.5	1.0186e-06	3.7074e-10	-10.0	-2.5
227.0	1.0175e-06	3.7348e-10	-10.0	-2.5
227.5	1.017e-06	3.7398e-10	-10.0	-2.5
228.0	1.0177e-06	3.6988e-10	-10.0	-2.5
228.5	1.0176e-06	3.7545e-10	-10.0	-2.5
229.0	1.0163e-06	3.7537e-10	-10.0	-2.5
229.5	1.0185e-06	3.6798e-10	-10.0	-2.5
230.0	1.0183e-06	3.7037e-10	-10.0	-2.5
230.5	1.0174e-06	3.7448e-10	-10.0	-2.5
231.0	1.0178e-06	3.7251e-10	-10.0	-2.5
231.5	1.0174e-06	3.6971e-10	-10.0	-2.5
232.0	1.0186e-06	3.7039e-10	-10.0	-2.5
232.5	1.0192e-06	3.7222e-10	-10.0	-2.5
233.0	1.018e-06	3.7239e-10	-10.0	-2.5
233.5	1.0183e-06	3.7352e-10	-10.0	-2.5
234.0	1.0154e-06	3.7688e-10	-10.0	-2.5
234.5	1.0173e-06	3.6969e-10	-10.0	-2.5
235.0	1.016e-06	3.7454e-10	-10.0	-2.5
235.5	1.0157e-06	3.7204e-10	-10.0	-2.5
236.0	1.0161e-06	3.7431e-10	-10.0	-2.5
236.5	1.016e-06	3.6879e-10	-10.0	-2.5
237.0	1.0171e-06	3.7141e-10	-10.0	-2.5
237.5	1.0184e-06	3.7492e-10	-10.0	-2.5
238.0	1.0171e-06	3.7356e-10	-10.0	-2.5
238.5	1.0171e-06	3.7048e-10	-10.0	-2.5
239.0	1.0165e-06	3.6813e-10	-10.0	-2.5
239.5	1.0156e-06	3.7531e-10	-10.0	-2.5
240.0	1.0175e-06	5.7476e-10	-10.0	-2.5
240.5	1.0183e-06	5.7541e-10	-10.0	-2.5
241.0	1.0179e-06	5.8515e-10	-10.0	-2.5
241.5	1.0163e-06	5.9158e-10	-10.0	-2.5
242.0	1.0162e-06	5.8185e-10	-10.0	-2.5
242.5	1.015e-06	5.8287e-10	-10.0	-2.5
243.0	1.0141e-06	5.8966e-10	-10.0	-2.5
243.5	1.0147e-06	5.7558e-10	-10.0	-2.5
244.0	1.0163e-06	5.7737e-10	-10.0	-2.5
244.5	1.0175e-06	5.7632e-10	-10.0	-2.5
245.0	1.0113e-06	5.8526e-10	-10.0	-2.5
245.5	1.0123e-06	5.8104e-10	-10.0	-2.5
246.0	1.0146e-06	5.6986e-10	-10.0	-2.5
246.5	1.0149e-06	5.7858e-10	-10.0	-2.5
247.0	1.0161e-06	5.7592e-10	-10.0	-2.5
247.5	1.0148e-06	5.7815e-10	-10.0	-2.5
248.0	1.0135e-06	5.7818e-10	-10.0	-2.5
248.5	1.012e-06	5.7772e-10	-10.0	-2.5
249.0	1.0119e-06	5.7113e-10	-10.0	-2.5
249.5	1.0119e-06	5.7762e-10	-10.0	-2.5
250.0	1.0111e-06	5.7832e-10	-10.0	-2.5
250.5	1.0116e-06	5.7395e-10	-10.0	-2.5
251.0	1.0128e-06	5.7446e-10	-10.0	-2.5
251.5	1.0116e-06	5.791e-10	-10.0	-2.5
252.0	1.0087e-06	5.8019e-10	-10.0	-2.5
252.5	1.0103e-06	5.7454e-10	-10.0	-2.5
253.0	1.0091e-06	5.7094e-10	-10.0	-2.5
253.5	1.0088e-06	5.6845e-10	-10.0	-2.5
254.0	1.0103e-06	5.7279e-10	-10.0	-2.5
254.5	1.0071e-06	5.7331e-10	-10.0	-2.5
255.0	1.0057e-06	5.7265e-10	-10.0	-2.5
255.5	1.0074e-06	5.6683e-10	-10.0	-2.5
256.0	1.0085e-06	5.6895e-10	-10.0	-2.5
256.5	1.0083e-06	5.7092e-10	-10.0	-2.5
257.0	1.0072e-06	5.642e-10	-10.0	-2.5
257.5	1.0058e-06	5.7161e-10	-10.0	-2.5
258.0	1.0055e-06	5.7141e-10	-10.0	-2.5
258.5	1.005e-06	5.7436e-10	-10.0	-2.5
259.0	1.0053e-06	5.6909e-10	-10.0	-2.5
259.5	1.0034e-06	5.6589e-10	-10.0	-2.5
260.0	1.0033e-06	5.6276e-10	-10.0	-2.5
260.5	9.996e-07	5.7021e-10	-10.0	-2.5
261.0	9.9963e-07	5.5929e-10	-10.0	-2.5
261.5	9.9754e-07	5.6766e-10	-10.0	-2.5
262.0	9.9505e-07	5.6354e-10	-10.0	-2.5
262.5	9.9501e-07	5.6247e-10	-10.0	-2.5
263.0	9.9465e-07	5.5715e-10	-10.0	-2.5
263.5	9.9657e-07	5.5958e-10	-10.0	-2.5
264.0	9.9831e-07	5.5842e-10	-10.0	-2.5
264.5	9.9694e-07	5.6878e-10	-10.0	-2.5
265.0	9.9643e-07	5.5606e-10	-10.0	-2.5
265.5	9.9368e-07	5.6478e-10	-10.0	-2.5
266.0	9.9497e-07	5.602e-10	-10.0	-2.5
266.5	9.9183e-07	5.6185e-10	-10.0	-2.5
267.0	9.9513e-07	5.6079e-10	-10.0	-2.5
267.5	9.9471e-07	5.5469e-10	-10.0	-2.5
268.0	9.9428e-07	5.575e-10	-10.0	-2.5
268.5	9.9027e-07	5.5302e-10	-10.0	-2.5
269.0	9.9155e-07	5.6445e-10	-10.0	-2.5
269.5	9.9383e-07	5.5642e-10	-10.0	-2.5
270.0	9.896e-07	5.6068e-10	-10.0	-2.5
270.5	9.9062e-07	5.5601e-10	-10.0	-2.5
271.0	9.91e-07	5.5357e-10	-10.0	-2.5
271.5	9.8827e-07	5.5746e-10	-10.0	-2.5
272.0	9.9006e-07	5.515e-10	-10.0	-2.5
272.5	9.8976e-07	5.5541e-10	-10.0	-2.5
273.0	9.8756e-07	5.5637e-10	-10.0	-2.5
273.5	9.8702e-07	5.5636e-10	-10.0	-2.5
274.0	9.8663e-07	5.5429e-10	-10.0	-2.5
274.5	9.8561e-07	5.5437e-10	-10.0	-2.5
275.0	9.8684e-07	5.4721e-10	-10.0	-2.5
275.5	9.855e-07	5.4786e-10	-10.0	-2.5
276.0	9.8904e-07	5.468e-10	-10.0	-2.5
276.5	9.8826e-07	5.5474e-10	-10.0	-2.5
277.0	9.8953e-07	5.5225e-10	-10.0	-2.5
277.5	9.8776e-07	5.5326e-10	-10.0	-2.5
278.0	9.8644e-07	5.4842e-10	-10.0	-2.5
278.5	9.8744e-07	5.494e-10	-10.0	-2.5
279.0	9.8707e-07	5.4974e-10	-10.0	-2.5
279.5	9.8601e-07	5.4814e-10	-10.0	-2.5
280.0	9.8623e-07	5.4637e-10	-10.0	-2.5
280.5	9.8695e-07	5.4933e-10	-10.0	-2.5
281.0	9.83e-07	5.5119e-10	-10.0	-2.5
281.5	9.8204e-07	5.4824e-10	-10.0	-2.5
282.0	9.8457e-07	5.491e-10	-10.0	-2.5
282.5	9.8208e-07	5.447e-10	-10.0	-2.5
283.0	9.8154e-07	5.5223e-10	-10.0	-2.5
283.5	9.8232e-07	5.4383e-10	-10.0	-2.5
284.0	9.8004e-07	5.4638e-10	-10.0	-2.5
284.5	9.7988e-07	5.4303e-10	-10.0	-2.5
285.0	9.7794e-07	5.5091e-10	-10.0	-2.5
285.5	9.801e-07	5.4167e-10	-10.0	-2.5
286.0	9.8129e-07	5.3875e-10	-10.0	-2.5
286.5	9.7894e-07	5.5412e-10	-10.0	-2.5
287.0	9.7713e-07	5.5029e-10	-10.0	-2.5
287.5	9.8108e-07	5.4406e-10	-10.0	-2.5
288.0	9.7625e-07	5.4995e-10	-10.0	-2.5
288.5	9.7612e-07	5.4539e-10	-10.0	-2.5
289.0	9.7598e-07	5.4036e-10	-10.0	-2.5
289.5	9.7649e-07	5.4382e-10	-10.0	-2.5
290.0	9.7347e-07	5.5441e-10	-10.0	-2.5
290.5	9.7648e-07	5.4493e-10	-10.0	-2.5
291.0	9.7615e-07	5.4499e-10	-10.0	-2.5
291.5	9.754e-07	5.4729e-10	-10.0	-2.5
292.0	9.7366e-07	5.478e-10	-10.0	-2.5
292.5	9.7175e-07	5.4524e-10	-10.0	-2.5
293.0	9.7291e-07	5.4167e-10	-10.0	-2.5
293.5	9.7657e-07	5.3076e-10	-10.0	-2.5
294.0	9.7444e-07	5.3998e-10	-10.0	-2.5
294.5	9.7109e-07	5.4482e-10	-10.0	-2.5
295.0	9.6976e-07	5.417e-10	-10.0	-2.5
295.5	9.707e-07	5.3858e-10	-10.0	-2.5
296.0	9.6817e-07	5.4752e-10	-10.0	-2.5
296.5	9.688e-07	5.4241e-10	-10.0	-2.5
297.0	9.6824e-07	5.4536e-10	-10.0	-2.5
297.5	9.6746e-07	5.4612e-10	-10.0	-2.5
298.0	9.6509e-07	5.4702e-10	-10.0	-2.5
298.5	9.6603e-07	5.3825e-10	-10.0	-2.5
299.0	9.6718e-07	5.3853e-10	-10.0	-2.5
299.5	9.6673e-07	5.4108e-10	-10.0	-2.5
300.0	9.667e-07	3.9282e-10	-10.0	-2.5
300.5	9.6505e-07	3.4475e-10	-10.0	-2.5
301.0	9.6344e-07	3.4312e-10	-10.0	-2.5
301.5	9.6224e-07	3.3686e-10	-10.0	-2.5
302.0	9.6405e-07	3.3689e-10	-10.0	-2.5
302.5	9.6624e-07	3.2851e-10	-10.0	-2.5
303.0	9.6551e-07	3.3881e-10	-10.0	-2.5
303.5	9.6631e-07	3.3149e-10	-10.0	-2.5
304.0	9.6655e-07	3.3245e-10	-10.0	-2.5
304.5	9.6613e-07	3.3779e-10	-10.0	-2.5
305.0	9.6533e-07	3.3403e-10	-10.0	-2.5
305.5	9.6506e-07	3.3434e-10	-10.0	-2.5
306.0	9.6578e-07	3.3706e-10	-10.0	-2.5
306.5	9.6487e-07	3.3342e-10	-10.0	-2.5
307.0	9.6615e-07	3.3513e-10	-10.0	-2.5
307.5	9.6508e-07	3.3539e-10	-10.0	-2.5
308.0	9.6311e-07	3.3874e-10	-10.0	-2.5
308.5	9.6183e-07	3.4003e-10	-10.0	-2.5
309.0	9.6473e-07	3.3651e-10	-10.0	-2.5
309.5	9.6483e-07	3.3654e-10	-10.0	-2.5
310.0	9.6251e-07	3.3966e-10	-10.0	-2.5
310.5	9.6491e-07	3.3453e-10	-10.0	-2.5
311.0	9.6386e-07	3.3528e-10	-10.0	-2.5
311.5	9.6463e-07	3.3613e-10	-10.0	-2.5
312.0	9.6683e-07	3.3416e-10	-10.0	-2.5
312.5	9.6715e-07	3.3709e-10	-10.0	-2.5
313.0	9.6508e-07	3.3946e-10	-10.0	-2.5
313.5	9.6485e-07	3.3756e-10	-10.0	-2.5
314.0	9.6627e-07	3.3599e-10	-10.0	-2.5
314.5	9.6386e-07	3.4007e-10	-10.0	-2.5
315.0	9.6529e-07	3.3481e-10	-10.0	-2.5
315.5	9.6412e-07	3.3909e-10	-10.0	-2.5
316.0	9.6505e-07	3.3433e-10	-10.0	-2.5
316.5	9.661e-07	3.4048e-10	-10.0	-2.5
317.0	9.6594e-07	3.4418e-10	-10.0	-2.5
317.5	9.6732e-07	3.3856e-10	-10.0	-2.5
318.0	9.6566e-07	3.4318e-10	-10.0	-2.5
318.5	9.6579e-07	3.4162e-10	-10.0	-2.5
319.0	9.648e-07	3.4618e-10	-10.0	-2.5
319.5	9.6695e-07	3.3819e-10	-10.0	-2.5
320.0	9.6821e-07	3.3856e-10	-10.0	-2.5
320.5	9.7023e-07	3.3903e-10	-10.0	-2.5
321.0	9.6781e-07	3.418e-10	-10.0	-2.5
321.5	9.6734e-07	3.4203e-10	-10.0	-2.5
322.0	9.6924e-07	3.3624e-10	-10.0	-2.5
322.5	9.6894e-07	3.4207e-10	-10.0	-2.5
323.0	9.6892e-07	3.3348e-10	-10.0	-2.5
323.5	9.694e-07	3.4191e-10	-10.0	-2.5
324.0	9.6829e-07	3.4625e-10	-10.0	-2.5
324.5	9.6953e-07	3.419e-10	-10.0	-2.5
325.0	9.7047e-07	3.3963e-10	-10.0	-2.5
325.5	9.723e-07	3.4467e-10	-10.0	-2.5
326.0	9.706e-07	3.4718e-10	-10.0	-2.5
326.5	9.7135e-07	3.4032e-10	-10.0	-2.5
327.0	9.7089e-07	3.4245e-10	-10.0	-2.5
327.5	9.6915e-07	3.3931e-10	-10.0	-2.5
328.0	9.699e-07	3.4544e-10	-10.0	-2.5
328.5	9.7119e-07	3.4375e-10	-10.0	-2.5
329.0	9.7103e-07	3.4519e-10	-10.0	-2.5
329.5	9.6888e-07	3.4716e-10	-10.0	-2.5
330.0	9.6796e-07	3.4205e-10	-10.0	-2.5
330.5	9.698e-07	3.4469e-10	-10.0	-2.5
331.0	9.6919e-07	3.4308e-10	-10.0	-2.5
331.5	9.6829e-07	3.4815e-10	-10.0	-2.5
332.0	9.6948e-07	3.4312e-10	-10.0	-2.5
332.5	9.6736e-07	3.4833e-10	-10.0	-2.5
333.0	9.673e-07	3.4697e-10	-10.0	-2.5
333.5	9.6722e-07	3.4353e-10	-10.0	-2.5
334.0	9.6671e-07	3.4779e-10	-10.0	-2.5
334.5	9.6749e-07	3.4614e-10	-10.0	-2.5
335.0	9.6772e-07	3.4481e-10	-10.0	-2.5
335.5	9.6846e-07	3.4931e-10	-10.0	-2.5
336.0	9.6869e-07	3.4701e-10	-10.0	-2.5
336.5	9.6744e-07	3.4682e-10	-10.0	-2.5
337.0	9.6812e-07	3.4158e-10	-10.0	-2.5
337.5	9.6951e-07	3.4165e-10	-10.0	-2.5
338.0	9.6739e-07	3.4846e-10	-10.0	-2.5
338.5	9.6764e-07	3.4465e-10	-10.0	-2.5
339.0	9.6831e-07	3.4505e-10	-10.0	-2.5
339.5	9.6605e-07	3.4976e-10	-10.0	-2.5
340.0	9.6542e-07	3.51e-10	-10.0	-2.5
340.5	9.6445e-07	3.4935e-10	-10.0	-2.5
341.0	9.6489e-07	3.4952e-10	-10.0	-2.5
341.5	9.6773e-07	3.4791e-10	-10.0	-2.5
342.0	9.6511e-07	3.5082e-10	-10.0	-2.5
342.5	9.6421e-07	3.535e-10	-10.0	-2.5
343.0	9.6493e-07	3.4263e-10	-10.0	-2.5
343.5	9.6696e-07	3.5028e-10	-10.0	-2.5
344.0	9.6727e-07	3.4868e-10	-10.0	-2.5
344.5	9.6767e-07	3.4652e-10	-10.0	-2.5
345.0	9.7043e-07	3.4993e-10	-10.0	-2.5
345.5	9.6799e-07	3.5247e-10	-10.0	-2.5
346.0	9.6805e-07	3.5482e-10	-10.0	-2.5
346.5	9.6751e-07	3.5597e-10	-10.0	-2.5
347.0	9.665e-07	3.4855e-10	-10.0	-2.5
347.5	9.6748e-07	3.4768e-10	-10.0	-2.5
348.0	9.6685e-07	3.4867e-10	-10.0	-2.5
348.5	9.692e-07	3.5028e-10	-10.0	-2.5
349.0	9.6966e-07	3.5656e-10	-10.0	-2.5
349.5	9.6921e-07	3.5343e-10	-10.0	-2.5
350.0	9.6949e-07	3.5061e-10	-10.0	-2.5
350.5	9.6864e-07	3.5637e-10	-10.0	-2.5
351.0	9.6897e-07	3.5325e-10	-10.0	-2.5
351.5	9.6987e-07	3.4836e-10	-10.0	-2.5
352.0	9.7231e-07	3.4515e-10	-10.0	-2.5
352.5	9.7048e-07	3.5451e-10	-10.0	-2.5
353.0	9.7047e-07	3.5592e-10	-10.0	-2.5
353.5	9.7132e-07	3.511e-10	-10.0	-2.5
354.0	9.6973e-07	3.5771e-10	-10.0	-2.5
354.5	9.7065e-07	3.5497e-10	-10.0	-2.5
355.0	9.7151e-07	3.5305e-10	-10.0	-2.5
355.5	9.7095e-07	3.5387e-10	-10.0	-2.5
356.0	9.7012e-07	3.5547e-10	-10.0	-2.5
356.5	9.6932e-07	3.5561e-10	-10.0	-2.5
357.0	9.7021e-07	3.5449e-10	-10.0	-2.5
357.5	9.7259e-07	3.5367e-10	-10.0	-2.5
358.0	9.7274e-07	3.5537e-10	-10.0	-2.5
358.5	9.7145e-07	3.5702e-10	-10.0	-2.5
359.0	9.7153e-07	3.568e-10	-10.0	-2.5
359.5	9.6948e-07	3.4994e-10	-10.0	-2.5
360.0	9.6955e-07	5.4679e-10	-10.0	-2.5
360.5	9.6999e-07	5.6399e-10	-10.0	-2.5
361.0	9.6957e-07	5.7138e-10	-10.0	-2.5
361.5	9.6719e-07	5.6603e-10	-10.0	-2.5
362.0	9.6746e-07	5.6819e-10	-10.0	-2.5
362.5	9.6772e-07	5.6655e-10	-10.0	-2.5
363.0	9.6885e-07	5.5915e-10	-10.0	-2.5
363.5	9.6732e-07	5.6129e-10	-10.0	-2.5
364.0	9.6752e-07	5.6227e-10	-10.0	-2.5
364.5	9.6736e-07	5.6308e-10	-10.0	-2.5
365.0	9.655e-07	5.6271e-10	-10.0	-2.5
365.5	9.6549e-07	5.6023e-10	-10.0	-2.5
366.0	9.6618e-07	5.6569e-10	-10.0	-2.5
366.5	9.6438e-07	5.6088e-10	-10.0	-2.5
367.0	9.6337e-07	5.6327e-10	-10.0	-2.5
367.5	9.6276e-07	5.6396e-10	-10.0	-2.5
368.0	9.634e-07	5.6205e-10	-10.0	-2.5
368.5	9.6369e-07	5.5388e-10	-10.0	-2.5
369.0	9.6325e-07	5.5446e-10	-10.0	-2.5
369.5	9.6139e-07	5.5771e-10	-10.0	-2.5
370.0	9.5933e-07	5.5358e-10	-10.0	-2.5
370.5	9.5838e-07	5.5996e-10	-10.0	-2.5
371.0	9.5966e-07	5.519e-10	-10.0	-2.5
371.5	9.5876e-07	5.5411e-10	-10.0	-2.5
372.0	9.595e-07	5.5171e-10	-10.0	-2.5
372.5	9.6103e-07	5.5168e-10	-10.0	-2.5
373.0	9.5779e-07	5.5882e-10	-10.0	-2.5
373.5	9.6074e-07	5.5152e-10	-10.0	-2.5
374.0	9.5991e-07	5.5899e-10	-10.0	-2.5
374.5	9.5925e-07	5.5084e-10	-10.0	-2.5
375.0	9.5879e-07	5.4925e-10	-10.0	-2.5
375.5	9.5906e-07	5.5119e-10	-10.0	-2.5
376.0	9.5833e-07	5.5112e-10	-10.0	-2.5
376.5	9.5635e-07	5.5402e-10	-10.0	-2.5
377.0	9.5653e-07	5.4889e-10	-10.0	-2.5
377.5	9.5481e-07	5.4999e-10	-10.0	-2.5
378.0	9.5268e-07	5.4663e-10	-10.0	-2.5
378.5	9.5502e-07	5.5086e-10	-10.0	-2.5
379.0	9.5419e-07	5.5191e-10	-10.0	-2.5
379.5	9.5368e-07	5.5139e-10	-10.0	-2.5
380.0	9.5048e-07	5.5469e-10	-10.0	-2.5
380.5	9.532e-07	5.4434e-10	-10.0	-2.5
381.0	9.5194e-07	5.4513e-10	-10.0	-2.5
381.5	9.521e-07	5.4391e-10	-10.0	-2.5
382.0	9.5176e-07	5.5141e-10	-10.0	-2.5
382.5	9.5159e-07	5.4661e-10	-10.0	-2.5
383.0	9.5123e-07	5.4759e-10	-10.0	-2.5
383.5	9.5007e-07	5.4204e-10	-10.0	-2.5
384.0	9.5153e-07	5.4963e-10	-10.0	-2.5
384.5	9.5025e-07	5.4683e-10	-10.0	-2.5
385.0	9.5093e-07	5.4307e-10	-10.0	-2.5
385.5	9.5195e-07	5.4351e-10	-10.0	-2.5
386.0	9.5384e-07	5.4516e-10	-10.0	-2.5
386.5	9.5028e-07	5.446e-10	-10.0	-2.5
387.0	9.492e-07	5.4234e-10	-10.0	-2.5
387.5	9.4936e-07	5.4003e-10	-10.0	-2.5
388.0	9.5051e-07	5.3952e-10	-10.0	-2.5
388.5	9.4789e-07	5.4712e-10	-10.0	-2.5
389.0	9.4791e-07	5.4407e-10	-10.0	-2.5
389.5	9.4867e-07	5.4132e-10	-10.0	-2.5
390.0	9.4672e-07	5.4391e-10	-10.0	-2.5
390.5	9.4503e-07	5.4833e-10	-10.0	-2.5
391.0	9.46e-07	5.4407e-10	-10.0	-2.5
391.5	9.4308e-07	5.4239e-10	-10.0	-2.5
392.0	9.4482e-07	5.4138e-10	-10.0	-2.5
392.5	9.4328e-07	5.3951e-10	-10.0	-2.5
393.0	9.4414e-07	5.4618e-10	-10.0	-2.5
393.5	9.4321e-07	5.4115e-10	-10.0	-2.5
394.0	9.4479e-07	5.448e-10	-10.0	-2.5
394.5	9.4318e-07	5.4308e-10	-10.0	-2.5
395.0	9.4294e-07	5.4359e-10	-10.0	-2.5
395.5	9.4292e-07	5.3889e-10	-10.0	-2.5
396.0	9.4349e-07	5.4356e-10	-10.0	-2.5
396.5	9.4259e-07	5.4088e-10	-10.0	-2.5
397.0	9.4279e-07	5.4703e-10	-10.0	-2.5
397.5	9.418e-07	5.4147e-10	-10.0	-2.5
398.0	9.4098e-07	5.4314e-10	-10.0	-2.5
398.5	9.3869e-07	5.42e-10	-10.0	-2.5
399.0	9.3888e-07	5.3903e-10	-10.0	-2.5
399.5	9.402e-07	5.3829e-10	-10.0	-2.5
400.0	9.3803e-07	5.4685e-10	-10.0	-2.5
400.5	9.3796e-07	5.437e-10	-10.0	-2.5
401.0	9.3938e-07	5.3584e-10	-10.0	-2.5
401.5	9.3779e-07	5.3632e-10	-10.0	-2.5
402.0	9.3361e-07	5.3978e-10	-10.0	-2.5
402.5	9.326e-07	5.3782e-10	-10.0	-2.5
403.0	9.3153e-07	5.3832e-10	-10.0	-2.5
403.5	9.3133e-07	5.4095e-10	-10.0	-2.5
404.0	9.309e-07	5.3878e-10	-10.0	-2.5
404.5	9.296e-07	5.3449e-10	-10.0	-2.5
405.0	9.2922e-07	5.4091e-10	-10.0	-2.5
405.5	9.2943e-07	5.3765e-10	-10.0	-2.5
406.0	9.311e-07	5.3483e-10	-10.0	-2.5
406.5	9.2995e-07	5.4064e-10	-10.0	-2.5
407.0	9.2901e-07	5.381e-10	-10.0	-2.5
407.5	9.2941e-07	5.34e-10	-10.0	-2.5
408.0	9.2928e-07	5.3388e-10	-10.0	-2.5
408.5	9.2839e-07	5.3395e-10	-10.0	-2.5
409.0	9.2841e-07	5.2951e-10	-10.0	-2.5
409.5	9.2823e-07	5.3965e-10	-10.0	-2.5
410.0	9.2892e-07	5.3376e-10	-10.0	-2.5
410.5	9.2859e-07	5.3258e-10	-10.0	-2.5
411.0	9.2807e-07	5.3886e-10	-10.0	-2.5
411.5	9.2801e-07	5.3997e-10	-10.0	-2.5
412.0	9.2926e-07	5.3414e-10	-10.0	-2.5
412.5	9.2958e-07	5.3397e-10	-10.0	-2.5
413.0	9.269e-07	5.3914e-10	-10.0	-2.5
413.5	9.2934e-07	5.2799e-10	-10.0	-2.5
414.0	9.2974e-07	5.2818e-10	-10.0	-2.5
414.5	9.2777e-07	5.3528e-10	-10.0	-2.5
415.0	9.2774e-07	5.3633e-10	-10.0	-2.5
415.5	9.277e-07	5.3258e-10	-10.0	-2.5
416.0	9.3014e-07	5.3165e-10	-10.0	-2.5
416.5	9.2918e-07	5.3409e-10	-10.0	-2.5
417.0	9.2791e-07	5.3099e-10	-10.0	-2.5
417.5	9.2731e-07	5.2987e-10	-10.0	-2.5
418.0	9.2899e-07	5.3013e-10	-10.0	-2.5
418.5	9.2653e-07	5.3391e-10	-10.0	-2.5
419.0	9.2539e-07	5.3265e-10	-10.0	-2.5
419.5	9.2551e-07	5.2674e-10	-10.0	-2.5
420.0	9.2576e-07	4.0723e-10	-10.0	-2.5
420.5	9.2667e-07	3.3197e-10	-10.0	-2.5
421.0	9.2554e-07	3.2929e-10	-10.0	-2.5
421.5	9.2665e-07	3.2653e-10	-10.0	-2.5
422.0	9.2618e-07	3.2648e-10	-10.0	-2.5
422.5	9.2789e-07	3.2157e-10	-10.0	-2.5
423.0	9.2683e-07	3.2587e-10	-10.0	-2.5
423.5	9.2753e-07	3.2213e-10	-10.0	-2.5
424.0	9.2631e-07	3.1916e-10	-10.0	-2.5
424.5	9.2729e-07	3.2301e-10	-10.0	-2.5
425.0	9.2629e-07	3.2512e-10	-10.0	-2.5
425.5	9.2657e-07	3.2169e-10	-10.0	-2.5
426.0	9.2628e-07	3.218e-10	-10.0	-2.5
426.5	9.2643e-07	3.2294e-10	-10.0	-2.5
427.0	9.2556e-07	3.2391e-10	-10.0	-2.5
427.5	9.2555e-07	3.2625e-10	-10.0	-2.5
428.0	9.2579e-07	3.2641e-10	-10.0	-2.5
428.5	9.257e-07	3.2811e-10	-10.0	-2.5
429.0	9.2502e-07	3.2839e-10	-10.0	-2.5
429.5	9.2586e-07	3.2421e-10	-10.0	-2.5
430.0	9.2735e-07	3.2322e-10	-10.0	-2.5
430.5	9.2743e-07	3.2768e-10	-10.0	-2.5
431.0	9.2881e-07	3.2428e-10	-10.0	-2.5
431.5	9.2695e-07	3.3195e-10	-10.0	-2.5
432.0	9.2675e-07	3.303e-10	-10.0	-2.5
432.5	9.2517e-07	3.3052e-10	-10.0	-2.5
433.0	9.2616e-07	3.2778e-10	-10.0	-2.5
433.5	9.2693e-07	3.2844e-10	-10.0	-2.5
434.0	9.2575e-07	3.3303e-10	-10.0	-2.5
434.5	9.2555e-07	3.3173e-10	-10.0	-2.5
435.0	9.2693e-07	3.2895e-10	-10.0	-2.5
435.5	9.314e-07	3.1741e-10	-10.0	-2.5
436.0	9.3173e-07	3.2864e-10	-10.0	-2.5
436.5	9.2787e-07	3.3584e-10	-10.0	-2.5
437.0	9.2864e-07	3.2908e-10	-10.0	-2.5
437.5	9.2885e-07	3.3011e-10	-10.0	-2.5
438.0	9.3097e-07	3.3033e-10	-10.0	-2.5
438.5	9.2933e-07	3.3439e-10	-10.0	-2.5
439.0	9.2985e-07	3.2847e-10	-10.0	-2.5
439.5	9.2927e-07	3.3416e-10	-10.0	-2.5
440.0	9.2868e-07	3.3207e-10	-10.0	-2.5
440.5	9.2987e-07	3.3449e-10	-10.0	-2.5
441.0	9.2969e-07	3.2333e-10	-10.0	-2.5
441.5	9.2833e-07	3.3324e-10	-10.0	-2.5
442.0	9.2971e-07	3.2744e-10	-10.0	-2.5
442.5	9.3012e-07	3.3073e-10	-10.0	-2.5
443.0	9.3097e-07	3.3383e-10	-10.0	-2.5
443.5	9.3131e-07	3.3097e-10	-10.0	-2.5
444.0	9.3209e-07	3.3237e-10	-10.0	-2.5
444.5	9.3097e-07	3.3451e-10	-10.0	-2.5
445.0	9.3398e-07	3.3157e-10	-10.0	-2.5
445.5	9.3489e-07	3.307e-10	-10.0	-2.5
446.0	9.3455e-07	3.3265e-10	-10.0	-2.5
446.5	9.3506e-07	3.3557e-10	-10.0	-2.5
447.0	9.3571e-07	3.3322e-10	-10.0	-2.5
447.5	9.3447e-07	3.3943e-10	-10.0	-2.5
448.0	9.3151e-07	3.4115e-10	-10.0	-2.5
448.5	9.3108e-07	3.3493e-10	-10.0	-2.5
449.0	9.3344e-07	3.3681e-10	-10.0	-2.5
449.5	9.3021e-07	3.3614e-10	-10.0	-2.5
450.0	9.3122e-07	3.3252e-10	-10.0	-2.5
450.5	9.3114e-07	3.3726e-10	-10.0	-2.5
451.0	9.3146e-07	3.3785e-10	-10.0	-2.5
451.5	9.3154e-07	3.3627e-10	-10.0	-2.5
452.0	9.3232e-07	3.3674e-10	-10.0	-2.5
452.5	9.3373e-07	3.3508e-10	-10.0	-2.5
453.0	9.3256e-07	3.377e-10	-10.0	-2.5
453.5	9.3523e-07	3.3451e-10	-10.0	-2.5
454.0	9.3222e-07	3.3792e-10	-10.0	-2.5
454.5	9.366e-07	3.3112e-10	-10.0	-2.5
455.0	9.3608e-07	3.3644e-10	-10.0	-2.5
455.5	9.3286e-07	3.4213e-10	-10.0	-2.5
456.0	9.3353e-07	3.355e-10	-10.0	-2.5
456.5	9.3374e-07	3.3596e-10	-10.0	-2.5
457.0	9.3315e-07	3.4032e-10	-10.0	-2.5
457.5	9.3201e-07	3.3709e-10	-10.0	-2.5
458.0	9.3266e-07	3.371e-10	-10.0	-2.5
458.5	9.3343e-07	3.3934e-10	-10.0	-2.5
459.0	9.3418e-07	3.3632e-10	-10.0	-2.5
459.5	9.3856e-07	3.3434e-10	-10.0	-2.5
460.0	9.3714e-07	3.4052e-10	-10.0	-2.5
460.5	9.3836e-07	3.3702e-10	-10.0	-2.5
461.0	9.3546e-07	3.4768e-10	-10.0	-2.5
461.5	9.3504e-07	3.4266e-10	-10.0	-2.5
462.0	9.3773e-07	3.4268e-10	-10.0	-2.5
462.5	9.3774e-07	3.4219e-10	-10.0	-2.5
463.0	9.3817e-07	3.3777e-10	-10.0	-2.5
463.5	9.3657e-07	3.4175e-10	-10.0	-2.5
464.0	9.3613e-07	3.4003e-10	-10.0	-2.5
464.5	9.3461e-07	3.4086e-10	-10.0	-2.5
465.0	9.3632e-07	3.4205e-10	-10.0	-2.5
465.5	9.3692e-07	3.3942e-10	-10.0	-2.5
466.0	9.3659e-07	3.4657e-10	-10.0	-2.5
466.5	9.349e-07	3.4713e-10	-10.0	-2.5
467.0	9.3393e-07	3.4313e-10	-10.0	-2.5
467.5	9.3518e-07	3.4119e-10	-10.0	-2.5
468.0	9.3348e-07	3.4501e-10	-10.0	-2.5
468.5	9.3385e-07	3.4376e-10	-10.0	-2.5
469.0	9.3626e-07	3.4442e-10	-10.0	-2.5
469.5	9.3533e-07	3.4411e-10	-10.0	-2.5
470.0	9.3494e-07	3.4286e-10	-10.0	-2.5
470.5	9.3591e-07	3.4107e-10	-10.0	-2.5
471.0	9.3571e-07	3.4295e-10	-10.0	-2.5
471.5	9.3651e-07	3.4591e-10	-10.0	-2.5
472.0	9.3641e-07	3.4625e-10	-10.0	-2.5
472.5	9.3787e-07	3.4256e-10	-10.0	-2.5
473.0	9.3696e-07	3.4409e-10	-10.0	-2.5
473.5	9.372e-07	3.4436e-10	-10.0	-2.5
474.0	9.3762e-07	3.4438e-10	-10.0	-2.5
474.5	9.3775e-07	3.451e-10	-10.0	-2.5
475.0	9.3988e-07	3.4621e-10	-10.0	-2.5
475.5	9.3906e-07	3.4445e-10	-10.0	-2.5
476.0	9.3953e-07	3.4785e-10	-10.0	-2.5
476.5	9.3978e-07	3.4481e-10	-10.0	-2.5
477.0	9.3867e-07	3.4391e-10	-10.0	-2.5
477.5	9.3948e-07	3.4122e-10	-10.0	-2.5
478.0	9.3907e-07	3.442e-10	-10.0	-2.5
478.5	9.3914e-07	3.4412e-10	-10.0	-2.5
479.0	9.3974e-07	3.4156e-10	-10.0	-2.5
479.5	9.4227e-07	3.4591e-10	-10.0	-2.5
480.0	9.4225e-07	5.2654e-10	-10.0	-2.5
480.5	9.4126e-07	5.5473e-10	-10.0	-2.5
481.0	9.3925e-07	5.5274e-10	-10.0	-2.5
481.5	9.3917e-07	5.5381e-10	-10.0	-2.5
482.0	9.3981e-07	5.5675e-10	-10.0	-2.5
482.5	9.3824e-07	5.5501e-10	-10.0	-2.5
483.0	9.3928e-07	5.5362e-10	-10.0	-2.5
483.5	9.3885e-07	5.5114e-10	-10.0	-2.5
484.0	9.3864e-07	5.5553e-10	-10.0	-2.5
484.5	9.3726e-07	5.6109e-10	-10.0	-2.5
485.0	9.3692e-07	5.5707e-10	-10.0	-2.5
485.5	9.3797e-07	5.5012e-10	-10.0	-2.5
486.0	9.3645e-07	5.4985e-10	-10.0	-2.5
486.5	9.357e-07	5.4802e-10	-10.0	-2.5
487.0	9.3583e-07	5.5068e-10	-10.0	-2.5
487.5	9.3481e-07	5.4966e-10	-10.0	-2.5
488.0	9.3409e-07	5.4914e-10	-10.0	-2.5
488.5	9.3509e-07	5.4406e-10	-10.0	-2.5
489.0	9.3334e-07	5.5175e-10	-10.0	-2.5
489.5	9.3403e-07	5.5003e-10	-10.0	-2.5
490.0	9.348e-07	5.4993e-10	-10.0	-2.5
490.5	9.3067e-07	5.5043e-10	-10.0	-2.5
491.0	9.3146e-07	5.5484e-10	-10.0	-2.5
491.5	9.3218e-07	5.4673e-10	-10.0	-2.5
492.0	9.3022e-07	5.4889e-10	-10.0	-2.5
492.5	9.2764e-07	5.4849e-10	-10.0	-2.5
493.0	9.2899e-07	5.4428e-10	-10.0	-2.5
493.5	9.2831e-07	5.4198e-10	-10.0	-2.5
494.0	9.285e-07	5.3804e-10	-10.0	-2.5
494.5	9.2553e-07	5.4285e-10	-10.0	-2.5
495.0	9.2661e-07	5.412e-10	-10.0	-2.5
495.5	9.2719e-07	5.4172e-10	-10.0	-2.5
496.0	9.2802e-07	5.4013e-10	-10.0	-2.5
496.5	9.2842e-07	5.4116e-10	-10.0	-2.5
497.0	9.287e-07	5.4572e-10	-10.0	-2.5
497.5	9.2557e-07	5.4294e-10	-10.0	-2.5
498.0	9.2654e-07	5.3636e-10	-10.0	-2.5
498.5	9.2711e-07	5.398e-10	-10.0	-2.5
499.0	9.2773e-07	5.4147e-10	-10.0	-2.5
499.5	9.2857e-07	5.373e-10	-10.0	-2.5
500.0	9.2837e-07	5.3902e-10	-10.0	-2.5
500.5	9.2897e-07	5.3537e-10	-10.0	-2.5
501.0	9.275e-07	5.4579e-10	-10.0	-2.5
501.5	9.2673e-07	5.4111e-10	-10.0	-2.5
502.0	9.2663e-07	5.442e-10	-10.0	-2.5
502.5	9.2426e-07	5.4259e-10	-10.0	-2.5
503.0	9.2427e-07	5.4348e-10	-10.0	-2.5
503.5	9.2519e-07	5.3717e-10	-10.0	-2.5
504.0	9.2556e-07	5.3768e-10	-10.0	-2.5
504.5	9.2354e-07	5.3508e-10	-10.0	-2.5
505.0	9.2279e-07	5.3955e-10	-10.0	-2.5
505.5	9.2431e-07	5.3469e-10	-10.0	-2.5
506.0	9.2304e-07	5.429e-10	-10.0	-2.5
506.5	9.2205e-07	5.341e-10	-10.0	-2.5
507.0	9.2293e-07	5.3558e-10	-10.0	-2.5
507.5	9.2224e-07	5.4024e-10	-10.0	-2.5
508.0	9.2199e-07	5.3954e-10	-10.0	-2.5
508.5	9.2082e-07	5.3856e-10	-10.0	-2.5
509.0	9.2e-07	5.3383e-10	-10.0	-2.5
509.5	9.1947e-07	5.3686e-10	-10.0	-2.5
510.0	9.1873e-07	5.3323e-10	-10.0	-2.5
510.5	9.1818e-07	5.4273e-10	-10.0	-2.5
511.0	9.1863e-07	5.3654e-10	-10.0	-2.5
511.5	9.2003e-07	5.3327e-10	-10.0	-2.5
512.0	9.1875e-07	5.3267e-10	-10.0	-2.5
512.5	9.1675e-07	5.3646e-10	-10.0	-2.5
513.0	9.1488e-07	5.3844e-10	-10.0	-2.5
513.5	9.157e-07	5.3289e-10	-10.0	-2.5
514.0	9.1446e-07	5.3831e-10	-10.0	-2.5
514.5	9.1414e-07	5.3825e-10	-10.0	-2.5
515.0	9.1378e-07	5.3077e-10	-10.0	-2.5
515.5	9.1287e-07	5.2841e-10	-10.0	-2.5
516.0	9.1236e-07	5.339e-10	-10.0	-2.5
516.5	9.1471e-07	5.3219e-10	-10.0	-2.5
517.0	9.1453e-07	5.3361e-10	-10.0	-2.5
517.5	9.1328e-07	5.3655e-10	-10.0	-2.5
518.0	9.1281e-07	5.2751e-10	-10.0	-2.5
518.5	9.1357e-07	5.2887e-10	-10.0	-2.5
519.0	9.1522e-07	5.2837e-10	-10.0	-2.5
519.5	9.1358e-07	5.3876e-10	-10.0	-2.5
520.0	9.1232e-07	5.2841e-10	-10.0	-2.5
520.5	9.1247e-07	5.2489e-10	-10.0	-2.5
521.0	9.1219e-07	5.2827e-10	-10.0	-2.5
521.5	9.1127e-07	5.3781e-10	-10.0	-2.5
522.0	9.078e-07	5.3e-10	-10.0	-2.5
522.5	9.1135e-07	5.2551e-10	-10.0	-2.5
523.0	9.11e-07	5.2763e-10	-10.0	-2.5
523.5	9.0832e-07	5.3294e-10	-10.0	-2.5
524.0	9.0929e-07	5.2521e-10	-10.0	-2.5
524.5	9.0835e-07	5.2811e-10	-10.0	-2.5
525.0	9.0766e-07	5.2986e-10	-10.0	-2.5
525.5	9.0726e-07	5.2929e-10	-10.0	-2.5
526.0	9.0801e-07	5.3215e-10	-10.0	-2.5
526.5	9.0883e-07	5.2912e-10	-10.0	-2.5
527.0	9.0874e-07	5.2796e-10	-10.0	-2.5
527.5	9.0695e-07	5.3127e-10	-10.0	-2.5
528.0	9.0763e-07	5.2752e-10	-10.0	-2.5
528.5	9.0627e-07	5.3383e-10	-10.0	-2.5
529.0	9.0511e-07	5.2816e-10	-10.0	-2.5
529.5	9.044e-07	5.3038e-10	-10.0	-2.5
530.0	9.0488e-07	5.3098e-10	-10.0	-2.5
530.5	9.0582e-07	5.2774e-10	-10.0	-2.5
531.0	9.0478e-07	5.3105e-10	-10.0	-2.5
531.5	9.0724e-07	5.233e-10	-10.0	-2.5
532.0	9.0508e-07	5.295e-10	-10.0	-2.5
532.5	9.0455e-07	5.2746e-10	-10.0	-2.5
533.0	9.0537e-07	5.2259e-10	-10.0	-2.5
533.5	9.0424e-07	5.2472e-10	-10.0	-2.5
534.0	9.0509e-07	5.2596e-10	-10.0	-2.5
534.5	9.0513e-07	5.2808e-10	-10.0	-2.5
535.0	9.0533e-07	5.2285e-10	-10.0	-2.5
535.5	9.0455e-07	5.2475e-10	-10.0	-2.5
536.0	9.0153e-07	5.2818e-10	-10.0	-2.5
536.5	9.014e-07	5.2549e-10	-10.0	-2.5
537.0	9.0214e-07	5.2019e-10	-10.0	-2.5
537.5	9.0182e-07	5.2919e-10	-10.0	-2.5
538.0	9.0317e-07	5.2534e-10	-10.0	-2.5
538.5	9.0377e-07	5.2274e-10	-10.0	-2.5
539.0	9.0284e-07	5.2448e-10	-10.0	-2.5
539.5	9.0107e-07	5.2652e-10	-10.0	-2.5
540.0	9.0039e-07	4.2484e-10	-10.0	-2.5
540.5	8.9861e-07	3.2583e-10	-10.0	-2.5
541.0	8.9904e-07	3.2399e-10	-10.0	-2.5
541.5	9.0044e-07	3.1896e-10	-10.0	-2.5
542.0	8.9766e-07	3.22e-10	-10.0	-2.5
542.5	8.9924e-07	3.1797e-10	-10.0	-2.5
543.0	8.9743e-07	3.2515e-10	-10.0	-2.5
543.5	8.9881e-07	3.2131e-10	-10.0	-2.5
544.0	8.9798e-07	3.2337e-10	-10.0	-2.5
544.5	8.9878e-07	3.1892e-10	-10.0	-2.5
545.0	8.9873e-07	3.1898e-10	-10.0	-2.5
545.5	9.0064e-07	3.1969e-10	-10.0	-2.5
546.0	9.0293e-07	3.2553e-10	-10.0	-2.5
546.5	9.0253e-07	3.2582e-10	-10.0	-2.5
547.0	9.0213e-07	3.206e-10	-10.0	-2.5
547.5	9.0317e-07	3.2789e-10	-10.0	-2.5
548.0	9.0185e-07	3.1813e-10	-10.0	-2.5
548.5	9.0167e-07	3.2421e-10	-10.0	-2.5
549.0	9.0117e-07	3.2467e-10	-10.0	-2.5
549.5	9.0057e-07	3.2528e-10	-10.0	-2.5
550.0	9.0059e-07	3.2492e-10	-10.0	-2.5
550.5	9.0114e-07	3.2126e-10	-10.0	-2.5
551.0	8.9927e-07	3.261e-10	-10.0	-2.5
551.5	9.002e-07	3.2703e-10	-10.0	-2.5
552.0	9.0239e-07	3.2578e-10	-10.0	-2.5
552.5	9.0121e-07	3.2605e-10	-10.0	-2.5
553.0	9.0091e-07	3.2349e-10	-10.0	-2.5
553.5	9.0027e-07	3.2808e-10	-10.0	-2.5
554.0	9.018e-07	3.2291e-10	-10.0	-2.5
554.5	9.0414e-07	3.2067e-10	-10.0	-2.5
555.0	9.0344e-07	3.2639e-10	-10.0	-2.5
555.5	9.0441e-07	3.2863e-10	-10.0	-2.5
556.0	9.0507e-07	3.2609e-10	-10.0	-2.5
556.5	9.0643e-07	3.3591e-10	-10.0	-2.5
557.0	9.043e-07	3.258e-10	-10.0	-2.5
557.5	9.0781e-07	3.224e-10	-10.0	-2.5
558.0	9.0628e-07	3.2773e-10	-10.0	-2.5
558.5	9.0553e-07	3.2972e-10	-10.0	-2.5
559.0	9.0396e-07	3.3076e-10	-10.0	-2.5
559.5	9.0572e-07	3.3233e-10	-10.0	-2.5
560.0	9.0491e-07	3.3229e-10	-10.0	-2.5
560.5	9.0535e-07	3.3086e-10	-10.0	-2.5
561.0	9.0578e-07	3.315e-10	-10.0	-2.5
561.5	9.0827e-07	3.2865e-10	-10.0	-2.5
562.0	9.0962e-07	3.3443e-10	-10.0	-2.5
562.5	9.0951e-07	3.297e-10	-10.0	-2.5
563.0	9.0689e-07	3.3843e-10	-10.0	-2.5
563.5	9.0743e-07	3.3367e-10	-10.0	-2.5
564.0	9.0701e-07	3.3373e-10	-10.0	-2.5
564.5	9.0693e-07	3.345e-10	-10.0	-2.5
565.0	9.0756e-07	3.3367e-10	-10.0	-2.5
565.5	9.0592e-07	3.348e-10	-10.0	-2.5
566.0	9.0771e-07	3.287e-10	-10.0	-2.5
566.5	9.0926e-07	3.3016e-10	-10.0	-2.5
567.0	9.0856e-07	3.2742e-10	-10.0	-2.5
567.5	9.0944e-07	3.3326e-10	-10.0	-2.5
568.0	9.0914e-07	3.3203e-10	-10.0	-2.5
568.5	9.0869e-07	3.2964e-10	-10.0	-2.5
569.0	9.1263e-07	3.258e-10	-10.0	-2.5
569.5	9.1208e-07	3.3053e-10	-10.0	-2.5
570.0	9.1007e-07	3.3064e-10	-10.0	-2.5
570.5	9.097e-07	3.3508e-10	-10.0	-2.5
571.0	9.0803e-07	3.3199e-10	-10.0	-2.5
571.5	9.0831e-07	3.3305e-10	-10.0	-2.5
572.0	9.0856e-07	3.3201e-10	-10.0	-2.5
572.5	9.0918e-07	3.3022e-10	-10.0	-2.5
573.0	9.0912e-07	3.3566e-10	-10.0	-2.5
573.5	9.1077e-07	3.3e-10	-10.0	-2.5
574.0	9.1179e-07	3.3189e-10	-10.0	-2.5
574.5	9.1199e-07	3.2844e-10	-10.0	-2.5
575.0	9.1261e-07	3.3783e-10	-10.0	-2.5
575.5	9.1225e-07	3.3987e-10	-10.0	-2.5
576.0	9.1364e-07	3.3596e-10	-10.0	-2.5
576.5	9.1393e-07	3.3943e-10	-10.0	-2.5
577.0	9.1329e-07	3.347e-10	-10.0	-2.5
577.5	9.1378e-07	3.3983e-10	-10.0	-2.5
578.0	9.1815e-07	3.2425e-10	-10.0	-2.5
578.5	9.1363e-07	3.4011e-10	-10.0	-2.5
579.0	9.1457e-07	3.3599e-10	-10.0	-2.5
579.5	9.1275e-07	3.3623e-10	-10.0	-2.5
580.0	9.1352e-07	3.3774e-10	-10.0	-2.5
580.5	9.1551e-07	3.3595e-10	-10.0	-2.5
581.0	9.1527e-07	3.3901e-10	-10.0	-2.5
581.5	9.1653e-07	3.3817e-10	-10.0	-2.5
582.0	9.1923e-07	3.3684e-10	-10.0	-2.5
582.5	9.171e-07	3.381e-10	-10.0	-2.5
583.0	9.1665e-07	3.4592e-10	-10.0	-2.5
583.5	9.1676e-07	3.4073e-10	-10.0	-2.5
584.0	9.1621e-07	3.3372e-10	-10.0	-2.5
584.5	9.172e-07	3.3703e-10	-10.0	-2.5
585.0	9.1851e-07	3.3752e-10	-10.0	-2.5
585.5	9.1658e-07	3.4435e-10	-10.0	-2.5
586.0	9.1693e-07	3.4127e-10	-10.0	-2.5
586.5	9.1695e-07	3.3644e-10	-10.0	-2.5
587.0	9.1767e-07	3.4044e-10	-10.0	-2.5
587.5	9.1813e-07	3.4281e-10	-10.0	-2.5
588.0	9.2017e-07	3.3925e-10	-10.0	-2.5
588.5	9.1765e-07	3.4098e-10	-10.0	-2.5
589.0	9.1799e-07	3.3785e-10	-10.0	-2.5
589.5	9.1711e-07	3.4581e-10	-10.0	-2.5
590.0	9.1688e-07	3.3965e-10	-10.0	-2.5
590.5	9.1723e-07	3.4597e-10	-10.0	-2.5
591.0	9.1542e-07	3.4533e-10	-10.0	-2.5
591.5	9.178e-07	3.441e-10	-10.0	-2.5
592.0	9.1732e-07	3.4663e-10	-10.0	-2.5
592.5	9.1748e-07	3.4192e-10	-10.0	-2.5
593.0	9.166e-07	3.3818e-10	-10.0	-2.5
593.5	9.171e-07	3.3991e-10	-10.0	-2.5
594.0	9.1726e-07	3.4462e-10	-10.0	-2.5
594.5	9.1708e-07	3.4267e-10	-10.0	-2.5
595.0	9.1678e-07	3.4558e-10	-10.0	-2.5
595.5	9.178e-07	3.4304e-10	-10.0	-2.5
596.0	9.1956e-07	3.4081e-10	-10.0	-2.5
596.5	9.192e-07	3.43e-10	-10.0	-2.5
597.0	9.2006e-07	3.431e-10	-10.0	-2.5
597.5	9.2005e-07	3.418e-10	-10.0	-2.5
598.0	9.1984e-07	3.4353e-10	-10.0	-2.5
598.5	9.2072e-07	3.428e-10	-10.0	-2.5
599.0	9.1919e-07	3.4596e-10	-10.0	-2.5
599.5	9.2108e-07	3.4602e-10	-10.0	-2.5
600.0	9.2002e-07	3.4905e-10	-10.0	-2.5
600.5	9.2039e-07	3.4779e-10	-10.0	-2.5
601.0	9.2018e-07	3.4367e-10	-10.0	-2.5
601.5	9.1947e-07	3.4702e-10	-10.0	-2.5
602.0	9.2462e-07	3.4196e-10	-10.0	-2.5
602.5	9.2276e-07	3.4802e-10	-10.0	-2.5
603.0	9.2126e-07	3.4734e-10	-10.0	-2.5
603.5	9.2206e-07	3.4345e-10	-10.0	-2.5
604.0	9.2243e-07	3.46e-10	-10.0	-2.5
604.5	9.2198e-07	3.4685e-10	-10.0	-2.5
605.0	9.2235e-07	3.4577e-10	-10.0	-2.5
605.5	9.2245e-07	3.489e-10	-10.0	-2.5
606.0	9.2271e-07	3.4796e-10	-10.0	-2.5
606.5	9.2413e-07	3.483e-10	-10.0	-2.5
607.0	9.2546e-07	3.4345e-10	-10.0	-2.5
607.5	9.2603e-07	3.4251e-10	-10.0	-2.5
608.0	9.2764e-07	3.4273e-10	-10.0	-2.5
608.5	9.2879e-07	3.481e-10	-10.0	-2.5
609.0	9.2674e-07	3.5008e-10	-10.0	-2.5
609.5	9.281e-07	3.4463e-10	-10.0	-2.5
610.0	9.2907e-07	3.4881e-10	-10.0	-2.5
610.5	9.2787e-07	3.5142e-10	-10.0	-2.5
611.0	9.2895e-07	3.4795e-10	-10.0	-2.5
611.5	9.285e-07	3.5054e-10	-10.0	-2.5
612.0	9.2795e-07	3.4777e-10	-10.0	-2.5
612.5	9.2552e-07	3.504e-10	-10.0	-2.5
613.0	9.2702e-07	3.5267e-10	-10.0	-2.5
613.5	9.2706e-07	3.4819e-10	-10.0	-2.5
