Time (s)	|IDrain (A)|	|IGate (A)	Vdrain(V)	Vgate(V)
0.0	1.6406e-05	1.0435e-09	-10.0	-2.5
1.0	1.6416e-05	8.6873e-10	-10.0	-2.5
1.5	1.6419e-05	8.2633e-10	-10.0	-2.5
2.0	1.6426e-05	7.9685e-10	-10.0	-2.5
2.5	1.643e-05	7.7303e-10	-10.0	-2.5
3.0	1.6434e-05	7.5241e-10	-10.0	-2.5
3.5	1.6441e-05	7.3771e-10	-10.0	-2.5
4.0	1.6447e-05	7.2471e-10	-10.0	-2.5
4.5	1.6449e-05	7.1296e-10	-10.0	-2.5
5.0	1.6454e-05	7.0427e-10	-10.0	-2.5
5.5	1.6461e-05	6.9203e-10	-10.0	-2.5
6.0	1.6463e-05	6.8517e-10	-10.0	-2.5
6.5	1.6466e-05	6.7762e-10	-10.0	-2.5
7.0	1.6473e-05	6.6984e-10	-10.0	-2.5
7.5	1.6479e-05	6.6474e-10	-10.0	-2.5
8.0	1.648e-05	6.6028e-10	-10.0	-2.5
8.5	1.6488e-05	6.5427e-10	-10.0	-2.5
9.0	1.6491e-05	6.4897e-10	-10.0	-2.5
9.5	1.6498e-05	6.4535e-10	-10.0	-2.5
10.0	1.65e-05	6.4129e-10	-10.0	-2.5
10.5	1.6504e-05	6.3588e-10	-10.0	-2.5
11.0	1.6507e-05	6.315e-10	-10.0	-2.5
11.5	1.6512e-05	6.2693e-10	-10.0	-2.5
12.0	1.6517e-05	6.2407e-10	-10.0	-2.5
12.5	1.6521e-05	6.2105e-10	-10.0	-2.5
13.0	1.6523e-05	6.1865e-10	-10.0	-2.5
13.5	1.6526e-05	6.1651e-10	-10.0	-2.5
14.0	1.653e-05	6.1119e-10	-10.0	-2.5
14.5	1.6534e-05	6.0877e-10	-10.0	-2.5
15.0	1.6538e-05	6.0358e-10	-10.0	-2.5
15.5	1.6543e-05	6.0269e-10	-10.0	-2.5
16.0	1.6546e-05	5.9929e-10	-10.0	-2.5
16.5	1.6547e-05	5.9806e-10	-10.0	-2.5
17.0	1.655e-05	5.9343e-10	-10.0	-2.5
17.5	1.6555e-05	5.9218e-10	-10.0	-2.5
18.0	1.656e-05	5.8748e-10	-10.0	-2.5
18.5	1.6562e-05	5.8646e-10	-10.0	-2.5
19.0	1.6568e-05	5.8349e-10	-10.0	-2.5
19.5	1.6566e-05	5.8226e-10	-10.0	-2.5
20.0	1.6567e-05	5.7754e-10	-10.0	-2.5
20.5	1.6571e-05	5.7545e-10	-10.0	-2.5
21.0	1.6574e-05	5.7449e-10	-10.0	-2.5
21.5	1.6578e-05	5.7194e-10	-10.0	-2.5
22.0	1.6581e-05	5.7028e-10	-10.0	-2.5
22.5	1.6587e-05	5.6907e-10	-10.0	-2.5
23.0	1.659e-05	5.6716e-10	-10.0	-2.5
23.5	1.6593e-05	5.6402e-10	-10.0	-2.5
24.0	1.6595e-05	5.6189e-10	-10.0	-2.5
24.5	1.6601e-05	5.6095e-10	-10.0	-2.5
25.0	1.6608e-05	5.5839e-10	-10.0	-2.5
25.5	1.6607e-05	5.579e-10	-10.0	-2.5
26.0	1.661e-05	5.55e-10	-10.0	-2.5
26.5	1.6613e-05	5.5451e-10	-10.0	-2.5
27.0	1.6617e-05	5.5284e-10	-10.0	-2.5
27.5	1.6618e-05	5.5089e-10	-10.0	-2.5
28.0	1.6622e-05	5.5017e-10	-10.0	-2.5
28.5	1.6622e-05	5.4898e-10	-10.0	-2.5
29.0	1.6625e-05	5.4606e-10	-10.0	-2.5
29.5	1.6631e-05	5.4517e-10	-10.0	-2.5
30.0	1.6634e-05	5.4242e-10	-10.0	-2.5
30.5	1.6639e-05	5.4286e-10	-10.0	-2.5
31.0	1.6639e-05	5.4176e-10	-10.0	-2.5
31.5	1.6643e-05	5.4006e-10	-10.0	-2.5
32.0	1.6643e-05	5.4036e-10	-10.0	-2.5
32.5	1.6645e-05	5.3887e-10	-10.0	-2.5
33.0	1.6647e-05	5.3819e-10	-10.0	-2.5
33.5	1.6649e-05	5.3578e-10	-10.0	-2.5
34.0	1.6653e-05	5.3506e-10	-10.0	-2.5
34.5	1.6658e-05	5.3385e-10	-10.0	-2.5
35.0	1.6657e-05	5.3375e-10	-10.0	-2.5
35.5	1.666e-05	5.3313e-10	-10.0	-2.5
36.0	1.6664e-05	5.3278e-10	-10.0	-2.5
36.5	1.6665e-05	5.3332e-10	-10.0	-2.5
37.0	1.6668e-05	5.3212e-10	-10.0	-2.5
37.5	1.6675e-05	5.3145e-10	-10.0	-2.5
38.0	1.6676e-05	5.3038e-10	-10.0	-2.5
38.5	1.6679e-05	5.2866e-10	-10.0	-2.5
39.0	1.6681e-05	5.2949e-10	-10.0	-2.5
39.5	1.6684e-05	5.2831e-10	-10.0	-2.5
40.0	1.6686e-05	5.28e-10	-10.0	-2.5
40.5	1.6688e-05	5.295e-10	-10.0	-2.5
41.0	1.6692e-05	5.2643e-10	-10.0	-2.5
41.5	1.6695e-05	5.2636e-10	-10.0	-2.5
42.0	1.6699e-05	5.2565e-10	-10.0	-2.5
42.5	1.67e-05	5.247e-10	-10.0	-2.5
43.0	1.6702e-05	5.2479e-10	-10.0	-2.5
43.5	1.6703e-05	5.2351e-10	-10.0	-2.5
44.0	1.6706e-05	5.2315e-10	-10.0	-2.5
44.5	1.6711e-05	5.2438e-10	-10.0	-2.5
45.0	1.6711e-05	5.232e-10	-10.0	-2.5
45.5	1.6718e-05	5.231e-10	-10.0	-2.5
46.0	1.6718e-05	5.2179e-10	-10.0	-2.5
46.5	1.6717e-05	5.232e-10	-10.0	-2.5
47.0	1.6723e-05	5.2265e-10	-10.0	-2.5
47.5	1.6724e-05	5.226e-10	-10.0	-2.5
48.0	1.6726e-05	5.2179e-10	-10.0	-2.5
48.5	1.6728e-05	5.2261e-10	-10.0	-2.5
49.0	1.6731e-05	5.2117e-10	-10.0	-2.5
49.5	1.6731e-05	5.2249e-10	-10.0	-2.5
50.0	1.6736e-05	5.2016e-10	-10.0	-2.5
50.5	1.6735e-05	5.1947e-10	-10.0	-2.5
51.0	1.6738e-05	5.2135e-10	-10.0	-2.5
51.5	1.6739e-05	5.2101e-10	-10.0	-2.5
52.0	1.6742e-05	5.2208e-10	-10.0	-2.5
52.5	1.6743e-05	5.1868e-10	-10.0	-2.5
53.0	1.6745e-05	5.2101e-10	-10.0	-2.5
53.5	1.6747e-05	5.2078e-10	-10.0	-2.5
54.0	1.6753e-05	5.2005e-10	-10.0	-2.5
54.5	1.6753e-05	5.2093e-10	-10.0	-2.5
55.0	1.6754e-05	5.2057e-10	-10.0	-2.5
55.5	1.6759e-05	5.2028e-10	-10.0	-2.5
56.0	1.676e-05	5.202e-10	-10.0	-2.5
56.5	1.6763e-05	5.1994e-10	-10.0	-2.5
57.0	1.6765e-05	5.1985e-10	-10.0	-2.5
57.5	1.6768e-05	5.1975e-10	-10.0	-2.5
58.0	1.6769e-05	5.208e-10	-10.0	-2.5
58.5	1.6771e-05	5.2092e-10	-10.0	-2.5
59.0	1.6776e-05	5.2095e-10	-10.0	-2.5
59.5	1.6777e-05	5.2201e-10	-10.0	-2.5
60.0	1.6776e-05	5.2142e-10	-10.0	-2.5
60.5	1.678e-05	5.1898e-10	-10.0	-2.5
61.0	1.6784e-05	5.2062e-10	-10.0	-2.5
61.5	1.6781e-05	5.2245e-10	-10.0	-2.5
62.0	1.6782e-05	5.2188e-10	-10.0	-2.5
62.5	1.6786e-05	5.2091e-10	-10.0	-2.5
63.0	1.6788e-05	5.2229e-10	-10.0	-2.5
63.5	1.6792e-05	5.2303e-10	-10.0	-2.5
64.0	1.6791e-05	5.2322e-10	-10.0	-2.5
64.5	1.6795e-05	5.2261e-10	-10.0	-2.5
65.0	1.6797e-05	5.2207e-10	-10.0	-2.5
65.5	1.6801e-05	5.2369e-10	-10.0	-2.5
66.0	1.68e-05	5.2108e-10	-10.0	-2.5
66.5	1.6802e-05	5.2147e-10	-10.0	-2.5
67.0	1.6808e-05	5.2229e-10	-10.0	-2.5
67.5	1.6811e-05	5.2246e-10	-10.0	-2.5
68.0	1.6813e-05	5.2117e-10	-10.0	-2.5
68.5	1.6814e-05	5.2141e-10	-10.0	-2.5
69.0	1.6815e-05	5.2336e-10	-10.0	-2.5
69.5	1.6819e-05	5.2337e-10	-10.0	-2.5
70.0	1.682e-05	5.243e-10	-10.0	-2.5
70.5	1.6821e-05	5.2366e-10	-10.0	-2.5
71.0	1.6825e-05	5.2473e-10	-10.0	-2.5
71.5	1.6823e-05	5.2362e-10	-10.0	-2.5
72.0	1.6828e-05	5.2508e-10	-10.0	-2.5
72.5	1.6828e-05	5.2259e-10	-10.0	-2.5
73.0	1.6829e-05	5.2427e-10	-10.0	-2.5
73.5	1.683e-05	5.2429e-10	-10.0	-2.5
74.0	1.6832e-05	5.2545e-10	-10.0	-2.5
74.5	1.6832e-05	5.2501e-10	-10.0	-2.5
75.0	1.6834e-05	5.246e-10	-10.0	-2.5
75.5	1.6837e-05	5.2671e-10	-10.0	-2.5
76.0	1.6837e-05	5.2688e-10	-10.0	-2.5
76.5	1.684e-05	5.26e-10	-10.0	-2.5
77.0	1.6845e-05	5.2682e-10	-10.0	-2.5
77.5	1.6845e-05	5.2692e-10	-10.0	-2.5
78.0	1.6847e-05	5.2875e-10	-10.0	-2.5
78.5	1.6851e-05	5.2797e-10	-10.0	-2.5
79.0	1.6852e-05	5.2989e-10	-10.0	-2.5
79.5	1.6854e-05	5.2729e-10	-10.0	-2.5
80.0	1.6854e-05	5.2942e-10	-10.0	-2.5
80.5	1.6857e-05	5.2964e-10	-10.0	-2.5
81.0	1.6862e-05	5.2721e-10	-10.0	-2.5
81.5	1.6864e-05	5.285e-10	-10.0	-2.5
82.0	1.6862e-05	5.2974e-10	-10.0	-2.5
82.5	1.6862e-05	5.3068e-10	-10.0	-2.5
83.0	1.6866e-05	5.3181e-10	-10.0	-2.5
83.5	1.6865e-05	5.3027e-10	-10.0	-2.5
84.0	1.6867e-05	5.3175e-10	-10.0	-2.5
84.5	1.6868e-05	5.3172e-10	-10.0	-2.5
85.0	1.6869e-05	5.3167e-10	-10.0	-2.5
85.5	1.6872e-05	5.3139e-10	-10.0	-2.5
86.0	1.6871e-05	5.3142e-10	-10.0	-2.5
86.5	1.6877e-05	5.3224e-10	-10.0	-2.5
87.0	1.6878e-05	5.3109e-10	-10.0	-2.5
87.5	1.6879e-05	5.3199e-10	-10.0	-2.5
88.0	1.6883e-05	5.3321e-10	-10.0	-2.5
88.5	1.6884e-05	5.3238e-10	-10.0	-2.5
89.0	1.6885e-05	5.3287e-10	-10.0	-2.5
89.5	1.6886e-05	5.3267e-10	-10.0	-2.5
90.0	1.6884e-05	5.3384e-10	-10.0	-2.5
90.5	1.6891e-05	5.345e-10	-10.0	-2.5
91.0	1.6894e-05	5.3333e-10	-10.0	-2.5
91.5	1.6894e-05	5.3326e-10	-10.0	-2.5
92.0	1.6895e-05	5.3609e-10	-10.0	-2.5
92.5	1.6898e-05	5.3386e-10	-10.0	-2.5
93.0	1.69e-05	5.3625e-10	-10.0	-2.5
93.5	1.6899e-05	5.3666e-10	-10.0	-2.5
94.0	1.6901e-05	5.3521e-10	-10.0	-2.5
94.5	1.6902e-05	5.3684e-10	-10.0	-2.5
95.0	1.6903e-05	5.3803e-10	-10.0	-2.5
95.5	1.6907e-05	5.3781e-10	-10.0	-2.5
96.0	1.6908e-05	5.3827e-10	-10.0	-2.5
96.5	1.6915e-05	5.3858e-10	-10.0	-2.5
97.0	1.6913e-05	5.3906e-10	-10.0	-2.5
97.5	1.6914e-05	5.3824e-10	-10.0	-2.5
98.0	1.6915e-05	5.3932e-10	-10.0	-2.5
98.5	1.6918e-05	5.3835e-10	-10.0	-2.5
99.0	1.6917e-05	5.3903e-10	-10.0	-2.5
99.5	1.6921e-05	5.3974e-10	-10.0	-2.5
100.0	1.6926e-05	5.4136e-10	-10.0	-2.5
100.5	1.6925e-05	5.3986e-10	-10.0	-2.5
101.0	1.6925e-05	5.4037e-10	-10.0	-2.5
101.5	1.6926e-05	5.414e-10	-10.0	-2.5
102.0	1.6926e-05	5.4102e-10	-10.0	-2.5
102.5	1.6927e-05	5.4213e-10	-10.0	-2.5
103.0	1.6931e-05	5.3963e-10	-10.0	-2.5
103.5	1.6935e-05	5.4183e-10	-10.0	-2.5
104.0	1.6934e-05	5.41e-10	-10.0	-2.5
104.5	1.6936e-05	5.416e-10	-10.0	-2.5
105.0	1.6936e-05	5.4308e-10	-10.0	-2.5
105.5	1.6941e-05	5.4343e-10	-10.0	-2.5
106.0	1.6946e-05	5.4359e-10	-10.0	-2.5
106.5	1.6946e-05	5.4382e-10	-10.0	-2.5
107.0	1.6946e-05	5.4309e-10	-10.0	-2.5
107.5	1.6949e-05	5.4432e-10	-10.0	-2.5
108.0	1.6949e-05	5.4363e-10	-10.0	-2.5
108.5	1.6948e-05	5.4449e-10	-10.0	-2.5
109.0	1.6948e-05	5.4547e-10	-10.0	-2.5
109.5	1.6951e-05	5.4435e-10	-10.0	-2.5
110.0	1.6956e-05	5.4469e-10	-10.0	-2.5
110.5	1.6959e-05	5.4556e-10	-10.0	-2.5
111.0	1.6959e-05	5.4524e-10	-10.0	-2.5
111.5	1.6958e-05	5.4644e-10	-10.0	-2.5
112.0	1.6961e-05	5.4802e-10	-10.0	-2.5
112.5	1.696e-05	5.4545e-10	-10.0	-2.5
113.0	1.6964e-05	5.4585e-10	-10.0	-2.5
113.5	1.6962e-05	5.4634e-10	-10.0	-2.5
114.0	1.6967e-05	5.4735e-10	-10.0	-2.5
114.5	1.6967e-05	5.4774e-10	-10.0	-2.5
115.0	1.697e-05	5.4719e-10	-10.0	-2.5
115.5	1.6969e-05	5.4872e-10	-10.0	-2.5
116.0	1.6973e-05	5.4856e-10	-10.0	-2.5
116.5	1.6973e-05	5.485e-10	-10.0	-2.5
117.0	1.6974e-05	5.4998e-10	-10.0	-2.5
117.5	1.6975e-05	5.4925e-10	-10.0	-2.5
118.0	1.6974e-05	5.497e-10	-10.0	-2.5
118.5	1.6973e-05	5.4933e-10	-10.0	-2.5
119.0	1.6974e-05	4.5026e-10	-10.0	-2.5
119.5	1.6978e-05	4.4661e-10	-10.0	-2.5
120.0	1.6984e-05	4.4868e-10	-10.0	-2.5
120.5	1.6992e-05	4.5052e-10	-10.0	-2.5
121.0	1.6993e-05	4.525e-10	-10.0	-2.5
121.5	1.6995e-05	4.5325e-10	-10.0	-2.5
122.0	1.6997e-05	4.5515e-10	-10.0	-2.5
122.5	1.7003e-05	4.5494e-10	-10.0	-2.5
123.0	1.7005e-05	4.5812e-10	-10.0	-2.5
123.5	1.701e-05	4.6077e-10	-10.0	-2.5
124.0	1.7012e-05	4.6071e-10	-10.0	-2.5
124.5	1.7018e-05	4.6133e-10	-10.0	-2.5
125.0	1.7019e-05	4.6383e-10	-10.0	-2.5
125.5	1.7022e-05	4.6341e-10	-10.0	-2.5
126.0	1.7026e-05	4.647e-10	-10.0	-2.5
126.5	1.7032e-05	4.671e-10	-10.0	-2.5
127.0	1.7032e-05	4.6736e-10	-10.0	-2.5
127.5	1.7033e-05	4.6922e-10	-10.0	-2.5
128.0	1.7036e-05	4.7178e-10	-10.0	-2.5
128.5	1.7039e-05	4.7115e-10	-10.0	-2.5
129.0	1.7043e-05	4.6955e-10	-10.0	-2.5
129.5	1.7045e-05	4.7309e-10	-10.0	-2.5
130.0	1.7049e-05	4.7361e-10	-10.0	-2.5
130.5	1.7053e-05	4.7425e-10	-10.0	-2.5
131.0	1.7053e-05	4.737e-10	-10.0	-2.5
131.5	1.7055e-05	4.7469e-10	-10.0	-2.5
132.0	1.706e-05	4.7598e-10	-10.0	-2.5
132.5	1.7056e-05	4.7725e-10	-10.0	-2.5
133.0	1.7056e-05	4.7623e-10	-10.0	-2.5
133.5	1.7058e-05	4.7752e-10	-10.0	-2.5
134.0	1.7062e-05	4.7698e-10	-10.0	-2.5
134.5	1.7061e-05	4.7862e-10	-10.0	-2.5
135.0	1.7064e-05	4.7792e-10	-10.0	-2.5
135.5	1.7064e-05	4.8002e-10	-10.0	-2.5
136.0	1.7063e-05	4.801e-10	-10.0	-2.5
136.5	1.7069e-05	4.8012e-10	-10.0	-2.5
137.0	1.7071e-05	4.786e-10	-10.0	-2.5
137.5	1.7073e-05	4.7963e-10	-10.0	-2.5
138.0	1.707e-05	4.8099e-10	-10.0	-2.5
138.5	1.7075e-05	4.8005e-10	-10.0	-2.5
139.0	1.7078e-05	4.8118e-10	-10.0	-2.5
139.5	1.7074e-05	4.8101e-10	-10.0	-2.5
140.0	1.7074e-05	4.8192e-10	-10.0	-2.5
140.5	1.7073e-05	4.8305e-10	-10.0	-2.5
141.0	1.7075e-05	4.8276e-10	-10.0	-2.5
141.5	1.7076e-05	4.8331e-10	-10.0	-2.5
142.0	1.7081e-05	4.8107e-10	-10.0	-2.5
142.5	1.7079e-05	4.8242e-10	-10.0	-2.5
143.0	1.7081e-05	4.8218e-10	-10.0	-2.5
143.5	1.7078e-05	4.8235e-10	-10.0	-2.5
144.0	1.7081e-05	4.8286e-10	-10.0	-2.5
144.5	1.7079e-05	4.8389e-10	-10.0	-2.5
145.0	1.7084e-05	4.8205e-10	-10.0	-2.5
145.5	1.7084e-05	4.8299e-10	-10.0	-2.5
146.0	1.7084e-05	4.8363e-10	-10.0	-2.5
146.5	1.708e-05	4.8376e-10	-10.0	-2.5
147.0	1.7083e-05	4.8426e-10	-10.0	-2.5
147.5	1.7084e-05	4.8333e-10	-10.0	-2.5
148.0	1.7085e-05	4.8194e-10	-10.0	-2.5
148.5	1.7089e-05	4.8328e-10	-10.0	-2.5
149.0	1.7088e-05	4.8343e-10	-10.0	-2.5
149.5	1.7086e-05	4.8472e-10	-10.0	-2.5
150.0	1.7085e-05	4.824e-10	-10.0	-2.5
150.5	1.7085e-05	4.8328e-10	-10.0	-2.5
151.0	1.7083e-05	4.8377e-10	-10.0	-2.5
151.5	1.7081e-05	4.8179e-10	-10.0	-2.5
152.0	1.7082e-05	4.8451e-10	-10.0	-2.5
152.5	1.7081e-05	4.847e-10	-10.0	-2.5
153.0	1.7082e-05	4.8484e-10	-10.0	-2.5
153.5	1.7087e-05	4.8288e-10	-10.0	-2.5
154.0	1.7084e-05	4.8493e-10	-10.0	-2.5
154.5	1.7084e-05	4.8214e-10	-10.0	-2.5
155.0	1.7083e-05	4.8464e-10	-10.0	-2.5
155.5	1.7085e-05	4.8637e-10	-10.0	-2.5
156.0	1.7082e-05	4.8285e-10	-10.0	-2.5
156.5	1.7084e-05	4.8384e-10	-10.0	-2.5
157.0	1.7087e-05	4.833e-10	-10.0	-2.5
157.5	1.7087e-05	4.8393e-10	-10.0	-2.5
158.0	1.7087e-05	4.8432e-10	-10.0	-2.5
158.5	1.7086e-05	4.8355e-10	-10.0	-2.5
159.0	1.7084e-05	4.8402e-10	-10.0	-2.5
159.5	1.7084e-05	4.8198e-10	-10.0	-2.5
160.0	1.7085e-05	4.8227e-10	-10.0	-2.5
160.5	1.7084e-05	4.8213e-10	-10.0	-2.5
161.0	1.7084e-05	4.8205e-10	-10.0	-2.5
161.5	1.7081e-05	4.8116e-10	-10.0	-2.5
162.0	1.7084e-05	4.8136e-10	-10.0	-2.5
162.5	1.7083e-05	4.8203e-10	-10.0	-2.5
163.0	1.7082e-05	4.8172e-10	-10.0	-2.5
163.5	1.708e-05	4.8058e-10	-10.0	-2.5
164.0	1.7078e-05	4.8077e-10	-10.0	-2.5
164.5	1.7075e-05	4.8185e-10	-10.0	-2.5
165.0	1.7078e-05	4.8366e-10	-10.0	-2.5
165.5	1.7075e-05	4.8118e-10	-10.0	-2.5
166.0	1.7078e-05	4.8196e-10	-10.0	-2.5
166.5	1.7076e-05	4.8284e-10	-10.0	-2.5
167.0	1.7075e-05	4.8098e-10	-10.0	-2.5
167.5	1.7073e-05	4.8269e-10	-10.0	-2.5
168.0	1.7077e-05	4.812e-10	-10.0	-2.5
168.5	1.7077e-05	4.8281e-10	-10.0	-2.5
169.0	1.7078e-05	4.8056e-10	-10.0	-2.5
169.5	1.7076e-05	4.8225e-10	-10.0	-2.5
170.0	1.7074e-05	4.8132e-10	-10.0	-2.5
170.5	1.7076e-05	4.8137e-10	-10.0	-2.5
171.0	1.7077e-05	4.7989e-10	-10.0	-2.5
171.5	1.7078e-05	4.81e-10	-10.0	-2.5
172.0	1.708e-05	4.8159e-10	-10.0	-2.5
172.5	1.7077e-05	4.7963e-10	-10.0	-2.5
173.0	1.7076e-05	4.8045e-10	-10.0	-2.5
173.5	1.7073e-05	4.7915e-10	-10.0	-2.5
174.0	1.7073e-05	4.7969e-10	-10.0	-2.5
174.5	1.7075e-05	4.7961e-10	-10.0	-2.5
175.0	1.7074e-05	4.8021e-10	-10.0	-2.5
175.5	1.7074e-05	4.7944e-10	-10.0	-2.5
176.0	1.7075e-05	4.8031e-10	-10.0	-2.5
176.5	1.7072e-05	4.7905e-10	-10.0	-2.5
177.0	1.7073e-05	4.7763e-10	-10.0	-2.5
177.5	1.7074e-05	4.8065e-10	-10.0	-2.5
178.0	1.7075e-05	4.7813e-10	-10.0	-2.5
178.5	1.7071e-05	4.7947e-10	-10.0	-2.5
179.0	1.707e-05	5.697e-10	-10.0	-2.5
179.5	1.707e-05	5.7432e-10	-10.0	-2.5
180.0	1.7066e-05	5.7518e-10	-10.0	-2.5
180.5	1.7064e-05	5.7395e-10	-10.0	-2.5
181.0	1.7063e-05	5.749e-10	-10.0	-2.5
181.5	1.7062e-05	5.7245e-10	-10.0	-2.5
182.0	1.7061e-05	5.7222e-10	-10.0	-2.5
182.5	1.7058e-05	5.691e-10	-10.0	-2.5
183.0	1.7059e-05	5.7055e-10	-10.0	-2.5
183.5	1.7058e-05	5.7033e-10	-10.0	-2.5
184.0	1.7056e-05	5.687e-10	-10.0	-2.5
184.5	1.7054e-05	5.6773e-10	-10.0	-2.5
185.0	1.7052e-05	5.6641e-10	-10.0	-2.5
185.5	1.7053e-05	5.6545e-10	-10.0	-2.5
186.0	1.7053e-05	5.6563e-10	-10.0	-2.5
186.5	1.7052e-05	5.6455e-10	-10.0	-2.5
187.0	1.7049e-05	5.6431e-10	-10.0	-2.5
187.5	1.7046e-05	5.6367e-10	-10.0	-2.5
188.0	1.7048e-05	5.637e-10	-10.0	-2.5
188.5	1.7047e-05	5.6222e-10	-10.0	-2.5
189.0	1.7047e-05	5.6263e-10	-10.0	-2.5
189.5	1.7046e-05	5.6211e-10	-10.0	-2.5
190.0	1.7046e-05	5.6178e-10	-10.0	-2.5
190.5	1.7046e-05	5.6091e-10	-10.0	-2.5
191.0	1.7044e-05	5.599e-10	-10.0	-2.5
191.5	1.7044e-05	5.593e-10	-10.0	-2.5
192.0	1.7044e-05	5.5845e-10	-10.0	-2.5
192.5	1.7047e-05	5.5958e-10	-10.0	-2.5
193.0	1.7044e-05	5.5895e-10	-10.0	-2.5
193.5	1.7043e-05	5.5796e-10	-10.0	-2.5
194.0	1.7042e-05	5.5867e-10	-10.0	-2.5
194.5	1.7045e-05	5.5694e-10	-10.0	-2.5
195.0	1.7043e-05	5.5836e-10	-10.0	-2.5
195.5	1.7042e-05	5.5738e-10	-10.0	-2.5
196.0	1.7047e-05	5.5671e-10	-10.0	-2.5
196.5	1.7045e-05	5.5743e-10	-10.0	-2.5
197.0	1.7046e-05	5.5634e-10	-10.0	-2.5
197.5	1.7048e-05	5.5554e-10	-10.0	-2.5
198.0	1.7047e-05	5.5437e-10	-10.0	-2.5
198.5	1.7042e-05	5.5511e-10	-10.0	-2.5
199.0	1.7046e-05	5.5502e-10	-10.0	-2.5
199.5	1.7044e-05	5.5521e-10	-10.0	-2.5
200.0	1.7046e-05	5.5555e-10	-10.0	-2.5
200.5	1.7043e-05	5.5372e-10	-10.0	-2.5
201.0	1.7046e-05	5.5547e-10	-10.0	-2.5
201.5	1.7047e-05	5.569e-10	-10.0	-2.5
202.0	1.7045e-05	5.5496e-10	-10.0	-2.5
202.5	1.7046e-05	5.5391e-10	-10.0	-2.5
203.0	1.7047e-05	5.5418e-10	-10.0	-2.5
203.5	1.7047e-05	5.5298e-10	-10.0	-2.5
204.0	1.7046e-05	5.5563e-10	-10.0	-2.5
204.5	1.7048e-05	5.548e-10	-10.0	-2.5
205.0	1.7047e-05	5.5565e-10	-10.0	-2.5
205.5	1.7049e-05	5.537e-10	-10.0	-2.5
206.0	1.7044e-05	5.568e-10	-10.0	-2.5
206.5	1.7045e-05	5.529e-10	-10.0	-2.5
207.0	1.7046e-05	5.5388e-10	-10.0	-2.5
207.5	1.7048e-05	5.5523e-10	-10.0	-2.5
208.0	1.7045e-05	5.539e-10	-10.0	-2.5
208.5	1.7049e-05	5.5617e-10	-10.0	-2.5
209.0	1.7052e-05	5.5265e-10	-10.0	-2.5
209.5	1.7055e-05	5.5626e-10	-10.0	-2.5
210.0	1.7056e-05	5.5636e-10	-10.0	-2.5
210.5	1.705e-05	5.5474e-10	-10.0	-2.5
211.0	1.7052e-05	5.5505e-10	-10.0	-2.5
211.5	1.7052e-05	5.5528e-10	-10.0	-2.5
212.0	1.7052e-05	5.5792e-10	-10.0	-2.5
212.5	1.7051e-05	5.5412e-10	-10.0	-2.5
213.0	1.7052e-05	5.564e-10	-10.0	-2.5
213.5	1.7052e-05	5.5549e-10	-10.0	-2.5
214.0	1.7055e-05	5.5635e-10	-10.0	-2.5
214.5	1.7056e-05	5.5739e-10	-10.0	-2.5
215.0	1.7059e-05	5.5616e-10	-10.0	-2.5
215.5	1.7057e-05	5.5638e-10	-10.0	-2.5
216.0	1.706e-05	5.5596e-10	-10.0	-2.5
216.5	1.7056e-05	5.5609e-10	-10.0	-2.5
217.0	1.7058e-05	5.5741e-10	-10.0	-2.5
217.5	1.7057e-05	5.5802e-10	-10.0	-2.5
218.0	1.7061e-05	5.5762e-10	-10.0	-2.5
218.5	1.7061e-05	5.5663e-10	-10.0	-2.5
219.0	1.7061e-05	5.5752e-10	-10.0	-2.5
219.5	1.7061e-05	5.5947e-10	-10.0	-2.5
220.0	1.7063e-05	5.5777e-10	-10.0	-2.5
220.5	1.7065e-05	5.5823e-10	-10.0	-2.5
221.0	1.7068e-05	5.5911e-10	-10.0	-2.5
221.5	1.7068e-05	5.5636e-10	-10.0	-2.5
222.0	1.7069e-05	5.582e-10	-10.0	-2.5
222.5	1.7072e-05	5.5911e-10	-10.0	-2.5
223.0	1.7072e-05	5.5818e-10	-10.0	-2.5
223.5	1.707e-05	5.5773e-10	-10.0	-2.5
224.0	1.7071e-05	5.5887e-10	-10.0	-2.5
224.5	1.707e-05	5.5793e-10	-10.0	-2.5
225.0	1.7075e-05	5.5874e-10	-10.0	-2.5
225.5	1.7071e-05	5.5885e-10	-10.0	-2.5
226.0	1.707e-05	5.5905e-10	-10.0	-2.5
226.5	1.7074e-05	5.5997e-10	-10.0	-2.5
227.0	1.7075e-05	5.6093e-10	-10.0	-2.5
227.5	1.7077e-05	5.6039e-10	-10.0	-2.5
228.0	1.7077e-05	5.6128e-10	-10.0	-2.5
228.5	1.7076e-05	5.6213e-10	-10.0	-2.5
229.0	1.7074e-05	5.5962e-10	-10.0	-2.5
229.5	1.7078e-05	5.6066e-10	-10.0	-2.5
230.0	1.7077e-05	5.6101e-10	-10.0	-2.5
230.5	1.7079e-05	5.6349e-10	-10.0	-2.5
231.0	1.7079e-05	5.6147e-10	-10.0	-2.5
231.5	1.7077e-05	5.6189e-10	-10.0	-2.5
232.0	1.7077e-05	5.6408e-10	-10.0	-2.5
232.5	1.708e-05	5.6229e-10	-10.0	-2.5
233.0	1.7082e-05	5.6186e-10	-10.0	-2.5
233.5	1.708e-05	5.6315e-10	-10.0	-2.5
234.0	1.7083e-05	5.6408e-10	-10.0	-2.5
234.5	1.7085e-05	5.6354e-10	-10.0	-2.5
235.0	1.7083e-05	5.6356e-10	-10.0	-2.5
235.5	1.7086e-05	5.6308e-10	-10.0	-2.5
236.0	1.7084e-05	5.6427e-10	-10.0	-2.5
236.5	1.7087e-05	5.6369e-10	-10.0	-2.5
237.0	1.7087e-05	5.6343e-10	-10.0	-2.5
237.5	1.7089e-05	5.6394e-10	-10.0	-2.5
238.0	1.7092e-05	5.6448e-10	-10.0	-2.5
238.5	1.7092e-05	5.6606e-10	-10.0	-2.5
239.0	1.7096e-05	4.6624e-10	-10.0	-2.5
239.5	1.71e-05	4.6304e-10	-10.0	-2.5
240.0	1.7104e-05	4.6348e-10	-10.0	-2.5
240.5	1.7107e-05	4.6432e-10	-10.0	-2.5
241.0	1.7111e-05	4.6636e-10	-10.0	-2.5
241.5	1.7112e-05	4.669e-10	-10.0	-2.5
242.0	1.7114e-05	4.6981e-10	-10.0	-2.5
242.5	1.7117e-05	4.709e-10	-10.0	-2.5
243.0	1.7114e-05	4.727e-10	-10.0	-2.5
243.5	1.7117e-05	4.7412e-10	-10.0	-2.5
244.0	1.7119e-05	4.7534e-10	-10.0	-2.5
244.5	1.7121e-05	4.7644e-10	-10.0	-2.5
245.0	1.7124e-05	4.7668e-10	-10.0	-2.5
245.5	1.7127e-05	4.797e-10	-10.0	-2.5
246.0	1.7123e-05	4.7949e-10	-10.0	-2.5
246.5	1.7127e-05	4.8032e-10	-10.0	-2.5
247.0	1.7127e-05	4.81e-10	-10.0	-2.5
247.5	1.7131e-05	4.8168e-10	-10.0	-2.5
248.0	1.7129e-05	4.8312e-10	-10.0	-2.5
248.5	1.713e-05	4.8415e-10	-10.0	-2.5
249.0	1.7134e-05	4.8516e-10	-10.0	-2.5
249.5	1.713e-05	4.8687e-10	-10.0	-2.5
250.0	1.7131e-05	4.8791e-10	-10.0	-2.5
250.5	1.7133e-05	4.8693e-10	-10.0	-2.5
251.0	1.7135e-05	4.8684e-10	-10.0	-2.5
251.5	1.7135e-05	4.8855e-10	-10.0	-2.5
252.0	1.714e-05	4.8877e-10	-10.0	-2.5
252.5	1.7141e-05	4.8936e-10	-10.0	-2.5
253.0	1.7139e-05	4.9059e-10	-10.0	-2.5
253.5	1.7139e-05	4.9177e-10	-10.0	-2.5
254.0	1.7136e-05	4.9154e-10	-10.0	-2.5
254.5	1.7138e-05	4.9271e-10	-10.0	-2.5
255.0	1.7141e-05	4.922e-10	-10.0	-2.5
255.5	1.714e-05	4.9375e-10	-10.0	-2.5
256.0	1.7139e-05	4.9196e-10	-10.0	-2.5
256.5	1.7142e-05	4.9337e-10	-10.0	-2.5
257.0	1.7141e-05	4.9309e-10	-10.0	-2.5
257.5	1.7141e-05	4.931e-10	-10.0	-2.5
258.0	1.7142e-05	4.9497e-10	-10.0	-2.5
258.5	1.7144e-05	4.9639e-10	-10.0	-2.5
259.0	1.7144e-05	4.9595e-10	-10.0	-2.5
259.5	1.7145e-05	4.9553e-10	-10.0	-2.5
260.0	1.7145e-05	4.9467e-10	-10.0	-2.5
260.5	1.7144e-05	4.9537e-10	-10.0	-2.5
261.0	1.7143e-05	4.9734e-10	-10.0	-2.5
261.5	1.7143e-05	4.966e-10	-10.0	-2.5
262.0	1.7141e-05	4.9609e-10	-10.0	-2.5
262.5	1.714e-05	4.9687e-10	-10.0	-2.5
263.0	1.714e-05	4.9598e-10	-10.0	-2.5
263.5	1.7139e-05	4.9727e-10	-10.0	-2.5
264.0	1.714e-05	4.9702e-10	-10.0	-2.5
264.5	1.7138e-05	4.972e-10	-10.0	-2.5
265.0	1.7139e-05	4.9714e-10	-10.0	-2.5
265.5	1.7139e-05	4.97e-10	-10.0	-2.5
266.0	1.7136e-05	4.9707e-10	-10.0	-2.5
266.5	1.7136e-05	4.9821e-10	-10.0	-2.5
267.0	1.7135e-05	4.9693e-10	-10.0	-2.5
267.5	1.7138e-05	4.9657e-10	-10.0	-2.5
268.0	1.7138e-05	4.971e-10	-10.0	-2.5
268.5	1.7137e-05	4.9585e-10	-10.0	-2.5
269.0	1.7137e-05	4.9799e-10	-10.0	-2.5
269.5	1.714e-05	4.9694e-10	-10.0	-2.5
270.0	1.7138e-05	4.9683e-10	-10.0	-2.5
270.5	1.7137e-05	4.9738e-10	-10.0	-2.5
271.0	1.7139e-05	4.9571e-10	-10.0	-2.5
271.5	1.7138e-05	4.9927e-10	-10.0	-2.5
272.0	1.7135e-05	4.971e-10	-10.0	-2.5
272.5	1.7133e-05	4.988e-10	-10.0	-2.5
273.0	1.7135e-05	4.9779e-10	-10.0	-2.5
273.5	1.7131e-05	4.967e-10	-10.0	-2.5
274.0	1.7132e-05	4.9944e-10	-10.0	-2.5
274.5	1.7134e-05	4.9798e-10	-10.0	-2.5
275.0	1.7134e-05	4.9875e-10	-10.0	-2.5
275.5	1.7134e-05	4.9798e-10	-10.0	-2.5
276.0	1.713e-05	4.9728e-10	-10.0	-2.5
276.5	1.7131e-05	4.9543e-10	-10.0	-2.5
277.0	1.7128e-05	4.9789e-10	-10.0	-2.5
277.5	1.7131e-05	4.9821e-10	-10.0	-2.5
278.0	1.7126e-05	4.9805e-10	-10.0	-2.5
278.5	1.7129e-05	4.9723e-10	-10.0	-2.5
279.0	1.7128e-05	4.9811e-10	-10.0	-2.5
279.5	1.7127e-05	4.9689e-10	-10.0	-2.5
280.0	1.7127e-05	4.9675e-10	-10.0	-2.5
280.5	1.7127e-05	4.9659e-10	-10.0	-2.5
281.0	1.7124e-05	4.9619e-10	-10.0	-2.5
281.5	1.7125e-05	4.9644e-10	-10.0	-2.5
282.0	1.7124e-05	4.9726e-10	-10.0	-2.5
282.5	1.7125e-05	4.955e-10	-10.0	-2.5
283.0	1.7123e-05	4.9714e-10	-10.0	-2.5
283.5	1.712e-05	4.9547e-10	-10.0	-2.5
284.0	1.712e-05	4.9608e-10	-10.0	-2.5
284.5	1.7116e-05	4.9683e-10	-10.0	-2.5
285.0	1.7117e-05	4.9734e-10	-10.0	-2.5
285.5	1.7118e-05	4.9752e-10	-10.0	-2.5
286.0	1.7117e-05	4.9781e-10	-10.0	-2.5
286.5	1.7115e-05	4.9668e-10	-10.0	-2.5
287.0	1.7112e-05	4.9647e-10	-10.0	-2.5
287.5	1.7111e-05	4.9731e-10	-10.0	-2.5
288.0	1.7108e-05	4.9545e-10	-10.0	-2.5
288.5	1.7108e-05	4.9637e-10	-10.0	-2.5
289.0	1.7106e-05	4.9715e-10	-10.0	-2.5
289.5	1.7104e-05	4.9608e-10	-10.0	-2.5
290.0	1.7101e-05	4.9511e-10	-10.0	-2.5
290.5	1.7098e-05	4.9469e-10	-10.0	-2.5
291.0	1.7097e-05	4.959e-10	-10.0	-2.5
291.5	1.7095e-05	4.951e-10	-10.0	-2.5
292.0	1.7092e-05	4.9423e-10	-10.0	-2.5
292.5	1.7092e-05	4.9442e-10	-10.0	-2.5
293.0	1.7094e-05	4.944e-10	-10.0	-2.5
293.5	1.7091e-05	4.9488e-10	-10.0	-2.5
294.0	1.7091e-05	4.9471e-10	-10.0	-2.5
294.5	1.7091e-05	4.9437e-10	-10.0	-2.5
295.0	1.7089e-05	4.934e-10	-10.0	-2.5
295.5	1.709e-05	4.9398e-10	-10.0	-2.5
296.0	1.7089e-05	4.9391e-10	-10.0	-2.5
296.5	1.7087e-05	4.947e-10	-10.0	-2.5
297.0	1.7086e-05	4.9292e-10	-10.0	-2.5
297.5	1.7084e-05	4.9319e-10	-10.0	-2.5
298.0	1.7083e-05	4.9252e-10	-10.0	-2.5
298.5	1.7082e-05	4.9363e-10	-10.0	-2.5
299.0	1.7083e-05	5.8391e-10	-10.0	-2.5
299.5	1.7082e-05	5.8817e-10	-10.0	-2.5
300.0	1.7079e-05	5.8967e-10	-10.0	-2.5
300.5	1.7081e-05	5.8778e-10	-10.0	-2.5
301.0	1.7079e-05	5.8793e-10	-10.0	-2.5
301.5	1.7079e-05	5.8663e-10	-10.0	-2.5
302.0	1.7077e-05	5.8673e-10	-10.0	-2.5
302.5	1.7076e-05	5.8421e-10	-10.0	-2.5
303.0	1.7074e-05	5.827e-10	-10.0	-2.5
303.5	1.7071e-05	5.8062e-10	-10.0	-2.5
304.0	1.707e-05	5.8159e-10	-10.0	-2.5
304.5	1.7074e-05	5.7913e-10	-10.0	-2.5
305.0	1.7073e-05	5.7809e-10	-10.0	-2.5
305.5	1.7072e-05	5.7745e-10	-10.0	-2.5
306.0	1.7075e-05	5.7947e-10	-10.0	-2.5
306.5	1.7071e-05	5.7821e-10	-10.0	-2.5
307.0	1.7069e-05	5.7671e-10	-10.0	-2.5
307.5	1.7068e-05	5.7793e-10	-10.0	-2.5
308.0	1.707e-05	5.7679e-10	-10.0	-2.5
308.5	1.7069e-05	5.7481e-10	-10.0	-2.5
309.0	1.7069e-05	5.7471e-10	-10.0	-2.5
309.5	1.7071e-05	5.7465e-10	-10.0	-2.5
310.0	1.7068e-05	5.7344e-10	-10.0	-2.5
310.5	1.7066e-05	5.7202e-10	-10.0	-2.5
311.0	1.7066e-05	5.7244e-10	-10.0	-2.5
311.5	1.7067e-05	5.7107e-10	-10.0	-2.5
312.0	1.7064e-05	5.7008e-10	-10.0	-2.5
312.5	1.7063e-05	5.7054e-10	-10.0	-2.5
313.0	1.7063e-05	5.7142e-10	-10.0	-2.5
313.5	1.7067e-05	5.699e-10	-10.0	-2.5
314.0	1.7066e-05	5.7054e-10	-10.0	-2.5
314.5	1.7063e-05	5.6923e-10	-10.0	-2.5
315.0	1.7064e-05	5.6983e-10	-10.0	-2.5
315.5	1.7064e-05	5.6837e-10	-10.0	-2.5
316.0	1.7064e-05	5.6873e-10	-10.0	-2.5
316.5	1.7063e-05	5.6749e-10	-10.0	-2.5
317.0	1.7065e-05	5.6877e-10	-10.0	-2.5
317.5	1.7063e-05	5.6861e-10	-10.0	-2.5
318.0	1.7063e-05	5.6655e-10	-10.0	-2.5
318.5	1.7062e-05	5.6822e-10	-10.0	-2.5
319.0	1.7059e-05	5.6784e-10	-10.0	-2.5
319.5	1.7061e-05	5.6789e-10	-10.0	-2.5
320.0	1.7063e-05	5.6741e-10	-10.0	-2.5
320.5	1.7062e-05	5.6626e-10	-10.0	-2.5
321.0	1.7064e-05	5.6715e-10	-10.0	-2.5
321.5	1.7061e-05	5.6745e-10	-10.0	-2.5
322.0	1.7064e-05	5.6555e-10	-10.0	-2.5
322.5	1.7063e-05	5.664e-10	-10.0	-2.5
323.0	1.7064e-05	5.6454e-10	-10.0	-2.5
323.5	1.7064e-05	5.6568e-10	-10.0	-2.5
324.0	1.7065e-05	5.634e-10	-10.0	-2.5
324.5	1.7065e-05	5.6376e-10	-10.0	-2.5
325.0	1.7066e-05	5.674e-10	-10.0	-2.5
325.5	1.7068e-05	5.6552e-10	-10.0	-2.5
326.0	1.7069e-05	5.6529e-10	-10.0	-2.5
326.5	1.7069e-05	5.6719e-10	-10.0	-2.5
327.0	1.707e-05	5.6509e-10	-10.0	-2.5
327.5	1.7071e-05	5.6691e-10	-10.0	-2.5
328.0	1.7074e-05	5.6571e-10	-10.0	-2.5
328.5	1.7074e-05	5.6517e-10	-10.0	-2.5
329.0	1.7073e-05	5.6541e-10	-10.0	-2.5
329.5	1.7074e-05	5.655e-10	-10.0	-2.5
330.0	1.7073e-05	5.6678e-10	-10.0	-2.5
330.5	1.7071e-05	5.6501e-10	-10.0	-2.5
331.0	1.7072e-05	5.6648e-10	-10.0	-2.5
331.5	1.7074e-05	5.659e-10	-10.0	-2.5
332.0	1.7074e-05	5.6552e-10	-10.0	-2.5
332.5	1.7074e-05	5.6744e-10	-10.0	-2.5
333.0	1.7074e-05	5.6672e-10	-10.0	-2.5
333.5	1.7077e-05	5.6724e-10	-10.0	-2.5
334.0	1.7077e-05	5.6535e-10	-10.0	-2.5
334.5	1.708e-05	5.6749e-10	-10.0	-2.5
335.0	1.7079e-05	5.6788e-10	-10.0	-2.5
335.5	1.708e-05	5.6717e-10	-10.0	-2.5
336.0	1.7076e-05	5.6692e-10	-10.0	-2.5
336.5	1.708e-05	5.664e-10	-10.0	-2.5
337.0	1.7082e-05	5.6681e-10	-10.0	-2.5
337.5	1.7081e-05	5.6748e-10	-10.0	-2.5
338.0	1.7083e-05	5.6887e-10	-10.0	-2.5
338.5	1.7084e-05	5.6691e-10	-10.0	-2.5
339.0	1.7083e-05	5.6889e-10	-10.0	-2.5
339.5	1.7082e-05	5.6803e-10	-10.0	-2.5
340.0	1.7082e-05	5.677e-10	-10.0	-2.5
340.5	1.7082e-05	5.6652e-10	-10.0	-2.5
341.0	1.7085e-05	5.6778e-10	-10.0	-2.5
341.5	1.7088e-05	5.6914e-10	-10.0	-2.5
342.0	1.7088e-05	5.6842e-10	-10.0	-2.5
342.5	1.7088e-05	5.6918e-10	-10.0	-2.5
343.0	1.7088e-05	5.6932e-10	-10.0	-2.5
343.5	1.7087e-05	5.6937e-10	-10.0	-2.5
344.0	1.7086e-05	5.6925e-10	-10.0	-2.5
344.5	1.7088e-05	5.6714e-10	-10.0	-2.5
345.0	1.7089e-05	5.6933e-10	-10.0	-2.5
345.5	1.7088e-05	5.6962e-10	-10.0	-2.5
346.0	1.7086e-05	5.7056e-10	-10.0	-2.5
346.5	1.709e-05	5.7046e-10	-10.0	-2.5
347.0	1.709e-05	5.7142e-10	-10.0	-2.5
347.5	1.7091e-05	5.7002e-10	-10.0	-2.5
348.0	1.7091e-05	5.6994e-10	-10.0	-2.5
348.5	1.7093e-05	5.7189e-10	-10.0	-2.5
349.0	1.7093e-05	5.7037e-10	-10.0	-2.5
349.5	1.7092e-05	5.7302e-10	-10.0	-2.5
350.0	1.7096e-05	5.7246e-10	-10.0	-2.5
350.5	1.7095e-05	5.7183e-10	-10.0	-2.5
351.0	1.7095e-05	5.7193e-10	-10.0	-2.5
351.5	1.7098e-05	5.7264e-10	-10.0	-2.5
352.0	1.7095e-05	5.729e-10	-10.0	-2.5
352.5	1.7099e-05	5.7205e-10	-10.0	-2.5
353.0	1.7096e-05	5.7277e-10	-10.0	-2.5
353.5	1.7095e-05	5.7477e-10	-10.0	-2.5
354.0	1.7097e-05	5.7477e-10	-10.0	-2.5
354.5	1.7099e-05	5.7281e-10	-10.0	-2.5
355.0	1.71e-05	5.7257e-10	-10.0	-2.5
355.5	1.7101e-05	5.7501e-10	-10.0	-2.5
356.0	1.71e-05	5.7446e-10	-10.0	-2.5
356.5	1.7101e-05	5.7496e-10	-10.0	-2.5
357.0	1.7099e-05	5.7463e-10	-10.0	-2.5
357.5	1.7103e-05	5.7449e-10	-10.0	-2.5
358.0	1.7107e-05	5.7518e-10	-10.0	-2.5
358.5	1.7106e-05	5.7515e-10	-10.0	-2.5
359.0	1.7109e-05	4.7512e-10	-10.0	-2.5
359.5	1.7107e-05	4.725e-10	-10.0	-2.5
360.0	1.7111e-05	4.7171e-10	-10.0	-2.5
360.5	1.7113e-05	4.7359e-10	-10.0	-2.5
361.0	1.7113e-05	4.7485e-10	-10.0	-2.5
361.5	1.7116e-05	4.7589e-10	-10.0	-2.5
362.0	1.7117e-05	4.7898e-10	-10.0	-2.5
362.5	1.7121e-05	4.7904e-10	-10.0	-2.5
363.0	1.7121e-05	4.8113e-10	-10.0	-2.5
363.5	1.7121e-05	4.8225e-10	-10.0	-2.5
364.0	1.7122e-05	4.8217e-10	-10.0	-2.5
364.5	1.7125e-05	4.8598e-10	-10.0	-2.5
365.0	1.7127e-05	4.8605e-10	-10.0	-2.5
365.5	1.7127e-05	4.8759e-10	-10.0	-2.5
366.0	1.7126e-05	4.894e-10	-10.0	-2.5
366.5	1.7128e-05	4.9152e-10	-10.0	-2.5
367.0	1.713e-05	4.9227e-10	-10.0	-2.5
367.5	1.7132e-05	4.9174e-10	-10.0	-2.5
368.0	1.7133e-05	4.9275e-10	-10.0	-2.5
368.5	1.7131e-05	4.9455e-10	-10.0	-2.5
369.0	1.7131e-05	4.9589e-10	-10.0	-2.5
369.5	1.7137e-05	4.9493e-10	-10.0	-2.5
370.0	1.7136e-05	4.9521e-10	-10.0	-2.5
370.5	1.7137e-05	4.9633e-10	-10.0	-2.5
371.0	1.7137e-05	4.9446e-10	-10.0	-2.5
371.5	1.7136e-05	4.9846e-10	-10.0	-2.5
372.0	1.7137e-05	4.9802e-10	-10.0	-2.5
372.5	1.7136e-05	4.996e-10	-10.0	-2.5
373.0	1.7136e-05	4.9934e-10	-10.0	-2.5
373.5	1.7138e-05	5.0009e-10	-10.0	-2.5
374.0	1.7141e-05	4.997e-10	-10.0	-2.5
374.5	1.7144e-05	4.9946e-10	-10.0	-2.5
375.0	1.7144e-05	5.0193e-10	-10.0	-2.5
375.5	1.7142e-05	5.0088e-10	-10.0	-2.5
376.0	1.7145e-05	5.0142e-10	-10.0	-2.5
376.5	1.7143e-05	5.0206e-10	-10.0	-2.5
377.0	1.7141e-05	5.0288e-10	-10.0	-2.5
377.5	1.7142e-05	5.0133e-10	-10.0	-2.5
378.0	1.714e-05	5.0363e-10	-10.0	-2.5
378.5	1.7137e-05	5.043e-10	-10.0	-2.5
379.0	1.7141e-05	5.0357e-10	-10.0	-2.5
379.5	1.7136e-05	5.0441e-10	-10.0	-2.5
380.0	1.7139e-05	5.0342e-10	-10.0	-2.5
380.5	1.714e-05	5.0704e-10	-10.0	-2.5
381.0	1.7139e-05	5.0473e-10	-10.0	-2.5
381.5	1.7136e-05	5.0467e-10	-10.0	-2.5
382.0	1.7134e-05	5.0599e-10	-10.0	-2.5
382.5	1.7134e-05	5.0518e-10	-10.0	-2.5
383.0	1.7135e-05	5.0687e-10	-10.0	-2.5
383.5	1.7134e-05	5.0477e-10	-10.0	-2.5
384.0	1.7135e-05	5.0539e-10	-10.0	-2.5
384.5	1.7133e-05	5.0619e-10	-10.0	-2.5
385.0	1.7134e-05	5.0714e-10	-10.0	-2.5
385.5	1.7135e-05	5.0654e-10	-10.0	-2.5
386.0	1.7134e-05	5.0552e-10	-10.0	-2.5
386.5	1.7131e-05	5.0746e-10	-10.0	-2.5
387.0	1.7129e-05	5.0624e-10	-10.0	-2.5
387.5	1.7129e-05	5.0667e-10	-10.0	-2.5
388.0	1.7131e-05	5.0665e-10	-10.0	-2.5
388.5	1.7129e-05	5.0699e-10	-10.0	-2.5
389.0	1.7128e-05	5.0597e-10	-10.0	-2.5
389.5	1.7128e-05	5.0729e-10	-10.0	-2.5
390.0	1.7124e-05	5.0632e-10	-10.0	-2.5
390.5	1.7124e-05	5.0747e-10	-10.0	-2.5
391.0	1.7125e-05	5.0695e-10	-10.0	-2.5
391.5	1.7122e-05	5.072e-10	-10.0	-2.5
392.0	1.7117e-05	5.0685e-10	-10.0	-2.5
392.5	1.7117e-05	5.0755e-10	-10.0	-2.5
393.0	1.7117e-05	5.08e-10	-10.0	-2.5
393.5	1.7117e-05	5.0777e-10	-10.0	-2.5
394.0	1.7114e-05	5.063e-10	-10.0	-2.5
394.5	1.7114e-05	5.0814e-10	-10.0	-2.5
395.0	1.7113e-05	5.0685e-10	-10.0	-2.5
395.5	1.7113e-05	5.0841e-10	-10.0	-2.5
396.0	1.7112e-05	5.0735e-10	-10.0	-2.5
396.5	1.711e-05	5.0571e-10	-10.0	-2.5
397.0	1.7109e-05	5.0772e-10	-10.0	-2.5
397.5	1.7106e-05	5.0601e-10	-10.0	-2.5
398.0	1.7108e-05	5.0597e-10	-10.0	-2.5
398.5	1.711e-05	5.0807e-10	-10.0	-2.5
399.0	1.7108e-05	5.0651e-10	-10.0	-2.5
399.5	1.7106e-05	5.0674e-10	-10.0	-2.5
400.0	1.7103e-05	5.0667e-10	-10.0	-2.5
400.5	1.7103e-05	5.0534e-10	-10.0	-2.5
401.0	1.7104e-05	5.0675e-10	-10.0	-2.5
401.5	1.71e-05	5.0673e-10	-10.0	-2.5
402.0	1.7101e-05	5.073e-10	-10.0	-2.5
402.5	1.7103e-05	5.0749e-10	-10.0	-2.5
403.0	1.7098e-05	5.0625e-10	-10.0	-2.5
403.5	1.7098e-05	5.0742e-10	-10.0	-2.5
404.0	1.7097e-05	5.0527e-10	-10.0	-2.5
404.5	1.7095e-05	5.0568e-10	-10.0	-2.5
405.0	1.7097e-05	5.0604e-10	-10.0	-2.5
405.5	1.7096e-05	5.0619e-10	-10.0	-2.5
406.0	1.7093e-05	5.0569e-10	-10.0	-2.5
406.5	1.7094e-05	5.0607e-10	-10.0	-2.5
407.0	1.7091e-05	5.0355e-10	-10.0	-2.5
407.5	1.7091e-05	5.0486e-10	-10.0	-2.5
408.0	1.7092e-05	5.0352e-10	-10.0	-2.5
408.5	1.7093e-05	5.0435e-10	-10.0	-2.5
409.0	1.7092e-05	5.0201e-10	-10.0	-2.5
409.5	1.709e-05	5.0417e-10	-10.0	-2.5
410.0	1.709e-05	5.0335e-10	-10.0	-2.5
410.5	1.709e-05	5.0271e-10	-10.0	-2.5
411.0	1.709e-05	5.0385e-10	-10.0	-2.5
411.5	1.7085e-05	5.0291e-10	-10.0	-2.5
412.0	1.7088e-05	5.0286e-10	-10.0	-2.5
412.5	1.7087e-05	5.0347e-10	-10.0	-2.5
413.0	1.7085e-05	5.0233e-10	-10.0	-2.5
413.5	1.7084e-05	5.0267e-10	-10.0	-2.5
414.0	1.7083e-05	5.0133e-10	-10.0	-2.5
414.5	1.7081e-05	5.0157e-10	-10.0	-2.5
415.0	1.708e-05	5.0267e-10	-10.0	-2.5
415.5	1.7081e-05	5.0152e-10	-10.0	-2.5
416.0	1.7081e-05	5.0078e-10	-10.0	-2.5
416.5	1.7078e-05	5.0034e-10	-10.0	-2.5
417.0	1.7079e-05	5.0106e-10	-10.0	-2.5
417.5	1.7077e-05	5.0082e-10	-10.0	-2.5
418.0	1.7074e-05	5.0066e-10	-10.0	-2.5
418.5	1.707e-05	5.008e-10	-10.0	-2.5
419.0	1.7067e-05	5.9132e-10	-10.0	-2.5
419.5	1.7066e-05	5.9666e-10	-10.0	-2.5
420.0	1.7066e-05	5.9784e-10	-10.0	-2.5
420.5	1.7068e-05	5.9765e-10	-10.0	-2.5
421.0	1.7065e-05	5.9511e-10	-10.0	-2.5
421.5	1.7065e-05	5.9447e-10	-10.0	-2.5
422.0	1.7063e-05	5.9312e-10	-10.0	-2.5
422.5	1.7061e-05	5.9361e-10	-10.0	-2.5
423.0	1.7063e-05	5.9057e-10	-10.0	-2.5
423.5	1.7063e-05	5.9098e-10	-10.0	-2.5
424.0	1.7061e-05	5.8898e-10	-10.0	-2.5
424.5	1.7063e-05	5.8999e-10	-10.0	-2.5
425.0	1.7063e-05	5.876e-10	-10.0	-2.5
425.5	1.7063e-05	5.8849e-10	-10.0	-2.5
426.0	1.7063e-05	5.8723e-10	-10.0	-2.5
426.5	1.7061e-05	5.8673e-10	-10.0	-2.5
427.0	1.7064e-05	5.8562e-10	-10.0	-2.5
427.5	1.7061e-05	5.8387e-10	-10.0	-2.5
428.0	1.7064e-05	5.8367e-10	-10.0	-2.5
428.5	1.706e-05	5.8417e-10	-10.0	-2.5
429.0	1.7062e-05	5.8163e-10	-10.0	-2.5
429.5	1.706e-05	5.8364e-10	-10.0	-2.5
430.0	1.7058e-05	5.813e-10	-10.0	-2.5
430.5	1.7058e-05	5.8054e-10	-10.0	-2.5
431.0	1.7061e-05	5.8042e-10	-10.0	-2.5
431.5	1.7058e-05	5.8059e-10	-10.0	-2.5
432.0	1.7055e-05	5.8018e-10	-10.0	-2.5
432.5	1.7055e-05	5.7942e-10	-10.0	-2.5
433.0	1.7055e-05	5.8026e-10	-10.0	-2.5
433.5	1.7056e-05	5.7936e-10	-10.0	-2.5
434.0	1.7054e-05	5.7711e-10	-10.0	-2.5
434.5	1.7054e-05	5.7802e-10	-10.0	-2.5
435.0	1.7056e-05	5.7624e-10	-10.0	-2.5
435.5	1.7056e-05	5.7661e-10	-10.0	-2.5
436.0	1.7055e-05	5.7617e-10	-10.0	-2.5
436.5	1.7056e-05	5.7498e-10	-10.0	-2.5
437.0	1.7055e-05	5.7612e-10	-10.0	-2.5
437.5	1.7057e-05	5.752e-10	-10.0	-2.5
438.0	1.7053e-05	5.7526e-10	-10.0	-2.5
438.5	1.7054e-05	5.7625e-10	-10.0	-2.5
439.0	1.7054e-05	5.7459e-10	-10.0	-2.5
439.5	1.7052e-05	5.7563e-10	-10.0	-2.5
440.0	1.7051e-05	5.7588e-10	-10.0	-2.5
440.5	1.7047e-05	5.7518e-10	-10.0	-2.5
441.0	1.705e-05	5.7412e-10	-10.0	-2.5
441.5	1.7052e-05	5.7452e-10	-10.0	-2.5
442.0	1.7051e-05	5.7547e-10	-10.0	-2.5
442.5	1.705e-05	5.7495e-10	-10.0	-2.5
443.0	1.7053e-05	5.7429e-10	-10.0	-2.5
443.5	1.7052e-05	5.7468e-10	-10.0	-2.5
444.0	1.7054e-05	5.752e-10	-10.0	-2.5
444.5	1.7052e-05	5.7406e-10	-10.0	-2.5
445.0	1.7054e-05	5.7378e-10	-10.0	-2.5
445.5	1.7054e-05	5.7536e-10	-10.0	-2.5
446.0	1.7055e-05	5.7522e-10	-10.0	-2.5
446.5	1.7058e-05	5.7379e-10	-10.0	-2.5
447.0	1.7057e-05	5.7528e-10	-10.0	-2.5
447.5	1.7055e-05	5.7377e-10	-10.0	-2.5
448.0	1.7056e-05	5.7324e-10	-10.0	-2.5
448.5	1.7055e-05	5.7545e-10	-10.0	-2.5
449.0	1.7056e-05	5.7377e-10	-10.0	-2.5
449.5	1.7059e-05	5.7469e-10	-10.0	-2.5
450.0	1.706e-05	5.7294e-10	-10.0	-2.5
450.5	1.7056e-05	5.7348e-10	-10.0	-2.5
451.0	1.7059e-05	5.7381e-10	-10.0	-2.5
451.5	1.706e-05	5.7469e-10	-10.0	-2.5
452.0	1.7062e-05	5.749e-10	-10.0	-2.5
452.5	1.706e-05	5.7294e-10	-10.0	-2.5
453.0	1.7061e-05	5.7275e-10	-10.0	-2.5
453.5	1.7061e-05	5.7257e-10	-10.0	-2.5
454.0	1.7062e-05	5.748e-10	-10.0	-2.5
454.5	1.7063e-05	5.7555e-10	-10.0	-2.5
455.0	1.7064e-05	5.7328e-10	-10.0	-2.5
455.5	1.7066e-05	5.7383e-10	-10.0	-2.5
456.0	1.7066e-05	5.7277e-10	-10.0	-2.5
456.5	1.7065e-05	5.7394e-10	-10.0	-2.5
457.0	1.7068e-05	5.7372e-10	-10.0	-2.5
457.5	1.7068e-05	5.7463e-10	-10.0	-2.5
458.0	1.7072e-05	5.7637e-10	-10.0	-2.5
458.5	1.7072e-05	5.7346e-10	-10.0	-2.5
459.0	1.7072e-05	5.7424e-10	-10.0	-2.5
459.5	1.7073e-05	5.7375e-10	-10.0	-2.5
460.0	1.7073e-05	5.7576e-10	-10.0	-2.5
460.5	1.7074e-05	5.7413e-10	-10.0	-2.5
461.0	1.7075e-05	5.7604e-10	-10.0	-2.5
461.5	1.7074e-05	5.7381e-10	-10.0	-2.5
462.0	1.7074e-05	5.751e-10	-10.0	-2.5
462.5	1.7073e-05	5.7559e-10	-10.0	-2.5
463.0	1.7072e-05	5.7528e-10	-10.0	-2.5
463.5	1.7076e-05	5.7535e-10	-10.0	-2.5
464.0	1.7077e-05	5.7648e-10	-10.0	-2.5
464.5	1.7074e-05	5.7658e-10	-10.0	-2.5
465.0	1.7078e-05	5.7441e-10	-10.0	-2.5
465.5	1.708e-05	5.7684e-10	-10.0	-2.5
466.0	1.7078e-05	5.7749e-10	-10.0	-2.5
466.5	1.7078e-05	5.7654e-10	-10.0	-2.5
467.0	1.7079e-05	5.7653e-10	-10.0	-2.5
467.5	1.7084e-05	5.7582e-10	-10.0	-2.5
468.0	1.7081e-05	5.7642e-10	-10.0	-2.5
468.5	1.708e-05	5.7689e-10	-10.0	-2.5
469.0	1.7078e-05	5.7844e-10	-10.0	-2.5
469.5	1.7081e-05	5.781e-10	-10.0	-2.5
470.0	1.708e-05	5.7815e-10	-10.0	-2.5
470.5	1.708e-05	5.7741e-10	-10.0	-2.5
471.0	1.7081e-05	5.7799e-10	-10.0	-2.5
471.5	1.7082e-05	5.7951e-10	-10.0	-2.5
472.0	1.7083e-05	5.7899e-10	-10.0	-2.5
472.5	1.7083e-05	5.7825e-10	-10.0	-2.5
473.0	1.7086e-05	5.7909e-10	-10.0	-2.5
473.5	1.7084e-05	5.7941e-10	-10.0	-2.5
474.0	1.7084e-05	5.7924e-10	-10.0	-2.5
474.5	1.7083e-05	5.7934e-10	-10.0	-2.5
475.0	1.7084e-05	5.7995e-10	-10.0	-2.5
475.5	1.7086e-05	5.8012e-10	-10.0	-2.5
476.0	1.7085e-05	5.8138e-10	-10.0	-2.5
476.5	1.7086e-05	5.806e-10	-10.0	-2.5
477.0	1.709e-05	5.8254e-10	-10.0	-2.5
477.5	1.7091e-05	5.8123e-10	-10.0	-2.5
478.0	1.709e-05	5.8152e-10	-10.0	-2.5
478.5	1.7091e-05	5.8154e-10	-10.0	-2.5
479.0	1.7094e-05	4.8006e-10	-10.0	-2.5
479.5	1.7098e-05	4.7751e-10	-10.0	-2.5
480.0	1.7098e-05	4.7874e-10	-10.0	-2.5
480.5	1.7095e-05	4.7948e-10	-10.0	-2.5
481.0	1.7096e-05	4.8074e-10	-10.0	-2.5
481.5	1.7099e-05	4.8186e-10	-10.0	-2.5
482.0	1.7101e-05	4.8374e-10	-10.0	-2.5
482.5	1.7105e-05	4.8477e-10	-10.0	-2.5
483.0	1.7106e-05	4.8535e-10	-10.0	-2.5
483.5	1.7111e-05	4.8958e-10	-10.0	-2.5
484.0	1.711e-05	4.8913e-10	-10.0	-2.5
484.5	1.7111e-05	4.9074e-10	-10.0	-2.5
485.0	1.711e-05	4.9147e-10	-10.0	-2.5
485.5	1.7111e-05	4.9331e-10	-10.0	-2.5
486.0	1.7109e-05	4.9419e-10	-10.0	-2.5
486.5	1.7114e-05	4.9618e-10	-10.0	-2.5
487.0	1.7114e-05	4.9624e-10	-10.0	-2.5
487.5	1.7117e-05	4.9719e-10	-10.0	-2.5
488.0	1.7115e-05	4.9902e-10	-10.0	-2.5
488.5	1.7116e-05	4.9944e-10	-10.0	-2.5
489.0	1.7119e-05	5.0212e-10	-10.0	-2.5
489.5	1.7121e-05	5.01e-10	-10.0	-2.5
490.0	1.7122e-05	5.0246e-10	-10.0	-2.5
490.5	1.7124e-05	5.0218e-10	-10.0	-2.5
491.0	1.7123e-05	5.03e-10	-10.0	-2.5
491.5	1.7122e-05	5.0452e-10	-10.0	-2.5
492.0	1.7125e-05	5.0458e-10	-10.0	-2.5
492.5	1.7124e-05	5.0487e-10	-10.0	-2.5
493.0	1.7124e-05	5.0545e-10	-10.0	-2.5
493.5	1.7124e-05	5.0546e-10	-10.0	-2.5
494.0	1.7123e-05	5.0738e-10	-10.0	-2.5
494.5	1.7125e-05	5.0572e-10	-10.0	-2.5
495.0	1.7127e-05	5.0724e-10	-10.0	-2.5
495.5	1.7126e-05	5.0773e-10	-10.0	-2.5
496.0	1.7128e-05	5.0772e-10	-10.0	-2.5
496.5	1.7123e-05	5.0886e-10	-10.0	-2.5
497.0	1.7122e-05	5.0774e-10	-10.0	-2.5
497.5	1.7122e-05	5.0788e-10	-10.0	-2.5
498.0	1.7123e-05	5.0914e-10	-10.0	-2.5
498.5	1.712e-05	5.1009e-10	-10.0	-2.5
499.0	1.7119e-05	5.1121e-10	-10.0	-2.5
499.5	1.7123e-05	5.1201e-10	-10.0	-2.5
500.0	1.7121e-05	5.1064e-10	-10.0	-2.5
500.5	1.7117e-05	5.1106e-10	-10.0	-2.5
501.0	1.7116e-05	5.1211e-10	-10.0	-2.5
501.5	1.7116e-05	5.104e-10	-10.0	-2.5
502.0	1.7117e-05	5.0982e-10	-10.0	-2.5
502.5	1.7115e-05	5.1096e-10	-10.0	-2.5
503.0	1.7114e-05	5.1197e-10	-10.0	-2.5
503.5	1.7112e-05	5.1114e-10	-10.0	-2.5
504.0	1.7114e-05	5.1094e-10	-10.0	-2.5
504.5	1.7112e-05	5.1042e-10	-10.0	-2.5
505.0	1.7111e-05	5.1264e-10	-10.0	-2.5
505.5	1.7112e-05	5.1304e-10	-10.0	-2.5
506.0	1.7115e-05	5.1099e-10	-10.0	-2.5
506.5	1.7113e-05	5.1203e-10	-10.0	-2.5
507.0	1.7116e-05	5.1314e-10	-10.0	-2.5
507.5	1.7113e-05	5.1229e-10	-10.0	-2.5
508.0	1.7116e-05	5.1284e-10	-10.0	-2.5
508.5	1.7116e-05	5.1155e-10	-10.0	-2.5
509.0	1.7117e-05	5.1253e-10	-10.0	-2.5
509.5	1.7115e-05	5.1107e-10	-10.0	-2.5
510.0	1.7111e-05	5.1248e-10	-10.0	-2.5
510.5	1.7112e-05	5.1258e-10	-10.0	-2.5
511.0	1.7111e-05	5.1185e-10	-10.0	-2.5
511.5	1.7109e-05	5.1145e-10	-10.0	-2.5
512.0	1.7108e-05	5.1068e-10	-10.0	-2.5
512.5	1.7105e-05	5.1234e-10	-10.0	-2.5
513.0	1.7104e-05	5.1037e-10	-10.0	-2.5
513.5	1.7107e-05	5.1158e-10	-10.0	-2.5
514.0	1.7103e-05	5.112e-10	-10.0	-2.5
514.5	1.7102e-05	5.1198e-10	-10.0	-2.5
515.0	1.7101e-05	5.1135e-10	-10.0	-2.5
515.5	1.7099e-05	5.0913e-10	-10.0	-2.5
516.0	1.7098e-05	5.1056e-10	-10.0	-2.5
516.5	1.7099e-05	5.1108e-10	-10.0	-2.5
517.0	1.7099e-05	5.1096e-10	-10.0	-2.5
517.5	1.7098e-05	5.1043e-10	-10.0	-2.5
518.0	1.7095e-05	5.0897e-10	-10.0	-2.5
518.5	1.7096e-05	5.1025e-10	-10.0	-2.5
519.0	1.7094e-05	5.094e-10	-10.0	-2.5
519.5	1.7091e-05	5.092e-10	-10.0	-2.5
520.0	1.7088e-05	5.0923e-10	-10.0	-2.5
520.5	1.7087e-05	5.0833e-10	-10.0	-2.5
521.0	1.709e-05	5.0973e-10	-10.0	-2.5
521.5	1.7085e-05	5.0988e-10	-10.0	-2.5
522.0	1.7083e-05	5.116e-10	-10.0	-2.5
522.5	1.7086e-05	5.0943e-10	-10.0	-2.5
523.0	1.7088e-05	5.1034e-10	-10.0	-2.5
523.5	1.7086e-05	5.095e-10	-10.0	-2.5
524.0	1.7083e-05	5.069e-10	-10.0	-2.5
524.5	1.7081e-05	5.0979e-10	-10.0	-2.5
525.0	1.7083e-05	5.0854e-10	-10.0	-2.5
525.5	1.7081e-05	5.0871e-10	-10.0	-2.5
526.0	1.7079e-05	5.1048e-10	-10.0	-2.5
526.5	1.7075e-05	5.0794e-10	-10.0	-2.5
527.0	1.7074e-05	5.0937e-10	-10.0	-2.5
527.5	1.7072e-05	5.0955e-10	-10.0	-2.5
528.0	1.7073e-05	5.0951e-10	-10.0	-2.5
528.5	1.707e-05	5.0955e-10	-10.0	-2.5
529.0	1.7066e-05	5.0798e-10	-10.0	-2.5
529.5	1.7066e-05	5.096e-10	-10.0	-2.5
530.0	1.7064e-05	5.0847e-10	-10.0	-2.5
530.5	1.7064e-05	5.0907e-10	-10.0	-2.5
531.0	1.7062e-05	5.0839e-10	-10.0	-2.5
531.5	1.7063e-05	5.0936e-10	-10.0	-2.5
532.0	1.7064e-05	5.0766e-10	-10.0	-2.5
532.5	1.7064e-05	5.081e-10	-10.0	-2.5
533.0	1.7063e-05	5.0733e-10	-10.0	-2.5
533.5	1.7062e-05	5.0784e-10	-10.0	-2.5
534.0	1.706e-05	5.0876e-10	-10.0	-2.5
534.5	1.706e-05	5.0666e-10	-10.0	-2.5
535.0	1.7058e-05	5.0779e-10	-10.0	-2.5
535.5	1.7058e-05	5.0711e-10	-10.0	-2.5
536.0	1.7056e-05	5.0732e-10	-10.0	-2.5
536.5	1.7054e-05	5.057e-10	-10.0	-2.5
537.0	1.7052e-05	5.0584e-10	-10.0	-2.5
537.5	1.7052e-05	5.0644e-10	-10.0	-2.5
538.0	1.7051e-05	5.076e-10	-10.0	-2.5
538.5	1.7048e-05	5.0491e-10	-10.0	-2.5
539.0	1.7048e-05	5.9565e-10	-10.0	-2.5
539.5	1.7044e-05	6.0041e-10	-10.0	-2.5
540.0	1.7044e-05	6.0382e-10	-10.0	-2.5
540.5	1.7043e-05	6.0057e-10	-10.0	-2.5
541.0	1.7041e-05	6.0086e-10	-10.0	-2.5
541.5	1.7039e-05	5.9922e-10	-10.0	-2.5
542.0	1.7041e-05	5.9837e-10	-10.0	-2.5
542.5	1.7043e-05	5.9736e-10	-10.0	-2.5
543.0	1.7041e-05	5.9503e-10	-10.0	-2.5
543.5	1.7037e-05	5.9473e-10	-10.0	-2.5
544.0	1.7037e-05	5.9365e-10	-10.0	-2.5
544.5	1.7034e-05	5.9417e-10	-10.0	-2.5
545.0	1.7036e-05	5.9212e-10	-10.0	-2.5
545.5	1.7036e-05	5.9233e-10	-10.0	-2.5
546.0	1.7032e-05	5.9312e-10	-10.0	-2.5
546.5	1.7032e-05	5.9017e-10	-10.0	-2.5
547.0	1.7029e-05	5.893e-10	-10.0	-2.5
547.5	1.7031e-05	5.882e-10	-10.0	-2.5
548.0	1.7029e-05	5.8933e-10	-10.0	-2.5
548.5	1.703e-05	5.8574e-10	-10.0	-2.5
549.0	1.703e-05	5.8681e-10	-10.0	-2.5
549.5	1.7028e-05	5.8525e-10	-10.0	-2.5
550.0	1.7028e-05	5.8474e-10	-10.0	-2.5
550.5	1.7025e-05	5.8646e-10	-10.0	-2.5
551.0	1.7026e-05	5.8506e-10	-10.0	-2.5
551.5	1.7026e-05	5.8518e-10	-10.0	-2.5
552.0	1.7024e-05	5.8271e-10	-10.0	-2.5
552.5	1.7027e-05	5.8413e-10	-10.0	-2.5
553.0	1.7025e-05	5.8396e-10	-10.0	-2.5
553.5	1.7026e-05	5.8133e-10	-10.0	-2.5
554.0	1.702e-05	5.8125e-10	-10.0	-2.5
554.5	1.7025e-05	5.8269e-10	-10.0	-2.5
555.0	1.7025e-05	5.8191e-10	-10.0	-2.5
555.5	1.7025e-05	5.8178e-10	-10.0	-2.5
556.0	1.7025e-05	5.8099e-10	-10.0	-2.5
556.5	1.7028e-05	5.8129e-10	-10.0	-2.5
557.0	1.7025e-05	5.804e-10	-10.0	-2.5
557.5	1.7026e-05	5.8012e-10	-10.0	-2.5
558.0	1.7025e-05	5.8086e-10	-10.0	-2.5
558.5	1.7027e-05	5.7701e-10	-10.0	-2.5
559.0	1.7028e-05	5.7857e-10	-10.0	-2.5
559.5	1.7032e-05	5.7846e-10	-10.0	-2.5
560.0	1.7027e-05	5.7876e-10	-10.0	-2.5
560.5	1.7029e-05	5.8012e-10	-10.0	-2.5
561.0	1.7026e-05	5.7954e-10	-10.0	-2.5
561.5	1.7026e-05	5.7979e-10	-10.0	-2.5
562.0	1.7027e-05	5.7875e-10	-10.0	-2.5
562.5	1.7028e-05	5.7733e-10	-10.0	-2.5
563.0	1.7028e-05	5.7838e-10	-10.0	-2.5
563.5	1.7027e-05	5.7779e-10	-10.0	-2.5
564.0	1.7028e-05	5.7918e-10	-10.0	-2.5
564.5	1.7028e-05	5.7888e-10	-10.0	-2.5
565.0	1.7026e-05	5.7967e-10	-10.0	-2.5
565.5	1.7026e-05	5.7961e-10	-10.0	-2.5
566.0	1.7029e-05	5.7953e-10	-10.0	-2.5
566.5	1.703e-05	5.7954e-10	-10.0	-2.5
567.0	1.703e-05	5.7861e-10	-10.0	-2.5
567.5	1.7032e-05	5.7717e-10	-10.0	-2.5
568.0	1.7032e-05	5.7844e-10	-10.0	-2.5
568.5	1.7035e-05	5.7637e-10	-10.0	-2.5
569.0	1.7035e-05	5.7844e-10	-10.0	-2.5
569.5	1.7035e-05	5.7647e-10	-10.0	-2.5
570.0	1.7034e-05	5.7774e-10	-10.0	-2.5
570.5	1.7035e-05	5.7679e-10	-10.0	-2.5
571.0	1.7035e-05	5.7742e-10	-10.0	-2.5
571.5	1.7037e-05	5.7705e-10	-10.0	-2.5
572.0	1.7033e-05	5.7797e-10	-10.0	-2.5
572.5	1.7033e-05	5.7714e-10	-10.0	-2.5
573.0	1.7035e-05	5.7766e-10	-10.0	-2.5
573.5	1.7035e-05	5.7594e-10	-10.0	-2.5
574.0	1.7038e-05	5.7573e-10	-10.0	-2.5
574.5	1.7038e-05	5.7711e-10	-10.0	-2.5
575.0	1.7038e-05	5.7745e-10	-10.0	-2.5
575.5	1.7035e-05	5.8065e-10	-10.0	-2.5
576.0	1.7039e-05	5.788e-10	-10.0	-2.5
576.5	1.7039e-05	5.7743e-10	-10.0	-2.5
577.0	1.704e-05	5.77e-10	-10.0	-2.5
577.5	1.704e-05	5.7751e-10	-10.0	-2.5
578.0	1.7039e-05	5.7929e-10	-10.0	-2.5
578.5	1.7037e-05	5.79e-10	-10.0	-2.5
579.0	1.7041e-05	5.7843e-10	-10.0	-2.5
579.5	1.7041e-05	5.7896e-10	-10.0	-2.5
580.0	1.7045e-05	5.7735e-10	-10.0	-2.5
580.5	1.7045e-05	5.7686e-10	-10.0	-2.5
581.0	1.7047e-05	5.7968e-10	-10.0	-2.5
581.5	1.7048e-05	5.7929e-10	-10.0	-2.5
582.0	1.705e-05	5.7992e-10	-10.0	-2.5
582.5	1.7052e-05	5.7945e-10	-10.0	-2.5
583.0	1.7049e-05	5.8129e-10	-10.0	-2.5
583.5	1.7054e-05	5.7918e-10	-10.0	-2.5
584.0	1.7052e-05	5.7948e-10	-10.0	-2.5
584.5	1.7053e-05	5.8014e-10	-10.0	-2.5
585.0	1.7055e-05	5.8089e-10	-10.0	-2.5
585.5	1.7054e-05	5.7976e-10	-10.0	-2.5
586.0	1.7054e-05	5.7998e-10	-10.0	-2.5
586.5	1.7056e-05	5.783e-10	-10.0	-2.5
587.0	1.7054e-05	5.8017e-10	-10.0	-2.5
587.5	1.7054e-05	5.797e-10	-10.0	-2.5
588.0	1.7056e-05	5.8007e-10	-10.0	-2.5
588.5	1.7056e-05	5.7997e-10	-10.0	-2.5
589.0	1.7055e-05	5.8003e-10	-10.0	-2.5
589.5	1.7056e-05	5.8155e-10	-10.0	-2.5
590.0	1.7059e-05	5.8172e-10	-10.0	-2.5
590.5	1.7061e-05	5.803e-10	-10.0	-2.5
591.0	1.7061e-05	5.7946e-10	-10.0	-2.5
591.5	1.7061e-05	5.8197e-10	-10.0	-2.5
592.0	1.7064e-05	5.8167e-10	-10.0	-2.5
592.5	1.7063e-05	5.8034e-10	-10.0	-2.5
593.0	1.7064e-05	5.8212e-10	-10.0	-2.5
593.5	1.7063e-05	5.8029e-10	-10.0	-2.5
594.0	1.7063e-05	5.8113e-10	-10.0	-2.5
594.5	1.7064e-05	5.8175e-10	-10.0	-2.5
595.0	1.7068e-05	5.8089e-10	-10.0	-2.5
595.5	1.7071e-05	5.8105e-10	-10.0	-2.5
596.0	1.7075e-05	5.8344e-10	-10.0	-2.5
596.5	1.7072e-05	5.8273e-10	-10.0	-2.5
597.0	1.7072e-05	5.8239e-10	-10.0	-2.5
597.5	1.7069e-05	5.84e-10	-10.0	-2.5
598.0	1.7072e-05	5.8276e-10	-10.0	-2.5
598.5	1.7072e-05	5.8485e-10	-10.0	-2.5
599.0	1.7076e-05	5.8371e-10	-10.0	-2.5
599.5	1.7076e-05	5.839e-10	-10.0	-2.5
600.0	1.7081e-05	5.8328e-10	-10.0	-2.5
600.5	1.7082e-05	5.8529e-10	-10.0	-2.5
601.0	1.7079e-05	5.8463e-10	-10.0	-2.5
601.5	1.7082e-05	5.8369e-10	-10.0	-2.5
602.0	1.7083e-05	5.8521e-10	-10.0	-2.5
