Time (s)	|IDrain (A)|	|IGate (A)	Vdrain(V)	Vgate(V)
0.0	1.6359e-05	1.4094e-09	-10.0	-2.5
1.0	1.637e-05	1.1567e-09	-10.0	-2.5
1.5	1.6374e-05	1.0986e-09	-10.0	-2.5
2.0	1.6377e-05	1.0514e-09	-10.0	-2.5
2.5	1.638e-05	1.0177e-09	-10.0	-2.5
3.0	1.6388e-05	9.8836e-10	-10.0	-2.5
3.5	1.6392e-05	9.6611e-10	-10.0	-2.5
4.0	1.6395e-05	9.4422e-10	-10.0	-2.5
4.5	1.6401e-05	9.2676e-10	-10.0	-2.5
5.0	1.6404e-05	9.1046e-10	-10.0	-2.5
5.5	1.6406e-05	8.9348e-10	-10.0	-2.5
6.0	1.641e-05	8.8248e-10	-10.0	-2.5
6.5	1.6413e-05	8.6969e-10	-10.0	-2.5
7.0	1.6416e-05	8.6013e-10	-10.0	-2.5
7.5	1.6418e-05	8.4923e-10	-10.0	-2.5
8.0	1.642e-05	8.4033e-10	-10.0	-2.5
8.5	1.6425e-05	8.3162e-10	-10.0	-2.5
9.0	1.6428e-05	8.2327e-10	-10.0	-2.5
9.5	1.6429e-05	8.1624e-10	-10.0	-2.5
10.0	1.6436e-05	8.0921e-10	-10.0	-2.5
10.5	1.6438e-05	7.9965e-10	-10.0	-2.5
11.0	1.6442e-05	7.9492e-10	-10.0	-2.5
11.5	1.6446e-05	7.8678e-10	-10.0	-2.5
12.0	1.645e-05	7.8077e-10	-10.0	-2.5
12.5	1.6453e-05	7.7386e-10	-10.0	-2.5
13.0	1.6455e-05	7.7006e-10	-10.0	-2.5
13.5	1.646e-05	7.6363e-10	-10.0	-2.5
14.0	1.6463e-05	7.5988e-10	-10.0	-2.5
14.5	1.6464e-05	7.5366e-10	-10.0	-2.5
15.0	1.6467e-05	7.5009e-10	-10.0	-2.5
15.5	1.6468e-05	7.4387e-10	-10.0	-2.5
16.0	1.647e-05	7.4053e-10	-10.0	-2.5
16.5	1.6475e-05	7.3551e-10	-10.0	-2.5
17.0	1.6473e-05	7.3063e-10	-10.0	-2.5
17.5	1.6476e-05	7.2487e-10	-10.0	-2.5
18.0	1.6479e-05	7.2168e-10	-10.0	-2.5
18.5	1.6481e-05	7.1625e-10	-10.0	-2.5
19.0	1.6487e-05	7.1307e-10	-10.0	-2.5
19.5	1.649e-05	7.1079e-10	-10.0	-2.5
20.0	1.6494e-05	7.0583e-10	-10.0	-2.5
20.5	1.6496e-05	7.0236e-10	-10.0	-2.5
21.0	1.6497e-05	6.977e-10	-10.0	-2.5
21.5	1.6501e-05	6.9509e-10	-10.0	-2.5
22.0	1.6503e-05	6.9233e-10	-10.0	-2.5
22.5	1.6504e-05	6.887e-10	-10.0	-2.5
23.0	1.6508e-05	6.8455e-10	-10.0	-2.5
23.5	1.6511e-05	6.8314e-10	-10.0	-2.5
24.0	1.6513e-05	6.797e-10	-10.0	-2.5
24.5	1.6516e-05	6.7643e-10	-10.0	-2.5
25.0	1.652e-05	6.7337e-10	-10.0	-2.5
25.5	1.6522e-05	6.7235e-10	-10.0	-2.5
26.0	1.6526e-05	6.6832e-10	-10.0	-2.5
26.5	1.6527e-05	6.6642e-10	-10.0	-2.5
27.0	1.6531e-05	6.6185e-10	-10.0	-2.5
27.5	1.6531e-05	6.6133e-10	-10.0	-2.5
28.0	1.6531e-05	6.5929e-10	-10.0	-2.5
28.5	1.6534e-05	6.5735e-10	-10.0	-2.5
29.0	1.6534e-05	6.5576e-10	-10.0	-2.5
29.5	1.6539e-05	6.5221e-10	-10.0	-2.5
30.0	1.6543e-05	6.5074e-10	-10.0	-2.5
30.5	1.6544e-05	6.4939e-10	-10.0	-2.5
31.0	1.6546e-05	6.464e-10	-10.0	-2.5
31.5	1.655e-05	6.4347e-10	-10.0	-2.5
32.0	1.6551e-05	6.4212e-10	-10.0	-2.5
32.5	1.6549e-05	6.4033e-10	-10.0	-2.5
33.0	1.6554e-05	6.3888e-10	-10.0	-2.5
33.5	1.6558e-05	6.3736e-10	-10.0	-2.5
34.0	1.656e-05	6.3631e-10	-10.0	-2.5
34.5	1.6562e-05	6.3527e-10	-10.0	-2.5
35.0	1.6564e-05	6.3102e-10	-10.0	-2.5
35.5	1.6567e-05	6.3121e-10	-10.0	-2.5
36.0	1.6571e-05	6.2834e-10	-10.0	-2.5
36.5	1.6573e-05	6.2925e-10	-10.0	-2.5
37.0	1.6577e-05	6.2766e-10	-10.0	-2.5
37.5	1.6579e-05	6.2572e-10	-10.0	-2.5
38.0	1.6579e-05	6.2463e-10	-10.0	-2.5
38.5	1.6583e-05	6.2328e-10	-10.0	-2.5
39.0	1.6587e-05	6.2239e-10	-10.0	-2.5
39.5	1.659e-05	6.2231e-10	-10.0	-2.5
40.0	1.6592e-05	6.207e-10	-10.0	-2.5
40.5	1.6593e-05	6.1939e-10	-10.0	-2.5
41.0	1.6591e-05	6.1763e-10	-10.0	-2.5
41.5	1.6593e-05	6.1778e-10	-10.0	-2.5
42.0	1.6596e-05	6.1625e-10	-10.0	-2.5
42.5	1.6597e-05	6.168e-10	-10.0	-2.5
43.0	1.66e-05	6.1586e-10	-10.0	-2.5
43.5	1.6602e-05	6.1421e-10	-10.0	-2.5
44.0	1.6605e-05	6.1567e-10	-10.0	-2.5
44.5	1.6608e-05	6.1299e-10	-10.0	-2.5
45.0	1.6613e-05	6.1273e-10	-10.0	-2.5
45.5	1.661e-05	6.1259e-10	-10.0	-2.5
46.0	1.6614e-05	6.1198e-10	-10.0	-2.5
46.5	1.6617e-05	6.0915e-10	-10.0	-2.5
47.0	1.6615e-05	6.0985e-10	-10.0	-2.5
47.5	1.6618e-05	6.0774e-10	-10.0	-2.5
48.0	1.6621e-05	6.0908e-10	-10.0	-2.5
48.5	1.662e-05	6.0731e-10	-10.0	-2.5
49.0	1.6622e-05	6.075e-10	-10.0	-2.5
49.5	1.6625e-05	6.0744e-10	-10.0	-2.5
50.0	1.6626e-05	6.0582e-10	-10.0	-2.5
50.5	1.6624e-05	6.0625e-10	-10.0	-2.5
51.0	1.6629e-05	6.0525e-10	-10.0	-2.5
51.5	1.6631e-05	6.0571e-10	-10.0	-2.5
52.0	1.6636e-05	6.0574e-10	-10.0	-2.5
52.5	1.6639e-05	6.0577e-10	-10.0	-2.5
53.0	1.6637e-05	6.0344e-10	-10.0	-2.5
53.5	1.664e-05	6.0461e-10	-10.0	-2.5
54.0	1.6642e-05	6.0399e-10	-10.0	-2.5
54.5	1.6642e-05	6.0334e-10	-10.0	-2.5
55.0	1.6645e-05	6.043e-10	-10.0	-2.5
55.5	1.6647e-05	6.0424e-10	-10.0	-2.5
56.0	1.6648e-05	6.0502e-10	-10.0	-2.5
56.5	1.6651e-05	6.0278e-10	-10.0	-2.5
57.0	1.6657e-05	6.023e-10	-10.0	-2.5
57.5	1.6659e-05	6.0194e-10	-10.0	-2.5
58.0	1.666e-05	6.0255e-10	-10.0	-2.5
58.5	1.6662e-05	6.0261e-10	-10.0	-2.5
59.0	1.6662e-05	6.0199e-10	-10.0	-2.5
59.5	1.6666e-05	6.0249e-10	-10.0	-2.5
60.0	1.6666e-05	6.0251e-10	-10.0	-2.5
60.5	1.6669e-05	6.0163e-10	-10.0	-2.5
61.0	1.6669e-05	6.0083e-10	-10.0	-2.5
61.5	1.6671e-05	6.0093e-10	-10.0	-2.5
62.0	1.6673e-05	6.0305e-10	-10.0	-2.5
62.5	1.6674e-05	5.9984e-10	-10.0	-2.5
63.0	1.6678e-05	6.0242e-10	-10.0	-2.5
63.5	1.668e-05	5.9991e-10	-10.0	-2.5
64.0	1.668e-05	6.0067e-10	-10.0	-2.5
64.5	1.6682e-05	6.0227e-10	-10.0	-2.5
65.0	1.6685e-05	6.0048e-10	-10.0	-2.5
65.5	1.6689e-05	6.0139e-10	-10.0	-2.5
66.0	1.6689e-05	6.0189e-10	-10.0	-2.5
66.5	1.669e-05	6.0208e-10	-10.0	-2.5
67.0	1.669e-05	6.0262e-10	-10.0	-2.5
67.5	1.6693e-05	6.0104e-10	-10.0	-2.5
68.0	1.6695e-05	6.0079e-10	-10.0	-2.5
68.5	1.6697e-05	6.0045e-10	-10.0	-2.5
69.0	1.6696e-05	6.0149e-10	-10.0	-2.5
69.5	1.6693e-05	6.0241e-10	-10.0	-2.5
70.0	1.67e-05	6.0037e-10	-10.0	-2.5
70.5	1.6706e-05	6.0056e-10	-10.0	-2.5
71.0	1.6704e-05	6.0318e-10	-10.0	-2.5
71.5	1.6707e-05	6.0155e-10	-10.0	-2.5
72.0	1.6709e-05	6.0159e-10	-10.0	-2.5
72.5	1.6707e-05	6.0111e-10	-10.0	-2.5
73.0	1.6708e-05	6.0232e-10	-10.0	-2.5
73.5	1.6712e-05	6.0096e-10	-10.0	-2.5
74.0	1.6711e-05	6.0307e-10	-10.0	-2.5
74.5	1.671e-05	6.0228e-10	-10.0	-2.5
75.0	1.6716e-05	6.0275e-10	-10.0	-2.5
75.5	1.6718e-05	6.0196e-10	-10.0	-2.5
76.0	1.6718e-05	6.0213e-10	-10.0	-2.5
76.5	1.672e-05	6.0383e-10	-10.0	-2.5
77.0	1.6721e-05	6.0286e-10	-10.0	-2.5
77.5	1.6722e-05	6.0279e-10	-10.0	-2.5
78.0	1.6727e-05	6.0232e-10	-10.0	-2.5
78.5	1.6727e-05	6.0193e-10	-10.0	-2.5
79.0	1.6731e-05	6.0193e-10	-10.0	-2.5
79.5	1.6732e-05	6.0243e-10	-10.0	-2.5
80.0	1.6733e-05	6.0245e-10	-10.0	-2.5
80.5	1.6735e-05	6.0355e-10	-10.0	-2.5
81.0	1.6737e-05	6.0272e-10	-10.0	-2.5
81.5	1.6738e-05	6.0333e-10	-10.0	-2.5
82.0	1.6739e-05	6.0397e-10	-10.0	-2.5
82.5	1.6742e-05	6.0218e-10	-10.0	-2.5
83.0	1.6745e-05	6.0421e-10	-10.0	-2.5
83.5	1.6745e-05	6.0369e-10	-10.0	-2.5
84.0	1.675e-05	6.034e-10	-10.0	-2.5
84.5	1.6751e-05	6.0511e-10	-10.0	-2.5
85.0	1.6753e-05	6.0525e-10	-10.0	-2.5
85.5	1.6752e-05	6.0502e-10	-10.0	-2.5
86.0	1.6754e-05	6.0458e-10	-10.0	-2.5
86.5	1.6752e-05	6.0639e-10	-10.0	-2.5
87.0	1.6753e-05	6.0724e-10	-10.0	-2.5
87.5	1.6755e-05	6.0584e-10	-10.0	-2.5
88.0	1.6759e-05	6.0708e-10	-10.0	-2.5
88.5	1.676e-05	6.0658e-10	-10.0	-2.5
89.0	1.6764e-05	6.0668e-10	-10.0	-2.5
89.5	1.6764e-05	6.0667e-10	-10.0	-2.5
90.0	1.6763e-05	6.0669e-10	-10.0	-2.5
90.5	1.6763e-05	6.0659e-10	-10.0	-2.5
91.0	1.6765e-05	6.0758e-10	-10.0	-2.5
91.5	1.6767e-05	6.0686e-10	-10.0	-2.5
92.0	1.6771e-05	6.0657e-10	-10.0	-2.5
92.5	1.6772e-05	6.0865e-10	-10.0	-2.5
93.0	1.6775e-05	6.0608e-10	-10.0	-2.5
93.5	1.6774e-05	6.0747e-10	-10.0	-2.5
94.0	1.6775e-05	6.0874e-10	-10.0	-2.5
94.5	1.678e-05	6.083e-10	-10.0	-2.5
95.0	1.6782e-05	6.0927e-10	-10.0	-2.5
95.5	1.6778e-05	6.0859e-10	-10.0	-2.5
96.0	1.6781e-05	6.0791e-10	-10.0	-2.5
96.5	1.6783e-05	6.1033e-10	-10.0	-2.5
97.0	1.6787e-05	6.0897e-10	-10.0	-2.5
97.5	1.6789e-05	6.0924e-10	-10.0	-2.5
98.0	1.6792e-05	6.0846e-10	-10.0	-2.5
98.5	1.6792e-05	6.0938e-10	-10.0	-2.5
99.0	1.6793e-05	6.1075e-10	-10.0	-2.5
99.5	1.6794e-05	6.0994e-10	-10.0	-2.5
100.0	1.6792e-05	6.1106e-10	-10.0	-2.5
100.5	1.6794e-05	6.1079e-10	-10.0	-2.5
101.0	1.6796e-05	6.1161e-10	-10.0	-2.5
101.5	1.6799e-05	6.1207e-10	-10.0	-2.5
102.0	1.6799e-05	6.1068e-10	-10.0	-2.5
102.5	1.6803e-05	6.101e-10	-10.0	-2.5
103.0	1.6803e-05	6.1065e-10	-10.0	-2.5
103.5	1.6805e-05	6.1094e-10	-10.0	-2.5
104.0	1.6808e-05	6.0967e-10	-10.0	-2.5
104.5	1.6807e-05	6.1212e-10	-10.0	-2.5
105.0	1.6809e-05	6.1194e-10	-10.0	-2.5
105.5	1.6808e-05	6.1155e-10	-10.0	-2.5
106.0	1.6811e-05	6.1159e-10	-10.0	-2.5
106.5	1.681e-05	6.104e-10	-10.0	-2.5
107.0	1.6813e-05	6.1456e-10	-10.0	-2.5
107.5	1.6814e-05	6.1179e-10	-10.0	-2.5
108.0	1.6819e-05	6.1458e-10	-10.0	-2.5
108.5	1.6817e-05	6.1332e-10	-10.0	-2.5
109.0	1.6822e-05	6.1264e-10	-10.0	-2.5
109.5	1.6821e-05	6.1304e-10	-10.0	-2.5
110.0	1.6821e-05	6.1247e-10	-10.0	-2.5
110.5	1.6822e-05	6.138e-10	-10.0	-2.5
111.0	1.6825e-05	6.1322e-10	-10.0	-2.5
111.5	1.6823e-05	6.1413e-10	-10.0	-2.5
112.0	1.6826e-05	6.1425e-10	-10.0	-2.5
112.5	1.6825e-05	6.1534e-10	-10.0	-2.5
113.0	1.6828e-05	6.1422e-10	-10.0	-2.5
113.5	1.683e-05	6.1759e-10	-10.0	-2.5
114.0	1.6834e-05	6.1637e-10	-10.0	-2.5
114.5	1.6834e-05	6.1495e-10	-10.0	-2.5
115.0	1.6834e-05	6.1552e-10	-10.0	-2.5
115.5	1.6836e-05	6.1679e-10	-10.0	-2.5
116.0	1.684e-05	6.1615e-10	-10.0	-2.5
116.5	1.6841e-05	6.1621e-10	-10.0	-2.5
117.0	1.6839e-05	6.1649e-10	-10.0	-2.5
117.5	1.684e-05	6.167e-10	-10.0	-2.5
118.0	1.684e-05	6.1836e-10	-10.0	-2.5
118.5	1.6841e-05	6.1557e-10	-10.0	-2.5
119.0	1.6844e-05	6.1585e-10	-10.0	-2.5
119.5	1.6849e-05	6.1721e-10	-10.0	-2.5
120.0	1.6849e-05	5.3985e-10	-10.0	-2.5
120.5	1.6855e-05	5.4027e-10	-10.0	-2.5
121.0	1.6855e-05	5.4149e-10	-10.0	-2.5
121.5	1.6856e-05	5.4245e-10	-10.0	-2.5
122.0	1.686e-05	5.446e-10	-10.0	-2.5
122.5	1.686e-05	5.4379e-10	-10.0	-2.5
123.0	1.6866e-05	5.4574e-10	-10.0	-2.5
123.5	1.6865e-05	5.4741e-10	-10.0	-2.5
124.0	1.6866e-05	5.4908e-10	-10.0	-2.5
124.5	1.6869e-05	5.5001e-10	-10.0	-2.5
125.0	1.6874e-05	5.4881e-10	-10.0	-2.5
125.5	1.6874e-05	5.5068e-10	-10.0	-2.5
126.0	1.6877e-05	5.5372e-10	-10.0	-2.5
126.5	1.6879e-05	5.5478e-10	-10.0	-2.5
127.0	1.6879e-05	5.5588e-10	-10.0	-2.5
127.5	1.6885e-05	5.559e-10	-10.0	-2.5
128.0	1.6885e-05	5.5577e-10	-10.0	-2.5
128.5	1.6887e-05	5.576e-10	-10.0	-2.5
129.0	1.6891e-05	5.5713e-10	-10.0	-2.5
129.5	1.6895e-05	5.5891e-10	-10.0	-2.5
130.0	1.6895e-05	5.5962e-10	-10.0	-2.5
130.5	1.6897e-05	5.5949e-10	-10.0	-2.5
131.0	1.6896e-05	5.6039e-10	-10.0	-2.5
131.5	1.6902e-05	5.6257e-10	-10.0	-2.5
132.0	1.6905e-05	5.6435e-10	-10.0	-2.5
132.5	1.6905e-05	5.6249e-10	-10.0	-2.5
133.0	1.6908e-05	5.6386e-10	-10.0	-2.5
133.5	1.6911e-05	5.6374e-10	-10.0	-2.5
134.0	1.6914e-05	5.6326e-10	-10.0	-2.5
134.5	1.6915e-05	5.6459e-10	-10.0	-2.5
135.0	1.6918e-05	5.6463e-10	-10.0	-2.5
135.5	1.6919e-05	5.6589e-10	-10.0	-2.5
136.0	1.6921e-05	5.6509e-10	-10.0	-2.5
136.5	1.6925e-05	5.6615e-10	-10.0	-2.5
137.0	1.6926e-05	5.6652e-10	-10.0	-2.5
137.5	1.6926e-05	5.675e-10	-10.0	-2.5
138.0	1.6925e-05	5.6706e-10	-10.0	-2.5
138.5	1.6929e-05	5.6798e-10	-10.0	-2.5
139.0	1.6928e-05	5.6858e-10	-10.0	-2.5
139.5	1.6931e-05	5.6812e-10	-10.0	-2.5
140.0	1.6932e-05	5.6883e-10	-10.0	-2.5
140.5	1.6934e-05	5.6851e-10	-10.0	-2.5
141.0	1.6936e-05	5.6953e-10	-10.0	-2.5
141.5	1.6939e-05	5.6884e-10	-10.0	-2.5
142.0	1.6941e-05	5.6953e-10	-10.0	-2.5
142.5	1.6943e-05	5.7158e-10	-10.0	-2.5
143.0	1.694e-05	5.7066e-10	-10.0	-2.5
143.5	1.6939e-05	5.7032e-10	-10.0	-2.5
144.0	1.6941e-05	5.7136e-10	-10.0	-2.5
144.5	1.694e-05	5.7246e-10	-10.0	-2.5
145.0	1.6944e-05	5.7145e-10	-10.0	-2.5
145.5	1.6945e-05	5.7289e-10	-10.0	-2.5
146.0	1.6942e-05	5.7197e-10	-10.0	-2.5
146.5	1.6942e-05	5.7228e-10	-10.0	-2.5
147.0	1.6945e-05	5.714e-10	-10.0	-2.5
147.5	1.6947e-05	5.7135e-10	-10.0	-2.5
148.0	1.6951e-05	5.7175e-10	-10.0	-2.5
148.5	1.6951e-05	5.7311e-10	-10.0	-2.5
149.0	1.6953e-05	5.7187e-10	-10.0	-2.5
149.5	1.6955e-05	5.7072e-10	-10.0	-2.5
150.0	1.6954e-05	5.738e-10	-10.0	-2.5
150.5	1.6956e-05	5.7326e-10	-10.0	-2.5
151.0	1.6958e-05	5.7153e-10	-10.0	-2.5
151.5	1.6959e-05	5.7185e-10	-10.0	-2.5
152.0	1.6959e-05	5.7305e-10	-10.0	-2.5
152.5	1.6958e-05	5.7106e-10	-10.0	-2.5
153.0	1.6961e-05	5.728e-10	-10.0	-2.5
153.5	1.696e-05	5.728e-10	-10.0	-2.5
154.0	1.696e-05	5.7351e-10	-10.0	-2.5
154.5	1.6959e-05	5.7422e-10	-10.0	-2.5
155.0	1.6959e-05	5.7263e-10	-10.0	-2.5
155.5	1.696e-05	5.7367e-10	-10.0	-2.5
156.0	1.6961e-05	5.7318e-10	-10.0	-2.5
156.5	1.696e-05	5.7311e-10	-10.0	-2.5
157.0	1.6959e-05	5.7211e-10	-10.0	-2.5
157.5	1.6957e-05	5.7295e-10	-10.0	-2.5
158.0	1.6961e-05	5.7272e-10	-10.0	-2.5
158.5	1.6963e-05	5.7219e-10	-10.0	-2.5
159.0	1.6966e-05	5.7151e-10	-10.0	-2.5
159.5	1.6967e-05	5.7325e-10	-10.0	-2.5
160.0	1.6966e-05	5.726e-10	-10.0	-2.5
160.5	1.6971e-05	5.7405e-10	-10.0	-2.5
161.0	1.6968e-05	5.7275e-10	-10.0	-2.5
161.5	1.6967e-05	5.7295e-10	-10.0	-2.5
162.0	1.6974e-05	5.7272e-10	-10.0	-2.5
162.5	1.6972e-05	5.7429e-10	-10.0	-2.5
163.0	1.697e-05	5.7295e-10	-10.0	-2.5
163.5	1.6972e-05	5.7309e-10	-10.0	-2.5
164.0	1.6972e-05	5.7233e-10	-10.0	-2.5
164.5	1.6971e-05	5.7461e-10	-10.0	-2.5
165.0	1.6969e-05	5.7323e-10	-10.0	-2.5
165.5	1.6975e-05	5.7218e-10	-10.0	-2.5
166.0	1.6975e-05	5.7241e-10	-10.0	-2.5
166.5	1.6976e-05	5.7286e-10	-10.0	-2.5
167.0	1.6973e-05	5.7408e-10	-10.0	-2.5
167.5	1.6975e-05	5.7218e-10	-10.0	-2.5
168.0	1.6973e-05	5.7258e-10	-10.0	-2.5
168.5	1.6973e-05	5.7174e-10	-10.0	-2.5
169.0	1.6972e-05	5.7186e-10	-10.0	-2.5
169.5	1.6972e-05	5.7147e-10	-10.0	-2.5
170.0	1.6977e-05	5.7007e-10	-10.0	-2.5
170.5	1.6973e-05	5.7198e-10	-10.0	-2.5
171.0	1.6975e-05	5.696e-10	-10.0	-2.5
171.5	1.6973e-05	5.7276e-10	-10.0	-2.5
172.0	1.6974e-05	5.73e-10	-10.0	-2.5
172.5	1.6975e-05	5.7177e-10	-10.0	-2.5
173.0	1.6973e-05	5.7302e-10	-10.0	-2.5
173.5	1.6972e-05	5.7129e-10	-10.0	-2.5
174.0	1.6971e-05	5.7275e-10	-10.0	-2.5
174.5	1.6972e-05	5.7016e-10	-10.0	-2.5
175.0	1.6972e-05	5.723e-10	-10.0	-2.5
175.5	1.6975e-05	5.7061e-10	-10.0	-2.5
176.0	1.6974e-05	5.7154e-10	-10.0	-2.5
176.5	1.6974e-05	5.713e-10	-10.0	-2.5
177.0	1.6974e-05	5.7069e-10	-10.0	-2.5
177.5	1.6976e-05	5.7178e-10	-10.0	-2.5
178.0	1.6975e-05	5.7164e-10	-10.0	-2.5
178.5	1.6977e-05	5.7147e-10	-10.0	-2.5
179.0	1.6976e-05	5.7246e-10	-10.0	-2.5
179.5	1.6977e-05	5.7285e-10	-10.0	-2.5
180.0	1.6974e-05	6.3952e-10	-10.0	-2.5
180.5	1.6973e-05	6.4376e-10	-10.0	-2.5
181.0	1.6973e-05	6.4438e-10	-10.0	-2.5
181.5	1.6976e-05	6.4232e-10	-10.0	-2.5
182.0	1.6973e-05	6.4132e-10	-10.0	-2.5
182.5	1.6969e-05	6.406e-10	-10.0	-2.5
183.0	1.697e-05	6.4147e-10	-10.0	-2.5
183.5	1.6974e-05	6.3847e-10	-10.0	-2.5
184.0	1.6973e-05	6.3707e-10	-10.0	-2.5
184.5	1.697e-05	6.3781e-10	-10.0	-2.5
185.0	1.697e-05	6.3664e-10	-10.0	-2.5
185.5	1.6972e-05	6.3546e-10	-10.0	-2.5
186.0	1.6973e-05	6.3566e-10	-10.0	-2.5
186.5	1.6974e-05	6.3392e-10	-10.0	-2.5
187.0	1.6976e-05	6.3332e-10	-10.0	-2.5
187.5	1.6976e-05	6.3199e-10	-10.0	-2.5
188.0	1.6977e-05	6.3193e-10	-10.0	-2.5
188.5	1.6978e-05	6.3115e-10	-10.0	-2.5
189.0	1.698e-05	6.319e-10	-10.0	-2.5
189.5	1.6978e-05	6.3172e-10	-10.0	-2.5
190.0	1.6982e-05	6.2957e-10	-10.0	-2.5
190.5	1.6977e-05	6.2832e-10	-10.0	-2.5
191.0	1.6976e-05	6.2919e-10	-10.0	-2.5
191.5	1.6976e-05	6.2816e-10	-10.0	-2.5
192.0	1.6976e-05	6.284e-10	-10.0	-2.5
192.5	1.6975e-05	6.2834e-10	-10.0	-2.5
193.0	1.6975e-05	6.2735e-10	-10.0	-2.5
193.5	1.6975e-05	6.2735e-10	-10.0	-2.5
194.0	1.6973e-05	6.2573e-10	-10.0	-2.5
194.5	1.6977e-05	6.269e-10	-10.0	-2.5
195.0	1.6976e-05	6.2564e-10	-10.0	-2.5
195.5	1.6974e-05	6.2532e-10	-10.0	-2.5
196.0	1.6974e-05	6.2468e-10	-10.0	-2.5
196.5	1.6976e-05	6.2402e-10	-10.0	-2.5
197.0	1.6979e-05	6.2406e-10	-10.0	-2.5
197.5	1.6977e-05	6.2385e-10	-10.0	-2.5
198.0	1.6978e-05	6.2504e-10	-10.0	-2.5
198.5	1.6976e-05	6.2471e-10	-10.0	-2.5
199.0	1.6976e-05	6.2546e-10	-10.0	-2.5
199.5	1.6974e-05	6.2376e-10	-10.0	-2.5
200.0	1.6976e-05	6.2317e-10	-10.0	-2.5
200.5	1.6974e-05	6.2347e-10	-10.0	-2.5
201.0	1.6976e-05	6.2241e-10	-10.0	-2.5
201.5	1.6978e-05	6.2425e-10	-10.0	-2.5
202.0	1.6981e-05	6.2271e-10	-10.0	-2.5
202.5	1.698e-05	6.2122e-10	-10.0	-2.5
203.0	1.6979e-05	6.2277e-10	-10.0	-2.5
203.5	1.6979e-05	6.2153e-10	-10.0	-2.5
204.0	1.6978e-05	6.2146e-10	-10.0	-2.5
204.5	1.6979e-05	6.2047e-10	-10.0	-2.5
205.0	1.6979e-05	6.2386e-10	-10.0	-2.5
205.5	1.6979e-05	6.2039e-10	-10.0	-2.5
206.0	1.6981e-05	6.2193e-10	-10.0	-2.5
206.5	1.6983e-05	6.225e-10	-10.0	-2.5
207.0	1.6985e-05	6.2176e-10	-10.0	-2.5
207.5	1.6985e-05	6.2235e-10	-10.0	-2.5
208.0	1.6984e-05	6.2177e-10	-10.0	-2.5
208.5	1.6987e-05	6.204e-10	-10.0	-2.5
209.0	1.6985e-05	6.2039e-10	-10.0	-2.5
209.5	1.6985e-05	6.2036e-10	-10.0	-2.5
210.0	1.6989e-05	6.2238e-10	-10.0	-2.5
210.5	1.6987e-05	6.2091e-10	-10.0	-2.5
211.0	1.6989e-05	6.2037e-10	-10.0	-2.5
211.5	1.6988e-05	6.2167e-10	-10.0	-2.5
212.0	1.6988e-05	6.2172e-10	-10.0	-2.5
212.5	1.6992e-05	6.2115e-10	-10.0	-2.5
213.0	1.6994e-05	6.21e-10	-10.0	-2.5
213.5	1.6992e-05	6.2256e-10	-10.0	-2.5
214.0	1.699e-05	6.2072e-10	-10.0	-2.5
214.5	1.6991e-05	6.203e-10	-10.0	-2.5
215.0	1.6992e-05	6.2098e-10	-10.0	-2.5
215.5	1.6993e-05	6.2149e-10	-10.0	-2.5
216.0	1.6995e-05	6.2244e-10	-10.0	-2.5
216.5	1.6995e-05	6.1986e-10	-10.0	-2.5
217.0	1.6995e-05	6.2162e-10	-10.0	-2.5
217.5	1.6996e-05	6.2066e-10	-10.0	-2.5
218.0	1.6997e-05	6.2186e-10	-10.0	-2.5
218.5	1.6997e-05	6.2108e-10	-10.0	-2.5
219.0	1.6997e-05	6.1939e-10	-10.0	-2.5
219.5	1.6998e-05	6.2085e-10	-10.0	-2.5
220.0	1.6998e-05	6.2147e-10	-10.0	-2.5
220.5	1.6999e-05	6.221e-10	-10.0	-2.5
221.0	1.7002e-05	6.2371e-10	-10.0	-2.5
221.5	1.7001e-05	6.238e-10	-10.0	-2.5
222.0	1.7001e-05	6.2329e-10	-10.0	-2.5
222.5	1.7004e-05	6.2467e-10	-10.0	-2.5
223.0	1.7003e-05	6.2317e-10	-10.0	-2.5
223.5	1.7001e-05	6.2375e-10	-10.0	-2.5
224.0	1.6999e-05	6.2493e-10	-10.0	-2.5
224.5	1.7002e-05	6.2524e-10	-10.0	-2.5
225.0	1.7003e-05	6.2406e-10	-10.0	-2.5
225.5	1.7001e-05	6.2499e-10	-10.0	-2.5
226.0	1.7004e-05	6.2424e-10	-10.0	-2.5
226.5	1.7002e-05	6.2581e-10	-10.0	-2.5
227.0	1.7005e-05	6.2468e-10	-10.0	-2.5
227.5	1.7011e-05	6.2479e-10	-10.0	-2.5
228.0	1.7009e-05	6.2559e-10	-10.0	-2.5
228.5	1.7005e-05	6.2504e-10	-10.0	-2.5
229.0	1.7007e-05	6.2575e-10	-10.0	-2.5
229.5	1.7009e-05	6.241e-10	-10.0	-2.5
230.0	1.7009e-05	6.2603e-10	-10.0	-2.5
230.5	1.7008e-05	6.2561e-10	-10.0	-2.5
231.0	1.701e-05	6.2537e-10	-10.0	-2.5
231.5	1.701e-05	6.2405e-10	-10.0	-2.5
232.0	1.7011e-05	6.2589e-10	-10.0	-2.5
232.5	1.701e-05	6.2569e-10	-10.0	-2.5
233.0	1.7013e-05	6.2543e-10	-10.0	-2.5
233.5	1.7013e-05	6.2495e-10	-10.0	-2.5
234.0	1.7014e-05	6.2516e-10	-10.0	-2.5
234.5	1.7015e-05	6.2618e-10	-10.0	-2.5
235.0	1.7013e-05	6.2589e-10	-10.0	-2.5
235.5	1.7012e-05	6.2592e-10	-10.0	-2.5
236.0	1.7015e-05	6.2542e-10	-10.0	-2.5
236.5	1.7013e-05	6.2566e-10	-10.0	-2.5
237.0	1.7011e-05	6.249e-10	-10.0	-2.5
237.5	1.701e-05	6.2637e-10	-10.0	-2.5
238.0	1.7013e-05	6.2605e-10	-10.0	-2.5
238.5	1.7015e-05	6.2577e-10	-10.0	-2.5
239.0	1.7016e-05	6.2493e-10	-10.0	-2.5
239.5	1.7019e-05	6.2529e-10	-10.0	-2.5
240.0	1.7021e-05	5.5086e-10	-10.0	-2.5
240.5	1.702e-05	5.4946e-10	-10.0	-2.5
241.0	1.7022e-05	5.4879e-10	-10.0	-2.5
241.5	1.7024e-05	5.5084e-10	-10.0	-2.5
242.0	1.7025e-05	5.522e-10	-10.0	-2.5
242.5	1.7026e-05	5.5318e-10	-10.0	-2.5
243.0	1.7028e-05	5.5374e-10	-10.0	-2.5
243.5	1.7026e-05	5.5555e-10	-10.0	-2.5
244.0	1.7028e-05	5.5693e-10	-10.0	-2.5
244.5	1.7028e-05	5.5817e-10	-10.0	-2.5
245.0	1.7033e-05	5.6005e-10	-10.0	-2.5
245.5	1.7034e-05	5.5964e-10	-10.0	-2.5
246.0	1.7037e-05	5.6187e-10	-10.0	-2.5
246.5	1.7036e-05	5.6068e-10	-10.0	-2.5
247.0	1.704e-05	5.6517e-10	-10.0	-2.5
247.5	1.704e-05	5.6533e-10	-10.0	-2.5
248.0	1.7039e-05	5.6477e-10	-10.0	-2.5
248.5	1.7044e-05	5.666e-10	-10.0	-2.5
249.0	1.7043e-05	5.673e-10	-10.0	-2.5
249.5	1.7044e-05	5.6818e-10	-10.0	-2.5
250.0	1.7046e-05	5.6858e-10	-10.0	-2.5
250.5	1.7042e-05	5.6873e-10	-10.0	-2.5
251.0	1.7044e-05	5.6891e-10	-10.0	-2.5
251.5	1.7046e-05	5.7102e-10	-10.0	-2.5
252.0	1.7044e-05	5.696e-10	-10.0	-2.5
252.5	1.7049e-05	5.7114e-10	-10.0	-2.5
253.0	1.7049e-05	5.7119e-10	-10.0	-2.5
253.5	1.7051e-05	5.7121e-10	-10.0	-2.5
254.0	1.7053e-05	5.7218e-10	-10.0	-2.5
254.5	1.7055e-05	5.7353e-10	-10.0	-2.5
255.0	1.7058e-05	5.741e-10	-10.0	-2.5
255.5	1.7062e-05	5.735e-10	-10.0	-2.5
256.0	1.7061e-05	5.7483e-10	-10.0	-2.5
256.5	1.7059e-05	5.7568e-10	-10.0	-2.5
257.0	1.7062e-05	5.7496e-10	-10.0	-2.5
257.5	1.7062e-05	5.7528e-10	-10.0	-2.5
258.0	1.7064e-05	5.7631e-10	-10.0	-2.5
258.5	1.7063e-05	5.7632e-10	-10.0	-2.5
259.0	1.7064e-05	5.7719e-10	-10.0	-2.5
259.5	1.7064e-05	5.7726e-10	-10.0	-2.5
260.0	1.7066e-05	5.7698e-10	-10.0	-2.5
260.5	1.7067e-05	5.773e-10	-10.0	-2.5
261.0	1.7067e-05	5.7609e-10	-10.0	-2.5
261.5	1.7068e-05	5.7713e-10	-10.0	-2.5
262.0	1.7067e-05	5.792e-10	-10.0	-2.5
262.5	1.7064e-05	5.7786e-10	-10.0	-2.5
263.0	1.7064e-05	5.7913e-10	-10.0	-2.5
263.5	1.7066e-05	5.7973e-10	-10.0	-2.5
264.0	1.7064e-05	5.784e-10	-10.0	-2.5
264.5	1.7065e-05	5.7801e-10	-10.0	-2.5
265.0	1.7066e-05	5.7964e-10	-10.0	-2.5
265.5	1.7066e-05	5.8023e-10	-10.0	-2.5
266.0	1.7067e-05	5.775e-10	-10.0	-2.5
266.5	1.7067e-05	5.7947e-10	-10.0	-2.5
267.0	1.7069e-05	5.8045e-10	-10.0	-2.5
267.5	1.707e-05	5.7985e-10	-10.0	-2.5
268.0	1.7067e-05	5.8066e-10	-10.0	-2.5
268.5	1.7069e-05	5.8085e-10	-10.0	-2.5
269.0	1.7068e-05	5.8177e-10	-10.0	-2.5
269.5	1.7066e-05	5.8117e-10	-10.0	-2.5
270.0	1.7066e-05	5.8208e-10	-10.0	-2.5
270.5	1.7064e-05	5.8014e-10	-10.0	-2.5
271.0	1.7067e-05	5.8044e-10	-10.0	-2.5
271.5	1.7066e-05	5.8142e-10	-10.0	-2.5
272.0	1.7066e-05	5.8114e-10	-10.0	-2.5
272.5	1.7068e-05	5.7966e-10	-10.0	-2.5
273.0	1.7066e-05	5.8077e-10	-10.0	-2.5
273.5	1.7066e-05	5.8066e-10	-10.0	-2.5
274.0	1.7067e-05	5.8116e-10	-10.0	-2.5
274.5	1.7067e-05	5.8143e-10	-10.0	-2.5
275.0	1.7067e-05	5.8102e-10	-10.0	-2.5
275.5	1.7066e-05	5.8047e-10	-10.0	-2.5
276.0	1.7067e-05	5.8081e-10	-10.0	-2.5
276.5	1.7066e-05	5.8149e-10	-10.0	-2.5
277.0	1.7068e-05	5.8035e-10	-10.0	-2.5
277.5	1.7068e-05	5.7965e-10	-10.0	-2.5
278.0	1.7071e-05	5.8271e-10	-10.0	-2.5
278.5	1.707e-05	5.8102e-10	-10.0	-2.5
279.0	1.7072e-05	5.8051e-10	-10.0	-2.5
279.5	1.7073e-05	5.8061e-10	-10.0	-2.5
280.0	1.7073e-05	5.7912e-10	-10.0	-2.5
280.5	1.7074e-05	5.8221e-10	-10.0	-2.5
281.0	1.7073e-05	5.8012e-10	-10.0	-2.5
281.5	1.7072e-05	5.8056e-10	-10.0	-2.5
282.0	1.7074e-05	5.8055e-10	-10.0	-2.5
282.5	1.7075e-05	5.8196e-10	-10.0	-2.5
283.0	1.7073e-05	5.8191e-10	-10.0	-2.5
283.5	1.7075e-05	5.8187e-10	-10.0	-2.5
284.0	1.7073e-05	5.8262e-10	-10.0	-2.5
284.5	1.7074e-05	5.7969e-10	-10.0	-2.5
285.0	1.7074e-05	5.8173e-10	-10.0	-2.5
285.5	1.7075e-05	5.8077e-10	-10.0	-2.5
286.0	1.7075e-05	5.8043e-10	-10.0	-2.5
286.5	1.7073e-05	5.8189e-10	-10.0	-2.5
287.0	1.7073e-05	5.8215e-10	-10.0	-2.5
287.5	1.7072e-05	5.8138e-10	-10.0	-2.5
288.0	1.7074e-05	5.8124e-10	-10.0	-2.5
288.5	1.7072e-05	5.8037e-10	-10.0	-2.5
289.0	1.7072e-05	5.8093e-10	-10.0	-2.5
289.5	1.707e-05	5.8079e-10	-10.0	-2.5
290.0	1.7069e-05	5.8017e-10	-10.0	-2.5
290.5	1.7068e-05	5.8089e-10	-10.0	-2.5
291.0	1.7071e-05	5.7995e-10	-10.0	-2.5
291.5	1.7074e-05	5.8096e-10	-10.0	-2.5
292.0	1.7073e-05	5.8048e-10	-10.0	-2.5
292.5	1.7073e-05	5.8056e-10	-10.0	-2.5
293.0	1.7072e-05	5.8192e-10	-10.0	-2.5
293.5	1.707e-05	5.814e-10	-10.0	-2.5
294.0	1.707e-05	5.8101e-10	-10.0	-2.5
294.5	1.707e-05	5.8137e-10	-10.0	-2.5
295.0	1.7067e-05	5.8065e-10	-10.0	-2.5
295.5	1.7069e-05	5.8157e-10	-10.0	-2.5
296.0	1.7072e-05	5.8094e-10	-10.0	-2.5
296.5	1.707e-05	5.8068e-10	-10.0	-2.5
297.0	1.7066e-05	5.8139e-10	-10.0	-2.5
297.5	1.7063e-05	5.8096e-10	-10.0	-2.5
298.0	1.7062e-05	5.8037e-10	-10.0	-2.5
298.5	1.7065e-05	5.8081e-10	-10.0	-2.5
299.0	1.7063e-05	5.7996e-10	-10.0	-2.5
299.5	1.7063e-05	5.7994e-10	-10.0	-2.5
300.0	1.7064e-05	6.4781e-10	-10.0	-2.5
300.5	1.7063e-05	6.5204e-10	-10.0	-2.5
301.0	1.7062e-05	6.5127e-10	-10.0	-2.5
301.5	1.7062e-05	6.5165e-10	-10.0	-2.5
302.0	1.7062e-05	6.4963e-10	-10.0	-2.5
302.5	1.7061e-05	6.4951e-10	-10.0	-2.5
303.0	1.7063e-05	6.4805e-10	-10.0	-2.5
303.5	1.7062e-05	6.4736e-10	-10.0	-2.5
304.0	1.706e-05	6.4846e-10	-10.0	-2.5
304.5	1.7062e-05	6.4731e-10	-10.0	-2.5
305.0	1.7057e-05	6.4612e-10	-10.0	-2.5
305.5	1.7062e-05	6.4429e-10	-10.0	-2.5
306.0	1.7058e-05	6.434e-10	-10.0	-2.5
306.5	1.7058e-05	6.4291e-10	-10.0	-2.5
307.0	1.7056e-05	6.4284e-10	-10.0	-2.5
307.5	1.7056e-05	6.4284e-10	-10.0	-2.5
308.0	1.7055e-05	6.4044e-10	-10.0	-2.5
308.5	1.7057e-05	6.4109e-10	-10.0	-2.5
309.0	1.7059e-05	6.4104e-10	-10.0	-2.5
309.5	1.706e-05	6.3964e-10	-10.0	-2.5
310.0	1.706e-05	6.3942e-10	-10.0	-2.5
310.5	1.7059e-05	6.3899e-10	-10.0	-2.5
311.0	1.7058e-05	6.3795e-10	-10.0	-2.5
311.5	1.706e-05	6.3858e-10	-10.0	-2.5
312.0	1.7061e-05	6.3739e-10	-10.0	-2.5
312.5	1.7056e-05	6.3564e-10	-10.0	-2.5
313.0	1.7056e-05	6.3685e-10	-10.0	-2.5
313.5	1.7059e-05	6.3615e-10	-10.0	-2.5
314.0	1.7058e-05	6.3616e-10	-10.0	-2.5
314.5	1.7058e-05	6.3462e-10	-10.0	-2.5
315.0	1.7061e-05	6.3503e-10	-10.0	-2.5
315.5	1.7062e-05	6.3402e-10	-10.0	-2.5
316.0	1.7059e-05	6.3348e-10	-10.0	-2.5
316.5	1.7059e-05	6.3313e-10	-10.0	-2.5
317.0	1.7061e-05	6.3179e-10	-10.0	-2.5
317.5	1.7062e-05	6.3324e-10	-10.0	-2.5
318.0	1.7063e-05	6.3299e-10	-10.0	-2.5
318.5	1.7062e-05	6.3295e-10	-10.0	-2.5
319.0	1.7064e-05	6.3294e-10	-10.0	-2.5
319.5	1.706e-05	6.3199e-10	-10.0	-2.5
320.0	1.7061e-05	6.3253e-10	-10.0	-2.5
320.5	1.7064e-05	6.3107e-10	-10.0	-2.5
321.0	1.7065e-05	6.3348e-10	-10.0	-2.5
321.5	1.7067e-05	6.3198e-10	-10.0	-2.5
322.0	1.7063e-05	6.324e-10	-10.0	-2.5
322.5	1.7063e-05	6.3117e-10	-10.0	-2.5
323.0	1.7063e-05	6.3115e-10	-10.0	-2.5
323.5	1.7062e-05	6.3128e-10	-10.0	-2.5
324.0	1.7068e-05	6.2953e-10	-10.0	-2.5
324.5	1.7069e-05	6.3005e-10	-10.0	-2.5
325.0	1.7069e-05	6.3033e-10	-10.0	-2.5
325.5	1.707e-05	6.3003e-10	-10.0	-2.5
326.0	1.7072e-05	6.293e-10	-10.0	-2.5
326.5	1.7069e-05	6.2977e-10	-10.0	-2.5
327.0	1.7071e-05	6.288e-10	-10.0	-2.5
327.5	1.707e-05	6.2913e-10	-10.0	-2.5
328.0	1.7071e-05	6.2868e-10	-10.0	-2.5
328.5	1.7073e-05	6.2916e-10	-10.0	-2.5
329.0	1.7071e-05	6.3077e-10	-10.0	-2.5
329.5	1.7074e-05	6.2818e-10	-10.0	-2.5
330.0	1.707e-05	6.3052e-10	-10.0	-2.5
330.5	1.7071e-05	6.2995e-10	-10.0	-2.5
331.0	1.707e-05	6.287e-10	-10.0	-2.5
331.5	1.7074e-05	6.2943e-10	-10.0	-2.5
332.0	1.707e-05	6.3056e-10	-10.0	-2.5
332.5	1.7071e-05	6.309e-10	-10.0	-2.5
333.0	1.7068e-05	6.302e-10	-10.0	-2.5
333.5	1.7071e-05	6.2891e-10	-10.0	-2.5
334.0	1.7071e-05	6.2901e-10	-10.0	-2.5
334.5	1.7068e-05	6.2862e-10	-10.0	-2.5
335.0	1.707e-05	6.2969e-10	-10.0	-2.5
335.5	1.7069e-05	6.2795e-10	-10.0	-2.5
336.0	1.7065e-05	6.3072e-10	-10.0	-2.5
336.5	1.707e-05	6.2894e-10	-10.0	-2.5
337.0	1.7073e-05	6.3057e-10	-10.0	-2.5
337.5	1.7069e-05	6.2888e-10	-10.0	-2.5
338.0	1.7072e-05	6.3006e-10	-10.0	-2.5
338.5	1.7074e-05	6.3077e-10	-10.0	-2.5
339.0	1.7076e-05	6.3131e-10	-10.0	-2.5
339.5	1.7077e-05	6.3057e-10	-10.0	-2.5
340.0	1.7077e-05	6.3108e-10	-10.0	-2.5
340.5	1.7077e-05	6.3109e-10	-10.0	-2.5
341.0	1.7079e-05	6.3106e-10	-10.0	-2.5
341.5	1.7079e-05	6.315e-10	-10.0	-2.5
342.0	1.7081e-05	6.306e-10	-10.0	-2.5
342.5	1.7077e-05	6.3146e-10	-10.0	-2.5
343.0	1.7075e-05	6.3061e-10	-10.0	-2.5
343.5	1.708e-05	6.3157e-10	-10.0	-2.5
344.0	1.7077e-05	6.3167e-10	-10.0	-2.5
344.5	1.7077e-05	6.3128e-10	-10.0	-2.5
345.0	1.7079e-05	6.3064e-10	-10.0	-2.5
345.5	1.7077e-05	6.3158e-10	-10.0	-2.5
346.0	1.7081e-05	6.3273e-10	-10.0	-2.5
346.5	1.708e-05	6.3085e-10	-10.0	-2.5
347.0	1.7084e-05	6.3175e-10	-10.0	-2.5
347.5	1.7086e-05	6.3232e-10	-10.0	-2.5
348.0	1.7083e-05	6.3417e-10	-10.0	-2.5
348.5	1.7086e-05	6.3301e-10	-10.0	-2.5
349.0	1.7088e-05	6.3191e-10	-10.0	-2.5
349.5	1.7089e-05	6.3144e-10	-10.0	-2.5
350.0	1.7087e-05	6.3222e-10	-10.0	-2.5
350.5	1.7086e-05	6.3357e-10	-10.0	-2.5
351.0	1.7086e-05	6.3224e-10	-10.0	-2.5
351.5	1.7087e-05	6.3349e-10	-10.0	-2.5
352.0	1.7091e-05	6.3245e-10	-10.0	-2.5
352.5	1.7089e-05	6.3282e-10	-10.0	-2.5
353.0	1.7092e-05	6.3409e-10	-10.0	-2.5
353.5	1.7093e-05	6.3326e-10	-10.0	-2.5
354.0	1.7095e-05	6.344e-10	-10.0	-2.5
354.5	1.7093e-05	6.3243e-10	-10.0	-2.5
355.0	1.7091e-05	6.3385e-10	-10.0	-2.5
355.5	1.709e-05	6.3513e-10	-10.0	-2.5
356.0	1.7092e-05	6.3437e-10	-10.0	-2.5
356.5	1.7093e-05	6.3396e-10	-10.0	-2.5
357.0	1.7094e-05	6.3417e-10	-10.0	-2.5
357.5	1.7092e-05	6.3386e-10	-10.0	-2.5
358.0	1.7096e-05	6.3419e-10	-10.0	-2.5
358.5	1.7094e-05	6.3373e-10	-10.0	-2.5
359.0	1.7093e-05	6.3454e-10	-10.0	-2.5
359.5	1.7098e-05	6.3475e-10	-10.0	-2.5
360.0	1.7096e-05	5.5878e-10	-10.0	-2.5
360.5	1.7098e-05	5.5913e-10	-10.0	-2.5
361.0	1.7099e-05	5.5762e-10	-10.0	-2.5
361.5	1.7101e-05	5.5994e-10	-10.0	-2.5
362.0	1.71e-05	5.6221e-10	-10.0	-2.5
362.5	1.7106e-05	5.6347e-10	-10.0	-2.5
363.0	1.7106e-05	5.6417e-10	-10.0	-2.5
363.5	1.7107e-05	5.6468e-10	-10.0	-2.5
364.0	1.7107e-05	5.6576e-10	-10.0	-2.5
364.5	1.7109e-05	5.6765e-10	-10.0	-2.5
365.0	1.7108e-05	5.6867e-10	-10.0	-2.5
365.5	1.711e-05	5.7075e-10	-10.0	-2.5
366.0	1.7109e-05	5.7013e-10	-10.0	-2.5
366.5	1.7109e-05	5.7075e-10	-10.0	-2.5
367.0	1.7111e-05	5.7519e-10	-10.0	-2.5
367.5	1.7113e-05	5.7403e-10	-10.0	-2.5
368.0	1.7113e-05	5.7504e-10	-10.0	-2.5
368.5	1.7117e-05	5.768e-10	-10.0	-2.5
369.0	1.7116e-05	5.7606e-10	-10.0	-2.5
369.5	1.7119e-05	5.7748e-10	-10.0	-2.5
370.0	1.7119e-05	5.7817e-10	-10.0	-2.5
370.5	1.7121e-05	5.7833e-10	-10.0	-2.5
371.0	1.712e-05	5.7909e-10	-10.0	-2.5
371.5	1.7118e-05	5.8042e-10	-10.0	-2.5
372.0	1.7121e-05	5.8135e-10	-10.0	-2.5
372.5	1.7123e-05	5.8157e-10	-10.0	-2.5
373.0	1.7123e-05	5.8168e-10	-10.0	-2.5
373.5	1.7123e-05	5.8312e-10	-10.0	-2.5
374.0	1.7123e-05	5.8323e-10	-10.0	-2.5
374.5	1.7121e-05	5.8291e-10	-10.0	-2.5
375.0	1.7118e-05	5.8485e-10	-10.0	-2.5
375.5	1.7122e-05	5.8535e-10	-10.0	-2.5
376.0	1.7124e-05	5.8348e-10	-10.0	-2.5
376.5	1.7125e-05	5.8541e-10	-10.0	-2.5
377.0	1.7124e-05	5.8414e-10	-10.0	-2.5
377.5	1.7127e-05	5.8604e-10	-10.0	-2.5
378.0	1.7128e-05	5.8518e-10	-10.0	-2.5
378.5	1.7129e-05	5.8629e-10	-10.0	-2.5
379.0	1.7129e-05	5.8682e-10	-10.0	-2.5
379.5	1.7128e-05	5.8762e-10	-10.0	-2.5
380.0	1.7125e-05	5.8664e-10	-10.0	-2.5
380.5	1.7127e-05	5.893e-10	-10.0	-2.5
381.0	1.7127e-05	5.8805e-10	-10.0	-2.5
381.5	1.7127e-05	5.8703e-10	-10.0	-2.5
382.0	1.7129e-05	5.901e-10	-10.0	-2.5
382.5	1.7127e-05	5.8798e-10	-10.0	-2.5
383.0	1.7126e-05	5.8931e-10	-10.0	-2.5
383.5	1.7129e-05	5.8858e-10	-10.0	-2.5
384.0	1.713e-05	5.8911e-10	-10.0	-2.5
384.5	1.7132e-05	5.9022e-10	-10.0	-2.5
385.0	1.7133e-05	5.9027e-10	-10.0	-2.5
385.5	1.7133e-05	5.8995e-10	-10.0	-2.5
386.0	1.7131e-05	5.8943e-10	-10.0	-2.5
386.5	1.713e-05	5.9009e-10	-10.0	-2.5
387.0	1.7134e-05	5.9067e-10	-10.0	-2.5
387.5	1.7134e-05	5.9109e-10	-10.0	-2.5
388.0	1.7133e-05	5.9032e-10	-10.0	-2.5
388.5	1.7132e-05	5.9081e-10	-10.0	-2.5
389.0	1.7132e-05	5.9148e-10	-10.0	-2.5
389.5	1.7134e-05	5.9082e-10	-10.0	-2.5
390.0	1.7132e-05	5.8991e-10	-10.0	-2.5
390.5	1.7132e-05	5.9241e-10	-10.0	-2.5
391.0	1.7136e-05	5.8955e-10	-10.0	-2.5
391.5	1.7136e-05	5.9014e-10	-10.0	-2.5
392.0	1.7134e-05	5.9022e-10	-10.0	-2.5
392.5	1.7134e-05	5.905e-10	-10.0	-2.5
393.0	1.7133e-05	5.9042e-10	-10.0	-2.5
393.5	1.7131e-05	5.9198e-10	-10.0	-2.5
394.0	1.7134e-05	5.9017e-10	-10.0	-2.5
394.5	1.7131e-05	5.9152e-10	-10.0	-2.5
395.0	1.7133e-05	5.9232e-10	-10.0	-2.5
395.5	1.7133e-05	5.9039e-10	-10.0	-2.5
396.0	1.7132e-05	5.907e-10	-10.0	-2.5
396.5	1.7135e-05	5.9118e-10	-10.0	-2.5
397.0	1.7136e-05	5.9163e-10	-10.0	-2.5
397.5	1.7135e-05	5.8981e-10	-10.0	-2.5
398.0	1.7131e-05	5.9119e-10	-10.0	-2.5
398.5	1.7132e-05	5.903e-10	-10.0	-2.5
399.0	1.7132e-05	5.9071e-10	-10.0	-2.5
399.5	1.7135e-05	5.9103e-10	-10.0	-2.5
400.0	1.7132e-05	5.9073e-10	-10.0	-2.5
400.5	1.7132e-05	5.9053e-10	-10.0	-2.5
401.0	1.7131e-05	5.9059e-10	-10.0	-2.5
401.5	1.7134e-05	5.8887e-10	-10.0	-2.5
402.0	1.7136e-05	5.9084e-10	-10.0	-2.5
402.5	1.7132e-05	5.9084e-10	-10.0	-2.5
403.0	1.7131e-05	5.9159e-10	-10.0	-2.5
403.5	1.7133e-05	5.9109e-10	-10.0	-2.5
404.0	1.7132e-05	5.9026e-10	-10.0	-2.5
404.5	1.7134e-05	5.9138e-10	-10.0	-2.5
405.0	1.7137e-05	5.9174e-10	-10.0	-2.5
405.5	1.7135e-05	5.9085e-10	-10.0	-2.5
406.0	1.7136e-05	5.8998e-10	-10.0	-2.5
406.5	1.7135e-05	5.9179e-10	-10.0	-2.5
407.0	1.7135e-05	5.8976e-10	-10.0	-2.5
407.5	1.7135e-05	5.9059e-10	-10.0	-2.5
408.0	1.7137e-05	5.9007e-10	-10.0	-2.5
408.5	1.7134e-05	5.9099e-10	-10.0	-2.5
409.0	1.7131e-05	5.8953e-10	-10.0	-2.5
409.5	1.7131e-05	5.8923e-10	-10.0	-2.5
410.0	1.713e-05	5.9021e-10	-10.0	-2.5
410.5	1.7128e-05	5.902e-10	-10.0	-2.5
411.0	1.713e-05	5.9093e-10	-10.0	-2.5
411.5	1.7131e-05	5.91e-10	-10.0	-2.5
412.0	1.7128e-05	5.905e-10	-10.0	-2.5
412.5	1.7129e-05	5.901e-10	-10.0	-2.5
413.0	1.7128e-05	5.8977e-10	-10.0	-2.5
413.5	1.7128e-05	5.913e-10	-10.0	-2.5
414.0	1.7124e-05	5.8939e-10	-10.0	-2.5
414.5	1.7122e-05	5.8986e-10	-10.0	-2.5
415.0	1.7121e-05	5.8966e-10	-10.0	-2.5
415.5	1.7122e-05	5.9033e-10	-10.0	-2.5
416.0	1.7125e-05	5.8905e-10	-10.0	-2.5
416.5	1.7124e-05	5.8984e-10	-10.0	-2.5
417.0	1.7124e-05	5.8935e-10	-10.0	-2.5
417.5	1.7126e-05	5.9048e-10	-10.0	-2.5
418.0	1.7124e-05	5.8811e-10	-10.0	-2.5
418.5	1.7122e-05	5.8865e-10	-10.0	-2.5
419.0	1.7127e-05	5.8857e-10	-10.0	-2.5
419.5	1.7126e-05	5.8741e-10	-10.0	-2.5
420.0	1.7119e-05	6.5572e-10	-10.0	-2.5
420.5	1.7122e-05	6.6125e-10	-10.0	-2.5
421.0	1.7123e-05	6.6261e-10	-10.0	-2.5
421.5	1.7121e-05	6.615e-10	-10.0	-2.5
422.0	1.7121e-05	6.5963e-10	-10.0	-2.5
422.5	1.712e-05	6.5892e-10	-10.0	-2.5
423.0	1.7119e-05	6.5883e-10	-10.0	-2.5
423.5	1.7117e-05	6.5777e-10	-10.0	-2.5
424.0	1.7116e-05	6.5584e-10	-10.0	-2.5
424.5	1.7117e-05	6.5574e-10	-10.0	-2.5
425.0	1.7117e-05	6.547e-10	-10.0	-2.5
425.5	1.7115e-05	6.55e-10	-10.0	-2.5
426.0	1.7114e-05	6.5389e-10	-10.0	-2.5
426.5	1.7114e-05	6.5284e-10	-10.0	-2.5
427.0	1.7113e-05	6.512e-10	-10.0	-2.5
427.5	1.7113e-05	6.5128e-10	-10.0	-2.5
428.0	1.7114e-05	6.5118e-10	-10.0	-2.5
428.5	1.7113e-05	6.4959e-10	-10.0	-2.5
429.0	1.7113e-05	6.4958e-10	-10.0	-2.5
429.5	1.7116e-05	6.492e-10	-10.0	-2.5
430.0	1.7113e-05	6.4876e-10	-10.0	-2.5
430.5	1.7111e-05	6.4702e-10	-10.0	-2.5
431.0	1.7112e-05	6.4595e-10	-10.0	-2.5
431.5	1.7115e-05	6.4623e-10	-10.0	-2.5
432.0	1.7117e-05	6.4617e-10	-10.0	-2.5
432.5	1.7114e-05	6.4554e-10	-10.0	-2.5
433.0	1.7117e-05	6.4615e-10	-10.0	-2.5
433.5	1.7117e-05	6.4632e-10	-10.0	-2.5
434.0	1.7119e-05	6.4509e-10	-10.0	-2.5
434.5	1.7121e-05	6.4341e-10	-10.0	-2.5
435.0	1.712e-05	6.4444e-10	-10.0	-2.5
435.5	1.712e-05	6.4476e-10	-10.0	-2.5
436.0	1.712e-05	6.4483e-10	-10.0	-2.5
436.5	1.712e-05	6.4392e-10	-10.0	-2.5
437.0	1.712e-05	6.4474e-10	-10.0	-2.5
437.5	1.7122e-05	6.4409e-10	-10.0	-2.5
438.0	1.7121e-05	6.4361e-10	-10.0	-2.5
438.5	1.712e-05	6.4318e-10	-10.0	-2.5
439.0	1.712e-05	6.4295e-10	-10.0	-2.5
439.5	1.7119e-05	6.4301e-10	-10.0	-2.5
440.0	1.7119e-05	6.4324e-10	-10.0	-2.5
440.5	1.7119e-05	6.4242e-10	-10.0	-2.5
441.0	1.7118e-05	6.4149e-10	-10.0	-2.5
441.5	1.7118e-05	6.4089e-10	-10.0	-2.5
442.0	1.712e-05	6.4064e-10	-10.0	-2.5
442.5	1.7117e-05	6.4109e-10	-10.0	-2.5
443.0	1.7115e-05	6.4247e-10	-10.0	-2.5
443.5	1.7116e-05	6.4035e-10	-10.0	-2.5
444.0	1.7115e-05	6.4182e-10	-10.0	-2.5
444.5	1.7117e-05	6.4164e-10	-10.0	-2.5
445.0	1.7115e-05	6.406e-10	-10.0	-2.5
445.5	1.7117e-05	6.3924e-10	-10.0	-2.5
446.0	1.712e-05	6.3868e-10	-10.0	-2.5
446.5	1.7119e-05	6.3952e-10	-10.0	-2.5
447.0	1.7121e-05	6.3961e-10	-10.0	-2.5
447.5	1.7119e-05	6.3921e-10	-10.0	-2.5
448.0	1.7118e-05	6.3976e-10	-10.0	-2.5
448.5	1.7115e-05	6.3991e-10	-10.0	-2.5
449.0	1.7114e-05	6.3971e-10	-10.0	-2.5
449.5	1.7116e-05	6.3796e-10	-10.0	-2.5
450.0	1.7118e-05	6.4064e-10	-10.0	-2.5
450.5	1.7118e-05	6.3991e-10	-10.0	-2.5
451.0	1.7119e-05	6.4198e-10	-10.0	-2.5
451.5	1.7121e-05	6.4008e-10	-10.0	-2.5
452.0	1.7117e-05	6.3888e-10	-10.0	-2.5
452.5	1.7122e-05	6.3852e-10	-10.0	-2.5
453.0	1.7121e-05	6.3949e-10	-10.0	-2.5
453.5	1.712e-05	6.3987e-10	-10.0	-2.5
454.0	1.7122e-05	6.3912e-10	-10.0	-2.5
454.5	1.7122e-05	6.3911e-10	-10.0	-2.5
455.0	1.7125e-05	6.3802e-10	-10.0	-2.5
455.5	1.7123e-05	6.392e-10	-10.0	-2.5
456.0	1.7123e-05	6.3988e-10	-10.0	-2.5
456.5	1.7122e-05	6.4047e-10	-10.0	-2.5
457.0	1.7123e-05	6.4089e-10	-10.0	-2.5
457.5	1.712e-05	6.3865e-10	-10.0	-2.5
458.0	1.7123e-05	6.3965e-10	-10.0	-2.5
458.5	1.7123e-05	6.4108e-10	-10.0	-2.5
459.0	1.7125e-05	6.4011e-10	-10.0	-2.5
459.5	1.7125e-05	6.419e-10	-10.0	-2.5
460.0	1.7125e-05	6.3965e-10	-10.0	-2.5
460.5	1.7126e-05	6.4076e-10	-10.0	-2.5
461.0	1.7126e-05	6.409e-10	-10.0	-2.5
461.5	1.7125e-05	6.3876e-10	-10.0	-2.5
462.0	1.7127e-05	6.4176e-10	-10.0	-2.5
462.5	1.7129e-05	6.4142e-10	-10.0	-2.5
463.0	1.7131e-05	6.4159e-10	-10.0	-2.5
463.5	1.7132e-05	6.4148e-10	-10.0	-2.5
464.0	1.7132e-05	6.4157e-10	-10.0	-2.5
464.5	1.7132e-05	6.4138e-10	-10.0	-2.5
465.0	1.7135e-05	6.4224e-10	-10.0	-2.5
465.5	1.7136e-05	6.4108e-10	-10.0	-2.5
466.0	1.7133e-05	6.4167e-10	-10.0	-2.5
466.5	1.7133e-05	6.4085e-10	-10.0	-2.5
467.0	1.7132e-05	6.4269e-10	-10.0	-2.5
467.5	1.713e-05	6.4145e-10	-10.0	-2.5
468.0	1.7134e-05	6.4263e-10	-10.0	-2.5
468.5	1.7135e-05	6.4309e-10	-10.0	-2.5
469.0	1.7136e-05	6.4143e-10	-10.0	-2.5
469.5	1.7134e-05	6.426e-10	-10.0	-2.5
470.0	1.7136e-05	6.4195e-10	-10.0	-2.5
470.5	1.7136e-05	6.4197e-10	-10.0	-2.5
471.0	1.7134e-05	6.4151e-10	-10.0	-2.5
471.5	1.7141e-05	6.4046e-10	-10.0	-2.5
472.0	1.7139e-05	6.4202e-10	-10.0	-2.5
472.5	1.714e-05	6.4165e-10	-10.0	-2.5
473.0	1.7141e-05	6.4235e-10	-10.0	-2.5
473.5	1.7143e-05	6.418e-10	-10.0	-2.5
474.0	1.7142e-05	6.4184e-10	-10.0	-2.5
474.5	1.714e-05	6.4363e-10	-10.0	-2.5
475.0	1.7146e-05	6.4199e-10	-10.0	-2.5
475.5	1.7144e-05	6.4279e-10	-10.0	-2.5
476.0	1.7145e-05	6.4313e-10	-10.0	-2.5
476.5	1.7149e-05	6.4292e-10	-10.0	-2.5
477.0	1.7148e-05	6.4319e-10	-10.0	-2.5
477.5	1.7149e-05	6.438e-10	-10.0	-2.5
478.0	1.7148e-05	6.4267e-10	-10.0	-2.5
478.5	1.715e-05	6.4412e-10	-10.0	-2.5
479.0	1.715e-05	6.4472e-10	-10.0	-2.5
479.5	1.7151e-05	6.4566e-10	-10.0	-2.5
480.0	1.7152e-05	5.711e-10	-10.0	-2.5
480.5	1.7149e-05	5.6711e-10	-10.0	-2.5
481.0	1.7152e-05	5.7023e-10	-10.0	-2.5
481.5	1.7151e-05	5.6847e-10	-10.0	-2.5
482.0	1.7152e-05	5.7172e-10	-10.0	-2.5
482.5	1.7154e-05	5.7429e-10	-10.0	-2.5
483.0	1.7155e-05	5.7395e-10	-10.0	-2.5
483.5	1.7157e-05	5.7514e-10	-10.0	-2.5
484.0	1.7156e-05	5.7696e-10	-10.0	-2.5
484.5	1.7158e-05	5.7742e-10	-10.0	-2.5
485.0	1.716e-05	5.7931e-10	-10.0	-2.5
485.5	1.7161e-05	5.7988e-10	-10.0	-2.5
486.0	1.7163e-05	5.8107e-10	-10.0	-2.5
486.5	1.7162e-05	5.828e-10	-10.0	-2.5
487.0	1.7161e-05	5.8354e-10	-10.0	-2.5
487.5	1.716e-05	5.8334e-10	-10.0	-2.5
488.0	1.7162e-05	5.8467e-10	-10.0	-2.5
488.5	1.7162e-05	5.8644e-10	-10.0	-2.5
489.0	1.7163e-05	5.849e-10	-10.0	-2.5
489.5	1.7168e-05	5.8758e-10	-10.0	-2.5
490.0	1.7165e-05	5.8659e-10	-10.0	-2.5
490.5	1.7169e-05	5.8791e-10	-10.0	-2.5
491.0	1.7169e-05	5.8915e-10	-10.0	-2.5
491.5	1.7169e-05	5.9164e-10	-10.0	-2.5
492.0	1.7174e-05	5.9113e-10	-10.0	-2.5
492.5	1.7174e-05	5.911e-10	-10.0	-2.5
493.0	1.7169e-05	5.9227e-10	-10.0	-2.5
493.5	1.7173e-05	5.9096e-10	-10.0	-2.5
494.0	1.7173e-05	5.9283e-10	-10.0	-2.5
494.5	1.7174e-05	5.9443e-10	-10.0	-2.5
495.0	1.7176e-05	5.938e-10	-10.0	-2.5
495.5	1.7174e-05	5.9462e-10	-10.0	-2.5
496.0	1.7175e-05	5.949e-10	-10.0	-2.5
496.5	1.7174e-05	5.9551e-10	-10.0	-2.5
497.0	1.7175e-05	5.972e-10	-10.0	-2.5
497.5	1.7177e-05	5.9463e-10	-10.0	-2.5
498.0	1.7177e-05	5.9654e-10	-10.0	-2.5
498.5	1.7175e-05	5.972e-10	-10.0	-2.5
499.0	1.718e-05	5.9693e-10	-10.0	-2.5
499.5	1.7178e-05	5.9776e-10	-10.0	-2.5
500.0	1.7176e-05	5.9705e-10	-10.0	-2.5
500.5	1.7174e-05	5.9876e-10	-10.0	-2.5
501.0	1.7173e-05	5.9936e-10	-10.0	-2.5
501.5	1.7174e-05	5.9736e-10	-10.0	-2.5
502.0	1.7175e-05	5.9774e-10	-10.0	-2.5
502.5	1.7173e-05	5.9919e-10	-10.0	-2.5
503.0	1.7175e-05	5.9995e-10	-10.0	-2.5
503.5	1.7177e-05	6.0047e-10	-10.0	-2.5
504.0	1.7177e-05	6.0072e-10	-10.0	-2.5
504.5	1.7174e-05	6.0095e-10	-10.0	-2.5
505.0	1.7175e-05	6.0094e-10	-10.0	-2.5
505.5	1.7174e-05	6.0101e-10	-10.0	-2.5
506.0	1.7176e-05	6.0077e-10	-10.0	-2.5
506.5	1.7174e-05	6.0096e-10	-10.0	-2.5
507.0	1.7176e-05	5.9861e-10	-10.0	-2.5
507.5	1.7174e-05	6.0091e-10	-10.0	-2.5
508.0	1.7176e-05	6.0141e-10	-10.0	-2.5
508.5	1.7175e-05	6.0068e-10	-10.0	-2.5
509.0	1.7177e-05	6.0107e-10	-10.0	-2.5
509.5	1.7177e-05	6.0118e-10	-10.0	-2.5
510.0	1.7177e-05	6.0046e-10	-10.0	-2.5
510.5	1.718e-05	6.0126e-10	-10.0	-2.5
511.0	1.7179e-05	5.998e-10	-10.0	-2.5
511.5	1.7179e-05	6.0139e-10	-10.0	-2.5
512.0	1.7178e-05	5.9949e-10	-10.0	-2.5
512.5	1.7179e-05	6.0038e-10	-10.0	-2.5
513.0	1.718e-05	6.0002e-10	-10.0	-2.5
513.5	1.7179e-05	6.006e-10	-10.0	-2.5
514.0	1.7181e-05	5.9985e-10	-10.0	-2.5
514.5	1.7182e-05	6.0005e-10	-10.0	-2.5
515.0	1.7179e-05	5.996e-10	-10.0	-2.5
515.5	1.7179e-05	5.9915e-10	-10.0	-2.5
516.0	1.7178e-05	6.0077e-10	-10.0	-2.5
516.5	1.7175e-05	6.0096e-10	-10.0	-2.5
517.0	1.7175e-05	6.0027e-10	-10.0	-2.5
517.5	1.7177e-05	5.9871e-10	-10.0	-2.5
518.0	1.7178e-05	6.0086e-10	-10.0	-2.5
518.5	1.7179e-05	6.0044e-10	-10.0	-2.5
519.0	1.7175e-05	6.002e-10	-10.0	-2.5
519.5	1.7176e-05	6.0036e-10	-10.0	-2.5
520.0	1.7174e-05	5.9994e-10	-10.0	-2.5
520.5	1.7172e-05	6.0003e-10	-10.0	-2.5
521.0	1.7175e-05	5.9927e-10	-10.0	-2.5
521.5	1.7178e-05	5.9966e-10	-10.0	-2.5
522.0	1.7175e-05	6.0183e-10	-10.0	-2.5
522.5	1.7177e-05	6.003e-10	-10.0	-2.5
523.0	1.7175e-05	6.0085e-10	-10.0	-2.5
523.5	1.7175e-05	6.0099e-10	-10.0	-2.5
524.0	1.7174e-05	5.999e-10	-10.0	-2.5
524.5	1.7174e-05	6.008e-10	-10.0	-2.5
525.0	1.7172e-05	6.0126e-10	-10.0	-2.5
525.5	1.7175e-05	6.0077e-10	-10.0	-2.5
526.0	1.7176e-05	6.0066e-10	-10.0	-2.5
526.5	1.7176e-05	6.0212e-10	-10.0	-2.5
527.0	1.7172e-05	6.0111e-10	-10.0	-2.5
527.5	1.7173e-05	6.0058e-10	-10.0	-2.5
528.0	1.7175e-05	6.0219e-10	-10.0	-2.5
528.5	1.7172e-05	6.0262e-10	-10.0	-2.5
529.0	1.7172e-05	6.0124e-10	-10.0	-2.5
529.5	1.7174e-05	6.0048e-10	-10.0	-2.5
530.0	1.7172e-05	6.0058e-10	-10.0	-2.5
530.5	1.7173e-05	6.0133e-10	-10.0	-2.5
531.0	1.7172e-05	6.0003e-10	-10.0	-2.5
531.5	1.7169e-05	6.004e-10	-10.0	-2.5
532.0	1.717e-05	5.9999e-10	-10.0	-2.5
532.5	1.7173e-05	5.9898e-10	-10.0	-2.5
533.0	1.717e-05	6.0026e-10	-10.0	-2.5
533.5	1.7172e-05	5.9884e-10	-10.0	-2.5
534.0	1.7171e-05	5.9953e-10	-10.0	-2.5
534.5	1.717e-05	6.0022e-10	-10.0	-2.5
535.0	1.7169e-05	5.9977e-10	-10.0	-2.5
535.5	1.7171e-05	6.0073e-10	-10.0	-2.5
536.0	1.717e-05	5.9792e-10	-10.0	-2.5
536.5	1.7171e-05	5.9942e-10	-10.0	-2.5
537.0	1.7171e-05	5.9931e-10	-10.0	-2.5
537.5	1.7172e-05	5.9819e-10	-10.0	-2.5
538.0	1.7168e-05	5.985e-10	-10.0	-2.5
538.5	1.7169e-05	5.9817e-10	-10.0	-2.5
539.0	1.7171e-05	5.9872e-10	-10.0	-2.5
539.5	1.7168e-05	5.9742e-10	-10.0	-2.5
540.0	1.717e-05	6.6691e-10	-10.0	-2.5
540.5	1.7168e-05	6.7167e-10	-10.0	-2.5
541.0	1.717e-05	6.724e-10	-10.0	-2.5
541.5	1.7167e-05	6.7187e-10	-10.0	-2.5
542.0	1.7169e-05	6.6898e-10	-10.0	-2.5
542.5	1.717e-05	6.7072e-10	-10.0	-2.5
543.0	1.717e-05	6.6795e-10	-10.0	-2.5
543.5	1.7171e-05	6.6854e-10	-10.0	-2.5
544.0	1.717e-05	6.6713e-10	-10.0	-2.5
544.5	1.7167e-05	6.6638e-10	-10.0	-2.5
545.0	1.7169e-05	6.6386e-10	-10.0	-2.5
545.5	1.7167e-05	6.6497e-10	-10.0	-2.5
546.0	1.7165e-05	6.6272e-10	-10.0	-2.5
546.5	1.7164e-05	6.6214e-10	-10.0	-2.5
547.0	1.7163e-05	6.6058e-10	-10.0	-2.5
547.5	1.7164e-05	6.6145e-10	-10.0	-2.5
548.0	1.7166e-05	6.5933e-10	-10.0	-2.5
548.5	1.7162e-05	6.5862e-10	-10.0	-2.5
549.0	1.7164e-05	6.5949e-10	-10.0	-2.5
549.5	1.7166e-05	6.5831e-10	-10.0	-2.5
550.0	1.7163e-05	6.576e-10	-10.0	-2.5
550.5	1.7164e-05	6.5761e-10	-10.0	-2.5
551.0	1.7161e-05	6.5629e-10	-10.0	-2.5
551.5	1.716e-05	6.5804e-10	-10.0	-2.5
552.0	1.7163e-05	6.5512e-10	-10.0	-2.5
552.5	1.716e-05	6.5511e-10	-10.0	-2.5
553.0	1.7158e-05	6.5292e-10	-10.0	-2.5
553.5	1.7162e-05	6.5447e-10	-10.0	-2.5
554.0	1.7161e-05	6.5331e-10	-10.0	-2.5
554.5	1.7161e-05	6.5401e-10	-10.0	-2.5
555.0	1.7158e-05	6.5257e-10	-10.0	-2.5
555.5	1.7161e-05	6.5215e-10	-10.0	-2.5
556.0	1.7162e-05	6.5234e-10	-10.0	-2.5
556.5	1.7162e-05	6.5232e-10	-10.0	-2.5
557.0	1.7162e-05	6.512e-10	-10.0	-2.5
557.5	1.7162e-05	6.5104e-10	-10.0	-2.5
558.0	1.7162e-05	6.5216e-10	-10.0	-2.5
558.5	1.7162e-05	6.5057e-10	-10.0	-2.5
559.0	1.7163e-05	6.4875e-10	-10.0	-2.5
559.5	1.7161e-05	6.5057e-10	-10.0	-2.5
560.0	1.7162e-05	6.487e-10	-10.0	-2.5
560.5	1.7163e-05	6.4893e-10	-10.0	-2.5
561.0	1.716e-05	6.4922e-10	-10.0	-2.5
561.5	1.7159e-05	6.4858e-10	-10.0	-2.5
562.0	1.7162e-05	6.4918e-10	-10.0	-2.5
562.5	1.7161e-05	6.493e-10	-10.0	-2.5
563.0	1.7163e-05	6.4861e-10	-10.0	-2.5
563.5	1.7163e-05	6.4854e-10	-10.0	-2.5
564.0	1.7162e-05	6.4754e-10	-10.0	-2.5
564.5	1.7163e-05	6.4747e-10	-10.0	-2.5
565.0	1.7166e-05	6.4858e-10	-10.0	-2.5
565.5	1.7166e-05	6.4828e-10	-10.0	-2.5
566.0	1.7167e-05	6.4819e-10	-10.0	-2.5
566.5	1.7167e-05	6.4706e-10	-10.0	-2.5
567.0	1.7168e-05	6.4776e-10	-10.0	-2.5
567.5	1.7167e-05	6.4824e-10	-10.0	-2.5
568.0	1.7165e-05	6.4745e-10	-10.0	-2.5
568.5	1.7166e-05	6.4662e-10	-10.0	-2.5
569.0	1.7166e-05	6.4627e-10	-10.0	-2.5
569.5	1.7165e-05	6.4649e-10	-10.0	-2.5
570.0	1.7165e-05	6.4737e-10	-10.0	-2.5
570.5	1.7168e-05	6.4801e-10	-10.0	-2.5
571.0	1.7171e-05	6.48e-10	-10.0	-2.5
571.5	1.7173e-05	6.4619e-10	-10.0	-2.5
572.0	1.7171e-05	6.4778e-10	-10.0	-2.5
572.5	1.7173e-05	6.4843e-10	-10.0	-2.5
573.0	1.7172e-05	6.4837e-10	-10.0	-2.5
573.5	1.717e-05	6.4722e-10	-10.0	-2.5
574.0	1.7173e-05	6.4761e-10	-10.0	-2.5
574.5	1.7172e-05	6.4775e-10	-10.0	-2.5
575.0	1.7173e-05	6.483e-10	-10.0	-2.5
575.5	1.717e-05	6.4644e-10	-10.0	-2.5
576.0	1.7175e-05	6.4797e-10	-10.0	-2.5
576.5	1.7171e-05	6.4626e-10	-10.0	-2.5
577.0	1.7174e-05	6.4826e-10	-10.0	-2.5
577.5	1.7178e-05	6.4821e-10	-10.0	-2.5
578.0	1.7177e-05	6.4766e-10	-10.0	-2.5
578.5	1.7174e-05	6.4793e-10	-10.0	-2.5
579.0	1.7175e-05	6.4848e-10	-10.0	-2.5
579.5	1.7173e-05	6.47e-10	-10.0	-2.5
580.0	1.7177e-05	6.4789e-10	-10.0	-2.5
580.5	1.7177e-05	6.4724e-10	-10.0	-2.5
581.0	1.7178e-05	6.478e-10	-10.0	-2.5
581.5	1.7177e-05	6.4986e-10	-10.0	-2.5
582.0	1.7177e-05	6.4772e-10	-10.0	-2.5
582.5	1.718e-05	6.4832e-10	-10.0	-2.5
583.0	1.7179e-05	6.4735e-10	-10.0	-2.5
583.5	1.7178e-05	6.4859e-10	-10.0	-2.5
584.0	1.7178e-05	6.4892e-10	-10.0	-2.5
584.5	1.7178e-05	6.4718e-10	-10.0	-2.5
585.0	1.7182e-05	6.4835e-10	-10.0	-2.5
585.5	1.7177e-05	6.4919e-10	-10.0	-2.5
586.0	1.7181e-05	6.4821e-10	-10.0	-2.5
586.5	1.7183e-05	6.4895e-10	-10.0	-2.5
587.0	1.7185e-05	6.4863e-10	-10.0	-2.5
587.5	1.7183e-05	6.5055e-10	-10.0	-2.5
588.0	1.7181e-05	6.4765e-10	-10.0	-2.5
588.5	1.7181e-05	6.4948e-10	-10.0	-2.5
589.0	1.7181e-05	6.4898e-10	-10.0	-2.5
589.5	1.7183e-05	6.498e-10	-10.0	-2.5
590.0	1.7183e-05	6.5013e-10	-10.0	-2.5
590.5	1.7179e-05	6.4923e-10	-10.0	-2.5
591.0	1.7182e-05	6.5156e-10	-10.0	-2.5
591.5	1.7182e-05	6.4911e-10	-10.0	-2.5
592.0	1.7184e-05	6.501e-10	-10.0	-2.5
592.5	1.7184e-05	6.5099e-10	-10.0	-2.5
593.0	1.7186e-05	6.5e-10	-10.0	-2.5
593.5	1.7187e-05	6.4935e-10	-10.0	-2.5
594.0	1.7187e-05	6.5179e-10	-10.0	-2.5
594.5	1.7191e-05	6.5112e-10	-10.0	-2.5
595.0	1.7191e-05	6.5047e-10	-10.0	-2.5
595.5	1.7191e-05	6.5069e-10	-10.0	-2.5
596.0	1.7192e-05	6.5073e-10	-10.0	-2.5
596.5	1.7191e-05	6.5016e-10	-10.0	-2.5
597.0	1.7192e-05	6.522e-10	-10.0	-2.5
597.5	1.7193e-05	6.5085e-10	-10.0	-2.5
598.0	1.7189e-05	6.5052e-10	-10.0	-2.5
598.5	1.7191e-05	6.5163e-10	-10.0	-2.5
599.0	1.7194e-05	6.5072e-10	-10.0	-2.5
599.5	1.7194e-05	6.5203e-10	-10.0	-2.5
600.0	1.7196e-05	6.5221e-10	-10.0	-2.5
600.5	1.7195e-05	6.5129e-10	-10.0	-2.5
601.0	1.7191e-05	6.5168e-10	-10.0	-2.5
601.5	1.7194e-05	6.5329e-10	-10.0	-2.5
602.0	1.7195e-05	6.5127e-10	-10.0	-2.5
602.5	1.7197e-05	6.5339e-10	-10.0	-2.5
603.0	1.7199e-05	6.5154e-10	-10.0	-2.5
603.5	1.7202e-05	6.5258e-10	-10.0	-2.5
604.0	1.7202e-05	6.5308e-10	-10.0	-2.5
604.5	1.7202e-05	6.5372e-10	-10.0	-2.5
