File Name: 10_Sample1_device1_trfSat_dark_vert_foil.dat
File Data: 17/11/2023	13:28:09
Start V: 0
Step V: 0
Stop V: 0
Range V: 200
Delay(ms): 0
Auorange: yes
Sweep type: log
Instrument Meter: SM2614
Time(ms)	Vdrain(V)	Idrain(A)	Vgate(V)	Igate(A)
0.0000E+0	1.0000E+0	2.9916E-10	-5.0000E+1	-7.7174E-10
1.0000E+3	1.0000E+0	2.5094E-10	-4.9500E+1	-3.4177E-10
1.5000E+3	1.0000E+0	2.2069E-10	-4.9000E+1	-1.6374E-10
2.0000E+3	1.0000E+0	2.0464E-10	-4.8500E+1	-1.4614E-10
2.5000E+3	1.0000E+0	1.7890E-10	-4.8000E+1	-1.2276E-10
3.0000E+3	1.0000E+0	1.6520E-10	-4.7500E+1	-1.0705E-10
3.5000E+3	1.0000E+0	1.5372E-10	-4.7000E+1	-9.5718E-11
4.0000E+3	1.0000E+0	1.4548E-10	-4.6500E+1	-8.6900E-11
4.5000E+3	1.0000E+0	1.3914E-10	-4.6000E+1	-8.1112E-11
5.0000E+3	1.0000E+0	1.2928E-10	-4.5500E+1	-7.0874E-11
5.5000E+3	1.0000E+0	1.2561E-10	-4.5000E+1	-6.6472E-11
6.0000E+3	1.0000E+0	1.1198E-10	-4.4500E+1	-5.6565E-11
6.5000E+3	1.0000E+0	9.8813E-11	-4.4000E+1	-4.6321E-11
7.0000E+3	1.0000E+0	9.2112E-11	-4.3500E+1	-4.2701E-11
7.5000E+3	1.0000E+0	8.2585E-11	-4.3000E+1	-3.2724E-11
8.0000E+3	1.0000E+0	7.9591E-11	-4.2500E+1	-2.6624E-11
8.5000E+3	1.0000E+0	7.5250E-11	-4.2000E+1	-2.3770E-11
9.0000E+3	1.0000E+0	7.1204E-11	-4.1500E+1	-2.1817E-11
9.5000E+3	1.0000E+0	6.7023E-11	-4.1000E+1	-1.6311E-11
1.0000E+4	1.0000E+0	6.4559E-11	-4.0500E+1	-1.3998E-11
1.0500E+4	1.0000E+0	6.3164E-11	-4.0000E+1	-1.3565E-11
1.1000E+4	1.0000E+0	6.0521E-11	-3.9500E+1	-1.0259E-11
1.1500E+4	1.0000E+0	5.8926E-11	-3.9000E+1	-7.2050E-12
1.2000E+4	1.0000E+0	5.6205E-11	-3.8500E+1	-6.5207E-12
1.2500E+4	1.0000E+0	4.9809E-11	-3.8000E+1	-1.3173E-12
1.3000E+4	1.0000E+0	4.4769E-11	-3.7500E+1	3.5822E-12
1.3500E+4	1.0000E+0	4.0045E-11	-3.7000E+1	7.4303E-12
1.4000E+4	1.0000E+0	3.3879E-11	-3.6500E+1	1.2784E-11
1.4500E+4	1.0000E+0	2.4763E-11	-3.6000E+1	2.1186E-11
1.5000E+4	1.0000E+0	2.2918E-11	-3.5500E+1	2.2031E-11
1.5500E+4	1.0000E+0	-1.6123E-11	-3.5000E+1	3.8816E-10
1.6000E+4	1.0000E+0	-6.8593E-12	-3.4500E+1	5.0354E-11
1.6500E+4	1.0000E+0	-5.9617E-12	-3.4000E+1	5.6425E-11
1.7000E+4	1.0000E+0	1.3189E-11	-3.3500E+1	4.5544E-11
1.7500E+4	1.0000E+0	2.0511E-11	-3.3000E+1	3.7078E-11
1.8000E+4	1.0000E+0	2.1917E-11	-3.2500E+1	3.5557E-11
1.8500E+4	1.0000E+0	1.9382E-11	-3.2000E+1	3.7863E-11
1.9000E+4	1.0000E+0	1.9531E-11	-3.1500E+1	3.7794E-11
1.9500E+4	1.0000E+0	1.9652E-11	-3.1000E+1	3.7003E-11
2.0000E+4	1.0000E+0	1.9623E-11	-3.0500E+1	3.5958E-11
2.0500E+4	1.0000E+0	1.8262E-11	-3.0000E+1	3.5377E-11
2.1000E+4	1.0000E+0	1.7593E-11	-2.9500E+1	3.5611E-11
2.1500E+4	1.0000E+0	1.7036E-11	-2.9000E+1	3.6006E-11
2.2000E+4	1.0000E+0	1.4975E-11	-2.8500E+1	3.7032E-11
2.2500E+4	1.0000E+0	1.2587E-11	-2.8000E+1	3.9249E-11
2.3000E+4	1.0000E+0	1.1347E-11	-2.7500E+1	4.0461E-11
2.3500E+4	1.0000E+0	1.0787E-11	-2.7000E+1	4.1506E-11
2.4000E+4	1.0000E+0	9.2745E-12	-2.6500E+1	4.3128E-11
2.4500E+4	1.0000E+0	7.5960E-12	-2.6000E+1	4.4867E-11
2.5000E+4	1.0000E+0	6.4266E-12	-2.5500E+1	4.6387E-11
2.5500E+4	1.0000E+0	4.8864E-12	-2.5000E+1	4.8931E-11
2.6000E+4	1.0000E+0	5.0569E-12	-2.4500E+1	4.9438E-11
2.6500E+4	1.0000E+0	4.9043E-12	-2.4000E+1	4.9757E-11
2.7000E+4	1.0000E+0	3.5119E-12	-2.3500E+1	5.1746E-11
2.7500E+4	1.0000E+0	2.8777E-12	-2.3000E+1	5.2303E-11
2.8000E+4	1.0000E+0	1.6475E-12	-2.2500E+1	5.3600E-11
2.8500E+4	1.0000E+0	-1.5616E-13	-2.2000E+1	5.5357E-11
2.9000E+4	1.0000E+0	-1.2517E-13	-2.1500E+1	5.5888E-11
2.9500E+4	1.0000E+0	-2.0838E-12	-2.1000E+1	5.8031E-11
3.0000E+4	1.0000E+0	2.6858E-12	-2.0500E+1	5.8508E-11
3.0500E+4	1.0000E+0	-7.1323E-12	-2.0000E+1	1.0444E-10
3.1000E+4	1.0000E+0	-1.5417E-11	-1.9500E+1	1.0523E-10
3.1500E+4	1.0000E+0	-7.1967E-12	-1.9000E+1	6.3106E-11
3.2000E+4	1.0000E+0	-7.8917E-12	-1.8500E+1	6.3142E-11
3.2500E+4	1.0000E+0	-9.1112E-12	-1.8000E+1	6.4088E-11
3.3000E+4	1.0000E+0	-1.1360E-11	-1.7500E+1	6.5823E-11
3.3500E+4	1.0000E+0	-1.3028E-11	-1.7000E+1	6.7891E-11
3.4000E+4	1.0000E+0	-1.4848E-11	-1.6500E+1	6.9534E-11
3.4500E+4	1.0000E+0	-1.6607E-11	-1.6000E+1	7.1522E-11
3.5000E+4	1.0000E+0	-1.8139E-11	-1.5500E+1	7.2004E-11
3.5500E+4	1.0000E+0	-2.0509E-11	-1.5000E+1	7.4691E-11
3.6000E+4	1.0000E+0	-2.2365E-11	-1.4500E+1	7.6408E-11
3.6500E+4	1.0000E+0	-2.3733E-11	-1.4000E+1	7.7790E-11
3.7000E+4	1.0000E+0	-2.4412E-11	-1.3500E+1	7.8141E-11
3.7500E+4	1.0000E+0	-2.5575E-11	-1.3000E+1	7.9038E-11
3.8000E+4	1.0000E+0	-2.6355E-11	-1.2500E+1	7.9459E-11
3.8500E+4	1.0000E+0	-2.6749E-11	-1.2000E+1	8.0154E-11
3.9000E+4	1.0000E+0	-2.7684E-11	-1.1500E+1	8.1339E-11
3.9500E+4	1.0000E+0	-2.9548E-11	-1.1000E+1	8.2945E-11
4.0000E+4	1.0000E+0	-3.0109E-11	-1.0500E+1	8.3404E-11
4.0500E+4	1.0000E+0	-3.1056E-11	-1.0000E+1	8.4417E-11
4.1000E+4	1.0000E+0	-3.2476E-11	-9.5000E+0	8.5957E-11
4.1500E+4	1.0000E+0	-3.5133E-11	-9.0000E+0	8.7575E-11
4.2000E+4	1.0000E+0	-4.0705E-11	-8.5000E+0	9.2554E-11
4.2500E+4	1.0000E+0	-4.5180E-11	-8.0000E+0	9.6543E-11
4.3000E+4	1.0000E+0	-5.3037E-11	-7.5000E+0	1.0313E-10
4.3500E+4	1.0000E+0	-6.2130E-11	-7.0000E+0	1.1146E-10
4.4000E+4	1.0000E+0	-7.4875E-11	-6.5000E+0	1.2087E-10
4.4500E+4	1.0000E+0	-9.0803E-11	-6.0000E+0	1.3516E-10
4.5000E+4	1.0000E+0	-1.0558E-10	-5.5000E+0	1.4869E-10
4.5500E+4	1.0000E+0	-1.2122E-10	-5.0000E+0	1.5724E-10
4.6000E+4	1.0000E+0	-1.5609E-10	-4.5000E+0	5.5968E-10
4.6500E+4	1.0000E+0	-1.6498E-10	-4.0000E+0	2.0489E-10
4.7000E+4	1.0000E+0	-1.8905E-10	-3.5000E+0	2.2729E-10
4.7500E+4	1.0000E+0	-2.1389E-10	-3.0000E+0	2.5340E-10
4.8000E+4	1.0000E+0	-2.3536E-10	-2.5000E+0	2.8039E-10
4.8500E+4	1.0000E+0	-2.6067E-10	-2.0000E+0	3.0602E-10
4.9000E+4	1.0000E+0	-2.8526E-10	-1.5000E+0	3.2942E-10
4.9500E+4	1.0000E+0	-3.1412E-10	-1.0000E+0	3.5949E-10
5.0000E+4	1.0000E+0	-3.5107E-10	-5.0000E-1	4.0233E-10
5.0500E+4	1.0000E+0	-3.8784E-10	0.0000E+0	4.4111E-10
5.1000E+4	1.0000E+0	-4.2699E-10	5.0000E-1	4.8070E-10
5.1500E+4	1.0000E+0	-4.7355E-10	1.0000E+0	5.3130E-10
5.2000E+4	1.0000E+0	-5.2369E-10	1.5000E+0	5.8571E-10
5.2500E+4	1.0000E+0	-5.6588E-10	2.0000E+0	6.3484E-10
5.3000E+4	1.0000E+0	-5.9062E-10	2.5000E+0	6.7738E-10
5.3500E+4	1.0000E+0	-5.6735E-10	3.0000E+0	6.8201E-10
5.4000E+4	1.0000E+0	-4.9490E-10	3.5000E+0	6.4218E-10
5.4500E+4	1.0000E+0	-4.0422E-10	4.0000E+0	5.6091E-10
5.5000E+4	1.0000E+0	-3.3446E-10	4.5000E+0	4.9196E-10
5.5500E+4	1.0000E+0	-2.9014E-10	5.0000E+0	4.4441E-10
5.6000E+4	1.0000E+0	-2.6433E-10	5.5000E+0	4.2584E-10
5.6500E+4	1.0000E+0	-2.4683E-10	6.0000E+0	4.1550E-10
5.7000E+4	1.0000E+0	-2.3234E-10	6.5000E+0	4.1297E-10
5.7500E+4	1.0000E+0	-2.1886E-10	7.0000E+0	4.1360E-10
5.8000E+4	1.0000E+0	-2.0597E-10	7.5000E+0	4.1412E-10
5.8500E+4	1.0000E+0	-1.9244E-10	8.0000E+0	4.1425E-10
5.9000E+4	1.0000E+0	-1.7941E-10	8.5000E+0	4.1221E-10
5.9500E+4	1.0000E+0	-1.6662E-10	9.0000E+0	4.1314E-10
6.0000E+4	1.0000E+0	-1.5614E-10	9.5000E+0	4.0912E-10
6.0500E+4	1.0000E+0	-1.1892E-10	1.0000E+1	3.8013E-10
6.1000E+4	1.0000E+0	-1.9623E-10	1.0500E+1	9.2746E-10
6.1500E+4	1.0000E+0	-1.2405E-10	1.1000E+1	3.9809E-10
6.2000E+4	1.0000E+0	-1.1727E-10	1.1500E+1	3.8846E-10
6.2500E+4	1.0000E+0	-1.0973E-10	1.2000E+1	3.8268E-10
6.3000E+4	1.0000E+0	-1.0225E-10	1.2500E+1	3.7082E-10
6.3500E+4	1.0000E+0	-9.7803E-11	1.3000E+1	3.6246E-10
6.4000E+4	1.0000E+0	-9.2301E-11	1.3500E+1	3.5107E-10
6.4500E+4	1.0000E+0	-8.9736E-11	1.4000E+1	3.4559E-10
6.5000E+4	1.0000E+0	-8.5515E-11	1.4500E+1	3.3165E-10
6.5500E+4	1.0000E+0	-8.1813E-11	1.5000E+1	3.1562E-10
6.6000E+4	1.0000E+0	-8.0049E-11	1.5500E+1	3.1249E-10
6.6500E+4	1.0000E+0	-7.7727E-11	1.6000E+1	3.0064E-10
6.7000E+4	1.0000E+0	-7.5280E-11	1.6500E+1	2.9154E-10
6.7500E+4	1.0000E+0	-7.3394E-11	1.7000E+1	2.8158E-10
6.8000E+4	1.0000E+0	-7.1827E-11	1.7500E+1	2.7141E-10
6.8500E+4	1.0000E+0	-7.0986E-11	1.8000E+1	2.6700E-10
6.9000E+4	1.0000E+0	-6.8829E-11	1.8500E+1	2.5385E-10
6.9500E+4	1.0000E+0	-6.8445E-11	1.9000E+1	2.5172E-10
7.0000E+4	1.0000E+0	-6.6409E-11	1.9500E+1	2.3582E-10
7.0500E+4	1.0000E+0	-6.5829E-11	2.0000E+1	2.3383E-10
7.1000E+4	1.0000E+0	-6.6850E-11	2.0500E+1	2.4466E-10
7.1500E+4	1.0000E+0	-6.5175E-11	2.1000E+1	2.2717E-10
7.2000E+4	1.0000E+0	-6.4997E-11	2.1500E+1	2.2392E-10
7.2500E+4	1.0000E+0	-6.3971E-11	2.2000E+1	2.1629E-10
7.3000E+4	1.0000E+0	-6.3425E-11	2.2500E+1	2.1346E-10
7.3500E+4	1.0000E+0	-6.2716E-11	2.3000E+1	2.1048E-10
7.4000E+4	1.0000E+0	-6.2805E-11	2.3500E+1	2.0784E-10
7.4500E+4	1.0000E+0	-6.2925E-11	2.4000E+1	2.0456E-10
7.5000E+4	1.0000E+0	-6.1970E-11	2.4500E+1	2.0026E-10
7.5500E+4	1.0000E+0	-5.2403E-11	2.5000E+1	1.9612E-10
7.6000E+4	1.0000E+0	-8.9199E-11	2.5500E+1	1.0155E-9
7.6500E+4	1.0000E+0	-6.2182E-11	2.6000E+1	1.9581E-10
7.7000E+4	1.0000E+0	-6.1889E-11	2.6500E+1	1.9378E-10
7.7500E+4	1.0000E+0	-6.1612E-11	2.7000E+1	1.9093E-10
7.8000E+4	1.0000E+0	-6.1475E-11	2.7500E+1	1.9002E-10
7.8500E+4	1.0000E+0	-6.1063E-11	2.8000E+1	1.8614E-10
7.9000E+4	1.0000E+0	-6.0983E-11	2.8500E+1	1.8410E-10
7.9500E+4	1.0000E+0	-6.0247E-11	2.9000E+1	1.8057E-10
8.0000E+4	1.0000E+0	-5.9987E-11	2.9500E+1	1.7853E-10
8.0500E+4	1.0000E+0	-5.9806E-11	3.0000E+1	1.7760E-10
8.1000E+4	1.0000E+0	-5.9730E-11	3.0500E+1	1.7617E-10
8.1500E+4	1.0000E+0	-6.0093E-11	3.1000E+1	1.7570E-10
8.2000E+4	1.0000E+0	-5.9496E-11	3.1500E+1	1.7234E-10
8.2500E+4	1.0000E+0	-5.9255E-11	3.2000E+1	1.7172E-10
8.3000E+4	1.0000E+0	-5.9354E-11	3.2500E+1	1.7094E-10
8.3500E+4	1.0000E+0	-5.9285E-11	3.3000E+1	1.6912E-10
8.4000E+4	1.0000E+0	-5.9577E-11	3.3500E+1	1.6924E-10
8.4500E+4	1.0000E+0	-5.9178E-11	3.4000E+1	1.7003E-10
8.5000E+4	1.0000E+0	-5.9737E-11	3.4500E+1	1.7178E-10
8.5500E+4	1.0000E+0	-6.0310E-11	3.5000E+1	1.7445E-10
8.6000E+4	1.0000E+0	-6.1071E-11	3.5500E+1	1.7654E-10
8.6500E+4	1.0000E+0	-6.1221E-11	3.6000E+1	1.7818E-10
8.7000E+4	1.0000E+0	-6.1636E-11	3.6500E+1	1.7946E-10
8.7500E+4	1.0000E+0	-6.2305E-11	3.7000E+1	1.8004E-10
8.8000E+4	1.0000E+0	-6.2445E-11	3.7500E+1	1.8088E-10
8.8500E+4	1.0000E+0	-6.2454E-11	3.8000E+1	1.8089E-10
8.9000E+4	1.0000E+0	-6.2607E-11	3.8500E+1	1.8035E-10
8.9500E+4	1.0000E+0	-6.3145E-11	3.9000E+1	1.8045E-10
9.0000E+4	1.0000E+0	-6.3429E-11	3.9500E+1	1.8098E-10
9.0500E+4	1.0000E+0	-6.3316E-11	4.0000E+1	1.8052E-10
9.1000E+4	1.0000E+0	-4.8138E-11	4.0500E+1	1.4773E-10
9.1500E+4	1.0000E+0	-9.0418E-11	4.1000E+1	9.7980E-10
9.2000E+4	1.0000E+0	-6.4794E-11	4.1500E+1	1.8189E-10
9.2500E+4	1.0000E+0	-6.4801E-11	4.2000E+1	1.8209E-10
9.3000E+4	1.0000E+0	-6.5044E-11	4.2500E+1	1.8248E-10
9.3500E+4	1.0000E+0	-6.5595E-11	4.3000E+1	1.8291E-10
9.4000E+4	1.0000E+0	-6.5069E-11	4.3500E+1	1.8330E-10
9.4500E+4	1.0000E+0	-6.5521E-11	4.4000E+1	1.8233E-10
9.5000E+4	1.0000E+0	-6.5608E-11	4.4500E+1	1.8351E-10
9.5500E+4	1.0000E+0	-6.6551E-11	4.5000E+1	1.8413E-10
9.6000E+4	1.0000E+0	-6.6266E-11	4.5500E+1	1.8270E-10
9.6500E+4	1.0000E+0	-6.6702E-11	4.6000E+1	1.8272E-10
9.7000E+4	1.0000E+0	-6.7327E-11	4.6500E+1	1.8317E-10
9.7500E+4	1.0000E+0	-6.6781E-11	4.7000E+1	1.8292E-10
9.8000E+4	1.0000E+0	-6.7151E-11	4.7500E+1	1.8173E-10
9.8500E+4	1.0000E+0	-6.7294E-11	4.8000E+1	1.8316E-10
9.9000E+4	1.0000E+0	-6.7601E-11	4.8500E+1	1.8262E-10
9.9500E+4	1.0000E+0	-6.7097E-11	4.9000E+1	1.8340E-10
1.0000E+5	1.0000E+0	-6.8433E-11	4.9500E+1	1.8405E-10
1.0050E+5	1.0000E+0	-6.8051E-11	5.0000E+1	1.8348E-10
1.0100E+5	1.0000E+0	-6.8952E-11	5.0500E+1	1.8414E-10
1.0150E+5	1.0000E+0	1.0370E-11	5.0000E+1	-1.7882E-10
1.0200E+5	1.0000E+0	1.5632E-11	4.9500E+1	-1.8732E-10
1.0250E+5	1.0000E+0	1.6978E-11	4.9000E+1	-1.9090E-10
1.0300E+5	1.0000E+0	1.7581E-11	4.8500E+1	-1.9319E-10
1.0350E+5	1.0000E+0	1.8390E-11	4.8000E+1	-1.9498E-10
1.0400E+5	1.0000E+0	1.9692E-11	4.7500E+1	-1.9808E-10
1.0450E+5	1.0000E+0	2.0675E-11	4.7000E+1	-2.0037E-10
1.0500E+5	1.0000E+0	2.0332E-11	4.6500E+1	-2.0045E-10
1.0550E+5	1.0000E+0	2.0913E-11	4.6000E+1	-2.0209E-10
1.0600E+5	1.0000E+0	1.4163E-11	4.5500E+1	-1.8895E-10
1.0650E+5	1.0000E+0	4.0362E-11	4.5000E+1	-1.0772E-9
1.0700E+5	1.0000E+0	2.2560E-11	4.4500E+1	-2.0438E-10
1.0750E+5	1.0000E+0	2.3378E-11	4.4000E+1	-2.0390E-10
1.0800E+5	1.0000E+0	2.4015E-11	4.3500E+1	-2.0602E-10
