#scan	iMeasureCycle=1	iMux=0	time=0.139	N=210	LocalTime=20/12/2023 14:22:05
#VGate(V)	IGate(A)	time(s)	VDrain(V)	IDrain(A)	time(s)
4.99999	2.2091E-09	0.298983	0	-9.0664E-10	0.298983
5	1.88269E-09	0.475454	-0.50001	-7.7117E-10	0.475454
4.99999	1.71928E-09	0.651551	-1.00001	-7.0761E-10	0.651551
4.99999	1.61841E-09	0.847012	-1.50001	-6.6457E-10	0.847012
4.99999	1.55037E-09	1.023082	-2.00001	-6.3833E-10	1.023082
4.99999	1.51466E-09	1.199141	-2.5	-6.2274E-10	1.199141
5	1.46625E-09	1.407837	-3.00001	-6.0323E-10	1.407837
4.99999	1.44157E-09	1.584009	-3.5	-5.9252E-10	1.584009
5	1.41638E-09	1.760151	-4.00001	-5.8401E-10	1.760151
4.99999	1.39623E-09	1.936203	-4.5	-5.7422E-10	1.936203
4.99999	1.37929E-09	2.112246	-5.00001	-5.6771E-10	2.112246
5	1.35124E-09	2.288257	-5.5	-5.6106E-10	2.288257
5	1.33802E-09	2.464349	-6	-5.515E-10	2.464349
5	1.31974E-09	2.640594	-6.50001	-5.4467E-10	2.640594
4.99999	1.30878E-09	2.816663	-7	-5.3954E-10	2.816663
5	1.29228E-09	3.008321	-7.5	-5.3064E-10	3.008321
5	1.28153E-09	3.184331	-8	-5.2581E-10	3.184331
4.99999	1.25811E-09	3.388979	-8.50001	-5.1763E-10	3.388979
4.99999	1.2478E-09	3.565037	-9.00001	-5.1236E-10	3.565037
4.99999	1.23648E-09	3.741053	-9.50001	-5.0939E-10	3.741053
4.99999	1.22757E-09	3.9229	-10	-5.0499E-10	3.9229
4.99999	1.21242E-09	4.044126	-10	-4.9896E-10	4.044126
4.99999	1.20198E-09	4.220364	-9.50001	-4.8906E-10	4.220364
4.99999	1.19295E-09	4.414843	-9.00001	-4.8254E-10	4.414843
5	1.18139E-09	4.590962	-8.49999	-4.7523E-10	4.590962
4.99999	1.17654E-09	4.767016	-8	-4.7163E-10	4.767016
4.99999	1.16625E-09	4.94315	-7.5	-4.6497E-10	4.94315
5	1.15138E-09	5.119237	-7	-4.5997E-10	5.119237
5	1.13912E-09	5.295444	-6.50001	-4.5527E-10	5.295444
5	1.1259E-09	5.472664	-6	-4.4956E-10	5.472664
5	1.12697E-09	5.648737	-5.5	-4.4532E-10	5.648737
5	1.11885E-09	5.824739	-5.00001	-4.4046E-10	5.824739
5	1.1085E-09	6.016124	-4.5	-4.3524E-10	6.016124
5	1.1037E-09	6.192104	-4	-4.3263E-10	6.192104
4.99999	1.08477E-09	6.396755	-3.5	-4.2689E-10	6.396755
4.99999	1.08273E-09	6.572845	-3.00001	-4.211E-10	6.572845
4.99999	1.07368E-09	6.748836	-2.5	-4.1562E-10	6.748836
4.99999	1.05957E-09	6.930476	-2.00001	-4.1255E-10	6.930476
5	1.06185E-09	7.106547	-1.50001	-4.0955E-10	7.106547
5	1.06152E-09	7.282538	-1	-4.044E-10	7.282538
4.99999	1.04785E-09	7.458591	-0.50001	-3.9935E-10	7.458591
4.99999	1.03248E-09	7.634704	-1E-05	-3.9305E-10	7.634704
2.49999	7.3342E-10	7.810753	-1E-05	-3.5275E-10	7.810753
2.49999	9.5838E-10	7.988749	-0.5	-4.103E-10	7.988749
2.5	9.901E-10	8.164828	-1	-4.369E-10	8.164828
2.5	9.9443E-10	8.340887	-1.5	-4.5282E-10	8.340887
2.5	9.9715E-10	8.522782	-2.00001	-4.6281E-10	8.522782
2.49999	9.916E-10	8.698758	-2.50001	-4.645E-10	8.698758
2.49999	9.8618E-10	8.907941	-3.00001	-4.6766E-10	8.907941
2.5	9.8367E-10	9.083944	-3.5	-4.703E-10	9.083944
2.5	9.7476E-10	9.260231	-4.00001	-4.685E-10	9.260231
2.5	9.7142E-10	9.437211	-4.5	-4.7012E-10	9.437211
2.5	9.6517E-10	9.613244	-5	-4.6702E-10	9.613244
2.5	9.6019E-10	9.789315	-5.5	-4.6874E-10	9.789315
2.49999	9.5639E-10	9.965404	-6.00001	-4.6759E-10	9.965404
2.49999	9.5535E-10	10.141468	-6.5	-4.6843E-10	10.141468
2.5	9.4617E-10	10.317569	-7	-4.6518E-10	10.317569
2.49999	9.4385E-10	10.493659	-7.5	-4.6617E-10	10.493659
2.49999	9.3852E-10	10.669893	-8.00001	-4.6577E-10	10.669893
2.5	9.2828E-10	10.845964	-8.5	-4.6039E-10	10.845964
2.49999	9.2486E-10	11.029438	-9	-4.5975E-10	11.029438
2.49999	9.2057E-10	11.205425	-9.5	-4.5899E-10	11.205425
2.49999	9.1408E-10	11.410304	-10.00001	-4.5588E-10	11.410304
2.49999	9.0812E-10	11.531526	-10.00001	-4.5153E-10	11.531526
2.49999	9.0454E-10	11.707526	-9.5	-4.4693E-10	11.707526
2.49999	8.9719E-10	11.907054	-9	-4.3962E-10	11.907054
2.49999	8.9098E-10	12.083187	-8.50001	-4.3386E-10	12.083187
2.49999	8.8672E-10	12.259286	-8	-4.3159E-10	12.259286
2.49999	8.8448E-10	12.441188	-7.50001	-4.2824E-10	12.441188
2.49999	8.7445E-10	12.617356	-7	-4.2295E-10	12.617356
2.49999	8.7545E-10	12.793365	-6.50001	-4.2098E-10	12.793365
2.49999	8.6714E-10	12.969445	-6.00001	-4.1518E-10	12.969445
2.5	8.6408E-10	13.145498	-5.5	-4.1064E-10	13.145498
2.5	8.5621E-10	13.321489	-5	-4.0604E-10	13.321489
2.5	8.5353E-10	13.498121	-4.5	-4.0282E-10	13.498121
2.5	8.4661E-10	13.674248	-4	-3.9586E-10	13.674248
2.5	8.4422E-10	13.850295	-3.5	-3.9018E-10	13.850295
2.49999	8.3589E-10	14.037258	-3	-3.834E-10	14.037258
2.49999	8.3106E-10	14.213249	-2.50001	-3.732E-10	14.213249
2.49999	8.2274E-10	14.422406	-2	-3.628E-10	14.422406
2.5	8.1618E-10	14.59851	-1.50001	-3.4943E-10	14.59851
2.49999	8.1206E-10	14.774569	-1.00001	-3.316E-10	14.774569
2.5	8.044E-10	14.950672	-0.5	-3.1017E-10	14.950672
2.5	7.8737E-10	15.126728	-1E-05	-2.7571E-10	15.126728
-7E-07	-9.8264E-10	15.30273	0	7.5366E-10	15.30273
4E-07	1.3256E-10	15.472828	-0.5	-1.73675E-08	15.472828
4E-07	6.0745E-10	15.642985	-1	-2.23483E-08	15.642985
4E-07	6.2725E-10	15.813039	-1.5	-2.36285E-08	15.813039
1E-07	5.1645E-10	15.985267	-2	-2.40621E-08	15.985267
0	4.4616E-10	16.155388	-2.5	-2.42944E-08	16.155388
-2E-07	4.0997E-10	16.325469	-3	-2.44173E-08	16.325469
0	3.8393E-10	16.496826	-3.5	-2.45477E-08	16.496826
-1E-07	3.6971E-10	16.666948	-4	-2.46495E-08	16.666948
0	3.7037E-10	16.836899	-4.5	-2.47175E-08	16.836899
0	3.5651E-10	17.008915	-5	-2.47988E-08	17.008915
3E-07	3.6074E-10	17.179007	-5.5	-2.48068E-08	17.179007
0	3.6324E-10	17.349118	-6	-2.48497E-08	17.349118
2E-07	3.5792E-10	17.542591	-6.5	-2.49112E-08	17.542591
-1E-07	3.5199E-10	17.712604	-7	-2.49267E-08	17.712604
-1E-07	3.5437E-10	17.917744	-7.5	-2.49905E-08	17.917744
-1E-07	3.5416E-10	18.08777	-8	-2.50194E-08	18.08777
1E-07	3.5453E-10	18.257858	-8.5	-2.50649E-08	18.257858
0	3.5656E-10	18.456903	-9	-2.50823E-08	18.456903
1E-07	3.6191E-10	18.627101	-9.5	-2.51145E-08	18.627101
0	3.5842E-10	18.797033	-10	-2.5136E-08	18.797033
-2E-07	3.6021E-10	18.919401	-10	-2.51394E-08	18.919401
0	3.4227E-10	19.069266	-9.50001	-2.50817E-08	19.069266
-1E-07	3.4037E-10	19.218977	-9.00001	-2.5058E-08	19.218977
1E-07	3.3697E-10	19.368777	-8.50001	-2.50302E-08	19.368777
1E-07	3.3203E-10	19.527416	-8.00001	-2.49822E-08	19.527416
-2E-07	3.368E-10	19.677226	-7.50001	-2.49408E-08	19.677226
-4E-07	3.3953E-10	19.827045	-7.00001	-2.48935E-08	19.827045
-1E-07	3.3565E-10	19.976844	-6.50001	-2.48544E-08	19.976844
-2E-07	3.3482E-10	20.127343	-6.00001	-2.47955E-08	20.127343
0	3.3182E-10	20.277169	-5.50001	-2.47242E-08	20.277169
2E-07	3.2852E-10	20.441314	-5.00001	-2.46606E-08	20.441314
-1E-07	3.2208E-10	20.591171	-4.50001	-2.45642E-08	20.591171
1E-07	3.1864E-10	20.74089	-4.00001	-2.44669E-08	20.74089
1E-07	3.1106E-10	20.916666	-3.50001	-2.43229E-08	20.916666
0	2.9973E-10	21.066606	-3.00001	-2.41698E-08	21.066606
-3E-07	2.7697E-10	21.216363	-2.50001	-2.39481E-08	21.216363
-2E-07	2.3728E-10	21.36612	-2.00001	-2.35895E-08	21.36612
-3E-07	1.2373E-10	21.533243	-1.50001	-2.29203E-08	21.533243
-3E-07	-1.0855E-10	21.683069	-1.00001	-2.14138E-08	21.683069
-6E-07	-2.6687E-10	21.853182	-0.5	-1.67433E-08	21.853182
-2E-07	-7.6277E-10	22.031113	-1E-05	6.5482E-10	22.031113
-2.5	-1.48156E-08	22.195196	-1E-05	1.14906E-08	22.195196
-2.5	-1.14333E-08	22.359285	-0.5	-5.04554E-08	22.359285
-2.50001	-8.70016E-09	22.517139	-1	-1.10736E-07	22.517139
-2.5	-6.37312E-09	22.673036	-1.5	-1.67026E-07	22.673036
-2.50001	-4.46342E-09	22.828702	-2	-2.1684E-07	22.828702
-2.5	-3.06176E-09	22.978565	-2.5	-2.56897E-07	22.978565
-2.50001	-2.24936E-09	23.128407	-3	-2.79876E-07	23.128407
-2.50001	-1.92147E-09	23.278232	-3.5	-2.85137E-07	23.278232
-2.5	-1.95048E-09	23.445717	-4	-2.86384E-07	23.445717
-2.50001	-2.00416E-09	23.601485	-4.5	-2.86856E-07	23.601485
-2.5	-2.04362E-09	23.751252	-5	-2.87199E-07	23.751252
-2.50001	-2.05945E-09	23.926105	-5.5	-2.8745E-07	23.926105
-2.50001	-2.05482E-09	24.076027	-6	-2.87632E-07	24.076027
-2.50001	-2.05019E-09	24.225825	-6.5	-2.87786E-07	24.225825
-2.5	-2.05227E-09	24.375623	-7	-2.87901E-07	24.375623
-2.5	-2.0521E-09	24.546643	-7.5	-2.87937E-07	24.546643
-2.5	-2.03256E-09	24.69656	-8	-2.88072E-07	24.69656
-2.5	-2.03151E-09	24.846383	-8.5	-2.88159E-07	24.846383
-2.50001	-2.02534E-09	24.996263	-9	-2.88344E-07	24.996263
-2.5	-2.01649E-09	25.146087	-9.5	-2.88438E-07	25.146087
-2.50001	-2.00337E-09	25.295981	-10	-2.88404E-07	25.295981
-2.50001	-2.0054E-09	25.428107	-10	-2.88414E-07	25.428107
-2.5	-2.00478E-09	25.57799	-9.5	-2.8826E-07	25.57799
-2.5	-2.00257E-09	25.72805	-9	-2.8826E-07	25.72805
-2.5	-1.99396E-09	25.877902	-8.5	-2.88118E-07	25.877902
-2.50001	-1.99447E-09	26.044434	-8	-2.87937E-07	26.044434
-2.50001	-1.98887E-09	26.194254	-7.5	-2.87874E-07	26.194254
-2.50001	-1.97643E-09	26.34412	-7	-2.8769E-07	26.34412
-2.50001	-1.98293E-09	26.493995	-6.5	-2.87586E-07	26.493995
-2.50001	-1.97918E-09	26.644472	-6	-2.87414E-07	26.644472
-2.50001	-1.97626E-09	26.794394	-5.5	-2.87226E-07	26.794394
-2.50001	-1.9746E-09	26.954613	-5	-2.86933E-07	26.954613
-2.50001	-2.00179E-09	27.104513	-4.5	-2.86582E-07	27.104513
-2.5	-2.04849E-09	27.254329	-4	-2.8596E-07	27.254329
-2.50001	-2.13903E-09	27.433469	-3.5	-2.84419E-07	27.433469
-2.5	-2.39595E-09	27.583382	-3	-2.79241E-07	27.583382
-2.50001	-2.89949E-09	27.73329	-2.5	-2.56562E-07	27.73329
-2.50001	-4.2647E-09	27.88303	-2	-2.16529E-07	27.88303
-2.5	-6.0234E-09	28.049244	-1.5	-1.66838E-07	28.049244
-2.50001	-8.10347E-09	28.199002	-1	-1.10799E-07	28.199002
-2.5	-1.0452E-08	28.360137	-0.5	-5.09575E-08	28.360137
-2.5	-1.30603E-08	28.524533	-1E-05	1.02242E-08	28.524533
-5	-3.73808E-08	28.688681	0	2.98855E-08	28.688681
-5	-3.13947E-08	28.852766	-0.5	-4.6902E-08	28.852766
-5	-2.60437E-08	29.002539	-1	-1.253E-07	29.002539
-5	-2.20847E-08	29.152286	-1.5	-2.02574E-07	29.152286
-5	-1.85827E-08	29.302155	-2	-2.78381E-07	29.302155
-5	-1.54809E-08	29.463686	-2.5	-3.51623E-07	29.463686
-5	-1.27167E-08	29.613438	-3	-4.21549E-07	29.613438
-5	-1.03155E-08	29.763096	-3.5	-4.87002E-07	29.763096
-5	-8.27168E-09	29.942337	-4	-5.46767E-07	29.942337
-5	-6.55461E-09	30.098019	-4.5	-5.98952E-07	30.098019
-5.00001	-5.38122E-09	30.253748	-5	-6.40791E-07	30.253748
-5.00001	-4.86458E-09	30.446235	-5.5	-6.64569E-07	30.446235
-5	-4.65429E-09	30.601945	-6	-6.70362E-07	30.601945
-5	-4.71864E-09	30.757675	-6.5	-6.72106E-07	30.757675
-5.00001	-4.82815E-09	30.941414	-7	-6.7292E-07	30.941414
-5	-4.88486E-09	31.097187	-7.5	-6.73436E-07	31.097187
-5	-4.91111E-09	31.252846	-8	-6.73826E-07	31.252846
-5	-4.95891E-09	31.44166	-8.5	-6.74244E-07	31.44166
-5.00001	-4.9768E-09	31.597496	-9	-6.74196E-07	31.597496
-5	-4.98953E-09	31.753091	-9.5	-6.74433E-07	31.753091
-5.00001	-5.00036E-09	31.902938	-10	-6.74572E-07	31.902938
-5.00001	-5.03788E-09	32.032047	-10	-6.7461E-07	32.032047
-5.00001	-5.05483E-09	32.181947	-9.5	-6.74248E-07	32.181947
-5.00001	-5.06807E-09	32.331781	-9	-6.73924E-07	32.331781
-5	-5.0759E-09	32.481648	-8.5	-6.73735E-07	32.481648
-5	-5.09593E-09	32.631632	-8	-6.73549E-07	32.631632
-5	-5.11467E-09	32.781401	-7.5	-6.73104E-07	32.781401
-5	-5.12661E-09	32.964586	-7	-6.72536E-07	32.964586
-5	-5.18125E-09	33.114503	-6.5	-6.71375E-07	33.114503
-5.00001	-5.29162E-09	33.264329	-6	-6.69809E-07	33.264329
-5	-5.39003E-09	33.447585	-5.5	-6.63811E-07	33.447585
-5.00001	-5.99326E-09	33.597517	-5	-6.40155E-07	33.597517
-5	-7.28781E-09	33.747309	-4.5	-5.98312E-07	33.747309
-5	-9.015E-09	33.891213	-4	-5.45908E-07	33.891213
-5	-1.10499E-08	34.058236	-3.5	-4.8597E-07	34.058236
-5	-1.33271E-08	34.20795	-3	-4.20654E-07	34.20795
-5	-1.5954E-08	34.351812	-2.5	-3.50981E-07	34.351812
-5	-1.87793E-08	34.501696	-2	-2.77831E-07	34.501696
-5.00001	-2.18822E-08	34.645881	-1.5	-2.02559E-07	34.645881
-5	-2.52228E-08	34.795608	-1	-1.25761E-07	34.795608
-5	-2.90863E-08	34.989093	-0.5	-4.86808E-08	34.989093
-5	-3.33445E-08	35.153227	-1E-05	2.64797E-08	35.153227
