File Name: 19_Sample6_device1_It_150kV_500uA_VDrain1V_VGate-10V.dat
File Data: 17/11/2023	14:24:05
Start V: 0
Step V: 0
Stop V: 0
Range V: 200
Delay(ms): 0
Auorange: yes
Sweep type: log
Instrument Meter: SM2614
Time(ms)	Vdrain(V)	Idrain(A)	Vgate(V)	Igate(A)
0.0000E+0	1.0000E+0	4.2450E-9	-1.0000E+1	-8.9959E-11
1.0000E+3	1.0000E+0	4.6625E-9	-1.0000E+1	-8.1266E-11
1.5000E+3	1.0000E+0	4.8479E-9	-1.0000E+1	-7.8855E-11
2.0000E+3	1.0000E+0	5.0405E-9	-1.0000E+1	-7.5952E-11
2.5000E+3	1.0000E+0	5.1851E-9	-1.0000E+1	-7.3923E-11
3.0000E+3	1.0000E+0	5.3268E-9	-1.0000E+1	-7.2365E-11
3.5000E+3	1.0000E+0	5.4692E-9	-1.0000E+1	-7.0965E-11
4.0000E+3	1.0000E+0	5.5461E-9	-1.0000E+1	-6.9945E-11
4.5000E+3	1.0000E+0	5.6560E-9	-1.0000E+1	-6.8332E-11
5.0000E+3	1.0000E+0	5.7379E-9	-1.0000E+1	-6.6783E-11
5.5000E+3	1.0000E+0	5.8197E-9	-1.0000E+1	-6.6311E-11
6.0000E+3	1.0000E+0	5.9267E-9	-1.0000E+1	-6.3998E-11
6.5000E+3	1.0000E+0	6.0005E-9	-1.0000E+1	-6.3797E-11
7.0000E+3	1.0000E+0	6.1098E-9	-1.0000E+1	-6.4038E-11
7.5000E+3	1.0000E+0	6.1882E-9	-1.0000E+1	-6.3516E-11
8.0000E+3	1.0000E+0	6.2723E-9	-1.0000E+1	-6.2507E-11
8.5000E+3	1.0000E+0	6.3573E-9	-1.0000E+1	-6.1973E-11
9.0000E+3	1.0000E+0	6.4498E-9	-1.0000E+1	-6.1923E-11
9.5000E+3	1.0000E+0	6.4877E-9	-1.0000E+1	-6.1319E-11
1.0000E+4	1.0000E+0	6.5781E-9	-1.0000E+1	-6.1525E-11
1.0500E+4	1.0000E+0	6.6211E-9	-1.0000E+1	-6.0877E-11
1.1000E+4	1.0000E+0	6.6673E-9	-1.0000E+1	-6.0406E-11
1.1500E+4	1.0000E+0	6.7576E-9	-1.0000E+1	-5.9800E-11
1.2000E+4	1.0000E+0	6.8436E-9	-1.0000E+1	-5.9352E-11
1.2500E+4	1.0000E+0	6.9341E-9	-1.0000E+1	-5.9026E-11
1.3000E+4	1.0000E+0	6.9380E-9	-1.0000E+1	-5.9010E-11
1.3500E+4	1.0000E+0	7.0182E-9	-1.0000E+1	-5.8991E-11
1.4000E+4	1.0000E+0	7.0954E-9	-1.0000E+1	-5.9215E-11
1.4500E+4	1.0000E+0	7.2085E-9	-1.0000E+1	-5.8191E-11
1.5000E+4	1.0000E+0	7.2550E-9	-1.0000E+1	-5.8880E-11
1.5500E+4	1.0000E+0	7.3092E-9	-1.0000E+1	-5.8731E-11
1.6000E+4	1.0000E+0	7.3609E-9	-1.0000E+1	-5.9229E-11
1.6500E+4	1.0000E+0	7.4574E-9	-1.0000E+1	-5.9612E-11
1.7000E+4	1.0000E+0	7.4715E-9	-1.0000E+1	-5.8967E-11
1.7500E+4	1.0000E+0	7.5030E-9	-1.0000E+1	-5.9063E-11
1.8000E+4	1.0000E+0	7.5918E-9	-1.0000E+1	-5.8739E-11
1.8500E+4	1.0000E+0	7.6216E-9	-1.0000E+1	-5.8553E-11
1.9000E+4	1.0000E+0	7.6902E-9	-1.0000E+1	-5.8384E-11
1.9500E+4	1.0000E+0	7.7494E-9	-1.0000E+1	-5.7784E-11
2.0000E+4	1.0000E+0	7.8397E-9	-1.0000E+1	-5.8246E-11
2.0500E+4	1.0000E+0	7.8462E-9	-1.0000E+1	-5.8193E-11
2.1000E+4	1.0000E+0	7.8771E-9	-1.0000E+1	-5.8038E-11
2.1500E+4	1.0000E+0	7.9085E-9	-1.0000E+1	-5.7903E-11
2.2000E+4	1.0000E+0	8.0184E-9	-1.0000E+1	-5.7496E-11
2.2500E+4	1.0000E+0	8.0210E-9	-1.0000E+1	-5.7231E-11
2.3000E+4	1.0000E+0	8.0528E-9	-1.0000E+1	-5.7035E-11
2.3500E+4	1.0000E+0	8.1337E-9	-1.0000E+1	-5.7393E-11
2.4000E+4	1.0000E+0	8.1540E-9	-1.0000E+1	-5.7918E-11
2.4500E+4	1.0000E+0	8.2325E-9	-1.0000E+1	-5.7514E-11
2.5000E+4	1.0000E+0	8.2053E-9	-1.0000E+1	-5.7232E-11
2.5500E+4	1.0000E+0	8.2166E-9	-1.0000E+1	-5.7827E-11
2.6000E+4	1.0000E+0	8.3018E-9	-1.0000E+1	-5.7843E-11
2.6500E+4	1.0000E+0	8.3008E-9	-1.0000E+1	-5.6868E-11
2.7000E+4	1.0000E+0	8.3636E-9	-1.0000E+1	-5.6615E-11
2.7500E+4	1.0000E+0	8.4155E-9	-1.0000E+1	-5.7321E-11
2.8000E+4	1.0000E+0	8.4345E-9	-1.0000E+1	-5.6462E-11
2.8500E+4	1.0000E+0	8.4676E-9	-1.0000E+1	-5.6863E-11
2.9000E+4	1.0000E+0	8.4932E-9	-1.0000E+1	-5.6200E-11
2.9500E+4	1.0000E+0	8.5619E-9	-1.0000E+1	-5.6834E-11
3.0000E+4	1.0000E+0	8.5868E-9	-1.0000E+1	-5.5831E-11
3.0500E+4	1.0000E+0	8.5917E-9	-1.0000E+1	-5.6310E-11
3.1000E+4	1.0000E+0	8.6463E-9	-1.0000E+1	-5.5845E-11
3.1500E+4	1.0000E+0	8.7199E-9	-1.0000E+1	-5.7219E-11
3.2000E+4	1.0000E+0	8.7241E-9	-1.0000E+1	-5.5889E-11
3.2500E+4	1.0000E+0	8.7575E-9	-1.0000E+1	-5.6639E-11
3.3000E+4	1.0000E+0	8.7708E-9	-1.0000E+1	-5.6398E-11
3.3500E+4	1.0000E+0	8.7931E-9	-1.0000E+1	-5.6322E-11
3.4000E+4	1.0000E+0	8.8542E-9	-1.0000E+1	-5.6875E-11
3.4500E+4	1.0000E+0	8.9064E-9	-1.0000E+1	-5.5730E-11
3.5000E+4	1.0000E+0	8.9804E-9	-1.0000E+1	-5.6124E-11
3.5500E+4	1.0000E+0	9.0228E-9	-1.0000E+1	-5.6300E-11
3.6000E+4	1.0000E+0	8.9859E-9	-1.0000E+1	-5.6207E-11
3.6500E+4	1.0000E+0	9.0340E-9	-1.0000E+1	-5.5684E-11
3.7000E+4	1.0000E+0	9.0303E-9	-1.0000E+1	-5.6461E-11
3.7500E+4	1.0000E+0	9.0538E-9	-1.0000E+1	-5.6253E-11
3.8000E+4	1.0000E+0	9.0443E-9	-1.0000E+1	-5.6503E-11
3.8500E+4	1.0000E+0	9.1456E-9	-1.0000E+1	-5.5270E-11
3.9000E+4	1.0000E+0	9.1942E-9	-1.0000E+1	-5.6235E-11
3.9500E+4	1.0000E+0	9.2055E-9	-1.0000E+1	-5.6018E-11
4.0000E+4	1.0000E+0	9.2679E-9	-1.0000E+1	-5.6388E-11
4.0500E+4	1.0000E+0	9.3271E-9	-1.0000E+1	-5.5934E-11
4.1000E+4	1.0000E+0	9.3599E-9	-1.0000E+1	-5.5286E-11
4.1500E+4	1.0000E+0	9.3906E-9	-1.0000E+1	-5.5869E-11
4.2000E+4	1.0000E+0	9.4331E-9	-1.0000E+1	-5.5642E-11
4.2500E+4	1.0000E+0	9.4388E-9	-1.0000E+1	-5.6124E-11
4.3000E+4	1.0000E+0	9.4635E-9	-1.0000E+1	-5.6310E-11
4.3500E+4	1.0000E+0	9.4898E-9	-1.0000E+1	-5.5274E-11
4.4000E+4	1.0000E+0	9.5534E-9	-1.0000E+1	-5.6299E-11
4.4500E+4	1.0000E+0	9.5755E-9	-1.0000E+1	-5.5908E-11
4.5000E+4	1.0000E+0	9.5721E-9	-1.0000E+1	-5.5677E-11
4.5500E+4	1.0000E+0	9.5814E-9	-1.0000E+1	-5.5939E-11
4.6000E+4	1.0000E+0	9.6182E-9	-1.0000E+1	-5.5304E-11
4.6500E+4	1.0000E+0	9.7374E-9	-1.0000E+1	-5.6162E-11
4.7000E+4	1.0000E+0	9.6991E-9	-1.0000E+1	-5.6031E-11
4.7500E+4	1.0000E+0	9.7643E-9	-1.0000E+1	-5.5440E-11
4.8000E+4	1.0000E+0	9.7390E-9	-1.0000E+1	-5.4678E-11
4.8500E+4	1.0000E+0	9.7884E-9	-1.0000E+1	-5.5713E-11
4.9000E+4	1.0000E+0	9.8063E-9	-1.0000E+1	-5.5554E-11
4.9500E+4	1.0000E+0	9.8469E-9	-1.0000E+1	-5.5504E-11
5.0000E+4	1.0000E+0	9.8659E-9	-1.0000E+1	-5.5261E-11
5.0500E+4	1.0000E+0	9.9336E-9	-1.0000E+1	-5.5695E-11
5.1000E+4	1.0000E+0	9.9076E-9	-1.0000E+1	-5.5481E-11
5.1500E+4	1.0000E+0	9.9151E-9	-1.0000E+1	-5.5291E-11
5.2000E+4	1.0000E+0	9.9940E-9	-1.0000E+1	-5.5668E-11
5.2500E+4	1.0000E+0	1.0005E-8	-1.0000E+1	-5.5533E-11
5.3000E+4	1.0000E+0	1.0059E-8	-1.0000E+1	-5.5125E-11
5.3500E+4	1.0000E+0	1.0057E-8	-1.0000E+1	-5.5591E-11
5.4000E+4	1.0000E+0	1.0108E-8	-1.0000E+1	-5.5683E-11
5.4500E+4	1.0000E+0	1.0102E-8	-1.0000E+1	-5.5526E-11
5.5000E+4	1.0000E+0	1.0186E-8	-1.0000E+1	-5.5101E-11
5.5500E+4	1.0000E+0	1.0205E-8	-1.0000E+1	-5.5197E-11
5.6000E+4	1.0000E+0	1.0206E-8	-1.0000E+1	-5.5426E-11
5.6500E+4	1.0000E+0	1.0255E-8	-1.0000E+1	-5.4897E-11
5.7000E+4	1.0000E+0	1.0262E-8	-1.0000E+1	-5.5516E-11
5.7500E+4	1.0000E+0	1.0321E-8	-1.0000E+1	-5.5233E-11
5.8000E+4	1.0000E+0	1.0304E-8	-1.0000E+1	-5.4740E-11
5.8500E+4	1.0000E+0	1.0305E-8	-1.0000E+1	-5.5099E-11
5.9000E+4	1.0000E+0	1.0348E-8	-1.0000E+1	-5.4925E-11
5.9500E+4	1.0000E+0	1.0371E-8	-1.0000E+1	-5.5292E-11
6.0000E+4	1.0000E+0	1.0336E-8	-1.0000E+1	-5.4841E-11
6.0500E+4	1.0000E+0	1.0315E-8	-1.0000E+1	-5.5081E-11
6.1000E+4	1.0000E+0	1.0372E-8	-1.0000E+1	-5.5569E-11
6.1500E+4	1.0000E+0	1.0430E-8	-1.0000E+1	-5.5102E-11
6.2000E+4	1.0000E+0	1.0418E-8	-1.0000E+1	-5.5160E-11
6.2500E+4	1.0000E+0	1.0422E-8	-1.0000E+1	-5.6189E-11
6.3000E+4	1.0000E+0	1.0415E-8	-1.0000E+1	-5.6011E-11
6.3500E+4	1.0000E+0	1.0495E-8	-1.0000E+1	-5.6267E-11
6.4000E+4	1.0000E+0	1.0476E-8	-1.0000E+1	-5.5351E-11
6.4500E+4	1.0000E+0	1.0497E-8	-1.0000E+1	-5.5734E-11
6.5000E+4	1.0000E+0	1.0529E-8	-1.0000E+1	-5.5957E-11
6.5500E+4	1.0000E+0	1.0543E-8	-1.0000E+1	-5.6247E-11
6.6000E+4	1.0000E+0	1.0546E-8	-1.0000E+1	-5.6112E-11
6.6500E+4	1.0000E+0	1.0524E-8	-1.0000E+1	-5.5793E-11
6.7000E+4	1.0000E+0	1.0584E-8	-1.0000E+1	-5.5823E-11
6.7500E+4	1.0000E+0	1.0609E-8	-1.0000E+1	-5.5758E-11
6.8000E+4	1.0000E+0	1.0580E-8	-1.0000E+1	-5.5559E-11
6.8500E+4	1.0000E+0	1.0692E-8	-1.0000E+1	-5.5995E-11
6.9000E+4	1.0000E+0	1.0696E-8	-1.0000E+1	-5.6224E-11
6.9500E+4	1.0000E+0	1.0709E-8	-1.0000E+1	-5.5466E-11
7.0000E+4	1.0000E+0	1.0695E-8	-1.0000E+1	-5.5863E-11
7.0500E+4	1.0000E+0	1.0665E-8	-1.0000E+1	-5.5022E-11
7.1000E+4	1.0000E+0	1.0753E-8	-1.0000E+1	-5.6009E-11
7.1500E+4	1.0000E+0	1.0725E-8	-1.0000E+1	-5.5168E-11
7.2000E+4	1.0000E+0	1.0784E-8	-1.0000E+1	-5.5984E-11
7.2500E+4	1.0000E+0	1.0774E-8	-1.0000E+1	-5.5398E-11
7.3000E+4	1.0000E+0	1.0788E-8	-1.0000E+1	-5.5481E-11
7.3500E+4	1.0000E+0	1.0811E-8	-1.0000E+1	-5.5331E-11
7.4000E+4	1.0000E+0	1.0788E-8	-1.0000E+1	-5.5628E-11
7.4500E+4	1.0000E+0	1.0806E-8	-1.0000E+1	-5.5649E-11
7.5000E+4	1.0000E+0	1.0851E-8	-1.0000E+1	-5.5017E-11
7.5500E+4	1.0000E+0	1.0864E-8	-1.0000E+1	-5.5444E-11
7.6000E+4	1.0000E+0	1.0884E-8	-1.0000E+1	-5.5825E-11
7.6500E+4	1.0000E+0	1.0834E-8	-1.0000E+1	-5.5993E-11
7.7000E+4	1.0000E+0	1.0934E-8	-1.0000E+1	-5.4406E-11
7.7500E+4	1.0000E+0	1.0956E-8	-1.0000E+1	-5.5194E-11
7.8000E+4	1.0000E+0	1.1004E-8	-1.0000E+1	-5.5718E-11
7.8500E+4	1.0000E+0	1.1027E-8	-1.0000E+1	-5.5381E-11
7.9000E+4	1.0000E+0	1.1068E-8	-1.0000E+1	-5.6057E-11
7.9500E+4	1.0000E+0	1.1069E-8	-1.0000E+1	-5.5535E-11
8.0000E+4	1.0000E+0	1.1094E-8	-1.0000E+1	-5.6055E-11
8.0500E+4	1.0000E+0	1.1124E-8	-1.0000E+1	-5.5418E-11
8.1000E+4	1.0000E+0	1.1121E-8	-1.0000E+1	-5.5342E-11
8.1500E+4	1.0000E+0	1.1113E-8	-1.0000E+1	-5.5475E-11
8.2000E+4	1.0000E+0	1.1117E-8	-1.0000E+1	-5.5500E-11
8.2500E+4	1.0000E+0	1.1116E-8	-1.0000E+1	-5.5302E-11
8.3000E+4	1.0000E+0	1.1178E-8	-1.0000E+1	-5.5119E-11
8.3500E+4	1.0000E+0	1.1170E-8	-1.0000E+1	-5.5557E-11
8.4000E+4	1.0000E+0	1.1218E-8	-1.0000E+1	-5.5891E-11
8.4500E+4	1.0000E+0	1.1225E-8	-1.0000E+1	-5.5071E-11
8.5000E+4	1.0000E+0	1.1216E-8	-1.0000E+1	-5.5145E-11
8.5500E+4	1.0000E+0	1.1278E-8	-1.0000E+1	-5.5504E-11
8.6000E+4	1.0000E+0	1.1289E-8	-1.0000E+1	-5.5941E-11
8.6500E+4	1.0000E+0	1.1322E-8	-1.0000E+1	-5.5177E-11
8.7000E+4	1.0000E+0	1.1360E-8	-1.0000E+1	-5.5803E-11
8.7500E+4	1.0000E+0	1.1340E-8	-1.0000E+1	-5.5533E-11
8.8000E+4	1.0000E+0	1.1317E-8	-1.0000E+1	-5.4960E-11
8.8500E+4	1.0000E+0	1.1290E-8	-1.0000E+1	-5.5267E-11
8.9000E+4	1.0000E+0	1.1948E-8	-1.0000E+1	-8.2279E-10
8.9500E+4	1.0000E+0	1.1876E-8	-1.0000E+1	-6.3176E-9
9.0000E+4	1.0000E+0	1.1828E-8	-1.0000E+1	-6.3208E-9
9.0500E+4	1.0000E+0	1.1818E-8	-1.0000E+1	-6.3153E-9
9.1000E+4	1.0000E+0	1.1835E-8	-1.0000E+1	-6.3224E-9
9.1500E+4	1.0000E+0	1.1832E-8	-1.0000E+1	-6.3200E-9
9.2000E+4	1.0000E+0	1.1825E-8	-1.0000E+1	-6.3169E-9
9.2500E+4	1.0000E+0	1.1766E-8	-1.0000E+1	-6.3146E-9
9.3000E+4	1.0000E+0	1.1759E-8	-1.0000E+1	-6.3106E-9
9.3500E+4	1.0000E+0	1.1709E-8	-1.0000E+1	-6.3032E-9
9.4000E+4	1.0000E+0	1.1752E-8	-1.0000E+1	-6.3005E-9
9.4500E+4	1.0000E+0	1.1725E-8	-1.0000E+1	-6.2972E-9
9.5000E+4	1.0000E+0	1.1648E-8	-1.0000E+1	-6.2923E-9
9.5500E+4	1.0000E+0	1.1606E-8	-1.0000E+1	-6.2855E-9
9.6000E+4	1.0000E+0	1.1523E-8	-1.0000E+1	-6.2813E-9
9.6500E+4	1.0000E+0	1.1441E-8	-1.0000E+1	-6.2803E-9
9.7000E+4	1.0000E+0	1.1446E-8	-1.0000E+1	-6.2743E-9
9.7500E+4	1.0000E+0	1.1454E-8	-1.0000E+1	-6.2691E-9
9.8000E+4	1.0000E+0	1.1387E-8	-1.0000E+1	-6.2658E-9
9.8500E+4	1.0000E+0	1.1350E-8	-1.0000E+1	-6.2640E-9
9.9000E+4	1.0000E+0	1.0906E-8	-1.0000E+1	-6.2655E-9
9.9500E+4	1.0000E+0	1.0632E-8	-1.0000E+1	-1.1354E-10
1.0000E+5	1.0000E+0	1.0679E-8	-1.0000E+1	-5.9413E-11
1.0050E+5	1.0000E+0	1.0769E-8	-1.0000E+1	-5.5882E-11
1.0100E+5	1.0000E+0	1.0808E-8	-1.0000E+1	-5.4207E-11
1.0150E+5	1.0000E+0	1.0809E-8	-1.0000E+1	-5.4808E-11
1.0200E+5	1.0000E+0	1.0828E-8	-1.0000E+1	-5.5939E-11
1.0250E+5	1.0000E+0	1.0745E-8	-1.0000E+1	-5.4798E-11
1.0300E+5	1.0000E+0	1.0769E-8	-1.0000E+1	-5.5329E-11
1.0350E+5	1.0000E+0	1.0804E-8	-1.0000E+1	-5.5207E-11
1.0400E+5	1.0000E+0	1.0791E-8	-1.0000E+1	-5.4687E-11
1.0450E+5	1.0000E+0	1.0822E-8	-1.0000E+1	-5.5057E-11
1.0500E+5	1.0000E+0	1.0827E-8	-1.0000E+1	-5.5360E-11
1.0550E+5	1.0000E+0	1.0824E-8	-1.0000E+1	-5.5336E-11
1.0600E+5	1.0000E+0	1.0847E-8	-1.0000E+1	-5.6361E-11
1.0650E+5	1.0000E+0	1.0853E-8	-1.0000E+1	-5.5533E-11
1.0700E+5	1.0000E+0	1.0853E-8	-1.0000E+1	-5.5369E-11
1.0750E+5	1.0000E+0	1.0822E-8	-1.0000E+1	-5.5828E-11
1.0800E+5	1.0000E+0	1.0883E-8	-1.0000E+1	-5.5551E-11
1.0850E+5	1.0000E+0	1.0839E-8	-1.0000E+1	-5.6046E-11
1.0900E+5	1.0000E+0	1.1434E-8	-1.0000E+1	-1.2244E-10
1.0950E+5	1.0000E+0	1.1440E-8	-1.0000E+1	-6.3105E-9
1.1000E+5	1.0000E+0	1.1467E-8	-1.0000E+1	-6.3057E-9
1.1050E+5	1.0000E+0	1.1415E-8	-1.0000E+1	-6.2934E-9
1.1100E+5	1.0000E+0	1.1402E-8	-1.0000E+1	-6.2830E-9
1.1150E+5	1.0000E+0	1.1384E-8	-1.0000E+1	-6.2770E-9
1.1200E+5	1.0000E+0	1.1325E-8	-1.0000E+1	-6.2672E-9
1.1250E+5	1.0000E+0	1.1279E-8	-1.0000E+1	-6.2610E-9
1.1300E+5	1.0000E+0	1.1311E-8	-1.0000E+1	-6.2558E-9
1.1350E+5	1.0000E+0	1.1212E-8	-1.0000E+1	-6.2507E-9
1.1400E+5	1.0000E+0	1.1161E-8	-1.0000E+1	-6.2438E-9
1.1450E+5	1.0000E+0	1.1191E-8	-1.0000E+1	-6.2399E-9
1.1500E+5	1.0000E+0	1.1140E-8	-1.0000E+1	-6.2366E-9
1.1550E+5	1.0000E+0	1.1146E-8	-1.0000E+1	-6.2310E-9
1.1600E+5	1.0000E+0	1.1201E-8	-1.0000E+1	-6.2288E-9
1.1650E+5	1.0000E+0	1.1076E-8	-1.0000E+1	-6.2256E-9
1.1700E+5	1.0000E+0	1.1014E-8	-1.0000E+1	-6.2200E-9
1.1750E+5	1.0000E+0	1.0964E-8	-1.0000E+1	-6.2181E-9
1.1800E+5	1.0000E+0	1.0913E-8	-1.0000E+1	-6.2166E-9
1.1850E+5	1.0000E+0	1.0879E-8	-1.0000E+1	-6.2161E-9
1.1900E+5	1.0000E+0	1.0525E-8	-1.0000E+1	-6.2133E-9
1.1950E+5	1.0000E+0	1.0254E-8	-1.0000E+1	-1.2274E-10
1.2000E+5	1.0000E+0	1.0230E-8	-1.0000E+1	-6.0028E-11
1.2050E+5	1.0000E+0	1.0185E-8	-1.0000E+1	-5.6255E-11
1.2100E+5	1.0000E+0	1.0217E-8	-1.0000E+1	-5.4859E-11
1.2150E+5	1.0000E+0	1.0201E-8	-1.0000E+1	-5.5054E-11
1.2200E+5	1.0000E+0	1.0202E-8	-1.0000E+1	-5.5150E-11
1.2250E+5	1.0000E+0	1.0209E-8	-1.0000E+1	-5.4709E-11
1.2300E+5	1.0000E+0	1.0178E-8	-1.0000E+1	-5.5322E-11
1.2350E+5	1.0000E+0	1.0162E-8	-1.0000E+1	-5.5031E-11
1.2400E+5	1.0000E+0	1.0175E-8	-1.0000E+1	-5.5765E-11
1.2450E+5	1.0000E+0	1.0106E-8	-1.0000E+1	-5.5478E-11
1.2500E+5	1.0000E+0	1.0091E-8	-1.0000E+1	-5.5381E-11
1.2550E+5	1.0000E+0	1.0110E-8	-1.0000E+1	-5.5778E-11
1.2600E+5	1.0000E+0	1.0155E-8	-1.0000E+1	-5.5291E-11
1.2650E+5	1.0000E+0	1.0120E-8	-1.0000E+1	-5.5503E-11
1.2700E+5	1.0000E+0	1.0113E-8	-1.0000E+1	-5.4389E-11
1.2750E+5	1.0000E+0	1.0196E-8	-1.0000E+1	-5.4756E-11
1.2800E+5	1.0000E+0	1.0207E-8	-1.0000E+1	-5.4381E-11
1.2850E+5	1.0000E+0	1.0204E-8	-1.0000E+1	-5.4071E-11
1.2900E+5	1.0000E+0	1.0678E-8	-1.0000E+1	-5.4418E-11
1.2950E+5	1.0000E+0	1.0720E-8	-1.0000E+1	-6.2562E-9
1.3000E+5	1.0000E+0	1.0714E-8	-1.0000E+1	-6.2485E-9
1.3050E+5	1.0000E+0	1.0730E-8	-1.0000E+1	-6.2417E-9
1.3100E+5	1.0000E+0	1.0730E-8	-1.0000E+1	-6.2362E-9
1.3150E+5	1.0000E+0	1.0729E-8	-1.0000E+1	-6.2326E-9
1.3200E+5	1.0000E+0	1.0696E-8	-1.0000E+1	-6.2281E-9
1.3250E+5	1.0000E+0	1.0597E-8	-1.0000E+1	-6.2242E-9
1.3300E+5	1.0000E+0	1.0507E-8	-1.0000E+1	-6.2211E-9
1.3350E+5	1.0000E+0	1.0528E-8	-1.0000E+1	-6.2145E-9
1.3400E+5	1.0000E+0	1.0447E-8	-1.0000E+1	-6.2087E-9
1.3450E+5	1.0000E+0	1.0415E-8	-1.0000E+1	-6.2057E-9
1.3500E+5	1.0000E+0	1.0429E-8	-1.0000E+1	-6.2029E-9
1.3550E+5	1.0000E+0	1.0407E-8	-1.0000E+1	-6.1991E-9
1.3600E+5	1.0000E+0	1.0395E-8	-1.0000E+1	-6.1942E-9
1.3650E+5	1.0000E+0	1.0399E-8	-1.0000E+1	-6.1905E-9
1.3700E+5	1.0000E+0	1.0330E-8	-1.0000E+1	-6.1875E-9
1.3750E+5	1.0000E+0	1.0301E-8	-1.0000E+1	-6.1843E-9
1.3800E+5	1.0000E+0	1.0203E-8	-1.0000E+1	-6.1792E-9
1.3850E+5	1.0000E+0	1.0127E-8	-1.0000E+1	-6.1759E-9
1.3900E+5	1.0000E+0	9.9074E-9	-1.0000E+1	-6.1734E-9
1.3950E+5	1.0000E+0	9.5667E-9	-1.0000E+1	-1.3415E-10
1.4000E+5	1.0000E+0	9.5706E-9	-1.0000E+1	-6.0164E-11
1.4050E+5	1.0000E+0	9.5634E-9	-1.0000E+1	-5.4361E-11
1.4100E+5	1.0000E+0	9.5299E-9	-1.0000E+1	-5.3810E-11
1.4150E+5	1.0000E+0	9.5357E-9	-1.0000E+1	-5.3593E-11
1.4200E+5	1.0000E+0	9.5348E-9	-1.0000E+1	-5.3636E-11
1.4250E+5	1.0000E+0	9.5007E-9	-1.0000E+1	-5.4354E-11
1.4300E+5	1.0000E+0	9.5237E-9	-1.0000E+1	-5.4237E-11
1.4350E+5	1.0000E+0	9.5297E-9	-1.0000E+1	-5.3831E-11
1.4400E+5	1.0000E+0	9.5467E-9	-1.0000E+1	-5.4503E-11
1.4450E+5	1.0000E+0	9.5181E-9	-1.0000E+1	-5.4016E-11
1.4500E+5	1.0000E+0	9.4474E-9	-1.0000E+1	-5.4070E-11
1.4550E+5	1.0000E+0	9.5012E-9	-1.0000E+1	-5.3991E-11
1.4600E+5	1.0000E+0	9.5691E-9	-1.0000E+1	-5.3939E-11
1.4650E+5	1.0000E+0	9.5415E-9	-1.0000E+1	-5.4612E-11
1.4700E+5	1.0000E+0	9.5630E-9	-1.0000E+1	-5.3992E-11
1.4750E+5	1.0000E+0	9.5554E-9	-1.0000E+1	-5.4181E-11
1.4800E+5	1.0000E+0	9.5006E-9	-1.0000E+1	-5.4843E-11
1.4850E+5	1.0000E+0	9.5370E-9	-1.0000E+1	-5.4196E-11
1.4900E+5	1.0000E+0	9.8723E-9	-1.0000E+1	-5.4079E-11
1.4950E+5	1.0000E+0	9.9780E-9	-1.0000E+1	-6.2352E-9
1.5000E+5	1.0000E+0	9.9831E-9	-1.0000E+1	-6.2218E-9
1.5050E+5	1.0000E+0	9.9826E-9	-1.0000E+1	-6.2240E-9
1.5100E+5	1.0000E+0	1.0003E-8	-1.0000E+1	-6.2162E-9
1.5150E+5	1.0000E+0	9.9766E-9	-1.0000E+1	-6.2110E-9
1.5200E+5	1.0000E+0	9.9662E-9	-1.0000E+1	-6.2076E-9
1.5250E+5	1.0000E+0	9.9452E-9	-1.0000E+1	-6.2055E-9
1.5300E+5	1.0000E+0	9.9484E-9	-1.0000E+1	-6.2055E-9
1.5350E+5	1.0000E+0	9.9301E-9	-1.0000E+1	-6.2044E-9
1.5400E+5	1.0000E+0	9.8978E-9	-1.0000E+1	-6.2040E-9
1.5450E+5	1.0000E+0	9.8669E-9	-1.0000E+1	-6.2048E-9
1.5500E+5	1.0000E+0	9.8735E-9	-1.0000E+1	-6.2023E-9
1.5550E+5	1.0000E+0	9.8618E-9	-1.0000E+1	-6.1983E-9
1.5600E+5	1.0000E+0	9.7916E-9	-1.0000E+1	-6.1921E-9
1.5650E+5	1.0000E+0	9.8399E-9	-1.0000E+1	-6.1890E-9
1.5700E+5	1.0000E+0	9.7839E-9	-1.0000E+1	-6.1840E-9
1.5750E+5	1.0000E+0	9.6961E-9	-1.0000E+1	-6.1803E-9
1.5800E+5	1.0000E+0	9.7089E-9	-1.0000E+1	-6.1761E-9
1.5850E+5	1.0000E+0	9.6712E-9	-1.0000E+1	-6.1726E-9
1.5900E+5	1.0000E+0	9.3886E-9	-1.0000E+1	-6.1710E-9
1.5950E+5	1.0000E+0	9.0286E-9	-1.0000E+1	-1.4686E-10
1.6000E+5	1.0000E+0	9.0675E-9	-1.0000E+1	-6.0685E-11
1.6050E+5	1.0000E+0	9.0067E-9	-1.0000E+1	-5.5376E-11
1.6100E+5	1.0000E+0	9.0548E-9	-1.0000E+1	-5.4960E-11
1.6150E+5	1.0000E+0	9.0132E-9	-1.0000E+1	-5.4522E-11
1.6200E+5	1.0000E+0	9.0540E-9	-1.0000E+1	-5.4096E-11
1.6250E+5	1.0000E+0	8.9892E-9	-1.0000E+1	-5.5116E-11
1.6300E+5	1.0000E+0	9.0136E-9	-1.0000E+1	-5.4370E-11
1.6350E+5	1.0000E+0	8.9887E-9	-1.0000E+1	-5.5219E-11
1.6400E+5	1.0000E+0	9.0508E-9	-1.0000E+1	-5.4498E-11
1.6450E+5	1.0000E+0	9.0048E-9	-1.0000E+1	-5.4270E-11
1.6500E+5	1.0000E+0	9.0470E-9	-1.0000E+1	-5.3935E-11
1.6550E+5	1.0000E+0	9.0448E-9	-1.0000E+1	-5.4247E-11
1.6600E+5	1.0000E+0	9.0746E-9	-1.0000E+1	-5.4392E-11
1.6650E+5	1.0000E+0	9.0795E-9	-1.0000E+1	-5.4340E-11
1.6700E+5	1.0000E+0	9.1228E-9	-1.0000E+1	-5.3596E-11
1.6750E+5	1.0000E+0	9.0789E-9	-1.0000E+1	-5.5323E-11
1.6800E+5	1.0000E+0	9.0542E-9	-1.0000E+1	-5.5076E-11
1.6850E+5	1.0000E+0	9.0358E-9	-1.0000E+1	-5.5310E-11
1.6900E+5	1.0000E+0	9.0236E-9	-1.0000E+1	-5.4591E-11
1.6950E+5	1.0000E+0	8.9844E-9	-1.0000E+1	-5.5063E-11
1.7000E+5	1.0000E+0	8.9650E-9	-1.0000E+1	-5.5008E-11
1.7050E+5	1.0000E+0	9.0284E-9	-1.0000E+1	-5.4594E-11
1.7100E+5	1.0000E+0	9.0444E-9	-1.0000E+1	-5.4729E-11
1.7150E+5	1.0000E+0	9.0275E-9	-1.0000E+1	-5.4806E-11
1.7200E+5	1.0000E+0	9.0502E-9	-1.0000E+1	-5.4468E-11
1.7250E+5	1.0000E+0	9.0579E-9	-1.0000E+1	-5.4795E-11
1.7300E+5	1.0000E+0	9.0519E-9	-1.0000E+1	-5.4686E-11
1.7350E+5	1.0000E+0	9.0205E-9	-1.0000E+1	-5.4228E-11
1.7400E+5	1.0000E+0	9.0535E-9	-1.0000E+1	-5.5497E-11
1.7450E+5	1.0000E+0	9.0702E-9	-1.0000E+1	-5.5183E-11
1.7500E+5	1.0000E+0	9.0210E-9	-1.0000E+1	-5.5052E-11
1.7550E+5	1.0000E+0	9.0000E-9	-1.0000E+1	-5.5354E-11
1.7600E+5	1.0000E+0	9.0351E-9	-1.0000E+1	-5.4683E-11
1.7650E+5	1.0000E+0	9.0611E-9	-1.0000E+1	-5.4680E-11
1.7700E+5	1.0000E+0	9.0523E-9	-1.0000E+1	-5.5090E-11
1.7750E+5	1.0000E+0	9.0609E-9	-1.0000E+1	-5.5147E-11
1.7800E+5	1.0000E+0	9.0313E-9	-1.0000E+1	-5.4989E-11
1.7850E+5	1.0000E+0	9.0029E-9	-1.0000E+1	-5.4691E-11
1.7900E+5	1.0000E+0	8.9853E-9	-1.0000E+1	-5.4957E-11
1.7950E+5	1.0000E+0	8.9664E-9	-1.0000E+1	-5.4810E-11
1.8000E+5	1.0000E+0	8.9988E-9	-1.0000E+1	-5.4274E-11
1.8050E+5	1.0000E+0	8.9946E-9	-1.0000E+1	-5.4955E-11
1.8100E+5	1.0000E+0	9.0310E-9	-1.0000E+1	-5.4704E-11
1.8150E+5	1.0000E+0	8.9795E-9	-1.0000E+1	-5.4190E-11
1.8200E+5	1.0000E+0	8.9837E-9	-1.0000E+1	-5.5324E-11
1.8250E+5	1.0000E+0	8.9844E-9	-1.0000E+1	-5.4448E-11
1.8300E+5	1.0000E+0	9.0166E-9	-1.0000E+1	-5.4572E-11
1.8350E+5	1.0000E+0	9.0496E-9	-1.0000E+1	-5.4555E-11
1.8400E+5	1.0000E+0	8.9923E-9	-1.0000E+1	-5.4177E-11
1.8450E+5	1.0000E+0	9.0304E-9	-1.0000E+1	-5.5010E-11
1.8500E+5	1.0000E+0	8.9923E-9	-1.0000E+1	-5.4143E-11
1.8550E+5	1.0000E+0	9.0363E-9	-1.0000E+1	-5.4355E-11
1.8600E+5	1.0000E+0	9.0450E-9	-1.0000E+1	-5.4249E-11
1.8650E+5	1.0000E+0	9.0310E-9	-1.0000E+1	-5.4938E-11
1.8700E+5	1.0000E+0	8.9969E-9	-1.0000E+1	-5.4861E-11
1.8750E+5	1.0000E+0	9.0420E-9	-1.0000E+1	-5.4386E-11
1.8800E+5	1.0000E+0	9.0807E-9	-1.0000E+1	-5.4257E-11
1.8850E+5	1.0000E+0	9.0886E-9	-1.0000E+1	-5.4460E-11
1.8900E+5	1.0000E+0	9.1030E-9	-1.0000E+1	-5.4041E-11
1.8950E+5	1.0000E+0	9.0925E-9	-1.0000E+1	-5.4525E-11
1.9000E+5	1.0000E+0	9.0890E-9	-1.0000E+1	-5.4586E-11
1.9050E+5	1.0000E+0	9.1071E-9	-1.0000E+1	-5.4042E-11
1.9100E+5	1.0000E+0	9.1305E-9	-1.0000E+1	-5.4536E-11
1.9150E+5	1.0000E+0	9.1669E-9	-1.0000E+1	-5.4572E-11
1.9200E+5	1.0000E+0	9.1609E-9	-1.0000E+1	-5.4761E-11
1.9250E+5	1.0000E+0	9.1206E-9	-1.0000E+1	-5.3911E-11
1.9300E+5	1.0000E+0	9.1247E-9	-1.0000E+1	-5.4159E-11
1.9350E+5	1.0000E+0	9.1092E-9	-1.0000E+1	-5.4872E-11
1.9400E+5	1.0000E+0	9.1112E-9	-1.0000E+1	-5.4057E-11
1.9450E+5	1.0000E+0	9.1189E-9	-1.0000E+1	-5.4334E-11
1.9500E+5	1.0000E+0	9.1502E-9	-1.0000E+1	-5.4109E-11
1.9550E+5	1.0000E+0	9.1376E-9	-1.0000E+1	-5.4284E-11
1.9600E+5	1.0000E+0	9.1822E-9	-1.0000E+1	-5.4711E-11
1.9650E+5	1.0000E+0	9.1568E-9	-1.0000E+1	-5.4631E-11
1.9700E+5	1.0000E+0	9.1977E-9	-1.0000E+1	-5.4778E-11
1.9750E+5	1.0000E+0	9.1577E-9	-1.0000E+1	-5.3741E-11
1.9800E+5	1.0000E+0	9.1800E-9	-1.0000E+1	-5.4727E-11
1.9850E+5	1.0000E+0	9.1784E-9	-1.0000E+1	-5.5121E-11
1.9900E+5	1.0000E+0	9.2115E-9	-1.0000E+1	-5.4456E-11
1.9950E+5	1.0000E+0	9.1758E-9	-1.0000E+1	-5.4039E-11
2.0000E+5	1.0000E+0	9.1809E-9	-1.0000E+1	-5.4140E-11
2.0050E+5	1.0000E+0	9.2135E-9	-1.0000E+1	-5.4166E-11
2.0100E+5	1.0000E+0	9.2499E-9	-1.0000E+1	-5.4309E-11
2.0150E+5	1.0000E+0	9.2202E-9	-1.0000E+1	-5.4897E-11
2.0200E+5	1.0000E+0	9.2768E-9	-1.0000E+1	-5.4752E-11
2.0250E+5	1.0000E+0	9.3126E-9	-1.0000E+1	-5.4665E-11
2.0300E+5	1.0000E+0	9.2912E-9	-1.0000E+1	-5.5017E-11
2.0350E+5	1.0000E+0	9.2399E-9	-1.0000E+1	-5.5318E-11
2.0400E+5	1.0000E+0	9.2542E-9	-1.0000E+1	-5.5109E-11
2.0450E+5	1.0000E+0	9.2712E-9	-1.0000E+1	-5.4755E-11
2.0500E+5	1.0000E+0	9.2825E-9	-1.0000E+1	-5.4334E-11
2.0550E+5	1.0000E+0	9.2963E-9	-1.0000E+1	-5.4146E-11
2.0600E+5	1.0000E+0	9.2992E-9	-1.0000E+1	-5.4292E-11
2.0650E+5	1.0000E+0	9.2999E-9	-1.0000E+1	-5.3930E-11
2.0700E+5	1.0000E+0	9.3041E-9	-1.0000E+1	-5.4539E-11
2.0750E+5	1.0000E+0	9.3106E-9	-1.0000E+1	-5.5152E-11
2.0800E+5	1.0000E+0	9.3128E-9	-1.0000E+1	-5.5222E-11
2.0850E+5	1.0000E+0	9.2854E-9	-1.0000E+1	-5.4378E-11
2.0900E+5	1.0000E+0	9.3378E-9	-1.0000E+1	-5.4399E-11
2.0950E+5	1.0000E+0	9.3097E-9	-1.0000E+1	-5.5071E-11
2.1000E+5	1.0000E+0	9.2909E-9	-1.0000E+1	-5.5213E-11
2.1050E+5	1.0000E+0	9.2961E-9	-1.0000E+1	-5.5112E-11
2.1100E+5	1.0000E+0	9.3034E-9	-1.0000E+1	-5.4532E-11
2.1150E+5	1.0000E+0	9.3155E-9	-1.0000E+1	-5.4053E-11
2.1200E+5	1.0000E+0	9.2821E-9	-1.0000E+1	-5.4594E-11
2.1250E+5	1.0000E+0	9.3123E-9	-1.0000E+1	-5.5128E-11
2.1300E+5	1.0000E+0	9.3496E-9	-1.0000E+1	-5.5132E-11
2.1350E+5	1.0000E+0	9.3532E-9	-1.0000E+1	-5.5543E-11
2.1400E+5	1.0000E+0	9.3596E-9	-1.0000E+1	-5.4576E-11
2.1450E+5	1.0000E+0	9.3743E-9	-1.0000E+1	-5.5548E-11
2.1500E+5	1.0000E+0	9.3578E-9	-1.0000E+1	-5.4718E-11
2.1550E+5	1.0000E+0	9.3483E-9	-1.0000E+1	-5.6318E-11
2.1600E+5	1.0000E+0	9.3610E-9	-1.0000E+1	-5.5754E-11
2.1650E+5	1.0000E+0	9.4005E-9	-1.0000E+1	-5.5829E-11
2.1700E+5	1.0000E+0	9.3920E-9	-1.0000E+1	-5.5423E-11
2.1750E+5	1.0000E+0	9.3905E-9	-1.0000E+1	-5.5160E-11
2.1800E+5	1.0000E+0	9.4121E-9	-1.0000E+1	-5.4994E-11
2.1850E+5	1.0000E+0	9.4343E-9	-1.0000E+1	-5.4858E-11
2.1900E+5	1.0000E+0	9.4049E-9	-1.0000E+1	-5.4775E-11
2.1950E+5	1.0000E+0	9.4908E-9	-1.0000E+1	-5.5163E-11
2.2000E+5	1.0000E+0	9.4303E-9	-1.0000E+1	-5.4731E-11
2.2050E+5	1.0000E+0	9.4100E-9	-1.0000E+1	-5.5007E-11
2.2100E+5	1.0000E+0	9.4291E-9	-1.0000E+1	-5.5009E-11
2.2150E+5	1.0000E+0	9.4157E-9	-1.0000E+1	-5.4837E-11
2.2200E+5	1.0000E+0	9.3996E-9	-1.0000E+1	-5.5091E-11
2.2250E+5	1.0000E+0	9.4184E-9	-1.0000E+1	-5.5402E-11
2.2300E+5	1.0000E+0	9.4597E-9	-1.0000E+1	-5.5283E-11
2.2350E+5	1.0000E+0	9.4622E-9	-1.0000E+1	-5.5041E-11
2.2400E+5	1.0000E+0	9.4584E-9	-1.0000E+1	-5.5275E-11
2.2450E+5	1.0000E+0	9.4566E-9	-1.0000E+1	-5.4601E-11
2.2500E+5	1.0000E+0	9.5004E-9	-1.0000E+1	-5.5189E-11
2.2550E+5	1.0000E+0	9.4065E-9	-1.0000E+1	-5.4978E-11
2.2600E+5	1.0000E+0	9.4649E-9	-1.0000E+1	-5.4901E-11
2.2650E+5	1.0000E+0	1.0018E-8	-1.0000E+1	-6.2856E-9
2.2700E+5	1.0000E+0	9.9913E-9	-1.0000E+1	-6.2759E-9
2.2750E+5	1.0000E+0	9.9377E-9	-1.0000E+1	-6.2714E-9
2.2800E+5	1.0000E+0	9.9304E-9	-1.0000E+1	-6.2635E-9
2.2850E+5	1.0000E+0	9.9313E-9	-1.0000E+1	-6.2585E-9
2.2900E+5	1.0000E+0	9.8880E-9	-1.0000E+1	-6.2570E-9
2.2950E+5	1.0000E+0	9.9343E-9	-1.0000E+1	-6.2519E-9
2.3000E+5	1.0000E+0	9.8893E-9	-1.0000E+1	-6.2498E-9
2.3050E+5	1.0000E+0	9.8799E-9	-1.0000E+1	-6.2480E-9
2.3100E+5	1.0000E+0	9.8713E-9	-1.0000E+1	-6.2457E-9
2.3150E+5	1.0000E+0	9.8034E-9	-1.0000E+1	-6.2427E-9
2.3200E+5	1.0000E+0	9.7572E-9	-1.0000E+1	-6.2408E-9
2.3250E+5	1.0000E+0	9.7554E-9	-1.0000E+1	-6.2373E-9
2.3300E+5	1.0000E+0	9.7043E-9	-1.0000E+1	-6.2351E-9
2.3350E+5	1.0000E+0	9.6868E-9	-1.0000E+1	-6.2321E-9
2.3400E+5	1.0000E+0	9.6616E-9	-1.0000E+1	-6.2303E-9
2.3450E+5	1.0000E+0	9.6551E-9	-1.0000E+1	-6.2286E-9
2.3500E+5	1.0000E+0	9.6179E-9	-1.0000E+1	-6.2267E-9
2.3550E+5	1.0000E+0	9.6137E-9	-1.0000E+1	-6.2227E-9
2.3600E+5	1.0000E+0	9.4977E-9	-1.0000E+1	-6.2216E-9
2.3650E+5	1.0000E+0	8.9377E-9	-1.0000E+1	-1.6945E-9
2.3700E+5	1.0000E+0	8.9385E-9	-1.0000E+1	-7.4539E-11
2.3750E+5	1.0000E+0	8.9108E-9	-1.0000E+1	-5.6544E-11
2.3800E+5	1.0000E+0	8.9256E-9	-1.0000E+1	-5.5190E-11
2.3850E+5	1.0000E+0	8.9037E-9	-1.0000E+1	-5.5276E-11
2.3900E+5	1.0000E+0	8.9224E-9	-1.0000E+1	-5.4905E-11
2.3950E+5	1.0000E+0	8.9033E-9	-1.0000E+1	-5.4777E-11
2.4000E+5	1.0000E+0	8.9122E-9	-1.0000E+1	-5.4630E-11
2.4050E+5	1.0000E+0	8.9167E-9	-1.0000E+1	-5.5077E-11
2.4100E+5	1.0000E+0	8.8785E-9	-1.0000E+1	-5.4803E-11
2.4150E+5	1.0000E+0	8.9008E-9	-1.0000E+1	-5.4632E-11
2.4200E+5	1.0000E+0	8.8622E-9	-1.0000E+1	-5.5155E-11
2.4250E+5	1.0000E+0	8.8756E-9	-1.0000E+1	-5.4677E-11
2.4300E+5	1.0000E+0	8.8739E-9	-1.0000E+1	-5.4650E-11
2.4350E+5	1.0000E+0	8.8450E-9	-1.0000E+1	-5.4449E-11
2.4400E+5	1.0000E+0	8.8520E-9	-1.0000E+1	-5.4605E-11
2.4450E+5	1.0000E+0	8.8352E-9	-1.0000E+1	-5.5327E-11
2.4500E+5	1.0000E+0	8.8621E-9	-1.0000E+1	-5.4183E-11
2.4550E+5	1.0000E+0	8.8562E-9	-1.0000E+1	-5.4567E-11
2.4600E+5	1.0000E+0	8.8768E-9	-1.0000E+1	-5.5062E-11
2.4650E+5	1.0000E+0	9.3956E-9	-1.0000E+1	-6.1261E-9
2.4700E+5	1.0000E+0	9.3539E-9	-1.0000E+1	-6.2367E-9
2.4750E+5	1.0000E+0	9.3169E-9	-1.0000E+1	-6.2220E-9
2.4800E+5	1.0000E+0	9.2748E-9	-1.0000E+1	-6.2207E-9
2.4850E+5	1.0000E+0	9.1861E-9	-1.0000E+1	-6.2176E-9
2.4900E+5	1.0000E+0	9.1600E-9	-1.0000E+1	-6.2197E-9
2.4950E+5	1.0000E+0	9.1478E-9	-1.0000E+1	-6.2139E-9
2.5000E+5	1.0000E+0	9.1010E-9	-1.0000E+1	-6.2109E-9
2.5050E+5	1.0000E+0	9.0544E-9	-1.0000E+1	-6.2064E-9
2.5100E+5	1.0000E+0	9.1152E-9	-1.0000E+1	-6.2034E-9
2.5150E+5	1.0000E+0	9.0726E-9	-1.0000E+1	-6.2028E-9
2.5200E+5	1.0000E+0	9.0385E-9	-1.0000E+1	-6.1991E-9
2.5250E+5	1.0000E+0	9.0366E-9	-1.0000E+1	-6.2006E-9
2.5300E+5	1.0000E+0	8.9647E-9	-1.0000E+1	-6.1983E-9
2.5350E+5	1.0000E+0	8.9242E-9	-1.0000E+1	-6.1961E-9
2.5400E+5	1.0000E+0	8.8980E-9	-1.0000E+1	-6.1958E-9
2.5450E+5	1.0000E+0	8.9226E-9	-1.0000E+1	-6.1945E-9
2.5500E+5	1.0000E+0	8.9014E-9	-1.0000E+1	-6.1921E-9
2.5550E+5	1.0000E+0	8.8530E-9	-1.0000E+1	-6.1931E-9
2.5600E+5	1.0000E+0	8.7947E-9	-1.0000E+1	-6.1883E-9
2.5650E+5	1.0000E+0	8.2053E-9	-1.0000E+1	-2.5494E-9
2.5700E+5	1.0000E+0	8.2256E-9	-1.0000E+1	-7.7379E-11
2.5750E+5	1.0000E+0	8.2122E-9	-1.0000E+1	-5.6001E-11
2.5800E+5	1.0000E+0	8.2047E-9	-1.0000E+1	-5.4112E-11
2.5850E+5	1.0000E+0	8.1695E-9	-1.0000E+1	-5.4549E-11
2.5900E+5	1.0000E+0	8.1687E-9	-1.0000E+1	-5.4231E-11
2.5950E+5	1.0000E+0	8.1693E-9	-1.0000E+1	-5.3901E-11
2.6000E+5	1.0000E+0	8.1750E-9	-1.0000E+1	-5.4555E-11
2.6050E+5	1.0000E+0	8.2021E-9	-1.0000E+1	-5.4674E-11
2.6100E+5	1.0000E+0	8.1955E-9	-1.0000E+1	-5.4605E-11
2.6150E+5	1.0000E+0	8.1823E-9	-1.0000E+1	-5.4694E-11
2.6200E+5	1.0000E+0	8.1646E-9	-1.0000E+1	-5.3942E-11
2.6250E+5	1.0000E+0	8.1229E-9	-1.0000E+1	-5.4163E-11
2.6300E+5	1.0000E+0	8.1535E-9	-1.0000E+1	-5.4561E-11
2.6350E+5	1.0000E+0	8.1401E-9	-1.0000E+1	-5.5028E-11
2.6400E+5	1.0000E+0	8.1640E-9	-1.0000E+1	-5.4616E-11
2.6450E+5	1.0000E+0	8.1349E-9	-1.0000E+1	-5.4189E-11
2.6500E+5	1.0000E+0	8.1355E-9	-1.0000E+1	-5.3693E-11
2.6550E+5	1.0000E+0	8.1441E-9	-1.0000E+1	-5.3978E-11
2.6600E+5	1.0000E+0	8.1542E-9	-1.0000E+1	-5.4529E-11
2.6650E+5	1.0000E+0	8.6887E-9	-1.0000E+1	-5.3170E-9
2.6700E+5	1.0000E+0	8.6330E-9	-1.0000E+1	-6.2005E-9
2.6750E+5	1.0000E+0	8.6213E-9	-1.0000E+1	-6.1961E-9
2.6800E+5	1.0000E+0	8.6188E-9	-1.0000E+1	-6.1924E-9
2.6850E+5	1.0000E+0	8.6099E-9	-1.0000E+1	-6.1870E-9
2.6900E+5	1.0000E+0	8.5786E-9	-1.0000E+1	-6.1857E-9
2.6950E+5	1.0000E+0	8.5012E-9	-1.0000E+1	-6.1820E-9
2.7000E+5	1.0000E+0	8.4831E-9	-1.0000E+1	-6.1763E-9
2.7050E+5	1.0000E+0	8.4421E-9	-1.0000E+1	-6.1729E-9
2.7100E+5	1.0000E+0	8.4278E-9	-1.0000E+1	-6.1676E-9
2.7150E+5	1.0000E+0	8.4116E-9	-1.0000E+1	-6.1637E-9
2.7200E+5	1.0000E+0	8.3739E-9	-1.0000E+1	-6.1589E-9
2.7250E+5	1.0000E+0	8.4084E-9	-1.0000E+1	-6.1535E-9
2.7300E+5	1.0000E+0	8.3589E-9	-1.0000E+1	-6.1518E-9
2.7350E+5	1.0000E+0	8.3593E-9	-1.0000E+1	-6.1508E-9
2.7400E+5	1.0000E+0	8.2877E-9	-1.0000E+1	-6.1540E-9
2.7450E+5	1.0000E+0	8.2487E-9	-1.0000E+1	-6.1540E-9
2.7500E+5	1.0000E+0	8.1882E-9	-1.0000E+1	-6.1525E-9
2.7550E+5	1.0000E+0	8.1698E-9	-1.0000E+1	-6.1539E-9
2.7600E+5	1.0000E+0	8.1155E-9	-1.0000E+1	-6.1507E-9
2.7650E+5	1.0000E+0	7.5399E-9	-1.0000E+1	-3.4219E-9
2.7700E+5	1.0000E+0	7.5648E-9	-1.0000E+1	-8.0594E-11
2.7750E+5	1.0000E+0	7.5864E-9	-1.0000E+1	-5.6275E-11
2.7800E+5	1.0000E+0	7.5984E-9	-1.0000E+1	-5.4412E-11
2.7850E+5	1.0000E+0	7.5774E-9	-1.0000E+1	-5.4377E-11
2.7900E+5	1.0000E+0	7.5675E-9	-1.0000E+1	-5.4004E-11
2.7950E+5	1.0000E+0	7.5481E-9	-1.0000E+1	-5.3849E-11
2.8000E+5	1.0000E+0	7.5020E-9	-1.0000E+1	-5.3991E-11
2.8050E+5	1.0000E+0	7.5367E-9	-1.0000E+1	-5.3744E-11
2.8100E+5	1.0000E+0	7.4891E-9	-1.0000E+1	-5.4174E-11
2.8150E+5	1.0000E+0	7.5736E-9	-1.0000E+1	-5.3678E-11
2.8200E+5	1.0000E+0	7.5384E-9	-1.0000E+1	-5.4446E-11
2.8250E+5	1.0000E+0	7.5099E-9	-1.0000E+1	-5.4204E-11
2.8300E+5	1.0000E+0	7.5052E-9	-1.0000E+1	-5.3726E-11
2.8350E+5	1.0000E+0	7.5451E-9	-1.0000E+1	-5.4318E-11
2.8400E+5	1.0000E+0	7.5471E-9	-1.0000E+1	-5.4472E-11
2.8450E+5	1.0000E+0	7.5600E-9	-1.0000E+1	-5.4337E-11
2.8500E+5	1.0000E+0	7.5224E-9	-1.0000E+1	-5.4153E-11
2.8550E+5	1.0000E+0	7.4946E-9	-1.0000E+1	-5.3713E-11
2.8600E+5	1.0000E+0	7.4945E-9	-1.0000E+1	-5.4077E-11
2.8650E+5	1.0000E+0	8.0106E-9	-1.0000E+1	-4.4059E-9
2.8700E+5	1.0000E+0	8.0595E-9	-1.0000E+1	-6.1671E-9
2.8750E+5	1.0000E+0	8.0533E-9	-1.0000E+1	-6.1625E-9
2.8800E+5	1.0000E+0	8.0391E-9	-1.0000E+1	-6.1593E-9
2.8850E+5	1.0000E+0	7.9954E-9	-1.0000E+1	-6.1544E-9
2.8900E+5	1.0000E+0	7.9675E-9	-1.0000E+1	-6.1503E-9
2.8950E+5	1.0000E+0	7.9515E-9	-1.0000E+1	-6.1485E-9
2.9000E+5	1.0000E+0	7.9479E-9	-1.0000E+1	-6.1460E-9
2.9050E+5	1.0000E+0	7.8919E-9	-1.0000E+1	-6.1420E-9
2.9100E+5	1.0000E+0	7.9306E-9	-1.0000E+1	-6.1394E-9
2.9150E+5	1.0000E+0	7.9016E-9	-1.0000E+1	-6.1400E-9
2.9200E+5	1.0000E+0	7.8568E-9	-1.0000E+1	-6.1409E-9
2.9250E+5	1.0000E+0	7.8457E-9	-1.0000E+1	-6.1416E-9
2.9300E+5	1.0000E+0	7.8536E-9	-1.0000E+1	-6.1399E-9
2.9350E+5	1.0000E+0	7.8370E-9	-1.0000E+1	-6.1372E-9
2.9400E+5	1.0000E+0	7.8301E-9	-1.0000E+1	-6.1318E-9
2.9450E+5	1.0000E+0	7.7704E-9	-1.0000E+1	-6.1259E-9
2.9500E+5	1.0000E+0	7.7487E-9	-1.0000E+1	-6.1212E-9
2.9550E+5	1.0000E+0	7.7550E-9	-1.0000E+1	-6.1167E-9
2.9600E+5	1.0000E+0	7.7372E-9	-1.0000E+1	-6.1134E-9
2.9650E+5	1.0000E+0	7.1522E-9	-1.0000E+1	-4.2028E-9
2.9700E+5	1.0000E+0	7.0903E-9	-1.0000E+1	-8.5529E-11
2.9750E+5	1.0000E+0	7.1061E-9	-1.0000E+1	-5.6238E-11
2.9800E+5	1.0000E+0	7.1237E-9	-1.0000E+1	-5.3933E-11
2.9850E+5	1.0000E+0	7.1210E-9	-1.0000E+1	-5.4086E-11
2.9900E+5	1.0000E+0	7.1022E-9	-1.0000E+1	-5.3781E-11
2.9950E+5	1.0000E+0	7.1104E-9	-1.0000E+1	-5.3631E-11
3.0000E+5	1.0000E+0	7.1066E-9	-1.0000E+1	-5.3603E-11
3.0050E+5	1.0000E+0	7.1054E-9	-1.0000E+1	-5.3947E-11
3.0100E+5	1.0000E+0	7.0858E-9	-1.0000E+1	-5.3495E-11
3.0150E+5	1.0000E+0	7.1002E-9	-1.0000E+1	-5.4045E-11
3.0200E+5	1.0000E+0	7.1031E-9	-1.0000E+1	-5.4606E-11
3.0250E+5	1.0000E+0	7.0934E-9	-1.0000E+1	-5.3370E-11
3.0300E+5	1.0000E+0	7.0503E-9	-1.0000E+1	-5.4194E-11
3.0350E+5	1.0000E+0	7.0561E-9	-1.0000E+1	-5.4538E-11
3.0400E+5	1.0000E+0	7.0568E-9	-1.0000E+1	-5.3633E-11
3.0450E+5	1.0000E+0	7.0152E-9	-1.0000E+1	-5.4299E-11
3.0500E+5	1.0000E+0	7.0414E-9	-1.0000E+1	-5.3430E-11
3.0550E+5	1.0000E+0	7.0592E-9	-1.0000E+1	-5.4039E-11
3.0600E+5	1.0000E+0	7.0563E-9	-1.0000E+1	-5.3880E-11
3.0650E+5	1.0000E+0	7.0377E-9	-1.0000E+1	-5.3486E-11
3.0700E+5	1.0000E+0	7.0491E-9	-1.0000E+1	-5.4781E-11
3.0750E+5	1.0000E+0	7.0687E-9	-1.0000E+1	-5.4616E-11
3.0800E+5	1.0000E+0	7.0571E-9	-1.0000E+1	-5.3985E-11
3.0850E+5	1.0000E+0	7.0534E-9	-1.0000E+1	-5.3881E-11
3.0900E+5	1.0000E+0	7.0180E-9	-1.0000E+1	-5.4251E-11
3.0950E+5	1.0000E+0	7.0184E-9	-1.0000E+1	-5.5211E-11
3.1000E+5	1.0000E+0	7.0530E-9	-1.0000E+1	-5.4250E-11
3.1050E+5	1.0000E+0	7.0201E-9	-1.0000E+1	-5.4485E-11
3.1100E+5	1.0000E+0	7.0733E-9	-1.0000E+1	-5.4578E-11
3.1150E+5	1.0000E+0	7.0680E-9	-1.0000E+1	-5.4317E-11
3.1200E+5	1.0000E+0	7.0546E-9	-1.0000E+1	-5.4731E-11
3.1250E+5	1.0000E+0	7.0522E-9	-1.0000E+1	-5.3519E-11
3.1300E+5	1.0000E+0	7.1037E-9	-1.0000E+1	-5.3786E-11
3.1350E+5	1.0000E+0	7.0668E-9	-1.0000E+1	-5.3450E-11
3.1400E+5	1.0000E+0	7.0390E-9	-1.0000E+1	-5.3958E-11
3.1450E+5	1.0000E+0	7.0606E-9	-1.0000E+1	-5.3365E-11
3.1500E+5	1.0000E+0	7.0711E-9	-1.0000E+1	-5.3796E-11
3.1550E+5	1.0000E+0	7.0729E-9	-1.0000E+1	-5.3633E-11
3.1600E+5	1.0000E+0	7.0618E-9	-1.0000E+1	-5.3756E-11
3.1650E+5	1.0000E+0	7.1153E-9	-1.0000E+1	-5.3732E-11
3.1700E+5	1.0000E+0	7.0960E-9	-1.0000E+1	-5.3388E-11
3.1750E+5	1.0000E+0	7.1050E-9	-1.0000E+1	-5.3790E-11
3.1800E+5	1.0000E+0	7.1358E-9	-1.0000E+1	-5.4214E-11
3.1850E+5	1.0000E+0	7.1461E-9	-1.0000E+1	-5.3181E-11
3.1900E+5	1.0000E+0	7.1039E-9	-1.0000E+1	-5.2903E-11
3.1950E+5	1.0000E+0	7.1219E-9	-1.0000E+1	-5.3819E-11
3.2000E+5	1.0000E+0	7.1237E-9	-1.0000E+1	-5.3763E-11
3.2050E+5	1.0000E+0	7.1329E-9	-1.0000E+1	-5.3735E-11
3.2100E+5	1.0000E+0	7.1703E-9	-1.0000E+1	-5.4292E-11
3.2150E+5	1.0000E+0	7.1420E-9	-1.0000E+1	-5.3957E-11
3.2200E+5	1.0000E+0	7.0968E-9	-1.0000E+1	-5.3968E-11
3.2250E+5	1.0000E+0	7.1219E-9	-1.0000E+1	-5.4233E-11
3.2300E+5	1.0000E+0	7.1110E-9	-1.0000E+1	-5.3891E-11
3.2350E+5	1.0000E+0	7.1206E-9	-1.0000E+1	-5.4275E-11
3.2400E+5	1.0000E+0	7.0879E-9	-1.0000E+1	-5.3853E-11
3.2450E+5	1.0000E+0	7.1320E-9	-1.0000E+1	-5.3066E-11
3.2500E+5	1.0000E+0	7.1619E-9	-1.0000E+1	-5.4043E-11
3.2550E+5	1.0000E+0	7.1584E-9	-1.0000E+1	-5.4954E-11
3.2600E+5	1.0000E+0	7.1832E-9	-1.0000E+1	-5.3422E-11
3.2650E+5	1.0000E+0	7.1913E-9	-1.0000E+1	-5.3735E-11
3.2700E+5	1.0000E+0	7.1836E-9	-1.0000E+1	-5.4166E-11
3.2750E+5	1.0000E+0	7.1986E-9	-1.0000E+1	-5.3848E-11
3.2800E+5	1.0000E+0	7.2220E-9	-1.0000E+1	-5.3787E-11
3.2850E+5	1.0000E+0	7.2534E-9	-1.0000E+1	-5.4367E-11
3.2900E+5	1.0000E+0	7.2187E-9	-1.0000E+1	-5.4054E-11
3.2950E+5	1.0000E+0	7.1780E-9	-1.0000E+1	-5.4060E-11
3.3000E+5	1.0000E+0	7.2262E-9	-1.0000E+1	-5.3621E-11
3.3050E+5	1.0000E+0	7.2257E-9	-1.0000E+1	-5.4454E-11
