File Name: 00_Sample12_device2_trfSat_dark_begin.dat
File Data: 21/11/2023	14:01:14
Start V: 0
Step V: 0
Stop V: 0
Range V: 200
Delay(ms): 0
Auorange: yes
Sweep type: log
Instrument Meter: SM2614
Time(ms)	Vdrain(V)	Idrain(A)	Vgate(V)	Igate(A)
0.0000E+0	1.0000E+0	1.6148E-10	-5.0000E+1	-1.2033E-9
1.0000E+3	1.0000E+0	1.3556E-10	-4.9500E+1	-4.7328E-10
1.5000E+3	1.0000E+0	1.1087E-10	-4.9000E+1	-2.2705E-10
2.0000E+3	1.0000E+0	1.0706E-10	-4.8500E+1	-1.8446E-10
2.5000E+3	1.0000E+0	1.0163E-10	-4.8000E+1	-1.6214E-10
3.0000E+3	1.0000E+0	9.7651E-11	-4.7500E+1	-1.3272E-10
3.5000E+3	1.0000E+0	9.4486E-11	-4.7000E+1	-1.1617E-10
4.0000E+3	1.0000E+0	9.4188E-11	-4.6500E+1	-1.0772E-10
4.5000E+3	1.0000E+0	9.2737E-11	-4.6000E+1	-1.1627E-10
5.0000E+3	1.0000E+0	9.1196E-11	-4.5500E+1	-1.4877E-10
5.5000E+3	1.0000E+0	9.0260E-11	-4.5000E+1	-1.5817E-10
6.0000E+3	1.0000E+0	9.1591E-11	-4.4500E+1	-1.8331E-10
6.5000E+3	1.0000E+0	8.9667E-11	-4.4000E+1	-2.7639E-10
7.0000E+3	1.0000E+0	8.8668E-11	-4.3500E+1	-2.6325E-10
7.5000E+3	1.0000E+0	8.8457E-11	-4.3000E+1	-2.4988E-10
8.0000E+3	1.0000E+0	8.7912E-11	-4.2500E+1	-2.2550E-10
8.5000E+3	1.0000E+0	8.7174E-11	-4.2000E+1	-2.3570E-10
9.0000E+3	1.0000E+0	8.8700E-11	-4.1500E+1	-2.6861E-10
9.5000E+3	1.0000E+0	8.7253E-11	-4.1000E+1	-3.4645E-10
1.0000E+4	1.0000E+0	8.7254E-11	-4.0500E+1	-3.1418E-10
1.0500E+4	1.0000E+0	8.7581E-11	-4.0000E+1	-2.7361E-10
1.1000E+4	1.0000E+0	8.8551E-11	-3.9500E+1	-2.3458E-10
1.1500E+4	1.0000E+0	8.7290E-11	-3.9000E+1	-2.0450E-10
1.2000E+4	1.0000E+0	8.6974E-11	-3.8500E+1	-1.8462E-10
1.2500E+4	1.0000E+0	8.6405E-11	-3.8000E+1	-1.6606E-10
1.3000E+4	1.0000E+0	8.6125E-11	-3.7500E+1	-1.4250E-10
1.3500E+4	1.0000E+0	8.5738E-11	-3.7000E+1	-1.4180E-10
1.4000E+4	1.0000E+0	8.5553E-11	-3.6500E+1	-1.3578E-10
1.4500E+4	1.0000E+0	8.5268E-11	-3.6000E+1	-1.4053E-10
1.5000E+4	1.0000E+0	9.2225E-11	-3.5500E+1	-1.6889E-10
1.5500E+4	1.0000E+0	6.6391E-11	-3.5000E+1	-1.9655E-11
1.6000E+4	1.0000E+0	8.3851E-11	-3.4500E+1	-1.9539E-10
1.6500E+4	1.0000E+0	8.4579E-11	-3.4000E+1	-1.9225E-10
1.7000E+4	1.0000E+0	8.5568E-11	-3.3500E+1	-1.9230E-10
1.7500E+4	1.0000E+0	8.5404E-11	-3.3000E+1	-2.0315E-10
1.8000E+4	1.0000E+0	8.4763E-11	-3.2500E+1	-2.5149E-10
1.8500E+4	1.0000E+0	8.3720E-11	-3.2000E+1	-2.5136E-10
1.9000E+4	1.0000E+0	8.4293E-11	-3.1500E+1	-2.4851E-10
1.9500E+4	1.0000E+0	8.4627E-11	-3.1000E+1	-2.3309E-10
2.0000E+4	1.0000E+0	8.4413E-11	-3.0500E+1	-2.3792E-10
2.0500E+4	1.0000E+0	8.5050E-11	-3.0000E+1	-2.3990E-10
2.1000E+4	1.0000E+0	8.5465E-11	-2.9500E+1	-2.4261E-10
2.1500E+4	1.0000E+0	8.3572E-11	-2.9000E+1	-2.4176E-10
2.2000E+4	1.0000E+0	8.3931E-11	-2.8500E+1	-2.3821E-10
2.2500E+4	1.0000E+0	8.3396E-11	-2.8000E+1	-2.3868E-10
2.3000E+4	1.0000E+0	8.3243E-11	-2.7500E+1	-2.4446E-10
2.3500E+4	1.0000E+0	8.4803E-11	-2.7000E+1	-2.4574E-10
2.4000E+4	1.0000E+0	8.4512E-11	-2.6500E+1	-2.4319E-10
2.4500E+4	1.0000E+0	8.5282E-11	-2.6000E+1	-2.4237E-10
2.5000E+4	1.0000E+0	8.6782E-11	-2.5500E+1	-2.4594E-10
2.5500E+4	1.0000E+0	8.6317E-11	-2.5000E+1	-2.4134E-10
2.6000E+4	1.0000E+0	8.7050E-11	-2.4500E+1	-2.3055E-10
2.6500E+4	1.0000E+0	8.7625E-11	-2.4000E+1	-2.2421E-10
2.7000E+4	1.0000E+0	8.5886E-11	-2.3500E+1	-2.1423E-10
2.7500E+4	1.0000E+0	8.7086E-11	-2.3000E+1	-2.1023E-10
2.8000E+4	1.0000E+0	8.7389E-11	-2.2500E+1	-2.0201E-10
2.8500E+4	1.0000E+0	8.6749E-11	-2.2000E+1	-1.9579E-10
2.9000E+4	1.0000E+0	8.8677E-11	-2.1500E+1	-1.8832E-10
2.9500E+4	1.0000E+0	8.9941E-11	-2.1000E+1	-1.8457E-10
3.0000E+4	1.0000E+0	9.7344E-11	-2.0500E+1	-1.7598E-10
3.0500E+4	1.0000E+0	9.1651E-11	-2.0000E+1	-1.2620E-10
3.1000E+4	1.0000E+0	8.7706E-11	-1.9500E+1	-1.2027E-10
3.1500E+4	1.0000E+0	1.0110E-10	-1.9000E+1	-1.5048E-10
3.2000E+4	1.0000E+0	1.0736E-10	-1.8500E+1	-1.4204E-10
3.2500E+4	1.0000E+0	1.1360E-10	-1.8000E+1	-1.2991E-10
3.3000E+4	1.0000E+0	1.2057E-10	-1.7500E+1	-1.2495E-10
3.3500E+4	1.0000E+0	1.3033E-10	-1.7000E+1	-1.1971E-10
3.4000E+4	1.0000E+0	1.4646E-10	-1.6500E+1	-1.1585E-10
3.4500E+4	1.0000E+0	1.6835E-10	-1.6000E+1	-1.0612E-10
3.5000E+4	1.0000E+0	1.9318E-10	-1.5500E+1	-9.9623E-11
3.5500E+4	1.0000E+0	2.1918E-10	-1.5000E+1	-9.3181E-11
3.6000E+4	1.0000E+0	2.5368E-10	-1.4500E+1	-8.8549E-11
3.6500E+4	1.0000E+0	2.9804E-10	-1.4000E+1	-8.4295E-11
3.7000E+4	1.0000E+0	3.5185E-10	-1.3500E+1	-7.9526E-11
3.7500E+4	1.0000E+0	4.0523E-10	-1.3000E+1	-7.3612E-11
3.8000E+4	1.0000E+0	4.6942E-10	-1.2500E+1	-6.5035E-11
3.8500E+4	1.0000E+0	5.5853E-10	-1.2000E+1	-6.1381E-11
3.9000E+4	1.0000E+0	6.6909E-10	-1.1500E+1	-5.4919E-11
3.9500E+4	1.0000E+0	7.8265E-10	-1.1000E+1	-4.9176E-11
4.0000E+4	1.0000E+0	9.2256E-10	-1.0500E+1	-4.0981E-11
4.0500E+4	1.0000E+0	1.0681E-9	-1.0000E+1	-3.3232E-11
4.1000E+4	1.0000E+0	1.2546E-9	-9.5000E+0	-2.6499E-11
4.1500E+4	1.0000E+0	1.4315E-9	-9.0000E+0	-1.8643E-11
4.2000E+4	1.0000E+0	1.6675E-9	-8.5000E+0	-1.1383E-11
4.2500E+4	1.0000E+0	1.9331E-9	-8.0000E+0	-3.1960E-12
4.3000E+4	1.0000E+0	2.2445E-9	-7.5000E+0	3.6693E-12
4.3500E+4	1.0000E+0	2.5948E-9	-7.0000E+0	1.3351E-11
4.4000E+4	1.0000E+0	2.9349E-9	-6.5000E+0	2.2057E-11
4.4500E+4	1.0000E+0	3.3624E-9	-6.0000E+0	3.2189E-11
4.5000E+4	1.0000E+0	3.8546E-9	-5.5000E+0	4.3422E-11
4.5500E+4	1.0000E+0	4.2597E-9	-5.0000E+0	4.2655E-11
4.6000E+4	1.0000E+0	4.9334E-9	-4.5000E+0	1.9534E-10
4.6500E+4	1.0000E+0	5.6694E-9	-4.0000E+0	7.9441E-11
4.7000E+4	1.0000E+0	6.2743E-9	-3.5000E+0	1.4922E-10
4.7500E+4	1.0000E+0	7.0104E-9	-3.0000E+0	2.2617E-10
4.8000E+4	1.0000E+0	7.8111E-9	-2.5000E+0	2.6555E-10
4.8500E+4	1.0000E+0	8.6465E-9	-2.0000E+0	3.1911E-10
4.9000E+4	1.0000E+0	9.4828E-9	-1.5000E+0	3.2935E-10
4.9500E+4	1.0000E+0	1.0337E-8	-1.0000E+0	3.2946E-10
5.0000E+4	1.0000E+0	1.1419E-8	-5.0000E-1	3.0929E-10
5.0500E+4	1.0000E+0	1.2539E-8	0.0000E+0	2.8810E-10
5.1000E+4	1.0000E+0	1.3911E-8	5.0000E-1	2.7678E-10
5.1500E+4	1.0000E+0	1.5245E-8	1.0000E+0	2.5883E-10
5.2000E+4	1.0000E+0	1.6801E-8	1.5000E+0	2.4408E-10
5.2500E+4	1.0000E+0	1.8314E-8	2.0000E+0	2.1395E-10
5.3000E+4	1.0000E+0	1.9770E-8	2.5000E+0	1.9181E-10
5.3500E+4	1.0000E+0	2.1656E-8	3.0000E+0	1.6254E-10
5.4000E+4	1.0000E+0	2.3202E-8	3.5000E+0	1.3942E-10
5.4500E+4	1.0000E+0	2.5236E-8	4.0000E+0	1.2844E-10
5.5000E+4	1.0000E+0	2.7116E-8	4.5000E+0	1.2136E-10
5.5500E+4	1.0000E+0	2.9404E-8	5.0000E+0	1.1898E-10
5.6000E+4	1.0000E+0	3.1608E-8	5.5000E+0	1.1723E-10
5.6500E+4	1.0000E+0	3.3670E-8	6.0000E+0	1.1867E-10
5.7000E+4	1.0000E+0	3.6638E-8	6.5000E+0	1.2171E-10
5.7500E+4	1.0000E+0	3.8819E-8	7.0000E+0	1.2531E-10
5.8000E+4	1.0000E+0	4.1630E-8	7.5000E+0	1.3011E-10
5.8500E+4	1.0000E+0	4.4156E-8	8.0000E+0	1.3540E-10
5.9000E+4	1.0000E+0	4.7373E-8	8.5000E+0	1.4058E-10
5.9500E+4	1.0000E+0	5.0425E-8	9.0000E+0	1.4634E-10
6.0000E+4	1.0000E+0	5.3321E-8	9.5000E+0	1.5140E-10
6.0500E+4	1.0000E+0	5.6342E-8	1.0000E+1	1.5578E-10
6.1000E+4	1.0000E+0	6.0213E-8	1.0500E+1	4.1994E-10
6.1500E+4	1.0000E+0	6.3385E-8	1.1000E+1	1.8241E-10
6.2000E+4	1.0000E+0	6.6964E-8	1.1500E+1	1.8942E-10
6.2500E+4	1.0000E+0	7.1012E-8	1.2000E+1	1.9407E-10
6.3000E+4	1.0000E+0	7.4878E-8	1.2500E+1	2.0132E-10
6.3500E+4	1.0000E+0	7.9393E-8	1.3000E+1	2.0922E-10
6.4000E+4	1.0000E+0	8.4071E-8	1.3500E+1	2.2291E-10
6.4500E+4	1.0000E+0	8.7950E-8	1.4000E+1	2.3493E-10
6.5000E+4	1.0000E+0	9.1881E-8	1.4500E+1	2.4708E-10
6.5500E+4	1.0000E+0	9.6939E-8	1.5000E+1	2.5814E-10
6.6000E+4	1.0000E+0	1.0049E-7	1.5500E+1	2.7215E-10
6.6500E+4	1.0000E+0	1.0527E-7	1.6000E+1	6.4635E-10
6.7000E+4	1.0000E+0	1.1109E-7	1.6500E+1	2.9993E-10
6.7500E+4	1.0000E+0	1.1595E-7	1.7000E+1	3.0893E-10
6.8000E+4	1.0000E+0	1.2016E-7	1.7500E+1	3.1686E-10
6.8500E+4	1.0000E+0	1.2591E-7	1.8000E+1	3.2821E-10
6.9000E+4	1.0000E+0	1.3115E-7	1.8500E+1	3.4522E-10
6.9500E+4	1.0000E+0	1.3685E-7	1.9000E+1	3.5966E-10
7.0000E+4	1.0000E+0	1.4256E-7	1.9500E+1	3.7662E-10
7.0500E+4	1.0000E+0	1.4777E-7	2.0000E+1	3.8984E-10
7.1000E+4	1.0000E+0	1.5598E-7	2.0500E+1	4.0161E-10
7.1500E+4	1.0000E+0	1.6149E-7	2.1000E+1	4.1474E-10
7.2000E+4	1.0000E+0	1.6868E-7	2.1500E+1	4.3001E-10
7.2500E+4	1.0000E+0	1.7457E-7	2.2000E+1	4.4521E-10
7.3000E+4	1.0000E+0	1.8015E-7	2.2500E+1	4.5382E-10
7.3500E+4	1.0000E+0	1.8784E-7	2.3000E+1	2.0783E-9
7.4000E+4	1.0000E+0	1.9677E-7	2.3500E+1	4.8281E-10
7.4500E+4	1.0000E+0	2.0176E-7	2.4000E+1	4.9426E-10
7.5000E+4	1.0000E+0	2.1003E-7	2.4500E+1	5.0678E-10
7.5500E+4	1.0000E+0	2.1760E-7	2.5000E+1	5.1539E-10
7.6000E+4	1.0000E+0	2.2487E-7	2.5500E+1	5.4524E-10
7.6500E+4	1.0000E+0	2.3092E-7	2.6000E+1	5.6323E-10
7.7000E+4	1.0000E+0	2.3821E-7	2.6500E+1	5.8482E-10
7.7500E+4	1.0000E+0	2.4820E-7	2.7000E+1	6.0546E-10
7.8000E+4	1.0000E+0	2.5757E-7	2.7500E+1	1.5902E-9
7.8500E+4	1.0000E+0	2.6663E-7	2.8000E+1	1.3795E-9
7.9000E+4	1.0000E+0	2.7436E-7	2.8500E+1	1.4014E-9
7.9500E+4	1.0000E+0	2.8519E-7	2.9000E+1	1.5817E-9
8.0000E+4	1.0000E+0	2.9274E-7	2.9500E+1	1.4547E-9
8.0500E+4	1.0000E+0	2.9968E-7	3.0000E+1	1.4821E-9
8.1000E+4	1.0000E+0	3.1204E-7	3.0500E+1	1.5047E-9
8.1500E+4	1.0000E+0	3.2307E-7	3.1000E+1	1.5616E-9
8.2000E+4	1.0000E+0	3.3296E-7	3.1500E+1	1.5733E-9
8.2500E+4	1.0000E+0	3.4313E-7	3.2000E+1	1.4187E-9
8.3000E+4	1.0000E+0	3.5350E-7	3.2500E+1	1.4135E-9
8.3500E+4	1.0000E+0	3.6594E-7	3.3000E+1	1.4122E-9
8.4000E+4	1.0000E+0	3.7792E-7	3.3500E+1	1.3577E-9
8.4500E+4	1.0000E+0	3.9246E-7	3.4000E+1	1.4240E-9
8.5000E+4	1.0000E+0	4.0546E-7	3.4500E+1	1.5254E-9
8.5500E+4	1.0000E+0	4.1834E-7	3.5000E+1	1.5084E-9
8.6000E+4	1.0000E+0	4.2929E-7	3.5500E+1	1.5366E-9
8.6500E+4	1.0000E+0	4.4525E-7	3.6000E+1	1.7928E-9
8.7000E+4	1.0000E+0	4.6205E-7	3.6500E+1	1.7886E-9
8.7500E+4	1.0000E+0	4.7179E-7	3.7000E+1	1.3908E-9
8.8000E+4	1.0000E+0	4.8519E-7	3.7500E+1	1.2384E-9
8.8500E+4	1.0000E+0	4.9796E-7	3.8000E+1	1.2401E-9
8.9000E+4	1.0000E+0	5.1612E-7	3.8500E+1	1.4343E-9
8.9500E+4	1.0000E+0	5.2905E-7	3.9000E+1	1.3577E-9
9.0000E+4	1.0000E+0	5.4838E-7	3.9500E+1	1.2723E-9
9.0500E+4	1.0000E+0	5.6519E-7	4.0000E+1	1.2577E-9
9.1000E+4	1.0000E+0	5.8172E-7	4.0500E+1	1.2847E-9
9.1500E+4	1.0000E+0	6.1298E-7	4.1000E+1	1.4878E-9
9.2000E+4	1.0000E+0	6.3027E-7	4.1500E+1	1.3691E-9
9.2500E+4	1.0000E+0	6.4817E-7	4.2000E+1	1.4056E-9
9.3000E+4	1.0000E+0	6.6807E-7	4.2500E+1	1.3941E-9
9.3500E+4	1.0000E+0	6.9285E-7	4.3000E+1	1.4917E-9
9.4000E+4	1.0000E+0	7.1519E-7	4.3500E+1	1.5287E-9
9.4500E+4	1.0000E+0	7.4223E-7	4.4000E+1	1.5458E-9
9.5000E+4	1.0000E+0	7.5840E-7	4.4500E+1	1.5519E-9
9.5500E+4	1.0000E+0	7.8465E-7	4.5000E+1	1.5948E-9
9.6000E+4	1.0000E+0	8.1279E-7	4.5500E+1	1.6159E-9
9.6500E+4	1.0000E+0	8.3941E-7	4.6000E+1	1.6806E-9
9.7000E+4	1.0000E+0	8.5791E-7	4.6500E+1	1.6903E-9
9.7500E+4	1.0000E+0	8.8786E-7	4.7000E+1	1.7404E-9
9.8000E+4	1.0000E+0	9.1627E-7	4.7500E+1	1.7182E-9
9.8500E+4	1.0000E+0	9.4628E-7	4.8000E+1	1.7707E-9
9.9000E+4	1.0000E+0	9.6921E-7	4.8500E+1	1.7821E-9
9.9500E+4	1.0000E+0	9.9107E-7	4.9000E+1	1.8094E-9
1.0000E+5	1.0000E+0	1.0185E-6	4.9500E+1	1.9701E-9
1.0050E+5	1.0000E+0	1.0583E-6	5.0000E+1	1.8611E-9
1.0100E+5	1.0000E+0	1.0842E-6	5.0500E+1	1.9691E-9
1.0150E+5	1.0000E+0	1.0172E-6	5.0000E+1	1.8302E-9
1.0200E+5	1.0000E+0	9.4525E-7	4.9500E+1	1.6440E-9
1.0250E+5	1.0000E+0	8.7770E-7	4.9000E+1	1.4474E-9
1.0300E+5	1.0000E+0	8.0859E-7	4.8500E+1	1.5285E-9
1.0350E+5	1.0000E+0	7.6662E-7	4.8000E+1	1.4362E-9
1.0400E+5	1.0000E+0	7.1107E-7	4.7500E+1	1.3173E-9
1.0450E+5	1.0000E+0	6.6737E-7	4.7000E+1	1.2318E-9
1.0500E+5	1.0000E+0	6.1665E-7	4.6500E+1	1.1628E-9
1.0550E+5	1.0000E+0	5.6560E-7	4.6000E+1	1.1234E-9
1.0600E+5	1.0000E+0	5.2360E-7	4.5500E+1	1.0216E-9
1.0650E+5	1.0000E+0	4.8068E-7	4.5000E+1	5.8630E-10
1.0700E+5	1.0000E+0	4.4889E-7	4.4500E+1	8.6388E-10
1.0750E+5	1.0000E+0	4.0893E-7	4.4000E+1	8.0058E-10
1.0800E+5	1.0000E+0	3.7571E-7	4.3500E+1	7.4054E-10
1.0850E+5	1.0000E+0	3.4747E-7	4.3000E+1	6.9135E-10
1.0900E+5	1.0000E+0	3.1782E-7	4.2500E+1	6.5045E-10
1.0950E+5	1.0000E+0	2.9274E-7	4.2000E+1	5.9469E-10
1.1000E+5	1.0000E+0	2.7113E-7	4.1500E+1	5.7549E-10
1.1050E+5	1.0000E+0	2.4944E-7	4.1000E+1	5.2873E-10
1.1100E+5	1.0000E+0	2.3373E-7	4.0500E+1	4.5351E-10
1.1150E+5	1.0000E+0	2.1403E-7	4.0000E+1	4.3570E-10
1.1200E+5	1.0000E+0	1.9769E-7	3.9500E+1	4.5938E-10
1.1250E+5	1.0000E+0	1.8052E-7	3.9000E+1	4.6917E-10
1.1300E+5	1.0000E+0	1.6680E-7	3.8500E+1	4.5575E-10
1.1350E+5	1.0000E+0	1.5508E-7	3.8000E+1	4.3777E-10
1.1400E+5	1.0000E+0	1.4250E-7	3.7500E+1	4.2097E-10
1.1450E+5	1.0000E+0	1.2881E-7	3.7000E+1	3.8331E-10
1.1500E+5	1.0000E+0	1.1791E-7	3.6500E+1	3.6761E-10
1.1550E+5	1.0000E+0	1.0995E-7	3.6000E+1	3.2719E-10
1.1600E+5	1.0000E+0	1.0133E-7	3.5500E+1	3.1563E-10
1.1650E+5	1.0000E+0	9.3216E-8	3.5000E+1	2.7561E-10
1.1700E+5	1.0000E+0	8.4998E-8	3.4500E+1	1.2678E-10
1.1750E+5	1.0000E+0	7.8434E-8	3.4000E+1	2.3508E-10
1.1800E+5	1.0000E+0	7.0482E-8	3.3500E+1	2.1114E-10
1.1850E+5	1.0000E+0	6.3905E-8	3.3000E+1	1.8402E-10
1.1900E+5	1.0000E+0	5.6555E-8	3.2500E+1	1.6372E-10
1.1950E+5	1.0000E+0	5.1989E-8	3.2000E+1	1.5660E-10
1.2000E+5	1.0000E+0	4.5591E-8	3.1500E+1	1.4210E-10
1.2050E+5	1.0000E+0	3.7495E-8	3.1000E+1	1.3110E-10
1.2100E+5	1.0000E+0	2.8274E-8	3.0500E+1	1.2958E-10
1.2150E+5	1.0000E+0	1.9432E-8	3.0000E+1	-1.0067E-10
1.2200E+5	1.0000E+0	1.2050E-8	2.9500E+1	1.0801E-10
1.2250E+5	1.0000E+0	7.1151E-9	2.9000E+1	9.7512E-11
1.2300E+5	1.0000E+0	4.0746E-9	2.8500E+1	8.7583E-11
1.2350E+5	1.0000E+0	2.2699E-9	2.8000E+1	8.0322E-11
1.2400E+5	1.0000E+0	1.2734E-9	2.7500E+1	6.7662E-11
1.2450E+5	1.0000E+0	7.3921E-10	2.7000E+1	6.1079E-11
1.2500E+5	1.0000E+0	4.5615E-10	2.6500E+1	5.5898E-11
1.2550E+5	1.0000E+0	3.0287E-10	2.6000E+1	4.7003E-11
1.2600E+5	1.0000E+0	2.2243E-10	2.5500E+1	4.0684E-11
1.2650E+5	1.0000E+0	1.8278E-10	2.5000E+1	3.1273E-11
1.2700E+5	1.0000E+0	1.6018E-10	2.4500E+1	2.6193E-11
1.2750E+5	1.0000E+0	1.4728E-10	2.4000E+1	1.9091E-11
1.2800E+5	1.0000E+0	1.3924E-10	2.3500E+1	1.2296E-11
1.2850E+5	1.0000E+0	1.3513E-10	2.3000E+1	-2.2459E-12
1.2900E+5	1.0000E+0	1.3234E-10	2.2500E+1	-1.1516E-11
1.2950E+5	1.0000E+0	1.3054E-10	2.2000E+1	-2.7380E-11
1.3000E+5	1.0000E+0	1.3004E-10	2.1500E+1	-4.6784E-11
1.3050E+5	1.0000E+0	1.2773E-10	2.1000E+1	-7.7510E-11
1.3100E+5	1.0000E+0	1.2606E-10	2.0500E+1	-1.2066E-10
1.3150E+5	1.0000E+0	1.2489E-10	2.0000E+1	-1.8748E-10
1.3200E+5	1.0000E+0	1.2431E-10	1.9500E+1	-2.3357E-10
1.3250E+5	1.0000E+0	1.2505E-10	1.9000E+1	-2.5914E-10
1.3300E+5	1.0000E+0	1.2483E-10	1.8500E+1	-2.5971E-10
1.3350E+5	1.0000E+0	1.2553E-10	1.8000E+1	-2.4137E-10
1.3400E+5	1.0000E+0	1.2435E-10	1.7500E+1	-2.2884E-10
1.3450E+5	1.0000E+0	1.2493E-10	1.7000E+1	-2.1457E-10
1.3500E+5	1.0000E+0	1.2498E-10	1.6500E+1	-2.0552E-10
1.3550E+5	1.0000E+0	1.2401E-10	1.6000E+1	-2.0081E-10
1.3600E+5	1.0000E+0	1.2663E-10	1.5500E+1	-1.9086E-10
1.3650E+5	1.0000E+0	1.2234E-10	1.5000E+1	-1.6707E-10
1.3700E+5	1.0000E+0	1.2961E-10	1.4500E+1	-3.2445E-10
1.3750E+5	1.0000E+0	1.2589E-10	1.4000E+1	-1.8065E-10
1.3800E+5	1.0000E+0	1.2523E-10	1.3500E+1	-1.7683E-10
1.3850E+5	1.0000E+0	1.2564E-10	1.3000E+1	-1.7176E-10
1.3900E+5	1.0000E+0	1.2653E-10	1.2500E+1	-1.7221E-10
1.3950E+5	1.0000E+0	1.2578E-10	1.2000E+1	-1.6711E-10
1.4000E+5	1.0000E+0	1.2602E-10	1.1500E+1	-1.6552E-10
1.4050E+5	1.0000E+0	1.2494E-10	1.1000E+1	-1.6289E-10
1.4100E+5	1.0000E+0	1.2411E-10	1.0500E+1	-1.6086E-10
1.4150E+5	1.0000E+0	1.2461E-10	1.0000E+1	-1.6042E-10
1.4200E+5	1.0000E+0	1.2564E-10	9.5000E+0	-1.5934E-10
1.4250E+5	1.0000E+0	1.2550E-10	9.0000E+0	-1.5842E-10
1.4300E+5	1.0000E+0	1.2431E-10	8.5000E+0	-1.5591E-10
1.4350E+5	1.0000E+0	1.2357E-10	8.0000E+0	-1.5596E-10
1.4400E+5	1.0000E+0	1.2272E-10	7.5000E+0	-1.5523E-10
1.4450E+5	1.0000E+0	1.2424E-10	7.0000E+0	-1.5461E-10
1.4500E+5	1.0000E+0	1.2457E-10	6.5000E+0	-1.5750E-10
1.4550E+5	1.0000E+0	1.2303E-10	6.0000E+0	-1.5336E-10
1.4600E+5	1.0000E+0	1.2295E-10	5.5000E+0	-1.5711E-10
1.4650E+5	1.0000E+0	1.2282E-10	5.0000E+0	-1.5352E-10
1.4700E+5	1.0000E+0	1.2363E-10	4.5000E+0	-1.4825E-10
1.4750E+5	1.0000E+0	1.2384E-10	4.0000E+0	-1.4998E-10
1.4800E+5	1.0000E+0	1.2265E-10	3.5000E+0	-1.4681E-10
1.4850E+5	1.0000E+0	1.2304E-10	3.0000E+0	-1.4517E-10
1.4900E+5	1.0000E+0	1.2399E-10	2.5000E+0	-1.4530E-10
1.4950E+5	1.0000E+0	1.2449E-10	2.0000E+0	-1.4500E-10
1.5000E+5	1.0000E+0	1.2426E-10	1.5000E+0	-1.4390E-10
1.5050E+5	1.0000E+0	1.2425E-10	1.0000E+0	-1.4494E-10
1.5100E+5	1.0000E+0	1.2445E-10	5.0000E-1	-1.4545E-10
1.5150E+5	1.0000E+0	1.2150E-10	0.0000E+0	-1.3973E-10
1.5200E+5	1.0000E+0	1.2875E-10	-5.0000E-1	-2.8518E-10
1.5250E+5	1.0000E+0	1.2395E-10	-1.0000E+0	-1.4219E-10
1.5300E+5	1.0000E+0	1.2483E-10	-1.5000E+0	-1.4084E-10
1.5350E+5	1.0000E+0	1.2482E-10	-2.0000E+0	-1.4253E-10
1.5400E+5	1.0000E+0	1.2376E-10	-2.5000E+0	-1.4156E-10
1.5450E+5	1.0000E+0	1.2343E-10	-3.0000E+0	-1.4171E-10
1.5500E+5	1.0000E+0	1.2302E-10	-3.5000E+0	-1.4146E-10
1.5550E+5	1.0000E+0	1.2421E-10	-4.0000E+0	-1.4235E-10
1.5600E+5	1.0000E+0	1.2397E-10	-4.5000E+0	-1.4162E-10
1.5650E+5	1.0000E+0	1.2403E-10	-5.0000E+0	-1.4127E-10
1.5700E+5	1.0000E+0	1.2366E-10	-5.5000E+0	-1.4184E-10
1.5750E+5	1.0000E+0	1.2389E-10	-6.0000E+0	-1.4266E-10
1.5800E+5	1.0000E+0	1.2339E-10	-6.5000E+0	-1.4324E-10
1.5850E+5	1.0000E+0	1.2383E-10	-7.0000E+0	-1.4363E-10
1.5900E+5	1.0000E+0	1.2469E-10	-7.5000E+0	-1.4086E-10
1.5950E+5	1.0000E+0	1.2411E-10	-8.0000E+0	-1.4060E-10
1.6000E+5	1.0000E+0	1.2402E-10	-8.5000E+0	-1.4109E-10
1.6050E+5	1.0000E+0	1.2433E-10	-9.0000E+0	-1.4191E-10
1.6100E+5	1.0000E+0	1.2451E-10	-9.5000E+0	-1.4102E-10
1.6150E+5	1.0000E+0	1.2373E-10	-1.0000E+1	-1.3903E-10
1.6200E+5	1.0000E+0	1.2473E-10	-1.0500E+1	-1.3928E-10
1.6250E+5	1.0000E+0	1.2434E-10	-1.1000E+1	-1.3942E-10
1.6300E+5	1.0000E+0	1.2486E-10	-1.1500E+1	-1.4000E-10
1.6350E+5	1.0000E+0	1.2526E-10	-1.2000E+1	-1.4081E-10
1.6400E+5	1.0000E+0	1.2638E-10	-1.2500E+1	-1.4098E-10
1.6450E+5	1.0000E+0	1.2565E-10	-1.3000E+1	-1.4077E-10
1.6500E+5	1.0000E+0	1.2578E-10	-1.3500E+1	-1.3942E-10
1.6550E+5	1.0000E+0	1.2638E-10	-1.4000E+1	-1.3935E-10
1.6600E+5	1.0000E+0	1.2548E-10	-1.4500E+1	-1.4017E-10
1.6650E+5	1.0000E+0	1.2330E-10	-1.5000E+1	-1.3996E-10
1.6700E+5	1.0000E+0	1.2990E-10	-1.5500E+1	-2.7619E-10
1.6750E+5	1.0000E+0	1.2580E-10	-1.6000E+1	-1.4240E-10
1.6800E+5	1.0000E+0	1.2462E-10	-1.6500E+1	-1.4241E-10
1.6850E+5	1.0000E+0	1.2436E-10	-1.7000E+1	-1.4418E-10
1.6900E+5	1.0000E+0	1.2426E-10	-1.7500E+1	-1.4446E-10
1.6950E+5	1.0000E+0	1.2414E-10	-1.8000E+1	-1.4237E-10
1.7000E+5	1.0000E+0	1.2653E-10	-1.8500E+1	-1.4329E-10
1.7050E+5	1.0000E+0	1.2698E-10	-1.9000E+1	-1.4282E-10
1.7100E+5	1.0000E+0	1.2708E-10	-1.9500E+1	-1.4393E-10
1.7150E+5	1.0000E+0	1.2564E-10	-2.0000E+1	-1.4529E-10
1.7200E+5	1.0000E+0	1.2580E-10	-2.0500E+1	-1.5202E-10
1.7250E+5	1.0000E+0	1.2617E-10	-2.1000E+1	-1.4962E-10
1.7300E+5	1.0000E+0	1.2605E-10	-2.1500E+1	-1.5204E-10
1.7350E+5	1.0000E+0	1.2698E-10	-2.2000E+1	-1.5017E-10
1.7400E+5	1.0000E+0	1.2562E-10	-2.2500E+1	-1.5515E-10
1.7450E+5	1.0000E+0	1.2567E-10	-2.3000E+1	-1.5552E-10
1.7500E+5	1.0000E+0	1.2550E-10	-2.3500E+1	-1.5881E-10
1.7550E+5	1.0000E+0	1.2449E-10	-2.4000E+1	-1.5805E-10
1.7600E+5	1.0000E+0	1.2539E-10	-2.4500E+1	-1.5922E-10
1.7650E+5	1.0000E+0	1.2515E-10	-2.5000E+1	-1.6232E-10
1.7700E+5	1.0000E+0	1.2482E-10	-2.5500E+1	-1.6584E-10
1.7750E+5	1.0000E+0	1.2572E-10	-2.6000E+1	-1.6787E-10
1.7800E+5	1.0000E+0	1.2594E-10	-2.6500E+1	-1.7018E-10
1.7850E+5	1.0000E+0	1.2623E-10	-2.7000E+1	-1.6793E-10
1.7900E+5	1.0000E+0	1.2688E-10	-2.7500E+1	-1.6906E-10
1.7950E+5	1.0000E+0	1.2705E-10	-2.8000E+1	-1.7233E-10
1.8000E+5	1.0000E+0	1.2807E-10	-2.8500E+1	-1.7633E-10
1.8050E+5	1.0000E+0	1.2693E-10	-2.9000E+1	-1.8727E-10
1.8100E+5	1.0000E+0	1.2740E-10	-2.9500E+1	-1.9426E-10
1.8150E+5	1.0000E+0	1.2730E-10	-3.0000E+1	-2.0620E-10
1.8200E+5	1.0000E+0	1.2424E-10	-3.0500E+1	-1.8252E-10
1.8250E+5	1.0000E+0	1.3111E-10	-3.1000E+1	-3.1664E-10
1.8300E+5	1.0000E+0	1.2738E-10	-3.1500E+1	-2.0815E-10
1.8350E+5	1.0000E+0	1.2687E-10	-3.2000E+1	-2.0629E-10
1.8400E+5	1.0000E+0	1.2739E-10	-3.2500E+1	-2.0307E-10
1.8450E+5	1.0000E+0	1.2714E-10	-3.3000E+1	-2.0538E-10
1.8500E+5	1.0000E+0	1.2749E-10	-3.3500E+1	-2.0930E-10
1.8550E+5	1.0000E+0	1.2597E-10	-3.4000E+1	-2.0727E-10
1.8600E+5	1.0000E+0	1.2572E-10	-3.4500E+1	-2.1453E-10
1.8650E+5	1.0000E+0	1.2636E-10	-3.5000E+1	-2.0689E-10
1.8700E+5	1.0000E+0	1.2749E-10	-3.5500E+1	-2.1421E-10
1.8750E+5	1.0000E+0	1.2696E-10	-3.6000E+1	-2.1426E-10
1.8800E+5	1.0000E+0	1.2705E-10	-3.6500E+1	-2.2459E-10
1.8850E+5	1.0000E+0	1.2743E-10	-3.7000E+1	-2.4406E-10
1.8900E+5	1.0000E+0	1.2785E-10	-3.7500E+1	-2.5123E-10
1.8950E+5	1.0000E+0	1.2735E-10	-3.8000E+1	-2.7585E-10
1.9000E+5	1.0000E+0	1.2731E-10	-3.8500E+1	-2.7866E-10
1.9050E+5	1.0000E+0	1.2778E-10	-3.9000E+1	-2.7354E-10
1.9100E+5	1.0000E+0	1.2813E-10	-3.9500E+1	-2.6306E-10
1.9150E+5	1.0000E+0	1.2813E-10	-4.0000E+1	-2.7275E-10
1.9200E+5	1.0000E+0	1.2775E-10	-4.0500E+1	-2.5631E-10
1.9250E+5	1.0000E+0	1.2685E-10	-4.1000E+1	-2.7298E-10
1.9300E+5	1.0000E+0	1.2769E-10	-4.1500E+1	-2.7514E-10
1.9350E+5	1.0000E+0	1.2651E-10	-4.2000E+1	-3.0042E-10
1.9400E+5	1.0000E+0	1.2650E-10	-4.2500E+1	-3.0870E-10
1.9450E+5	1.0000E+0	1.2693E-10	-4.3000E+1	-2.8875E-10
1.9500E+5	1.0000E+0	1.2663E-10	-4.3500E+1	-3.0372E-10
1.9550E+5	1.0000E+0	1.2784E-10	-4.4000E+1	-3.2005E-10
1.9600E+5	1.0000E+0	1.2644E-10	-4.4500E+1	-3.2658E-10
1.9650E+5	1.0000E+0	1.2650E-10	-4.5000E+1	-3.3831E-10
1.9700E+5	1.0000E+0	1.2385E-10	-4.5500E+1	-3.4561E-10
1.9750E+5	1.0000E+0	1.3108E-10	-4.6000E+1	-4.8940E-10
1.9800E+5	1.0000E+0	1.2836E-10	-4.6500E+1	-3.9901E-10
1.9850E+5	1.0000E+0	1.2754E-10	-4.7000E+1	-4.2530E-10
1.9900E+5	1.0000E+0	1.2775E-10	-4.7500E+1	-4.3948E-10
1.9950E+5	1.0000E+0	1.2813E-10	-4.8000E+1	-4.9137E-10
2.0000E+5	1.0000E+0	1.2735E-10	-4.8500E+1	-4.9435E-10
2.0050E+5	1.0000E+0	1.2623E-10	-4.9000E+1	-5.2923E-10
2.0100E+5	1.0000E+0	1.2673E-10	-4.9500E+1	-6.2408E-10
2.0150E+5	1.0000E+0	1.2671E-10	-5.0000E+1	-8.1282E-10
