Time (s)	|IDrain (A)|	|IGate (A)	Vdrain(V)	Vgate(V)
0.0	1.8194e-05	1.4852e-09	-10.0	-2.5
1.0	1.8192e-05	1.4454e-09	-10.0	-2.5
1.5	1.8191e-05	1.4542e-09	-10.0	-2.5
2.0	1.8191e-05	1.4944e-09	-10.0	-2.5
2.5	1.8192e-05	1.4011e-09	-10.0	-2.5
3.0	1.8194e-05	1.4088e-09	-10.0	-2.5
3.5	1.8193e-05	1.3752e-09	-10.0	-2.5
4.0	1.8197e-05	1.3547e-09	-10.0	-2.5
4.5	1.8197e-05	1.3164e-09	-10.0	-2.5
5.0	1.8197e-05	1.3196e-09	-10.0	-2.5
5.5	1.8199e-05	1.3032e-09	-10.0	-2.5
6.0	1.82e-05	1.3044e-09	-10.0	-2.5
6.5	1.8201e-05	1.2886e-09	-10.0	-2.5
7.0	1.8203e-05	1.2817e-09	-10.0	-2.5
7.5	1.8203e-05	1.2643e-09	-10.0	-2.5
8.0	1.8204e-05	1.2881e-09	-10.0	-2.5
8.5	1.8206e-05	1.274e-09	-10.0	-2.5
9.0	1.8208e-05	1.2746e-09	-10.0	-2.5
9.5	1.8208e-05	1.2543e-09	-10.0	-2.5
10.0	1.8209e-05	1.2452e-09	-10.0	-2.5
10.5	1.8211e-05	1.2401e-09	-10.0	-2.5
11.0	1.8212e-05	1.2466e-09	-10.0	-2.5
11.5	1.8213e-05	1.2309e-09	-10.0	-2.5
12.0	1.8214e-05	1.2204e-09	-10.0	-2.5
12.5	1.8216e-05	1.2191e-09	-10.0	-2.5
13.0	1.8216e-05	1.2287e-09	-10.0	-2.5
13.5	1.8218e-05	1.2143e-09	-10.0	-2.5
14.0	1.822e-05	1.217e-09	-10.0	-2.5
14.5	1.8221e-05	1.2058e-09	-10.0	-2.5
15.0	1.8222e-05	1.2034e-09	-10.0	-2.5
15.5	1.8222e-05	1.2243e-09	-10.0	-2.5
16.0	1.8223e-05	1.1913e-09	-10.0	-2.5
16.5	1.8225e-05	1.1896e-09	-10.0	-2.5
17.0	1.8226e-05	1.1887e-09	-10.0	-2.5
17.5	1.8228e-05	1.2072e-09	-10.0	-2.5
18.0	1.8227e-05	1.1869e-09	-10.0	-2.5
18.5	1.8229e-05	1.1967e-09	-10.0	-2.5
19.0	1.8229e-05	1.2005e-09	-10.0	-2.5
19.5	1.8232e-05	1.204e-09	-10.0	-2.5
20.0	1.8234e-05	1.185e-09	-10.0	-2.5
20.5	1.8233e-05	1.1825e-09	-10.0	-2.5
21.0	1.8233e-05	1.1797e-09	-10.0	-2.5
21.5	1.8235e-05	1.1761e-09	-10.0	-2.5
22.0	1.8238e-05	1.1791e-09	-10.0	-2.5
22.5	1.8238e-05	1.1932e-09	-10.0	-2.5
23.0	1.8239e-05	1.216e-09	-10.0	-2.5
23.5	1.8241e-05	1.1994e-09	-10.0	-2.5
24.0	1.8244e-05	1.1983e-09	-10.0	-2.5
24.5	1.8244e-05	1.175e-09	-10.0	-2.5
25.0	1.8245e-05	1.1749e-09	-10.0	-2.5
25.5	1.8248e-05	1.1747e-09	-10.0	-2.5
26.0	1.8248e-05	1.1719e-09	-10.0	-2.5
26.5	1.8247e-05	1.1707e-09	-10.0	-2.5
27.0	1.8248e-05	1.1773e-09	-10.0	-2.5
27.5	1.8249e-05	1.1685e-09	-10.0	-2.5
28.0	1.8249e-05	1.1901e-09	-10.0	-2.5
28.5	1.8254e-05	1.1763e-09	-10.0	-2.5
29.0	1.8254e-05	1.1751e-09	-10.0	-2.5
29.5	1.8257e-05	1.17e-09	-10.0	-2.5
30.0	1.8255e-05	1.1726e-09	-10.0	-2.5
30.5	1.8258e-05	1.1695e-09	-10.0	-2.5
31.0	1.8258e-05	1.1687e-09	-10.0	-2.5
31.5	1.8258e-05	1.1716e-09	-10.0	-2.5
32.0	1.8259e-05	1.1632e-09	-10.0	-2.5
32.5	1.8262e-05	1.1908e-09	-10.0	-2.5
33.0	1.8263e-05	1.1729e-09	-10.0	-2.5
33.5	1.8264e-05	1.171e-09	-10.0	-2.5
34.0	1.8266e-05	1.1989e-09	-10.0	-2.5
34.5	1.8265e-05	1.1715e-09	-10.0	-2.5
35.0	1.8268e-05	1.2036e-09	-10.0	-2.5
35.5	1.8269e-05	1.1838e-09	-10.0	-2.5
36.0	1.8272e-05	1.1883e-09	-10.0	-2.5
36.5	1.8272e-05	1.1813e-09	-10.0	-2.5
37.0	1.8273e-05	1.1619e-09	-10.0	-2.5
37.5	1.8271e-05	1.1571e-09	-10.0	-2.5
38.0	1.8275e-05	1.1542e-09	-10.0	-2.5
38.5	1.8273e-05	1.1572e-09	-10.0	-2.5
39.0	1.8274e-05	1.1624e-09	-10.0	-2.5
39.5	1.8273e-05	1.1611e-09	-10.0	-2.5
40.0	1.8274e-05	1.1872e-09	-10.0	-2.5
40.5	1.8275e-05	1.1819e-09	-10.0	-2.5
41.0	1.8278e-05	1.1793e-09	-10.0	-2.5
41.5	1.8278e-05	1.1797e-09	-10.0	-2.5
42.0	1.8277e-05	1.1785e-09	-10.0	-2.5
42.5	1.8279e-05	1.1869e-09	-10.0	-2.5
43.0	1.8278e-05	1.1916e-09	-10.0	-2.5
43.5	1.828e-05	1.1871e-09	-10.0	-2.5
44.0	1.8283e-05	1.1833e-09	-10.0	-2.5
44.5	1.8281e-05	1.1814e-09	-10.0	-2.5
45.0	1.8284e-05	1.1642e-09	-10.0	-2.5
45.5	1.8284e-05	1.1588e-09	-10.0	-2.5
46.0	1.8285e-05	1.1699e-09	-10.0	-2.5
46.5	1.8287e-05	1.1741e-09	-10.0	-2.5
47.0	1.8288e-05	1.1727e-09	-10.0	-2.5
47.5	1.8288e-05	1.172e-09	-10.0	-2.5
48.0	1.829e-05	1.1629e-09	-10.0	-2.5
48.5	1.8292e-05	1.1635e-09	-10.0	-2.5
49.0	1.8292e-05	1.1845e-09	-10.0	-2.5
49.5	1.8293e-05	1.1695e-09	-10.0	-2.5
50.0	1.8293e-05	1.1665e-09	-10.0	-2.5
50.5	1.8294e-05	1.1652e-09	-10.0	-2.5
51.0	1.8295e-05	1.1682e-09	-10.0	-2.5
51.5	1.8296e-05	1.1702e-09	-10.0	-2.5
52.0	1.8297e-05	1.1751e-09	-10.0	-2.5
52.5	1.83e-05	1.1694e-09	-10.0	-2.5
53.0	1.8298e-05	1.1623e-09	-10.0	-2.5
53.5	1.8299e-05	1.1652e-09	-10.0	-2.5
54.0	1.8301e-05	1.1685e-09	-10.0	-2.5
54.5	1.8303e-05	1.1853e-09	-10.0	-2.5
55.0	1.8304e-05	1.1652e-09	-10.0	-2.5
55.5	1.8303e-05	1.1808e-09	-10.0	-2.5
56.0	1.8307e-05	1.1698e-09	-10.0	-2.5
56.5	1.8307e-05	1.1609e-09	-10.0	-2.5
57.0	1.8307e-05	1.1683e-09	-10.0	-2.5
57.5	1.8308e-05	1.1727e-09	-10.0	-2.5
58.0	1.831e-05	1.175e-09	-10.0	-2.5
58.5	1.8312e-05	1.1775e-09	-10.0	-2.5
59.0	1.8312e-05	1.1793e-09	-10.0	-2.5
59.5	1.8311e-05	1.185e-09	-10.0	-2.5
60.0	1.8313e-05	1.1785e-09	-10.0	-2.5
60.5	1.8313e-05	1.1726e-09	-10.0	-2.5
61.0	1.8315e-05	1.1814e-09	-10.0	-2.5
61.5	1.8315e-05	1.1783e-09	-10.0	-2.5
62.0	1.8314e-05	1.1836e-09	-10.0	-2.5
62.5	1.8317e-05	1.1705e-09	-10.0	-2.5
63.0	1.832e-05	1.178e-09	-10.0	-2.5
63.5	1.8321e-05	1.1584e-09	-10.0	-2.5
64.0	1.8322e-05	1.1587e-09	-10.0	-2.5
64.5	1.8323e-05	1.1587e-09	-10.0	-2.5
65.0	1.8324e-05	1.1578e-09	-10.0	-2.5
65.5	1.8325e-05	1.1526e-09	-10.0	-2.5
66.0	1.8325e-05	1.1671e-09	-10.0	-2.5
66.5	1.8327e-05	1.1547e-09	-10.0	-2.5
67.0	1.8325e-05	1.1619e-09	-10.0	-2.5
67.5	1.8326e-05	1.1785e-09	-10.0	-2.5
68.0	1.8326e-05	1.1704e-09	-10.0	-2.5
68.5	1.8328e-05	1.1669e-09	-10.0	-2.5
69.0	1.8329e-05	1.1663e-09	-10.0	-2.5
69.5	1.833e-05	1.1826e-09	-10.0	-2.5
70.0	1.8331e-05	1.2047e-09	-10.0	-2.5
70.5	1.8333e-05	1.1938e-09	-10.0	-2.5
71.0	1.8331e-05	1.1899e-09	-10.0	-2.5
71.5	1.8332e-05	1.1814e-09	-10.0	-2.5
72.0	1.8333e-05	1.1694e-09	-10.0	-2.5
72.5	1.8332e-05	1.1785e-09	-10.0	-2.5
73.0	1.8333e-05	1.1873e-09	-10.0	-2.5
73.5	1.8335e-05	1.163e-09	-10.0	-2.5
74.0	1.8333e-05	1.1877e-09	-10.0	-2.5
74.5	1.8335e-05	1.2069e-09	-10.0	-2.5
75.0	1.8337e-05	1.194e-09	-10.0	-2.5
75.5	1.8337e-05	1.1945e-09	-10.0	-2.5
76.0	1.8338e-05	1.1885e-09	-10.0	-2.5
76.5	1.834e-05	1.2229e-09	-10.0	-2.5
77.0	1.8339e-05	1.2165e-09	-10.0	-2.5
77.5	1.8341e-05	1.2109e-09	-10.0	-2.5
78.0	1.8342e-05	1.2028e-09	-10.0	-2.5
78.5	1.8344e-05	1.2075e-09	-10.0	-2.5
79.0	1.8345e-05	1.2113e-09	-10.0	-2.5
79.5	1.8346e-05	1.2247e-09	-10.0	-2.5
80.0	1.8348e-05	1.2011e-09	-10.0	-2.5
80.5	1.8349e-05	1.2065e-09	-10.0	-2.5
81.0	1.8349e-05	1.2041e-09	-10.0	-2.5
81.5	1.835e-05	1.211e-09	-10.0	-2.5
82.0	1.8349e-05	1.2123e-09	-10.0	-2.5
82.5	1.835e-05	1.2166e-09	-10.0	-2.5
83.0	1.8352e-05	1.2137e-09	-10.0	-2.5
83.5	1.8354e-05	1.2162e-09	-10.0	-2.5
84.0	1.8354e-05	1.1965e-09	-10.0	-2.5
84.5	1.8355e-05	1.1969e-09	-10.0	-2.5
85.0	1.8354e-05	1.1944e-09	-10.0	-2.5
85.5	1.8353e-05	1.2052e-09	-10.0	-2.5
86.0	1.8355e-05	1.2283e-09	-10.0	-2.5
86.5	1.8356e-05	1.2202e-09	-10.0	-2.5
87.0	1.8354e-05	1.1894e-09	-10.0	-2.5
87.5	1.8356e-05	1.1884e-09	-10.0	-2.5
88.0	1.8358e-05	1.1857e-09	-10.0	-2.5
88.5	1.8358e-05	1.1907e-09	-10.0	-2.5
89.0	1.836e-05	1.1905e-09	-10.0	-2.5
89.5	1.8362e-05	1.1917e-09	-10.0	-2.5
90.0	1.8361e-05	1.1984e-09	-10.0	-2.5
90.5	1.8362e-05	1.2322e-09	-10.0	-2.5
91.0	1.8364e-05	1.2039e-09	-10.0	-2.5
91.5	1.8364e-05	1.2144e-09	-10.0	-2.5
92.0	1.8363e-05	1.2128e-09	-10.0	-2.5
92.5	1.8364e-05	1.2095e-09	-10.0	-2.5
93.0	1.8366e-05	1.2148e-09	-10.0	-2.5
93.5	1.8367e-05	1.1964e-09	-10.0	-2.5
94.0	1.8367e-05	1.1616e-09	-10.0	-2.5
94.5	1.8369e-05	1.1768e-09	-10.0	-2.5
95.0	1.837e-05	1.184e-09	-10.0	-2.5
95.5	1.837e-05	1.1805e-09	-10.0	-2.5
96.0	1.837e-05	1.1914e-09	-10.0	-2.5
96.5	1.8368e-05	1.181e-09	-10.0	-2.5
97.0	1.837e-05	1.1867e-09	-10.0	-2.5
97.5	1.837e-05	1.1773e-09	-10.0	-2.5
98.0	1.8372e-05	1.1671e-09	-10.0	-2.5
98.5	1.8372e-05	1.1731e-09	-10.0	-2.5
99.0	1.8371e-05	1.1671e-09	-10.0	-2.5
99.5	1.8374e-05	1.1905e-09	-10.0	-2.5
100.0	1.8373e-05	1.1878e-09	-10.0	-2.5
100.5	1.8375e-05	1.2018e-09	-10.0	-2.5
101.0	1.8376e-05	1.1759e-09	-10.0	-2.5
101.5	1.8375e-05	1.1815e-09	-10.0	-2.5
102.0	1.8375e-05	1.1647e-09	-10.0	-2.5
102.5	1.8376e-05	1.1675e-09	-10.0	-2.5
103.0	1.8379e-05	1.1683e-09	-10.0	-2.5
103.5	1.8379e-05	1.1611e-09	-10.0	-2.5
104.0	1.8379e-05	1.163e-09	-10.0	-2.5
104.5	1.838e-05	1.1623e-09	-10.0	-2.5
105.0	1.8382e-05	1.1494e-09	-10.0	-2.5
105.5	1.8382e-05	1.1597e-09	-10.0	-2.5
106.0	1.8384e-05	1.163e-09	-10.0	-2.5
106.5	1.8383e-05	1.1557e-09	-10.0	-2.5
107.0	1.8383e-05	1.15e-09	-10.0	-2.5
107.5	1.8385e-05	1.1337e-09	-10.0	-2.5
108.0	1.8386e-05	1.1511e-09	-10.0	-2.5
108.5	1.8386e-05	1.142e-09	-10.0	-2.5
109.0	1.8387e-05	1.1306e-09	-10.0	-2.5
109.5	1.8388e-05	1.1282e-09	-10.0	-2.5
110.0	1.839e-05	1.1279e-09	-10.0	-2.5
110.5	1.839e-05	1.1315e-09	-10.0	-2.5
111.0	1.8392e-05	1.1458e-09	-10.0	-2.5
111.5	1.8391e-05	1.1435e-09	-10.0	-2.5
112.0	1.8392e-05	1.1369e-09	-10.0	-2.5
112.5	1.8393e-05	1.1341e-09	-10.0	-2.5
113.0	1.8395e-05	1.1355e-09	-10.0	-2.5
113.5	1.8396e-05	1.1287e-09	-10.0	-2.5
114.0	1.8395e-05	1.1278e-09	-10.0	-2.5
114.5	1.8397e-05	1.1535e-09	-10.0	-2.5
115.0	1.8398e-05	1.1404e-09	-10.0	-2.5
115.5	1.8398e-05	1.1511e-09	-10.0	-2.5
116.0	1.84e-05	1.1444e-09	-10.0	-2.5
116.5	1.84e-05	1.1442e-09	-10.0	-2.5
117.0	1.8401e-05	1.145e-09	-10.0	-2.5
117.5	1.8403e-05	1.1531e-09	-10.0	-2.5
118.0	1.8399e-05	1.1359e-09	-10.0	-2.5
118.5	1.8401e-05	1.1339e-09	-10.0	-2.5
119.0	1.8398e-05	1.1384e-09	-10.0	-2.5
119.5	1.8413e-05	1.2686e-09	-10.0	-2.5
120.0	1.8415e-05	1.2734e-09	-10.0	-2.5
120.5	1.8417e-05	1.2883e-09	-10.0	-2.5
121.0	1.8419e-05	1.2842e-09	-10.0	-2.5
121.5	1.842e-05	1.2729e-09	-10.0	-2.5
122.0	1.8421e-05	1.2736e-09	-10.0	-2.5
122.5	1.8421e-05	1.2761e-09	-10.0	-2.5
123.0	1.8422e-05	1.2725e-09	-10.0	-2.5
123.5	1.8423e-05	1.2763e-09	-10.0	-2.5
124.0	1.8425e-05	1.2612e-09	-10.0	-2.5
124.5	1.8427e-05	1.2669e-09	-10.0	-2.5
125.0	1.8427e-05	1.2767e-09	-10.0	-2.5
125.5	1.8428e-05	1.2604e-09	-10.0	-2.5
126.0	1.8431e-05	1.2559e-09	-10.0	-2.5
126.5	1.8432e-05	1.2634e-09	-10.0	-2.5
127.0	1.8432e-05	1.267e-09	-10.0	-2.5
127.5	1.8435e-05	1.259e-09	-10.0	-2.5
128.0	1.8431e-05	1.2671e-09	-10.0	-2.5
128.5	1.8432e-05	1.2719e-09	-10.0	-2.5
129.0	1.8431e-05	1.2576e-09	-10.0	-2.5
129.5	1.8432e-05	1.2627e-09	-10.0	-2.5
130.0	1.843e-05	1.2563e-09	-10.0	-2.5
130.5	1.8432e-05	1.2618e-09	-10.0	-2.5
131.0	1.8435e-05	1.2491e-09	-10.0	-2.5
131.5	1.8432e-05	1.2511e-09	-10.0	-2.5
132.0	1.8434e-05	1.2599e-09	-10.0	-2.5
132.5	1.8436e-05	1.2467e-09	-10.0	-2.5
133.0	1.8436e-05	1.2573e-09	-10.0	-2.5
133.5	1.8436e-05	1.2547e-09	-10.0	-2.5
134.0	1.8437e-05	1.2698e-09	-10.0	-2.5
134.5	1.8438e-05	1.2624e-09	-10.0	-2.5
135.0	1.8437e-05	1.259e-09	-10.0	-2.5
135.5	1.8436e-05	1.2486e-09	-10.0	-2.5
136.0	1.8435e-05	1.2624e-09	-10.0	-2.5
136.5	1.8436e-05	1.278e-09	-10.0	-2.5
137.0	1.8435e-05	1.2925e-09	-10.0	-2.5
137.5	1.8433e-05	1.2584e-09	-10.0	-2.5
138.0	1.8436e-05	1.2586e-09	-10.0	-2.5
138.5	1.8436e-05	1.2707e-09	-10.0	-2.5
139.0	1.8436e-05	1.2623e-09	-10.0	-2.5
139.5	1.8435e-05	1.2628e-09	-10.0	-2.5
140.0	1.8435e-05	1.2496e-09	-10.0	-2.5
140.5	1.8434e-05	1.2454e-09	-10.0	-2.5
141.0	1.8433e-05	1.2411e-09	-10.0	-2.5
141.5	1.8435e-05	1.2431e-09	-10.0	-2.5
142.0	1.8434e-05	1.2412e-09	-10.0	-2.5
142.5	1.8436e-05	1.2406e-09	-10.0	-2.5
143.0	1.843e-05	1.2431e-09	-10.0	-2.5
143.5	1.843e-05	1.2276e-09	-10.0	-2.5
144.0	1.8433e-05	1.228e-09	-10.0	-2.5
144.5	1.8434e-05	1.2282e-09	-10.0	-2.5
145.0	1.8432e-05	1.224e-09	-10.0	-2.5
145.5	1.843e-05	1.2248e-09	-10.0	-2.5
146.0	1.8428e-05	1.2149e-09	-10.0	-2.5
146.5	1.8428e-05	1.2172e-09	-10.0	-2.5
147.0	1.8427e-05	1.2335e-09	-10.0	-2.5
147.5	1.8429e-05	1.215e-09	-10.0	-2.5
148.0	1.843e-05	1.2213e-09	-10.0	-2.5
148.5	1.8427e-05	1.2208e-09	-10.0	-2.5
149.0	1.8426e-05	1.2241e-09	-10.0	-2.5
149.5	1.8423e-05	1.2155e-09	-10.0	-2.5
150.0	1.8424e-05	1.2103e-09	-10.0	-2.5
150.5	1.8424e-05	1.2202e-09	-10.0	-2.5
151.0	1.8427e-05	1.2101e-09	-10.0	-2.5
151.5	1.8427e-05	1.2073e-09	-10.0	-2.5
152.0	1.8426e-05	1.2031e-09	-10.0	-2.5
152.5	1.8426e-05	1.2134e-09	-10.0	-2.5
153.0	1.8423e-05	1.2166e-09	-10.0	-2.5
153.5	1.8423e-05	1.2063e-09	-10.0	-2.5
154.0	1.8423e-05	1.2091e-09	-10.0	-2.5
154.5	1.8422e-05	1.2082e-09	-10.0	-2.5
155.0	1.8423e-05	1.2042e-09	-10.0	-2.5
155.5	1.8421e-05	1.2124e-09	-10.0	-2.5
156.0	1.8422e-05	1.2042e-09	-10.0	-2.5
156.5	1.8421e-05	1.2092e-09	-10.0	-2.5
157.0	1.8419e-05	1.2056e-09	-10.0	-2.5
157.5	1.8419e-05	1.1977e-09	-10.0	-2.5
158.0	1.8418e-05	1.2004e-09	-10.0	-2.5
158.5	1.8418e-05	1.1965e-09	-10.0	-2.5
159.0	1.8417e-05	1.2221e-09	-10.0	-2.5
159.5	1.8417e-05	1.1925e-09	-10.0	-2.5
160.0	1.8417e-05	1.1882e-09	-10.0	-2.5
160.5	1.8416e-05	1.1948e-09	-10.0	-2.5
161.0	1.8416e-05	1.1847e-09	-10.0	-2.5
161.5	1.8416e-05	1.1895e-09	-10.0	-2.5
162.0	1.8417e-05	1.1948e-09	-10.0	-2.5
162.5	1.8416e-05	1.1931e-09	-10.0	-2.5
163.0	1.8416e-05	1.2009e-09	-10.0	-2.5
163.5	1.8414e-05	1.1955e-09	-10.0	-2.5
164.0	1.8415e-05	1.1845e-09	-10.0	-2.5
164.5	1.8413e-05	1.2055e-09	-10.0	-2.5
165.0	1.8411e-05	1.172e-09	-10.0	-2.5
165.5	1.8411e-05	1.1587e-09	-10.0	-2.5
166.0	1.8411e-05	1.1795e-09	-10.0	-2.5
166.5	1.8409e-05	1.201e-09	-10.0	-2.5
167.0	1.8407e-05	1.1674e-09	-10.0	-2.5
167.5	1.8406e-05	1.1626e-09	-10.0	-2.5
168.0	1.8404e-05	1.167e-09	-10.0	-2.5
168.5	1.8404e-05	1.161e-09	-10.0	-2.5
169.0	1.8404e-05	1.159e-09	-10.0	-2.5
169.5	1.8402e-05	1.1621e-09	-10.0	-2.5
170.0	1.84e-05	1.1563e-09	-10.0	-2.5
170.5	1.84e-05	1.1655e-09	-10.0	-2.5
171.0	1.8399e-05	1.1637e-09	-10.0	-2.5
171.5	1.8398e-05	1.1666e-09	-10.0	-2.5
172.0	1.84e-05	1.1599e-09	-10.0	-2.5
172.5	1.8398e-05	1.1767e-09	-10.0	-2.5
173.0	1.8395e-05	1.1894e-09	-10.0	-2.5
173.5	1.8398e-05	1.2079e-09	-10.0	-2.5
174.0	1.8398e-05	1.1619e-09	-10.0	-2.5
174.5	1.8395e-05	1.169e-09	-10.0	-2.5
175.0	1.8393e-05	1.1755e-09	-10.0	-2.5
175.5	1.8391e-05	1.1716e-09	-10.0	-2.5
176.0	1.839e-05	1.1724e-09	-10.0	-2.5
176.5	1.839e-05	1.167e-09	-10.0	-2.5
177.0	1.8388e-05	1.1661e-09	-10.0	-2.5
177.5	1.8386e-05	1.1689e-09	-10.0	-2.5
178.0	1.8387e-05	1.1664e-09	-10.0	-2.5
178.5	1.8386e-05	1.1635e-09	-10.0	-2.5
179.0	1.8379e-05	1.1654e-09	-10.0	-2.5
179.5	1.8374e-05	1.0589e-09	-10.0	-2.5
180.0	1.8372e-05	1.027e-09	-10.0	-2.5
180.5	1.837e-05	1.0492e-09	-10.0	-2.5
181.0	1.8368e-05	1.0375e-09	-10.0	-2.5
181.5	1.8367e-05	1.0346e-09	-10.0	-2.5
182.0	1.8367e-05	1.0387e-09	-10.0	-2.5
182.5	1.8368e-05	1.0307e-09	-10.0	-2.5
183.0	1.8366e-05	1.0631e-09	-10.0	-2.5
183.5	1.8365e-05	1.027e-09	-10.0	-2.5
184.0	1.8365e-05	1.0218e-09	-10.0	-2.5
184.5	1.8366e-05	1.0239e-09	-10.0	-2.5
185.0	1.8363e-05	1.0288e-09	-10.0	-2.5
185.5	1.8362e-05	1.0245e-09	-10.0	-2.5
186.0	1.8362e-05	1.0351e-09	-10.0	-2.5
186.5	1.8362e-05	1.0257e-09	-10.0	-2.5
187.0	1.8363e-05	1.0222e-09	-10.0	-2.5
187.5	1.8363e-05	1.034e-09	-10.0	-2.5
188.0	1.8361e-05	1.0241e-09	-10.0	-2.5
188.5	1.8359e-05	1.0227e-09	-10.0	-2.5
189.0	1.8359e-05	1.0219e-09	-10.0	-2.5
189.5	1.8359e-05	1.0169e-09	-10.0	-2.5
190.0	1.836e-05	1.0367e-09	-10.0	-2.5
190.5	1.8359e-05	1.036e-09	-10.0	-2.5
191.0	1.8359e-05	1.039e-09	-10.0	-2.5
191.5	1.8359e-05	1.0342e-09	-10.0	-2.5
192.0	1.836e-05	1.0296e-09	-10.0	-2.5
192.5	1.8359e-05	1.0209e-09	-10.0	-2.5
193.0	1.836e-05	1.0286e-09	-10.0	-2.5
193.5	1.8361e-05	1.0229e-09	-10.0	-2.5
194.0	1.8362e-05	1.0488e-09	-10.0	-2.5
194.5	1.8361e-05	1.0309e-09	-10.0	-2.5
195.0	1.8362e-05	1.0364e-09	-10.0	-2.5
195.5	1.8362e-05	1.0282e-09	-10.0	-2.5
196.0	1.8362e-05	1.0269e-09	-10.0	-2.5
196.5	1.8363e-05	1.0344e-09	-10.0	-2.5
197.0	1.8364e-05	1.0422e-09	-10.0	-2.5
197.5	1.8363e-05	1.0509e-09	-10.0	-2.5
198.0	1.8363e-05	1.0527e-09	-10.0	-2.5
198.5	1.8365e-05	1.0628e-09	-10.0	-2.5
199.0	1.8364e-05	1.0341e-09	-10.0	-2.5
199.5	1.8365e-05	1.0504e-09	-10.0	-2.5
200.0	1.8367e-05	1.0444e-09	-10.0	-2.5
200.5	1.8365e-05	1.0311e-09	-10.0	-2.5
201.0	1.8367e-05	1.0239e-09	-10.0	-2.5
201.5	1.8367e-05	1.0245e-09	-10.0	-2.5
202.0	1.8365e-05	1.0313e-09	-10.0	-2.5
202.5	1.8367e-05	1.0378e-09	-10.0	-2.5
203.0	1.8368e-05	1.0389e-09	-10.0	-2.5
203.5	1.8367e-05	1.0358e-09	-10.0	-2.5
204.0	1.8369e-05	1.0486e-09	-10.0	-2.5
204.5	1.8369e-05	1.0497e-09	-10.0	-2.5
205.0	1.8368e-05	1.0407e-09	-10.0	-2.5
205.5	1.8368e-05	1.0333e-09	-10.0	-2.5
206.0	1.837e-05	1.0494e-09	-10.0	-2.5
206.5	1.837e-05	1.0468e-09	-10.0	-2.5
207.0	1.8373e-05	1.0415e-09	-10.0	-2.5
207.5	1.8371e-05	1.0383e-09	-10.0	-2.5
208.0	1.8371e-05	1.025e-09	-10.0	-2.5
208.5	1.8373e-05	1.0318e-09	-10.0	-2.5
209.0	1.8373e-05	1.035e-09	-10.0	-2.5
209.5	1.8376e-05	1.0402e-09	-10.0	-2.5
210.0	1.8375e-05	1.0276e-09	-10.0	-2.5
210.5	1.8378e-05	1.0323e-09	-10.0	-2.5
211.0	1.8378e-05	1.0278e-09	-10.0	-2.5
211.5	1.8378e-05	1.0197e-09	-10.0	-2.5
212.0	1.8377e-05	1.0221e-09	-10.0	-2.5
212.5	1.8382e-05	1.0257e-09	-10.0	-2.5
213.0	1.8383e-05	1.0318e-09	-10.0	-2.5
213.5	1.8383e-05	1.0305e-09	-10.0	-2.5
214.0	1.8383e-05	1.0239e-09	-10.0	-2.5
214.5	1.8385e-05	1.0226e-09	-10.0	-2.5
215.0	1.8385e-05	1.0208e-09	-10.0	-2.5
215.5	1.8387e-05	1.0207e-09	-10.0	-2.5
216.0	1.8388e-05	1.009e-09	-10.0	-2.5
216.5	1.8392e-05	1.0267e-09	-10.0	-2.5
217.0	1.8393e-05	1.0125e-09	-10.0	-2.5
217.5	1.8394e-05	1.0285e-09	-10.0	-2.5
218.0	1.8392e-05	1.0276e-09	-10.0	-2.5
218.5	1.8393e-05	1.0306e-09	-10.0	-2.5
219.0	1.8393e-05	1.0241e-09	-10.0	-2.5
219.5	1.8394e-05	1.0244e-09	-10.0	-2.5
220.0	1.8395e-05	1.0175e-09	-10.0	-2.5
220.5	1.8395e-05	1.0165e-09	-10.0	-2.5
221.0	1.8397e-05	1.0175e-09	-10.0	-2.5
221.5	1.8395e-05	1.0227e-09	-10.0	-2.5
222.0	1.8396e-05	1.0189e-09	-10.0	-2.5
222.5	1.8397e-05	1.0119e-09	-10.0	-2.5
223.0	1.84e-05	1.0179e-09	-10.0	-2.5
223.5	1.8399e-05	1.0078e-09	-10.0	-2.5
224.0	1.8401e-05	1.0115e-09	-10.0	-2.5
224.5	1.84e-05	1.0158e-09	-10.0	-2.5
225.0	1.8404e-05	1.0189e-09	-10.0	-2.5
225.5	1.8406e-05	1.0151e-09	-10.0	-2.5
226.0	1.8406e-05	1.0178e-09	-10.0	-2.5
226.5	1.8407e-05	1.021e-09	-10.0	-2.5
227.0	1.8407e-05	1.0215e-09	-10.0	-2.5
227.5	1.8409e-05	1.0246e-09	-10.0	-2.5
228.0	1.8407e-05	1.0359e-09	-10.0	-2.5
228.5	1.8408e-05	1.0273e-09	-10.0	-2.5
229.0	1.8408e-05	1.0267e-09	-10.0	-2.5
229.5	1.8409e-05	1.0212e-09	-10.0	-2.5
230.0	1.841e-05	1.0256e-09	-10.0	-2.5
230.5	1.8411e-05	1.0198e-09	-10.0	-2.5
231.0	1.841e-05	1.0329e-09	-10.0	-2.5
231.5	1.8412e-05	1.0187e-09	-10.0	-2.5
232.0	1.8413e-05	1.0194e-09	-10.0	-2.5
232.5	1.8412e-05	1.0221e-09	-10.0	-2.5
233.0	1.8415e-05	1.0199e-09	-10.0	-2.5
233.5	1.8415e-05	1.0397e-09	-10.0	-2.5
234.0	1.8416e-05	1.0236e-09	-10.0	-2.5
234.5	1.8416e-05	1.0298e-09	-10.0	-2.5
235.0	1.8415e-05	1.0275e-09	-10.0	-2.5
235.5	1.8418e-05	1.0254e-09	-10.0	-2.5
236.0	1.8419e-05	1.0337e-09	-10.0	-2.5
236.5	1.8418e-05	1.027e-09	-10.0	-2.5
237.0	1.842e-05	1.024e-09	-10.0	-2.5
237.5	1.842e-05	1.0457e-09	-10.0	-2.5
238.0	1.8423e-05	1.0292e-09	-10.0	-2.5
238.5	1.8422e-05	1.0339e-09	-10.0	-2.5
239.0	1.8423e-05	1.033e-09	-10.0	-2.5
239.5	1.8429e-05	1.1696e-09	-10.0	-2.5
240.0	1.8428e-05	1.1833e-09	-10.0	-2.5
240.5	1.8428e-05	1.1846e-09	-10.0	-2.5
241.0	1.843e-05	1.1976e-09	-10.0	-2.5
241.5	1.8432e-05	1.1918e-09	-10.0	-2.5
242.0	1.8432e-05	1.1878e-09	-10.0	-2.5
242.5	1.8433e-05	1.1804e-09	-10.0	-2.5
243.0	1.8437e-05	1.2197e-09	-10.0	-2.5
243.5	1.8436e-05	1.1811e-09	-10.0	-2.5
244.0	1.8437e-05	1.188e-09	-10.0	-2.5
244.5	1.8436e-05	1.1919e-09	-10.0	-2.5
245.0	1.844e-05	1.1909e-09	-10.0	-2.5
245.5	1.8439e-05	1.2e-09	-10.0	-2.5
246.0	1.844e-05	1.1954e-09	-10.0	-2.5
246.5	1.8439e-05	1.1951e-09	-10.0	-2.5
247.0	1.8442e-05	1.1976e-09	-10.0	-2.5
247.5	1.8443e-05	1.1873e-09	-10.0	-2.5
248.0	1.8443e-05	1.1845e-09	-10.0	-2.5
248.5	1.8442e-05	1.176e-09	-10.0	-2.5
249.0	1.8443e-05	1.1898e-09	-10.0	-2.5
249.5	1.8442e-05	1.1895e-09	-10.0	-2.5
250.0	1.8443e-05	1.2002e-09	-10.0	-2.5
250.5	1.8442e-05	1.1891e-09	-10.0	-2.5
251.0	1.8444e-05	1.191e-09	-10.0	-2.5
251.5	1.8442e-05	1.1741e-09	-10.0	-2.5
252.0	1.8443e-05	1.1874e-09	-10.0	-2.5
252.5	1.8444e-05	1.2021e-09	-10.0	-2.5
253.0	1.8443e-05	1.195e-09	-10.0	-2.5
253.5	1.8445e-05	1.2193e-09	-10.0	-2.5
254.0	1.8445e-05	1.2614e-09	-10.0	-2.5
254.5	1.8443e-05	1.2431e-09	-10.0	-2.5
255.0	1.8441e-05	1.186e-09	-10.0	-2.5
255.5	1.8438e-05	1.2121e-09	-10.0	-2.5
256.0	1.8439e-05	1.1689e-09	-10.0	-2.5
256.5	1.8438e-05	1.1739e-09	-10.0	-2.5
257.0	1.8438e-05	1.1649e-09	-10.0	-2.5
257.5	1.8438e-05	1.1593e-09	-10.0	-2.5
258.0	1.8437e-05	1.1681e-09	-10.0	-2.5
258.5	1.8436e-05	1.1685e-09	-10.0	-2.5
259.0	1.8432e-05	1.1719e-09	-10.0	-2.5
259.5	1.8433e-05	1.1796e-09	-10.0	-2.5
260.0	1.8433e-05	1.1594e-09	-10.0	-2.5
260.5	1.843e-05	1.1568e-09	-10.0	-2.5
261.0	1.8427e-05	1.1558e-09	-10.0	-2.5
261.5	1.8428e-05	1.1526e-09	-10.0	-2.5
262.0	1.8429e-05	1.1501e-09	-10.0	-2.5
262.5	1.8428e-05	1.1553e-09	-10.0	-2.5
263.0	1.8428e-05	1.1622e-09	-10.0	-2.5
263.5	1.8426e-05	1.1617e-09	-10.0	-2.5
264.0	1.8426e-05	1.1609e-09	-10.0	-2.5
264.5	1.8425e-05	1.1544e-09	-10.0	-2.5
265.0	1.8425e-05	1.148e-09	-10.0	-2.5
265.5	1.8423e-05	1.1393e-09	-10.0	-2.5
266.0	1.842e-05	1.1387e-09	-10.0	-2.5
266.5	1.8421e-05	1.1393e-09	-10.0	-2.5
267.0	1.8421e-05	1.1495e-09	-10.0	-2.5
267.5	1.8419e-05	1.1477e-09	-10.0	-2.5
268.0	1.842e-05	1.139e-09	-10.0	-2.5
268.5	1.8417e-05	1.1504e-09	-10.0	-2.5
269.0	1.8417e-05	1.1415e-09	-10.0	-2.5
269.5	1.8416e-05	1.1437e-09	-10.0	-2.5
270.0	1.8411e-05	1.132e-09	-10.0	-2.5
270.5	1.8411e-05	1.1297e-09	-10.0	-2.5
271.0	1.841e-05	1.137e-09	-10.0	-2.5
271.5	1.841e-05	1.1199e-09	-10.0	-2.5
272.0	1.841e-05	1.1214e-09	-10.0	-2.5
272.5	1.8406e-05	1.1253e-09	-10.0	-2.5
273.0	1.8408e-05	1.1234e-09	-10.0	-2.5
273.5	1.8404e-05	1.1197e-09	-10.0	-2.5
274.0	1.8404e-05	1.1278e-09	-10.0	-2.5
274.5	1.8404e-05	1.1398e-09	-10.0	-2.5
275.0	1.8404e-05	1.1246e-09	-10.0	-2.5
275.5	1.8401e-05	1.1484e-09	-10.0	-2.5
276.0	1.8401e-05	1.1501e-09	-10.0	-2.5
276.5	1.8403e-05	1.1464e-09	-10.0	-2.5
277.0	1.8401e-05	1.1335e-09	-10.0	-2.5
277.5	1.84e-05	1.1205e-09	-10.0	-2.5
278.0	1.8398e-05	1.1389e-09	-10.0	-2.5
278.5	1.8399e-05	1.1197e-09	-10.0	-2.5
279.0	1.8397e-05	1.1106e-09	-10.0	-2.5
279.5	1.8399e-05	1.1234e-09	-10.0	-2.5
280.0	1.8397e-05	1.1293e-09	-10.0	-2.5
280.5	1.8395e-05	1.1259e-09	-10.0	-2.5
281.0	1.8394e-05	1.136e-09	-10.0	-2.5
281.5	1.8393e-05	1.135e-09	-10.0	-2.5
282.0	1.839e-05	1.1346e-09	-10.0	-2.5
282.5	1.8392e-05	1.1356e-09	-10.0	-2.5
283.0	1.8393e-05	1.1335e-09	-10.0	-2.5
283.5	1.8393e-05	1.1247e-09	-10.0	-2.5
284.0	1.8391e-05	1.1174e-09	-10.0	-2.5
284.5	1.839e-05	1.1208e-09	-10.0	-2.5
285.0	1.839e-05	1.1259e-09	-10.0	-2.5
285.5	1.8386e-05	1.1306e-09	-10.0	-2.5
286.0	1.8388e-05	1.1295e-09	-10.0	-2.5
286.5	1.8386e-05	1.1309e-09	-10.0	-2.5
287.0	1.8383e-05	1.127e-09	-10.0	-2.5
287.5	1.8381e-05	1.1336e-09	-10.0	-2.5
288.0	1.8379e-05	1.1274e-09	-10.0	-2.5
288.5	1.8379e-05	1.1183e-09	-10.0	-2.5
289.0	1.8378e-05	1.1453e-09	-10.0	-2.5
289.5	1.8377e-05	1.1082e-09	-10.0	-2.5
290.0	1.8375e-05	1.1044e-09	-10.0	-2.5
290.5	1.8372e-05	1.1122e-09	-10.0	-2.5
291.0	1.8371e-05	1.0851e-09	-10.0	-2.5
291.5	1.8372e-05	1.0809e-09	-10.0	-2.5
292.0	1.8372e-05	1.0729e-09	-10.0	-2.5
292.5	1.8368e-05	1.0729e-09	-10.0	-2.5
293.0	1.8369e-05	1.0674e-09	-10.0	-2.5
293.5	1.837e-05	1.0624e-09	-10.0	-2.5
294.0	1.8368e-05	1.0662e-09	-10.0	-2.5
294.5	1.8371e-05	1.07e-09	-10.0	-2.5
295.0	1.8369e-05	1.0765e-09	-10.0	-2.5
295.5	1.8365e-05	1.0618e-09	-10.0	-2.5
296.0	1.8367e-05	1.0576e-09	-10.0	-2.5
296.5	1.8367e-05	1.0612e-09	-10.0	-2.5
297.0	1.8364e-05	1.064e-09	-10.0	-2.5
297.5	1.8363e-05	1.0829e-09	-10.0	-2.5
298.0	1.8363e-05	1.0687e-09	-10.0	-2.5
298.5	1.8361e-05	1.0642e-09	-10.0	-2.5
299.0	1.8357e-05	1.0648e-09	-10.0	-2.5
299.5	1.8357e-05	9.4759e-10	-10.0	-2.5
300.0	1.8355e-05	9.2464e-10	-10.0	-2.5
300.5	1.8353e-05	9.2435e-10	-10.0	-2.5
301.0	1.8351e-05	9.2823e-10	-10.0	-2.5
301.5	1.8348e-05	9.2319e-10	-10.0	-2.5
302.0	1.8349e-05	9.3179e-10	-10.0	-2.5
302.5	1.835e-05	9.2524e-10	-10.0	-2.5
303.0	1.835e-05	9.3041e-10	-10.0	-2.5
303.5	1.8347e-05	9.2821e-10	-10.0	-2.5
304.0	1.8345e-05	9.231e-10	-10.0	-2.5
304.5	1.8346e-05	9.1973e-10	-10.0	-2.5
305.0	1.8344e-05	9.2982e-10	-10.0	-2.5
305.5	1.8344e-05	9.2185e-10	-10.0	-2.5
306.0	1.8344e-05	9.3251e-10	-10.0	-2.5
306.5	1.8342e-05	9.1813e-10	-10.0	-2.5
307.0	1.8342e-05	9.1446e-10	-10.0	-2.5
307.5	1.8341e-05	9.1472e-10	-10.0	-2.5
308.0	1.834e-05	9.0958e-10	-10.0	-2.5
308.5	1.834e-05	9.1752e-10	-10.0	-2.5
309.0	1.834e-05	9.2091e-10	-10.0	-2.5
309.5	1.8339e-05	9.0998e-10	-10.0	-2.5
310.0	1.8338e-05	9.0956e-10	-10.0	-2.5
310.5	1.8338e-05	9.1114e-10	-10.0	-2.5
311.0	1.8339e-05	9.1477e-10	-10.0	-2.5
311.5	1.834e-05	9.1841e-10	-10.0	-2.5
312.0	1.834e-05	9.1153e-10	-10.0	-2.5
312.5	1.834e-05	9.1199e-10	-10.0	-2.5
313.0	1.834e-05	9.1547e-10	-10.0	-2.5
313.5	1.8341e-05	9.2359e-10	-10.0	-2.5
314.0	1.8343e-05	9.3179e-10	-10.0	-2.5
314.5	1.8345e-05	9.2311e-10	-10.0	-2.5
315.0	1.8344e-05	9.3495e-10	-10.0	-2.5
315.5	1.8342e-05	9.3885e-10	-10.0	-2.5
316.0	1.8343e-05	9.3405e-10	-10.0	-2.5
316.5	1.8342e-05	9.2944e-10	-10.0	-2.5
317.0	1.8345e-05	9.3071e-10	-10.0	-2.5
317.5	1.8346e-05	9.2973e-10	-10.0	-2.5
318.0	1.8345e-05	9.2988e-10	-10.0	-2.5
318.5	1.8347e-05	9.2169e-10	-10.0	-2.5
319.0	1.8349e-05	9.284e-10	-10.0	-2.5
319.5	1.8348e-05	9.2732e-10	-10.0	-2.5
320.0	1.8347e-05	9.244e-10	-10.0	-2.5
320.5	1.8347e-05	9.193e-10	-10.0	-2.5
321.0	1.8351e-05	9.364e-10	-10.0	-2.5
321.5	1.8349e-05	9.2101e-10	-10.0	-2.5
322.0	1.8351e-05	9.214e-10	-10.0	-2.5
322.5	1.8352e-05	9.2109e-10	-10.0	-2.5
323.0	1.8353e-05	9.2464e-10	-10.0	-2.5
323.5	1.8353e-05	9.2997e-10	-10.0	-2.5
324.0	1.8354e-05	9.2754e-10	-10.0	-2.5
324.5	1.8355e-05	9.3068e-10	-10.0	-2.5
325.0	1.8354e-05	9.252e-10	-10.0	-2.5
325.5	1.8353e-05	9.3238e-10	-10.0	-2.5
326.0	1.8354e-05	9.2781e-10	-10.0	-2.5
326.5	1.8357e-05	9.3444e-10	-10.0	-2.5
327.0	1.8356e-05	9.3871e-10	-10.0	-2.5
327.5	1.8359e-05	9.4226e-10	-10.0	-2.5
328.0	1.8359e-05	9.4408e-10	-10.0	-2.5
328.5	1.8358e-05	9.4046e-10	-10.0	-2.5
329.0	1.836e-05	9.3898e-10	-10.0	-2.5
329.5	1.836e-05	9.4452e-10	-10.0	-2.5
330.0	1.836e-05	9.5458e-10	-10.0	-2.5
330.5	1.8361e-05	9.4984e-10	-10.0	-2.5
331.0	1.8364e-05	9.6049e-10	-10.0	-2.5
331.5	1.8364e-05	9.6352e-10	-10.0	-2.5
332.0	1.8367e-05	9.665e-10	-10.0	-2.5
332.5	1.8365e-05	9.4432e-10	-10.0	-2.5
333.0	1.8366e-05	9.4817e-10	-10.0	-2.5
333.5	1.8366e-05	9.4231e-10	-10.0	-2.5
334.0	1.8368e-05	9.4064e-10	-10.0	-2.5
334.5	1.8368e-05	9.4206e-10	-10.0	-2.5
335.0	1.8368e-05	9.4068e-10	-10.0	-2.5
335.5	1.8371e-05	9.377e-10	-10.0	-2.5
336.0	1.837e-05	9.3968e-10	-10.0	-2.5
336.5	1.837e-05	9.373e-10	-10.0	-2.5
337.0	1.8371e-05	9.3776e-10	-10.0	-2.5
337.5	1.8373e-05	9.4185e-10	-10.0	-2.5
338.0	1.8372e-05	9.4424e-10	-10.0	-2.5
338.5	1.8374e-05	9.408e-10	-10.0	-2.5
339.0	1.8375e-05	9.4307e-10	-10.0	-2.5
339.5	1.8374e-05	9.3723e-10	-10.0	-2.5
340.0	1.8376e-05	9.4835e-10	-10.0	-2.5
340.5	1.8376e-05	9.5024e-10	-10.0	-2.5
341.0	1.838e-05	9.407e-10	-10.0	-2.5
341.5	1.838e-05	9.3206e-10	-10.0	-2.5
342.0	1.838e-05	9.4252e-10	-10.0	-2.5
342.5	1.8381e-05	9.4711e-10	-10.0	-2.5
343.0	1.8382e-05	9.5014e-10	-10.0	-2.5
343.5	1.838e-05	9.9204e-10	-10.0	-2.5
344.0	1.8382e-05	9.3708e-10	-10.0	-2.5
344.5	1.838e-05	9.3043e-10	-10.0	-2.5
345.0	1.8381e-05	9.3775e-10	-10.0	-2.5
345.5	1.8383e-05	9.4253e-10	-10.0	-2.5
346.0	1.8385e-05	9.3965e-10	-10.0	-2.5
346.5	1.8386e-05	9.3918e-10	-10.0	-2.5
347.0	1.8388e-05	9.4489e-10	-10.0	-2.5
347.5	1.8387e-05	9.469e-10	-10.0	-2.5
348.0	1.8391e-05	9.4437e-10	-10.0	-2.5
348.5	1.839e-05	9.4625e-10	-10.0	-2.5
349.0	1.8389e-05	9.4536e-10	-10.0	-2.5
349.5	1.839e-05	9.4323e-10	-10.0	-2.5
350.0	1.8391e-05	9.4775e-10	-10.0	-2.5
350.5	1.8391e-05	9.4927e-10	-10.0	-2.5
351.0	1.8395e-05	9.4805e-10	-10.0	-2.5
351.5	1.8395e-05	9.4418e-10	-10.0	-2.5
352.0	1.8396e-05	9.4868e-10	-10.0	-2.5
352.5	1.8396e-05	9.4416e-10	-10.0	-2.5
353.0	1.8397e-05	9.4645e-10	-10.0	-2.5
353.5	1.8399e-05	9.3738e-10	-10.0	-2.5
354.0	1.84e-05	9.4165e-10	-10.0	-2.5
354.5	1.8401e-05	9.3668e-10	-10.0	-2.5
355.0	1.8401e-05	9.4221e-10	-10.0	-2.5
355.5	1.8403e-05	9.4759e-10	-10.0	-2.5
356.0	1.8402e-05	9.4263e-10	-10.0	-2.5
356.5	1.8402e-05	9.4648e-10	-10.0	-2.5
357.0	1.8404e-05	9.5755e-10	-10.0	-2.5
357.5	1.8405e-05	9.4886e-10	-10.0	-2.5
358.0	1.8404e-05	9.6317e-10	-10.0	-2.5
358.5	1.8404e-05	9.5424e-10	-10.0	-2.5
359.0	1.8406e-05	9.6366e-10	-10.0	-2.5
359.5	1.8409e-05	1.0973e-09	-10.0	-2.5
360.0	1.8409e-05	1.0832e-09	-10.0	-2.5
360.5	1.8411e-05	1.0823e-09	-10.0	-2.5
361.0	1.8415e-05	1.0822e-09	-10.0	-2.5
361.5	1.8417e-05	1.0905e-09	-10.0	-2.5
362.0	1.8416e-05	1.0899e-09	-10.0	-2.5
362.5	1.8416e-05	1.0888e-09	-10.0	-2.5
363.0	1.8417e-05	1.0759e-09	-10.0	-2.5
363.5	1.8416e-05	1.0778e-09	-10.0	-2.5
364.0	1.8417e-05	1.082e-09	-10.0	-2.5
364.5	1.842e-05	1.0825e-09	-10.0	-2.5
365.0	1.842e-05	1.0988e-09	-10.0	-2.5
365.5	1.8423e-05	1.0742e-09	-10.0	-2.5
366.0	1.8423e-05	1.0717e-09	-10.0	-2.5
366.5	1.8421e-05	1.0836e-09	-10.0	-2.5
367.0	1.8421e-05	1.0871e-09	-10.0	-2.5
367.5	1.8419e-05	1.0854e-09	-10.0	-2.5
368.0	1.8418e-05	1.0992e-09	-10.0	-2.5
368.5	1.842e-05	1.0822e-09	-10.0	-2.5
369.0	1.842e-05	1.0836e-09	-10.0	-2.5
369.5	1.842e-05	1.0748e-09	-10.0	-2.5
370.0	1.842e-05	1.0714e-09	-10.0	-2.5
370.5	1.8421e-05	1.0714e-09	-10.0	-2.5
371.0	1.842e-05	1.0759e-09	-10.0	-2.5
371.5	1.8419e-05	1.075e-09	-10.0	-2.5
372.0	1.8419e-05	1.0759e-09	-10.0	-2.5
372.5	1.8417e-05	1.0786e-09	-10.0	-2.5
373.0	1.8414e-05	1.0812e-09	-10.0	-2.5
373.5	1.8415e-05	1.0781e-09	-10.0	-2.5
374.0	1.8414e-05	1.0802e-09	-10.0	-2.5
374.5	1.8413e-05	1.069e-09	-10.0	-2.5
375.0	1.8413e-05	1.0806e-09	-10.0	-2.5
375.5	1.8414e-05	1.0729e-09	-10.0	-2.5
376.0	1.8413e-05	1.077e-09	-10.0	-2.5
376.5	1.8416e-05	1.0846e-09	-10.0	-2.5
377.0	1.8414e-05	1.0708e-09	-10.0	-2.5
377.5	1.8414e-05	1.0649e-09	-10.0	-2.5
378.0	1.8413e-05	1.0697e-09	-10.0	-2.5
378.5	1.8413e-05	1.0649e-09	-10.0	-2.5
379.0	1.8415e-05	1.0647e-09	-10.0	-2.5
379.5	1.8413e-05	1.0562e-09	-10.0	-2.5
380.0	1.8414e-05	1.0627e-09	-10.0	-2.5
380.5	1.8416e-05	1.0642e-09	-10.0	-2.5
381.0	1.8415e-05	1.0615e-09	-10.0	-2.5
381.5	1.8413e-05	1.0653e-09	-10.0	-2.5
382.0	1.8414e-05	1.0704e-09	-10.0	-2.5
382.5	1.8412e-05	1.0725e-09	-10.0	-2.5
383.0	1.8411e-05	1.06e-09	-10.0	-2.5
383.5	1.8413e-05	1.062e-09	-10.0	-2.5
384.0	1.8409e-05	1.0626e-09	-10.0	-2.5
384.5	1.841e-05	1.0604e-09	-10.0	-2.5
385.0	1.8408e-05	1.0641e-09	-10.0	-2.5
385.5	1.8404e-05	1.0514e-09	-10.0	-2.5
386.0	1.8402e-05	1.0493e-09	-10.0	-2.5
386.5	1.8401e-05	1.0612e-09	-10.0	-2.5
387.0	1.8402e-05	1.0657e-09	-10.0	-2.5
387.5	1.8402e-05	1.0532e-09	-10.0	-2.5
388.0	1.8401e-05	1.0605e-09	-10.0	-2.5
388.5	1.8401e-05	1.0577e-09	-10.0	-2.5
389.0	1.8403e-05	1.056e-09	-10.0	-2.5
389.5	1.8401e-05	1.0586e-09	-10.0	-2.5
390.0	1.8402e-05	1.0515e-09	-10.0	-2.5
390.5	1.84e-05	1.0656e-09	-10.0	-2.5
391.0	1.8399e-05	1.0541e-09	-10.0	-2.5
391.5	1.8397e-05	1.0457e-09	-10.0	-2.5
392.0	1.8394e-05	1.0485e-09	-10.0	-2.5
392.5	1.8393e-05	1.054e-09	-10.0	-2.5
393.0	1.8391e-05	1.0365e-09	-10.0	-2.5
393.5	1.8389e-05	1.0356e-09	-10.0	-2.5
394.0	1.8388e-05	1.0307e-09	-10.0	-2.5
394.5	1.8386e-05	1.0282e-09	-10.0	-2.5
395.0	1.8385e-05	1.0319e-09	-10.0	-2.5
395.5	1.8384e-05	1.0395e-09	-10.0	-2.5
396.0	1.8383e-05	1.0232e-09	-10.0	-2.5
396.5	1.8383e-05	1.0248e-09	-10.0	-2.5
397.0	1.8384e-05	1.0284e-09	-10.0	-2.5
397.5	1.8384e-05	1.0274e-09	-10.0	-2.5
398.0	1.8384e-05	1.0297e-09	-10.0	-2.5
398.5	1.8382e-05	1.0343e-09	-10.0	-2.5
399.0	1.8381e-05	1.0547e-09	-10.0	-2.5
399.5	1.8379e-05	1.0536e-09	-10.0	-2.5
400.0	1.8379e-05	1.0374e-09	-10.0	-2.5
400.5	1.8378e-05	1.0385e-09	-10.0	-2.5
401.0	1.8379e-05	1.0424e-09	-10.0	-2.5
401.5	1.8378e-05	1.0297e-09	-10.0	-2.5
402.0	1.8379e-05	1.014e-09	-10.0	-2.5
402.5	1.8376e-05	1.024e-09	-10.0	-2.5
403.0	1.8373e-05	1.0173e-09	-10.0	-2.5
403.5	1.8374e-05	1.0134e-09	-10.0	-2.5
404.0	1.8373e-05	1.025e-09	-10.0	-2.5
404.5	1.8373e-05	1.0292e-09	-10.0	-2.5
405.0	1.837e-05	1.0191e-09	-10.0	-2.5
405.5	1.837e-05	1.0216e-09	-10.0	-2.5
406.0	1.8367e-05	1.0183e-09	-10.0	-2.5
406.5	1.8365e-05	1.0226e-09	-10.0	-2.5
407.0	1.8363e-05	1.0252e-09	-10.0	-2.5
407.5	1.8363e-05	1.0148e-09	-10.0	-2.5
408.0	1.8363e-05	1.0121e-09	-10.0	-2.5
408.5	1.836e-05	1.0253e-09	-10.0	-2.5
409.0	1.836e-05	1.0158e-09	-10.0	-2.5
409.5	1.8357e-05	1.0178e-09	-10.0	-2.5
410.0	1.8355e-05	1.0086e-09	-10.0	-2.5
410.5	1.8356e-05	1.0077e-09	-10.0	-2.5
411.0	1.8353e-05	1.0069e-09	-10.0	-2.5
411.5	1.8354e-05	1.005e-09	-10.0	-2.5
412.0	1.8353e-05	1.0017e-09	-10.0	-2.5
412.5	1.835e-05	1.0058e-09	-10.0	-2.5
413.0	1.8351e-05	1.0079e-09	-10.0	-2.5
413.5	1.835e-05	1.008e-09	-10.0	-2.5
414.0	1.8348e-05	1.0201e-09	-10.0	-2.5
414.5	1.835e-05	1.0207e-09	-10.0	-2.5
415.0	1.8348e-05	1.0088e-09	-10.0	-2.5
415.5	1.8346e-05	1.0085e-09	-10.0	-2.5
416.0	1.8348e-05	9.9766e-10	-10.0	-2.5
416.5	1.8344e-05	9.9778e-10	-10.0	-2.5
417.0	1.8344e-05	9.9866e-10	-10.0	-2.5
417.5	1.8343e-05	9.9882e-10	-10.0	-2.5
418.0	1.8344e-05	1.0158e-09	-10.0	-2.5
418.5	1.8344e-05	1.0196e-09	-10.0	-2.5
419.0	1.8343e-05	9.9352e-10	-10.0	-2.5
419.5	1.834e-05	8.9393e-10	-10.0	-2.5
420.0	1.8338e-05	8.6709e-10	-10.0	-2.5
420.5	1.8336e-05	8.6694e-10	-10.0	-2.5
421.0	1.8336e-05	8.6904e-10	-10.0	-2.5
421.5	1.8333e-05	8.6464e-10	-10.0	-2.5
422.0	1.8333e-05	8.6003e-10	-10.0	-2.5
422.5	1.8332e-05	8.7072e-10	-10.0	-2.5
423.0	1.8333e-05	8.8118e-10	-10.0	-2.5
423.5	1.8331e-05	8.788e-10	-10.0	-2.5
424.0	1.8331e-05	8.7805e-10	-10.0	-2.5
424.5	1.8331e-05	8.7171e-10	-10.0	-2.5
425.0	1.8331e-05	8.8008e-10	-10.0	-2.5
425.5	1.8329e-05	8.6861e-10	-10.0	-2.5
426.0	1.833e-05	8.5963e-10	-10.0	-2.5
426.5	1.8332e-05	8.6977e-10	-10.0	-2.5
427.0	1.8331e-05	8.6497e-10	-10.0	-2.5
427.5	1.833e-05	8.7052e-10	-10.0	-2.5
428.0	1.8331e-05	8.6348e-10	-10.0	-2.5
428.5	1.833e-05	8.7762e-10	-10.0	-2.5
429.0	1.833e-05	8.8426e-10	-10.0	-2.5
429.5	1.8332e-05	8.7468e-10	-10.0	-2.5
430.0	1.8333e-05	8.7364e-10	-10.0	-2.5
430.5	1.8333e-05	8.6401e-10	-10.0	-2.5
431.0	1.8331e-05	8.6659e-10	-10.0	-2.5
431.5	1.8333e-05	8.695e-10	-10.0	-2.5
432.0	1.8333e-05	8.6723e-10	-10.0	-2.5
432.5	1.8334e-05	8.6936e-10	-10.0	-2.5
433.0	1.8334e-05	8.7002e-10	-10.0	-2.5
433.5	1.8332e-05	8.8005e-10	-10.0	-2.5
434.0	1.8333e-05	8.6863e-10	-10.0	-2.5
434.5	1.8334e-05	8.6823e-10	-10.0	-2.5
435.0	1.8336e-05	8.7089e-10	-10.0	-2.5
435.5	1.8335e-05	8.7078e-10	-10.0	-2.5
436.0	1.8335e-05	8.7559e-10	-10.0	-2.5
436.5	1.8335e-05	8.7645e-10	-10.0	-2.5
437.0	1.8335e-05	8.6987e-10	-10.0	-2.5
437.5	1.8335e-05	8.6965e-10	-10.0	-2.5
438.0	1.8337e-05	8.8723e-10	-10.0	-2.5
438.5	1.8337e-05	8.7124e-10	-10.0	-2.5
439.0	1.8335e-05	8.7766e-10	-10.0	-2.5
439.5	1.8338e-05	8.7503e-10	-10.0	-2.5
440.0	1.8339e-05	8.7183e-10	-10.0	-2.5
440.5	1.8338e-05	8.915e-10	-10.0	-2.5
441.0	1.8338e-05	8.9502e-10	-10.0	-2.5
441.5	1.8339e-05	8.9505e-10	-10.0	-2.5
442.0	1.8341e-05	9.0045e-10	-10.0	-2.5
442.5	1.8342e-05	8.9744e-10	-10.0	-2.5
443.0	1.8345e-05	9.0572e-10	-10.0	-2.5
443.5	1.8344e-05	8.7337e-10	-10.0	-2.5
444.0	1.8345e-05	8.7446e-10	-10.0	-2.5
444.5	1.8346e-05	8.83e-10	-10.0	-2.5
445.0	1.8348e-05	8.7884e-10	-10.0	-2.5
445.5	1.8346e-05	8.8282e-10	-10.0	-2.5
446.0	1.8347e-05	8.8286e-10	-10.0	-2.5
446.5	1.8348e-05	8.7501e-10	-10.0	-2.5
447.0	1.8351e-05	8.7696e-10	-10.0	-2.5
447.5	1.835e-05	8.7264e-10	-10.0	-2.5
448.0	1.835e-05	8.7547e-10	-10.0	-2.5
448.5	1.8349e-05	8.7936e-10	-10.0	-2.5
449.0	1.835e-05	8.8342e-10	-10.0	-2.5
449.5	1.8348e-05	8.8215e-10	-10.0	-2.5
450.0	1.835e-05	8.9067e-10	-10.0	-2.5
450.5	1.8352e-05	8.918e-10	-10.0	-2.5
451.0	1.8354e-05	8.8451e-10	-10.0	-2.5
451.5	1.8355e-05	8.8545e-10	-10.0	-2.5
452.0	1.8355e-05	8.8299e-10	-10.0	-2.5
452.5	1.8358e-05	8.8822e-10	-10.0	-2.5
453.0	1.8359e-05	8.8466e-10	-10.0	-2.5
453.5	1.8359e-05	8.839e-10	-10.0	-2.5
454.0	1.8359e-05	8.8063e-10	-10.0	-2.5
454.5	1.836e-05	8.8145e-10	-10.0	-2.5
455.0	1.8362e-05	8.8271e-10	-10.0	-2.5
455.5	1.8363e-05	8.8586e-10	-10.0	-2.5
456.0	1.8364e-05	8.7888e-10	-10.0	-2.5
456.5	1.8365e-05	8.7239e-10	-10.0	-2.5
457.0	1.8366e-05	8.7353e-10	-10.0	-2.5
457.5	1.8365e-05	8.7756e-10	-10.0	-2.5
458.0	1.8366e-05	8.8435e-10	-10.0	-2.5
458.5	1.8368e-05	8.864e-10	-10.0	-2.5
459.0	1.8369e-05	8.8624e-10	-10.0	-2.5
459.5	1.8369e-05	8.8024e-10	-10.0	-2.5
460.0	1.8371e-05	8.784e-10	-10.0	-2.5
460.5	1.8368e-05	8.8048e-10	-10.0	-2.5
461.0	1.8371e-05	8.879e-10	-10.0	-2.5
461.5	1.8372e-05	8.8722e-10	-10.0	-2.5
462.0	1.8373e-05	8.8052e-10	-10.0	-2.5
462.5	1.8374e-05	8.8192e-10	-10.0	-2.5
463.0	1.8377e-05	8.842e-10	-10.0	-2.5
463.5	1.8378e-05	8.8197e-10	-10.0	-2.5
464.0	1.8377e-05	8.7245e-10	-10.0	-2.5
464.5	1.8378e-05	8.7335e-10	-10.0	-2.5
465.0	1.8378e-05	8.7914e-10	-10.0	-2.5
465.5	1.8381e-05	8.7652e-10	-10.0	-2.5
466.0	1.8382e-05	8.8347e-10	-10.0	-2.5
466.5	1.8383e-05	8.8715e-10	-10.0	-2.5
467.0	1.8382e-05	8.8505e-10	-10.0	-2.5
467.5	1.8382e-05	8.8879e-10	-10.0	-2.5
468.0	1.8384e-05	8.9311e-10	-10.0	-2.5
468.5	1.8384e-05	8.9218e-10	-10.0	-2.5
469.0	1.8384e-05	9.0466e-10	-10.0	-2.5
469.5	1.8385e-05	8.9395e-10	-10.0	-2.5
470.0	1.8385e-05	9.0071e-10	-10.0	-2.5
470.5	1.8385e-05	9.3192e-10	-10.0	-2.5
471.0	1.8386e-05	8.9058e-10	-10.0	-2.5
471.5	1.8388e-05	8.9291e-10	-10.0	-2.5
472.0	1.8389e-05	8.8243e-10	-10.0	-2.5
472.5	1.8387e-05	8.9879e-10	-10.0	-2.5
473.0	1.8388e-05	8.9635e-10	-10.0	-2.5
473.5	1.8391e-05	8.9458e-10	-10.0	-2.5
474.0	1.8394e-05	8.8846e-10	-10.0	-2.5
474.5	1.8394e-05	8.9352e-10	-10.0	-2.5
475.0	1.8395e-05	8.9053e-10	-10.0	-2.5
475.5	1.8395e-05	8.901e-10	-10.0	-2.5
476.0	1.8396e-05	8.9473e-10	-10.0	-2.5
476.5	1.8396e-05	9.0399e-10	-10.0	-2.5
477.0	1.8398e-05	8.9836e-10	-10.0	-2.5
477.5	1.8401e-05	9.1162e-10	-10.0	-2.5
478.0	1.8402e-05	8.9769e-10	-10.0	-2.5
478.5	1.8403e-05	9.0881e-10	-10.0	-2.5
479.0	1.8403e-05	9.0965e-10	-10.0	-2.5
479.5	1.8406e-05	1.0605e-09	-10.0	-2.5
480.0	1.8408e-05	1.0485e-09	-10.0	-2.5
480.5	1.8408e-05	1.0467e-09	-10.0	-2.5
481.0	1.8409e-05	1.0559e-09	-10.0	-2.5
481.5	1.8411e-05	1.0471e-09	-10.0	-2.5
482.0	1.8412e-05	1.0402e-09	-10.0	-2.5
482.5	1.8413e-05	1.036e-09	-10.0	-2.5
483.0	1.8416e-05	1.0446e-09	-10.0	-2.5
483.5	1.8415e-05	1.0384e-09	-10.0	-2.5
484.0	1.8417e-05	1.0313e-09	-10.0	-2.5
484.5	1.8417e-05	1.0348e-09	-10.0	-2.5
485.0	1.8419e-05	1.0271e-09	-10.0	-2.5
485.5	1.8419e-05	1.0463e-09	-10.0	-2.5
486.0	1.8423e-05	1.0387e-09	-10.0	-2.5
486.5	1.8422e-05	1.0361e-09	-10.0	-2.5
487.0	1.8424e-05	1.037e-09	-10.0	-2.5
487.5	1.842e-05	1.0327e-09	-10.0	-2.5
488.0	1.8423e-05	1.0235e-09	-10.0	-2.5
488.5	1.8421e-05	1.0241e-09	-10.0	-2.5
489.0	1.8423e-05	1.0226e-09	-10.0	-2.5
489.5	1.8423e-05	1.0289e-09	-10.0	-2.5
490.0	1.842e-05	1.0299e-09	-10.0	-2.5
490.5	1.8423e-05	1.0316e-09	-10.0	-2.5
491.0	1.8422e-05	1.0389e-09	-10.0	-2.5
491.5	1.8421e-05	1.0396e-09	-10.0	-2.5
492.0	1.8423e-05	1.0275e-09	-10.0	-2.5
492.5	1.842e-05	1.074e-09	-10.0	-2.5
493.0	1.842e-05	1.0764e-09	-10.0	-2.5
493.5	1.8418e-05	1.0572e-09	-10.0	-2.5
494.0	1.8417e-05	1.0193e-09	-10.0	-2.5
494.5	1.8415e-05	1.0178e-09	-10.0	-2.5
495.0	1.8413e-05	1.0129e-09	-10.0	-2.5
495.5	1.8415e-05	1.014e-09	-10.0	-2.5
496.0	1.8415e-05	1.0493e-09	-10.0	-2.5
496.5	1.8413e-05	1.0123e-09	-10.0	-2.5
497.0	1.841e-05	1.0178e-09	-10.0	-2.5
497.5	1.841e-05	1.0136e-09	-10.0	-2.5
498.0	1.8411e-05	1.0071e-09	-10.0	-2.5
498.5	1.8411e-05	1.0143e-09	-10.0	-2.5
499.0	1.8408e-05	1.0192e-09	-10.0	-2.5
499.5	1.8408e-05	1.036e-09	-10.0	-2.5
500.0	1.841e-05	1.0189e-09	-10.0	-2.5
500.5	1.8409e-05	1.0144e-09	-10.0	-2.5
501.0	1.8406e-05	1.0053e-09	-10.0	-2.5
501.5	1.8405e-05	1.0092e-09	-10.0	-2.5
502.0	1.8404e-05	1.0033e-09	-10.0	-2.5
502.5	1.8403e-05	1.0037e-09	-10.0	-2.5
503.0	1.8399e-05	1.0022e-09	-10.0	-2.5
503.5	1.8401e-05	1.0007e-09	-10.0	-2.5
504.0	1.8402e-05	1.0006e-09	-10.0	-2.5
504.5	1.8399e-05	1.0027e-09	-10.0	-2.5
505.0	1.8399e-05	9.979e-10	-10.0	-2.5
505.5	1.8399e-05	9.9816e-10	-10.0	-2.5
506.0	1.8398e-05	9.9795e-10	-10.0	-2.5
506.5	1.8397e-05	1.0016e-09	-10.0	-2.5
507.0	1.8396e-05	1.0044e-09	-10.0	-2.5
507.5	1.8395e-05	1.0009e-09	-10.0	-2.5
508.0	1.8395e-05	9.9599e-10	-10.0	-2.5
508.5	1.8395e-05	9.9625e-10	-10.0	-2.5
509.0	1.8392e-05	9.9698e-10	-10.0	-2.5
509.5	1.8391e-05	9.9587e-10	-10.0	-2.5
510.0	1.8392e-05	9.9643e-10	-10.0	-2.5
510.5	1.839e-05	1.0073e-09	-10.0	-2.5
511.0	1.8386e-05	1.0062e-09	-10.0	-2.5
511.5	1.8385e-05	9.9306e-10	-10.0	-2.5
512.0	1.8387e-05	9.9619e-10	-10.0	-2.5
512.5	1.8385e-05	9.9476e-10	-10.0	-2.5
513.0	1.838e-05	9.9609e-10	-10.0	-2.5
513.5	1.838e-05	9.9485e-10	-10.0	-2.5
514.0	1.8379e-05	9.896e-10	-10.0	-2.5
514.5	1.8379e-05	9.9327e-10	-10.0	-2.5
515.0	1.8378e-05	9.9011e-10	-10.0	-2.5
515.5	1.8379e-05	9.9088e-10	-10.0	-2.5
516.0	1.8379e-05	9.8681e-10	-10.0	-2.5
516.5	1.8376e-05	9.869e-10	-10.0	-2.5
517.0	1.8376e-05	9.8681e-10	-10.0	-2.5
517.5	1.8373e-05	9.8938e-10	-10.0	-2.5
518.0	1.837e-05	9.9222e-10	-10.0	-2.5
518.5	1.837e-05	1.0031e-09	-10.0	-2.5
519.0	1.8371e-05	1.0163e-09	-10.0	-2.5
519.5	1.8367e-05	9.9638e-10	-10.0	-2.5
520.0	1.837e-05	1.0067e-09	-10.0	-2.5
520.5	1.8371e-05	9.8915e-10	-10.0	-2.5
521.0	1.8368e-05	9.8458e-10	-10.0	-2.5
521.5	1.8367e-05	9.7429e-10	-10.0	-2.5
522.0	1.8369e-05	9.7874e-10	-10.0	-2.5
522.5	1.8367e-05	9.9085e-10	-10.0	-2.5
523.0	1.8366e-05	9.8483e-10	-10.0	-2.5
523.5	1.8365e-05	9.7805e-10	-10.0	-2.5
524.0	1.8363e-05	9.7325e-10	-10.0	-2.5
524.5	1.8359e-05	9.7459e-10	-10.0	-2.5
525.0	1.8357e-05	9.7007e-10	-10.0	-2.5
525.5	1.8356e-05	9.7517e-10	-10.0	-2.5
526.0	1.8356e-05	9.7133e-10	-10.0	-2.5
526.5	1.8355e-05	9.6656e-10	-10.0	-2.5
527.0	1.8355e-05	9.7492e-10	-10.0	-2.5
527.5	1.8356e-05	9.7058e-10	-10.0	-2.5
528.0	1.8355e-05	9.668e-10	-10.0	-2.5
528.5	1.8352e-05	9.6825e-10	-10.0	-2.5
529.0	1.8352e-05	9.7124e-10	-10.0	-2.5
529.5	1.8351e-05	9.6715e-10	-10.0	-2.5
530.0	1.835e-05	9.6748e-10	-10.0	-2.5
530.5	1.8349e-05	9.7048e-10	-10.0	-2.5
531.0	1.8348e-05	9.7448e-10	-10.0	-2.5
531.5	1.8346e-05	9.7194e-10	-10.0	-2.5
532.0	1.8344e-05	9.7357e-10	-10.0	-2.5
532.5	1.8344e-05	9.7522e-10	-10.0	-2.5
533.0	1.8343e-05	9.7261e-10	-10.0	-2.5
533.5	1.8345e-05	9.688e-10	-10.0	-2.5
534.0	1.8342e-05	9.7362e-10	-10.0	-2.5
534.5	1.8341e-05	9.7276e-10	-10.0	-2.5
535.0	1.8339e-05	9.9218e-10	-10.0	-2.5
535.5	1.8339e-05	1.0058e-09	-10.0	-2.5
536.0	1.8339e-05	9.7714e-10	-10.0	-2.5
536.5	1.8338e-05	9.7354e-10	-10.0	-2.5
537.0	1.8337e-05	9.7454e-10	-10.0	-2.5
537.5	1.8336e-05	9.6941e-10	-10.0	-2.5
538.0	1.8333e-05	9.7361e-10	-10.0	-2.5
538.5	1.8335e-05	9.6983e-10	-10.0	-2.5
539.0	1.8335e-05	9.7008e-10	-10.0	-2.5
539.5	1.833e-05	8.8462e-10	-10.0	-2.5
540.0	1.8329e-05	8.4492e-10	-10.0	-2.5
540.5	1.8327e-05	8.4201e-10	-10.0	-2.5
541.0	1.8326e-05	8.3994e-10	-10.0	-2.5
541.5	1.8322e-05	8.3368e-10	-10.0	-2.5
542.0	1.8322e-05	8.4627e-10	-10.0	-2.5
542.5	1.8323e-05	8.4296e-10	-10.0	-2.5
543.0	1.8321e-05	8.6108e-10	-10.0	-2.5
543.5	1.8319e-05	8.437e-10	-10.0	-2.5
544.0	1.832e-05	8.4707e-10	-10.0	-2.5
544.5	1.8316e-05	8.3201e-10	-10.0	-2.5
545.0	1.8315e-05	8.6682e-10	-10.0	-2.5
545.5	1.8314e-05	8.4294e-10	-10.0	-2.5
546.0	1.8314e-05	8.3745e-10	-10.0	-2.5
546.5	1.8313e-05	8.4434e-10	-10.0	-2.5
547.0	1.8316e-05	8.4161e-10	-10.0	-2.5
547.5	1.8314e-05	8.351e-10	-10.0	-2.5
548.0	1.8316e-05	8.5917e-10	-10.0	-2.5
548.5	1.8316e-05	8.397e-10	-10.0	-2.5
549.0	1.8316e-05	8.361e-10	-10.0	-2.5
549.5	1.8316e-05	8.3852e-10	-10.0	-2.5
550.0	1.8315e-05	8.3401e-10	-10.0	-2.5
550.5	1.8316e-05	8.3822e-10	-10.0	-2.5
551.0	1.8316e-05	8.3697e-10	-10.0	-2.5
551.5	1.8319e-05	8.445e-10	-10.0	-2.5
552.0	1.8319e-05	8.3709e-10	-10.0	-2.5
552.5	1.832e-05	8.3664e-10	-10.0	-2.5
553.0	1.832e-05	8.3183e-10	-10.0	-2.5
553.5	1.8321e-05	8.3881e-10	-10.0	-2.5
554.0	1.8319e-05	8.3756e-10	-10.0	-2.5
554.5	1.8321e-05	8.3843e-10	-10.0	-2.5
555.0	1.8322e-05	8.3832e-10	-10.0	-2.5
555.5	1.8322e-05	8.4261e-10	-10.0	-2.5
556.0	1.8325e-05	8.3844e-10	-10.0	-2.5
556.5	1.8324e-05	8.3953e-10	-10.0	-2.5
557.0	1.8326e-05	8.4661e-10	-10.0	-2.5
557.5	1.8326e-05	8.4617e-10	-10.0	-2.5
558.0	1.8325e-05	8.4231e-10	-10.0	-2.5
558.5	1.8324e-05	8.5376e-10	-10.0	-2.5
559.0	1.8327e-05	8.452e-10	-10.0	-2.5
559.5	1.8328e-05	8.366e-10	-10.0	-2.5
560.0	1.8328e-05	8.4745e-10	-10.0	-2.5
560.5	1.8327e-05	8.4793e-10	-10.0	-2.5
561.0	1.8329e-05	8.4915e-10	-10.0	-2.5
561.5	1.8329e-05	8.4705e-10	-10.0	-2.5
562.0	1.8331e-05	8.4424e-10	-10.0	-2.5
562.5	1.8332e-05	8.5549e-10	-10.0	-2.5
563.0	1.8331e-05	8.4923e-10	-10.0	-2.5
563.5	1.8334e-05	8.5071e-10	-10.0	-2.5
564.0	1.8332e-05	8.4667e-10	-10.0	-2.5
564.5	1.8333e-05	8.8627e-10	-10.0	-2.5
565.0	1.8335e-05	8.4475e-10	-10.0	-2.5
565.5	1.8336e-05	8.5009e-10	-10.0	-2.5
566.0	1.8336e-05	8.5952e-10	-10.0	-2.5
566.5	1.8336e-05	8.4777e-10	-10.0	-2.5
567.0	1.8337e-05	8.4616e-10	-10.0	-2.5
567.5	1.8339e-05	8.4525e-10	-10.0	-2.5
568.0	1.834e-05	8.4638e-10	-10.0	-2.5
568.5	1.8338e-05	8.4426e-10	-10.0	-2.5
569.0	1.8338e-05	8.3897e-10	-10.0	-2.5
569.5	1.8341e-05	8.4621e-10	-10.0	-2.5
570.0	1.8341e-05	8.4993e-10	-10.0	-2.5
570.5	1.8345e-05	8.7452e-10	-10.0	-2.5
571.0	1.8344e-05	8.4645e-10	-10.0	-2.5
571.5	1.8342e-05	8.4952e-10	-10.0	-2.5
572.0	1.8346e-05	8.4782e-10	-10.0	-2.5
572.5	1.8345e-05	8.5983e-10	-10.0	-2.5
573.0	1.8346e-05	8.583e-10	-10.0	-2.5
573.5	1.8347e-05	8.5694e-10	-10.0	-2.5
574.0	1.8346e-05	8.5744e-10	-10.0	-2.5
574.5	1.8347e-05	8.5344e-10	-10.0	-2.5
575.0	1.8349e-05	8.6073e-10	-10.0	-2.5
575.5	1.8348e-05	8.5188e-10	-10.0	-2.5
576.0	1.8349e-05	8.5858e-10	-10.0	-2.5
576.5	1.835e-05	8.6664e-10	-10.0	-2.5
577.0	1.8352e-05	8.5749e-10	-10.0	-2.5
577.5	1.8353e-05	8.5519e-10	-10.0	-2.5
578.0	1.8352e-05	8.657e-10	-10.0	-2.5
578.5	1.8354e-05	8.644e-10	-10.0	-2.5
579.0	1.8357e-05	8.709e-10	-10.0	-2.5
579.5	1.8358e-05	8.6697e-10	-10.0	-2.5
580.0	1.8361e-05	8.6172e-10	-10.0	-2.5
580.5	1.8361e-05	8.6401e-10	-10.0	-2.5
581.0	1.8362e-05	8.7462e-10	-10.0	-2.5
581.5	1.8363e-05	8.7126e-10	-10.0	-2.5
582.0	1.8363e-05	8.7046e-10	-10.0	-2.5
582.5	1.8364e-05	8.6944e-10	-10.0	-2.5
583.0	1.8366e-05	8.6257e-10	-10.0	-2.5
583.5	1.8365e-05	8.6738e-10	-10.0	-2.5
584.0	1.8365e-05	8.7564e-10	-10.0	-2.5
584.5	1.8364e-05	8.7202e-10	-10.0	-2.5
585.0	1.8368e-05	8.7511e-10	-10.0	-2.5
585.5	1.837e-05	8.6533e-10	-10.0	-2.5
586.0	1.8372e-05	8.6374e-10	-10.0	-2.5
586.5	1.8372e-05	8.7048e-10	-10.0	-2.5
587.0	1.8372e-05	8.8283e-10	-10.0	-2.5
587.5	1.8373e-05	8.6997e-10	-10.0	-2.5
588.0	1.8375e-05	8.683e-10	-10.0	-2.5
588.5	1.8376e-05	8.6003e-10	-10.0	-2.5
589.0	1.8376e-05	8.7423e-10	-10.0	-2.5
589.5	1.8376e-05	8.7303e-10	-10.0	-2.5
590.0	1.8376e-05	8.6465e-10	-10.0	-2.5
590.5	1.8378e-05	8.7808e-10	-10.0	-2.5
591.0	1.8379e-05	8.7283e-10	-10.0	-2.5
591.5	1.8382e-05	8.8117e-10	-10.0	-2.5
592.0	1.838e-05	8.8094e-10	-10.0	-2.5
592.5	1.8383e-05	8.8751e-10	-10.0	-2.5
593.0	1.8383e-05	8.8218e-10	-10.0	-2.5
593.5	1.8384e-05	8.8107e-10	-10.0	-2.5
594.0	1.8385e-05	8.7989e-10	-10.0	-2.5
594.5	1.8386e-05	8.7301e-10	-10.0	-2.5
595.0	1.8388e-05	8.712e-10	-10.0	-2.5
595.5	1.8388e-05	8.6983e-10	-10.0	-2.5
596.0	1.839e-05	8.8445e-10	-10.0	-2.5
596.5	1.8388e-05	8.6813e-10	-10.0	-2.5
597.0	1.8389e-05	8.8109e-10	-10.0	-2.5
597.5	1.839e-05	8.7213e-10	-10.0	-2.5
598.0	1.8393e-05	8.9066e-10	-10.0	-2.5
598.5	1.8394e-05	8.8979e-10	-10.0	-2.5
599.0	1.8395e-05	8.7939e-10	-10.0	-2.5
599.5	1.8395e-05	8.792e-10	-10.0	-2.5
600.0	1.8396e-05	8.7754e-10	-10.0	-2.5
600.5	1.8396e-05	8.8394e-10	-10.0	-2.5
601.0	1.8398e-05	8.7745e-10	-10.0	-2.5
601.5	1.84e-05	8.7447e-10	-10.0	-2.5
602.0	1.84e-05	8.9452e-10	-10.0	-2.5
602.5	1.84e-05	8.7902e-10	-10.0	-2.5
603.0	1.8398e-05	8.7877e-10	-10.0	-2.5
603.5	1.8399e-05	8.7629e-10	-10.0	-2.5
604.0	1.8403e-05	8.7777e-10	-10.0	-2.5
604.5	1.8403e-05	8.7908e-10	-10.0	-2.5
605.0	1.8405e-05	8.7869e-10	-10.0	-2.5
605.5	1.8408e-05	8.7584e-10	-10.0	-2.5
606.0	1.8407e-05	8.7635e-10	-10.0	-2.5
606.5	1.8409e-05	8.7136e-10	-10.0	-2.5
607.0	1.8407e-05	8.6978e-10	-10.0	-2.5
607.5	1.841e-05	8.8426e-10	-10.0	-2.5
608.0	1.841e-05	8.6453e-10	-10.0	-2.5
608.5	1.8411e-05	8.7004e-10	-10.0	-2.5
609.0	1.8413e-05	8.7298e-10	-10.0	-2.5
609.5	1.8415e-05	8.7808e-10	-10.0	-2.5
610.0	1.8415e-05	8.8974e-10	-10.0	-2.5
610.5	1.8417e-05	8.878e-10	-10.0	-2.5
611.0	1.8421e-05	8.7446e-10	-10.0	-2.5
611.5	1.8423e-05	8.717e-10	-10.0	-2.5
612.0	1.8423e-05	8.7773e-10	-10.0	-2.5
612.5	1.8423e-05	8.7638e-10	-10.0	-2.5
613.0	1.8423e-05	8.8137e-10	-10.0	-2.5
613.5	1.8424e-05	8.7421e-10	-10.0	-2.5
614.0	1.8423e-05	8.79e-10	-10.0	-2.5
614.5	1.8424e-05	8.8271e-10	-10.0	-2.5
615.0	1.8425e-05	8.7516e-10	-10.0	-2.5
615.5	1.8425e-05	8.8037e-10	-10.0	-2.5
616.0	1.8429e-05	8.8932e-10	-10.0	-2.5
616.5	1.8428e-05	8.8375e-10	-10.0	-2.5
617.0	1.8427e-05	8.7531e-10	-10.0	-2.5
617.5	1.8429e-05	8.8431e-10	-10.0	-2.5
618.0	1.8429e-05	8.7408e-10	-10.0	-2.5
618.5	1.8429e-05	8.7637e-10	-10.0	-2.5
619.0	1.843e-05	8.733e-10	-10.0	-2.5
619.5	1.8431e-05	8.8231e-10	-10.0	-2.5
620.0	1.8432e-05	8.7561e-10	-10.0	-2.5
620.51	1.8433e-05	8.763e-10	-10.0	-2.5
621.0	1.8433e-05	8.7835e-10	-10.0	-2.5
