Time (s)	|IDrain (A)|	|IGate (A)	Vdrain(V)	Vgate(V)
0.0	1.8084e-05	1.3109e-09	-10.0	-2.5
1.0	1.8087e-05	1.2684e-09	-10.0	-2.5
1.5	1.8087e-05	1.3241e-09	-10.0	-2.5
2.0	1.8089e-05	1.2671e-09	-10.0	-2.5
2.5	1.8089e-05	1.2974e-09	-10.0	-2.5
3.0	1.8091e-05	1.3163e-09	-10.0	-2.5
3.5	1.809e-05	1.2921e-09	-10.0	-2.5
4.0	1.8092e-05	1.2713e-09	-10.0	-2.5
4.5	1.8091e-05	1.2462e-09	-10.0	-2.5
5.0	1.8094e-05	1.3235e-09	-10.0	-2.5
5.5	1.8093e-05	1.3013e-09	-10.0	-2.5
6.0	1.8096e-05	1.2793e-09	-10.0	-2.5
6.5	1.8096e-05	1.2596e-09	-10.0	-2.5
7.0	1.8099e-05	1.2271e-09	-10.0	-2.5
7.5	1.8098e-05	1.2249e-09	-10.0	-2.5
8.0	1.8098e-05	1.2448e-09	-10.0	-2.5
8.5	1.8101e-05	1.2052e-09	-10.0	-2.5
9.0	1.8103e-05	1.2213e-09	-10.0	-2.5
9.5	1.8103e-05	1.1976e-09	-10.0	-2.5
10.0	1.8104e-05	1.2025e-09	-10.0	-2.5
10.5	1.8104e-05	1.1955e-09	-10.0	-2.5
11.0	1.8106e-05	1.1849e-09	-10.0	-2.5
11.5	1.8105e-05	1.185e-09	-10.0	-2.5
12.0	1.8105e-05	1.2144e-09	-10.0	-2.5
12.5	1.8107e-05	1.1752e-09	-10.0	-2.5
13.0	1.811e-05	1.1672e-09	-10.0	-2.5
13.5	1.8111e-05	1.163e-09	-10.0	-2.5
14.0	1.8111e-05	1.1601e-09	-10.0	-2.5
14.5	1.8113e-05	1.1565e-09	-10.0	-2.5
15.0	1.8113e-05	1.1583e-09	-10.0	-2.5
15.5	1.8116e-05	1.1519e-09	-10.0	-2.5
16.0	1.8116e-05	1.1602e-09	-10.0	-2.5
16.5	1.8117e-05	1.1447e-09	-10.0	-2.5
17.0	1.8114e-05	1.1395e-09	-10.0	-2.5
17.5	1.8115e-05	1.1443e-09	-10.0	-2.5
18.0	1.8118e-05	1.0853e-09	-10.0	-2.5
18.5	1.8118e-05	1.1384e-09	-10.0	-2.5
19.0	1.8122e-05	1.1376e-09	-10.0	-2.5
19.5	1.8122e-05	1.1202e-09	-10.0	-2.5
20.0	1.8121e-05	1.1413e-09	-10.0	-2.5
20.5	1.8123e-05	1.0615e-09	-10.0	-2.5
21.0	1.8125e-05	1.0728e-09	-10.0	-2.5
21.5	1.8127e-05	1.0759e-09	-10.0	-2.5
22.0	1.8127e-05	1.0605e-09	-10.0	-2.5
22.5	1.8129e-05	1.0582e-09	-10.0	-2.5
23.0	1.813e-05	1.0983e-09	-10.0	-2.5
23.5	1.8131e-05	1.1163e-09	-10.0	-2.5
24.0	1.8133e-05	1.1033e-09	-10.0	-2.5
24.5	1.8135e-05	1.1311e-09	-10.0	-2.5
25.0	1.8133e-05	1.0544e-09	-10.0	-2.5
25.5	1.8132e-05	1.0641e-09	-10.0	-2.5
26.0	1.8133e-05	1.0588e-09	-10.0	-2.5
26.5	1.8135e-05	1.0653e-09	-10.0	-2.5
27.0	1.8135e-05	1.0419e-09	-10.0	-2.5
27.5	1.8136e-05	1.0342e-09	-10.0	-2.5
28.0	1.8138e-05	1.047e-09	-10.0	-2.5
28.5	1.8138e-05	1.0336e-09	-10.0	-2.5
29.0	1.814e-05	1.0398e-09	-10.0	-2.5
29.5	1.814e-05	1.0527e-09	-10.0	-2.5
30.0	1.8143e-05	1.0269e-09	-10.0	-2.5
30.5	1.8144e-05	1.0275e-09	-10.0	-2.5
31.0	1.8145e-05	1.0372e-09	-10.0	-2.5
31.5	1.8146e-05	1.0276e-09	-10.0	-2.5
32.0	1.8148e-05	1.0432e-09	-10.0	-2.5
32.5	1.815e-05	1.0347e-09	-10.0	-2.5
33.0	1.8151e-05	1.032e-09	-10.0	-2.5
33.5	1.8149e-05	1.0314e-09	-10.0	-2.5
34.0	1.815e-05	1.0362e-09	-10.0	-2.5
34.5	1.8152e-05	1.0452e-09	-10.0	-2.5
35.0	1.8154e-05	1.0308e-09	-10.0	-2.5
35.5	1.8152e-05	1.0272e-09	-10.0	-2.5
36.0	1.8154e-05	1.04e-09	-10.0	-2.5
36.5	1.8154e-05	1.0396e-09	-10.0	-2.5
37.0	1.8157e-05	1.04e-09	-10.0	-2.5
37.5	1.8156e-05	1.0425e-09	-10.0	-2.5
38.0	1.8157e-05	1.0385e-09	-10.0	-2.5
38.5	1.8159e-05	1.063e-09	-10.0	-2.5
39.0	1.816e-05	1.0316e-09	-10.0	-2.5
39.5	1.8163e-05	1.0559e-09	-10.0	-2.5
40.0	1.8164e-05	1.035e-09	-10.0	-2.5
40.5	1.8163e-05	1.0349e-09	-10.0	-2.5
41.0	1.8166e-05	1.0273e-09	-10.0	-2.5
41.5	1.8168e-05	1.0372e-09	-10.0	-2.5
42.0	1.8171e-05	1.0296e-09	-10.0	-2.5
42.5	1.817e-05	1.0306e-09	-10.0	-2.5
43.0	1.8169e-05	1.0321e-09	-10.0	-2.5
43.5	1.8172e-05	1.0251e-09	-10.0	-2.5
44.0	1.8173e-05	1.0231e-09	-10.0	-2.5
44.5	1.8173e-05	1.027e-09	-10.0	-2.5
45.0	1.8174e-05	1.0256e-09	-10.0	-2.5
45.5	1.8177e-05	1.0267e-09	-10.0	-2.5
46.0	1.8179e-05	1.0384e-09	-10.0	-2.5
46.5	1.8178e-05	1.0299e-09	-10.0	-2.5
47.0	1.8178e-05	1.0305e-09	-10.0	-2.5
47.5	1.8178e-05	1.0244e-09	-10.0	-2.5
48.0	1.818e-05	1.0366e-09	-10.0	-2.5
48.5	1.818e-05	1.0261e-09	-10.0	-2.5
49.0	1.8182e-05	1.0271e-09	-10.0	-2.5
49.5	1.8185e-05	1.0317e-09	-10.0	-2.5
50.0	1.8185e-05	1.0263e-09	-10.0	-2.5
50.5	1.8186e-05	1.0381e-09	-10.0	-2.5
51.0	1.8186e-05	1.0438e-09	-10.0	-2.5
51.5	1.8186e-05	1.0371e-09	-10.0	-2.5
52.0	1.8187e-05	1.0346e-09	-10.0	-2.5
52.5	1.8187e-05	1.0334e-09	-10.0	-2.5
53.0	1.8189e-05	1.0118e-09	-10.0	-2.5
53.5	1.8191e-05	1.0149e-09	-10.0	-2.5
54.0	1.8192e-05	1.0172e-09	-10.0	-2.5
54.5	1.8191e-05	1.0165e-09	-10.0	-2.5
55.0	1.8194e-05	1.0205e-09	-10.0	-2.5
55.5	1.8196e-05	1.0255e-09	-10.0	-2.5
56.0	1.8197e-05	1.0175e-09	-10.0	-2.5
56.5	1.8196e-05	1.0163e-09	-10.0	-2.5
57.0	1.8197e-05	1.015e-09	-10.0	-2.5
57.5	1.8199e-05	1.022e-09	-10.0	-2.5
58.0	1.82e-05	1.0177e-09	-10.0	-2.5
58.5	1.82e-05	1.0245e-09	-10.0	-2.5
59.0	1.8199e-05	1.0153e-09	-10.0	-2.5
59.5	1.8201e-05	1.0141e-09	-10.0	-2.5
60.0	1.82e-05	1.0028e-09	-10.0	-2.5
60.5	1.8202e-05	1.0203e-09	-10.0	-2.5
61.0	1.8202e-05	1.0217e-09	-10.0	-2.5
61.5	1.8204e-05	1.0299e-09	-10.0	-2.5
62.0	1.8203e-05	1.0398e-09	-10.0	-2.5
62.5	1.8209e-05	1.0165e-09	-10.0	-2.5
63.0	1.821e-05	1.0202e-09	-10.0	-2.5
63.5	1.8209e-05	1.0193e-09	-10.0	-2.5
64.0	1.8212e-05	1.0296e-09	-10.0	-2.5
64.5	1.8212e-05	1.0143e-09	-10.0	-2.5
65.0	1.8212e-05	1.0074e-09	-10.0	-2.5
65.5	1.8213e-05	1.0007e-09	-10.0	-2.5
66.0	1.8213e-05	1.0008e-09	-10.0	-2.5
66.5	1.8212e-05	1.0006e-09	-10.0	-2.5
67.0	1.8215e-05	1.0019e-09	-10.0	-2.5
67.5	1.8215e-05	9.9837e-10	-10.0	-2.5
68.0	1.8217e-05	1.0056e-09	-10.0	-2.5
68.5	1.8217e-05	1.01e-09	-10.0	-2.5
69.0	1.8217e-05	1.0095e-09	-10.0	-2.5
69.5	1.8219e-05	1.0181e-09	-10.0	-2.5
70.0	1.8221e-05	1.0113e-09	-10.0	-2.5
70.5	1.822e-05	1.0196e-09	-10.0	-2.5
71.0	1.8224e-05	1.02e-09	-10.0	-2.5
71.5	1.8222e-05	1.0166e-09	-10.0	-2.5
72.0	1.8223e-05	1.0092e-09	-10.0	-2.5
72.5	1.8226e-05	1.01e-09	-10.0	-2.5
73.0	1.8226e-05	1.0061e-09	-10.0	-2.5
73.5	1.8228e-05	1.0035e-09	-10.0	-2.5
74.0	1.8229e-05	1.0102e-09	-10.0	-2.5
74.5	1.8231e-05	1.0022e-09	-10.0	-2.5
75.0	1.8232e-05	9.9705e-10	-10.0	-2.5
75.5	1.8231e-05	9.985e-10	-10.0	-2.5
76.0	1.8231e-05	1.0137e-09	-10.0	-2.5
76.5	1.8234e-05	1.0199e-09	-10.0	-2.5
77.0	1.8235e-05	1.0015e-09	-10.0	-2.5
77.5	1.8237e-05	1.0027e-09	-10.0	-2.5
78.0	1.8236e-05	9.9461e-10	-10.0	-2.5
78.5	1.8238e-05	9.9678e-10	-10.0	-2.5
79.0	1.824e-05	9.9905e-10	-10.0	-2.5
79.5	1.824e-05	1.0271e-09	-10.0	-2.5
80.0	1.824e-05	1.0021e-09	-10.0	-2.5
80.5	1.824e-05	9.9875e-10	-10.0	-2.5
81.0	1.8242e-05	9.9256e-10	-10.0	-2.5
81.5	1.8242e-05	1.0114e-09	-10.0	-2.5
82.0	1.8244e-05	9.9836e-10	-10.0	-2.5
82.5	1.8245e-05	9.9464e-10	-10.0	-2.5
83.0	1.8243e-05	9.9633e-10	-10.0	-2.5
83.5	1.8246e-05	9.9197e-10	-10.0	-2.5
84.0	1.8245e-05	9.9718e-10	-10.0	-2.5
84.5	1.8243e-05	1.0025e-09	-10.0	-2.5
85.0	1.8243e-05	1.0507e-09	-10.0	-2.5
85.5	1.8246e-05	9.9258e-10	-10.0	-2.5
86.0	1.8247e-05	9.9827e-10	-10.0	-2.5
86.5	1.8247e-05	9.9705e-10	-10.0	-2.5
87.0	1.8248e-05	9.9699e-10	-10.0	-2.5
87.5	1.825e-05	9.9241e-10	-10.0	-2.5
88.0	1.8251e-05	1.0121e-09	-10.0	-2.5
88.5	1.8251e-05	9.9073e-10	-10.0	-2.5
89.0	1.8251e-05	9.8973e-10	-10.0	-2.5
89.5	1.8252e-05	9.8553e-10	-10.0	-2.5
90.0	1.8254e-05	9.9414e-10	-10.0	-2.5
90.5	1.8255e-05	9.9417e-10	-10.0	-2.5
91.0	1.8258e-05	9.9285e-10	-10.0	-2.5
91.5	1.8256e-05	1.0004e-09	-10.0	-2.5
92.0	1.8257e-05	9.9981e-10	-10.0	-2.5
92.5	1.8261e-05	1.0007e-09	-10.0	-2.5
93.0	1.8259e-05	1.008e-09	-10.0	-2.5
93.5	1.8262e-05	9.9952e-10	-10.0	-2.5
94.0	1.8265e-05	9.9237e-10	-10.0	-2.5
94.5	1.8263e-05	9.9568e-10	-10.0	-2.5
95.0	1.8262e-05	9.9597e-10	-10.0	-2.5
95.5	1.8264e-05	1.004e-09	-10.0	-2.5
96.0	1.8265e-05	1.0205e-09	-10.0	-2.5
96.5	1.8264e-05	1.0095e-09	-10.0	-2.5
97.0	1.8266e-05	1.0069e-09	-10.0	-2.5
97.5	1.8264e-05	1.0213e-09	-10.0	-2.5
98.0	1.8264e-05	1.0118e-09	-10.0	-2.5
98.5	1.8265e-05	1.0038e-09	-10.0	-2.5
99.0	1.8265e-05	1.0151e-09	-10.0	-2.5
99.5	1.8269e-05	1.0077e-09	-10.0	-2.5
100.0	1.8269e-05	1.0032e-09	-10.0	-2.5
100.5	1.8268e-05	9.9894e-10	-10.0	-2.5
101.0	1.8269e-05	1.01e-09	-10.0	-2.5
101.5	1.8272e-05	1.0101e-09	-10.0	-2.5
102.0	1.8272e-05	1.0064e-09	-10.0	-2.5
102.5	1.8276e-05	1.0002e-09	-10.0	-2.5
103.0	1.8273e-05	1.0003e-09	-10.0	-2.5
103.5	1.8274e-05	1.0012e-09	-10.0	-2.5
104.0	1.8275e-05	9.9953e-10	-10.0	-2.5
104.5	1.8276e-05	9.9902e-10	-10.0	-2.5
105.0	1.8276e-05	9.9674e-10	-10.0	-2.5
105.5	1.8277e-05	1.0028e-09	-10.0	-2.5
106.0	1.8279e-05	9.9394e-10	-10.0	-2.5
106.5	1.8281e-05	9.9614e-10	-10.0	-2.5
107.0	1.8281e-05	9.9478e-10	-10.0	-2.5
107.5	1.828e-05	9.9435e-10	-10.0	-2.5
108.0	1.8282e-05	9.9252e-10	-10.0	-2.5
108.5	1.8283e-05	9.9187e-10	-10.0	-2.5
109.0	1.8283e-05	9.9276e-10	-10.0	-2.5
109.5	1.8284e-05	9.8437e-10	-10.0	-2.5
110.0	1.8284e-05	9.7893e-10	-10.0	-2.5
110.5	1.8284e-05	9.8712e-10	-10.0	-2.5
111.0	1.8284e-05	9.8151e-10	-10.0	-2.5
111.5	1.8284e-05	9.8555e-10	-10.0	-2.5
112.0	1.8285e-05	9.8483e-10	-10.0	-2.5
112.5	1.8287e-05	9.8845e-10	-10.0	-2.5
113.0	1.8288e-05	9.8913e-10	-10.0	-2.5
113.5	1.8288e-05	9.8411e-10	-10.0	-2.5
114.0	1.8288e-05	9.8514e-10	-10.0	-2.5
114.5	1.8288e-05	9.8004e-10	-10.0	-2.5
115.0	1.8289e-05	9.7838e-10	-10.0	-2.5
115.5	1.8292e-05	9.8755e-10	-10.0	-2.5
116.0	1.8293e-05	9.9662e-10	-10.0	-2.5
116.5	1.8292e-05	9.8364e-10	-10.0	-2.5
117.0	1.8293e-05	9.8534e-10	-10.0	-2.5
117.5	1.8294e-05	9.8869e-10	-10.0	-2.5
118.0	1.8294e-05	9.842e-10	-10.0	-2.5
118.5	1.8295e-05	9.8844e-10	-10.0	-2.5
119.0	1.8294e-05	9.9493e-10	-10.0	-2.5
119.5	1.8292e-05	9.9234e-10	-10.0	-2.5
120.0	1.8299e-05	1.0903e-09	-10.0	-2.5
120.5	1.83e-05	1.0962e-09	-10.0	-2.5
121.0	1.8302e-05	1.0952e-09	-10.0	-2.5
121.5	1.8304e-05	1.097e-09	-10.0	-2.5
122.0	1.8304e-05	1.0957e-09	-10.0	-2.5
122.5	1.8304e-05	1.0932e-09	-10.0	-2.5
123.0	1.8305e-05	1.0972e-09	-10.0	-2.5
123.5	1.8306e-05	1.0959e-09	-10.0	-2.5
124.0	1.8309e-05	1.0937e-09	-10.0	-2.5
124.5	1.831e-05	1.0938e-09	-10.0	-2.5
125.0	1.8312e-05	1.0948e-09	-10.0	-2.5
125.5	1.8309e-05	1.0929e-09	-10.0	-2.5
126.0	1.8311e-05	1.0961e-09	-10.0	-2.5
126.5	1.8313e-05	1.0866e-09	-10.0	-2.5
127.0	1.8315e-05	1.089e-09	-10.0	-2.5
127.5	1.8314e-05	1.0903e-09	-10.0	-2.5
128.0	1.8313e-05	1.0964e-09	-10.0	-2.5
128.5	1.8314e-05	1.0954e-09	-10.0	-2.5
129.0	1.8315e-05	1.0882e-09	-10.0	-2.5
129.5	1.8318e-05	1.0969e-09	-10.0	-2.5
130.0	1.8317e-05	1.0903e-09	-10.0	-2.5
130.5	1.8319e-05	1.0822e-09	-10.0	-2.5
131.0	1.8319e-05	1.0873e-09	-10.0	-2.5
131.5	1.8321e-05	1.0884e-09	-10.0	-2.5
132.0	1.832e-05	1.0827e-09	-10.0	-2.5
132.5	1.832e-05	1.0845e-09	-10.0	-2.5
133.0	1.8322e-05	1.083e-09	-10.0	-2.5
133.5	1.832e-05	1.0848e-09	-10.0	-2.5
134.0	1.8323e-05	1.0871e-09	-10.0	-2.5
134.5	1.8323e-05	1.0772e-09	-10.0	-2.5
135.0	1.8322e-05	1.079e-09	-10.0	-2.5
135.5	1.8324e-05	1.0921e-09	-10.0	-2.5
136.0	1.8325e-05	1.0919e-09	-10.0	-2.5
136.5	1.8326e-05	1.0687e-09	-10.0	-2.5
137.0	1.8327e-05	1.0692e-09	-10.0	-2.5
137.5	1.8326e-05	1.0704e-09	-10.0	-2.5
138.0	1.8328e-05	1.0689e-09	-10.0	-2.5
138.5	1.8328e-05	1.0737e-09	-10.0	-2.5
139.0	1.8329e-05	1.0713e-09	-10.0	-2.5
139.5	1.8331e-05	1.0794e-09	-10.0	-2.5
140.0	1.8332e-05	1.0785e-09	-10.0	-2.5
140.5	1.8335e-05	1.0663e-09	-10.0	-2.5
141.0	1.8333e-05	1.073e-09	-10.0	-2.5
141.5	1.8332e-05	1.0621e-09	-10.0	-2.5
142.0	1.8335e-05	1.0611e-09	-10.0	-2.5
142.5	1.8335e-05	1.0554e-09	-10.0	-2.5
143.0	1.8336e-05	1.0585e-09	-10.0	-2.5
143.5	1.8335e-05	1.0645e-09	-10.0	-2.5
144.0	1.8338e-05	1.0776e-09	-10.0	-2.5
144.5	1.8337e-05	1.0729e-09	-10.0	-2.5
145.0	1.8336e-05	1.0732e-09	-10.0	-2.5
145.5	1.8336e-05	1.0551e-09	-10.0	-2.5
146.0	1.8336e-05	1.06e-09	-10.0	-2.5
146.5	1.8336e-05	1.0564e-09	-10.0	-2.5
147.0	1.8336e-05	1.0635e-09	-10.0	-2.5
147.5	1.8338e-05	1.0605e-09	-10.0	-2.5
148.0	1.8338e-05	1.0523e-09	-10.0	-2.5
148.5	1.8338e-05	1.0504e-09	-10.0	-2.5
149.0	1.8339e-05	1.0489e-09	-10.0	-2.5
149.5	1.8337e-05	1.0593e-09	-10.0	-2.5
150.0	1.8337e-05	1.062e-09	-10.0	-2.5
150.5	1.8336e-05	1.0645e-09	-10.0	-2.5
151.0	1.8337e-05	1.0535e-09	-10.0	-2.5
151.5	1.8338e-05	1.052e-09	-10.0	-2.5
152.0	1.8339e-05	1.0488e-09	-10.0	-2.5
152.5	1.834e-05	1.047e-09	-10.0	-2.5
153.0	1.8339e-05	1.0488e-09	-10.0	-2.5
153.5	1.8339e-05	1.0499e-09	-10.0	-2.5
154.0	1.834e-05	1.0492e-09	-10.0	-2.5
154.5	1.8342e-05	1.0453e-09	-10.0	-2.5
155.0	1.834e-05	1.0418e-09	-10.0	-2.5
155.5	1.8338e-05	1.041e-09	-10.0	-2.5
156.0	1.8338e-05	1.0409e-09	-10.0	-2.5
156.5	1.8341e-05	1.0407e-09	-10.0	-2.5
157.0	1.8337e-05	1.0438e-09	-10.0	-2.5
157.5	1.8339e-05	1.0439e-09	-10.0	-2.5
158.0	1.8341e-05	1.038e-09	-10.0	-2.5
158.5	1.834e-05	1.0398e-09	-10.0	-2.5
159.0	1.8341e-05	1.048e-09	-10.0	-2.5
159.5	1.8341e-05	1.0392e-09	-10.0	-2.5
160.0	1.834e-05	1.0452e-09	-10.0	-2.5
160.5	1.8341e-05	1.0372e-09	-10.0	-2.5
161.0	1.8339e-05	1.0332e-09	-10.0	-2.5
161.5	1.8338e-05	1.0376e-09	-10.0	-2.5
162.0	1.834e-05	1.0406e-09	-10.0	-2.5
162.5	1.8342e-05	1.0371e-09	-10.0	-2.5
163.0	1.8341e-05	1.0376e-09	-10.0	-2.5
163.5	1.8341e-05	1.0452e-09	-10.0	-2.5
164.0	1.834e-05	1.0295e-09	-10.0	-2.5
164.5	1.834e-05	1.0394e-09	-10.0	-2.5
165.0	1.8341e-05	1.0431e-09	-10.0	-2.5
165.5	1.834e-05	1.0396e-09	-10.0	-2.5
166.0	1.8338e-05	1.0342e-09	-10.0	-2.5
166.5	1.8339e-05	1.0381e-09	-10.0	-2.5
167.0	1.8339e-05	1.0463e-09	-10.0	-2.5
167.5	1.834e-05	1.041e-09	-10.0	-2.5
168.0	1.8339e-05	1.0372e-09	-10.0	-2.5
168.5	1.8338e-05	1.0345e-09	-10.0	-2.5
169.0	1.834e-05	1.0352e-09	-10.0	-2.5
169.5	1.834e-05	1.0356e-09	-10.0	-2.5
170.0	1.8341e-05	1.0301e-09	-10.0	-2.5
170.5	1.8342e-05	1.0317e-09	-10.0	-2.5
171.0	1.8344e-05	1.0394e-09	-10.0	-2.5
171.5	1.8344e-05	1.0407e-09	-10.0	-2.5
172.0	1.8341e-05	1.0307e-09	-10.0	-2.5
172.5	1.8342e-05	1.0318e-09	-10.0	-2.5
173.0	1.8342e-05	1.0516e-09	-10.0	-2.5
173.5	1.8343e-05	1.0303e-09	-10.0	-2.5
174.0	1.8341e-05	1.0302e-09	-10.0	-2.5
174.5	1.8341e-05	1.0339e-09	-10.0	-2.5
175.0	1.8342e-05	1.0267e-09	-10.0	-2.5
175.5	1.8343e-05	1.0238e-09	-10.0	-2.5
176.0	1.8343e-05	1.046e-09	-10.0	-2.5
176.5	1.8343e-05	1.0299e-09	-10.0	-2.5
177.0	1.8343e-05	1.039e-09	-10.0	-2.5
177.5	1.8342e-05	1.0243e-09	-10.0	-2.5
178.0	1.8342e-05	1.0175e-09	-10.0	-2.5
178.5	1.8343e-05	1.0201e-09	-10.0	-2.5
179.0	1.8345e-05	1.0208e-09	-10.0	-2.5
179.5	1.834e-05	1.0342e-09	-10.0	-2.5
180.0	1.8344e-05	9.1315e-10	-10.0	-2.5
180.5	1.8342e-05	9.0636e-10	-10.0	-2.5
181.0	1.8341e-05	9.1406e-10	-10.0	-2.5
181.5	1.8341e-05	9.06e-10	-10.0	-2.5
182.0	1.8339e-05	9.0688e-10	-10.0	-2.5
182.5	1.834e-05	9.0305e-10	-10.0	-2.5
183.0	1.8342e-05	9.0752e-10	-10.0	-2.5
183.5	1.834e-05	9.0753e-10	-10.0	-2.5
184.0	1.834e-05	9.0483e-10	-10.0	-2.5
184.5	1.8341e-05	9.0363e-10	-10.0	-2.5
185.0	1.8339e-05	9.0044e-10	-10.0	-2.5
185.5	1.8339e-05	9.0628e-10	-10.0	-2.5
186.0	1.8339e-05	9.054e-10	-10.0	-2.5
186.5	1.8337e-05	8.9463e-10	-10.0	-2.5
187.0	1.8339e-05	8.9135e-10	-10.0	-2.5
187.5	1.8338e-05	8.885e-10	-10.0	-2.5
188.0	1.834e-05	8.8656e-10	-10.0	-2.5
188.5	1.8339e-05	8.9922e-10	-10.0	-2.5
189.0	1.8339e-05	8.914e-10	-10.0	-2.5
189.5	1.8341e-05	8.9056e-10	-10.0	-2.5
190.0	1.834e-05	8.9125e-10	-10.0	-2.5
190.5	1.8341e-05	8.9262e-10	-10.0	-2.5
191.0	1.834e-05	8.945e-10	-10.0	-2.5
191.5	1.8341e-05	8.8975e-10	-10.0	-2.5
192.0	1.8341e-05	8.8881e-10	-10.0	-2.5
192.5	1.8342e-05	8.9685e-10	-10.0	-2.5
193.0	1.8343e-05	8.9098e-10	-10.0	-2.5
193.5	1.8343e-05	8.901e-10	-10.0	-2.5
194.0	1.8342e-05	8.9323e-10	-10.0	-2.5
194.5	1.8341e-05	8.9683e-10	-10.0	-2.5
195.0	1.8343e-05	9.0861e-10	-10.0	-2.5
195.5	1.8343e-05	8.9879e-10	-10.0	-2.5
196.0	1.8344e-05	8.9063e-10	-10.0	-2.5
196.5	1.8344e-05	9.0141e-10	-10.0	-2.5
197.0	1.8346e-05	8.9282e-10	-10.0	-2.5
197.5	1.8347e-05	8.8892e-10	-10.0	-2.5
198.0	1.8347e-05	8.9446e-10	-10.0	-2.5
198.5	1.8348e-05	8.8937e-10	-10.0	-2.5
199.0	1.835e-05	8.894e-10	-10.0	-2.5
199.5	1.835e-05	8.9351e-10	-10.0	-2.5
200.0	1.8352e-05	9.1556e-10	-10.0	-2.5
200.5	1.8351e-05	8.9212e-10	-10.0	-2.5
201.0	1.8351e-05	8.9089e-10	-10.0	-2.5
201.5	1.8353e-05	8.8969e-10	-10.0	-2.5
202.0	1.8352e-05	8.8808e-10	-10.0	-2.5
202.5	1.8352e-05	8.9189e-10	-10.0	-2.5
203.0	1.8353e-05	8.9144e-10	-10.0	-2.5
203.5	1.8353e-05	9.169e-10	-10.0	-2.5
204.0	1.8353e-05	9.2334e-10	-10.0	-2.5
204.5	1.8354e-05	8.921e-10	-10.0	-2.5
205.0	1.8355e-05	9.1127e-10	-10.0	-2.5
205.5	1.8356e-05	8.907e-10	-10.0	-2.5
206.0	1.8355e-05	8.9044e-10	-10.0	-2.5
206.5	1.8357e-05	8.8736e-10	-10.0	-2.5
207.0	1.8358e-05	8.9603e-10	-10.0	-2.5
207.5	1.8357e-05	8.878e-10	-10.0	-2.5
208.0	1.8358e-05	8.9235e-10	-10.0	-2.5
208.5	1.8358e-05	8.9321e-10	-10.0	-2.5
209.0	1.8359e-05	9.0038e-10	-10.0	-2.5
209.5	1.8359e-05	8.9804e-10	-10.0	-2.5
210.0	1.8358e-05	8.9689e-10	-10.0	-2.5
210.5	1.836e-05	8.9674e-10	-10.0	-2.5
211.0	1.8359e-05	8.9723e-10	-10.0	-2.5
211.5	1.8358e-05	8.9308e-10	-10.0	-2.5
212.0	1.8361e-05	8.9406e-10	-10.0	-2.5
212.5	1.8363e-05	8.9623e-10	-10.0	-2.5
213.0	1.8362e-05	8.9774e-10	-10.0	-2.5
213.5	1.8361e-05	9.0256e-10	-10.0	-2.5
214.0	1.8362e-05	8.9806e-10	-10.0	-2.5
214.5	1.8365e-05	8.9544e-10	-10.0	-2.5
215.0	1.8365e-05	8.9932e-10	-10.0	-2.5
215.5	1.8366e-05	8.985e-10	-10.0	-2.5
216.0	1.8367e-05	8.9947e-10	-10.0	-2.5
216.5	1.8365e-05	8.9842e-10	-10.0	-2.5
217.0	1.8367e-05	8.9825e-10	-10.0	-2.5
217.5	1.8368e-05	8.9405e-10	-10.0	-2.5
218.0	1.8368e-05	8.9907e-10	-10.0	-2.5
218.5	1.8369e-05	8.9711e-10	-10.0	-2.5
219.0	1.8369e-05	9.0274e-10	-10.0	-2.5
219.5	1.8371e-05	9.013e-10	-10.0	-2.5
220.0	1.8372e-05	9.0046e-10	-10.0	-2.5
220.5	1.8373e-05	9.0775e-10	-10.0	-2.5
221.0	1.8373e-05	8.98e-10	-10.0	-2.5
221.5	1.8373e-05	8.976e-10	-10.0	-2.5
222.0	1.8379e-05	8.9523e-10	-10.0	-2.5
222.5	1.838e-05	8.9887e-10	-10.0	-2.5
223.0	1.8377e-05	8.9366e-10	-10.0	-2.5
223.5	1.8376e-05	9.0349e-10	-10.0	-2.5
224.0	1.8377e-05	8.9473e-10	-10.0	-2.5
224.5	1.8379e-05	8.9696e-10	-10.0	-2.5
225.0	1.838e-05	9.0398e-10	-10.0	-2.5
225.5	1.838e-05	9.0319e-10	-10.0	-2.5
226.0	1.8381e-05	8.9956e-10	-10.0	-2.5
226.5	1.838e-05	8.9971e-10	-10.0	-2.5
227.0	1.838e-05	8.9623e-10	-10.0	-2.5
227.5	1.8383e-05	8.9414e-10	-10.0	-2.5
228.0	1.8384e-05	8.988e-10	-10.0	-2.5
228.5	1.8385e-05	9.0561e-10	-10.0	-2.5
229.0	1.8384e-05	8.9649e-10	-10.0	-2.5
229.5	1.8386e-05	9.0352e-10	-10.0	-2.5
230.0	1.8387e-05	8.9636e-10	-10.0	-2.5
230.5	1.8389e-05	9.0892e-10	-10.0	-2.5
231.0	1.839e-05	9.0278e-10	-10.0	-2.5
231.5	1.8391e-05	9.0049e-10	-10.0	-2.5
232.0	1.8392e-05	9.0221e-10	-10.0	-2.5
232.5	1.8392e-05	9.0368e-10	-10.0	-2.5
233.0	1.8391e-05	9.0054e-10	-10.0	-2.5
233.5	1.8391e-05	9.0374e-10	-10.0	-2.5
234.0	1.8393e-05	8.9909e-10	-10.0	-2.5
234.5	1.8393e-05	9.0424e-10	-10.0	-2.5
235.0	1.8394e-05	8.9728e-10	-10.0	-2.5
235.5	1.8392e-05	9.034e-10	-10.0	-2.5
236.0	1.8394e-05	8.9863e-10	-10.0	-2.5
236.5	1.8394e-05	9.0142e-10	-10.0	-2.5
237.0	1.8396e-05	9.1068e-10	-10.0	-2.5
237.5	1.8397e-05	9.1048e-10	-10.0	-2.5
238.0	1.8398e-05	9.0513e-10	-10.0	-2.5
238.5	1.84e-05	9.136e-10	-10.0	-2.5
239.0	1.84e-05	9.0576e-10	-10.0	-2.5
239.5	1.8397e-05	9.0856e-10	-10.0	-2.5
240.0	1.84e-05	1.0102e-09	-10.0	-2.5
240.5	1.8402e-05	1.0037e-09	-10.0	-2.5
241.0	1.8402e-05	1.0048e-09	-10.0	-2.5
241.5	1.8405e-05	1.0005e-09	-10.0	-2.5
242.0	1.8407e-05	1.0044e-09	-10.0	-2.5
242.5	1.8409e-05	9.9991e-10	-10.0	-2.5
243.0	1.8409e-05	1.004e-09	-10.0	-2.5
243.5	1.841e-05	1.0034e-09	-10.0	-2.5
244.0	1.8411e-05	1.0004e-09	-10.0	-2.5
244.5	1.8413e-05	9.9671e-10	-10.0	-2.5
245.0	1.8411e-05	9.8946e-10	-10.0	-2.5
245.5	1.8414e-05	9.9208e-10	-10.0	-2.5
246.0	1.8416e-05	9.9706e-10	-10.0	-2.5
246.5	1.8416e-05	9.9255e-10	-10.0	-2.5
247.0	1.8416e-05	9.8869e-10	-10.0	-2.5
247.5	1.8416e-05	9.8559e-10	-10.0	-2.5
248.0	1.8416e-05	9.8737e-10	-10.0	-2.5
248.5	1.8416e-05	9.892e-10	-10.0	-2.5
249.0	1.8417e-05	9.8971e-10	-10.0	-2.5
249.5	1.8416e-05	9.9369e-10	-10.0	-2.5
250.0	1.8417e-05	9.8818e-10	-10.0	-2.5
250.5	1.8416e-05	9.838e-10	-10.0	-2.5
251.0	1.8417e-05	9.9458e-10	-10.0	-2.5
251.5	1.8418e-05	9.833e-10	-10.0	-2.5
252.0	1.8417e-05	9.81e-10	-10.0	-2.5
252.5	1.8418e-05	9.8011e-10	-10.0	-2.5
253.0	1.842e-05	9.8361e-10	-10.0	-2.5
253.5	1.8422e-05	9.8124e-10	-10.0	-2.5
254.0	1.8422e-05	9.8337e-10	-10.0	-2.5
254.5	1.8421e-05	9.8809e-10	-10.0	-2.5
255.0	1.8419e-05	9.8876e-10	-10.0	-2.5
255.5	1.8421e-05	9.8513e-10	-10.0	-2.5
256.0	1.8421e-05	9.8647e-10	-10.0	-2.5
256.5	1.8418e-05	9.8657e-10	-10.0	-2.5
257.0	1.8421e-05	9.823e-10	-10.0	-2.5
257.5	1.842e-05	9.8214e-10	-10.0	-2.5
258.0	1.842e-05	9.8062e-10	-10.0	-2.5
258.5	1.8421e-05	9.8377e-10	-10.0	-2.5
259.0	1.8419e-05	1.0681e-09	-10.0	-2.5
259.5	1.8419e-05	9.8541e-10	-10.0	-2.5
260.0	1.842e-05	9.8635e-10	-10.0	-2.5
260.5	1.842e-05	9.8859e-10	-10.0	-2.5
261.0	1.842e-05	9.755e-10	-10.0	-2.5
261.5	1.8417e-05	9.7673e-10	-10.0	-2.5
262.0	1.8417e-05	9.7838e-10	-10.0	-2.5
262.5	1.8417e-05	9.7434e-10	-10.0	-2.5
263.0	1.842e-05	9.755e-10	-10.0	-2.5
263.5	1.8419e-05	9.7775e-10	-10.0	-2.5
264.0	1.8418e-05	9.826e-10	-10.0	-2.5
264.5	1.8421e-05	9.782e-10	-10.0	-2.5
265.0	1.8419e-05	9.7357e-10	-10.0	-2.5
265.5	1.8418e-05	9.7019e-10	-10.0	-2.5
266.0	1.8416e-05	9.7028e-10	-10.0	-2.5
266.5	1.8417e-05	9.713e-10	-10.0	-2.5
267.0	1.8419e-05	9.7118e-10	-10.0	-2.5
267.5	1.8417e-05	9.7542e-10	-10.0	-2.5
268.0	1.842e-05	9.6414e-10	-10.0	-2.5
268.5	1.8419e-05	9.6622e-10	-10.0	-2.5
269.0	1.8419e-05	1.004e-09	-10.0	-2.5
269.5	1.8419e-05	1.0198e-09	-10.0	-2.5
270.0	1.8418e-05	9.5911e-10	-10.0	-2.5
270.5	1.8418e-05	9.655e-10	-10.0	-2.5
271.0	1.8418e-05	9.7745e-10	-10.0	-2.5
271.5	1.8417e-05	9.9218e-10	-10.0	-2.5
272.0	1.8415e-05	9.6604e-10	-10.0	-2.5
272.5	1.8414e-05	9.6347e-10	-10.0	-2.5
273.0	1.8415e-05	9.7588e-10	-10.0	-2.5
273.5	1.8415e-05	9.6591e-10	-10.0	-2.5
274.0	1.8413e-05	9.6994e-10	-10.0	-2.5
274.5	1.8413e-05	9.7034e-10	-10.0	-2.5
275.0	1.8414e-05	9.6913e-10	-10.0	-2.5
275.5	1.8416e-05	1.0049e-09	-10.0	-2.5
276.0	1.8416e-05	9.734e-10	-10.0	-2.5
276.5	1.8416e-05	9.6078e-10	-10.0	-2.5
277.0	1.8415e-05	9.8933e-10	-10.0	-2.5
277.5	1.8417e-05	9.6773e-10	-10.0	-2.5
278.0	1.8416e-05	9.5666e-10	-10.0	-2.5
278.5	1.8416e-05	9.6545e-10	-10.0	-2.5
279.0	1.8416e-05	9.8008e-10	-10.0	-2.5
279.5	1.8415e-05	9.7507e-10	-10.0	-2.5
280.0	1.8412e-05	9.5776e-10	-10.0	-2.5
280.5	1.8411e-05	9.6025e-10	-10.0	-2.5
281.0	1.8411e-05	9.629e-10	-10.0	-2.5
281.5	1.841e-05	9.7028e-10	-10.0	-2.5
282.0	1.8409e-05	9.5687e-10	-10.0	-2.5
282.5	1.841e-05	9.6729e-10	-10.0	-2.5
283.0	1.8409e-05	9.5948e-10	-10.0	-2.5
283.5	1.841e-05	9.6428e-10	-10.0	-2.5
284.0	1.841e-05	9.5947e-10	-10.0	-2.5
284.5	1.841e-05	9.7029e-10	-10.0	-2.5
285.0	1.8409e-05	9.5626e-10	-10.0	-2.5
285.5	1.8408e-05	9.6139e-10	-10.0	-2.5
286.0	1.8409e-05	9.6583e-10	-10.0	-2.5
286.5	1.8408e-05	9.539e-10	-10.0	-2.5
287.0	1.8408e-05	9.552e-10	-10.0	-2.5
287.5	1.8408e-05	9.5786e-10	-10.0	-2.5
288.0	1.8408e-05	9.5168e-10	-10.0	-2.5
288.5	1.8406e-05	9.8302e-10	-10.0	-2.5
289.0	1.8405e-05	9.9289e-10	-10.0	-2.5
289.5	1.8406e-05	9.9596e-10	-10.0	-2.5
290.0	1.8404e-05	9.5752e-10	-10.0	-2.5
290.5	1.8407e-05	9.5784e-10	-10.0	-2.5
291.0	1.8404e-05	9.4272e-10	-10.0	-2.5
291.5	1.8401e-05	9.4392e-10	-10.0	-2.5
292.0	1.8401e-05	9.5228e-10	-10.0	-2.5
292.5	1.8401e-05	9.4374e-10	-10.0	-2.5
293.0	1.8401e-05	9.4727e-10	-10.0	-2.5
293.5	1.8401e-05	9.4197e-10	-10.0	-2.5
294.0	1.8401e-05	9.444e-10	-10.0	-2.5
294.5	1.8401e-05	9.6006e-10	-10.0	-2.5
295.0	1.8399e-05	9.4933e-10	-10.0	-2.5
295.5	1.8399e-05	9.7256e-10	-10.0	-2.5
296.0	1.8399e-05	9.6022e-10	-10.0	-2.5
296.5	1.8399e-05	9.594e-10	-10.0	-2.5
297.0	1.8399e-05	9.489e-10	-10.0	-2.5
297.5	1.8398e-05	9.4849e-10	-10.0	-2.5
298.0	1.84e-05	9.8829e-10	-10.0	-2.5
298.5	1.84e-05	9.533e-10	-10.0	-2.5
299.0	1.8399e-05	9.6409e-10	-10.0	-2.5
299.5	1.8398e-05	9.6149e-10	-10.0	-2.5
300.0	1.8399e-05	8.8856e-10	-10.0	-2.5
300.5	1.8398e-05	8.9508e-10	-10.0	-2.5
301.0	1.8396e-05	8.8635e-10	-10.0	-2.5
301.5	1.8396e-05	8.8584e-10	-10.0	-2.5
302.0	1.8396e-05	8.4728e-10	-10.0	-2.5
302.5	1.8395e-05	8.5469e-10	-10.0	-2.5
303.0	1.8395e-05	8.5078e-10	-10.0	-2.5
304.0	1.8394e-05	8.4989e-10	-10.0	-2.5
304.5	1.8393e-05	8.4729e-10	-10.0	-2.5
305.0	1.8394e-05	8.5102e-10	-10.0	-2.5
305.5	1.8393e-05	8.5331e-10	-10.0	-2.5
306.0	1.8393e-05	8.401e-10	-10.0	-2.5
306.5	1.8394e-05	8.4188e-10	-10.0	-2.5
307.0	1.8393e-05	8.4397e-10	-10.0	-2.5
307.5	1.8391e-05	8.4383e-10	-10.0	-2.5
308.0	1.8391e-05	8.4484e-10	-10.0	-2.5
308.5	1.8391e-05	8.4267e-10	-10.0	-2.5
309.0	1.8391e-05	8.4594e-10	-10.0	-2.5
309.5	1.8391e-05	8.4497e-10	-10.0	-2.5
310.0	1.8391e-05	8.4019e-10	-10.0	-2.5
310.5	1.8392e-05	8.4247e-10	-10.0	-2.5
311.0	1.8392e-05	8.547e-10	-10.0	-2.5
311.5	1.8392e-05	8.4063e-10	-10.0	-2.5
312.0	1.8393e-05	8.4131e-10	-10.0	-2.5
312.5	1.8392e-05	8.6473e-10	-10.0	-2.5
313.0	1.8391e-05	8.4057e-10	-10.0	-2.5
313.5	1.8394e-05	8.3931e-10	-10.0	-2.5
314.0	1.8396e-05	8.4282e-10	-10.0	-2.5
314.5	1.8397e-05	8.4287e-10	-10.0	-2.5
315.0	1.84e-05	8.4966e-10	-10.0	-2.5
315.5	1.8397e-05	8.4658e-10	-10.0	-2.5
316.0	1.8399e-05	8.4348e-10	-10.0	-2.5
316.5	1.84e-05	8.369e-10	-10.0	-2.5
317.0	1.84e-05	8.3614e-10	-10.0	-2.5
317.5	1.84e-05	8.7456e-10	-10.0	-2.5
318.0	1.8401e-05	8.4519e-10	-10.0	-2.5
318.5	1.8402e-05	8.4142e-10	-10.0	-2.5
319.0	1.8401e-05	8.4412e-10	-10.0	-2.5
319.5	1.8401e-05	8.4416e-10	-10.0	-2.5
320.0	1.8402e-05	8.3969e-10	-10.0	-2.5
320.5	1.8402e-05	8.533e-10	-10.0	-2.5
321.0	1.8404e-05	8.3761e-10	-10.0	-2.5
321.5	1.8405e-05	8.4233e-10	-10.0	-2.5
322.0	1.8406e-05	8.3999e-10	-10.0	-2.5
322.5	1.8407e-05	8.4345e-10	-10.0	-2.5
323.0	1.8406e-05	8.4372e-10	-10.0	-2.5
323.5	1.8408e-05	8.4644e-10	-10.0	-2.5
324.0	1.8409e-05	8.3944e-10	-10.0	-2.5
324.5	1.8408e-05	8.4374e-10	-10.0	-2.5
325.0	1.8409e-05	8.4471e-10	-10.0	-2.5
325.5	1.8408e-05	8.3858e-10	-10.0	-2.5
326.0	1.841e-05	8.5639e-10	-10.0	-2.5
326.5	1.8409e-05	8.4502e-10	-10.0	-2.5
327.0	1.841e-05	8.4551e-10	-10.0	-2.5
327.5	1.8413e-05	9.4662e-10	-10.0	-2.5
328.0	1.8412e-05	9.5077e-10	-10.0	-2.5
328.5	1.8414e-05	8.8876e-10	-10.0	-2.5
329.0	1.8414e-05	8.7891e-10	-10.0	-2.5
329.5	1.8413e-05	8.507e-10	-10.0	-2.5
330.0	1.8414e-05	8.4315e-10	-10.0	-2.5
330.5	1.8413e-05	8.4486e-10	-10.0	-2.5
331.0	1.8413e-05	8.4864e-10	-10.0	-2.5
331.5	1.8414e-05	8.5188e-10	-10.0	-2.5
332.0	1.8414e-05	8.4934e-10	-10.0	-2.5
332.5	1.8415e-05	8.4635e-10	-10.0	-2.5
333.0	1.8416e-05	8.4734e-10	-10.0	-2.5
333.5	1.8415e-05	8.4823e-10	-10.0	-2.5
334.0	1.8416e-05	8.5175e-10	-10.0	-2.5
334.5	1.8417e-05	8.5465e-10	-10.0	-2.5
335.0	1.8418e-05	8.5071e-10	-10.0	-2.5
335.5	1.8419e-05	8.4642e-10	-10.0	-2.5
336.0	1.842e-05	8.5035e-10	-10.0	-2.5
336.5	1.8418e-05	8.5599e-10	-10.0	-2.5
337.0	1.8418e-05	8.5799e-10	-10.0	-2.5
337.5	1.8419e-05	8.5249e-10	-10.0	-2.5
338.0	1.842e-05	8.7213e-10	-10.0	-2.5
338.5	1.8419e-05	8.6211e-10	-10.0	-2.5
339.0	1.842e-05	8.5684e-10	-10.0	-2.5
339.5	1.8421e-05	8.5167e-10	-10.0	-2.5
340.0	1.8422e-05	8.4997e-10	-10.0	-2.5
340.5	1.8424e-05	8.5506e-10	-10.0	-2.5
341.0	1.8424e-05	8.4732e-10	-10.0	-2.5
341.5	1.8425e-05	8.557e-10	-10.0	-2.5
342.0	1.8424e-05	8.6146e-10	-10.0	-2.5
342.5	1.8425e-05	8.5498e-10	-10.0	-2.5
343.0	1.8427e-05	8.5855e-10	-10.0	-2.5
343.5	1.843e-05	8.6332e-10	-10.0	-2.5
344.0	1.8429e-05	8.6254e-10	-10.0	-2.5
344.5	1.8428e-05	8.6722e-10	-10.0	-2.5
345.0	1.843e-05	8.5154e-10	-10.0	-2.5
345.5	1.843e-05	8.547e-10	-10.0	-2.5
346.0	1.8432e-05	8.9789e-10	-10.0	-2.5
346.5	1.8433e-05	8.7518e-10	-10.0	-2.5
347.0	1.8433e-05	8.4759e-10	-10.0	-2.5
347.5	1.8432e-05	8.5373e-10	-10.0	-2.5
348.0	1.8433e-05	8.5088e-10	-10.0	-2.5
348.5	1.8434e-05	8.5354e-10	-10.0	-2.5
349.0	1.8433e-05	8.5189e-10	-10.0	-2.5
349.5	1.8435e-05	8.5226e-10	-10.0	-2.5
350.0	1.8435e-05	8.546e-10	-10.0	-2.5
350.5	1.8437e-05	8.5646e-10	-10.0	-2.5
351.0	1.8439e-05	8.5582e-10	-10.0	-2.5
351.5	1.844e-05	8.5079e-10	-10.0	-2.5
352.0	1.8438e-05	8.5118e-10	-10.0	-2.5
352.5	1.8439e-05	8.6093e-10	-10.0	-2.5
353.0	1.8441e-05	8.6012e-10	-10.0	-2.5
353.5	1.8441e-05	8.574e-10	-10.0	-2.5
354.0	1.8442e-05	8.5968e-10	-10.0	-2.5
354.5	1.8443e-05	8.6477e-10	-10.0	-2.5
355.0	1.8444e-05	8.5963e-10	-10.0	-2.5
355.5	1.8442e-05	8.5472e-10	-10.0	-2.5
356.0	1.8444e-05	8.5914e-10	-10.0	-2.5
356.5	1.8444e-05	8.5455e-10	-10.0	-2.5
357.0	1.8447e-05	8.613e-10	-10.0	-2.5
357.5	1.8449e-05	8.5532e-10	-10.0	-2.5
358.0	1.8449e-05	8.5725e-10	-10.0	-2.5
358.5	1.8449e-05	8.5985e-10	-10.0	-2.5
359.0	1.845e-05	8.772e-10	-10.0	-2.5
359.5	1.8449e-05	8.6967e-10	-10.0	-2.5
360.0	1.8453e-05	9.8158e-10	-10.0	-2.5
360.5	1.8453e-05	9.6922e-10	-10.0	-2.5
361.0	1.8453e-05	9.6054e-10	-10.0	-2.5
361.5	1.8455e-05	9.7282e-10	-10.0	-2.5
362.0	1.8454e-05	9.66e-10	-10.0	-2.5
362.5	1.8455e-05	9.6231e-10	-10.0	-2.5
363.0	1.8456e-05	9.6488e-10	-10.0	-2.5
363.5	1.8457e-05	9.7219e-10	-10.0	-2.5
364.0	1.8457e-05	9.6317e-10	-10.0	-2.5
364.5	1.8455e-05	9.6834e-10	-10.0	-2.5
365.0	1.8456e-05	9.6804e-10	-10.0	-2.5
365.5	1.8455e-05	9.6366e-10	-10.0	-2.5
366.0	1.8455e-05	9.6847e-10	-10.0	-2.5
366.5	1.8455e-05	9.5763e-10	-10.0	-2.5
367.0	1.8455e-05	9.7802e-10	-10.0	-2.5
367.5	1.8456e-05	9.7997e-10	-10.0	-2.5
368.0	1.8456e-05	9.7125e-10	-10.0	-2.5
368.5	1.8455e-05	9.7723e-10	-10.0	-2.5
369.0	1.8456e-05	9.5883e-10	-10.0	-2.5
369.5	1.8455e-05	9.6058e-10	-10.0	-2.5
370.0	1.8457e-05	9.63e-10	-10.0	-2.5
370.5	1.8458e-05	9.746e-10	-10.0	-2.5
371.0	1.846e-05	9.7313e-10	-10.0	-2.5
371.5	1.8459e-05	9.676e-10	-10.0	-2.5
372.0	1.846e-05	9.6381e-10	-10.0	-2.5
372.5	1.8461e-05	9.6354e-10	-10.0	-2.5
373.0	1.8459e-05	9.8407e-10	-10.0	-2.5
373.5	1.846e-05	9.6789e-10	-10.0	-2.5
374.0	1.8462e-05	9.6616e-10	-10.0	-2.5
374.5	1.8461e-05	9.6072e-10	-10.0	-2.5
375.0	1.8461e-05	9.6596e-10	-10.0	-2.5
375.5	1.8461e-05	1.0083e-09	-10.0	-2.5
376.0	1.8459e-05	9.6655e-10	-10.0	-2.5
376.5	1.8461e-05	9.5969e-10	-10.0	-2.5
377.0	1.8461e-05	9.5844e-10	-10.0	-2.5
377.5	1.8461e-05	9.631e-10	-10.0	-2.5
378.0	1.8462e-05	9.5702e-10	-10.0	-2.5
378.5	1.8461e-05	9.6892e-10	-10.0	-2.5
379.0	1.846e-05	9.695e-10	-10.0	-2.5
379.5	1.846e-05	9.5095e-10	-10.0	-2.5
380.0	1.8459e-05	9.5159e-10	-10.0	-2.5
380.5	1.8458e-05	9.4982e-10	-10.0	-2.5
381.0	1.8458e-05	9.5109e-10	-10.0	-2.5
381.5	1.8457e-05	9.6617e-10	-10.0	-2.5
382.0	1.8457e-05	9.647e-10	-10.0	-2.5
382.5	1.8458e-05	9.5348e-10	-10.0	-2.5
383.0	1.8456e-05	9.6663e-10	-10.0	-2.5
383.5	1.8457e-05	9.7836e-10	-10.0	-2.5
384.0	1.8455e-05	9.5161e-10	-10.0	-2.5
384.5	1.8457e-05	9.4798e-10	-10.0	-2.5
385.0	1.8458e-05	9.4327e-10	-10.0	-2.5
385.5	1.8457e-05	9.6318e-10	-10.0	-2.5
386.0	1.8456e-05	9.3524e-10	-10.0	-2.5
386.5	1.8457e-05	9.5312e-10	-10.0	-2.5
387.0	1.8458e-05	9.4122e-10	-10.0	-2.5
387.5	1.8458e-05	9.3983e-10	-10.0	-2.5
388.0	1.8453e-05	9.4668e-10	-10.0	-2.5
388.5	1.8453e-05	9.4778e-10	-10.0	-2.5
389.0	1.8454e-05	9.5076e-10	-10.0	-2.5
389.5	1.8453e-05	9.4776e-10	-10.0	-2.5
390.0	1.8451e-05	9.5531e-10	-10.0	-2.5
390.5	1.8452e-05	9.4742e-10	-10.0	-2.5
391.0	1.8452e-05	9.3796e-10	-10.0	-2.5
391.5	1.8452e-05	9.4958e-10	-10.0	-2.5
392.0	1.845e-05	9.55e-10	-10.0	-2.5
392.5	1.8452e-05	9.4809e-10	-10.0	-2.5
393.0	1.8449e-05	9.4571e-10	-10.0	-2.5
393.5	1.8449e-05	9.5226e-10	-10.0	-2.5
394.0	1.8448e-05	9.4539e-10	-10.0	-2.5
394.5	1.8449e-05	9.5028e-10	-10.0	-2.5
395.0	1.8447e-05	9.5388e-10	-10.0	-2.5
395.5	1.8447e-05	9.6282e-10	-10.0	-2.5
396.0	1.8448e-05	9.5599e-10	-10.0	-2.5
396.5	1.8446e-05	9.5908e-10	-10.0	-2.5
397.0	1.8446e-05	9.5325e-10	-10.0	-2.5
397.5	1.8445e-05	9.6164e-10	-10.0	-2.5
398.0	1.8443e-05	9.594e-10	-10.0	-2.5
398.5	1.8443e-05	9.6007e-10	-10.0	-2.5
399.0	1.8444e-05	9.5782e-10	-10.0	-2.5
399.5	1.8444e-05	9.5552e-10	-10.0	-2.5
400.0	1.8444e-05	9.4857e-10	-10.0	-2.5
400.5	1.8444e-05	9.9283e-10	-10.0	-2.5
401.0	1.8444e-05	9.4687e-10	-10.0	-2.5
401.5	1.8442e-05	1.0003e-09	-10.0	-2.5
402.0	1.8439e-05	9.4627e-10	-10.0	-2.5
402.5	1.8442e-05	9.4258e-10	-10.0	-2.5
403.0	1.8441e-05	9.441e-10	-10.0	-2.5
403.5	1.8441e-05	9.3963e-10	-10.0	-2.5
404.0	1.8439e-05	9.4138e-10	-10.0	-2.5
404.5	1.8441e-05	9.3995e-10	-10.0	-2.5
405.0	1.844e-05	9.2718e-10	-10.0	-2.5
405.5	1.8439e-05	9.3137e-10	-10.0	-2.5
406.0	1.8439e-05	9.3086e-10	-10.0	-2.5
406.5	1.8437e-05	9.2846e-10	-10.0	-2.5
407.0	1.8435e-05	9.2872e-10	-10.0	-2.5
407.5	1.8437e-05	9.2831e-10	-10.0	-2.5
408.0	1.8434e-05	9.2406e-10	-10.0	-2.5
408.5	1.8436e-05	9.2823e-10	-10.0	-2.5
409.0	1.8437e-05	9.4086e-10	-10.0	-2.5
409.5	1.8436e-05	9.327e-10	-10.0	-2.5
410.0	1.8438e-05	9.464e-10	-10.0	-2.5
410.5	1.8436e-05	9.4098e-10	-10.0	-2.5
411.0	1.8435e-05	9.2436e-10	-10.0	-2.5
411.5	1.8434e-05	9.3038e-10	-10.0	-2.5
412.0	1.8435e-05	9.246e-10	-10.0	-2.5
412.5	1.8432e-05	9.2111e-10	-10.0	-2.5
413.0	1.8433e-05	9.2331e-10	-10.0	-2.5
413.5	1.8434e-05	9.2466e-10	-10.0	-2.5
414.0	1.8432e-05	9.2507e-10	-10.0	-2.5
414.5	1.8432e-05	9.2436e-10	-10.0	-2.5
415.0	1.8431e-05	9.3716e-10	-10.0	-2.5
415.5	1.8429e-05	9.2905e-10	-10.0	-2.5
416.0	1.8429e-05	9.2829e-10	-10.0	-2.5
416.5	1.8429e-05	9.3658e-10	-10.0	-2.5
417.0	1.8429e-05	9.2042e-10	-10.0	-2.5
417.5	1.8427e-05	9.2677e-10	-10.0	-2.5
418.0	1.8427e-05	9.4304e-10	-10.0	-2.5
418.5	1.8425e-05	9.3746e-10	-10.0	-2.5
419.0	1.8424e-05	9.3532e-10	-10.0	-2.5
419.5	1.8423e-05	9.2021e-10	-10.0	-2.5
420.0	1.8421e-05	8.3104e-10	-10.0	-2.5
420.5	1.8422e-05	8.2064e-10	-10.0	-2.5
421.0	1.8422e-05	8.1356e-10	-10.0	-2.5
421.5	1.8422e-05	8.252e-10	-10.0	-2.5
422.0	1.8421e-05	8.2989e-10	-10.0	-2.5
422.5	1.8422e-05	8.5133e-10	-10.0	-2.5
423.0	1.8421e-05	8.4999e-10	-10.0	-2.5
423.5	1.8419e-05	8.3982e-10	-10.0	-2.5
424.0	1.8421e-05	8.3101e-10	-10.0	-2.5
424.5	1.842e-05	8.297e-10	-10.0	-2.5
425.0	1.8419e-05	8.3494e-10	-10.0	-2.5
425.5	1.8422e-05	8.2675e-10	-10.0	-2.5
426.0	1.8422e-05	8.2497e-10	-10.0	-2.5
426.5	1.8423e-05	8.2382e-10	-10.0	-2.5
427.0	1.8422e-05	8.2804e-10	-10.0	-2.5
427.5	1.8422e-05	8.2906e-10	-10.0	-2.5
428.0	1.8421e-05	8.294e-10	-10.0	-2.5
428.5	1.842e-05	8.2371e-10	-10.0	-2.5
429.0	1.8422e-05	8.2197e-10	-10.0	-2.5
429.5	1.8418e-05	8.2937e-10	-10.0	-2.5
430.0	1.8418e-05	8.2769e-10	-10.0	-2.5
430.5	1.842e-05	8.262e-10	-10.0	-2.5
431.0	1.8419e-05	8.2638e-10	-10.0	-2.5
431.5	1.842e-05	8.2635e-10	-10.0	-2.5
432.0	1.842e-05	8.3169e-10	-10.0	-2.5
432.5	1.8422e-05	8.3312e-10	-10.0	-2.5
433.0	1.8421e-05	8.4235e-10	-10.0	-2.5
433.5	1.8421e-05	8.455e-10	-10.0	-2.5
434.0	1.8421e-05	8.4301e-10	-10.0	-2.5
434.5	1.8422e-05	8.4274e-10	-10.0	-2.5
435.0	1.8423e-05	8.4945e-10	-10.0	-2.5
435.5	1.8423e-05	8.4517e-10	-10.0	-2.5
436.0	1.8423e-05	8.4745e-10	-10.0	-2.5
436.5	1.8425e-05	8.5206e-10	-10.0	-2.5
437.0	1.8423e-05	8.4511e-10	-10.0	-2.5
437.5	1.842e-05	8.446e-10	-10.0	-2.5
438.0	1.8423e-05	8.4865e-10	-10.0	-2.5
438.5	1.8424e-05	8.4548e-10	-10.0	-2.5
439.0	1.8426e-05	8.4636e-10	-10.0	-2.5
439.5	1.8425e-05	8.4272e-10	-10.0	-2.5
440.0	1.8426e-05	8.5439e-10	-10.0	-2.5
440.5	1.8426e-05	8.4173e-10	-10.0	-2.5
441.0	1.8428e-05	8.411e-10	-10.0	-2.5
441.5	1.8426e-05	8.4788e-10	-10.0	-2.5
442.0	1.8425e-05	8.4753e-10	-10.0	-2.5
442.5	1.8426e-05	8.4003e-10	-10.0	-2.5
443.0	1.8429e-05	8.4332e-10	-10.0	-2.5
443.5	1.8427e-05	8.4158e-10	-10.0	-2.5
444.0	1.8428e-05	8.481e-10	-10.0	-2.5
444.5	1.843e-05	8.4989e-10	-10.0	-2.5
445.0	1.843e-05	8.4905e-10	-10.0	-2.5
445.5	1.843e-05	8.5299e-10	-10.0	-2.5
446.0	1.8432e-05	8.4974e-10	-10.0	-2.5
446.5	1.8436e-05	8.5149e-10	-10.0	-2.5
447.0	1.8435e-05	8.5608e-10	-10.0	-2.5
447.5	1.8435e-05	8.5096e-10	-10.0	-2.5
448.0	1.8437e-05	8.6061e-10	-10.0	-2.5
448.5	1.8437e-05	8.4965e-10	-10.0	-2.5
449.0	1.8436e-05	8.5513e-10	-10.0	-2.5
449.5	1.8437e-05	8.5684e-10	-10.0	-2.5
450.0	1.8439e-05	8.5119e-10	-10.0	-2.5
450.5	1.8439e-05	8.4982e-10	-10.0	-2.5
451.0	1.844e-05	8.5083e-10	-10.0	-2.5
451.5	1.844e-05	8.5632e-10	-10.0	-2.5
452.0	1.8441e-05	8.5787e-10	-10.0	-2.5
452.5	1.8441e-05	8.5236e-10	-10.0	-2.5
453.0	1.8443e-05	8.4918e-10	-10.0	-2.5
453.5	1.8444e-05	8.5436e-10	-10.0	-2.5
454.0	1.8445e-05	8.5185e-10	-10.0	-2.5
454.5	1.8444e-05	8.4984e-10	-10.0	-2.5
455.0	1.8446e-05	8.5472e-10	-10.0	-2.5
455.5	1.8446e-05	8.4838e-10	-10.0	-2.5
456.0	1.8446e-05	8.527e-10	-10.0	-2.5
456.5	1.8449e-05	8.5142e-10	-10.0	-2.5
457.0	1.8448e-05	8.6063e-10	-10.0	-2.5
457.5	1.8448e-05	8.8284e-10	-10.0	-2.5
458.0	1.845e-05	8.7563e-10	-10.0	-2.5
458.5	1.845e-05	8.7428e-10	-10.0	-2.5
459.0	1.845e-05	8.6912e-10	-10.0	-2.5
459.5	1.8451e-05	8.7149e-10	-10.0	-2.5
460.0	1.8449e-05	8.5715e-10	-10.0	-2.5
460.5	1.8451e-05	9.976e-10	-10.0	-2.5
461.0	1.8454e-05	9.2169e-10	-10.0	-2.5
461.5	1.8456e-05	8.5151e-10	-10.0	-2.5
462.0	1.8457e-05	8.6026e-10	-10.0	-2.5
462.5	1.8457e-05	8.601e-10	-10.0	-2.5
463.0	1.8459e-05	8.5166e-10	-10.0	-2.5
463.5	1.8459e-05	8.611e-10	-10.0	-2.5
464.0	1.8458e-05	8.6054e-10	-10.0	-2.5
464.5	1.8463e-05	8.7004e-10	-10.0	-2.5
465.0	1.8463e-05	8.6196e-10	-10.0	-2.5
465.5	1.8463e-05	8.6024e-10	-10.0	-2.5
466.0	1.8461e-05	8.5613e-10	-10.0	-2.5
466.5	1.8463e-05	8.7634e-10	-10.0	-2.5
467.0	1.8463e-05	8.8072e-10	-10.0	-2.5
467.5	1.8464e-05	8.5288e-10	-10.0	-2.5
468.0	1.8465e-05	8.4947e-10	-10.0	-2.5
468.5	1.8466e-05	8.5443e-10	-10.0	-2.5
469.0	1.8465e-05	8.5221e-10	-10.0	-2.5
469.5	1.8467e-05	8.4828e-10	-10.0	-2.5
470.0	1.8465e-05	8.5833e-10	-10.0	-2.5
470.5	1.8468e-05	8.5288e-10	-10.0	-2.5
471.0	1.8468e-05	8.5719e-10	-10.0	-2.5
471.5	1.8468e-05	8.503e-10	-10.0	-2.5
472.0	1.8469e-05	8.5442e-10	-10.0	-2.5
472.5	1.8474e-05	8.4995e-10	-10.0	-2.5
473.0	1.8472e-05	8.5621e-10	-10.0	-2.5
473.5	1.8472e-05	8.5201e-10	-10.0	-2.5
474.0	1.8475e-05	8.5444e-10	-10.0	-2.5
474.5	1.8475e-05	8.6082e-10	-10.0	-2.5
475.0	1.8474e-05	8.5796e-10	-10.0	-2.5
475.5	1.8475e-05	8.5673e-10	-10.0	-2.5
476.0	1.8476e-05	8.5216e-10	-10.0	-2.5
476.5	1.8477e-05	8.5501e-10	-10.0	-2.5
477.0	1.8479e-05	8.4752e-10	-10.0	-2.5
477.5	1.8477e-05	8.4752e-10	-10.0	-2.5
478.0	1.8478e-05	8.4821e-10	-10.0	-2.5
478.5	1.848e-05	8.5007e-10	-10.0	-2.5
479.0	1.8481e-05	8.6171e-10	-10.0	-2.5
479.5	1.8482e-05	8.5274e-10	-10.0	-2.5
480.0	1.8486e-05	9.6361e-10	-10.0	-2.5
480.5	1.8487e-05	9.652e-10	-10.0	-2.5
481.0	1.8486e-05	9.6065e-10	-10.0	-2.5
481.5	1.8485e-05	9.627e-10	-10.0	-2.5
482.0	1.8485e-05	9.6201e-10	-10.0	-2.5
482.5	1.8486e-05	9.7515e-10	-10.0	-2.5
483.0	1.8488e-05	9.6863e-10	-10.0	-2.5
483.5	1.849e-05	9.6605e-10	-10.0	-2.5
484.0	1.8492e-05	9.6695e-10	-10.0	-2.5
484.5	1.8491e-05	9.6733e-10	-10.0	-2.5
485.0	1.849e-05	9.7489e-10	-10.0	-2.5
485.5	1.8491e-05	9.5639e-10	-10.0	-2.5
486.0	1.8491e-05	9.548e-10	-10.0	-2.5
486.5	1.8492e-05	1.0035e-09	-10.0	-2.5
487.0	1.849e-05	9.5905e-10	-10.0	-2.5
487.5	1.849e-05	9.5708e-10	-10.0	-2.5
488.0	1.8494e-05	9.5576e-10	-10.0	-2.5
488.5	1.8495e-05	9.5838e-10	-10.0	-2.5
489.0	1.8493e-05	9.6068e-10	-10.0	-2.5
489.5	1.8493e-05	9.6291e-10	-10.0	-2.5
490.0	1.8493e-05	9.5308e-10	-10.0	-2.5
490.5	1.8494e-05	9.5233e-10	-10.0	-2.5
491.0	1.8493e-05	9.5614e-10	-10.0	-2.5
491.5	1.8495e-05	9.5224e-10	-10.0	-2.5
492.0	1.8494e-05	9.6657e-10	-10.0	-2.5
492.5	1.8494e-05	9.567e-10	-10.0	-2.5
493.0	1.8496e-05	9.598e-10	-10.0	-2.5
493.5	1.8497e-05	9.566e-10	-10.0	-2.5
494.0	1.8494e-05	9.6088e-10	-10.0	-2.5
494.5	1.8496e-05	9.5727e-10	-10.0	-2.5
495.0	1.8492e-05	9.6033e-10	-10.0	-2.5
495.5	1.8492e-05	9.5498e-10	-10.0	-2.5
496.0	1.8492e-05	9.5721e-10	-10.0	-2.5
496.5	1.8492e-05	9.5321e-10	-10.0	-2.5
497.0	1.8489e-05	9.5207e-10	-10.0	-2.5
497.5	1.8489e-05	9.7417e-10	-10.0	-2.5
498.0	1.8491e-05	9.5419e-10	-10.0	-2.5
498.5	1.8488e-05	9.5406e-10	-10.0	-2.5
499.0	1.8488e-05	9.5187e-10	-10.0	-2.5
499.5	1.8487e-05	9.4946e-10	-10.0	-2.5
500.0	1.8484e-05	9.4806e-10	-10.0	-2.5
500.5	1.8486e-05	9.5002e-10	-10.0	-2.5
501.0	1.8485e-05	9.5116e-10	-10.0	-2.5
501.5	1.8484e-05	9.649e-10	-10.0	-2.5
502.0	1.8483e-05	9.4844e-10	-10.0	-2.5
502.5	1.8484e-05	9.4395e-10	-10.0	-2.5
503.0	1.8484e-05	9.4636e-10	-10.0	-2.5
503.5	1.8485e-05	9.4278e-10	-10.0	-2.5
504.0	1.8482e-05	9.4387e-10	-10.0	-2.5
504.5	1.8482e-05	9.5331e-10	-10.0	-2.5
505.0	1.8485e-05	9.5224e-10	-10.0	-2.5
505.5	1.8484e-05	9.4731e-10	-10.0	-2.5
506.0	1.8484e-05	9.4751e-10	-10.0	-2.5
506.5	1.8485e-05	9.4761e-10	-10.0	-2.5
507.0	1.8484e-05	9.6096e-10	-10.0	-2.5
507.5	1.8486e-05	9.5683e-10	-10.0	-2.5
508.0	1.8486e-05	9.4792e-10	-10.0	-2.5
508.5	1.8486e-05	9.6511e-10	-10.0	-2.5
509.0	1.8487e-05	9.5879e-10	-10.0	-2.5
509.5	1.8485e-05	9.4799e-10	-10.0	-2.5
510.0	1.8484e-05	9.5092e-10	-10.0	-2.5
510.5	1.8484e-05	9.3609e-10	-10.0	-2.5
511.0	1.8483e-05	9.3085e-10	-10.0	-2.5
511.5	1.8482e-05	9.4069e-10	-10.0	-2.5
512.0	1.8482e-05	9.3875e-10	-10.0	-2.5
512.5	1.8483e-05	9.3834e-10	-10.0	-2.5
513.0	1.8482e-05	9.46e-10	-10.0	-2.5
513.5	1.848e-05	9.3606e-10	-10.0	-2.5
514.0	1.848e-05	9.3368e-10	-10.0	-2.5
514.5	1.8479e-05	9.3872e-10	-10.0	-2.5
515.0	1.8477e-05	9.3319e-10	-10.0	-2.5
515.5	1.8477e-05	9.2934e-10	-10.0	-2.5
516.0	1.8476e-05	9.3231e-10	-10.0	-2.5
516.5	1.8476e-05	9.2439e-10	-10.0	-2.5
517.0	1.8475e-05	9.22e-10	-10.0	-2.5
517.5	1.8475e-05	9.2461e-10	-10.0	-2.5
518.0	1.8475e-05	9.3222e-10	-10.0	-2.5
518.5	1.8478e-05	9.3148e-10	-10.0	-2.5
519.0	1.8476e-05	9.2328e-10	-10.0	-2.5
519.5	1.8477e-05	9.2166e-10	-10.0	-2.5
520.0	1.8476e-05	9.2065e-10	-10.0	-2.5
520.5	1.8474e-05	9.248e-10	-10.0	-2.5
521.0	1.8473e-05	9.3466e-10	-10.0	-2.5
521.5	1.8475e-05	9.2477e-10	-10.0	-2.5
522.0	1.8475e-05	9.3459e-10	-10.0	-2.5
522.5	1.8475e-05	9.2528e-10	-10.0	-2.5
523.0	1.8476e-05	9.1887e-10	-10.0	-2.5
523.5	1.8473e-05	9.2391e-10	-10.0	-2.5
524.0	1.8472e-05	9.1996e-10	-10.0	-2.5
524.5	1.8472e-05	9.204e-10	-10.0	-2.5
525.0	1.8473e-05	9.2026e-10	-10.0	-2.5
525.5	1.8473e-05	9.2578e-10	-10.0	-2.5
526.0	1.847e-05	9.2109e-10	-10.0	-2.5
526.5	1.8471e-05	9.2369e-10	-10.0	-2.5
527.0	1.847e-05	9.2495e-10	-10.0	-2.5
527.5	1.8467e-05	9.2098e-10	-10.0	-2.5
528.0	1.8468e-05	9.2062e-10	-10.0	-2.5
528.5	1.8467e-05	9.2877e-10	-10.0	-2.5
529.0	1.8466e-05	9.1582e-10	-10.0	-2.5
529.5	1.8465e-05	9.3312e-10	-10.0	-2.5
530.0	1.8466e-05	9.3864e-10	-10.0	-2.5
530.5	1.8464e-05	9.2772e-10	-10.0	-2.5
531.0	1.8465e-05	9.2906e-10	-10.0	-2.5
531.5	1.8465e-05	9.2803e-10	-10.0	-2.5
532.0	1.8464e-05	9.2699e-10	-10.0	-2.5
532.5	1.8464e-05	9.3463e-10	-10.0	-2.5
533.0	1.8463e-05	9.2398e-10	-10.0	-2.5
533.5	1.8464e-05	9.2628e-10	-10.0	-2.5
534.0	1.8464e-05	9.4508e-10	-10.0	-2.5
534.5	1.846e-05	9.5475e-10	-10.0	-2.5
535.0	1.8461e-05	9.5173e-10	-10.0	-2.5
535.5	1.8461e-05	9.535e-10	-10.0	-2.5
536.0	1.8462e-05	9.4596e-10	-10.0	-2.5
536.5	1.8461e-05	9.3275e-10	-10.0	-2.5
537.0	1.8459e-05	9.3416e-10	-10.0	-2.5
537.5	1.8459e-05	9.3522e-10	-10.0	-2.5
538.0	1.8461e-05	9.3073e-10	-10.0	-2.5
538.5	1.846e-05	9.299e-10	-10.0	-2.5
539.0	1.8458e-05	9.2554e-10	-10.0	-2.5
539.5	1.8457e-05	9.253e-10	-10.0	-2.5
540.0	1.8455e-05	8.4315e-10	-10.0	-2.5
540.5	1.8455e-05	8.1893e-10	-10.0	-2.5
541.0	1.8452e-05	8.1393e-10	-10.0	-2.5
541.5	1.8453e-05	8.1711e-10	-10.0	-2.5
542.0	1.845e-05	8.1866e-10	-10.0	-2.5
542.5	1.845e-05	8.1941e-10	-10.0	-2.5
543.0	1.845e-05	8.1844e-10	-10.0	-2.5
543.5	1.8451e-05	8.1715e-10	-10.0	-2.5
544.0	1.8449e-05	8.1195e-10	-10.0	-2.5
544.5	1.8449e-05	8.1404e-10	-10.0	-2.5
545.0	1.8447e-05	7.9761e-10	-10.0	-2.5
545.5	1.8448e-05	8.146e-10	-10.0	-2.5
546.0	1.8447e-05	8.1392e-10	-10.0	-2.5
546.5	1.8447e-05	8.1757e-10	-10.0	-2.5
547.0	1.8448e-05	8.2483e-10	-10.0	-2.5
547.5	1.8446e-05	8.1636e-10	-10.0	-2.5
548.0	1.8447e-05	8.2192e-10	-10.0	-2.5
548.5	1.8445e-05	8.1956e-10	-10.0	-2.5
549.0	1.8445e-05	8.2917e-10	-10.0	-2.5
549.5	1.8446e-05	8.1725e-10	-10.0	-2.5
550.0	1.8448e-05	8.2325e-10	-10.0	-2.5
550.5	1.8447e-05	8.2204e-10	-10.0	-2.5
551.0	1.845e-05	8.2095e-10	-10.0	-2.5
551.5	1.845e-05	8.1844e-10	-10.0	-2.5
552.0	1.8451e-05	8.1183e-10	-10.0	-2.5
552.5	1.8453e-05	8.1346e-10	-10.0	-2.5
553.0	1.8452e-05	8.1576e-10	-10.0	-2.5
553.5	1.845e-05	8.1494e-10	-10.0	-2.5
554.0	1.8451e-05	8.1192e-10	-10.0	-2.5
554.5	1.8452e-05	8.1662e-10	-10.0	-2.5
555.0	1.8453e-05	8.0417e-10	-10.0	-2.5
555.5	1.8455e-05	7.939e-10	-10.0	-2.5
556.0	1.8455e-05	7.9639e-10	-10.0	-2.5
556.5	1.8455e-05	7.9646e-10	-10.0	-2.5
557.0	1.8455e-05	7.9709e-10	-10.0	-2.5
557.5	1.8458e-05	8.0666e-10	-10.0	-2.5
558.0	1.8457e-05	8.0125e-10	-10.0	-2.5
558.5	1.8458e-05	7.9877e-10	-10.0	-2.5
559.0	1.8458e-05	8.0352e-10	-10.0	-2.5
559.5	1.8458e-05	8.0271e-10	-10.0	-2.5
560.0	1.846e-05	8.0036e-10	-10.0	-2.5
560.5	1.8461e-05	8.0614e-10	-10.0	-2.5
561.0	1.8462e-05	8.0117e-10	-10.0	-2.5
561.5	1.8463e-05	8.1079e-10	-10.0	-2.5
562.0	1.8463e-05	8.1482e-10	-10.0	-2.5
562.5	1.8462e-05	8.1432e-10	-10.0	-2.5
563.0	1.8464e-05	8.1666e-10	-10.0	-2.5
563.5	1.8466e-05	8.2137e-10	-10.0	-2.5
564.0	1.8466e-05	8.1746e-10	-10.0	-2.5
564.5	1.8468e-05	8.2151e-10	-10.0	-2.5
565.0	1.8468e-05	8.1574e-10	-10.0	-2.5
565.5	1.8467e-05	8.0709e-10	-10.0	-2.5
566.0	1.8469e-05	8.0116e-10	-10.0	-2.5
566.5	1.847e-05	8.1588e-10	-10.0	-2.5
567.0	1.847e-05	8.2142e-10	-10.0	-2.5
567.5	1.8471e-05	8.1578e-10	-10.0	-2.5
568.0	1.8471e-05	8.608e-10	-10.0	-2.5
568.5	1.847e-05	8.2443e-10	-10.0	-2.5
569.0	1.847e-05	8.2042e-10	-10.0	-2.5
569.5	1.8469e-05	8.0944e-10	-10.0	-2.5
570.0	1.8471e-05	8.1582e-10	-10.0	-2.5
570.5	1.847e-05	8.1843e-10	-10.0	-2.5
571.0	1.8471e-05	8.1459e-10	-10.0	-2.5
571.5	1.8473e-05	8.2765e-10	-10.0	-2.5
572.0	1.8474e-05	8.2335e-10	-10.0	-2.5
572.5	1.8473e-05	8.2414e-10	-10.0	-2.5
573.0	1.8476e-05	8.2637e-10	-10.0	-2.5
573.5	1.8475e-05	8.3143e-10	-10.0	-2.5
574.0	1.8474e-05	8.2998e-10	-10.0	-2.5
574.5	1.8476e-05	8.3301e-10	-10.0	-2.5
575.0	1.8475e-05	8.2572e-10	-10.0	-2.5
575.5	1.8477e-05	8.1492e-10	-10.0	-2.5
576.0	1.8478e-05	8.1716e-10	-10.0	-2.5
576.5	1.8478e-05	8.1108e-10	-10.0	-2.5
577.0	1.848e-05	8.0488e-10	-10.0	-2.5
577.5	1.848e-05	8.0503e-10	-10.0	-2.5
578.0	1.8481e-05	8.1258e-10	-10.0	-2.5
578.5	1.8483e-05	8.0462e-10	-10.0	-2.5
579.0	1.8484e-05	8.0467e-10	-10.0	-2.5
579.5	1.8484e-05	8.1221e-10	-10.0	-2.5
