Time (s)	|IDrain (A)|	|IGate (A)	Vdrain(V)	Vgate(V)
0.0	1.8137e-05	1.1227e-09	-10.0	-2.5
1.0	1.8142e-05	1.1138e-09	-10.0	-2.5
1.5	1.814e-05	1.1063e-09	-10.0	-2.5
2.0	1.8138e-05	1.1379e-09	-10.0	-2.5
2.5	1.8139e-05	1.0716e-09	-10.0	-2.5
3.0	1.8142e-05	1.0917e-09	-10.0	-2.5
3.5	1.814e-05	1.0885e-09	-10.0	-2.5
4.0	1.8143e-05	1.0856e-09	-10.0	-2.5
4.5	1.8146e-05	1.1041e-09	-10.0	-2.5
5.0	1.8146e-05	1.0368e-09	-10.0	-2.5
5.5	1.8148e-05	1.0494e-09	-10.0	-2.5
6.0	1.8149e-05	1.0444e-09	-10.0	-2.5
6.5	1.8151e-05	1.041e-09	-10.0	-2.5
7.0	1.8154e-05	1.0554e-09	-10.0	-2.5
7.5	1.8152e-05	1.0742e-09	-10.0	-2.5
8.0	1.8153e-05	1.0178e-09	-10.0	-2.5
8.5	1.8154e-05	1.0419e-09	-10.0	-2.5
9.0	1.8154e-05	1.0541e-09	-10.0	-2.5
9.5	1.8158e-05	1.0436e-09	-10.0	-2.5
10.0	1.8157e-05	1.073e-09	-10.0	-2.5
10.5	1.8159e-05	1.0459e-09	-10.0	-2.5
11.0	1.816e-05	1.0414e-09	-10.0	-2.5
11.5	1.8162e-05	1.0681e-09	-10.0	-2.5
12.0	1.8162e-05	1.0747e-09	-10.0	-2.5
12.5	1.8164e-05	1.11e-09	-10.0	-2.5
13.0	1.8164e-05	1.1032e-09	-10.0	-2.5
13.5	1.8166e-05	1.0581e-09	-10.0	-2.5
14.0	1.8166e-05	1.0799e-09	-10.0	-2.5
14.5	1.8169e-05	1.0733e-09	-10.0	-2.5
15.0	1.8172e-05	1.032e-09	-10.0	-2.5
15.5	1.8172e-05	1.0539e-09	-10.0	-2.5
16.0	1.8173e-05	1.0383e-09	-10.0	-2.5
16.5	1.8174e-05	1.0215e-09	-10.0	-2.5
17.0	1.8174e-05	1.029e-09	-10.0	-2.5
17.5	1.8177e-05	1.0438e-09	-10.0	-2.5
18.0	1.8177e-05	1.0237e-09	-10.0	-2.5
18.5	1.818e-05	1.0448e-09	-10.0	-2.5
19.0	1.8181e-05	1.0652e-09	-10.0	-2.5
19.5	1.8181e-05	1.052e-09	-10.0	-2.5
20.0	1.8182e-05	1.0434e-09	-10.0	-2.5
20.5	1.8181e-05	1.0529e-09	-10.0	-2.5
21.0	1.8181e-05	1.0131e-09	-10.0	-2.5
21.5	1.8183e-05	1.1097e-09	-10.0	-2.5
22.0	1.8184e-05	1.0592e-09	-10.0	-2.5
22.5	1.8186e-05	1.0303e-09	-10.0	-2.5
23.0	1.8189e-05	1.0508e-09	-10.0	-2.5
23.5	1.8189e-05	1.0403e-09	-10.0	-2.5
24.0	1.8191e-05	1.0837e-09	-10.0	-2.5
24.5	1.8193e-05	1.0316e-09	-10.0	-2.5
25.0	1.8195e-05	1.035e-09	-10.0	-2.5
25.5	1.8194e-05	1.0076e-09	-10.0	-2.5
26.0	1.8196e-05	1.0016e-09	-10.0	-2.5
26.5	1.8198e-05	1.0037e-09	-10.0	-2.5
27.0	1.82e-05	9.8695e-10	-10.0	-2.5
27.5	1.82e-05	1.0254e-09	-10.0	-2.5
28.0	1.8202e-05	1.0017e-09	-10.0	-2.5
28.5	1.8202e-05	1.001e-09	-10.0	-2.5
29.0	1.8206e-05	9.7996e-10	-10.0	-2.5
29.5	1.8203e-05	9.6934e-10	-10.0	-2.5
30.0	1.8204e-05	9.716e-10	-10.0	-2.5
30.5	1.8205e-05	9.533e-10	-10.0	-2.5
31.0	1.8207e-05	9.5416e-10	-10.0	-2.5
31.5	1.8207e-05	9.5622e-10	-10.0	-2.5
32.0	1.8208e-05	9.7046e-10	-10.0	-2.5
32.5	1.8208e-05	9.8845e-10	-10.0	-2.5
33.0	1.8209e-05	9.742e-10	-10.0	-2.5
33.5	1.8213e-05	9.9844e-10	-10.0	-2.5
34.0	1.8214e-05	1.015e-09	-10.0	-2.5
34.5	1.8214e-05	1.0008e-09	-10.0	-2.5
35.0	1.8216e-05	1.0436e-09	-10.0	-2.5
35.5	1.8216e-05	1.0022e-09	-10.0	-2.5
36.0	1.8216e-05	1.0175e-09	-10.0	-2.5
36.5	1.8217e-05	1.0023e-09	-10.0	-2.5
37.0	1.822e-05	9.9999e-10	-10.0	-2.5
37.5	1.822e-05	9.9753e-10	-10.0	-2.5
38.0	1.8222e-05	1.0115e-09	-10.0	-2.5
38.5	1.8223e-05	1.0071e-09	-10.0	-2.5
39.0	1.8223e-05	1.007e-09	-10.0	-2.5
39.5	1.8224e-05	9.8227e-10	-10.0	-2.5
40.0	1.8225e-05	9.8451e-10	-10.0	-2.5
40.5	1.8226e-05	9.7612e-10	-10.0	-2.5
41.0	1.8229e-05	9.8026e-10	-10.0	-2.5
41.5	1.8229e-05	9.5525e-10	-10.0	-2.5
42.0	1.8229e-05	9.4961e-10	-10.0	-2.5
42.5	1.8231e-05	9.4937e-10	-10.0	-2.5
43.0	1.8231e-05	9.9559e-10	-10.0	-2.5
43.5	1.8229e-05	9.6457e-10	-10.0	-2.5
44.0	1.823e-05	9.7608e-10	-10.0	-2.5
44.5	1.8231e-05	9.7372e-10	-10.0	-2.5
45.0	1.8232e-05	9.1693e-10	-10.0	-2.5
45.5	1.8235e-05	9.0585e-10	-10.0	-2.5
46.0	1.8237e-05	9.0787e-10	-10.0	-2.5
46.5	1.8238e-05	9.0782e-10	-10.0	-2.5
47.0	1.824e-05	9.0778e-10	-10.0	-2.5
47.5	1.824e-05	9.339e-10	-10.0	-2.5
48.0	1.824e-05	9.2921e-10	-10.0	-2.5
48.5	1.8241e-05	9.2503e-10	-10.0	-2.5
49.0	1.8241e-05	9.1789e-10	-10.0	-2.5
49.5	1.8243e-05	9.5827e-10	-10.0	-2.5
50.0	1.8246e-05	8.9601e-10	-10.0	-2.5
50.5	1.8246e-05	8.916e-10	-10.0	-2.5
51.0	1.8245e-05	8.8485e-10	-10.0	-2.5
51.5	1.8247e-05	8.9289e-10	-10.0	-2.5
52.0	1.8247e-05	8.9726e-10	-10.0	-2.5
52.5	1.8248e-05	8.9037e-10	-10.0	-2.5
53.0	1.8251e-05	8.9532e-10	-10.0	-2.5
53.5	1.825e-05	8.8661e-10	-10.0	-2.5
54.0	1.825e-05	8.8909e-10	-10.0	-2.5
54.5	1.8252e-05	8.9725e-10	-10.0	-2.5
55.0	1.8253e-05	8.9782e-10	-10.0	-2.5
55.5	1.8252e-05	8.862e-10	-10.0	-2.5
56.0	1.8252e-05	8.8331e-10	-10.0	-2.5
56.5	1.8254e-05	8.8059e-10	-10.0	-2.5
57.0	1.8256e-05	8.8576e-10	-10.0	-2.5
57.5	1.8257e-05	8.812e-10	-10.0	-2.5
58.0	1.8259e-05	8.8284e-10	-10.0	-2.5
58.5	1.826e-05	8.8499e-10	-10.0	-2.5
59.0	1.8261e-05	8.9907e-10	-10.0	-2.5
59.5	1.8263e-05	8.9414e-10	-10.0	-2.5
60.0	1.8263e-05	8.9105e-10	-10.0	-2.5
60.5	1.8264e-05	8.8996e-10	-10.0	-2.5
61.0	1.8264e-05	8.9502e-10	-10.0	-2.5
61.5	1.8266e-05	8.9268e-10	-10.0	-2.5
62.0	1.8266e-05	8.9851e-10	-10.0	-2.5
62.5	1.8268e-05	8.9291e-10	-10.0	-2.5
63.0	1.8269e-05	9.7028e-10	-10.0	-2.5
63.5	1.8269e-05	9.2158e-10	-10.0	-2.5
64.0	1.8269e-05	9.072e-10	-10.0	-2.5
64.5	1.8271e-05	8.8619e-10	-10.0	-2.5
65.0	1.8273e-05	9.0625e-10	-10.0	-2.5
65.5	1.8272e-05	9.2084e-10	-10.0	-2.5
66.0	1.8273e-05	9.0002e-10	-10.0	-2.5
66.5	1.8276e-05	9.0219e-10	-10.0	-2.5
67.0	1.8275e-05	9.0811e-10	-10.0	-2.5
67.5	1.8276e-05	9.0691e-10	-10.0	-2.5
68.0	1.828e-05	9.0351e-10	-10.0	-2.5
68.5	1.828e-05	9.3602e-10	-10.0	-2.5
69.0	1.8281e-05	9.3037e-10	-10.0	-2.5
69.5	1.8282e-05	8.8169e-10	-10.0	-2.5
70.0	1.8282e-05	8.8323e-10	-10.0	-2.5
70.5	1.8282e-05	8.8207e-10	-10.0	-2.5
71.0	1.8281e-05	8.9665e-10	-10.0	-2.5
71.5	1.8283e-05	9.1515e-10	-10.0	-2.5
72.0	1.8285e-05	9.504e-10	-10.0	-2.5
72.5	1.8285e-05	9.1141e-10	-10.0	-2.5
73.0	1.8287e-05	9.1361e-10	-10.0	-2.5
73.5	1.8286e-05	8.8852e-10	-10.0	-2.5
74.0	1.8286e-05	9.1548e-10	-10.0	-2.5
74.5	1.8288e-05	9.0812e-10	-10.0	-2.5
75.0	1.829e-05	8.7999e-10	-10.0	-2.5
75.5	1.8292e-05	8.8073e-10	-10.0	-2.5
76.0	1.8291e-05	8.9397e-10	-10.0	-2.5
76.5	1.8292e-05	8.9029e-10	-10.0	-2.5
77.0	1.829e-05	9.2024e-10	-10.0	-2.5
77.5	1.8291e-05	8.821e-10	-10.0	-2.5
78.0	1.8292e-05	8.784e-10	-10.0	-2.5
78.5	1.8293e-05	8.8559e-10	-10.0	-2.5
79.0	1.8294e-05	9.0107e-10	-10.0	-2.5
79.5	1.8297e-05	8.9428e-10	-10.0	-2.5
80.0	1.8298e-05	8.9375e-10	-10.0	-2.5
80.5	1.83e-05	8.8351e-10	-10.0	-2.5
81.0	1.8299e-05	8.7811e-10	-10.0	-2.5
81.5	1.8301e-05	8.8769e-10	-10.0	-2.5
82.0	1.8304e-05	8.7677e-10	-10.0	-2.5
82.5	1.8304e-05	8.7879e-10	-10.0	-2.5
83.0	1.8305e-05	8.7911e-10	-10.0	-2.5
83.5	1.8307e-05	8.7588e-10	-10.0	-2.5
84.0	1.8307e-05	8.5975e-10	-10.0	-2.5
84.5	1.8307e-05	8.8067e-10	-10.0	-2.5
85.0	1.8307e-05	9.1193e-10	-10.0	-2.5
85.5	1.8309e-05	8.9264e-10	-10.0	-2.5
86.0	1.8311e-05	9.161e-10	-10.0	-2.5
86.5	1.8311e-05	8.9976e-10	-10.0	-2.5
87.0	1.8312e-05	9.1516e-10	-10.0	-2.5
87.5	1.8312e-05	9.1222e-10	-10.0	-2.5
88.0	1.8315e-05	9.0039e-10	-10.0	-2.5
88.5	1.8315e-05	9.0623e-10	-10.0	-2.5
89.0	1.8317e-05	9.04e-10	-10.0	-2.5
89.5	1.8316e-05	9.084e-10	-10.0	-2.5
90.0	1.8315e-05	8.8045e-10	-10.0	-2.5
90.5	1.8316e-05	8.4911e-10	-10.0	-2.5
91.0	1.8317e-05	8.5723e-10	-10.0	-2.5
91.5	1.8317e-05	8.6214e-10	-10.0	-2.5
92.0	1.8321e-05	8.7e-10	-10.0	-2.5
92.5	1.832e-05	8.6591e-10	-10.0	-2.5
93.0	1.8321e-05	8.647e-10	-10.0	-2.5
93.5	1.8322e-05	8.6794e-10	-10.0	-2.5
94.0	1.8321e-05	8.5814e-10	-10.0	-2.5
94.5	1.8324e-05	8.6766e-10	-10.0	-2.5
95.0	1.8325e-05	8.5454e-10	-10.0	-2.5
95.5	1.8325e-05	8.61e-10	-10.0	-2.5
96.0	1.8325e-05	8.5994e-10	-10.0	-2.5
96.5	1.8327e-05	8.6658e-10	-10.0	-2.5
97.0	1.8326e-05	8.6496e-10	-10.0	-2.5
97.5	1.8328e-05	8.564e-10	-10.0	-2.5
98.0	1.8329e-05	8.5852e-10	-10.0	-2.5
98.5	1.833e-05	8.5705e-10	-10.0	-2.5
99.0	1.8331e-05	8.5504e-10	-10.0	-2.5
99.5	1.8335e-05	8.6015e-10	-10.0	-2.5
100.0	1.8333e-05	8.5796e-10	-10.0	-2.5
100.5	1.8333e-05	8.5792e-10	-10.0	-2.5
101.0	1.8334e-05	8.5517e-10	-10.0	-2.5
101.5	1.8335e-05	8.529e-10	-10.0	-2.5
102.0	1.8335e-05	8.5169e-10	-10.0	-2.5
102.5	1.8333e-05	8.6676e-10	-10.0	-2.5
103.0	1.8336e-05	9.2033e-10	-10.0	-2.5
103.5	1.8336e-05	8.5214e-10	-10.0	-2.5
104.0	1.8336e-05	8.5462e-10	-10.0	-2.5
104.5	1.8339e-05	8.6264e-10	-10.0	-2.5
105.0	1.8341e-05	8.709e-10	-10.0	-2.5
105.5	1.834e-05	8.8044e-10	-10.0	-2.5
106.0	1.8341e-05	8.6902e-10	-10.0	-2.5
106.5	1.8343e-05	8.5593e-10	-10.0	-2.5
107.0	1.8344e-05	8.5009e-10	-10.0	-2.5
107.5	1.8346e-05	8.8388e-10	-10.0	-2.5
108.0	1.8347e-05	8.6626e-10	-10.0	-2.5
108.5	1.835e-05	8.6944e-10	-10.0	-2.5
109.0	1.8349e-05	8.6744e-10	-10.0	-2.5
109.5	1.8349e-05	8.7303e-10	-10.0	-2.5
110.0	1.835e-05	8.7794e-10	-10.0	-2.5
110.5	1.8352e-05	8.6769e-10	-10.0	-2.5
111.0	1.8351e-05	8.7401e-10	-10.0	-2.5
111.5	1.8351e-05	8.6591e-10	-10.0	-2.5
112.0	1.8351e-05	8.7522e-10	-10.0	-2.5
112.5	1.8353e-05	8.7696e-10	-10.0	-2.5
113.0	1.8353e-05	8.9633e-10	-10.0	-2.5
113.5	1.8353e-05	8.7234e-10	-10.0	-2.5
114.0	1.8354e-05	8.6986e-10	-10.0	-2.5
114.5	1.8352e-05	8.6921e-10	-10.0	-2.5
115.0	1.8353e-05	8.6276e-10	-10.0	-2.5
115.5	1.8354e-05	8.8533e-10	-10.0	-2.5
116.0	1.8354e-05	8.6913e-10	-10.0	-2.5
116.5	1.8356e-05	8.7565e-10	-10.0	-2.5
117.0	1.8354e-05	8.8285e-10	-10.0	-2.5
117.5	1.8357e-05	8.7694e-10	-10.0	-2.5
118.0	1.8356e-05	8.8273e-10	-10.0	-2.5
118.5	1.8359e-05	8.925e-10	-10.0	-2.5
119.0	1.836e-05	8.7907e-10	-10.0	-2.5
119.5	1.836e-05	8.8013e-10	-10.0	-2.5
120.0	1.8362e-05	8.8659e-10	-10.0	-2.5
120.5	1.8361e-05	8.8946e-10	-10.0	-2.5
121.0	1.8364e-05	8.9146e-10	-10.0	-2.5
121.5	1.8367e-05	8.9484e-10	-10.0	-2.5
122.0	1.8368e-05	9.6516e-10	-10.0	-2.5
122.5	1.837e-05	9.5555e-10	-10.0	-2.5
123.0	1.837e-05	9.5477e-10	-10.0	-2.5
123.5	1.837e-05	9.6234e-10	-10.0	-2.5
124.0	1.8368e-05	9.5836e-10	-10.0	-2.5
124.5	1.8371e-05	9.5512e-10	-10.0	-2.5
125.0	1.8372e-05	9.546e-10	-10.0	-2.5
125.5	1.8372e-05	9.5135e-10	-10.0	-2.5
126.0	1.8375e-05	9.5919e-10	-10.0	-2.5
126.5	1.8376e-05	9.5989e-10	-10.0	-2.5
127.0	1.8375e-05	9.5889e-10	-10.0	-2.5
127.5	1.8377e-05	9.5805e-10	-10.0	-2.5
128.0	1.8379e-05	9.6772e-10	-10.0	-2.5
128.5	1.8378e-05	9.7417e-10	-10.0	-2.5
129.0	1.8381e-05	9.664e-10	-10.0	-2.5
129.5	1.8383e-05	9.5267e-10	-10.0	-2.5
130.0	1.8382e-05	9.6569e-10	-10.0	-2.5
130.5	1.8382e-05	9.64e-10	-10.0	-2.5
131.0	1.8383e-05	9.6889e-10	-10.0	-2.5
131.5	1.8383e-05	9.5387e-10	-10.0	-2.5
132.0	1.8384e-05	9.5671e-10	-10.0	-2.5
132.5	1.8385e-05	9.5617e-10	-10.0	-2.5
133.0	1.8387e-05	9.5483e-10	-10.0	-2.5
133.5	1.8387e-05	9.5704e-10	-10.0	-2.5
134.0	1.8387e-05	9.5313e-10	-10.0	-2.5
134.5	1.8388e-05	9.495e-10	-10.0	-2.5
135.0	1.8389e-05	9.5671e-10	-10.0	-2.5
135.5	1.8388e-05	9.4878e-10	-10.0	-2.5
136.0	1.8389e-05	9.4959e-10	-10.0	-2.5
136.5	1.839e-05	9.5167e-10	-10.0	-2.5
137.0	1.8391e-05	9.5417e-10	-10.0	-2.5
137.5	1.8391e-05	9.5412e-10	-10.0	-2.5
138.0	1.8391e-05	9.5035e-10	-10.0	-2.5
138.5	1.8393e-05	9.4802e-10	-10.0	-2.5
139.0	1.8393e-05	9.4628e-10	-10.0	-2.5
139.5	1.8395e-05	9.5024e-10	-10.0	-2.5
140.0	1.8395e-05	9.4403e-10	-10.0	-2.5
140.5	1.8394e-05	9.4235e-10	-10.0	-2.5
141.0	1.8394e-05	9.5019e-10	-10.0	-2.5
141.5	1.8396e-05	9.4464e-10	-10.0	-2.5
142.0	1.8396e-05	9.429e-10	-10.0	-2.5
142.5	1.8398e-05	9.5184e-10	-10.0	-2.5
143.0	1.8396e-05	9.6242e-10	-10.0	-2.5
143.5	1.8399e-05	9.6232e-10	-10.0	-2.5
144.0	1.8398e-05	9.5368e-10	-10.0	-2.5
144.5	1.84e-05	9.3022e-10	-10.0	-2.5
145.0	1.8401e-05	9.3862e-10	-10.0	-2.5
145.5	1.8403e-05	9.3395e-10	-10.0	-2.5
146.0	1.8403e-05	9.3231e-10	-10.0	-2.5
146.5	1.8404e-05	9.3276e-10	-10.0	-2.5
147.0	1.8405e-05	9.304e-10	-10.0	-2.5
147.5	1.8405e-05	9.3781e-10	-10.0	-2.5
148.0	1.8405e-05	9.3823e-10	-10.0	-2.5
148.5	1.8406e-05	9.4082e-10	-10.0	-2.5
149.0	1.8404e-05	9.3705e-10	-10.0	-2.5
149.5	1.8405e-05	9.3108e-10	-10.0	-2.5
150.0	1.8405e-05	9.258e-10	-10.0	-2.5
150.5	1.8406e-05	9.2697e-10	-10.0	-2.5
151.0	1.8406e-05	9.2289e-10	-10.0	-2.5
151.5	1.8408e-05	9.196e-10	-10.0	-2.5
152.0	1.8407e-05	9.1787e-10	-10.0	-2.5
152.5	1.8407e-05	9.1303e-10	-10.0	-2.5
153.0	1.8409e-05	9.2682e-10	-10.0	-2.5
153.5	1.8407e-05	9.2201e-10	-10.0	-2.5
154.0	1.8411e-05	9.2833e-10	-10.0	-2.5
154.5	1.8412e-05	9.3534e-10	-10.0	-2.5
155.0	1.8408e-05	9.3411e-10	-10.0	-2.5
155.5	1.8412e-05	9.1893e-10	-10.0	-2.5
156.0	1.8412e-05	9.2494e-10	-10.0	-2.5
156.5	1.8414e-05	9.2717e-10	-10.0	-2.5
157.0	1.8411e-05	9.2173e-10	-10.0	-2.5
157.5	1.8411e-05	9.2036e-10	-10.0	-2.5
158.0	1.8414e-05	9.211e-10	-10.0	-2.5
158.5	1.8413e-05	9.1944e-10	-10.0	-2.5
159.0	1.8416e-05	9.3162e-10	-10.0	-2.5
159.5	1.8414e-05	9.2691e-10	-10.0	-2.5
160.0	1.8412e-05	9.2464e-10	-10.0	-2.5
160.5	1.8414e-05	9.2055e-10	-10.0	-2.5
161.0	1.8412e-05	9.3573e-10	-10.0	-2.5
161.5	1.8415e-05	9.2519e-10	-10.0	-2.5
162.0	1.8415e-05	9.2096e-10	-10.0	-2.5
162.5	1.8415e-05	9.1354e-10	-10.0	-2.5
163.0	1.8414e-05	9.293e-10	-10.0	-2.5
163.5	1.8415e-05	9.1007e-10	-10.0	-2.5
164.0	1.8414e-05	9.3157e-10	-10.0	-2.5
164.5	1.8417e-05	9.2697e-10	-10.0	-2.5
165.0	1.8416e-05	9.2759e-10	-10.0	-2.5
165.5	1.8416e-05	9.3533e-10	-10.0	-2.5
166.0	1.8417e-05	9.347e-10	-10.0	-2.5
166.5	1.8417e-05	9.2308e-10	-10.0	-2.5
167.0	1.8418e-05	9.1842e-10	-10.0	-2.5
167.5	1.8417e-05	9.0999e-10	-10.0	-2.5
168.0	1.8417e-05	9.2013e-10	-10.0	-2.5
168.5	1.8419e-05	9.1297e-10	-10.0	-2.5
169.0	1.8419e-05	9.0952e-10	-10.0	-2.5
169.5	1.8418e-05	9.1128e-10	-10.0	-2.5
170.0	1.8419e-05	9.0253e-10	-10.0	-2.5
170.5	1.8418e-05	9.063e-10	-10.0	-2.5
171.0	1.842e-05	9.0261e-10	-10.0	-2.5
171.5	1.842e-05	9.0149e-10	-10.0	-2.5
172.0	1.8418e-05	9.0123e-10	-10.0	-2.5
172.5	1.8421e-05	9.0139e-10	-10.0	-2.5
173.0	1.842e-05	9.076e-10	-10.0	-2.5
173.5	1.8419e-05	9.1146e-10	-10.0	-2.5
174.0	1.8421e-05	9.0859e-10	-10.0	-2.5
174.5	1.8422e-05	9.031e-10	-10.0	-2.5
175.0	1.8422e-05	9.0221e-10	-10.0	-2.5
175.5	1.8421e-05	9.0441e-10	-10.0	-2.5
176.0	1.8421e-05	8.9709e-10	-10.0	-2.5
176.5	1.842e-05	9.0496e-10	-10.0	-2.5
177.0	1.8423e-05	9.1121e-10	-10.0	-2.5
177.5	1.8422e-05	9.0456e-10	-10.0	-2.5
178.0	1.8423e-05	8.9951e-10	-10.0	-2.5
178.5	1.8422e-05	9.0334e-10	-10.0	-2.5
179.0	1.8424e-05	9.0469e-10	-10.0	-2.5
179.5	1.8422e-05	8.9578e-10	-10.0	-2.5
180.0	1.8422e-05	1.0458e-09	-10.0	-2.5
180.5	1.8423e-05	1.0463e-09	-10.0	-2.5
181.0	1.8423e-05	8.9489e-10	-10.0	-2.5
181.5	1.8424e-05	8.7304e-10	-10.0	-2.5
182.0	1.8423e-05	8.1885e-10	-10.0	-2.5
182.5	1.8421e-05	8.2142e-10	-10.0	-2.5
183.0	1.8423e-05	8.2133e-10	-10.0	-2.5
183.5	1.8423e-05	8.2603e-10	-10.0	-2.5
184.0	1.8423e-05	8.2293e-10	-10.0	-2.5
184.5	1.8424e-05	8.1907e-10	-10.0	-2.5
185.0	1.8424e-05	8.1739e-10	-10.0	-2.5
185.5	1.8422e-05	8.1912e-10	-10.0	-2.5
186.0	1.8421e-05	8.145e-10	-10.0	-2.5
186.5	1.8422e-05	8.2308e-10	-10.0	-2.5
187.0	1.8423e-05	8.2029e-10	-10.0	-2.5
187.5	1.8425e-05	8.2085e-10	-10.0	-2.5
188.0	1.8424e-05	8.468e-10	-10.0	-2.5
188.5	1.8425e-05	8.4347e-10	-10.0	-2.5
189.0	1.8422e-05	8.301e-10	-10.0	-2.5
189.5	1.8422e-05	8.3614e-10	-10.0	-2.5
190.0	1.8422e-05	8.3092e-10	-10.0	-2.5
190.5	1.8422e-05	8.3619e-10	-10.0	-2.5
191.0	1.8427e-05	8.3292e-10	-10.0	-2.5
191.5	1.8428e-05	8.3272e-10	-10.0	-2.5
192.0	1.8427e-05	8.3451e-10	-10.0	-2.5
192.5	1.8426e-05	8.3753e-10	-10.0	-2.5
193.0	1.8428e-05	8.5681e-10	-10.0	-2.5
193.5	1.8427e-05	8.6272e-10	-10.0	-2.5
194.0	1.843e-05	8.746e-10	-10.0	-2.5
194.5	1.843e-05	8.7058e-10	-10.0	-2.5
195.0	1.8431e-05	8.3816e-10	-10.0	-2.5
195.5	1.8432e-05	8.4387e-10	-10.0	-2.5
196.0	1.8431e-05	8.3826e-10	-10.0	-2.5
196.5	1.8432e-05	8.4288e-10	-10.0	-2.5
197.0	1.8435e-05	8.4338e-10	-10.0	-2.5
197.5	1.8434e-05	8.4429e-10	-10.0	-2.5
198.0	1.8435e-05	8.3601e-10	-10.0	-2.5
198.5	1.8436e-05	8.3598e-10	-10.0	-2.5
199.0	1.8436e-05	8.418e-10	-10.0	-2.5
199.5	1.8437e-05	8.4669e-10	-10.0	-2.5
200.0	1.8437e-05	8.4988e-10	-10.0	-2.5
200.5	1.8435e-05	8.6454e-10	-10.0	-2.5
201.0	1.8436e-05	8.5537e-10	-10.0	-2.5
201.5	1.8439e-05	8.5136e-10	-10.0	-2.5
202.0	1.8438e-05	8.5308e-10	-10.0	-2.5
202.5	1.844e-05	8.4302e-10	-10.0	-2.5
203.0	1.8441e-05	8.5041e-10	-10.0	-2.5
203.5	1.844e-05	8.5239e-10	-10.0	-2.5
204.0	1.8441e-05	8.5541e-10	-10.0	-2.5
204.5	1.8441e-05	8.464e-10	-10.0	-2.5
205.0	1.8442e-05	8.3207e-10	-10.0	-2.5
205.5	1.8441e-05	8.2895e-10	-10.0	-2.5
206.0	1.8443e-05	8.3217e-10	-10.0	-2.5
206.5	1.8445e-05	8.3561e-10	-10.0	-2.5
207.0	1.8444e-05	8.41e-10	-10.0	-2.5
207.5	1.8443e-05	9.0913e-10	-10.0	-2.5
208.0	1.8447e-05	8.6785e-10	-10.0	-2.5
208.5	1.8446e-05	8.4376e-10	-10.0	-2.5
209.0	1.8446e-05	8.3989e-10	-10.0	-2.5
209.5	1.8447e-05	8.4103e-10	-10.0	-2.5
210.0	1.8448e-05	8.508e-10	-10.0	-2.5
210.5	1.8448e-05	8.4147e-10	-10.0	-2.5
211.0	1.8449e-05	8.4583e-10	-10.0	-2.5
211.5	1.8451e-05	8.4133e-10	-10.0	-2.5
212.0	1.845e-05	8.4254e-10	-10.0	-2.5
212.5	1.8452e-05	8.4421e-10	-10.0	-2.5
213.0	1.8451e-05	8.4357e-10	-10.0	-2.5
213.5	1.8451e-05	8.4377e-10	-10.0	-2.5
214.0	1.845e-05	9.1316e-10	-10.0	-2.5
214.5	1.8451e-05	8.4202e-10	-10.0	-2.5
215.0	1.8453e-05	8.4319e-10	-10.0	-2.5
215.5	1.8451e-05	8.4333e-10	-10.0	-2.5
216.0	1.8452e-05	8.4128e-10	-10.0	-2.5
216.5	1.8452e-05	8.4035e-10	-10.0	-2.5
217.0	1.8454e-05	8.3732e-10	-10.0	-2.5
217.5	1.8454e-05	8.3065e-10	-10.0	-2.5
218.0	1.8453e-05	8.3778e-10	-10.0	-2.5
218.5	1.8453e-05	8.4214e-10	-10.0	-2.5
219.0	1.8455e-05	8.4324e-10	-10.0	-2.5
219.5	1.8456e-05	8.5316e-10	-10.0	-2.5
220.0	1.8457e-05	8.5119e-10	-10.0	-2.5
220.5	1.8459e-05	8.5877e-10	-10.0	-2.5
221.0	1.846e-05	8.4595e-10	-10.0	-2.5
221.5	1.846e-05	8.4505e-10	-10.0	-2.5
222.0	1.846e-05	8.4193e-10	-10.0	-2.5
222.5	1.8459e-05	8.4179e-10	-10.0	-2.5
223.0	1.8462e-05	8.4182e-10	-10.0	-2.5
223.5	1.8464e-05	8.4726e-10	-10.0	-2.5
224.0	1.8463e-05	8.502e-10	-10.0	-2.5
224.5	1.8463e-05	8.4686e-10	-10.0	-2.5
225.0	1.8463e-05	8.5013e-10	-10.0	-2.5
225.5	1.8465e-05	8.5099e-10	-10.0	-2.5
226.0	1.8467e-05	8.4483e-10	-10.0	-2.5
226.5	1.8466e-05	8.4636e-10	-10.0	-2.5
227.0	1.8467e-05	8.4671e-10	-10.0	-2.5
227.5	1.8466e-05	8.4557e-10	-10.0	-2.5
228.0	1.8467e-05	8.4317e-10	-10.0	-2.5
228.5	1.8468e-05	8.519e-10	-10.0	-2.5
229.0	1.8468e-05	8.4344e-10	-10.0	-2.5
229.5	1.847e-05	8.4454e-10	-10.0	-2.5
230.0	1.8471e-05	8.4156e-10	-10.0	-2.5
230.5	1.847e-05	8.4001e-10	-10.0	-2.5
231.0	1.847e-05	8.595e-10	-10.0	-2.5
231.5	1.8472e-05	8.4224e-10	-10.0	-2.5
232.0	1.8472e-05	8.4485e-10	-10.0	-2.5
232.5	1.8474e-05	8.4365e-10	-10.0	-2.5
233.0	1.8474e-05	8.4689e-10	-10.0	-2.5
233.5	1.8469e-05	8.498e-10	-10.0	-2.5
234.0	1.8472e-05	8.5626e-10	-10.0	-2.5
234.5	1.8474e-05	8.5375e-10	-10.0	-2.5
235.0	1.8474e-05	8.544e-10	-10.0	-2.5
235.5	1.8476e-05	8.5313e-10	-10.0	-2.5
236.0	1.8475e-05	8.4733e-10	-10.0	-2.5
236.5	1.8474e-05	8.5467e-10	-10.0	-2.5
237.0	1.8475e-05	8.6262e-10	-10.0	-2.5
237.5	1.8475e-05	8.513e-10	-10.0	-2.5
238.0	1.8475e-05	8.5414e-10	-10.0	-2.5
238.5	1.8475e-05	8.5459e-10	-10.0	-2.5
239.0	1.8478e-05	8.5638e-10	-10.0	-2.5
239.5	1.8479e-05	8.6348e-10	-10.0	-2.5
240.0	1.8476e-05	8.5269e-10	-10.0	-2.5
240.5	1.8476e-05	8.4587e-10	-10.0	-2.5
241.0	1.8478e-05	8.5799e-10	-10.0	-2.5
241.5	1.8481e-05	8.4715e-10	-10.0	-2.5
242.0	1.8481e-05	9.1966e-10	-10.0	-2.5
242.5	1.8482e-05	9.2601e-10	-10.0	-2.5
243.0	1.8482e-05	9.2224e-10	-10.0	-2.5
243.5	1.8483e-05	9.2929e-10	-10.0	-2.5
244.0	1.8484e-05	9.2631e-10	-10.0	-2.5
244.5	1.8485e-05	9.2513e-10	-10.0	-2.5
245.0	1.8488e-05	9.2622e-10	-10.0	-2.5
245.5	1.8487e-05	9.2929e-10	-10.0	-2.5
246.0	1.8488e-05	9.2341e-10	-10.0	-2.5
246.5	1.8489e-05	9.1871e-10	-10.0	-2.5
247.0	1.8488e-05	9.1818e-10	-10.0	-2.5
247.5	1.8489e-05	9.139e-10	-10.0	-2.5
248.0	1.8489e-05	9.1619e-10	-10.0	-2.5
248.5	1.8489e-05	9.2111e-10	-10.0	-2.5
249.0	1.849e-05	9.203e-10	-10.0	-2.5
249.5	1.849e-05	9.1975e-10	-10.0	-2.5
250.0	1.8489e-05	9.1851e-10	-10.0	-2.5
250.5	1.8492e-05	9.2289e-10	-10.0	-2.5
251.0	1.8493e-05	9.118e-10	-10.0	-2.5
251.5	1.8493e-05	9.1916e-10	-10.0	-2.5
252.0	1.8494e-05	9.2497e-10	-10.0	-2.5
252.5	1.8495e-05	9.2004e-10	-10.0	-2.5
253.0	1.8495e-05	9.1898e-10	-10.0	-2.5
253.5	1.8495e-05	9.1375e-10	-10.0	-2.5
254.0	1.8495e-05	9.1917e-10	-10.0	-2.5
254.5	1.8496e-05	9.1457e-10	-10.0	-2.5
255.0	1.8496e-05	9.1265e-10	-10.0	-2.5
255.5	1.8496e-05	9.2064e-10	-10.0	-2.5
256.0	1.8497e-05	9.1939e-10	-10.0	-2.5
256.5	1.8498e-05	9.2501e-10	-10.0	-2.5
257.0	1.8496e-05	9.2392e-10	-10.0	-2.5
257.5	1.8496e-05	9.2188e-10	-10.0	-2.5
258.0	1.8498e-05	9.2271e-10	-10.0	-2.5
258.5	1.8498e-05	9.1552e-10	-10.0	-2.5
259.0	1.8497e-05	9.1674e-10	-10.0	-2.5
259.5	1.8497e-05	9.1729e-10	-10.0	-2.5
260.0	1.8498e-05	9.2174e-10	-10.0	-2.5
260.5	1.8499e-05	9.2044e-10	-10.0	-2.5
261.0	1.8501e-05	9.1836e-10	-10.0	-2.5
261.5	1.8501e-05	9.154e-10	-10.0	-2.5
262.0	1.8502e-05	9.163e-10	-10.0	-2.5
262.5	1.8503e-05	9.203e-10	-10.0	-2.5
263.0	1.8502e-05	9.1149e-10	-10.0	-2.5
263.5	1.8503e-05	9.1353e-10	-10.0	-2.5
264.0	1.8502e-05	9.1761e-10	-10.0	-2.5
264.5	1.8501e-05	9.1722e-10	-10.0	-2.5
265.0	1.85e-05	9.1319e-10	-10.0	-2.5
265.5	1.8499e-05	9.0781e-10	-10.0	-2.5
266.0	1.8501e-05	9.2044e-10	-10.0	-2.5
266.5	1.85e-05	9.0835e-10	-10.0	-2.5
267.0	1.8501e-05	9.1037e-10	-10.0	-2.5
267.5	1.8502e-05	9.0982e-10	-10.0	-2.5
268.0	1.8504e-05	9.1942e-10	-10.0	-2.5
268.5	1.8504e-05	9.1409e-10	-10.0	-2.5
269.0	1.8502e-05	9.0444e-10	-10.0	-2.5
269.5	1.8502e-05	9.8586e-10	-10.0	-2.5
270.0	1.8504e-05	9.2533e-10	-10.0	-2.5
270.5	1.8502e-05	8.9396e-10	-10.0	-2.5
271.0	1.8503e-05	8.9266e-10	-10.0	-2.5
271.5	1.8504e-05	9.0689e-10	-10.0	-2.5
272.0	1.8505e-05	8.9752e-10	-10.0	-2.5
272.5	1.8507e-05	9.0941e-10	-10.0	-2.5
273.0	1.8507e-05	9.1069e-10	-10.0	-2.5
273.5	1.8505e-05	9.0885e-10	-10.0	-2.5
274.0	1.8506e-05	9.1042e-10	-10.0	-2.5
274.5	1.8506e-05	9.1223e-10	-10.0	-2.5
275.0	1.8503e-05	9.0773e-10	-10.0	-2.5
275.5	1.8505e-05	9.2077e-10	-10.0	-2.5
276.0	1.8504e-05	9.1322e-10	-10.0	-2.5
276.5	1.8503e-05	9.1869e-10	-10.0	-2.5
277.0	1.8504e-05	9.1331e-10	-10.0	-2.5
277.5	1.8504e-05	9.0384e-10	-10.0	-2.5
278.0	1.8504e-05	9.105e-10	-10.0	-2.5
278.5	1.8504e-05	9.1353e-10	-10.0	-2.5
279.0	1.8503e-05	9.1042e-10	-10.0	-2.5
279.5	1.8504e-05	9.1265e-10	-10.0	-2.5
280.0	1.8504e-05	9.1591e-10	-10.0	-2.5
280.5	1.8503e-05	9.0859e-10	-10.0	-2.5
281.0	1.8503e-05	9.0284e-10	-10.0	-2.5
281.5	1.8504e-05	9.0369e-10	-10.0	-2.5
282.0	1.8504e-05	9.0605e-10	-10.0	-2.5
282.5	1.8506e-05	9.0766e-10	-10.0	-2.5
283.0	1.8505e-05	9.0458e-10	-10.0	-2.5
283.5	1.8505e-05	9.0079e-10	-10.0	-2.5
284.0	1.8502e-05	9.0062e-10	-10.0	-2.5
284.5	1.8506e-05	9.0048e-10	-10.0	-2.5
285.0	1.8506e-05	8.9567e-10	-10.0	-2.5
285.5	1.8506e-05	8.8395e-10	-10.0	-2.5
286.0	1.8505e-05	8.9935e-10	-10.0	-2.5
286.5	1.8507e-05	9.0486e-10	-10.0	-2.5
287.0	1.8504e-05	9.1213e-10	-10.0	-2.5
287.5	1.8504e-05	9.0386e-10	-10.0	-2.5
288.0	1.8505e-05	9.0726e-10	-10.0	-2.5
288.5	1.8505e-05	9.1359e-10	-10.0	-2.5
289.0	1.8506e-05	8.9996e-10	-10.0	-2.5
289.5	1.8505e-05	8.9596e-10	-10.0	-2.5
290.0	1.8507e-05	8.9959e-10	-10.0	-2.5
290.5	1.8504e-05	8.9357e-10	-10.0	-2.5
291.0	1.8504e-05	8.9771e-10	-10.0	-2.5
291.5	1.8505e-05	8.941e-10	-10.0	-2.5
292.0	1.8505e-05	8.8799e-10	-10.0	-2.5
292.5	1.8505e-05	8.9096e-10	-10.0	-2.5
293.0	1.8506e-05	8.9162e-10	-10.0	-2.5
293.5	1.8507e-05	9.0299e-10	-10.0	-2.5
294.0	1.8505e-05	9.0171e-10	-10.0	-2.5
294.5	1.8503e-05	9.1415e-10	-10.0	-2.5
295.0	1.8505e-05	9.1625e-10	-10.0	-2.5
295.5	1.8504e-05	8.9349e-10	-10.0	-2.5
296.0	1.8505e-05	8.9254e-10	-10.0	-2.5
296.5	1.8505e-05	8.8921e-10	-10.0	-2.5
297.0	1.8503e-05	8.9568e-10	-10.0	-2.5
297.5	1.8503e-05	8.9426e-10	-10.0	-2.5
298.0	1.8505e-05	8.9715e-10	-10.0	-2.5
298.5	1.8502e-05	8.9372e-10	-10.0	-2.5
299.0	1.8503e-05	8.8495e-10	-10.0	-2.5
299.5	1.8506e-05	8.9043e-10	-10.0	-2.5
300.0	1.8505e-05	8.9378e-10	-10.0	-2.5
300.5	1.8505e-05	8.8826e-10	-10.0	-2.5
301.0	1.8505e-05	8.8619e-10	-10.0	-2.5
301.5	1.8504e-05	8.7472e-10	-10.0	-2.5
302.0	1.8507e-05	8.1797e-10	-10.0	-2.5
302.5	1.8506e-05	8.1754e-10	-10.0	-2.5
303.0	1.8506e-05	8.1571e-10	-10.0	-2.5
303.5	1.8506e-05	8.1913e-10	-10.0	-2.5
304.0	1.8507e-05	8.1576e-10	-10.0	-2.5
304.5	1.8506e-05	8.175e-10	-10.0	-2.5
305.0	1.8508e-05	8.2318e-10	-10.0	-2.5
305.5	1.8506e-05	8.2106e-10	-10.0	-2.5
306.0	1.8506e-05	8.1681e-10	-10.0	-2.5
306.5	1.8506e-05	8.1787e-10	-10.0	-2.5
307.0	1.8504e-05	8.1577e-10	-10.0	-2.5
307.5	1.8505e-05	8.1882e-10	-10.0	-2.5
308.0	1.8504e-05	8.1706e-10	-10.0	-2.5
308.5	1.8504e-05	8.1543e-10	-10.0	-2.5
309.0	1.8505e-05	8.1619e-10	-10.0	-2.5
309.5	1.8504e-05	8.1719e-10	-10.0	-2.5
310.0	1.8504e-05	8.2309e-10	-10.0	-2.5
310.5	1.8504e-05	8.165e-10	-10.0	-2.5
311.0	1.8503e-05	8.1747e-10	-10.0	-2.5
311.5	1.8505e-05	8.2028e-10	-10.0	-2.5
312.0	1.8506e-05	8.1679e-10	-10.0	-2.5
312.5	1.8504e-05	8.1628e-10	-10.0	-2.5
313.0	1.8507e-05	8.1069e-10	-10.0	-2.5
313.5	1.8507e-05	8.1385e-10	-10.0	-2.5
314.0	1.8508e-05	8.15e-10	-10.0	-2.5
314.5	1.8508e-05	8.1327e-10	-10.0	-2.5
315.0	1.8507e-05	8.1192e-10	-10.0	-2.5
315.5	1.851e-05	8.1702e-10	-10.0	-2.5
316.0	1.8511e-05	8.1897e-10	-10.0	-2.5
316.5	1.8509e-05	8.1341e-10	-10.0	-2.5
317.0	1.851e-05	8.1379e-10	-10.0	-2.5
317.5	1.8512e-05	8.2019e-10	-10.0	-2.5
318.0	1.8513e-05	8.0935e-10	-10.0	-2.5
318.5	1.8512e-05	8.1362e-10	-10.0	-2.5
319.0	1.8513e-05	8.103e-10	-10.0	-2.5
319.5	1.8513e-05	8.1845e-10	-10.0	-2.5
320.0	1.8515e-05	8.4335e-10	-10.0	-2.5
320.5	1.8516e-05	8.27e-10	-10.0	-2.5
321.0	1.8515e-05	8.2436e-10	-10.0	-2.5
321.5	1.8516e-05	8.5322e-10	-10.0	-2.5
322.0	1.8516e-05	8.1816e-10	-10.0	-2.5
322.5	1.8517e-05	8.1406e-10	-10.0	-2.5
323.0	1.8516e-05	8.1664e-10	-10.0	-2.5
323.5	1.8518e-05	8.326e-10	-10.0	-2.5
324.0	1.852e-05	8.1433e-10	-10.0	-2.5
324.5	1.852e-05	8.2146e-10	-10.0	-2.5
325.0	1.8519e-05	8.21e-10	-10.0	-2.5
325.5	1.8523e-05	8.1427e-10	-10.0	-2.5
326.0	1.8521e-05	8.146e-10	-10.0	-2.5
326.5	1.8521e-05	8.1243e-10	-10.0	-2.5
327.0	1.8524e-05	8.1616e-10	-10.0	-2.5
327.5	1.8524e-05	8.0977e-10	-10.0	-2.5
328.0	1.8524e-05	8.193e-10	-10.0	-2.5
328.5	1.8524e-05	8.1832e-10	-10.0	-2.5
329.0	1.8526e-05	8.1088e-10	-10.0	-2.5
329.5	1.8525e-05	8.1245e-10	-10.0	-2.5
330.0	1.8524e-05	8.2187e-10	-10.0	-2.5
330.5	1.8527e-05	8.1767e-10	-10.0	-2.5
331.0	1.8525e-05	8.1209e-10	-10.0	-2.5
331.5	1.8528e-05	8.1046e-10	-10.0	-2.5
332.0	1.8529e-05	8.078e-10	-10.0	-2.5
332.5	1.8528e-05	8.1072e-10	-10.0	-2.5
333.0	1.8529e-05	8.1414e-10	-10.0	-2.5
333.5	1.8528e-05	8.2006e-10	-10.0	-2.5
334.0	1.853e-05	8.2509e-10	-10.0	-2.5
334.5	1.853e-05	8.1831e-10	-10.0	-2.5
335.0	1.853e-05	8.1799e-10	-10.0	-2.5
335.5	1.853e-05	8.1681e-10	-10.0	-2.5
336.0	1.853e-05	8.1122e-10	-10.0	-2.5
336.5	1.8531e-05	8.1408e-10	-10.0	-2.5
337.0	1.853e-05	8.1189e-10	-10.0	-2.5
337.5	1.8532e-05	8.0757e-10	-10.0	-2.5
338.0	1.853e-05	8.0844e-10	-10.0	-2.5
338.5	1.8533e-05	8.0971e-10	-10.0	-2.5
339.0	1.8532e-05	8.1015e-10	-10.0	-2.5
339.5	1.8532e-05	8.105e-10	-10.0	-2.5
340.0	1.8532e-05	8.1315e-10	-10.0	-2.5
340.5	1.8531e-05	8.135e-10	-10.0	-2.5
341.0	1.8533e-05	8.1819e-10	-10.0	-2.5
341.5	1.8534e-05	8.1588e-10	-10.0	-2.5
342.0	1.8534e-05	8.1266e-10	-10.0	-2.5
342.5	1.8534e-05	8.1487e-10	-10.0	-2.5
343.0	1.8534e-05	8.1418e-10	-10.0	-2.5
343.5	1.8534e-05	8.142e-10	-10.0	-2.5
344.0	1.8535e-05	8.2079e-10	-10.0	-2.5
344.5	1.8537e-05	8.1624e-10	-10.0	-2.5
345.0	1.8536e-05	8.1477e-10	-10.0	-2.5
345.5	1.8536e-05	8.1245e-10	-10.0	-2.5
346.0	1.8536e-05	8.1472e-10	-10.0	-2.5
346.5	1.8539e-05	8.1758e-10	-10.0	-2.5
347.0	1.8538e-05	8.1154e-10	-10.0	-2.5
347.5	1.8537e-05	8.1476e-10	-10.0	-2.5
348.0	1.854e-05	8.1218e-10	-10.0	-2.5
348.5	1.8539e-05	8.1842e-10	-10.0	-2.5
349.0	1.8539e-05	8.1302e-10	-10.0	-2.5
349.5	1.8542e-05	8.1374e-10	-10.0	-2.5
350.0	1.8541e-05	8.0857e-10	-10.0	-2.5
350.5	1.8542e-05	8.1313e-10	-10.0	-2.5
351.0	1.8545e-05	8.1558e-10	-10.0	-2.5
351.5	1.8545e-05	8.1918e-10	-10.0	-2.5
352.0	1.8546e-05	8.1706e-10	-10.0	-2.5
352.5	1.8548e-05	8.209e-10	-10.0	-2.5
353.0	1.855e-05	8.2402e-10	-10.0	-2.5
353.5	1.8548e-05	8.1914e-10	-10.0	-2.5
354.0	1.8546e-05	8.2703e-10	-10.0	-2.5
354.5	1.8547e-05	8.2568e-10	-10.0	-2.5
355.0	1.8547e-05	8.2156e-10	-10.0	-2.5
355.5	1.8546e-05	8.1878e-10	-10.0	-2.5
356.0	1.8547e-05	8.2485e-10	-10.0	-2.5
356.5	1.8547e-05	8.3025e-10	-10.0	-2.5
357.0	1.8549e-05	8.1406e-10	-10.0	-2.5
357.5	1.855e-05	8.193e-10	-10.0	-2.5
358.0	1.855e-05	8.1778e-10	-10.0	-2.5
358.5	1.8551e-05	8.1832e-10	-10.0	-2.5
359.0	1.8552e-05	8.1435e-10	-10.0	-2.5
359.5	1.8551e-05	8.2578e-10	-10.0	-2.5
360.0	1.8549e-05	8.2478e-10	-10.0	-2.5
360.5	1.855e-05	8.1439e-10	-10.0	-2.5
361.0	1.8553e-05	8.1483e-10	-10.0	-2.5
361.5	1.8553e-05	8.2574e-10	-10.0	-2.5
362.0	1.8557e-05	8.9616e-10	-10.0	-2.5
362.5	1.8557e-05	8.9436e-10	-10.0	-2.5
363.0	1.8556e-05	9.0122e-10	-10.0	-2.5
363.5	1.8559e-05	8.9808e-10	-10.0	-2.5
364.0	1.8559e-05	8.9309e-10	-10.0	-2.5
364.5	1.856e-05	9.0147e-10	-10.0	-2.5
365.0	1.8559e-05	8.9472e-10	-10.0	-2.5
365.5	1.856e-05	8.8861e-10	-10.0	-2.5
366.0	1.8562e-05	8.8981e-10	-10.0	-2.5
366.5	1.8561e-05	8.8811e-10	-10.0	-2.5
367.0	1.8561e-05	8.8561e-10	-10.0	-2.5
367.5	1.8561e-05	8.8973e-10	-10.0	-2.5
368.0	1.8562e-05	8.9396e-10	-10.0	-2.5
368.5	1.8562e-05	8.9043e-10	-10.0	-2.5
369.0	1.8564e-05	8.9628e-10	-10.0	-2.5
369.5	1.8565e-05	9.0781e-10	-10.0	-2.5
370.0	1.8565e-05	9.099e-10	-10.0	-2.5
370.5	1.8563e-05	8.9422e-10	-10.0	-2.5
371.0	1.8564e-05	8.881e-10	-10.0	-2.5
371.5	1.8564e-05	8.9691e-10	-10.0	-2.5
372.0	1.8565e-05	8.943e-10	-10.0	-2.5
372.5	1.8566e-05	8.9605e-10	-10.0	-2.5
373.0	1.8565e-05	8.9879e-10	-10.0	-2.5
373.5	1.8566e-05	8.9156e-10	-10.0	-2.5
374.0	1.8565e-05	8.9145e-10	-10.0	-2.5
374.5	1.8567e-05	8.9442e-10	-10.0	-2.5
375.0	1.8566e-05	8.9233e-10	-10.0	-2.5
375.5	1.8566e-05	8.9059e-10	-10.0	-2.5
376.0	1.8567e-05	8.8951e-10	-10.0	-2.5
376.5	1.8566e-05	8.9959e-10	-10.0	-2.5
377.0	1.8565e-05	8.9238e-10	-10.0	-2.5
377.5	1.8567e-05	9.1804e-10	-10.0	-2.5
378.0	1.8568e-05	8.9338e-10	-10.0	-2.5
378.5	1.8568e-05	8.9402e-10	-10.0	-2.5
379.0	1.8569e-05	8.9802e-10	-10.0	-2.5
379.5	1.8569e-05	8.9748e-10	-10.0	-2.5
380.0	1.8568e-05	9.0596e-10	-10.0	-2.5
380.5	1.8568e-05	9.0943e-10	-10.0	-2.5
381.0	1.8571e-05	8.9944e-10	-10.0	-2.5
381.5	1.8572e-05	9.0008e-10	-10.0	-2.5
382.0	1.8573e-05	8.9888e-10	-10.0	-2.5
382.5	1.8571e-05	8.9088e-10	-10.0	-2.5
383.0	1.857e-05	8.8793e-10	-10.0	-2.5
383.5	1.8569e-05	8.9057e-10	-10.0	-2.5
384.0	1.8568e-05	8.9141e-10	-10.0	-2.5
384.5	1.8569e-05	8.9142e-10	-10.0	-2.5
385.0	1.8569e-05	8.9704e-10	-10.0	-2.5
385.5	1.8569e-05	9.0772e-10	-10.0	-2.5
386.0	1.857e-05	8.8906e-10	-10.0	-2.5
386.5	1.8569e-05	8.9085e-10	-10.0	-2.5
387.0	1.8568e-05	8.8887e-10	-10.0	-2.5
387.5	1.857e-05	8.8829e-10	-10.0	-2.5
388.0	1.857e-05	9.0564e-10	-10.0	-2.5
388.5	1.8569e-05	8.9329e-10	-10.0	-2.5
389.0	1.8571e-05	8.8768e-10	-10.0	-2.5
389.5	1.8569e-05	8.9464e-10	-10.0	-2.5
390.0	1.8569e-05	8.9446e-10	-10.0	-2.5
390.5	1.8568e-05	8.96e-10	-10.0	-2.5
391.0	1.8568e-05	8.9245e-10	-10.0	-2.5
391.5	1.8569e-05	8.9968e-10	-10.0	-2.5
392.0	1.8568e-05	8.9054e-10	-10.0	-2.5
392.5	1.8566e-05	8.9284e-10	-10.0	-2.5
393.0	1.8566e-05	8.9573e-10	-10.0	-2.5
393.5	1.8566e-05	9.0195e-10	-10.0	-2.5
394.0	1.8567e-05	8.8426e-10	-10.0	-2.5
394.5	1.8565e-05	8.8453e-10	-10.0	-2.5
395.0	1.8566e-05	8.9345e-10	-10.0	-2.5
395.5	1.8567e-05	8.8969e-10	-10.0	-2.5
396.0	1.8567e-05	8.9455e-10	-10.0	-2.5
396.5	1.8566e-05	8.9533e-10	-10.0	-2.5
397.0	1.8566e-05	9.0284e-10	-10.0	-2.5
397.5	1.8564e-05	9.0494e-10	-10.0	-2.5
398.0	1.8564e-05	9.0349e-10	-10.0	-2.5
398.5	1.8561e-05	9.0209e-10	-10.0	-2.5
399.0	1.8561e-05	9.0283e-10	-10.0	-2.5
399.5	1.8562e-05	9.035e-10	-10.0	-2.5
400.0	1.8562e-05	8.8921e-10	-10.0	-2.5
400.5	1.8563e-05	9.0633e-10	-10.0	-2.5
401.0	1.8562e-05	8.8384e-10	-10.0	-2.5
401.5	1.8562e-05	8.8425e-10	-10.0	-2.5
402.0	1.8561e-05	8.9521e-10	-10.0	-2.5
402.5	1.856e-05	8.926e-10	-10.0	-2.5
403.0	1.8562e-05	8.8006e-10	-10.0	-2.5
403.5	1.8561e-05	8.8511e-10	-10.0	-2.5
404.0	1.856e-05	8.7571e-10	-10.0	-2.5
404.5	1.8559e-05	8.7336e-10	-10.0	-2.5
405.0	1.8559e-05	8.8074e-10	-10.0	-2.5
405.5	1.8556e-05	8.8802e-10	-10.0	-2.5
406.0	1.8556e-05	8.8129e-10	-10.0	-2.5
406.5	1.856e-05	8.7136e-10	-10.0	-2.5
407.0	1.856e-05	8.7989e-10	-10.0	-2.5
407.5	1.8559e-05	8.819e-10	-10.0	-2.5
408.0	1.8557e-05	8.7265e-10	-10.0	-2.5
408.5	1.8558e-05	8.7142e-10	-10.0	-2.5
409.0	1.8559e-05	8.7453e-10	-10.0	-2.5
409.5	1.8558e-05	8.7158e-10	-10.0	-2.5
410.0	1.8559e-05	8.7847e-10	-10.0	-2.5
410.5	1.8558e-05	8.7979e-10	-10.0	-2.5
411.0	1.8558e-05	8.7882e-10	-10.0	-2.5
411.5	1.8558e-05	8.7608e-10	-10.0	-2.5
412.0	1.8561e-05	8.7438e-10	-10.0	-2.5
412.5	1.8561e-05	8.8277e-10	-10.0	-2.5
413.0	1.856e-05	8.7939e-10	-10.0	-2.5
413.5	1.856e-05	8.7545e-10	-10.0	-2.5
414.0	1.8562e-05	8.7479e-10	-10.0	-2.5
414.5	1.8563e-05	8.8569e-10	-10.0	-2.5
415.0	1.8563e-05	8.7811e-10	-10.0	-2.5
415.5	1.8563e-05	8.7648e-10	-10.0	-2.5
416.0	1.8562e-05	8.7516e-10	-10.0	-2.5
416.5	1.8561e-05	8.749e-10	-10.0	-2.5
417.0	1.8562e-05	8.7467e-10	-10.0	-2.5
417.5	1.856e-05	8.7847e-10	-10.0	-2.5
418.0	1.8564e-05	8.7381e-10	-10.0	-2.5
418.5	1.8562e-05	8.7836e-10	-10.0	-2.5
419.0	1.8563e-05	8.6903e-10	-10.0	-2.5
419.5	1.8561e-05	8.6815e-10	-10.0	-2.5
420.0	1.856e-05	8.7502e-10	-10.0	-2.5
420.5	1.856e-05	8.7618e-10	-10.0	-2.5
421.0	1.8562e-05	8.7436e-10	-10.0	-2.5
421.5	1.8558e-05	8.6782e-10	-10.0	-2.5
422.0	1.856e-05	8.0858e-10	-10.0	-2.5
422.5	1.8559e-05	7.9422e-10	-10.0	-2.5
423.0	1.856e-05	7.9743e-10	-10.0	-2.5
423.5	1.8563e-05	7.9945e-10	-10.0	-2.5
424.0	1.8563e-05	7.9727e-10	-10.0	-2.5
424.5	1.8563e-05	7.9975e-10	-10.0	-2.5
425.0	1.8563e-05	8.0056e-10	-10.0	-2.5
425.5	1.8561e-05	8.0947e-10	-10.0	-2.5
426.0	1.8564e-05	8.0383e-10	-10.0	-2.5
426.5	1.8563e-05	8.072e-10	-10.0	-2.5
427.0	1.8564e-05	7.9676e-10	-10.0	-2.5
427.5	1.8565e-05	7.953e-10	-10.0	-2.5
428.0	1.8561e-05	7.9948e-10	-10.0	-2.5
428.5	1.8561e-05	7.9936e-10	-10.0	-2.5
429.0	1.8561e-05	7.9899e-10	-10.0	-2.5
429.5	1.8563e-05	7.9595e-10	-10.0	-2.5
430.0	1.8562e-05	7.9495e-10	-10.0	-2.5
430.5	1.8563e-05	7.9509e-10	-10.0	-2.5
431.0	1.8564e-05	8.0186e-10	-10.0	-2.5
431.5	1.8563e-05	8.7646e-10	-10.0	-2.5
432.0	1.8565e-05	8.8131e-10	-10.0	-2.5
432.5	1.8567e-05	8.8683e-10	-10.0	-2.5
433.0	1.8567e-05	8.8798e-10	-10.0	-2.5
433.5	1.8564e-05	8.8298e-10	-10.0	-2.5
434.0	1.8565e-05	8.7458e-10	-10.0	-2.5
434.5	1.8563e-05	8.9698e-10	-10.0	-2.5
435.0	1.8564e-05	8.8601e-10	-10.0	-2.5
435.5	1.8564e-05	8.7913e-10	-10.0	-2.5
436.0	1.8563e-05	8.734e-10	-10.0	-2.5
436.5	1.8563e-05	8.6429e-10	-10.0	-2.5
437.0	1.8562e-05	9.002e-10	-10.0	-2.5
437.5	1.8562e-05	8.7197e-10	-10.0	-2.5
438.0	1.8561e-05	8.4881e-10	-10.0	-2.5
438.5	1.8562e-05	8.5053e-10	-10.0	-2.5
439.0	1.8562e-05	8.3128e-10	-10.0	-2.5
439.5	1.8565e-05	8.5299e-10	-10.0	-2.5
440.0	1.8564e-05	8.3747e-10	-10.0	-2.5
440.5	1.8563e-05	8.0225e-10	-10.0	-2.5
441.0	1.8565e-05	8.0145e-10	-10.0	-2.5
441.5	1.8565e-05	7.9961e-10	-10.0	-2.5
442.0	1.8567e-05	8.0178e-10	-10.0	-2.5
442.5	1.8566e-05	8.0289e-10	-10.0	-2.5
443.0	1.8568e-05	8.009e-10	-10.0	-2.5
443.5	1.8568e-05	8.0573e-10	-10.0	-2.5
444.0	1.857e-05	8.1588e-10	-10.0	-2.5
444.5	1.857e-05	8.3005e-10	-10.0	-2.5
445.0	1.857e-05	8.3034e-10	-10.0	-2.5
445.5	1.8569e-05	8.1297e-10	-10.0	-2.5
446.0	1.8566e-05	8.3464e-10	-10.0	-2.5
446.5	1.8568e-05	7.9156e-10	-10.0	-2.5
447.0	1.8569e-05	8.0163e-10	-10.0	-2.5
447.5	1.8567e-05	8.0506e-10	-10.0	-2.5
448.0	1.8571e-05	8.0295e-10	-10.0	-2.5
448.5	1.857e-05	8.0421e-10	-10.0	-2.5
449.0	1.8571e-05	8.0168e-10	-10.0	-2.5
449.5	1.8573e-05	8.3164e-10	-10.0	-2.5
450.0	1.8574e-05	8.0462e-10	-10.0	-2.5
450.5	1.8574e-05	8.0457e-10	-10.0	-2.5
451.0	1.8574e-05	8.0284e-10	-10.0	-2.5
451.5	1.8577e-05	7.9835e-10	-10.0	-2.5
452.0	1.8576e-05	8.0721e-10	-10.0	-2.5
452.5	1.8575e-05	8.0045e-10	-10.0	-2.5
453.0	1.8578e-05	8.092e-10	-10.0	-2.5
453.5	1.8578e-05	8.0252e-10	-10.0	-2.5
454.0	1.8578e-05	7.9607e-10	-10.0	-2.5
454.5	1.8579e-05	7.9831e-10	-10.0	-2.5
455.0	1.8581e-05	7.9926e-10	-10.0	-2.5
455.5	1.8579e-05	7.9117e-10	-10.0	-2.5
456.0	1.8581e-05	8.0161e-10	-10.0	-2.5
456.5	1.8582e-05	7.9582e-10	-10.0	-2.5
457.0	1.8581e-05	7.9236e-10	-10.0	-2.5
457.5	1.858e-05	7.9876e-10	-10.0	-2.5
458.0	1.8583e-05	8.0292e-10	-10.0	-2.5
458.5	1.8582e-05	8.0234e-10	-10.0	-2.5
459.0	1.8584e-05	8.0339e-10	-10.0	-2.5
459.5	1.8583e-05	8.0209e-10	-10.0	-2.5
460.0	1.8583e-05	7.9866e-10	-10.0	-2.5
460.5	1.8584e-05	7.9929e-10	-10.0	-2.5
461.0	1.8584e-05	8.0003e-10	-10.0	-2.5
461.5	1.8585e-05	8.0142e-10	-10.0	-2.5
462.0	1.8585e-05	8.0359e-10	-10.0	-2.5
462.5	1.8584e-05	7.9833e-10	-10.0	-2.5
463.0	1.8585e-05	7.9925e-10	-10.0	-2.5
463.5	1.8588e-05	8.0874e-10	-10.0	-2.5
464.0	1.8586e-05	8.0161e-10	-10.0	-2.5
464.5	1.8586e-05	8.0493e-10	-10.0	-2.5
465.0	1.8587e-05	8.0553e-10	-10.0	-2.5
465.5	1.8589e-05	8.039e-10	-10.0	-2.5
466.0	1.859e-05	8.0222e-10	-10.0	-2.5
466.5	1.8591e-05	8.0608e-10	-10.0	-2.5
467.0	1.8591e-05	8.4622e-10	-10.0	-2.5
467.5	1.8593e-05	8.3442e-10	-10.0	-2.5
468.0	1.8595e-05	8.0307e-10	-10.0	-2.5
468.5	1.8594e-05	8.0461e-10	-10.0	-2.5
469.0	1.8595e-05	7.9466e-10	-10.0	-2.5
469.5	1.8596e-05	7.975e-10	-10.0	-2.5
470.0	1.8597e-05	8.0524e-10	-10.0	-2.5
470.5	1.8596e-05	8.0124e-10	-10.0	-2.5
471.0	1.8598e-05	8.092e-10	-10.0	-2.5
471.5	1.8599e-05	8.0378e-10	-10.0	-2.5
472.0	1.8598e-05	8.0532e-10	-10.0	-2.5
472.5	1.8599e-05	7.9873e-10	-10.0	-2.5
473.0	1.86e-05	8.0423e-10	-10.0	-2.5
473.5	1.86e-05	8.0945e-10	-10.0	-2.5
474.0	1.86e-05	8.0371e-10	-10.0	-2.5
474.5	1.86e-05	8.0445e-10	-10.0	-2.5
475.0	1.8599e-05	8.1319e-10	-10.0	-2.5
475.5	1.86e-05	8.0963e-10	-10.0	-2.5
476.0	1.8603e-05	8.184e-10	-10.0	-2.5
476.5	1.8601e-05	8.0831e-10	-10.0	-2.5
477.0	1.8604e-05	8.3332e-10	-10.0	-2.5
477.5	1.8604e-05	8.1263e-10	-10.0	-2.5
478.0	1.8604e-05	8.0886e-10	-10.0	-2.5
478.5	1.8606e-05	8.0715e-10	-10.0	-2.5
479.0	1.8605e-05	8.1701e-10	-10.0	-2.5
479.5	1.8607e-05	8.1567e-10	-10.0	-2.5
480.0	1.8605e-05	8.2021e-10	-10.0	-2.5
480.5	1.8607e-05	8.05e-10	-10.0	-2.5
481.0	1.8605e-05	8.1065e-10	-10.0	-2.5
481.5	1.8605e-05	7.9298e-10	-10.0	-2.5
482.0	1.861e-05	8.8096e-10	-10.0	-2.5
482.5	1.861e-05	9.0576e-10	-10.0	-2.5
483.0	1.8609e-05	8.9815e-10	-10.0	-2.5
483.5	1.861e-05	8.8904e-10	-10.0	-2.5
484.0	1.8611e-05	9.2093e-10	-10.0	-2.5
484.5	1.8611e-05	9.266e-10	-10.0	-2.5
485.0	1.8612e-05	9.3294e-10	-10.0	-2.5
485.5	1.8611e-05	9.0206e-10	-10.0	-2.5
486.0	1.8609e-05	9.0234e-10	-10.0	-2.5
486.5	1.8609e-05	8.9121e-10	-10.0	-2.5
487.0	1.8609e-05	8.9502e-10	-10.0	-2.5
487.5	1.8611e-05	8.8801e-10	-10.0	-2.5
488.0	1.8613e-05	8.7919e-10	-10.0	-2.5
488.5	1.8611e-05	8.9315e-10	-10.0	-2.5
489.0	1.8612e-05	8.8343e-10	-10.0	-2.5
489.5	1.8609e-05	8.8427e-10	-10.0	-2.5
490.0	1.861e-05	8.932e-10	-10.0	-2.5
490.5	1.8609e-05	8.9915e-10	-10.0	-2.5
491.0	1.861e-05	8.902e-10	-10.0	-2.5
491.5	1.8611e-05	8.8049e-10	-10.0	-2.5
492.0	1.8611e-05	8.8472e-10	-10.0	-2.5
492.5	1.8614e-05	8.924e-10	-10.0	-2.5
493.0	1.8613e-05	9.4418e-10	-10.0	-2.5
493.5	1.8613e-05	9.009e-10	-10.0	-2.5
494.0	1.8615e-05	8.9895e-10	-10.0	-2.5
494.5	1.8615e-05	8.9161e-10	-10.0	-2.5
495.0	1.8616e-05	9.2629e-10	-10.0	-2.5
495.5	1.8617e-05	9.3108e-10	-10.0	-2.5
496.0	1.8616e-05	9.3638e-10	-10.0	-2.5
496.5	1.8614e-05	9.3234e-10	-10.0	-2.5
497.0	1.8612e-05	9.3191e-10	-10.0	-2.5
497.5	1.8614e-05	9.6956e-10	-10.0	-2.5
498.0	1.8615e-05	8.9216e-10	-10.0	-2.5
498.5	1.8614e-05	8.9345e-10	-10.0	-2.5
499.0	1.8613e-05	8.8429e-10	-10.0	-2.5
499.5	1.8612e-05	8.9189e-10	-10.0	-2.5
500.0	1.8613e-05	8.8931e-10	-10.0	-2.5
500.5	1.8614e-05	8.9351e-10	-10.0	-2.5
501.0	1.8614e-05	8.8464e-10	-10.0	-2.5
501.5	1.8614e-05	8.8543e-10	-10.0	-2.5
502.0	1.8615e-05	8.945e-10	-10.0	-2.5
502.5	1.8613e-05	8.8864e-10	-10.0	-2.5
503.0	1.8612e-05	8.938e-10	-10.0	-2.5
503.5	1.8612e-05	8.8456e-10	-10.0	-2.5
504.0	1.8612e-05	8.8746e-10	-10.0	-2.5
504.5	1.8613e-05	8.8056e-10	-10.0	-2.5
505.0	1.8611e-05	8.8489e-10	-10.0	-2.5
505.5	1.8613e-05	8.8561e-10	-10.0	-2.5
506.0	1.8608e-05	8.8252e-10	-10.0	-2.5
506.5	1.8609e-05	8.8279e-10	-10.0	-2.5
507.0	1.8613e-05	8.7896e-10	-10.0	-2.5
507.5	1.8614e-05	8.8257e-10	-10.0	-2.5
508.0	1.8613e-05	8.8252e-10	-10.0	-2.5
508.5	1.8613e-05	8.7837e-10	-10.0	-2.5
509.0	1.8612e-05	8.7801e-10	-10.0	-2.5
509.5	1.8614e-05	8.8381e-10	-10.0	-2.5
510.0	1.8614e-05	8.7595e-10	-10.0	-2.5
510.5	1.8614e-05	8.8081e-10	-10.0	-2.5
511.0	1.8612e-05	8.8099e-10	-10.0	-2.5
511.5	1.8614e-05	8.736e-10	-10.0	-2.5
512.0	1.8612e-05	8.7513e-10	-10.0	-2.5
512.5	1.8613e-05	8.7778e-10	-10.0	-2.5
513.0	1.8612e-05	8.7447e-10	-10.0	-2.5
513.5	1.8611e-05	8.774e-10	-10.0	-2.5
514.0	1.8609e-05	8.8416e-10	-10.0	-2.5
514.5	1.8609e-05	8.7434e-10	-10.0	-2.5
515.0	1.8609e-05	8.8234e-10	-10.0	-2.5
515.5	1.8608e-05	8.9072e-10	-10.0	-2.5
516.0	1.8611e-05	8.9014e-10	-10.0	-2.5
516.5	1.8611e-05	8.9024e-10	-10.0	-2.5
517.0	1.8609e-05	8.8172e-10	-10.0	-2.5
517.5	1.861e-05	8.8155e-10	-10.0	-2.5
518.0	1.861e-05	8.7122e-10	-10.0	-2.5
518.5	1.8611e-05	8.7868e-10	-10.0	-2.5
519.0	1.8614e-05	8.9976e-10	-10.0	-2.5
519.5	1.8614e-05	8.8934e-10	-10.0	-2.5
520.0	1.8612e-05	8.8736e-10	-10.0	-2.5
520.5	1.8613e-05	8.9739e-10	-10.0	-2.5
521.0	1.8611e-05	8.9009e-10	-10.0	-2.5
521.5	1.8609e-05	8.7751e-10	-10.0	-2.5
522.0	1.8609e-05	8.9305e-10	-10.0	-2.5
522.5	1.8609e-05	8.9203e-10	-10.0	-2.5
523.0	1.861e-05	9.3049e-10	-10.0	-2.5
523.5	1.8609e-05	9.3269e-10	-10.0	-2.5
524.0	1.8609e-05	8.8398e-10	-10.0	-2.5
524.5	1.861e-05	8.8673e-10	-10.0	-2.5
525.0	1.861e-05	8.7769e-10	-10.0	-2.5
525.5	1.8611e-05	8.8627e-10	-10.0	-2.5
526.0	1.8609e-05	8.8492e-10	-10.0	-2.5
526.5	1.8609e-05	8.7714e-10	-10.0	-2.5
527.0	1.8611e-05	8.8139e-10	-10.0	-2.5
527.5	1.8612e-05	8.775e-10	-10.0	-2.5
528.0	1.8612e-05	8.8009e-10	-10.0	-2.5
528.5	1.8611e-05	8.7666e-10	-10.0	-2.5
529.0	1.8608e-05	8.8815e-10	-10.0	-2.5
529.5	1.861e-05	8.8887e-10	-10.0	-2.5
530.0	1.861e-05	8.8606e-10	-10.0	-2.5
530.5	1.8608e-05	8.8807e-10	-10.0	-2.5
531.0	1.8607e-05	8.7965e-10	-10.0	-2.5
531.5	1.8607e-05	8.7569e-10	-10.0	-2.5
532.0	1.8608e-05	8.7548e-10	-10.0	-2.5
532.5	1.8608e-05	8.7167e-10	-10.0	-2.5
533.0	1.8608e-05	8.6609e-10	-10.0	-2.5
533.5	1.8608e-05	8.6772e-10	-10.0	-2.5
534.0	1.861e-05	8.6723e-10	-10.0	-2.5
534.5	1.8608e-05	8.6724e-10	-10.0	-2.5
535.0	1.8607e-05	8.6272e-10	-10.0	-2.5
535.5	1.8607e-05	8.6569e-10	-10.0	-2.5
536.0	1.8605e-05	8.6122e-10	-10.0	-2.5
536.5	1.8606e-05	8.6219e-10	-10.0	-2.5
537.0	1.8607e-05	8.6618e-10	-10.0	-2.5
537.5	1.8607e-05	8.6692e-10	-10.0	-2.5
538.0	1.8607e-05	8.6289e-10	-10.0	-2.5
538.5	1.8606e-05	8.6807e-10	-10.0	-2.5
539.0	1.8608e-05	8.8929e-10	-10.0	-2.5
539.5	1.8608e-05	9.0186e-10	-10.0	-2.5
540.0	1.8609e-05	8.7367e-10	-10.0	-2.5
540.5	1.8609e-05	8.6984e-10	-10.0	-2.5
541.0	1.8609e-05	8.7768e-10	-10.0	-2.5
541.5	1.8604e-05	8.6137e-10	-10.0	-2.5
542.0	1.8608e-05	7.9943e-10	-10.0	-2.5
542.5	1.8606e-05	8.0049e-10	-10.0	-2.5
543.0	1.8606e-05	7.9746e-10	-10.0	-2.5
543.5	1.8605e-05	7.9511e-10	-10.0	-2.5
544.0	1.8605e-05	7.9421e-10	-10.0	-2.5
544.5	1.8606e-05	7.9118e-10	-10.0	-2.5
545.0	1.8606e-05	7.9427e-10	-10.0	-2.5
545.5	1.8606e-05	7.8939e-10	-10.0	-2.5
546.0	1.8605e-05	7.9511e-10	-10.0	-2.5
546.5	1.8605e-05	7.9585e-10	-10.0	-2.5
547.0	1.8605e-05	7.9112e-10	-10.0	-2.5
547.5	1.8606e-05	7.8695e-10	-10.0	-2.5
548.0	1.8608e-05	7.8862e-10	-10.0	-2.5
548.5	1.8607e-05	7.9029e-10	-10.0	-2.5
549.0	1.8606e-05	7.9131e-10	-10.0	-2.5
549.5	1.8605e-05	7.8416e-10	-10.0	-2.5
550.0	1.8606e-05	7.9173e-10	-10.0	-2.5
550.5	1.8605e-05	8.0934e-10	-10.0	-2.5
551.0	1.8606e-05	7.9459e-10	-10.0	-2.5
551.5	1.8605e-05	7.9322e-10	-10.0	-2.5
552.0	1.8606e-05	7.9037e-10	-10.0	-2.5
552.5	1.8607e-05	7.947e-10	-10.0	-2.5
553.0	1.8606e-05	7.9217e-10	-10.0	-2.5
553.5	1.8607e-05	7.9716e-10	-10.0	-2.5
554.0	1.8606e-05	7.9926e-10	-10.0	-2.5
554.5	1.8606e-05	7.9547e-10	-10.0	-2.5
555.0	1.8607e-05	7.8316e-10	-10.0	-2.5
555.5	1.8608e-05	8.2249e-10	-10.0	-2.5
556.0	1.8609e-05	7.9233e-10	-10.0	-2.5
556.5	1.8605e-05	8.0018e-10	-10.0	-2.5
557.0	1.8605e-05	7.9849e-10	-10.0	-2.5
557.5	1.8606e-05	7.9366e-10	-10.0	-2.5
558.0	1.8605e-05	7.9296e-10	-10.0	-2.5
558.5	1.8605e-05	8.0463e-10	-10.0	-2.5
559.0	1.8609e-05	7.9388e-10	-10.0	-2.5
559.5	1.8605e-05	7.9582e-10	-10.0	-2.5
560.0	1.8606e-05	7.9653e-10	-10.0	-2.5
560.5	1.8607e-05	7.9769e-10	-10.0	-2.5
561.0	1.8604e-05	7.9222e-10	-10.0	-2.5
561.5	1.8606e-05	8.0465e-10	-10.0	-2.5
562.0	1.8606e-05	7.9161e-10	-10.0	-2.5
562.5	1.8607e-05	8.0371e-10	-10.0	-2.5
563.0	1.8608e-05	8.0542e-10	-10.0	-2.5
563.5	1.861e-05	7.8525e-10	-10.0	-2.5
564.0	1.861e-05	7.9029e-10	-10.0	-2.5
564.5	1.8611e-05	7.8688e-10	-10.0	-2.5
565.0	1.8611e-05	8.0762e-10	-10.0	-2.5
565.5	1.861e-05	8.0935e-10	-10.0	-2.5
566.0	1.861e-05	8.0016e-10	-10.0	-2.5
566.5	1.8611e-05	7.8692e-10	-10.0	-2.5
567.0	1.8613e-05	7.9507e-10	-10.0	-2.5
567.5	1.8615e-05	7.9069e-10	-10.0	-2.5
568.0	1.8613e-05	7.9363e-10	-10.0	-2.5
568.5	1.8614e-05	7.9807e-10	-10.0	-2.5
569.0	1.8614e-05	8.0101e-10	-10.0	-2.5
569.5	1.8616e-05	8.0018e-10	-10.0	-2.5
570.0	1.8616e-05	7.9543e-10	-10.0	-2.5
570.5	1.8614e-05	7.981e-10	-10.0	-2.5
571.0	1.8615e-05	7.9752e-10	-10.0	-2.5
571.5	1.8617e-05	7.9682e-10	-10.0	-2.5
572.0	1.8617e-05	7.9632e-10	-10.0	-2.5
572.5	1.8617e-05	8.0308e-10	-10.0	-2.5
573.0	1.8618e-05	8.1402e-10	-10.0	-2.5
573.5	1.8618e-05	8.1604e-10	-10.0	-2.5
574.0	1.8621e-05	8.0664e-10	-10.0	-2.5
574.5	1.8622e-05	8.29e-10	-10.0	-2.5
575.0	1.8622e-05	8.7806e-10	-10.0	-2.5
575.5	1.8621e-05	8.5874e-10	-10.0	-2.5
576.0	1.8621e-05	8.1049e-10	-10.0	-2.5
576.5	1.862e-05	8.0067e-10	-10.0	-2.5
577.0	1.8622e-05	8.0612e-10	-10.0	-2.5
577.5	1.8621e-05	8.0257e-10	-10.0	-2.5
578.0	1.8619e-05	8.0316e-10	-10.0	-2.5
578.5	1.8622e-05	8.0154e-10	-10.0	-2.5
579.0	1.8622e-05	7.9374e-10	-10.0	-2.5
579.5	1.8622e-05	8.0031e-10	-10.0	-2.5
580.0	1.8623e-05	7.9952e-10	-10.0	-2.5
580.5	1.8622e-05	7.97e-10	-10.0	-2.5
581.0	1.8624e-05	7.977e-10	-10.0	-2.5
581.5	1.8624e-05	7.8974e-10	-10.0	-2.5
582.0	1.8625e-05	7.9346e-10	-10.0	-2.5
582.5	1.8627e-05	7.9452e-10	-10.0	-2.5
