File Name: 01_10010204_TMTES_PS_39_1_Sample23_device00_trfSat_begin.dat
File Data: 10/01/2024	09:47:14
Start V: 0
Step V: 0
Stop V: 0
Range V: 20
Delay(ms): 0
Auorange: yes
Sweep type: log
Instrument Meter: SM2614
Time(ms)	Vdrain(V)	Idrain(A)	Vgate(V)	Igate(A)
0.0000E+0	-1.0000E+1	-1.5232E-5	2.0000E+1	1.0118E-3
1.0000E+3	-1.0000E+1	-1.5370E-5	1.9900E+1	1.0118E-3
1.5000E+3	-1.0000E+1	-1.5420E-5	1.9800E+1	1.0118E-3
2.0000E+3	-1.0000E+1	-1.5463E-5	1.9700E+1	1.0118E-3
2.5000E+3	-1.0000E+1	-1.5500E-5	1.9600E+1	1.0118E-3
3.0000E+3	-1.0000E+1	-1.5532E-5	1.9500E+1	1.0118E-3
3.5000E+3	-1.0000E+1	-1.5559E-5	1.9400E+1	1.0118E-3
4.0000E+3	-1.0000E+1	-1.5582E-5	1.9300E+1	1.0118E-3
4.5000E+3	-1.0000E+1	-1.5606E-5	1.9200E+1	1.0118E-3
5.0000E+3	-1.0000E+1	-1.5626E-5	1.9100E+1	1.0118E-3
5.5000E+3	-1.0000E+1	-1.5646E-5	1.9000E+1	1.0118E-3
6.0000E+3	-1.0000E+1	-1.5667E-5	1.8900E+1	1.0118E-3
6.5000E+3	-1.0000E+1	-1.5683E-5	1.8800E+1	1.0118E-3
7.0000E+3	-1.0000E+1	-1.5699E-5	1.8700E+1	1.0118E-3
7.5000E+3	-1.0000E+1	-1.5713E-5	1.8600E+1	1.0118E-3
8.0000E+3	-1.0000E+1	-1.5729E-5	1.8500E+1	1.0118E-3
8.5000E+3	-1.0000E+1	-1.5742E-5	1.8400E+1	1.0117E-3
9.0000E+3	-1.0000E+1	-1.5753E-5	1.8300E+1	1.0118E-3
9.5000E+3	-1.0000E+1	-1.5767E-5	1.8200E+1	1.0118E-3
1.0000E+4	-1.0000E+1	-1.5780E-5	1.8100E+1	1.0118E-3
1.0500E+4	-1.0000E+1	-1.5793E-5	1.8000E+1	1.0117E-3
1.1000E+4	-1.0000E+1	-1.5805E-5	1.7900E+1	1.0117E-3
1.1500E+4	-1.0000E+1	-1.5816E-5	1.7800E+1	1.0117E-3
1.2000E+4	-1.0000E+1	-1.5824E-5	1.7700E+1	1.0118E-3
1.2500E+4	-1.0000E+1	-1.5834E-5	1.7600E+1	1.0118E-3
1.3000E+4	-1.0000E+1	-1.5848E-5	1.7500E+1	1.0117E-3
1.3500E+4	-1.0000E+1	-1.5856E-5	1.7400E+1	1.0117E-3
1.4000E+4	-1.0000E+1	-1.5867E-5	1.7300E+1	1.0117E-3
1.4500E+4	-1.0000E+1	-1.5876E-5	1.7200E+1	1.0117E-3
1.5000E+4	-1.0000E+1	-1.5889E-5	1.7100E+1	1.0117E-3
1.5500E+4	-1.0000E+1	-1.5897E-5	1.7000E+1	1.0118E-3
1.6000E+4	-1.0000E+1	-1.5907E-5	1.6900E+1	1.0117E-3
1.6500E+4	-1.0000E+1	-1.5917E-5	1.6800E+1	1.0117E-3
1.7000E+4	-1.0000E+1	-1.5926E-5	1.6700E+1	1.0117E-3
1.7500E+4	-1.0000E+1	-1.5933E-5	1.6600E+1	1.0117E-3
1.8000E+4	-1.0000E+1	-1.5942E-5	1.6500E+1	1.0117E-3
1.8500E+4	-1.0000E+1	-1.5948E-5	1.6400E+1	1.0117E-3
1.9000E+4	-1.0000E+1	-1.5955E-5	1.6300E+1	1.0117E-3
1.9500E+4	-1.0000E+1	-1.5964E-5	1.6200E+1	1.0117E-3
2.0000E+4	-1.0000E+1	-1.5972E-5	1.6100E+1	1.0117E-3
2.0500E+4	-1.0000E+1	-1.5978E-5	1.6000E+1	1.0117E-3
2.1000E+4	-1.0000E+1	-1.5984E-5	1.5900E+1	1.0117E-3
2.1500E+4	-1.0000E+1	-1.5990E-5	1.5800E+1	1.0117E-3
2.2000E+4	-1.0000E+1	-1.5997E-5	1.5700E+1	1.0117E-3
2.2500E+4	-1.0000E+1	-1.6004E-5	1.5600E+1	1.0117E-3
2.3000E+4	-1.0000E+1	-1.6010E-5	1.5500E+1	1.0117E-3
2.3500E+4	-1.0000E+1	-1.6017E-5	1.5400E+1	1.0117E-3
2.4000E+4	-1.0000E+1	-1.6024E-5	1.5300E+1	1.0117E-3
2.4500E+4	-1.0000E+1	-1.6030E-5	1.5200E+1	1.0117E-3
2.5000E+4	-1.0000E+1	-1.6039E-5	1.5100E+1	1.0116E-3
2.5500E+4	-1.0000E+1	-1.6044E-5	1.5000E+1	1.0117E-3
2.6000E+4	-1.0000E+1	-1.6050E-5	1.4900E+1	1.0117E-3
2.6500E+4	-1.0000E+1	-1.6054E-5	1.4800E+1	1.0117E-3
2.7000E+4	-1.0000E+1	-1.6061E-5	1.4700E+1	1.0117E-3
2.7500E+4	-1.0000E+1	-1.6068E-5	1.4600E+1	1.0117E-3
2.8000E+4	-1.0000E+1	-1.6072E-5	1.4500E+1	1.0117E-3
2.8500E+4	-1.0000E+1	-1.6076E-5	1.4400E+1	1.0117E-3
2.9000E+4	-1.0000E+1	-1.6080E-5	1.4300E+1	1.0117E-3
2.9500E+4	-1.0000E+1	-1.6086E-5	1.4200E+1	1.0117E-3
3.0000E+4	-1.0000E+1	-1.6091E-5	1.4100E+1	1.0116E-3
3.0500E+4	-1.0000E+1	-1.6096E-5	1.4000E+1	1.0117E-3
3.1000E+4	-1.0000E+1	-1.6101E-5	1.3900E+1	1.0117E-3
3.1500E+4	-1.0000E+1	-1.6105E-5	1.3800E+1	1.0117E-3
3.2000E+4	-1.0000E+1	-1.6109E-5	1.3700E+1	1.0117E-3
3.2500E+4	-1.0000E+1	-1.6117E-5	1.3600E+1	1.0118E-3
3.3000E+4	-1.0000E+1	-1.6120E-5	1.3500E+1	1.0117E-3
3.3500E+4	-1.0000E+1	-1.6125E-5	1.3400E+1	1.0118E-3
3.4000E+4	-1.0000E+1	-1.6131E-5	1.3300E+1	1.0118E-3
3.4500E+4	-1.0000E+1	-1.6136E-5	1.3200E+1	1.0118E-3
3.5000E+4	-1.0000E+1	-1.6139E-5	1.3100E+1	1.0117E-3
3.5500E+4	-1.0000E+1	-1.6146E-5	1.3000E+1	1.0117E-3
3.6000E+4	-1.0000E+1	-1.6150E-5	1.2900E+1	1.0117E-3
3.6500E+4	-1.0000E+1	-1.6156E-5	1.2800E+1	1.0117E-3
3.7000E+4	-1.0000E+1	-1.6163E-5	1.2700E+1	1.0117E-3
3.7500E+4	-1.0000E+1	-1.6167E-5	1.2600E+1	1.0117E-3
3.8000E+4	-1.0000E+1	-1.6172E-5	1.2500E+1	1.0117E-3
3.8500E+4	-1.0000E+1	-1.6175E-5	1.2400E+1	1.0117E-3
3.9000E+4	-1.0000E+1	-1.6177E-5	1.2300E+1	1.0117E-3
3.9500E+4	-1.0000E+1	-1.6184E-5	1.2200E+1	1.0117E-3
4.0000E+4	-1.0000E+1	-1.6188E-5	1.2100E+1	1.0117E-3
4.0500E+4	-1.0000E+1	-1.6190E-5	1.2000E+1	1.0117E-3
4.1000E+4	-1.0000E+1	-1.6194E-5	1.1900E+1	1.0117E-3
4.1500E+4	-1.0000E+1	-1.6199E-5	1.1800E+1	1.0117E-3
4.2000E+4	-1.0000E+1	-1.6203E-5	1.1700E+1	1.0117E-3
4.2500E+4	-1.0000E+1	-1.6205E-5	1.1600E+1	1.0117E-3
4.3000E+4	-1.0000E+1	-1.6209E-5	1.1500E+1	1.0117E-3
4.3500E+4	-1.0000E+1	-1.6212E-5	1.1400E+1	1.0117E-3
4.4000E+4	-1.0000E+1	-1.6216E-5	1.1300E+1	1.0117E-3
4.4500E+4	-1.0000E+1	-1.6223E-5	1.1200E+1	1.0117E-3
4.5000E+4	-1.0000E+1	-1.6225E-5	1.1100E+1	1.0117E-3
4.5500E+4	-1.0000E+1	-1.6230E-5	1.1000E+1	1.0117E-3
4.6000E+4	-1.0000E+1	-1.6234E-5	1.0900E+1	1.0117E-3
4.6500E+4	-1.0000E+1	-1.6238E-5	1.0800E+1	1.0117E-3
4.7000E+4	-1.0000E+1	-1.6241E-5	1.0700E+1	1.0116E-3
4.7500E+4	-1.0000E+1	-1.6244E-5	1.0600E+1	1.0116E-3
4.8000E+4	-1.0000E+1	-1.6245E-5	1.0500E+1	1.0117E-3
4.8500E+4	-1.0000E+1	-1.6252E-5	1.0400E+1	1.0117E-3
4.9000E+4	-1.0000E+1	-1.6253E-5	1.0300E+1	1.0117E-3
4.9500E+4	-1.0000E+1	-1.6257E-5	1.0200E+1	1.0116E-3
5.0000E+4	-1.0000E+1	-1.6260E-5	1.0100E+1	1.0116E-3
5.0500E+4	-1.0000E+1	-1.6264E-5	1.0000E+1	1.0117E-3
5.1000E+4	-1.0000E+1	-1.6270E-5	9.9000E+0	1.0117E-3
5.1500E+4	-1.0000E+1	-1.6273E-5	9.8000E+0	1.0117E-3
5.2000E+4	-1.0000E+1	-1.6276E-5	9.7000E+0	1.0117E-3
5.2500E+4	-1.0000E+1	-1.6280E-5	9.6000E+0	1.0117E-3
5.3000E+4	-1.0000E+1	-1.6285E-5	9.5000E+0	1.0117E-3
5.3500E+4	-1.0000E+1	-1.6287E-5	9.4000E+0	1.0117E-3
5.4000E+4	-1.0000E+1	-1.6291E-5	9.3000E+0	1.0117E-3
5.4500E+4	-1.0000E+1	-1.6294E-5	9.2000E+0	1.0116E-3
5.5000E+4	-1.0000E+1	-1.6295E-5	9.1000E+0	1.0117E-3
5.5500E+4	-1.0000E+1	-1.6302E-5	9.0000E+0	1.0117E-3
5.6000E+4	-1.0000E+1	-1.6304E-5	8.9000E+0	1.0117E-3
5.6500E+4	-1.0000E+1	-1.6307E-5	8.8000E+0	1.0117E-3
5.7000E+4	-1.0000E+1	-1.6311E-5	8.7000E+0	1.0117E-3
5.7500E+4	-1.0000E+1	-1.6313E-5	8.6000E+0	1.0116E-3
5.8000E+4	-1.0000E+1	-1.6317E-5	8.5000E+0	1.0117E-3
5.8500E+4	-1.0000E+1	-1.6321E-5	8.4000E+0	1.0117E-3
5.9000E+4	-1.0000E+1	-1.6324E-5	8.3000E+0	1.0117E-3
5.9500E+4	-1.0000E+1	-1.6327E-5	8.2000E+0	1.0117E-3
6.0000E+4	-1.0000E+1	-1.6330E-5	8.1000E+0	1.0116E-3
6.0500E+4	-1.0000E+1	-1.6331E-5	8.0000E+0	1.0117E-3
6.1000E+4	-1.0000E+1	-1.6334E-5	7.9000E+0	1.0117E-3
6.1500E+4	-1.0000E+1	-1.6337E-5	7.8000E+0	1.0116E-3
6.2000E+4	-1.0000E+1	-1.6340E-5	7.7000E+0	1.0117E-3
6.2500E+4	-1.0000E+1	-1.6341E-5	7.6000E+0	1.0117E-3
6.3000E+4	-1.0000E+1	-1.6344E-5	7.5000E+0	1.0116E-3
6.3500E+4	-1.0000E+1	-1.6348E-5	7.4000E+0	1.0117E-3
6.4000E+4	-1.0000E+1	-1.6349E-5	7.3000E+0	1.0117E-3
6.4500E+4	-1.0000E+1	-1.6352E-5	7.2000E+0	1.0117E-3
6.5000E+4	-1.0000E+1	-1.6355E-5	7.1000E+0	1.0117E-3
6.5500E+4	-1.0000E+1	-1.6359E-5	7.0000E+0	1.0117E-3
6.6000E+4	-1.0000E+1	-1.6361E-5	6.9000E+0	1.0116E-3
6.6500E+4	-1.0000E+1	-1.6364E-5	6.8000E+0	1.0116E-3
6.7000E+4	-1.0000E+1	-1.6368E-5	6.7000E+0	1.0116E-3
6.7500E+4	-1.0000E+1	-1.6370E-5	6.6000E+0	1.0116E-3
6.8000E+4	-1.0000E+1	-1.6371E-5	6.5000E+0	1.0116E-3
6.8500E+4	-1.0000E+1	-1.6375E-5	6.4000E+0	1.0116E-3
6.9000E+4	-1.0000E+1	-1.6378E-5	6.3000E+0	1.0116E-3
6.9500E+4	-1.0000E+1	-1.6380E-5	6.2000E+0	1.0117E-3
7.0000E+4	-1.0000E+1	-1.6384E-5	6.1000E+0	1.0117E-3
7.0500E+4	-1.0000E+1	-1.6386E-5	6.0000E+0	1.0117E-3
7.1000E+4	-1.0000E+1	-1.6388E-5	5.9000E+0	1.0117E-3
7.1500E+4	-1.0000E+1	-1.6390E-5	5.8000E+0	1.0116E-3
7.2000E+4	-1.0000E+1	-1.6392E-5	5.7000E+0	1.0117E-3
7.2500E+4	-1.0000E+1	-1.6394E-5	5.6000E+0	1.0116E-3
7.3000E+4	-1.0000E+1	-1.6401E-5	5.5000E+0	1.0116E-3
7.3500E+4	-1.0000E+1	-1.6404E-5	5.4000E+0	1.0116E-3
7.4000E+4	-1.0000E+1	-1.6408E-5	5.3000E+0	1.0117E-3
7.4500E+4	-1.0000E+1	-1.6408E-5	5.2000E+0	1.0116E-3
7.5000E+4	-1.0000E+1	-1.6411E-5	5.1000E+0	1.0116E-3
7.5500E+4	-1.0000E+1	-1.6412E-5	5.0000E+0	1.0116E-3
7.6000E+4	-1.0000E+1	-1.6413E-5	4.9000E+0	1.0116E-3
7.6500E+4	-1.0000E+1	-1.6417E-5	4.8000E+0	1.0116E-3
7.7000E+4	-1.0000E+1	-1.6418E-5	4.7000E+0	1.0116E-3
7.7500E+4	-1.0000E+1	-1.6422E-5	4.6000E+0	1.0116E-3
7.8000E+4	-1.0000E+1	-1.6426E-5	4.5000E+0	1.0116E-3
7.8500E+4	-1.0000E+1	-1.6427E-5	4.4000E+0	1.0116E-3
7.9000E+4	-1.0000E+1	-1.6432E-5	4.3000E+0	1.0117E-3
7.9500E+4	-1.0000E+1	-1.6431E-5	4.2000E+0	1.0117E-3
8.0000E+4	-1.0000E+1	-1.6434E-5	4.1000E+0	1.0117E-3
8.0500E+4	-1.0000E+1	-1.6438E-5	4.0000E+0	1.0117E-3
8.1000E+4	-1.0000E+1	-1.6436E-5	3.9000E+0	1.0117E-3
8.1500E+4	-1.0000E+1	-1.6441E-5	3.8000E+0	1.0117E-3
8.2000E+4	-1.0000E+1	-1.6446E-5	3.7000E+0	1.0117E-3
8.2500E+4	-1.0000E+1	-1.6447E-5	3.6000E+0	1.0117E-3
8.3000E+4	-1.0000E+1	-1.6450E-5	3.5000E+0	1.0117E-3
8.3500E+4	-1.0000E+1	-1.6453E-5	3.4000E+0	1.0117E-3
8.4000E+4	-1.0000E+1	-1.6454E-5	3.3000E+0	1.0117E-3
8.4500E+4	-1.0000E+1	-1.6460E-5	3.2000E+0	1.0117E-3
8.5000E+4	-1.0000E+1	-1.6459E-5	3.1000E+0	1.0116E-3
8.5500E+4	-1.0000E+1	-1.6458E-5	3.0000E+0	1.0117E-3
8.6000E+4	-1.0000E+1	-1.6462E-5	2.9000E+0	1.0117E-3
8.6500E+4	-1.0000E+1	-1.6463E-5	2.8000E+0	1.0117E-3
8.7000E+4	-1.0000E+1	-1.6467E-5	2.7000E+0	1.0116E-3
8.7500E+4	-1.0000E+1	-1.6465E-5	2.6000E+0	1.0116E-3
8.8000E+4	-1.0000E+1	-1.6467E-5	2.5000E+0	1.0116E-3
8.8500E+4	-1.0000E+1	-1.6470E-5	2.4000E+0	1.0117E-3
8.9000E+4	-1.0000E+1	-1.6473E-5	2.3000E+0	1.0117E-3
8.9500E+4	-1.0000E+1	-1.6474E-5	2.2000E+0	1.0117E-3
9.0000E+4	-1.0000E+1	-1.6474E-5	2.1000E+0	1.0117E-3
9.0500E+4	-1.0000E+1	-1.6480E-5	2.0000E+0	1.0117E-3
9.1000E+4	-1.0000E+1	-1.6484E-5	1.9000E+0	1.0116E-3
9.1500E+4	-1.0000E+1	-1.6487E-5	1.8000E+0	1.0116E-3
9.2000E+4	-1.0000E+1	-1.6488E-5	1.7000E+0	1.0116E-3
9.2500E+4	-1.0000E+1	-1.6489E-5	1.6000E+0	1.0116E-3
9.3000E+4	-1.0000E+1	-1.6492E-5	1.5000E+0	1.0117E-3
9.3500E+4	-1.0000E+1	-1.6494E-5	1.4000E+0	1.0117E-3
9.4000E+4	-1.0000E+1	-1.6496E-5	1.3000E+0	1.0117E-3
9.4500E+4	-1.0000E+1	-1.6497E-5	1.2000E+0	1.0117E-3
9.5000E+4	-1.0000E+1	-1.6500E-5	1.1000E+0	1.0117E-3
9.5500E+4	-1.0000E+1	-1.6504E-5	1.0000E+0	1.0116E-3
9.6000E+4	-1.0000E+1	-1.6505E-5	9.0000E-1	1.0116E-3
9.6500E+4	-1.0000E+1	-1.6507E-5	8.0000E-1	1.0117E-3
9.7000E+4	-1.0000E+1	-1.6508E-5	7.0000E-1	1.0117E-3
9.7500E+4	-1.0000E+1	-1.6511E-5	6.0000E-1	1.0117E-3
9.8000E+4	-1.0000E+1	-1.6515E-5	5.0000E-1	1.0117E-3
9.8500E+4	-1.0000E+1	-1.6517E-5	4.0000E-1	1.0117E-3
9.9000E+4	-1.0000E+1	-1.6518E-5	3.0000E-1	1.0117E-3
9.9500E+4	-1.0000E+1	-1.6522E-5	2.0000E-1	1.0117E-3
1.0000E+5	-1.0000E+1	-1.6522E-5	1.0000E-1	1.0117E-3
1.0050E+5	-1.0000E+1	-1.6526E-5	-1.5293E-14	-9.8843E-4
1.0150E+5	-1.0000E+1	-1.6529E-5	-1.0000E-1	-9.8840E-4
1.0250E+5	-1.0000E+1	-1.6533E-5	-2.0000E-1	-9.8838E-4
1.0350E+5	-1.0000E+1	-1.6539E-5	-3.0000E-1	-9.8837E-4
1.0450E+5	-1.0000E+1	-1.6541E-5	-4.0000E-1	-9.8840E-4
1.0550E+5	-1.0000E+1	-1.6544E-5	-5.0000E-1	-9.8841E-4
1.0650E+5	-1.0000E+1	-1.6548E-5	-6.0000E-1	-9.8832E-4
1.0750E+5	-1.0000E+1	-1.6554E-5	-7.0000E-1	-9.8832E-4
1.0850E+5	-1.0000E+1	-1.6556E-5	-8.0000E-1	-9.8837E-4
1.0950E+5	-1.0000E+1	-1.6558E-5	-9.0000E-1	-9.8831E-4
1.1050E+5	-1.0000E+1	-1.6565E-5	-1.0000E+0	-9.8836E-4
1.1150E+5	-1.0000E+1	-1.6569E-5	-1.1000E+0	-9.8836E-4
1.1250E+5	-1.0000E+1	-1.6571E-5	-1.2000E+0	-9.8840E-4
1.1350E+5	-1.0000E+1	-1.6579E-5	-1.3000E+0	-9.8836E-4
1.1450E+5	-1.0000E+1	-1.6583E-5	-1.4000E+0	-9.8832E-4
1.1550E+5	-1.0000E+1	-1.6586E-5	-1.5000E+0	-9.8832E-4
1.1650E+5	-1.0000E+1	-1.6588E-5	-1.6000E+0	-9.8833E-4
1.1750E+5	-1.0000E+1	-1.6595E-5	-1.7000E+0	-9.8834E-4
1.1850E+5	-1.0000E+1	-1.6597E-5	-1.8000E+0	-9.8834E-4
1.1950E+5	-1.0000E+1	-1.6599E-5	-1.9000E+0	-9.8828E-4
1.2050E+5	-1.0000E+1	-1.6603E-5	-2.0000E+0	-9.8828E-4
1.2150E+5	-1.0000E+1	-1.6603E-5	-2.1000E+0	-9.8825E-4
1.2250E+5	-1.0000E+1	-1.6610E-5	-2.2000E+0	-9.8825E-4
1.2350E+5	-1.0000E+1	-1.6616E-5	-2.3000E+0	-9.8825E-4
1.2450E+5	-1.0000E+1	-1.6620E-5	-2.4000E+0	-9.8821E-4
1.2550E+5	-1.0000E+1	-1.6623E-5	-2.5000E+0	-9.8825E-4
1.2650E+5	-1.0000E+1	-1.6627E-5	-2.6000E+0	-9.8829E-4
1.2750E+5	-1.0000E+1	-1.6630E-5	-2.7000E+0	-9.8830E-4
1.2850E+5	-1.0000E+1	-1.6633E-5	-2.8000E+0	-9.8825E-4
1.2950E+5	-1.0000E+1	-1.6636E-5	-2.9000E+0	-9.8828E-4
1.3050E+5	-1.0000E+1	-1.6642E-5	-3.0000E+0	-9.8833E-4
1.3150E+5	-1.0000E+1	-1.6642E-5	-3.1000E+0	-9.8828E-4
1.3250E+5	-1.0000E+1	-1.6642E-5	-3.2000E+0	-9.8832E-4
1.3350E+5	-1.0000E+1	-1.6650E-5	-3.3000E+0	-9.8837E-4
1.3450E+5	-1.0000E+1	-1.6654E-5	-3.4000E+0	-9.8835E-4
1.3550E+5	-1.0000E+1	-1.6657E-5	-3.5000E+0	-9.8835E-4
1.3650E+5	-1.0000E+1	-1.6661E-5	-3.6000E+0	-9.8834E-4
1.3750E+5	-1.0000E+1	-1.6662E-5	-3.7000E+0	-9.8831E-4
1.3850E+5	-1.0000E+1	-1.6662E-5	-3.8000E+0	-9.8831E-4
1.3950E+5	-1.0000E+1	-1.6670E-5	-3.9000E+0	-9.8831E-4
1.4050E+5	-1.0000E+1	-1.6674E-5	-4.0000E+0	-9.8827E-4
1.4150E+5	-1.0000E+1	-1.6675E-5	-4.1000E+0	-9.8832E-4
1.4250E+5	-1.0000E+1	-1.6676E-5	-4.2000E+0	-9.8832E-4
1.4350E+5	-1.0000E+1	-1.6680E-5	-4.3000E+0	-9.8835E-4
1.4450E+5	-1.0000E+1	-1.6683E-5	-4.4000E+0	-9.8830E-4
1.4550E+5	-1.0000E+1	-1.6684E-5	-4.5000E+0	-9.8832E-4
1.4650E+5	-1.0000E+1	-1.6691E-5	-4.6000E+0	-9.8839E-4
1.4750E+5	-1.0000E+1	-1.6695E-5	-4.7000E+0	-9.8834E-4
1.4850E+5	-1.0000E+1	-1.6697E-5	-4.8000E+0	-9.8831E-4
1.4950E+5	-1.0000E+1	-1.6701E-5	-4.9000E+0	-9.8829E-4
1.5050E+5	-1.0000E+1	-1.6706E-5	-5.0000E+0	-9.8828E-4
1.5150E+5	-1.0000E+1	-1.6709E-5	-5.1000E+0	-9.8831E-4
1.5250E+5	-1.0000E+1	-1.6710E-5	-5.2000E+0	-9.8829E-4
1.5350E+5	-1.0000E+1	-1.6713E-5	-5.3000E+0	-9.8831E-4
1.5450E+5	-1.0000E+1	-1.6715E-5	-5.4000E+0	-9.8830E-4
1.5550E+5	-1.0000E+1	-1.6717E-5	-5.5000E+0	-9.8830E-4
1.5650E+5	-1.0000E+1	-1.6717E-5	-5.6000E+0	-9.8830E-4
1.5750E+5	-1.0000E+1	-1.6722E-5	-5.7000E+0	-9.8826E-4
1.5850E+5	-1.0000E+1	-1.6726E-5	-5.8000E+0	-9.8830E-4
1.5950E+5	-1.0000E+1	-1.6730E-5	-5.9000E+0	-9.8832E-4
1.6050E+5	-1.0000E+1	-1.6731E-5	-6.0000E+0	-9.8832E-4
1.6150E+5	-1.0000E+1	-1.6735E-5	-6.1000E+0	-9.8834E-4
1.6250E+5	-1.0000E+1	-1.6740E-5	-6.2000E+0	-9.8834E-4
1.6350E+5	-1.0000E+1	-1.6743E-5	-6.3000E+0	-9.8835E-4
1.6450E+5	-1.0000E+1	-1.6743E-5	-6.4000E+0	-9.8831E-4
1.6550E+5	-1.0000E+1	-1.6748E-5	-6.5000E+0	-9.8837E-4
1.6650E+5	-1.0000E+1	-1.6748E-5	-6.6000E+0	-9.8836E-4
1.6750E+5	-1.0000E+1	-1.6751E-5	-6.7000E+0	-9.8838E-4
1.6850E+5	-1.0000E+1	-1.6752E-5	-6.8000E+0	-9.8834E-4
1.6950E+5	-1.0000E+1	-1.6757E-5	-6.9000E+0	-9.8831E-4
1.7050E+5	-1.0000E+1	-1.6762E-5	-7.0000E+0	-9.8837E-4
1.7150E+5	-1.0000E+1	-1.6766E-5	-7.1000E+0	-9.8832E-4
1.7250E+5	-1.0000E+1	-1.6767E-5	-7.2000E+0	-9.8837E-4
1.7350E+5	-1.0000E+1	-1.6770E-5	-7.3000E+0	-9.8831E-4
1.7450E+5	-1.0000E+1	-1.6772E-5	-7.4000E+0	-9.8835E-4
1.7550E+5	-1.0000E+1	-1.6774E-5	-7.5000E+0	-9.8838E-4
1.7650E+5	-1.0000E+1	-1.6777E-5	-7.6000E+0	-9.8841E-4
1.7750E+5	-1.0000E+1	-1.6779E-5	-7.7000E+0	-9.8839E-4
1.7850E+5	-1.0000E+1	-1.6781E-5	-7.8000E+0	-9.8839E-4
1.7950E+5	-1.0000E+1	-1.6787E-5	-7.9000E+0	-9.8835E-4
1.8050E+5	-1.0000E+1	-1.6790E-5	-8.0000E+0	-9.8833E-4
1.8150E+5	-1.0000E+1	-1.6790E-5	-8.1000E+0	-9.8835E-4
1.8250E+5	-1.0000E+1	-1.6793E-5	-8.2000E+0	-9.8840E-4
1.8350E+5	-1.0000E+1	-1.6796E-5	-8.3000E+0	-9.8840E-4
1.8450E+5	-1.0000E+1	-1.6797E-5	-8.4000E+0	-9.8837E-4
1.8550E+5	-1.0000E+1	-1.6802E-5	-8.5000E+0	-9.8836E-4
1.8650E+5	-1.0000E+1	-1.6804E-5	-8.6000E+0	-9.8832E-4
1.8750E+5	-1.0000E+1	-1.6808E-5	-8.7000E+0	-9.8834E-4
1.8850E+5	-1.0000E+1	-1.6809E-5	-8.8000E+0	-9.8835E-4
1.8950E+5	-1.0000E+1	-1.6812E-5	-8.9000E+0	-9.8833E-4
1.9050E+5	-1.0000E+1	-1.6811E-5	-9.0000E+0	-9.8836E-4
1.9150E+5	-1.0000E+1	-1.6818E-5	-9.1000E+0	-9.8832E-4
1.9250E+5	-1.0000E+1	-1.6818E-5	-9.2000E+0	-9.8832E-4
1.9350E+5	-1.0000E+1	-1.6823E-5	-9.3000E+0	-9.8834E-4
1.9450E+5	-1.0000E+1	-1.6828E-5	-9.4000E+0	-9.8833E-4
1.9550E+5	-1.0000E+1	-1.6828E-5	-9.5000E+0	-9.8831E-4
1.9650E+5	-1.0000E+1	-1.6830E-5	-9.6000E+0	-9.8832E-4
1.9750E+5	-1.0000E+1	-1.6834E-5	-9.7000E+0	-9.8830E-4
1.9850E+5	-1.0000E+1	-1.6839E-5	-9.8000E+0	-9.8833E-4
1.9950E+5	-1.0000E+1	-1.6839E-5	-9.9000E+0	-9.8833E-4
2.0050E+5	-1.0000E+1	-1.6842E-5	-1.0000E+1	-9.8832E-4
2.0150E+5	-1.0000E+1	-1.6844E-5	-1.0100E+1	-9.8832E-4
2.0250E+5	-1.0000E+1	-1.6846E-5	-1.0200E+1	-9.8835E-4
2.0350E+5	-1.0000E+1	-1.6851E-5	-1.0300E+1	-9.8834E-4
2.0450E+5	-1.0000E+1	-1.6851E-5	-1.0400E+1	-9.8837E-4
2.0550E+5	-1.0000E+1	-1.6855E-5	-1.0500E+1	-9.8839E-4
2.0650E+5	-1.0000E+1	-1.6859E-5	-1.0600E+1	-9.8837E-4
2.0750E+5	-1.0000E+1	-1.6862E-5	-1.0700E+1	-9.8832E-4
2.0850E+5	-1.0000E+1	-1.6863E-5	-1.0800E+1	-9.8835E-4
2.0950E+5	-1.0000E+1	-1.6865E-5	-1.0900E+1	-9.8833E-4
2.1050E+5	-1.0000E+1	-1.6872E-5	-1.1000E+1	-9.8836E-4
2.1150E+5	-1.0000E+1	-1.6869E-5	-1.1100E+1	-9.8832E-4
2.1250E+5	-1.0000E+1	-1.6874E-5	-1.1200E+1	-9.8829E-4
2.1350E+5	-1.0000E+1	-1.6878E-5	-1.1300E+1	-9.8834E-4
2.1450E+5	-1.0000E+1	-1.6878E-5	-1.1400E+1	-9.8832E-4
2.1550E+5	-1.0000E+1	-1.6878E-5	-1.1500E+1	-9.8834E-4
2.1650E+5	-1.0000E+1	-1.6881E-5	-1.1600E+1	-9.8834E-4
2.1750E+5	-1.0000E+1	-1.6884E-5	-1.1700E+1	-9.8832E-4
2.1850E+5	-1.0000E+1	-1.6885E-5	-1.1800E+1	-9.8836E-4
2.1950E+5	-1.0000E+1	-1.6887E-5	-1.1900E+1	-9.8833E-4
2.2050E+5	-1.0000E+1	-1.6889E-5	-1.2000E+1	-9.8840E-4
2.2150E+5	-1.0000E+1	-1.6891E-5	-1.2100E+1	-9.8838E-4
2.2250E+5	-1.0000E+1	-1.6897E-5	-1.2200E+1	-9.8837E-4
2.2350E+5	-1.0000E+1	-1.6898E-5	-1.2300E+1	-9.8837E-4
2.2450E+5	-1.0000E+1	-1.6902E-5	-1.2400E+1	-9.8837E-4
2.2550E+5	-1.0000E+1	-1.6906E-5	-1.2500E+1	-9.8828E-4
2.2650E+5	-1.0000E+1	-1.6908E-5	-1.2600E+1	-9.8835E-4
2.2750E+5	-1.0000E+1	-1.6910E-5	-1.2700E+1	-9.8831E-4
2.2850E+5	-1.0000E+1	-1.6912E-5	-1.2800E+1	-9.8832E-4
2.2950E+5	-1.0000E+1	-1.6916E-5	-1.2900E+1	-9.8834E-4
