Time (s)	|IDrain (A)|	|IGate (A)	Vdrain(V)	Vgate(V)
0.0	1.3015e-05	4.3807e-10	-10.0	-2.5
1.0	1.302e-05	2.3421e-10	-10.0	-2.5
1.5	1.302e-05	2.653e-10	-10.0	-2.5
2.0	1.3024e-05	2.7538e-10	-10.0	-2.5
2.5	1.3027e-05	2.7792e-10	-10.0	-2.5
3.0	1.303e-05	2.805e-10	-10.0	-2.5
3.5	1.3032e-05	2.7939e-10	-10.0	-2.5
4.0	1.3031e-05	2.7984e-10	-10.0	-2.5
4.5	1.3033e-05	2.7873e-10	-10.0	-2.5
5.0	1.3032e-05	2.7707e-10	-10.0	-2.5
5.5	1.3034e-05	2.7702e-10	-10.0	-2.5
6.0	1.3034e-05	2.761e-10	-10.0	-2.5
6.5	1.3036e-05	2.7603e-10	-10.0	-2.5
7.0	1.3039e-05	2.7411e-10	-10.0	-2.5
7.5	1.3041e-05	2.7406e-10	-10.0	-2.5
8.0	1.3042e-05	2.7237e-10	-10.0	-2.5
8.5	1.3045e-05	2.7265e-10	-10.0	-2.5
9.0	1.3044e-05	2.7011e-10	-10.0	-2.5
9.5	1.3046e-05	2.7203e-10	-10.0	-2.5
10.0	1.3047e-05	2.7077e-10	-10.0	-2.5
10.5	1.305e-05	2.6913e-10	-10.0	-2.5
11.0	1.3052e-05	2.6827e-10	-10.0	-2.5
11.5	1.3051e-05	2.6869e-10	-10.0	-2.5
12.0	1.3053e-05	2.6756e-10	-10.0	-2.5
12.5	1.3055e-05	2.6669e-10	-10.0	-2.5
13.0	1.3057e-05	2.6714e-10	-10.0	-2.5
13.5	1.3057e-05	2.6714e-10	-10.0	-2.5
14.0	1.3061e-05	2.666e-10	-10.0	-2.5
14.5	1.3059e-05	2.6694e-10	-10.0	-2.5
15.0	1.3063e-05	2.6602e-10	-10.0	-2.5
15.5	1.3064e-05	2.6606e-10	-10.0	-2.5
16.0	1.3064e-05	2.6524e-10	-10.0	-2.5
16.5	1.3066e-05	2.6503e-10	-10.0	-2.5
17.0	1.3066e-05	2.6553e-10	-10.0	-2.5
17.5	1.3069e-05	2.6492e-10	-10.0	-2.5
18.0	1.307e-05	2.6577e-10	-10.0	-2.5
18.5	1.3068e-05	2.643e-10	-10.0	-2.5
19.0	1.3074e-05	2.6408e-10	-10.0	-2.5
19.5	1.3075e-05	2.6404e-10	-10.0	-2.5
20.0	1.3074e-05	2.6467e-10	-10.0	-2.5
20.5	1.3077e-05	2.635e-10	-10.0	-2.5
21.0	1.3079e-05	2.6334e-10	-10.0	-2.5
21.5	1.3081e-05	2.6209e-10	-10.0	-2.5
22.0	1.3081e-05	2.6339e-10	-10.0	-2.5
22.5	1.3079e-05	2.6237e-10	-10.0	-2.5
23.0	1.308e-05	2.6185e-10	-10.0	-2.5
23.5	1.3081e-05	2.614e-10	-10.0	-2.5
24.0	1.308e-05	2.6204e-10	-10.0	-2.5
24.5	1.3085e-05	2.6245e-10	-10.0	-2.5
25.0	1.3085e-05	2.619e-10	-10.0	-2.5
25.5	1.3086e-05	2.6149e-10	-10.0	-2.5
26.0	1.3089e-05	2.6174e-10	-10.0	-2.5
26.5	1.309e-05	2.6175e-10	-10.0	-2.5
27.0	1.3093e-05	2.6141e-10	-10.0	-2.5
27.5	1.3091e-05	2.6077e-10	-10.0	-2.5
28.0	1.3094e-05	2.6119e-10	-10.0	-2.5
28.5	1.3095e-05	2.6076e-10	-10.0	-2.5
29.0	1.3096e-05	2.6e-10	-10.0	-2.5
29.5	1.3098e-05	2.6004e-10	-10.0	-2.5
30.0	1.3099e-05	2.6088e-10	-10.0	-2.5
30.5	1.31e-05	2.6089e-10	-10.0	-2.5
31.0	1.3101e-05	2.6067e-10	-10.0	-2.5
31.5	1.3102e-05	2.5977e-10	-10.0	-2.5
32.0	1.3104e-05	2.6051e-10	-10.0	-2.5
32.5	1.3104e-05	2.6087e-10	-10.0	-2.5
33.0	1.3108e-05	2.6044e-10	-10.0	-2.5
33.5	1.3108e-05	2.6019e-10	-10.0	-2.5
34.0	1.3107e-05	2.6062e-10	-10.0	-2.5
34.5	1.311e-05	2.5992e-10	-10.0	-2.5
35.0	1.3114e-05	2.6002e-10	-10.0	-2.5
35.5	1.3113e-05	2.6054e-10	-10.0	-2.5
36.0	1.3114e-05	2.6008e-10	-10.0	-2.5
36.5	1.3114e-05	2.596e-10	-10.0	-2.5
37.0	1.3117e-05	2.5962e-10	-10.0	-2.5
37.5	1.3118e-05	2.595e-10	-10.0	-2.5
38.0	1.312e-05	2.5926e-10	-10.0	-2.5
38.5	1.3118e-05	2.5985e-10	-10.0	-2.5
39.0	1.3119e-05	2.5931e-10	-10.0	-2.5
39.5	1.3121e-05	2.5956e-10	-10.0	-2.5
40.0	1.3123e-05	2.5967e-10	-10.0	-2.5
40.5	1.3124e-05	2.5825e-10	-10.0	-2.5
41.0	1.3127e-05	2.589e-10	-10.0	-2.5
41.5	1.3129e-05	2.5913e-10	-10.0	-2.5
42.0	1.3128e-05	2.5814e-10	-10.0	-2.5
42.5	1.3132e-05	2.588e-10	-10.0	-2.5
43.0	1.3133e-05	2.5718e-10	-10.0	-2.5
43.5	1.3134e-05	2.5955e-10	-10.0	-2.5
44.0	1.3133e-05	2.5832e-10	-10.0	-2.5
44.5	1.3137e-05	2.6038e-10	-10.0	-2.5
45.0	1.3139e-05	2.593e-10	-10.0	-2.5
45.5	1.3142e-05	2.5926e-10	-10.0	-2.5
46.0	1.3141e-05	2.5913e-10	-10.0	-2.5
46.5	1.3143e-05	2.5855e-10	-10.0	-2.5
47.0	1.3145e-05	2.5916e-10	-10.0	-2.5
47.5	1.3143e-05	2.5846e-10	-10.0	-2.5
48.0	1.3147e-05	2.6001e-10	-10.0	-2.5
48.5	1.3148e-05	2.5873e-10	-10.0	-2.5
49.0	1.3148e-05	2.5892e-10	-10.0	-2.5
49.5	1.3147e-05	2.5778e-10	-10.0	-2.5
50.0	1.3149e-05	2.5935e-10	-10.0	-2.5
50.5	1.3151e-05	2.5808e-10	-10.0	-2.5
51.0	1.3152e-05	2.584e-10	-10.0	-2.5
51.5	1.3154e-05	2.5779e-10	-10.0	-2.5
52.0	1.3155e-05	2.5823e-10	-10.0	-2.5
52.5	1.3153e-05	2.5805e-10	-10.0	-2.5
53.0	1.3155e-05	2.5745e-10	-10.0	-2.5
53.5	1.3158e-05	2.5812e-10	-10.0	-2.5
54.0	1.3161e-05	2.5797e-10	-10.0	-2.5
54.5	1.3158e-05	2.5832e-10	-10.0	-2.5
55.0	1.3159e-05	2.575e-10	-10.0	-2.5
55.5	1.3162e-05	2.5747e-10	-10.0	-2.5
56.0	1.3164e-05	2.5715e-10	-10.0	-2.5
56.5	1.3165e-05	2.5741e-10	-10.0	-2.5
57.0	1.3167e-05	2.5794e-10	-10.0	-2.5
57.5	1.3167e-05	2.5707e-10	-10.0	-2.5
58.0	1.3168e-05	2.5768e-10	-10.0	-2.5
58.5	1.3169e-05	2.5809e-10	-10.0	-2.5
59.0	1.3167e-05	2.5765e-10	-10.0	-2.5
59.5	1.3169e-05	2.5795e-10	-10.0	-2.5
60.0	1.317e-05	2.5717e-10	-10.0	-2.5
60.5	1.3173e-05	2.575e-10	-10.0	-2.5
61.0	1.3174e-05	2.5758e-10	-10.0	-2.5
61.5	1.3176e-05	2.5746e-10	-10.0	-2.5
62.0	1.3178e-05	2.5657e-10	-10.0	-2.5
62.5	1.3178e-05	2.5736e-10	-10.0	-2.5
63.0	1.3178e-05	2.5637e-10	-10.0	-2.5
63.5	1.318e-05	2.5695e-10	-10.0	-2.5
64.0	1.3181e-05	2.5693e-10	-10.0	-2.5
64.5	1.3184e-05	2.5643e-10	-10.0	-2.5
65.0	1.3182e-05	2.5752e-10	-10.0	-2.5
65.5	1.3184e-05	2.5726e-10	-10.0	-2.5
66.0	1.3184e-05	2.5691e-10	-10.0	-2.5
66.5	1.3184e-05	2.5635e-10	-10.0	-2.5
67.0	1.3185e-05	2.5594e-10	-10.0	-2.5
67.5	1.3186e-05	2.5717e-10	-10.0	-2.5
68.0	1.3186e-05	2.5741e-10	-10.0	-2.5
68.5	1.3188e-05	2.5706e-10	-10.0	-2.5
69.0	1.3189e-05	2.5793e-10	-10.0	-2.5
69.5	1.3191e-05	2.5752e-10	-10.0	-2.5
70.0	1.3194e-05	2.5659e-10	-10.0	-2.5
70.5	1.3194e-05	2.569e-10	-10.0	-2.5
71.0	1.3197e-05	2.57e-10	-10.0	-2.5
71.5	1.3197e-05	2.5826e-10	-10.0	-2.5
72.0	1.3197e-05	2.5595e-10	-10.0	-2.5
72.5	1.3199e-05	2.5607e-10	-10.0	-2.5
73.0	1.3197e-05	2.5756e-10	-10.0	-2.5
73.5	1.3199e-05	2.5732e-10	-10.0	-2.5
74.0	1.3198e-05	2.5716e-10	-10.0	-2.5
74.5	1.32e-05	2.5626e-10	-10.0	-2.5
75.0	1.3203e-05	2.5782e-10	-10.0	-2.5
75.5	1.3204e-05	2.574e-10	-10.0	-2.5
76.0	1.3204e-05	2.5653e-10	-10.0	-2.5
76.5	1.3205e-05	2.5754e-10	-10.0	-2.5
77.0	1.3208e-05	2.575e-10	-10.0	-2.5
77.5	1.321e-05	2.5544e-10	-10.0	-2.5
78.0	1.321e-05	2.5657e-10	-10.0	-2.5
78.5	1.3212e-05	2.5758e-10	-10.0	-2.5
79.0	1.3212e-05	2.5748e-10	-10.0	-2.5
79.5	1.3213e-05	2.5557e-10	-10.0	-2.5
80.0	1.3217e-05	2.5704e-10	-10.0	-2.5
80.5	1.3216e-05	2.5702e-10	-10.0	-2.5
81.0	1.3215e-05	2.5696e-10	-10.0	-2.5
81.5	1.3216e-05	2.5672e-10	-10.0	-2.5
82.0	1.3214e-05	2.5692e-10	-10.0	-2.5
82.5	1.3219e-05	2.577e-10	-10.0	-2.5
83.0	1.3219e-05	2.5778e-10	-10.0	-2.5
83.5	1.3218e-05	2.5665e-10	-10.0	-2.5
84.0	1.322e-05	2.5742e-10	-10.0	-2.5
84.5	1.3226e-05	2.5671e-10	-10.0	-2.5
85.0	1.3227e-05	2.5685e-10	-10.0	-2.5
85.5	1.323e-05	2.5644e-10	-10.0	-2.5
86.0	1.323e-05	2.5685e-10	-10.0	-2.5
86.5	1.3229e-05	2.5605e-10	-10.0	-2.5
87.0	1.3232e-05	2.5815e-10	-10.0	-2.5
87.5	1.3229e-05	2.568e-10	-10.0	-2.5
88.0	1.3227e-05	2.5735e-10	-10.0	-2.5
88.5	1.3229e-05	2.5648e-10	-10.0	-2.5
89.0	1.3232e-05	2.5667e-10	-10.0	-2.5
89.5	1.3232e-05	2.5602e-10	-10.0	-2.5
90.0	1.3235e-05	2.5769e-10	-10.0	-2.5
90.5	1.3236e-05	2.564e-10	-10.0	-2.5
91.0	1.3235e-05	2.5576e-10	-10.0	-2.5
91.5	1.3237e-05	2.5604e-10	-10.0	-2.5
92.0	1.3237e-05	2.5728e-10	-10.0	-2.5
92.5	1.3236e-05	2.5628e-10	-10.0	-2.5
93.0	1.3239e-05	2.5598e-10	-10.0	-2.5
93.5	1.3239e-05	2.5588e-10	-10.0	-2.5
94.0	1.3239e-05	2.5688e-10	-10.0	-2.5
94.5	1.3242e-05	2.5661e-10	-10.0	-2.5
95.0	1.3241e-05	2.5641e-10	-10.0	-2.5
95.5	1.3244e-05	2.5545e-10	-10.0	-2.5
96.0	1.3244e-05	2.5563e-10	-10.0	-2.5
96.5	1.3244e-05	2.5716e-10	-10.0	-2.5
97.0	1.3247e-05	2.57e-10	-10.0	-2.5
97.5	1.3249e-05	2.574e-10	-10.0	-2.5
98.0	1.3248e-05	2.5644e-10	-10.0	-2.5
98.5	1.3246e-05	2.5567e-10	-10.0	-2.5
99.0	1.3248e-05	2.5549e-10	-10.0	-2.5
99.5	1.3249e-05	2.5532e-10	-10.0	-2.5
100.0	1.325e-05	2.5614e-10	-10.0	-2.5
100.5	1.3253e-05	2.5601e-10	-10.0	-2.5
101.0	1.3253e-05	2.5618e-10	-10.0	-2.5
101.5	1.3256e-05	2.5561e-10	-10.0	-2.5
102.0	1.3255e-05	2.5607e-10	-10.0	-2.5
102.5	1.3254e-05	2.5618e-10	-10.0	-2.5
103.0	1.3257e-05	2.5565e-10	-10.0	-2.5
103.5	1.3258e-05	2.5633e-10	-10.0	-2.5
104.0	1.3257e-05	2.5599e-10	-10.0	-2.5
104.5	1.3263e-05	2.558e-10	-10.0	-2.5
105.0	1.3264e-05	2.5545e-10	-10.0	-2.5
105.5	1.3263e-05	2.5536e-10	-10.0	-2.5
106.0	1.3266e-05	2.5616e-10	-10.0	-2.5
106.5	1.3266e-05	2.5621e-10	-10.0	-2.5
107.0	1.3266e-05	2.5614e-10	-10.0	-2.5
107.5	1.3267e-05	2.5584e-10	-10.0	-2.5
108.0	1.3269e-05	2.5502e-10	-10.0	-2.5
108.5	1.3269e-05	2.558e-10	-10.0	-2.5
109.0	1.3266e-05	2.5687e-10	-10.0	-2.5
109.5	1.3268e-05	2.5481e-10	-10.0	-2.5
110.0	1.3271e-05	2.5523e-10	-10.0	-2.5
110.5	1.3271e-05	2.5509e-10	-10.0	-2.5
111.0	1.3272e-05	2.5673e-10	-10.0	-2.5
111.5	1.3273e-05	2.5583e-10	-10.0	-2.5
112.0	1.3274e-05	2.5637e-10	-10.0	-2.5
112.5	1.3276e-05	2.5593e-10	-10.0	-2.5
113.0	1.3276e-05	2.5545e-10	-10.0	-2.5
113.5	1.3277e-05	2.5594e-10	-10.0	-2.5
114.0	1.3278e-05	2.5436e-10	-10.0	-2.5
114.5	1.328e-05	2.5439e-10	-10.0	-2.5
115.0	1.328e-05	2.5534e-10	-10.0	-2.5
115.5	1.328e-05	2.5535e-10	-10.0	-2.5
116.0	1.3281e-05	2.5609e-10	-10.0	-2.5
116.5	1.3284e-05	2.5674e-10	-10.0	-2.5
117.0	1.3285e-05	2.5535e-10	-10.0	-2.5
117.5	1.3285e-05	2.5538e-10	-10.0	-2.5
118.0	1.3289e-05	2.5505e-10	-10.0	-2.5
118.5	1.329e-05	2.554e-10	-10.0	-2.5
119.0	1.3288e-05	2.5552e-10	-10.0	-2.5
119.5	1.3288e-05	2.6397e-10	-10.0	-2.5
120.0	1.3293e-05	4.2127e-10	-10.0	-2.5
120.5	1.3297e-05	4.1719e-10	-10.0	-2.5
121.0	1.3302e-05	4.1144e-10	-10.0	-2.5
121.5	1.3307e-05	4.058e-10	-10.0	-2.5
122.0	1.3308e-05	4.0234e-10	-10.0	-2.5
122.5	1.3312e-05	3.9959e-10	-10.0	-2.5
123.0	1.3317e-05	3.977e-10	-10.0	-2.5
123.5	1.3325e-05	3.9685e-10	-10.0	-2.5
124.0	1.3329e-05	3.9475e-10	-10.0	-2.5
124.5	1.3333e-05	3.9264e-10	-10.0	-2.5
125.0	1.3336e-05	3.9116e-10	-10.0	-2.5
125.5	1.334e-05	3.9108e-10	-10.0	-2.5
126.0	1.3348e-05	3.8986e-10	-10.0	-2.5
126.5	1.3351e-05	3.8884e-10	-10.0	-2.5
127.0	1.3357e-05	3.8703e-10	-10.0	-2.5
127.5	1.3363e-05	3.8572e-10	-10.0	-2.5
128.0	1.3368e-05	3.8542e-10	-10.0	-2.5
128.5	1.3373e-05	3.8439e-10	-10.0	-2.5
129.0	1.3377e-05	3.8274e-10	-10.0	-2.5
129.5	1.3384e-05	3.827e-10	-10.0	-2.5
130.0	1.339e-05	3.8122e-10	-10.0	-2.5
130.5	1.3393e-05	3.7965e-10	-10.0	-2.5
131.0	1.34e-05	3.791e-10	-10.0	-2.5
131.5	1.3405e-05	3.7834e-10	-10.0	-2.5
132.0	1.3409e-05	3.7781e-10	-10.0	-2.5
132.5	1.3416e-05	3.7636e-10	-10.0	-2.5
133.0	1.3422e-05	3.756e-10	-10.0	-2.5
133.5	1.3431e-05	3.7624e-10	-10.0	-2.5
134.0	1.3438e-05	3.7431e-10	-10.0	-2.5
134.5	1.3442e-05	3.7258e-10	-10.0	-2.5
135.0	1.3446e-05	3.7332e-10	-10.0	-2.5
135.5	1.3452e-05	3.7174e-10	-10.0	-2.5
136.0	1.3457e-05	3.7198e-10	-10.0	-2.5
136.5	1.3464e-05	3.7119e-10	-10.0	-2.5
137.0	1.3467e-05	3.7119e-10	-10.0	-2.5
137.5	1.347e-05	3.7098e-10	-10.0	-2.5
138.0	1.3476e-05	3.6954e-10	-10.0	-2.5
138.5	1.3479e-05	3.6958e-10	-10.0	-2.5
139.0	1.3482e-05	3.6841e-10	-10.0	-2.5
139.5	1.349e-05	3.6808e-10	-10.0	-2.5
140.0	1.3494e-05	3.6765e-10	-10.0	-2.5
140.5	1.3497e-05	3.6842e-10	-10.0	-2.5
141.0	1.3502e-05	3.6619e-10	-10.0	-2.5
141.5	1.3506e-05	3.6652e-10	-10.0	-2.5
142.0	1.351e-05	3.6647e-10	-10.0	-2.5
142.5	1.3517e-05	3.6693e-10	-10.0	-2.5
143.0	1.3521e-05	3.6592e-10	-10.0	-2.5
143.5	1.3522e-05	3.6402e-10	-10.0	-2.5
144.0	1.3528e-05	3.6408e-10	-10.0	-2.5
144.5	1.3531e-05	3.6495e-10	-10.0	-2.5
145.0	1.3536e-05	3.6333e-10	-10.0	-2.5
145.5	1.3539e-05	3.6334e-10	-10.0	-2.5
146.0	1.3545e-05	3.64e-10	-10.0	-2.5
146.5	1.355e-05	3.6284e-10	-10.0	-2.5
147.0	1.3551e-05	3.6235e-10	-10.0	-2.5
147.5	1.3556e-05	3.6161e-10	-10.0	-2.5
148.0	1.3558e-05	3.6229e-10	-10.0	-2.5
148.5	1.3559e-05	3.6021e-10	-10.0	-2.5
149.0	1.3567e-05	3.6059e-10	-10.0	-2.5
149.5	1.3565e-05	3.6e-10	-10.0	-2.5
150.0	1.3574e-05	3.595e-10	-10.0	-2.5
150.5	1.3578e-05	3.6026e-10	-10.0	-2.5
151.0	1.3578e-05	3.5949e-10	-10.0	-2.5
151.5	1.3582e-05	3.5827e-10	-10.0	-2.5
152.0	1.3586e-05	3.5829e-10	-10.0	-2.5
152.5	1.3588e-05	3.5896e-10	-10.0	-2.5
153.0	1.3594e-05	3.5789e-10	-10.0	-2.5
153.5	1.3598e-05	3.5796e-10	-10.0	-2.5
154.0	1.3601e-05	3.5829e-10	-10.0	-2.5
154.5	1.3605e-05	3.5705e-10	-10.0	-2.5
155.0	1.3607e-05	3.5636e-10	-10.0	-2.5
155.5	1.3609e-05	3.5502e-10	-10.0	-2.5
156.0	1.361e-05	3.5604e-10	-10.0	-2.5
156.5	1.3615e-05	3.5584e-10	-10.0	-2.5
157.0	1.3619e-05	3.5515e-10	-10.0	-2.5
157.5	1.3622e-05	3.5588e-10	-10.0	-2.5
158.0	1.3625e-05	3.5453e-10	-10.0	-2.5
158.5	1.3626e-05	3.5467e-10	-10.0	-2.5
159.0	1.3629e-05	3.5435e-10	-10.0	-2.5
159.5	1.3631e-05	3.557e-10	-10.0	-2.5
160.0	1.3634e-05	3.5411e-10	-10.0	-2.5
160.5	1.3636e-05	3.5398e-10	-10.0	-2.5
161.0	1.3637e-05	3.538e-10	-10.0	-2.5
161.5	1.364e-05	3.5295e-10	-10.0	-2.5
162.0	1.3642e-05	3.5378e-10	-10.0	-2.5
162.5	1.3644e-05	3.5276e-10	-10.0	-2.5
163.0	1.3645e-05	3.5163e-10	-10.0	-2.5
163.5	1.3648e-05	3.5196e-10	-10.0	-2.5
164.0	1.3652e-05	3.5154e-10	-10.0	-2.5
164.5	1.3655e-05	3.5188e-10	-10.0	-2.5
165.0	1.3656e-05	3.516e-10	-10.0	-2.5
165.5	1.3658e-05	3.5141e-10	-10.0	-2.5
166.0	1.3659e-05	3.5158e-10	-10.0	-2.5
166.5	1.3664e-05	3.5083e-10	-10.0	-2.5
167.0	1.3665e-05	3.5057e-10	-10.0	-2.5
167.5	1.3667e-05	3.5098e-10	-10.0	-2.5
168.0	1.3667e-05	3.5085e-10	-10.0	-2.5
168.5	1.3672e-05	3.4872e-10	-10.0	-2.5
169.0	1.3673e-05	3.5069e-10	-10.0	-2.5
169.5	1.3675e-05	3.5006e-10	-10.0	-2.5
170.0	1.3675e-05	3.4911e-10	-10.0	-2.5
170.5	1.3676e-05	3.5068e-10	-10.0	-2.5
171.0	1.3677e-05	3.4805e-10	-10.0	-2.5
171.5	1.3681e-05	3.4884e-10	-10.0	-2.5
172.0	1.3679e-05	3.4883e-10	-10.0	-2.5
172.5	1.3678e-05	3.4849e-10	-10.0	-2.5
173.0	1.368e-05	3.4861e-10	-10.0	-2.5
173.5	1.3682e-05	3.4933e-10	-10.0	-2.5
174.0	1.3685e-05	3.488e-10	-10.0	-2.5
174.5	1.3686e-05	3.4774e-10	-10.0	-2.5
175.0	1.3687e-05	3.4748e-10	-10.0	-2.5
175.5	1.3687e-05	3.483e-10	-10.0	-2.5
176.0	1.369e-05	3.4799e-10	-10.0	-2.5
176.5	1.3689e-05	3.4775e-10	-10.0	-2.5
177.0	1.369e-05	3.4805e-10	-10.0	-2.5
177.5	1.3692e-05	3.4729e-10	-10.0	-2.5
178.0	1.369e-05	3.4669e-10	-10.0	-2.5
178.5	1.3695e-05	3.4652e-10	-10.0	-2.5
179.0	1.3695e-05	3.467e-10	-10.0	-2.5
179.5	1.3696e-05	3.4584e-10	-10.0	-2.5
180.0	1.3696e-05	2.324e-10	-10.0	-2.5
180.5	1.3696e-05	2.215e-10	-10.0	-2.5
181.0	1.3698e-05	2.2062e-10	-10.0	-2.5
181.5	1.3695e-05	2.1957e-10	-10.0	-2.5
182.0	1.3694e-05	2.2073e-10	-10.0	-2.5
182.5	1.3693e-05	2.2044e-10	-10.0	-2.5
183.0	1.369e-05	2.2198e-10	-10.0	-2.5
183.5	1.3691e-05	2.2171e-10	-10.0	-2.5
184.0	1.3685e-05	2.2223e-10	-10.0	-2.5
184.5	1.3684e-05	2.2253e-10	-10.0	-2.5
185.0	1.3686e-05	2.2328e-10	-10.0	-2.5
185.5	1.3684e-05	2.2354e-10	-10.0	-2.5
186.0	1.3681e-05	2.2331e-10	-10.0	-2.5
186.5	1.368e-05	2.2335e-10	-10.0	-2.5
187.0	1.3678e-05	2.2318e-10	-10.0	-2.5
187.5	1.3681e-05	2.2399e-10	-10.0	-2.5
188.0	1.3678e-05	2.2306e-10	-10.0	-2.5
188.5	1.3678e-05	2.2445e-10	-10.0	-2.5
189.0	1.3677e-05	2.2439e-10	-10.0	-2.5
189.5	1.3675e-05	2.252e-10	-10.0	-2.5
190.0	1.3674e-05	2.2526e-10	-10.0	-2.5
190.5	1.3674e-05	2.2501e-10	-10.0	-2.5
191.0	1.3671e-05	2.2533e-10	-10.0	-2.5
191.5	1.3671e-05	2.2541e-10	-10.0	-2.5
192.0	1.367e-05	2.2554e-10	-10.0	-2.5
192.5	1.3667e-05	2.2576e-10	-10.0	-2.5
193.0	1.3668e-05	2.2695e-10	-10.0	-2.5
193.5	1.3666e-05	2.2621e-10	-10.0	-2.5
194.0	1.3665e-05	2.265e-10	-10.0	-2.5
194.5	1.3662e-05	2.2651e-10	-10.0	-2.5
195.0	1.3661e-05	2.2755e-10	-10.0	-2.5
195.5	1.3659e-05	2.2687e-10	-10.0	-2.5
196.0	1.3657e-05	2.2664e-10	-10.0	-2.5
196.5	1.3656e-05	2.2715e-10	-10.0	-2.5
197.0	1.3655e-05	2.2785e-10	-10.0	-2.5
197.5	1.3657e-05	2.2747e-10	-10.0	-2.5
198.0	1.3656e-05	2.2722e-10	-10.0	-2.5
198.5	1.3652e-05	2.2752e-10	-10.0	-2.5
199.0	1.3653e-05	2.2706e-10	-10.0	-2.5
199.5	1.365e-05	2.2768e-10	-10.0	-2.5
200.0	1.3649e-05	2.2812e-10	-10.0	-2.5
200.5	1.3651e-05	2.2832e-10	-10.0	-2.5
201.0	1.365e-05	2.2745e-10	-10.0	-2.5
201.5	1.3646e-05	2.2839e-10	-10.0	-2.5
202.0	1.3645e-05	2.2808e-10	-10.0	-2.5
202.5	1.3642e-05	2.286e-10	-10.0	-2.5
203.0	1.3641e-05	2.2815e-10	-10.0	-2.5
203.5	1.3641e-05	2.2865e-10	-10.0	-2.5
204.0	1.364e-05	2.288e-10	-10.0	-2.5
204.5	1.3641e-05	2.2995e-10	-10.0	-2.5
205.0	1.364e-05	2.2937e-10	-10.0	-2.5
205.5	1.3638e-05	2.2908e-10	-10.0	-2.5
206.0	1.3636e-05	2.2892e-10	-10.0	-2.5
206.5	1.3636e-05	2.2915e-10	-10.0	-2.5
207.0	1.3635e-05	2.2916e-10	-10.0	-2.5
207.5	1.3634e-05	2.29e-10	-10.0	-2.5
208.0	1.3634e-05	2.296e-10	-10.0	-2.5
208.5	1.3635e-05	2.2898e-10	-10.0	-2.5
209.0	1.3635e-05	2.2902e-10	-10.0	-2.5
209.5	1.3634e-05	2.2922e-10	-10.0	-2.5
210.0	1.3633e-05	2.2933e-10	-10.0	-2.5
210.5	1.3632e-05	2.2952e-10	-10.0	-2.5
211.0	1.3633e-05	2.2933e-10	-10.0	-2.5
211.5	1.3633e-05	2.2945e-10	-10.0	-2.5
212.0	1.3628e-05	2.2885e-10	-10.0	-2.5
212.5	1.3629e-05	2.2933e-10	-10.0	-2.5
213.0	1.3629e-05	2.3017e-10	-10.0	-2.5
213.5	1.3629e-05	2.288e-10	-10.0	-2.5
214.0	1.3628e-05	2.2971e-10	-10.0	-2.5
214.5	1.3626e-05	2.3047e-10	-10.0	-2.5
215.0	1.3626e-05	2.2936e-10	-10.0	-2.5
215.5	1.3625e-05	2.2927e-10	-10.0	-2.5
216.0	1.3627e-05	2.2972e-10	-10.0	-2.5
216.5	1.3627e-05	2.3021e-10	-10.0	-2.5
217.0	1.3623e-05	2.3019e-10	-10.0	-2.5
217.5	1.3623e-05	2.3e-10	-10.0	-2.5
218.0	1.3623e-05	2.3024e-10	-10.0	-2.5
218.5	1.3622e-05	2.302e-10	-10.0	-2.5
219.0	1.3623e-05	2.3101e-10	-10.0	-2.5
219.5	1.3623e-05	2.3093e-10	-10.0	-2.5
220.0	1.3621e-05	2.3071e-10	-10.0	-2.5
220.5	1.3622e-05	2.3001e-10	-10.0	-2.5
221.0	1.362e-05	2.3071e-10	-10.0	-2.5
221.5	1.3621e-05	2.3076e-10	-10.0	-2.5
222.0	1.362e-05	2.3093e-10	-10.0	-2.5
222.5	1.3621e-05	2.3102e-10	-10.0	-2.5
223.0	1.3621e-05	2.3075e-10	-10.0	-2.5
223.5	1.3618e-05	2.3128e-10	-10.0	-2.5
224.0	1.3618e-05	2.311e-10	-10.0	-2.5
224.5	1.3618e-05	2.3098e-10	-10.0	-2.5
225.0	1.362e-05	2.3078e-10	-10.0	-2.5
225.5	1.362e-05	2.3065e-10	-10.0	-2.5
226.0	1.3622e-05	2.3018e-10	-10.0	-2.5
226.5	1.3621e-05	2.3074e-10	-10.0	-2.5
227.0	1.3623e-05	2.3034e-10	-10.0	-2.5
227.5	1.3623e-05	2.3148e-10	-10.0	-2.5
228.0	1.3622e-05	2.3123e-10	-10.0	-2.5
228.5	1.362e-05	2.3076e-10	-10.0	-2.5
229.0	1.362e-05	2.3143e-10	-10.0	-2.5
229.5	1.362e-05	2.3063e-10	-10.0	-2.5
230.0	1.3621e-05	2.3017e-10	-10.0	-2.5
230.5	1.3618e-05	2.2917e-10	-10.0	-2.5
231.0	1.3619e-05	2.3056e-10	-10.0	-2.5
231.5	1.3618e-05	2.3112e-10	-10.0	-2.5
232.0	1.3618e-05	2.3106e-10	-10.0	-2.5
232.5	1.3618e-05	2.3168e-10	-10.0	-2.5
233.0	1.3614e-05	2.315e-10	-10.0	-2.5
233.5	1.3617e-05	2.3147e-10	-10.0	-2.5
234.0	1.3617e-05	2.3099e-10	-10.0	-2.5
234.5	1.3616e-05	2.3199e-10	-10.0	-2.5
235.0	1.3616e-05	2.3193e-10	-10.0	-2.5
235.5	1.3616e-05	2.3184e-10	-10.0	-2.5
236.0	1.3615e-05	2.3158e-10	-10.0	-2.5
236.5	1.3615e-05	2.3166e-10	-10.0	-2.5
237.0	1.3614e-05	2.3081e-10	-10.0	-2.5
237.5	1.3614e-05	2.3087e-10	-10.0	-2.5
238.0	1.3613e-05	2.3127e-10	-10.0	-2.5
238.5	1.3611e-05	2.3138e-10	-10.0	-2.5
239.0	1.3612e-05	2.3129e-10	-10.0	-2.5
239.5	1.3613e-05	2.2969e-10	-10.0	-2.5
240.0	1.3614e-05	3.6103e-10	-10.0	-2.5
240.5	1.3617e-05	3.6776e-10	-10.0	-2.5
241.0	1.3619e-05	3.6675e-10	-10.0	-2.5
241.5	1.3622e-05	3.675e-10	-10.0	-2.5
242.0	1.3625e-05	3.648e-10	-10.0	-2.5
242.5	1.3627e-05	3.6338e-10	-10.0	-2.5
243.0	1.3628e-05	3.6337e-10	-10.0	-2.5
243.5	1.3633e-05	3.6325e-10	-10.0	-2.5
244.0	1.3636e-05	3.6236e-10	-10.0	-2.5
244.5	1.3637e-05	3.5937e-10	-10.0	-2.5
245.0	1.3638e-05	3.6008e-10	-10.0	-2.5
245.5	1.3643e-05	3.5934e-10	-10.0	-2.5
246.0	1.3647e-05	3.591e-10	-10.0	-2.5
246.5	1.3649e-05	3.5836e-10	-10.0	-2.5
247.0	1.3652e-05	3.5703e-10	-10.0	-2.5
247.5	1.3654e-05	3.5624e-10	-10.0	-2.5
248.0	1.3656e-05	3.558e-10	-10.0	-2.5
248.5	1.3661e-05	3.5553e-10	-10.0	-2.5
249.0	1.3665e-05	3.5357e-10	-10.0	-2.5
249.5	1.3667e-05	3.5296e-10	-10.0	-2.5
250.0	1.367e-05	3.5251e-10	-10.0	-2.5
250.5	1.3671e-05	3.51e-10	-10.0	-2.5
251.0	1.3675e-05	3.5137e-10	-10.0	-2.5
251.5	1.3677e-05	3.4997e-10	-10.0	-2.5
252.0	1.3676e-05	3.5066e-10	-10.0	-2.5
252.5	1.368e-05	3.4944e-10	-10.0	-2.5
253.0	1.3683e-05	3.4908e-10	-10.0	-2.5
253.5	1.3682e-05	3.5007e-10	-10.0	-2.5
254.0	1.3682e-05	3.4928e-10	-10.0	-2.5
254.5	1.3684e-05	3.4873e-10	-10.0	-2.5
255.0	1.3686e-05	3.4816e-10	-10.0	-2.5
255.5	1.3688e-05	3.476e-10	-10.0	-2.5
256.0	1.3693e-05	3.4806e-10	-10.0	-2.5
256.5	1.3695e-05	3.4757e-10	-10.0	-2.5
257.0	1.3696e-05	3.4653e-10	-10.0	-2.5
257.5	1.37e-05	3.4704e-10	-10.0	-2.5
258.0	1.3704e-05	3.4563e-10	-10.0	-2.5
258.5	1.3705e-05	3.4666e-10	-10.0	-2.5
259.0	1.3707e-05	3.451e-10	-10.0	-2.5
259.5	1.3709e-05	3.4498e-10	-10.0	-2.5
260.0	1.371e-05	3.4473e-10	-10.0	-2.5
260.5	1.3713e-05	3.4403e-10	-10.0	-2.5
261.0	1.3716e-05	3.44e-10	-10.0	-2.5
261.5	1.3716e-05	3.4359e-10	-10.0	-2.5
262.0	1.3715e-05	3.4273e-10	-10.0	-2.5
262.5	1.3716e-05	3.4359e-10	-10.0	-2.5
263.0	1.3717e-05	3.4293e-10	-10.0	-2.5
263.5	1.3719e-05	3.4304e-10	-10.0	-2.5
264.0	1.3721e-05	3.4242e-10	-10.0	-2.5
264.5	1.3722e-05	3.4179e-10	-10.0	-2.5
265.0	1.372e-05	3.4153e-10	-10.0	-2.5
265.5	1.3721e-05	3.4097e-10	-10.0	-2.5
266.0	1.3725e-05	3.4062e-10	-10.0	-2.5
266.5	1.3724e-05	3.4167e-10	-10.0	-2.5
267.0	1.3727e-05	3.4062e-10	-10.0	-2.5
267.5	1.3727e-05	3.4119e-10	-10.0	-2.5
268.0	1.3728e-05	3.413e-10	-10.0	-2.5
268.5	1.3729e-05	3.4068e-10	-10.0	-2.5
269.0	1.3731e-05	3.4062e-10	-10.0	-2.5
269.5	1.3735e-05	3.3952e-10	-10.0	-2.5
270.0	1.3737e-05	3.4009e-10	-10.0	-2.5
270.5	1.3739e-05	3.4018e-10	-10.0	-2.5
271.0	1.3741e-05	3.3984e-10	-10.0	-2.5
271.5	1.3741e-05	3.4066e-10	-10.0	-2.5
272.0	1.3741e-05	3.395e-10	-10.0	-2.5
272.5	1.3741e-05	3.4041e-10	-10.0	-2.5
273.0	1.3743e-05	3.3915e-10	-10.0	-2.5
273.5	1.3743e-05	3.3876e-10	-10.0	-2.5
274.0	1.3742e-05	3.3853e-10	-10.0	-2.5
274.5	1.3744e-05	3.3886e-10	-10.0	-2.5
275.0	1.3744e-05	3.3863e-10	-10.0	-2.5
275.5	1.3746e-05	3.3986e-10	-10.0	-2.5
276.0	1.3744e-05	3.3839e-10	-10.0	-2.5
276.5	1.3746e-05	3.391e-10	-10.0	-2.5
277.0	1.3748e-05	3.3835e-10	-10.0	-2.5
277.5	1.375e-05	3.3887e-10	-10.0	-2.5
278.0	1.3748e-05	3.3795e-10	-10.0	-2.5
278.5	1.375e-05	3.3834e-10	-10.0	-2.5
279.0	1.3749e-05	3.3798e-10	-10.0	-2.5
279.5	1.3748e-05	3.3702e-10	-10.0	-2.5
280.0	1.3748e-05	3.3709e-10	-10.0	-2.5
280.5	1.3748e-05	3.3606e-10	-10.0	-2.5
281.0	1.3751e-05	3.3633e-10	-10.0	-2.5
281.5	1.3747e-05	3.3619e-10	-10.0	-2.5
282.0	1.3748e-05	3.3617e-10	-10.0	-2.5
282.5	1.375e-05	3.3577e-10	-10.0	-2.5
283.0	1.375e-05	3.3577e-10	-10.0	-2.5
283.5	1.375e-05	3.3601e-10	-10.0	-2.5
284.0	1.375e-05	3.3529e-10	-10.0	-2.5
284.5	1.3749e-05	3.3586e-10	-10.0	-2.5
285.0	1.375e-05	3.3518e-10	-10.0	-2.5
285.5	1.3755e-05	3.3546e-10	-10.0	-2.5
286.0	1.3755e-05	3.3419e-10	-10.0	-2.5
286.5	1.3756e-05	3.3526e-10	-10.0	-2.5
287.0	1.3753e-05	3.3406e-10	-10.0	-2.5
287.5	1.3756e-05	3.3422e-10	-10.0	-2.5
288.0	1.3755e-05	3.3406e-10	-10.0	-2.5
288.5	1.3752e-05	3.3411e-10	-10.0	-2.5
289.0	1.3753e-05	3.3314e-10	-10.0	-2.5
289.5	1.3753e-05	3.3278e-10	-10.0	-2.5
290.0	1.3754e-05	3.3342e-10	-10.0	-2.5
290.5	1.3752e-05	3.3224e-10	-10.0	-2.5
291.0	1.3752e-05	3.3211e-10	-10.0	-2.5
291.5	1.3751e-05	3.3221e-10	-10.0	-2.5
292.0	1.3752e-05	3.3305e-10	-10.0	-2.5
292.5	1.375e-05	3.3179e-10	-10.0	-2.5
293.0	1.375e-05	3.3215e-10	-10.0	-2.5
293.5	1.375e-05	3.3207e-10	-10.0	-2.5
294.0	1.3749e-05	3.3158e-10	-10.0	-2.5
294.5	1.3749e-05	3.3176e-10	-10.0	-2.5
295.0	1.3746e-05	3.3192e-10	-10.0	-2.5
295.5	1.3747e-05	3.3227e-10	-10.0	-2.5
296.0	1.3749e-05	3.3217e-10	-10.0	-2.5
296.5	1.3748e-05	3.3151e-10	-10.0	-2.5
297.0	1.3751e-05	3.3079e-10	-10.0	-2.5
297.5	1.3748e-05	3.3111e-10	-10.0	-2.5
298.0	1.3749e-05	3.3065e-10	-10.0	-2.5
298.5	1.3751e-05	3.3112e-10	-10.0	-2.5
299.0	1.375e-05	3.3174e-10	-10.0	-2.5
299.5	1.375e-05	3.313e-10	-10.0	-2.5
300.0	1.375e-05	2.2236e-10	-10.0	-2.5
300.5	1.375e-05	2.0847e-10	-10.0	-2.5
301.0	1.3751e-05	2.076e-10	-10.0	-2.5
301.5	1.375e-05	2.0718e-10	-10.0	-2.5
302.0	1.3747e-05	2.0839e-10	-10.0	-2.5
302.5	1.3745e-05	2.0738e-10	-10.0	-2.5
303.0	1.3745e-05	2.09e-10	-10.0	-2.5
303.5	1.3743e-05	2.0977e-10	-10.0	-2.5
304.0	1.3743e-05	2.1062e-10	-10.0	-2.5
304.5	1.3742e-05	2.1055e-10	-10.0	-2.5
305.0	1.3741e-05	2.1083e-10	-10.0	-2.5
305.5	1.3735e-05	2.1038e-10	-10.0	-2.5
306.0	1.3733e-05	2.1292e-10	-10.0	-2.5
306.5	1.3731e-05	2.1081e-10	-10.0	-2.5
307.0	1.3732e-05	2.1185e-10	-10.0	-2.5
307.5	1.3729e-05	2.1242e-10	-10.0	-2.5
308.0	1.3728e-05	2.1157e-10	-10.0	-2.5
308.5	1.3726e-05	2.138e-10	-10.0	-2.5
309.0	1.3726e-05	2.126e-10	-10.0	-2.5
309.5	1.3725e-05	2.1269e-10	-10.0	-2.5
310.0	1.3722e-05	2.1302e-10	-10.0	-2.5
310.5	1.3719e-05	2.1362e-10	-10.0	-2.5
311.0	1.3719e-05	2.1447e-10	-10.0	-2.5
311.5	1.3719e-05	2.1464e-10	-10.0	-2.5
312.0	1.3722e-05	2.1516e-10	-10.0	-2.5
312.5	1.3719e-05	2.1463e-10	-10.0	-2.5
313.0	1.3717e-05	2.1491e-10	-10.0	-2.5
313.5	1.3715e-05	2.1502e-10	-10.0	-2.5
314.0	1.3715e-05	2.1504e-10	-10.0	-2.5
314.5	1.3713e-05	2.1502e-10	-10.0	-2.5
315.0	1.3711e-05	2.1531e-10	-10.0	-2.5
315.5	1.3715e-05	2.1541e-10	-10.0	-2.5
316.0	1.3714e-05	2.1584e-10	-10.0	-2.5
316.5	1.3712e-05	2.164e-10	-10.0	-2.5
317.0	1.371e-05	2.1608e-10	-10.0	-2.5
317.5	1.371e-05	2.1625e-10	-10.0	-2.5
318.0	1.371e-05	2.1608e-10	-10.0	-2.5
318.5	1.3706e-05	2.1664e-10	-10.0	-2.5
319.0	1.3708e-05	2.1656e-10	-10.0	-2.5
319.5	1.3709e-05	2.1632e-10	-10.0	-2.5
320.0	1.3707e-05	2.1625e-10	-10.0	-2.5
320.5	1.3705e-05	2.16e-10	-10.0	-2.5
321.0	1.3704e-05	2.1749e-10	-10.0	-2.5
321.5	1.3702e-05	2.1709e-10	-10.0	-2.5
322.0	1.3702e-05	2.1615e-10	-10.0	-2.5
322.5	1.3702e-05	2.172e-10	-10.0	-2.5
323.0	1.3701e-05	2.1655e-10	-10.0	-2.5
323.5	1.3698e-05	2.1703e-10	-10.0	-2.5
324.0	1.3697e-05	2.174e-10	-10.0	-2.5
324.5	1.3696e-05	2.1804e-10	-10.0	-2.5
325.0	1.3696e-05	2.1737e-10	-10.0	-2.5
325.5	1.3697e-05	2.1671e-10	-10.0	-2.5
326.0	1.3694e-05	2.1808e-10	-10.0	-2.5
326.5	1.3693e-05	2.1738e-10	-10.0	-2.5
327.0	1.3693e-05	2.1846e-10	-10.0	-2.5
327.5	1.3695e-05	2.1828e-10	-10.0	-2.5
328.0	1.3694e-05	2.182e-10	-10.0	-2.5
328.5	1.3692e-05	2.1824e-10	-10.0	-2.5
329.0	1.3691e-05	2.191e-10	-10.0	-2.5
329.5	1.3692e-05	2.1837e-10	-10.0	-2.5
330.0	1.3694e-05	2.1861e-10	-10.0	-2.5
330.5	1.3692e-05	2.1817e-10	-10.0	-2.5
331.0	1.3692e-05	2.1817e-10	-10.0	-2.5
331.5	1.3694e-05	2.184e-10	-10.0	-2.5
332.0	1.3693e-05	2.186e-10	-10.0	-2.5
332.5	1.3692e-05	2.1786e-10	-10.0	-2.5
333.0	1.3691e-05	2.1793e-10	-10.0	-2.5
333.5	1.3689e-05	2.1771e-10	-10.0	-2.5
334.0	1.3689e-05	2.1775e-10	-10.0	-2.5
334.5	1.3687e-05	2.1774e-10	-10.0	-2.5
335.0	1.3689e-05	2.1797e-10	-10.0	-2.5
335.5	1.3687e-05	2.1772e-10	-10.0	-2.5
336.0	1.3687e-05	2.1837e-10	-10.0	-2.5
336.5	1.3688e-05	2.1824e-10	-10.0	-2.5
337.0	1.3688e-05	2.1843e-10	-10.0	-2.5
337.5	1.3688e-05	2.177e-10	-10.0	-2.5
338.0	1.369e-05	2.1847e-10	-10.0	-2.5
338.5	1.3687e-05	2.182e-10	-10.0	-2.5
339.0	1.3686e-05	2.1812e-10	-10.0	-2.5
339.5	1.3684e-05	2.1818e-10	-10.0	-2.5
340.0	1.3686e-05	2.1805e-10	-10.0	-2.5
340.5	1.3685e-05	2.1857e-10	-10.0	-2.5
341.0	1.3687e-05	2.1921e-10	-10.0	-2.5
341.5	1.3686e-05	2.1932e-10	-10.0	-2.5
342.0	1.3685e-05	2.1815e-10	-10.0	-2.5
342.5	1.3686e-05	2.1821e-10	-10.0	-2.5
343.0	1.3688e-05	2.1821e-10	-10.0	-2.5
343.5	1.3688e-05	2.1836e-10	-10.0	-2.5
344.0	1.3686e-05	2.1894e-10	-10.0	-2.5
344.5	1.3685e-05	2.188e-10	-10.0	-2.5
345.0	1.3683e-05	2.1885e-10	-10.0	-2.5
345.5	1.3683e-05	2.1821e-10	-10.0	-2.5
346.0	1.3681e-05	2.194e-10	-10.0	-2.5
346.5	1.3683e-05	2.1893e-10	-10.0	-2.5
347.0	1.3681e-05	2.1905e-10	-10.0	-2.5
347.5	1.3682e-05	2.1935e-10	-10.0	-2.5
348.0	1.3683e-05	2.1946e-10	-10.0	-2.5
348.5	1.3683e-05	2.1979e-10	-10.0	-2.5
349.0	1.3683e-05	2.1958e-10	-10.0	-2.5
349.5	1.3681e-05	2.1962e-10	-10.0	-2.5
350.0	1.3684e-05	2.1977e-10	-10.0	-2.5
350.5	1.3684e-05	2.2009e-10	-10.0	-2.5
351.0	1.3684e-05	2.1926e-10	-10.0	-2.5
351.5	1.3684e-05	2.1913e-10	-10.0	-2.5
352.0	1.3684e-05	2.1946e-10	-10.0	-2.5
352.5	1.3684e-05	2.1997e-10	-10.0	-2.5
353.0	1.3683e-05	2.2053e-10	-10.0	-2.5
353.5	1.3683e-05	2.2038e-10	-10.0	-2.5
354.0	1.3684e-05	2.1985e-10	-10.0	-2.5
354.5	1.3682e-05	2.1995e-10	-10.0	-2.5
355.0	1.3682e-05	2.2086e-10	-10.0	-2.5
355.5	1.3683e-05	2.208e-10	-10.0	-2.5
356.0	1.3682e-05	2.2038e-10	-10.0	-2.5
356.5	1.3683e-05	2.21e-10	-10.0	-2.5
357.0	1.3682e-05	2.2002e-10	-10.0	-2.5
357.5	1.3683e-05	2.2085e-10	-10.0	-2.5
358.0	1.3681e-05	2.2143e-10	-10.0	-2.5
358.5	1.3682e-05	2.2087e-10	-10.0	-2.5
359.0	1.3683e-05	2.2107e-10	-10.0	-2.5
359.5	1.3686e-05	2.2145e-10	-10.0	-2.5
360.0	1.3686e-05	3.4659e-10	-10.0	-2.5
360.5	1.3684e-05	3.565e-10	-10.0	-2.5
361.0	1.3687e-05	3.5693e-10	-10.0	-2.5
361.5	1.369e-05	3.5471e-10	-10.0	-2.5
362.0	1.3694e-05	3.5353e-10	-10.0	-2.5
362.5	1.3698e-05	3.5304e-10	-10.0	-2.5
363.0	1.3698e-05	3.5202e-10	-10.0	-2.5
363.5	1.37e-05	3.5081e-10	-10.0	-2.5
364.0	1.3705e-05	3.5087e-10	-10.0	-2.5
364.5	1.3706e-05	3.491e-10	-10.0	-2.5
365.0	1.3708e-05	3.494e-10	-10.0	-2.5
365.5	1.3712e-05	3.4783e-10	-10.0	-2.5
366.0	1.3712e-05	3.4706e-10	-10.0	-2.5
366.5	1.3712e-05	3.4588e-10	-10.0	-2.5
367.0	1.3715e-05	3.4486e-10	-10.0	-2.5
367.5	1.3718e-05	3.4445e-10	-10.0	-2.5
368.0	1.3723e-05	3.4406e-10	-10.0	-2.5
368.5	1.3724e-05	3.4336e-10	-10.0	-2.5
369.0	1.3727e-05	3.4184e-10	-10.0	-2.5
369.5	1.3729e-05	3.4026e-10	-10.0	-2.5
370.0	1.3732e-05	3.3954e-10	-10.0	-2.5
370.5	1.3734e-05	3.4066e-10	-10.0	-2.5
371.0	1.3738e-05	3.4048e-10	-10.0	-2.5
371.5	1.3737e-05	3.4016e-10	-10.0	-2.5
372.0	1.374e-05	3.3939e-10	-10.0	-2.5
372.5	1.3738e-05	3.3926e-10	-10.0	-2.5
373.0	1.374e-05	3.389e-10	-10.0	-2.5
373.5	1.3743e-05	3.384e-10	-10.0	-2.5
374.0	1.3746e-05	3.3721e-10	-10.0	-2.5
374.5	1.3745e-05	3.3685e-10	-10.0	-2.5
375.0	1.3747e-05	3.3768e-10	-10.0	-2.5
375.5	1.375e-05	3.3648e-10	-10.0	-2.5
376.0	1.3749e-05	3.3617e-10	-10.0	-2.5
376.5	1.3749e-05	3.3591e-10	-10.0	-2.5
377.0	1.3754e-05	3.3586e-10	-10.0	-2.5
377.5	1.3756e-05	3.364e-10	-10.0	-2.5
378.0	1.3758e-05	3.3453e-10	-10.0	-2.5
378.5	1.3759e-05	3.345e-10	-10.0	-2.5
379.0	1.3758e-05	3.3472e-10	-10.0	-2.5
379.5	1.3757e-05	3.3424e-10	-10.0	-2.5
380.0	1.3757e-05	3.3344e-10	-10.0	-2.5
380.5	1.3761e-05	3.3449e-10	-10.0	-2.5
381.0	1.376e-05	3.3472e-10	-10.0	-2.5
381.5	1.3759e-05	3.3383e-10	-10.0	-2.5
382.0	1.3762e-05	3.3384e-10	-10.0	-2.5
382.5	1.3761e-05	3.34e-10	-10.0	-2.5
383.0	1.3764e-05	3.3317e-10	-10.0	-2.5
383.5	1.3765e-05	3.3193e-10	-10.0	-2.5
384.0	1.3763e-05	3.3256e-10	-10.0	-2.5
384.5	1.3766e-05	3.3186e-10	-10.0	-2.5
385.0	1.3766e-05	3.3352e-10	-10.0	-2.5
385.5	1.3766e-05	3.3145e-10	-10.0	-2.5
386.0	1.3765e-05	3.3093e-10	-10.0	-2.5
386.5	1.3766e-05	3.3059e-10	-10.0	-2.5
387.0	1.3769e-05	3.3196e-10	-10.0	-2.5
387.5	1.3769e-05	3.3098e-10	-10.0	-2.5
388.0	1.3769e-05	3.3109e-10	-10.0	-2.5
388.5	1.377e-05	3.3146e-10	-10.0	-2.5
389.0	1.3772e-05	3.3176e-10	-10.0	-2.5
389.5	1.3772e-05	3.3077e-10	-10.0	-2.5
390.0	1.3772e-05	3.3143e-10	-10.0	-2.5
390.5	1.3773e-05	3.2996e-10	-10.0	-2.5
391.0	1.3773e-05	3.3036e-10	-10.0	-2.5
391.5	1.3774e-05	3.3028e-10	-10.0	-2.5
392.0	1.3775e-05	3.2975e-10	-10.0	-2.5
392.5	1.3772e-05	3.2963e-10	-10.0	-2.5
393.0	1.3773e-05	3.2909e-10	-10.0	-2.5
393.5	1.3774e-05	3.3023e-10	-10.0	-2.5
394.0	1.3773e-05	3.3055e-10	-10.0	-2.5
394.5	1.3773e-05	3.3073e-10	-10.0	-2.5
395.0	1.3771e-05	3.2864e-10	-10.0	-2.5
395.5	1.3768e-05	3.2844e-10	-10.0	-2.5
396.0	1.3772e-05	3.291e-10	-10.0	-2.5
396.5	1.377e-05	3.2976e-10	-10.0	-2.5
397.0	1.3767e-05	3.2975e-10	-10.0	-2.5
397.5	1.3768e-05	3.2955e-10	-10.0	-2.5
398.0	1.3767e-05	3.2878e-10	-10.0	-2.5
398.5	1.3767e-05	3.2868e-10	-10.0	-2.5
399.0	1.3766e-05	3.2878e-10	-10.0	-2.5
399.5	1.3765e-05	3.2803e-10	-10.0	-2.5
400.0	1.3764e-05	3.2916e-10	-10.0	-2.5
400.5	1.3765e-05	3.2792e-10	-10.0	-2.5
401.0	1.3765e-05	3.2845e-10	-10.0	-2.5
401.5	1.3763e-05	3.278e-10	-10.0	-2.5
402.0	1.3762e-05	3.2777e-10	-10.0	-2.5
402.5	1.3764e-05	3.2821e-10	-10.0	-2.5
403.0	1.3765e-05	3.2844e-10	-10.0	-2.5
403.5	1.3765e-05	3.2736e-10	-10.0	-2.5
404.0	1.3767e-05	3.2844e-10	-10.0	-2.5
404.5	1.3766e-05	3.2748e-10	-10.0	-2.5
405.0	1.3766e-05	3.2735e-10	-10.0	-2.5
405.5	1.3765e-05	3.2814e-10	-10.0	-2.5
406.0	1.3765e-05	3.2578e-10	-10.0	-2.5
406.5	1.3762e-05	3.269e-10	-10.0	-2.5
407.0	1.3763e-05	3.2735e-10	-10.0	-2.5
407.5	1.3765e-05	3.2636e-10	-10.0	-2.5
408.0	1.3765e-05	3.2671e-10	-10.0	-2.5
408.5	1.3767e-05	3.2619e-10	-10.0	-2.5
409.0	1.3766e-05	3.2692e-10	-10.0	-2.5
409.5	1.3768e-05	3.2588e-10	-10.0	-2.5
410.0	1.3768e-05	3.2593e-10	-10.0	-2.5
410.5	1.3768e-05	3.2551e-10	-10.0	-2.5
411.0	1.3768e-05	3.2542e-10	-10.0	-2.5
411.5	1.3766e-05	3.2586e-10	-10.0	-2.5
412.0	1.3765e-05	3.2541e-10	-10.0	-2.5
412.5	1.3764e-05	3.2584e-10	-10.0	-2.5
413.0	1.3764e-05	3.2478e-10	-10.0	-2.5
413.5	1.3762e-05	3.2583e-10	-10.0	-2.5
414.0	1.3764e-05	3.2552e-10	-10.0	-2.5
414.5	1.3764e-05	3.2591e-10	-10.0	-2.5
415.0	1.3765e-05	3.2639e-10	-10.0	-2.5
415.5	1.3762e-05	3.2595e-10	-10.0	-2.5
416.0	1.3762e-05	3.2504e-10	-10.0	-2.5
416.5	1.3762e-05	3.2612e-10	-10.0	-2.5
417.0	1.3761e-05	3.2516e-10	-10.0	-2.5
417.5	1.3761e-05	3.2491e-10	-10.0	-2.5
418.0	1.3757e-05	3.2591e-10	-10.0	-2.5
418.5	1.3757e-05	3.2446e-10	-10.0	-2.5
419.0	1.3757e-05	3.2372e-10	-10.0	-2.5
419.5	1.3759e-05	3.2479e-10	-10.0	-2.5
420.0	1.3759e-05	2.1812e-10	-10.0	-2.5
420.5	1.3756e-05	2.0214e-10	-10.0	-2.5
421.0	1.3754e-05	2.0055e-10	-10.0	-2.5
421.5	1.3754e-05	2.0155e-10	-10.0	-2.5
422.0	1.3751e-05	2.0135e-10	-10.0	-2.5
422.5	1.3751e-05	2.0196e-10	-10.0	-2.5
423.0	1.3749e-05	2.0177e-10	-10.0	-2.5
423.5	1.3749e-05	2.0292e-10	-10.0	-2.5
424.0	1.3745e-05	2.0318e-10	-10.0	-2.5
424.5	1.3746e-05	2.0314e-10	-10.0	-2.5
425.0	1.3745e-05	2.0395e-10	-10.0	-2.5
425.5	1.3742e-05	2.0356e-10	-10.0	-2.5
426.0	1.3742e-05	2.0365e-10	-10.0	-2.5
426.5	1.374e-05	2.0454e-10	-10.0	-2.5
427.0	1.3739e-05	2.0517e-10	-10.0	-2.5
427.5	1.3737e-05	2.0563e-10	-10.0	-2.5
428.0	1.3735e-05	2.0535e-10	-10.0	-2.5
428.5	1.3735e-05	2.0625e-10	-10.0	-2.5
429.0	1.3734e-05	2.0555e-10	-10.0	-2.5
429.5	1.3734e-05	2.0551e-10	-10.0	-2.5
430.0	1.3732e-05	2.071e-10	-10.0	-2.5
430.5	1.3732e-05	2.0782e-10	-10.0	-2.5
431.0	1.3731e-05	2.0658e-10	-10.0	-2.5
431.5	1.373e-05	2.0774e-10	-10.0	-2.5
432.0	1.3729e-05	2.0748e-10	-10.0	-2.5
432.5	1.3727e-05	2.075e-10	-10.0	-2.5
433.0	1.3727e-05	2.0725e-10	-10.0	-2.5
433.5	1.3725e-05	2.0852e-10	-10.0	-2.5
434.0	1.3727e-05	2.0786e-10	-10.0	-2.5
434.5	1.3725e-05	2.0808e-10	-10.0	-2.5
435.0	1.3724e-05	2.0757e-10	-10.0	-2.5
435.5	1.3726e-05	2.0941e-10	-10.0	-2.5
436.0	1.3725e-05	2.0891e-10	-10.0	-2.5
436.5	1.3724e-05	2.0877e-10	-10.0	-2.5
437.0	1.3722e-05	2.0778e-10	-10.0	-2.5
437.5	1.3721e-05	2.0868e-10	-10.0	-2.5
438.0	1.3721e-05	2.093e-10	-10.0	-2.5
438.5	1.3722e-05	2.0908e-10	-10.0	-2.5
439.0	1.3721e-05	2.0875e-10	-10.0	-2.5
439.5	1.3721e-05	2.0838e-10	-10.0	-2.5
440.0	1.372e-05	2.0893e-10	-10.0	-2.5
440.5	1.3718e-05	2.0818e-10	-10.0	-2.5
441.0	1.3716e-05	2.0879e-10	-10.0	-2.5
441.5	1.3716e-05	2.0872e-10	-10.0	-2.5
442.0	1.3716e-05	2.0971e-10	-10.0	-2.5
442.5	1.3715e-05	2.096e-10	-10.0	-2.5
443.0	1.3717e-05	2.0892e-10	-10.0	-2.5
443.5	1.3715e-05	2.0926e-10	-10.0	-2.5
444.0	1.3715e-05	2.0969e-10	-10.0	-2.5
444.5	1.3714e-05	2.088e-10	-10.0	-2.5
445.0	1.3715e-05	2.0996e-10	-10.0	-2.5
445.5	1.3716e-05	2.0984e-10	-10.0	-2.5
446.0	1.3716e-05	2.1022e-10	-10.0	-2.5
446.5	1.3714e-05	2.094e-10	-10.0	-2.5
447.0	1.3713e-05	2.1035e-10	-10.0	-2.5
447.5	1.3714e-05	2.1027e-10	-10.0	-2.5
448.0	1.3714e-05	2.0982e-10	-10.0	-2.5
448.5	1.3714e-05	2.1e-10	-10.0	-2.5
449.0	1.3713e-05	2.1076e-10	-10.0	-2.5
449.5	1.371e-05	2.1044e-10	-10.0	-2.5
450.0	1.3711e-05	2.1103e-10	-10.0	-2.5
450.5	1.3711e-05	2.1114e-10	-10.0	-2.5
451.0	1.3708e-05	2.1093e-10	-10.0	-2.5
451.5	1.3709e-05	2.1082e-10	-10.0	-2.5
452.0	1.3708e-05	2.1037e-10	-10.0	-2.5
452.5	1.3708e-05	2.1042e-10	-10.0	-2.5
453.0	1.3706e-05	2.1148e-10	-10.0	-2.5
453.5	1.3708e-05	2.1167e-10	-10.0	-2.5
454.0	1.3708e-05	2.1231e-10	-10.0	-2.5
454.5	1.3708e-05	2.1246e-10	-10.0	-2.5
455.0	1.3706e-05	2.1168e-10	-10.0	-2.5
455.5	1.3708e-05	2.1142e-10	-10.0	-2.5
456.0	1.3708e-05	2.1144e-10	-10.0	-2.5
456.5	1.3708e-05	2.1257e-10	-10.0	-2.5
457.0	1.3708e-05	2.115e-10	-10.0	-2.5
457.5	1.3708e-05	2.1177e-10	-10.0	-2.5
458.0	1.3706e-05	2.1188e-10	-10.0	-2.5
458.5	1.3708e-05	2.1173e-10	-10.0	-2.5
459.0	1.3705e-05	2.1129e-10	-10.0	-2.5
459.5	1.3705e-05	2.115e-10	-10.0	-2.5
460.0	1.3707e-05	2.1209e-10	-10.0	-2.5
460.5	1.371e-05	2.127e-10	-10.0	-2.5
461.0	1.3712e-05	2.1176e-10	-10.0	-2.5
461.5	1.371e-05	2.1177e-10	-10.0	-2.5
462.0	1.3711e-05	2.1183e-10	-10.0	-2.5
462.5	1.371e-05	2.1228e-10	-10.0	-2.5
463.0	1.3709e-05	2.1294e-10	-10.0	-2.5
463.5	1.3709e-05	2.1288e-10	-10.0	-2.5
464.0	1.3709e-05	2.1226e-10	-10.0	-2.5
464.5	1.3711e-05	2.1237e-10	-10.0	-2.5
465.0	1.3711e-05	2.129e-10	-10.0	-2.5
465.5	1.371e-05	2.1252e-10	-10.0	-2.5
466.0	1.3712e-05	2.1328e-10	-10.0	-2.5
466.5	1.3711e-05	2.1332e-10	-10.0	-2.5
467.0	1.371e-05	2.1309e-10	-10.0	-2.5
467.5	1.3712e-05	2.1316e-10	-10.0	-2.5
468.0	1.3709e-05	2.1308e-10	-10.0	-2.5
468.5	1.371e-05	2.1351e-10	-10.0	-2.5
469.0	1.371e-05	2.1298e-10	-10.0	-2.5
469.5	1.371e-05	2.1301e-10	-10.0	-2.5
470.0	1.371e-05	2.1305e-10	-10.0	-2.5
470.5	1.3708e-05	2.1415e-10	-10.0	-2.5
471.0	1.3711e-05	2.1273e-10	-10.0	-2.5
471.5	1.371e-05	2.1362e-10	-10.0	-2.5
472.0	1.3709e-05	2.1355e-10	-10.0	-2.5
472.5	1.3708e-05	2.1349e-10	-10.0	-2.5
473.0	1.3708e-05	2.1388e-10	-10.0	-2.5
473.5	1.3709e-05	2.1317e-10	-10.0	-2.5
474.0	1.3708e-05	2.1314e-10	-10.0	-2.5
474.5	1.3708e-05	2.1251e-10	-10.0	-2.5
475.0	1.3709e-05	2.1394e-10	-10.0	-2.5
475.5	1.3709e-05	2.1337e-10	-10.0	-2.5
476.0	1.3713e-05	2.1365e-10	-10.0	-2.5
476.5	1.371e-05	2.1371e-10	-10.0	-2.5
477.0	1.371e-05	2.1441e-10	-10.0	-2.5
477.5	1.371e-05	2.1463e-10	-10.0	-2.5
478.0	1.3711e-05	2.1491e-10	-10.0	-2.5
478.5	1.371e-05	2.1482e-10	-10.0	-2.5
479.0	1.371e-05	2.148e-10	-10.0	-2.5
479.5	1.3712e-05	2.1485e-10	-10.0	-2.5
480.0	1.3714e-05	3.3921e-10	-10.0	-2.5
480.5	1.3714e-05	3.5051e-10	-10.0	-2.5
481.0	1.3714e-05	3.4903e-10	-10.0	-2.5
481.5	1.3717e-05	3.4825e-10	-10.0	-2.5
482.0	1.3719e-05	3.4664e-10	-10.0	-2.5
482.5	1.3721e-05	3.4612e-10	-10.0	-2.5
483.0	1.3721e-05	3.4574e-10	-10.0	-2.5
483.5	1.3724e-05	3.439e-10	-10.0	-2.5
484.0	1.3724e-05	3.4353e-10	-10.0	-2.5
484.5	1.3728e-05	3.4286e-10	-10.0	-2.5
485.0	1.3728e-05	3.4147e-10	-10.0	-2.5
485.5	1.3729e-05	3.4083e-10	-10.0	-2.5
486.0	1.3732e-05	3.3933e-10	-10.0	-2.5
486.5	1.3735e-05	3.3991e-10	-10.0	-2.5
487.0	1.3738e-05	3.3964e-10	-10.0	-2.5
487.5	1.374e-05	3.3872e-10	-10.0	-2.5
488.0	1.3743e-05	3.3814e-10	-10.0	-2.5
488.5	1.3748e-05	3.3733e-10	-10.0	-2.5
489.0	1.3746e-05	3.3744e-10	-10.0	-2.5
489.5	1.3747e-05	3.3661e-10	-10.0	-2.5
490.0	1.375e-05	3.3555e-10	-10.0	-2.5
490.5	1.3749e-05	3.351e-10	-10.0	-2.5
491.0	1.3751e-05	3.3551e-10	-10.0	-2.5
491.5	1.3754e-05	3.3381e-10	-10.0	-2.5
492.0	1.3756e-05	3.3394e-10	-10.0	-2.5
492.5	1.3757e-05	3.3371e-10	-10.0	-2.5
493.0	1.3757e-05	3.3323e-10	-10.0	-2.5
493.5	1.3759e-05	3.3216e-10	-10.0	-2.5
494.0	1.376e-05	3.3196e-10	-10.0	-2.5
494.5	1.3763e-05	3.3137e-10	-10.0	-2.5
495.0	1.3765e-05	3.3156e-10	-10.0	-2.5
495.5	1.3765e-05	3.315e-10	-10.0	-2.5
496.0	1.3767e-05	3.3086e-10	-10.0	-2.5
496.5	1.3767e-05	3.3033e-10	-10.0	-2.5
497.0	1.3767e-05	3.3162e-10	-10.0	-2.5
497.5	1.3769e-05	3.3062e-10	-10.0	-2.5
498.0	1.3768e-05	3.2999e-10	-10.0	-2.5
498.5	1.3766e-05	3.2973e-10	-10.0	-2.5
499.0	1.3767e-05	3.3046e-10	-10.0	-2.5
499.5	1.3765e-05	3.2935e-10	-10.0	-2.5
500.0	1.3763e-05	3.3e-10	-10.0	-2.5
500.5	1.3765e-05	3.2956e-10	-10.0	-2.5
501.0	1.3766e-05	3.2835e-10	-10.0	-2.5
501.5	1.3766e-05	3.2836e-10	-10.0	-2.5
502.0	1.3764e-05	3.2737e-10	-10.0	-2.5
502.5	1.3768e-05	3.2776e-10	-10.0	-2.5
503.0	1.3767e-05	3.2836e-10	-10.0	-2.5
503.5	1.3766e-05	3.2778e-10	-10.0	-2.5
504.0	1.3768e-05	3.2757e-10	-10.0	-2.5
504.5	1.3767e-05	3.2698e-10	-10.0	-2.5
505.0	1.3767e-05	3.2654e-10	-10.0	-2.5
505.5	1.3768e-05	3.2618e-10	-10.0	-2.5
506.0	1.3769e-05	3.2666e-10	-10.0	-2.5
506.5	1.3768e-05	3.2626e-10	-10.0	-2.5
507.0	1.3768e-05	3.2587e-10	-10.0	-2.5
507.5	1.3769e-05	3.2519e-10	-10.0	-2.5
508.0	1.377e-05	3.2513e-10	-10.0	-2.5
508.5	1.3771e-05	3.2514e-10	-10.0	-2.5
509.0	1.3772e-05	3.245e-10	-10.0	-2.5
509.5	1.3771e-05	3.2461e-10	-10.0	-2.5
510.0	1.3768e-05	3.2401e-10	-10.0	-2.5
510.5	1.3769e-05	3.2442e-10	-10.0	-2.5
511.0	1.3768e-05	3.241e-10	-10.0	-2.5
511.5	1.3769e-05	3.2329e-10	-10.0	-2.5
512.0	1.3769e-05	3.2242e-10	-10.0	-2.5
512.5	1.3767e-05	3.2291e-10	-10.0	-2.5
513.0	1.3766e-05	3.2276e-10	-10.0	-2.5
513.5	1.3765e-05	3.2373e-10	-10.0	-2.5
514.0	1.3766e-05	3.2364e-10	-10.0	-2.5
514.5	1.3769e-05	3.2402e-10	-10.0	-2.5
515.0	1.3766e-05	3.2258e-10	-10.0	-2.5
515.5	1.3766e-05	3.2316e-10	-10.0	-2.5
516.0	1.3766e-05	3.2177e-10	-10.0	-2.5
516.5	1.3765e-05	3.2194e-10	-10.0	-2.5
517.0	1.3763e-05	3.217e-10	-10.0	-2.5
517.5	1.3763e-05	3.2181e-10	-10.0	-2.5
518.0	1.3764e-05	3.2215e-10	-10.0	-2.5
518.5	1.3762e-05	3.2177e-10	-10.0	-2.5
519.0	1.3763e-05	3.2205e-10	-10.0	-2.5
519.5	1.3764e-05	3.2113e-10	-10.0	-2.5
520.0	1.3763e-05	3.2173e-10	-10.0	-2.5
520.5	1.3762e-05	3.2089e-10	-10.0	-2.5
521.0	1.3762e-05	3.2054e-10	-10.0	-2.5
521.5	1.3764e-05	3.2175e-10	-10.0	-2.5
522.0	1.3762e-05	3.221e-10	-10.0	-2.5
522.5	1.3761e-05	3.2153e-10	-10.0	-2.5
523.0	1.3762e-05	3.204e-10	-10.0	-2.5
523.5	1.3762e-05	3.2093e-10	-10.0	-2.5
524.0	1.376e-05	3.2109e-10	-10.0	-2.5
524.5	1.3762e-05	3.2128e-10	-10.0	-2.5
525.0	1.376e-05	3.2019e-10	-10.0	-2.5
525.5	1.3759e-05	3.2027e-10	-10.0	-2.5
526.0	1.3761e-05	3.2037e-10	-10.0	-2.5
526.5	1.3757e-05	3.201e-10	-10.0	-2.5
527.0	1.3758e-05	3.2009e-10	-10.0	-2.5
527.5	1.3756e-05	3.2047e-10	-10.0	-2.5
528.0	1.3754e-05	3.2063e-10	-10.0	-2.5
528.5	1.3754e-05	3.1959e-10	-10.0	-2.5
529.0	1.3754e-05	3.2046e-10	-10.0	-2.5
529.5	1.3756e-05	3.201e-10	-10.0	-2.5
530.0	1.3755e-05	3.1965e-10	-10.0	-2.5
530.5	1.3752e-05	3.1907e-10	-10.0	-2.5
531.0	1.3753e-05	3.2023e-10	-10.0	-2.5
531.5	1.3752e-05	3.1917e-10	-10.0	-2.5
532.0	1.3752e-05	3.1975e-10	-10.0	-2.5
532.5	1.3751e-05	3.1903e-10	-10.0	-2.5
533.0	1.3752e-05	3.1954e-10	-10.0	-2.5
533.5	1.3752e-05	3.1838e-10	-10.0	-2.5
534.0	1.3753e-05	3.1845e-10	-10.0	-2.5
534.5	1.3753e-05	3.194e-10	-10.0	-2.5
535.0	1.3753e-05	3.183e-10	-10.0	-2.5
535.5	1.3751e-05	3.1822e-10	-10.0	-2.5
536.0	1.375e-05	3.1759e-10	-10.0	-2.5
536.5	1.375e-05	3.1887e-10	-10.0	-2.5
537.0	1.3748e-05	3.1914e-10	-10.0	-2.5
537.5	1.375e-05	3.1793e-10	-10.0	-2.5
538.0	1.3749e-05	3.1825e-10	-10.0	-2.5
538.5	1.3749e-05	3.1706e-10	-10.0	-2.5
539.0	1.375e-05	3.1778e-10	-10.0	-2.5
539.5	1.3747e-05	3.1763e-10	-10.0	-2.5
540.0	1.3746e-05	2.1357e-10	-10.0	-2.5
540.5	1.3746e-05	1.956e-10	-10.0	-2.5
541.0	1.3742e-05	1.9477e-10	-10.0	-2.5
541.5	1.374e-05	1.9483e-10	-10.0	-2.5
542.0	1.3741e-05	1.9563e-10	-10.0	-2.5
542.5	1.3741e-05	1.959e-10	-10.0	-2.5
543.0	1.3739e-05	1.9644e-10	-10.0	-2.5
543.5	1.3738e-05	1.9652e-10	-10.0	-2.5
544.0	1.3737e-05	1.9805e-10	-10.0	-2.5
544.5	1.3735e-05	1.9833e-10	-10.0	-2.5
545.0	1.3733e-05	1.9856e-10	-10.0	-2.5
545.5	1.373e-05	1.9774e-10	-10.0	-2.5
546.0	1.373e-05	1.9906e-10	-10.0	-2.5
546.5	1.3729e-05	1.9884e-10	-10.0	-2.5
547.0	1.3726e-05	1.9923e-10	-10.0	-2.5
547.5	1.3725e-05	1.9908e-10	-10.0	-2.5
548.0	1.3725e-05	1.9981e-10	-10.0	-2.5
548.5	1.372e-05	2.001e-10	-10.0	-2.5
549.0	1.372e-05	2.0052e-10	-10.0	-2.5
549.5	1.3719e-05	2.0003e-10	-10.0	-2.5
550.0	1.3719e-05	2.0051e-10	-10.0	-2.5
550.5	1.3716e-05	2.0128e-10	-10.0	-2.5
551.0	1.3715e-05	2.0096e-10	-10.0	-2.5
551.5	1.3716e-05	2.0125e-10	-10.0	-2.5
552.0	1.3715e-05	2.0157e-10	-10.0	-2.5
552.5	1.3716e-05	2.0109e-10	-10.0	-2.5
553.0	1.3717e-05	2.0179e-10	-10.0	-2.5
553.5	1.3714e-05	2.0199e-10	-10.0	-2.5
554.0	1.3712e-05	2.0225e-10	-10.0	-2.5
554.5	1.3711e-05	2.0212e-10	-10.0	-2.5
555.0	1.3711e-05	2.0281e-10	-10.0	-2.5
555.5	1.3713e-05	2.0264e-10	-10.0	-2.5
556.0	1.3711e-05	2.0317e-10	-10.0	-2.5
556.5	1.371e-05	2.0327e-10	-10.0	-2.5
557.0	1.3708e-05	2.0242e-10	-10.0	-2.5
557.5	1.3708e-05	2.0255e-10	-10.0	-2.5
558.0	1.3708e-05	2.034e-10	-10.0	-2.5
558.5	1.3709e-05	2.0354e-10	-10.0	-2.5
559.0	1.3708e-05	2.0364e-10	-10.0	-2.5
559.5	1.3706e-05	2.0338e-10	-10.0	-2.5
560.0	1.3707e-05	2.0357e-10	-10.0	-2.5
560.5	1.3705e-05	2.0427e-10	-10.0	-2.5
561.0	1.3706e-05	2.0416e-10	-10.0	-2.5
561.51	1.3707e-05	2.0443e-10	-10.0	-2.5
562.0	1.3706e-05	2.0435e-10	-10.0	-2.5
562.5	1.3708e-05	2.0466e-10	-10.0	-2.5
563.0	1.3706e-05	2.0416e-10	-10.0	-2.5
563.5	1.3707e-05	2.0407e-10	-10.0	-2.5
564.0	1.3705e-05	2.0381e-10	-10.0	-2.5
564.5	1.3707e-05	2.0457e-10	-10.0	-2.5
565.0	1.3705e-05	2.0506e-10	-10.0	-2.5
565.5	1.3705e-05	2.049e-10	-10.0	-2.5
566.0	1.3705e-05	2.0382e-10	-10.0	-2.5
566.5	1.3704e-05	2.046e-10	-10.0	-2.5
567.0	1.3705e-05	2.0494e-10	-10.0	-2.5
567.5	1.3707e-05	2.0387e-10	-10.0	-2.5
568.0	1.3707e-05	2.035e-10	-10.0	-2.5
568.5	1.3706e-05	2.0433e-10	-10.0	-2.5
569.0	1.3704e-05	2.0409e-10	-10.0	-2.5
569.5	1.3707e-05	2.0512e-10	-10.0	-2.5
570.0	1.3705e-05	2.0443e-10	-10.0	-2.5
570.5	1.3704e-05	2.0438e-10	-10.0	-2.5
571.0	1.3705e-05	2.0463e-10	-10.0	-2.5
571.5	1.3706e-05	2.0517e-10	-10.0	-2.5
572.0	1.3705e-05	2.0486e-10	-10.0	-2.5
572.5	1.3703e-05	2.0521e-10	-10.0	-2.5
573.0	1.3703e-05	2.0578e-10	-10.0	-2.5
573.5	1.3704e-05	2.0553e-10	-10.0	-2.5
574.0	1.3704e-05	2.0602e-10	-10.0	-2.5
574.5	1.3703e-05	2.0636e-10	-10.0	-2.5
575.0	1.371e-05	2.059e-10	-10.0	-2.5
575.5	1.3709e-05	2.0607e-10	-10.0	-2.5
576.0	1.3708e-05	2.0655e-10	-10.0	-2.5
576.5	1.371e-05	2.0651e-10	-10.0	-2.5
577.0	1.3708e-05	2.0624e-10	-10.0	-2.5
577.5	1.371e-05	2.067e-10	-10.0	-2.5
578.0	1.3712e-05	2.0705e-10	-10.0	-2.5
578.5	1.3708e-05	2.0643e-10	-10.0	-2.5
579.0	1.3708e-05	2.0818e-10	-10.0	-2.5
579.5	1.3708e-05	2.0802e-10	-10.0	-2.5
580.0	1.371e-05	2.0671e-10	-10.0	-2.5
580.5	1.3709e-05	2.0678e-10	-10.0	-2.5
581.0	1.3708e-05	2.0689e-10	-10.0	-2.5
581.5	1.371e-05	2.0669e-10	-10.0	-2.5
582.0	1.3709e-05	2.0697e-10	-10.0	-2.5
582.5	1.3709e-05	2.0816e-10	-10.0	-2.5
583.0	1.3711e-05	2.0673e-10	-10.0	-2.5
583.5	1.3709e-05	2.0717e-10	-10.0	-2.5
584.0	1.3711e-05	2.0787e-10	-10.0	-2.5
584.5	1.3708e-05	2.0778e-10	-10.0	-2.5
585.0	1.3706e-05	2.0769e-10	-10.0	-2.5
585.5	1.3711e-05	2.0778e-10	-10.0	-2.5
586.0	1.3713e-05	2.0756e-10	-10.0	-2.5
586.5	1.3709e-05	2.0731e-10	-10.0	-2.5
587.0	1.371e-05	2.0783e-10	-10.0	-2.5
587.5	1.3708e-05	2.0906e-10	-10.0	-2.5
588.0	1.3707e-05	2.081e-10	-10.0	-2.5
588.5	1.3707e-05	2.0848e-10	-10.0	-2.5
589.0	1.3707e-05	2.0701e-10	-10.0	-2.5
589.5	1.3707e-05	2.0799e-10	-10.0	-2.5
590.0	1.3709e-05	2.0845e-10	-10.0	-2.5
590.5	1.3711e-05	2.0714e-10	-10.0	-2.5
591.0	1.371e-05	2.078e-10	-10.0	-2.5
591.5	1.3711e-05	2.0785e-10	-10.0	-2.5
592.0	1.3709e-05	2.0825e-10	-10.0	-2.5
592.5	1.3709e-05	2.0778e-10	-10.0	-2.5
593.0	1.371e-05	2.08e-10	-10.0	-2.5
593.5	1.3713e-05	2.0807e-10	-10.0	-2.5
594.0	1.3711e-05	2.0911e-10	-10.0	-2.5
594.5	1.3713e-05	2.0893e-10	-10.0	-2.5
595.0	1.3709e-05	2.0853e-10	-10.0	-2.5
595.5	1.371e-05	2.0883e-10	-10.0	-2.5
596.0	1.371e-05	2.0885e-10	-10.0	-2.5
596.5	1.371e-05	2.0886e-10	-10.0	-2.5
597.0	1.3709e-05	2.0847e-10	-10.0	-2.5
597.5	1.3712e-05	2.0864e-10	-10.0	-2.5
598.0	1.3711e-05	2.0896e-10	-10.0	-2.5
598.5	1.3712e-05	2.0885e-10	-10.0	-2.5
599.0	1.3711e-05	2.0934e-10	-10.0	-2.5
599.5	1.3714e-05	2.0984e-10	-10.0	-2.5
600.0	1.3715e-05	2.0991e-10	-10.0	-2.5
600.5	1.3713e-05	2.0906e-10	-10.0	-2.5
601.0	1.3715e-05	2.0958e-10	-10.0	-2.5
601.5	1.3714e-05	2.0927e-10	-10.0	-2.5
602.0	1.3714e-05	2.099e-10	-10.0	-2.5
602.5	1.3715e-05	2.1064e-10	-10.0	-2.5
603.0	1.3713e-05	2.1063e-10	-10.0	-2.5
603.5	1.3715e-05	2.1075e-10	-10.0	-2.5
604.0	1.3713e-05	2.1051e-10	-10.0	-2.5
