Time (s)	|IDrain (A)|	|IGate (A)	Vdrain(V)	Vgate(V)
0.0	1.2941e-05	1.1489e-10	-10.0	-2.5
1.0	1.295e-05	2.2741e-10	-10.0	-2.5
1.5	1.2956e-05	2.3793e-10	-10.0	-2.5
2.0	1.296e-05	2.4119e-10	-10.0	-2.5
2.5	1.2966e-05	2.4341e-10	-10.0	-2.5
3.0	1.2972e-05	2.422e-10	-10.0	-2.5
3.5	1.2976e-05	2.4041e-10	-10.0	-2.5
4.0	1.2982e-05	2.4077e-10	-10.0	-2.5
4.5	1.2985e-05	2.4015e-10	-10.0	-2.5
5.0	1.299e-05	2.3899e-10	-10.0	-2.5
5.5	1.2994e-05	2.3738e-10	-10.0	-2.5
6.0	1.3002e-05	2.3621e-10	-10.0	-2.5
6.5	1.3006e-05	2.3512e-10	-10.0	-2.5
7.0	1.301e-05	2.3432e-10	-10.0	-2.5
7.5	1.3016e-05	2.337e-10	-10.0	-2.5
8.0	1.3021e-05	2.3243e-10	-10.0	-2.5
8.5	1.3023e-05	2.325e-10	-10.0	-2.5
9.0	1.3025e-05	2.3128e-10	-10.0	-2.5
9.5	1.3028e-05	2.309e-10	-10.0	-2.5
10.0	1.3034e-05	2.295e-10	-10.0	-2.5
10.5	1.3037e-05	2.2909e-10	-10.0	-2.5
11.0	1.3042e-05	2.2853e-10	-10.0	-2.5
11.5	1.3046e-05	2.2874e-10	-10.0	-2.5
12.0	1.305e-05	2.2802e-10	-10.0	-2.5
12.5	1.3054e-05	2.2757e-10	-10.0	-2.5
13.0	1.306e-05	2.2716e-10	-10.0	-2.5
13.5	1.3064e-05	2.271e-10	-10.0	-2.5
14.0	1.3068e-05	2.2585e-10	-10.0	-2.5
14.5	1.3071e-05	2.262e-10	-10.0	-2.5
15.0	1.3074e-05	2.2608e-10	-10.0	-2.5
15.5	1.3079e-05	2.2604e-10	-10.0	-2.5
16.0	1.3081e-05	2.2563e-10	-10.0	-2.5
16.5	1.3086e-05	2.2457e-10	-10.0	-2.5
17.0	1.3086e-05	2.2432e-10	-10.0	-2.5
17.5	1.3092e-05	2.2426e-10	-10.0	-2.5
18.0	1.3094e-05	2.2355e-10	-10.0	-2.5
18.5	1.3098e-05	2.2302e-10	-10.0	-2.5
19.0	1.3103e-05	2.2262e-10	-10.0	-2.5
19.5	1.3106e-05	2.2257e-10	-10.0	-2.5
20.0	1.3111e-05	2.2316e-10	-10.0	-2.5
20.5	1.3115e-05	2.2273e-10	-10.0	-2.5
21.0	1.3118e-05	2.2219e-10	-10.0	-2.5
21.5	1.3125e-05	2.2132e-10	-10.0	-2.5
22.0	1.3126e-05	2.2222e-10	-10.0	-2.5
22.5	1.3131e-05	2.2202e-10	-10.0	-2.5
23.0	1.3135e-05	2.214e-10	-10.0	-2.5
23.5	1.3135e-05	2.2207e-10	-10.0	-2.5
24.0	1.314e-05	2.2149e-10	-10.0	-2.5
24.5	1.3143e-05	2.2164e-10	-10.0	-2.5
25.0	1.3145e-05	2.2154e-10	-10.0	-2.5
25.5	1.3148e-05	2.216e-10	-10.0	-2.5
26.0	1.3151e-05	2.2149e-10	-10.0	-2.5
26.5	1.3153e-05	2.2181e-10	-10.0	-2.5
27.0	1.3157e-05	2.2152e-10	-10.0	-2.5
27.5	1.3161e-05	2.2191e-10	-10.0	-2.5
28.0	1.3164e-05	2.22e-10	-10.0	-2.5
28.5	1.3167e-05	2.2206e-10	-10.0	-2.5
29.0	1.3169e-05	2.2098e-10	-10.0	-2.5
29.5	1.3175e-05	2.2241e-10	-10.0	-2.5
30.0	1.3179e-05	2.2164e-10	-10.0	-2.5
30.5	1.3181e-05	2.2127e-10	-10.0	-2.5
31.0	1.3182e-05	2.2128e-10	-10.0	-2.5
31.5	1.3186e-05	2.2008e-10	-10.0	-2.5
32.0	1.3191e-05	2.2025e-10	-10.0	-2.5
32.5	1.3193e-05	2.2007e-10	-10.0	-2.5
33.0	1.3193e-05	2.2042e-10	-10.0	-2.5
33.5	1.3198e-05	2.214e-10	-10.0	-2.5
34.0	1.3203e-05	2.2003e-10	-10.0	-2.5
34.5	1.3205e-05	2.2146e-10	-10.0	-2.5
35.0	1.3209e-05	2.209e-10	-10.0	-2.5
35.5	1.3211e-05	2.2134e-10	-10.0	-2.5
36.0	1.3215e-05	2.2146e-10	-10.0	-2.5
36.5	1.3219e-05	2.212e-10	-10.0	-2.5
37.0	1.322e-05	2.196e-10	-10.0	-2.5
37.5	1.3222e-05	2.2031e-10	-10.0	-2.5
38.0	1.3224e-05	2.2027e-10	-10.0	-2.5
38.5	1.3224e-05	2.2051e-10	-10.0	-2.5
39.0	1.323e-05	2.2028e-10	-10.0	-2.5
39.5	1.3233e-05	2.222e-10	-10.0	-2.5
40.0	1.3235e-05	2.2083e-10	-10.0	-2.5
40.5	1.3238e-05	2.215e-10	-10.0	-2.5
41.0	1.3243e-05	2.2045e-10	-10.0	-2.5
41.5	1.3245e-05	2.2166e-10	-10.0	-2.5
42.0	1.3246e-05	2.2033e-10	-10.0	-2.5
42.5	1.325e-05	2.2063e-10	-10.0	-2.5
43.0	1.3251e-05	2.2019e-10	-10.0	-2.5
43.5	1.3253e-05	2.1942e-10	-10.0	-2.5
44.0	1.3256e-05	2.2062e-10	-10.0	-2.5
44.5	1.326e-05	2.207e-10	-10.0	-2.5
45.0	1.3261e-05	2.1965e-10	-10.0	-2.5
45.5	1.3263e-05	2.1932e-10	-10.0	-2.5
46.0	1.3267e-05	2.1849e-10	-10.0	-2.5
46.5	1.3271e-05	2.206e-10	-10.0	-2.5
47.0	1.3272e-05	2.1966e-10	-10.0	-2.5
47.5	1.3274e-05	2.1887e-10	-10.0	-2.5
48.0	1.3277e-05	2.2011e-10	-10.0	-2.5
48.5	1.3276e-05	2.2021e-10	-10.0	-2.5
49.0	1.3281e-05	2.1951e-10	-10.0	-2.5
49.5	1.3284e-05	2.1976e-10	-10.0	-2.5
50.0	1.3284e-05	2.2017e-10	-10.0	-2.5
50.5	1.3287e-05	2.1917e-10	-10.0	-2.5
51.0	1.3292e-05	2.2061e-10	-10.0	-2.5
51.5	1.3293e-05	2.1949e-10	-10.0	-2.5
52.0	1.3297e-05	2.1857e-10	-10.0	-2.5
52.5	1.3297e-05	2.1904e-10	-10.0	-2.5
53.0	1.33e-05	2.1977e-10	-10.0	-2.5
53.5	1.3304e-05	2.2012e-10	-10.0	-2.5
54.0	1.3307e-05	2.1994e-10	-10.0	-2.5
54.5	1.3306e-05	2.1931e-10	-10.0	-2.5
55.0	1.3308e-05	2.1949e-10	-10.0	-2.5
55.5	1.3312e-05	2.1963e-10	-10.0	-2.5
56.0	1.3315e-05	2.2078e-10	-10.0	-2.5
56.5	1.3317e-05	2.1997e-10	-10.0	-2.5
57.0	1.332e-05	2.1934e-10	-10.0	-2.5
57.5	1.3322e-05	2.2002e-10	-10.0	-2.5
58.0	1.3323e-05	2.1975e-10	-10.0	-2.5
58.5	1.3328e-05	2.1967e-10	-10.0	-2.5
59.0	1.333e-05	2.1986e-10	-10.0	-2.5
59.5	1.3332e-05	2.1959e-10	-10.0	-2.5
60.0	1.3335e-05	2.1884e-10	-10.0	-2.5
60.5	1.3335e-05	2.1834e-10	-10.0	-2.5
61.0	1.3338e-05	2.1959e-10	-10.0	-2.5
61.5	1.3341e-05	2.1916e-10	-10.0	-2.5
62.0	1.3342e-05	2.1858e-10	-10.0	-2.5
62.5	1.3343e-05	2.1809e-10	-10.0	-2.5
63.0	1.3345e-05	2.1959e-10	-10.0	-2.5
63.5	1.3348e-05	2.1908e-10	-10.0	-2.5
64.0	1.335e-05	2.1935e-10	-10.0	-2.5
64.5	1.3351e-05	2.1916e-10	-10.0	-2.5
65.0	1.3354e-05	2.2067e-10	-10.0	-2.5
65.5	1.3356e-05	2.1963e-10	-10.0	-2.5
66.0	1.3357e-05	2.2095e-10	-10.0	-2.5
66.5	1.3361e-05	2.2072e-10	-10.0	-2.5
67.0	1.336e-05	2.2031e-10	-10.0	-2.5
67.5	1.3362e-05	2.2065e-10	-10.0	-2.5
68.0	1.3364e-05	2.2055e-10	-10.0	-2.5
68.5	1.3366e-05	2.2023e-10	-10.0	-2.5
69.0	1.3368e-05	2.2022e-10	-10.0	-2.5
69.5	1.3369e-05	2.2092e-10	-10.0	-2.5
70.0	1.3372e-05	2.1995e-10	-10.0	-2.5
70.5	1.3375e-05	2.2003e-10	-10.0	-2.5
71.0	1.3376e-05	2.2096e-10	-10.0	-2.5
71.5	1.3379e-05	2.2121e-10	-10.0	-2.5
72.0	1.3382e-05	2.2054e-10	-10.0	-2.5
72.5	1.3382e-05	2.2096e-10	-10.0	-2.5
73.0	1.3384e-05	2.2008e-10	-10.0	-2.5
73.5	1.3389e-05	2.1995e-10	-10.0	-2.5
74.0	1.339e-05	2.2065e-10	-10.0	-2.5
74.5	1.3392e-05	2.2055e-10	-10.0	-2.5
75.0	1.3393e-05	2.2114e-10	-10.0	-2.5
75.5	1.3393e-05	2.202e-10	-10.0	-2.5
76.0	1.3396e-05	2.2011e-10	-10.0	-2.5
76.5	1.3396e-05	2.2097e-10	-10.0	-2.5
77.0	1.34e-05	2.2048e-10	-10.0	-2.5
77.5	1.3402e-05	2.2003e-10	-10.0	-2.5
78.0	1.3405e-05	2.2104e-10	-10.0	-2.5
78.5	1.3404e-05	2.2132e-10	-10.0	-2.5
79.0	1.341e-05	2.2057e-10	-10.0	-2.5
79.5	1.3409e-05	2.2032e-10	-10.0	-2.5
80.0	1.341e-05	2.2001e-10	-10.0	-2.5
80.5	1.3413e-05	2.2021e-10	-10.0	-2.5
81.0	1.3413e-05	2.2003e-10	-10.0	-2.5
81.5	1.3416e-05	2.1971e-10	-10.0	-2.5
82.0	1.3416e-05	2.2005e-10	-10.0	-2.5
82.5	1.3418e-05	2.2077e-10	-10.0	-2.5
83.0	1.3421e-05	2.2036e-10	-10.0	-2.5
83.5	1.3419e-05	2.2e-10	-10.0	-2.5
84.0	1.3423e-05	2.1989e-10	-10.0	-2.5
84.5	1.3425e-05	2.1947e-10	-10.0	-2.5
85.0	1.3425e-05	2.1966e-10	-10.0	-2.5
85.5	1.3428e-05	2.1977e-10	-10.0	-2.5
86.0	1.3428e-05	2.202e-10	-10.0	-2.5
86.5	1.3433e-05	2.1964e-10	-10.0	-2.5
87.0	1.3433e-05	2.2047e-10	-10.0	-2.5
87.5	1.3436e-05	2.2001e-10	-10.0	-2.5
88.0	1.3435e-05	2.2133e-10	-10.0	-2.5
88.5	1.3438e-05	2.2049e-10	-10.0	-2.5
89.0	1.3437e-05	2.1993e-10	-10.0	-2.5
89.5	1.3441e-05	2.1975e-10	-10.0	-2.5
90.0	1.3442e-05	2.186e-10	-10.0	-2.5
90.5	1.3443e-05	2.2038e-10	-10.0	-2.5
91.0	1.3447e-05	2.2084e-10	-10.0	-2.5
91.5	1.3448e-05	2.2017e-10	-10.0	-2.5
92.0	1.345e-05	2.2061e-10	-10.0	-2.5
92.5	1.3452e-05	2.2046e-10	-10.0	-2.5
93.0	1.3453e-05	2.2032e-10	-10.0	-2.5
93.5	1.3455e-05	2.2035e-10	-10.0	-2.5
94.0	1.3455e-05	2.1973e-10	-10.0	-2.5
94.5	1.3457e-05	2.1964e-10	-10.0	-2.5
95.0	1.3459e-05	2.2025e-10	-10.0	-2.5
95.5	1.346e-05	2.1984e-10	-10.0	-2.5
96.0	1.346e-05	2.2027e-10	-10.0	-2.5
96.5	1.3462e-05	2.2035e-10	-10.0	-2.5
97.0	1.3464e-05	2.2012e-10	-10.0	-2.5
97.5	1.3466e-05	2.195e-10	-10.0	-2.5
98.0	1.3467e-05	2.2068e-10	-10.0	-2.5
98.5	1.3469e-05	2.1948e-10	-10.0	-2.5
99.0	1.347e-05	2.1943e-10	-10.0	-2.5
99.5	1.3472e-05	2.1901e-10	-10.0	-2.5
100.0	1.3475e-05	2.1924e-10	-10.0	-2.5
100.5	1.3475e-05	2.2038e-10	-10.0	-2.5
101.0	1.3476e-05	2.1946e-10	-10.0	-2.5
101.5	1.3476e-05	2.2077e-10	-10.0	-2.5
102.0	1.3478e-05	2.205e-10	-10.0	-2.5
102.5	1.348e-05	2.199e-10	-10.0	-2.5
103.0	1.348e-05	2.2088e-10	-10.0	-2.5
103.5	1.3481e-05	2.2133e-10	-10.0	-2.5
104.0	1.3483e-05	2.2016e-10	-10.0	-2.5
104.5	1.3485e-05	2.2061e-10	-10.0	-2.5
105.0	1.3486e-05	2.1902e-10	-10.0	-2.5
105.5	1.3489e-05	2.2017e-10	-10.0	-2.5
106.0	1.3492e-05	2.199e-10	-10.0	-2.5
106.5	1.3493e-05	2.1995e-10	-10.0	-2.5
107.0	1.349e-05	2.2073e-10	-10.0	-2.5
107.5	1.3493e-05	2.2073e-10	-10.0	-2.5
108.0	1.3495e-05	2.2053e-10	-10.0	-2.5
108.5	1.3495e-05	2.2039e-10	-10.0	-2.5
109.0	1.3496e-05	2.1958e-10	-10.0	-2.5
109.5	1.3497e-05	2.1887e-10	-10.0	-2.5
110.0	1.35e-05	2.2044e-10	-10.0	-2.5
110.5	1.3505e-05	2.2006e-10	-10.0	-2.5
111.0	1.3504e-05	2.1972e-10	-10.0	-2.5
111.5	1.3507e-05	2.1976e-10	-10.0	-2.5
112.0	1.3508e-05	2.2032e-10	-10.0	-2.5
112.5	1.3509e-05	2.2006e-10	-10.0	-2.5
113.0	1.3511e-05	2.2013e-10	-10.0	-2.5
113.5	1.3511e-05	2.1996e-10	-10.0	-2.5
114.0	1.3511e-05	2.1882e-10	-10.0	-2.5
114.5	1.3513e-05	2.2062e-10	-10.0	-2.5
115.0	1.3515e-05	2.1966e-10	-10.0	-2.5
115.5	1.3514e-05	2.2017e-10	-10.0	-2.5
116.0	1.3515e-05	2.1981e-10	-10.0	-2.5
116.5	1.3517e-05	2.2006e-10	-10.0	-2.5
117.0	1.3517e-05	2.1968e-10	-10.0	-2.5
117.5	1.3518e-05	2.1963e-10	-10.0	-2.5
118.0	1.3519e-05	2.1883e-10	-10.0	-2.5
118.5	1.3519e-05	2.2016e-10	-10.0	-2.5
119.0	1.3524e-05	3.2618e-10	-10.0	-2.5
119.5	1.3524e-05	3.3331e-10	-10.0	-2.5
120.0	1.3525e-05	3.3293e-10	-10.0	-2.5
120.5	1.3529e-05	3.3363e-10	-10.0	-2.5
121.0	1.3532e-05	3.3167e-10	-10.0	-2.5
121.5	1.3535e-05	3.3171e-10	-10.0	-2.5
122.0	1.3537e-05	3.3053e-10	-10.0	-2.5
122.5	1.3542e-05	3.2996e-10	-10.0	-2.5
123.0	1.3545e-05	3.2998e-10	-10.0	-2.5
123.5	1.3548e-05	3.3048e-10	-10.0	-2.5
124.0	1.3551e-05	3.2854e-10	-10.0	-2.5
124.5	1.3554e-05	3.2824e-10	-10.0	-2.5
125.0	1.3555e-05	3.2733e-10	-10.0	-2.5
125.5	1.3559e-05	3.2655e-10	-10.0	-2.5
126.0	1.3558e-05	3.2653e-10	-10.0	-2.5
126.5	1.3563e-05	3.258e-10	-10.0	-2.5
127.0	1.3566e-05	3.2592e-10	-10.0	-2.5
127.5	1.3567e-05	3.2479e-10	-10.0	-2.5
128.0	1.3569e-05	3.2471e-10	-10.0	-2.5
128.5	1.3574e-05	3.2444e-10	-10.0	-2.5
129.0	1.3576e-05	3.2487e-10	-10.0	-2.5
129.5	1.3581e-05	3.2339e-10	-10.0	-2.5
130.0	1.3584e-05	3.2258e-10	-10.0	-2.5
130.5	1.3587e-05	3.219e-10	-10.0	-2.5
131.0	1.3589e-05	3.2129e-10	-10.0	-2.5
131.5	1.359e-05	3.2117e-10	-10.0	-2.5
132.0	1.3592e-05	3.2142e-10	-10.0	-2.5
132.5	1.3595e-05	3.2208e-10	-10.0	-2.5
133.0	1.3596e-05	3.2046e-10	-10.0	-2.5
133.5	1.3601e-05	3.1936e-10	-10.0	-2.5
134.0	1.3604e-05	3.1954e-10	-10.0	-2.5
134.5	1.3608e-05	3.1882e-10	-10.0	-2.5
135.0	1.3608e-05	3.1821e-10	-10.0	-2.5
135.5	1.3612e-05	3.18e-10	-10.0	-2.5
136.0	1.3613e-05	3.182e-10	-10.0	-2.5
136.5	1.3617e-05	3.1784e-10	-10.0	-2.5
137.0	1.3618e-05	3.1706e-10	-10.0	-2.5
137.5	1.3617e-05	3.1679e-10	-10.0	-2.5
138.0	1.3619e-05	3.1658e-10	-10.0	-2.5
138.5	1.3623e-05	3.1717e-10	-10.0	-2.5
139.0	1.3625e-05	3.1632e-10	-10.0	-2.5
139.5	1.3627e-05	3.1547e-10	-10.0	-2.5
140.0	1.3628e-05	3.1548e-10	-10.0	-2.5
140.5	1.3631e-05	3.1443e-10	-10.0	-2.5
141.0	1.3633e-05	3.144e-10	-10.0	-2.5
141.5	1.3633e-05	3.1372e-10	-10.0	-2.5
142.0	1.3636e-05	3.1508e-10	-10.0	-2.5
142.5	1.3638e-05	3.1393e-10	-10.0	-2.5
143.0	1.3637e-05	3.1373e-10	-10.0	-2.5
143.5	1.3639e-05	3.134e-10	-10.0	-2.5
144.0	1.3641e-05	3.1342e-10	-10.0	-2.5
144.5	1.3642e-05	3.1286e-10	-10.0	-2.5
145.0	1.3645e-05	3.1296e-10	-10.0	-2.5
145.5	1.3645e-05	3.1288e-10	-10.0	-2.5
146.0	1.3651e-05	3.1213e-10	-10.0	-2.5
146.5	1.3651e-05	3.1308e-10	-10.0	-2.5
147.0	1.3651e-05	3.1229e-10	-10.0	-2.5
147.5	1.3655e-05	3.1189e-10	-10.0	-2.5
148.0	1.3658e-05	3.1156e-10	-10.0	-2.5
148.5	1.3658e-05	3.1059e-10	-10.0	-2.5
149.0	1.3659e-05	3.1153e-10	-10.0	-2.5
149.5	1.366e-05	3.11e-10	-10.0	-2.5
150.0	1.3665e-05	3.1076e-10	-10.0	-2.5
150.5	1.3669e-05	3.1048e-10	-10.0	-2.5
151.0	1.3669e-05	3.1111e-10	-10.0	-2.5
151.5	1.367e-05	3.1071e-10	-10.0	-2.5
152.0	1.367e-05	3.1028e-10	-10.0	-2.5
152.5	1.3669e-05	3.1107e-10	-10.0	-2.5
153.0	1.3672e-05	3.0922e-10	-10.0	-2.5
153.5	1.3672e-05	3.1033e-10	-10.0	-2.5
154.0	1.3672e-05	3.1027e-10	-10.0	-2.5
154.5	1.3673e-05	3.0974e-10	-10.0	-2.5
155.0	1.3672e-05	3.0978e-10	-10.0	-2.5
155.5	1.3676e-05	3.0947e-10	-10.0	-2.5
156.0	1.3675e-05	3.0905e-10	-10.0	-2.5
156.5	1.3675e-05	3.096e-10	-10.0	-2.5
157.0	1.3677e-05	3.0934e-10	-10.0	-2.5
157.5	1.3679e-05	3.0889e-10	-10.0	-2.5
158.0	1.3678e-05	3.0937e-10	-10.0	-2.5
158.5	1.3681e-05	3.0886e-10	-10.0	-2.5
159.0	1.3683e-05	3.0927e-10	-10.0	-2.5
159.5	1.3682e-05	3.0876e-10	-10.0	-2.5
160.0	1.3683e-05	3.0772e-10	-10.0	-2.5
160.5	1.3684e-05	3.0862e-10	-10.0	-2.5
161.0	1.3684e-05	3.0813e-10	-10.0	-2.5
161.5	1.3685e-05	3.0773e-10	-10.0	-2.5
162.0	1.3685e-05	3.0809e-10	-10.0	-2.5
162.5	1.3684e-05	3.0802e-10	-10.0	-2.5
163.0	1.3685e-05	3.0749e-10	-10.0	-2.5
163.5	1.3685e-05	3.0793e-10	-10.0	-2.5
164.0	1.3688e-05	3.0714e-10	-10.0	-2.5
164.5	1.3686e-05	3.07e-10	-10.0	-2.5
165.0	1.3687e-05	3.0749e-10	-10.0	-2.5
165.5	1.3688e-05	3.0701e-10	-10.0	-2.5
166.0	1.3688e-05	3.0733e-10	-10.0	-2.5
166.5	1.3688e-05	3.0607e-10	-10.0	-2.5
167.0	1.3689e-05	3.0599e-10	-10.0	-2.5
167.5	1.3691e-05	3.0744e-10	-10.0	-2.5
168.0	1.3688e-05	3.063e-10	-10.0	-2.5
168.5	1.3688e-05	3.0607e-10	-10.0	-2.5
169.0	1.3689e-05	3.0662e-10	-10.0	-2.5
169.5	1.3691e-05	3.0537e-10	-10.0	-2.5
170.0	1.3691e-05	3.0553e-10	-10.0	-2.5
170.5	1.3692e-05	3.0534e-10	-10.0	-2.5
171.0	1.3694e-05	3.0542e-10	-10.0	-2.5
171.5	1.3696e-05	3.052e-10	-10.0	-2.5
172.0	1.3696e-05	3.0517e-10	-10.0	-2.5
172.5	1.3697e-05	3.0464e-10	-10.0	-2.5
173.0	1.3696e-05	3.0637e-10	-10.0	-2.5
173.5	1.3695e-05	3.046e-10	-10.0	-2.5
174.0	1.3695e-05	3.0512e-10	-10.0	-2.5
174.5	1.3695e-05	3.0461e-10	-10.0	-2.5
175.0	1.3696e-05	3.0531e-10	-10.0	-2.5
175.5	1.3696e-05	3.0362e-10	-10.0	-2.5
176.0	1.3698e-05	3.0528e-10	-10.0	-2.5
176.5	1.3698e-05	3.0464e-10	-10.0	-2.5
177.0	1.3701e-05	3.0486e-10	-10.0	-2.5
177.5	1.37e-05	3.0445e-10	-10.0	-2.5
178.0	1.3702e-05	3.0443e-10	-10.0	-2.5
178.5	1.3701e-05	3.0382e-10	-10.0	-2.5
179.0	1.3701e-05	2.2224e-10	-10.0	-2.5
179.5	1.3699e-05	2.0525e-10	-10.0	-2.5
180.0	1.3699e-05	2.0139e-10	-10.0	-2.5
180.5	1.3696e-05	2.0185e-10	-10.0	-2.5
181.0	1.37e-05	2.0173e-10	-10.0	-2.5
181.5	1.3701e-05	2.0213e-10	-10.0	-2.5
182.0	1.3701e-05	2.0295e-10	-10.0	-2.5
182.5	1.3699e-05	2.0304e-10	-10.0	-2.5
183.0	1.3696e-05	2.0314e-10	-10.0	-2.5
183.5	1.3697e-05	2.0448e-10	-10.0	-2.5
184.0	1.3694e-05	2.0543e-10	-10.0	-2.5
184.5	1.3694e-05	2.0531e-10	-10.0	-2.5
185.0	1.3694e-05	2.034e-10	-10.0	-2.5
185.5	1.3695e-05	2.0512e-10	-10.0	-2.5
186.0	1.3694e-05	2.054e-10	-10.0	-2.5
186.5	1.3693e-05	2.0586e-10	-10.0	-2.5
187.0	1.3692e-05	2.0612e-10	-10.0	-2.5
187.5	1.369e-05	2.0637e-10	-10.0	-2.5
188.0	1.3691e-05	2.0586e-10	-10.0	-2.5
188.5	1.369e-05	2.0608e-10	-10.0	-2.5
189.0	1.3689e-05	2.0552e-10	-10.0	-2.5
189.5	1.3687e-05	2.0651e-10	-10.0	-2.5
190.0	1.3688e-05	2.0584e-10	-10.0	-2.5
190.5	1.3688e-05	2.0623e-10	-10.0	-2.5
191.0	1.3688e-05	2.0602e-10	-10.0	-2.5
191.5	1.3687e-05	2.0634e-10	-10.0	-2.5
192.0	1.3688e-05	2.0628e-10	-10.0	-2.5
192.5	1.3686e-05	2.0693e-10	-10.0	-2.5
193.0	1.3689e-05	2.0754e-10	-10.0	-2.5
193.5	1.3689e-05	2.0712e-10	-10.0	-2.5
194.0	1.3689e-05	2.0623e-10	-10.0	-2.5
194.5	1.3688e-05	2.0674e-10	-10.0	-2.5
195.0	1.3687e-05	2.0739e-10	-10.0	-2.5
195.5	1.3689e-05	2.0781e-10	-10.0	-2.5
196.0	1.3687e-05	2.0717e-10	-10.0	-2.5
196.5	1.3686e-05	2.0753e-10	-10.0	-2.5
197.0	1.3686e-05	2.0759e-10	-10.0	-2.5
197.5	1.3684e-05	2.0819e-10	-10.0	-2.5
198.0	1.3687e-05	2.0853e-10	-10.0	-2.5
198.5	1.3684e-05	2.0837e-10	-10.0	-2.5
199.0	1.3685e-05	2.0775e-10	-10.0	-2.5
199.5	1.3685e-05	2.0758e-10	-10.0	-2.5
200.0	1.3685e-05	2.0766e-10	-10.0	-2.5
200.5	1.3685e-05	2.0906e-10	-10.0	-2.5
201.0	1.3685e-05	2.0849e-10	-10.0	-2.5
201.5	1.3688e-05	2.0822e-10	-10.0	-2.5
202.0	1.3687e-05	2.0808e-10	-10.0	-2.5
202.5	1.3689e-05	2.0785e-10	-10.0	-2.5
203.0	1.3688e-05	2.086e-10	-10.0	-2.5
203.5	1.3687e-05	2.0922e-10	-10.0	-2.5
204.0	1.3687e-05	2.0897e-10	-10.0	-2.5
204.5	1.3688e-05	2.092e-10	-10.0	-2.5
205.0	1.3687e-05	2.0937e-10	-10.0	-2.5
205.5	1.3686e-05	2.0977e-10	-10.0	-2.5
206.0	1.3687e-05	2.0937e-10	-10.0	-2.5
206.5	1.3686e-05	2.0878e-10	-10.0	-2.5
207.0	1.3688e-05	2.0937e-10	-10.0	-2.5
207.5	1.3688e-05	2.0944e-10	-10.0	-2.5
208.0	1.369e-05	2.0963e-10	-10.0	-2.5
208.5	1.3687e-05	2.093e-10	-10.0	-2.5
209.0	1.3685e-05	2.0941e-10	-10.0	-2.5
209.5	1.3684e-05	2.0823e-10	-10.0	-2.5
210.0	1.3682e-05	2.09e-10	-10.0	-2.5
210.5	1.3687e-05	2.0935e-10	-10.0	-2.5
211.0	1.3688e-05	2.092e-10	-10.0	-2.5
211.5	1.369e-05	2.0955e-10	-10.0	-2.5
212.0	1.3689e-05	2.1002e-10	-10.0	-2.5
212.5	1.3687e-05	2.0867e-10	-10.0	-2.5
213.0	1.3689e-05	2.094e-10	-10.0	-2.5
213.5	1.3685e-05	2.1013e-10	-10.0	-2.5
214.0	1.3686e-05	2.0919e-10	-10.0	-2.5
214.5	1.3685e-05	2.1061e-10	-10.0	-2.5
215.0	1.3688e-05	2.1009e-10	-10.0	-2.5
215.5	1.3687e-05	2.0962e-10	-10.0	-2.5
216.0	1.3691e-05	2.0962e-10	-10.0	-2.5
216.5	1.369e-05	2.0981e-10	-10.0	-2.5
217.0	1.3691e-05	2.1038e-10	-10.0	-2.5
217.5	1.3692e-05	2.099e-10	-10.0	-2.5
218.0	1.369e-05	2.101e-10	-10.0	-2.5
218.5	1.3691e-05	2.104e-10	-10.0	-2.5
219.0	1.3692e-05	2.1016e-10	-10.0	-2.5
219.5	1.3692e-05	2.1013e-10	-10.0	-2.5
220.0	1.3692e-05	2.1075e-10	-10.0	-2.5
220.5	1.3691e-05	2.0988e-10	-10.0	-2.5
221.0	1.3692e-05	2.1094e-10	-10.0	-2.5
221.5	1.3693e-05	2.1111e-10	-10.0	-2.5
222.0	1.3692e-05	2.1098e-10	-10.0	-2.5
222.5	1.3691e-05	2.1117e-10	-10.0	-2.5
223.0	1.369e-05	2.1162e-10	-10.0	-2.5
223.5	1.369e-05	2.1061e-10	-10.0	-2.5
224.0	1.3688e-05	2.1191e-10	-10.0	-2.5
224.5	1.3692e-05	2.1148e-10	-10.0	-2.5
225.0	1.3692e-05	2.1127e-10	-10.0	-2.5
225.5	1.369e-05	2.1154e-10	-10.0	-2.5
226.0	1.3692e-05	2.1077e-10	-10.0	-2.5
226.5	1.3691e-05	2.1148e-10	-10.0	-2.5
227.0	1.3691e-05	2.119e-10	-10.0	-2.5
227.5	1.3691e-05	2.1103e-10	-10.0	-2.5
228.0	1.3691e-05	2.1183e-10	-10.0	-2.5
228.5	1.3692e-05	2.1211e-10	-10.0	-2.5
229.0	1.3691e-05	2.1104e-10	-10.0	-2.5
229.5	1.3692e-05	2.104e-10	-10.0	-2.5
230.0	1.3695e-05	2.112e-10	-10.0	-2.5
230.5	1.3693e-05	2.1159e-10	-10.0	-2.5
231.0	1.3695e-05	2.1144e-10	-10.0	-2.5
231.5	1.3698e-05	2.1175e-10	-10.0	-2.5
232.0	1.3697e-05	2.1228e-10	-10.0	-2.5
232.5	1.3696e-05	2.118e-10	-10.0	-2.5
233.0	1.3697e-05	2.122e-10	-10.0	-2.5
233.5	1.3698e-05	2.1203e-10	-10.0	-2.5
234.0	1.3695e-05	2.1177e-10	-10.0	-2.5
234.5	1.3696e-05	2.1117e-10	-10.0	-2.5
235.0	1.3698e-05	2.1069e-10	-10.0	-2.5
235.5	1.3699e-05	2.1179e-10	-10.0	-2.5
236.0	1.3699e-05	2.1213e-10	-10.0	-2.5
236.5	1.3699e-05	2.116e-10	-10.0	-2.5
237.0	1.3699e-05	2.1109e-10	-10.0	-2.5
237.5	1.3697e-05	2.1248e-10	-10.0	-2.5
238.0	1.3699e-05	2.1197e-10	-10.0	-2.5
238.5	1.37e-05	2.1211e-10	-10.0	-2.5
239.0	1.3698e-05	3.077e-10	-10.0	-2.5
239.5	1.37e-05	3.2051e-10	-10.0	-2.5
240.0	1.3699e-05	3.2207e-10	-10.0	-2.5
240.5	1.3703e-05	3.2231e-10	-10.0	-2.5
241.0	1.3706e-05	3.2081e-10	-10.0	-2.5
241.5	1.3707e-05	3.207e-10	-10.0	-2.5
242.0	1.3709e-05	3.2133e-10	-10.0	-2.5
242.5	1.371e-05	3.199e-10	-10.0	-2.5
243.0	1.3712e-05	3.1917e-10	-10.0	-2.5
243.5	1.3713e-05	3.1825e-10	-10.0	-2.5
244.0	1.3713e-05	3.1849e-10	-10.0	-2.5
244.5	1.3718e-05	3.1665e-10	-10.0	-2.5
245.0	1.3721e-05	3.16e-10	-10.0	-2.5
245.5	1.3721e-05	3.1585e-10	-10.0	-2.5
246.0	1.372e-05	3.16e-10	-10.0	-2.5
246.5	1.3723e-05	3.1515e-10	-10.0	-2.5
247.0	1.3725e-05	3.1486e-10	-10.0	-2.5
247.5	1.3726e-05	3.1506e-10	-10.0	-2.5
248.0	1.3727e-05	3.1436e-10	-10.0	-2.5
248.5	1.3729e-05	3.1403e-10	-10.0	-2.5
249.0	1.3729e-05	3.1419e-10	-10.0	-2.5
249.5	1.3729e-05	3.134e-10	-10.0	-2.5
250.0	1.373e-05	3.1277e-10	-10.0	-2.5
250.5	1.373e-05	3.1128e-10	-10.0	-2.5
251.0	1.3731e-05	3.1217e-10	-10.0	-2.5
251.5	1.3731e-05	3.1196e-10	-10.0	-2.5
252.0	1.3733e-05	3.1239e-10	-10.0	-2.5
252.5	1.3733e-05	3.1056e-10	-10.0	-2.5
253.0	1.3734e-05	3.1103e-10	-10.0	-2.5
253.5	1.3736e-05	3.1051e-10	-10.0	-2.5
254.0	1.3736e-05	3.0974e-10	-10.0	-2.5
254.5	1.3738e-05	3.099e-10	-10.0	-2.5
255.0	1.3737e-05	3.0919e-10	-10.0	-2.5
255.5	1.3736e-05	3.0873e-10	-10.0	-2.5
256.0	1.3736e-05	3.0925e-10	-10.0	-2.5
256.5	1.3738e-05	3.0898e-10	-10.0	-2.5
257.0	1.3739e-05	3.0878e-10	-10.0	-2.5
257.5	1.3741e-05	3.0876e-10	-10.0	-2.5
258.0	1.3742e-05	3.0894e-10	-10.0	-2.5
258.5	1.3742e-05	3.0657e-10	-10.0	-2.5
259.0	1.3742e-05	3.0746e-10	-10.0	-2.5
259.5	1.3742e-05	3.0753e-10	-10.0	-2.5
260.0	1.3744e-05	3.0701e-10	-10.0	-2.5
260.5	1.3743e-05	3.0698e-10	-10.0	-2.5
261.0	1.3743e-05	3.073e-10	-10.0	-2.5
261.5	1.3744e-05	3.0744e-10	-10.0	-2.5
262.0	1.3743e-05	3.0743e-10	-10.0	-2.5
262.5	1.3741e-05	3.0665e-10	-10.0	-2.5
263.0	1.3742e-05	3.0737e-10	-10.0	-2.5
263.5	1.3746e-05	3.0641e-10	-10.0	-2.5
264.0	1.3746e-05	3.0669e-10	-10.0	-2.5
264.5	1.3746e-05	3.0617e-10	-10.0	-2.5
265.0	1.3748e-05	3.0613e-10	-10.0	-2.5
265.5	1.3747e-05	3.0503e-10	-10.0	-2.5
266.0	1.3745e-05	3.0667e-10	-10.0	-2.5
266.5	1.3746e-05	3.055e-10	-10.0	-2.5
267.0	1.3743e-05	3.0417e-10	-10.0	-2.5
267.5	1.3746e-05	3.0497e-10	-10.0	-2.5
268.0	1.3743e-05	3.0493e-10	-10.0	-2.5
268.5	1.3745e-05	3.0401e-10	-10.0	-2.5
269.0	1.3746e-05	3.0512e-10	-10.0	-2.5
269.5	1.3744e-05	3.0382e-10	-10.0	-2.5
270.0	1.3747e-05	3.047e-10	-10.0	-2.5
270.5	1.3746e-05	3.0409e-10	-10.0	-2.5
271.0	1.3744e-05	3.0388e-10	-10.0	-2.5
271.5	1.3746e-05	3.0469e-10	-10.0	-2.5
272.0	1.3746e-05	3.04e-10	-10.0	-2.5
272.5	1.3746e-05	3.0404e-10	-10.0	-2.5
273.0	1.3747e-05	3.0329e-10	-10.0	-2.5
273.5	1.3745e-05	3.049e-10	-10.0	-2.5
274.0	1.3746e-05	3.0382e-10	-10.0	-2.5
274.5	1.3745e-05	3.0304e-10	-10.0	-2.5
275.0	1.3746e-05	3.0248e-10	-10.0	-2.5
275.5	1.3746e-05	3.0288e-10	-10.0	-2.5
276.0	1.3745e-05	3.0324e-10	-10.0	-2.5
276.5	1.3748e-05	3.0331e-10	-10.0	-2.5
277.0	1.3748e-05	3.0286e-10	-10.0	-2.5
277.5	1.3747e-05	3.0257e-10	-10.0	-2.5
278.0	1.3744e-05	3.032e-10	-10.0	-2.5
278.5	1.3742e-05	3.0177e-10	-10.0	-2.5
279.0	1.3742e-05	3.0162e-10	-10.0	-2.5
279.5	1.3742e-05	3.0135e-10	-10.0	-2.5
280.0	1.3742e-05	3.0207e-10	-10.0	-2.5
280.5	1.3743e-05	3.009e-10	-10.0	-2.5
281.0	1.3743e-05	3.0129e-10	-10.0	-2.5
281.5	1.3744e-05	3.0035e-10	-10.0	-2.5
282.0	1.3745e-05	3.0166e-10	-10.0	-2.5
282.5	1.3743e-05	3.0207e-10	-10.0	-2.5
283.0	1.3746e-05	3.0109e-10	-10.0	-2.5
283.5	1.3744e-05	3.0066e-10	-10.0	-2.5
284.0	1.3744e-05	3.0142e-10	-10.0	-2.5
284.5	1.3743e-05	3.0177e-10	-10.0	-2.5
285.0	1.3744e-05	3.0186e-10	-10.0	-2.5
285.5	1.3745e-05	3.0117e-10	-10.0	-2.5
286.0	1.3745e-05	3.0125e-10	-10.0	-2.5
286.5	1.3744e-05	3.0077e-10	-10.0	-2.5
287.0	1.374e-05	3.0153e-10	-10.0	-2.5
287.5	1.374e-05	3.0077e-10	-10.0	-2.5
288.0	1.3739e-05	3.0077e-10	-10.0	-2.5
288.5	1.374e-05	3.0059e-10	-10.0	-2.5
289.0	1.3739e-05	3.0118e-10	-10.0	-2.5
289.5	1.3739e-05	3.0059e-10	-10.0	-2.5
290.0	1.3737e-05	3.002e-10	-10.0	-2.5
290.5	1.3738e-05	3.0078e-10	-10.0	-2.5
291.0	1.3738e-05	2.9971e-10	-10.0	-2.5
291.5	1.3738e-05	3.0035e-10	-10.0	-2.5
292.0	1.3739e-05	3.0047e-10	-10.0	-2.5
292.5	1.3738e-05	3e-10	-10.0	-2.5
293.0	1.3738e-05	2.9975e-10	-10.0	-2.5
293.5	1.3738e-05	3.0003e-10	-10.0	-2.5
294.0	1.3739e-05	2.9989e-10	-10.0	-2.5
294.5	1.3739e-05	3.004e-10	-10.0	-2.5
295.0	1.374e-05	3.0014e-10	-10.0	-2.5
295.5	1.3738e-05	3.0041e-10	-10.0	-2.5
296.0	1.3737e-05	3.0022e-10	-10.0	-2.5
296.5	1.3736e-05	2.9976e-10	-10.0	-2.5
297.0	1.3738e-05	2.9916e-10	-10.0	-2.5
297.5	1.3736e-05	2.9941e-10	-10.0	-2.5
298.0	1.3736e-05	2.99e-10	-10.0	-2.5
298.5	1.3736e-05	2.9873e-10	-10.0	-2.5
299.0	1.3736e-05	2.2017e-10	-10.0	-2.5
299.5	1.3735e-05	2.0034e-10	-10.0	-2.5
300.0	1.3735e-05	1.9785e-10	-10.0	-2.5
300.5	1.3736e-05	1.9782e-10	-10.0	-2.5
301.0	1.3736e-05	1.9833e-10	-10.0	-2.5
301.5	1.3737e-05	1.9897e-10	-10.0	-2.5
302.0	1.3735e-05	1.9901e-10	-10.0	-2.5
302.5	1.3734e-05	1.9963e-10	-10.0	-2.5
303.0	1.3735e-05	1.9932e-10	-10.0	-2.5
303.5	1.3738e-05	1.9925e-10	-10.0	-2.5
304.0	1.3736e-05	1.9924e-10	-10.0	-2.5
304.5	1.3733e-05	2.001e-10	-10.0	-2.5
305.0	1.3734e-05	1.9949e-10	-10.0	-2.5
305.5	1.3731e-05	1.9978e-10	-10.0	-2.5
306.0	1.373e-05	2.0102e-10	-10.0	-2.5
306.5	1.3729e-05	2.0108e-10	-10.0	-2.5
307.0	1.3728e-05	2.0064e-10	-10.0	-2.5
307.5	1.3725e-05	2.013e-10	-10.0	-2.5
308.0	1.3727e-05	2.0159e-10	-10.0	-2.5
308.5	1.3727e-05	2.0141e-10	-10.0	-2.5
309.0	1.3727e-05	2.0127e-10	-10.0	-2.5
309.5	1.3727e-05	2.0194e-10	-10.0	-2.5
310.0	1.3725e-05	2.0178e-10	-10.0	-2.5
310.5	1.3726e-05	2.0181e-10	-10.0	-2.5
311.0	1.3726e-05	2.0151e-10	-10.0	-2.5
311.5	1.3725e-05	2.0207e-10	-10.0	-2.5
312.0	1.3722e-05	2.0188e-10	-10.0	-2.5
312.5	1.3721e-05	2.0323e-10	-10.0	-2.5
313.0	1.3722e-05	2.0279e-10	-10.0	-2.5
313.5	1.3722e-05	2.0366e-10	-10.0	-2.5
314.0	1.3721e-05	2.0327e-10	-10.0	-2.5
314.5	1.3719e-05	2.0297e-10	-10.0	-2.5
315.0	1.3719e-05	2.0367e-10	-10.0	-2.5
315.5	1.3718e-05	2.0293e-10	-10.0	-2.5
316.0	1.372e-05	2.0279e-10	-10.0	-2.5
316.5	1.3718e-05	2.0294e-10	-10.0	-2.5
317.0	1.3717e-05	2.0303e-10	-10.0	-2.5
317.5	1.3716e-05	2.0323e-10	-10.0	-2.5
318.0	1.3717e-05	2.0348e-10	-10.0	-2.5
318.5	1.3718e-05	2.03e-10	-10.0	-2.5
319.0	1.3719e-05	2.0383e-10	-10.0	-2.5
319.5	1.3719e-05	2.0457e-10	-10.0	-2.5
320.0	1.3719e-05	2.041e-10	-10.0	-2.5
320.5	1.3718e-05	2.0338e-10	-10.0	-2.5
321.0	1.3719e-05	2.0432e-10	-10.0	-2.5
321.5	1.3718e-05	2.0382e-10	-10.0	-2.5
322.0	1.3718e-05	2.0394e-10	-10.0	-2.5
322.5	1.3718e-05	2.047e-10	-10.0	-2.5
323.0	1.3718e-05	2.0537e-10	-10.0	-2.5
323.5	1.3716e-05	2.0606e-10	-10.0	-2.5
324.0	1.3718e-05	2.0577e-10	-10.0	-2.5
324.5	1.3718e-05	2.0533e-10	-10.0	-2.5
325.0	1.3718e-05	2.0473e-10	-10.0	-2.5
325.5	1.3717e-05	2.0455e-10	-10.0	-2.5
326.0	1.3716e-05	2.0415e-10	-10.0	-2.5
326.5	1.3716e-05	2.0558e-10	-10.0	-2.5
327.0	1.3719e-05	2.0573e-10	-10.0	-2.5
327.5	1.3717e-05	2.0531e-10	-10.0	-2.5
328.0	1.3716e-05	2.0561e-10	-10.0	-2.5
328.5	1.3715e-05	2.0535e-10	-10.0	-2.5
329.0	1.3716e-05	2.0565e-10	-10.0	-2.5
329.5	1.3717e-05	2.0582e-10	-10.0	-2.5
330.0	1.3718e-05	2.0599e-10	-10.0	-2.5
330.5	1.3717e-05	2.0568e-10	-10.0	-2.5
331.0	1.3717e-05	2.0522e-10	-10.0	-2.5
331.5	1.3716e-05	2.0576e-10	-10.0	-2.5
332.0	1.3717e-05	2.0608e-10	-10.0	-2.5
332.5	1.3716e-05	2.055e-10	-10.0	-2.5
333.0	1.3716e-05	2.062e-10	-10.0	-2.5
333.5	1.3718e-05	2.0554e-10	-10.0	-2.5
334.0	1.3716e-05	2.0718e-10	-10.0	-2.5
334.5	1.3718e-05	2.0661e-10	-10.0	-2.5
335.0	1.3716e-05	2.0688e-10	-10.0	-2.5
335.5	1.3717e-05	2.0738e-10	-10.0	-2.5
336.0	1.3718e-05	2.0765e-10	-10.0	-2.5
336.5	1.3715e-05	2.0711e-10	-10.0	-2.5
337.0	1.3718e-05	2.0737e-10	-10.0	-2.5
337.5	1.3716e-05	2.0681e-10	-10.0	-2.5
338.0	1.3715e-05	2.0798e-10	-10.0	-2.5
338.5	1.3716e-05	2.0767e-10	-10.0	-2.5
339.0	1.3716e-05	2.0744e-10	-10.0	-2.5
339.5	1.3717e-05	2.071e-10	-10.0	-2.5
340.0	1.3716e-05	2.0749e-10	-10.0	-2.5
340.5	1.3718e-05	2.0712e-10	-10.0	-2.5
341.0	1.3718e-05	2.0761e-10	-10.0	-2.5
341.5	1.3718e-05	2.0756e-10	-10.0	-2.5
342.0	1.3719e-05	2.069e-10	-10.0	-2.5
342.5	1.3722e-05	2.0787e-10	-10.0	-2.5
343.0	1.3721e-05	2.0743e-10	-10.0	-2.5
343.5	1.3722e-05	2.0768e-10	-10.0	-2.5
344.0	1.3724e-05	2.0771e-10	-10.0	-2.5
344.5	1.3723e-05	2.083e-10	-10.0	-2.5
345.0	1.3725e-05	2.0791e-10	-10.0	-2.5
345.5	1.3724e-05	2.0775e-10	-10.0	-2.5
346.0	1.3722e-05	2.0761e-10	-10.0	-2.5
346.5	1.3725e-05	2.0831e-10	-10.0	-2.5
347.0	1.3725e-05	2.0945e-10	-10.0	-2.5
347.5	1.3724e-05	2.08e-10	-10.0	-2.5
348.0	1.3726e-05	2.0767e-10	-10.0	-2.5
348.5	1.3723e-05	2.0821e-10	-10.0	-2.5
349.0	1.3724e-05	2.0833e-10	-10.0	-2.5
349.5	1.3727e-05	2.08e-10	-10.0	-2.5
350.0	1.3725e-05	2.0833e-10	-10.0	-2.5
350.5	1.3725e-05	2.0905e-10	-10.0	-2.5
351.0	1.3724e-05	2.0851e-10	-10.0	-2.5
351.5	1.3726e-05	2.0799e-10	-10.0	-2.5
352.0	1.3727e-05	2.0867e-10	-10.0	-2.5
352.5	1.3726e-05	2.0874e-10	-10.0	-2.5
353.0	1.3724e-05	2.0832e-10	-10.0	-2.5
353.5	1.3725e-05	2.0925e-10	-10.0	-2.5
354.0	1.3724e-05	2.0946e-10	-10.0	-2.5
354.5	1.3724e-05	2.0923e-10	-10.0	-2.5
355.0	1.3724e-05	2.0808e-10	-10.0	-2.5
355.5	1.3725e-05	2.0863e-10	-10.0	-2.5
356.0	1.3725e-05	2.0771e-10	-10.0	-2.5
356.5	1.3725e-05	2.0892e-10	-10.0	-2.5
357.0	1.3726e-05	2.095e-10	-10.0	-2.5
357.5	1.3725e-05	2.0946e-10	-10.0	-2.5
358.0	1.3726e-05	2.0894e-10	-10.0	-2.5
358.5	1.3727e-05	2.0993e-10	-10.0	-2.5
359.0	1.3728e-05	3.0447e-10	-10.0	-2.5
359.5	1.3729e-05	3.1815e-10	-10.0	-2.5
360.0	1.373e-05	3.1927e-10	-10.0	-2.5
360.5	1.3732e-05	3.1854e-10	-10.0	-2.5
361.0	1.3729e-05	3.1788e-10	-10.0	-2.5
361.5	1.3732e-05	3.1732e-10	-10.0	-2.5
362.0	1.3734e-05	3.1715e-10	-10.0	-2.5
362.5	1.3734e-05	3.1677e-10	-10.0	-2.5
363.0	1.3733e-05	3.1547e-10	-10.0	-2.5
363.5	1.3735e-05	3.1545e-10	-10.0	-2.5
364.0	1.3737e-05	3.1459e-10	-10.0	-2.5
364.5	1.3736e-05	3.1386e-10	-10.0	-2.5
365.0	1.3738e-05	3.1354e-10	-10.0	-2.5
365.5	1.3742e-05	3.1272e-10	-10.0	-2.5
366.0	1.3742e-05	3.1109e-10	-10.0	-2.5
366.5	1.3747e-05	3.1097e-10	-10.0	-2.5
367.0	1.375e-05	3.1132e-10	-10.0	-2.5
367.5	1.3752e-05	3.1031e-10	-10.0	-2.5
368.0	1.3749e-05	3.0997e-10	-10.0	-2.5
368.5	1.375e-05	3.1082e-10	-10.0	-2.5
369.0	1.3751e-05	3.0977e-10	-10.0	-2.5
369.5	1.375e-05	3.0895e-10	-10.0	-2.5
370.0	1.3752e-05	3.0878e-10	-10.0	-2.5
370.5	1.3754e-05	3.0773e-10	-10.0	-2.5
371.0	1.3754e-05	3.0808e-10	-10.0	-2.5
371.5	1.3757e-05	3.0799e-10	-10.0	-2.5
372.0	1.3756e-05	3.0779e-10	-10.0	-2.5
372.5	1.3756e-05	3.0824e-10	-10.0	-2.5
373.0	1.3756e-05	3.0725e-10	-10.0	-2.5
373.5	1.3755e-05	3.0753e-10	-10.0	-2.5
374.0	1.3756e-05	3.062e-10	-10.0	-2.5
374.5	1.3756e-05	3.0668e-10	-10.0	-2.5
375.0	1.3757e-05	3.0516e-10	-10.0	-2.5
375.5	1.3755e-05	3.0549e-10	-10.0	-2.5
376.0	1.3756e-05	3.0557e-10	-10.0	-2.5
376.5	1.3755e-05	3.054e-10	-10.0	-2.5
377.0	1.3756e-05	3.051e-10	-10.0	-2.5
377.5	1.3761e-05	3.0524e-10	-10.0	-2.5
378.0	1.376e-05	3.0537e-10	-10.0	-2.5
378.5	1.3762e-05	3.0413e-10	-10.0	-2.5
379.0	1.3764e-05	3.0402e-10	-10.0	-2.5
379.5	1.3763e-05	3.0408e-10	-10.0	-2.5
380.0	1.3764e-05	3.0434e-10	-10.0	-2.5
380.5	1.3763e-05	3.0322e-10	-10.0	-2.5
381.0	1.3763e-05	3.0256e-10	-10.0	-2.5
381.5	1.3762e-05	3.031e-10	-10.0	-2.5
382.0	1.3762e-05	3.0215e-10	-10.0	-2.5
382.5	1.3763e-05	3.0185e-10	-10.0	-2.5
383.0	1.3761e-05	3.0255e-10	-10.0	-2.5
383.5	1.3761e-05	3.0248e-10	-10.0	-2.5
384.0	1.376e-05	3.0172e-10	-10.0	-2.5
384.5	1.376e-05	3.0173e-10	-10.0	-2.5
385.0	1.3761e-05	3.0233e-10	-10.0	-2.5
385.5	1.3759e-05	3.0234e-10	-10.0	-2.5
386.0	1.3759e-05	3.0289e-10	-10.0	-2.5
386.5	1.376e-05	3.0211e-10	-10.0	-2.5
387.0	1.3759e-05	3.0248e-10	-10.0	-2.5
387.5	1.3762e-05	3.0198e-10	-10.0	-2.5
388.0	1.3762e-05	3.0174e-10	-10.0	-2.5
388.5	1.3761e-05	3.0079e-10	-10.0	-2.5
389.0	1.376e-05	3.0065e-10	-10.0	-2.5
389.5	1.376e-05	3.0098e-10	-10.0	-2.5
390.0	1.3761e-05	2.9954e-10	-10.0	-2.5
390.5	1.3759e-05	2.9924e-10	-10.0	-2.5
391.0	1.3758e-05	2.9861e-10	-10.0	-2.5
391.5	1.3758e-05	2.9899e-10	-10.0	-2.5
392.0	1.3757e-05	3.0072e-10	-10.0	-2.5
392.5	1.3757e-05	2.9969e-10	-10.0	-2.5
393.0	1.3755e-05	3.0061e-10	-10.0	-2.5
393.5	1.3754e-05	2.9915e-10	-10.0	-2.5
394.0	1.3755e-05	3.0019e-10	-10.0	-2.5
394.5	1.3756e-05	2.9918e-10	-10.0	-2.5
395.0	1.3759e-05	2.9968e-10	-10.0	-2.5
395.5	1.3756e-05	2.9987e-10	-10.0	-2.5
396.0	1.3756e-05	2.9976e-10	-10.0	-2.5
396.5	1.3758e-05	2.9908e-10	-10.0	-2.5
397.0	1.3755e-05	2.9842e-10	-10.0	-2.5
397.5	1.3756e-05	2.9864e-10	-10.0	-2.5
398.0	1.3756e-05	2.9918e-10	-10.0	-2.5
398.5	1.3755e-05	2.9891e-10	-10.0	-2.5
399.0	1.3754e-05	2.9957e-10	-10.0	-2.5
399.5	1.3754e-05	2.9882e-10	-10.0	-2.5
400.0	1.3755e-05	2.9879e-10	-10.0	-2.5
400.5	1.3757e-05	2.9871e-10	-10.0	-2.5
401.0	1.3756e-05	2.9876e-10	-10.0	-2.5
401.5	1.3756e-05	2.9821e-10	-10.0	-2.5
402.0	1.3755e-05	2.98e-10	-10.0	-2.5
402.5	1.3757e-05	2.9758e-10	-10.0	-2.5
403.0	1.3755e-05	2.9732e-10	-10.0	-2.5
403.5	1.3756e-05	2.9777e-10	-10.0	-2.5
404.0	1.3756e-05	2.9679e-10	-10.0	-2.5
404.5	1.3752e-05	2.9704e-10	-10.0	-2.5
405.0	1.3752e-05	2.9789e-10	-10.0	-2.5
405.5	1.3753e-05	2.9889e-10	-10.0	-2.5
406.0	1.3752e-05	2.9797e-10	-10.0	-2.5
406.5	1.3752e-05	2.9828e-10	-10.0	-2.5
407.0	1.3751e-05	2.9837e-10	-10.0	-2.5
407.5	1.375e-05	2.985e-10	-10.0	-2.5
408.0	1.375e-05	2.9831e-10	-10.0	-2.5
408.5	1.3749e-05	2.9789e-10	-10.0	-2.5
409.0	1.3749e-05	2.9727e-10	-10.0	-2.5
409.5	1.3748e-05	2.9864e-10	-10.0	-2.5
410.0	1.3747e-05	2.9709e-10	-10.0	-2.5
410.5	1.3748e-05	2.9698e-10	-10.0	-2.5
411.0	1.3748e-05	2.9822e-10	-10.0	-2.5
411.5	1.3746e-05	2.968e-10	-10.0	-2.5
412.0	1.3748e-05	2.9648e-10	-10.0	-2.5
412.5	1.3748e-05	2.9683e-10	-10.0	-2.5
413.0	1.3747e-05	2.9772e-10	-10.0	-2.5
413.5	1.3747e-05	2.9704e-10	-10.0	-2.5
414.0	1.3744e-05	2.9618e-10	-10.0	-2.5
414.5	1.3747e-05	2.9724e-10	-10.0	-2.5
415.0	1.3747e-05	2.9706e-10	-10.0	-2.5
415.5	1.3745e-05	2.9693e-10	-10.0	-2.5
416.0	1.3744e-05	2.9697e-10	-10.0	-2.5
416.5	1.3744e-05	2.9615e-10	-10.0	-2.5
417.0	1.3743e-05	2.9662e-10	-10.0	-2.5
417.5	1.3746e-05	2.9715e-10	-10.0	-2.5
418.0	1.3745e-05	2.9613e-10	-10.0	-2.5
418.5	1.3745e-05	2.9653e-10	-10.0	-2.5
419.0	1.3743e-05	2.1964e-10	-10.0	-2.5
419.5	1.3743e-05	1.9694e-10	-10.0	-2.5
420.0	1.3743e-05	1.9402e-10	-10.0	-2.5
420.5	1.3741e-05	1.954e-10	-10.0	-2.5
421.0	1.3739e-05	1.9677e-10	-10.0	-2.5
421.5	1.374e-05	1.9606e-10	-10.0	-2.5
422.0	1.374e-05	1.9609e-10	-10.0	-2.5
422.5	1.3739e-05	1.9667e-10	-10.0	-2.5
423.0	1.3736e-05	1.9669e-10	-10.0	-2.5
423.5	1.3738e-05	1.9557e-10	-10.0	-2.5
424.0	1.3736e-05	1.9827e-10	-10.0	-2.5
424.5	1.3736e-05	1.9779e-10	-10.0	-2.5
425.0	1.3735e-05	1.9829e-10	-10.0	-2.5
425.5	1.3732e-05	1.9895e-10	-10.0	-2.5
426.0	1.3732e-05	1.9777e-10	-10.0	-2.5
426.5	1.3733e-05	1.9736e-10	-10.0	-2.5
427.0	1.3732e-05	1.9673e-10	-10.0	-2.5
427.5	1.3731e-05	1.9923e-10	-10.0	-2.5
428.0	1.3734e-05	1.9804e-10	-10.0	-2.5
428.5	1.3732e-05	1.9888e-10	-10.0	-2.5
429.0	1.3733e-05	1.969e-10	-10.0	-2.5
429.5	1.3733e-05	1.9737e-10	-10.0	-2.5
430.0	1.3735e-05	1.9817e-10	-10.0	-2.5
430.5	1.3731e-05	1.9951e-10	-10.0	-2.5
431.0	1.3733e-05	1.9849e-10	-10.0	-2.5
431.5	1.373e-05	1.9946e-10	-10.0	-2.5
432.0	1.373e-05	1.9928e-10	-10.0	-2.5
432.5	1.373e-05	1.9957e-10	-10.0	-2.5
433.0	1.3729e-05	1.9937e-10	-10.0	-2.5
433.5	1.3729e-05	2.0059e-10	-10.0	-2.5
434.0	1.373e-05	1.9957e-10	-10.0	-2.5
434.5	1.3729e-05	1.9939e-10	-10.0	-2.5
435.0	1.3728e-05	1.9961e-10	-10.0	-2.5
435.5	1.3728e-05	2.0066e-10	-10.0	-2.5
436.0	1.3729e-05	2.0029e-10	-10.0	-2.5
436.5	1.3729e-05	2.0108e-10	-10.0	-2.5
437.0	1.3727e-05	2.004e-10	-10.0	-2.5
437.5	1.3728e-05	2.0091e-10	-10.0	-2.5
438.0	1.3726e-05	2.0003e-10	-10.0	-2.5
438.5	1.3727e-05	2.0041e-10	-10.0	-2.5
439.0	1.3727e-05	2.0215e-10	-10.0	-2.5
439.5	1.3726e-05	2.0091e-10	-10.0	-2.5
440.0	1.3727e-05	2.0244e-10	-10.0	-2.5
440.5	1.3728e-05	2.0237e-10	-10.0	-2.5
441.0	1.3729e-05	2.0121e-10	-10.0	-2.5
441.5	1.3728e-05	2.0112e-10	-10.0	-2.5
442.0	1.3729e-05	2.018e-10	-10.0	-2.5
442.5	1.3729e-05	2.0177e-10	-10.0	-2.5
443.0	1.3726e-05	2.0243e-10	-10.0	-2.5
443.5	1.3727e-05	2.0205e-10	-10.0	-2.5
444.0	1.3728e-05	2.0336e-10	-10.0	-2.5
444.5	1.3729e-05	2.0227e-10	-10.0	-2.5
445.0	1.3728e-05	2.0253e-10	-10.0	-2.5
445.5	1.3729e-05	2.0222e-10	-10.0	-2.5
446.0	1.3729e-05	2.0263e-10	-10.0	-2.5
446.5	1.3729e-05	2.0294e-10	-10.0	-2.5
447.0	1.3729e-05	2.0342e-10	-10.0	-2.5
447.5	1.3729e-05	2.0338e-10	-10.0	-2.5
448.0	1.3729e-05	2.0314e-10	-10.0	-2.5
448.5	1.3729e-05	2.0361e-10	-10.0	-2.5
449.0	1.3729e-05	2.0361e-10	-10.0	-2.5
449.5	1.3731e-05	2.0323e-10	-10.0	-2.5
450.0	1.3729e-05	2.0253e-10	-10.0	-2.5
450.5	1.3727e-05	2.0267e-10	-10.0	-2.5
451.0	1.3727e-05	2.0299e-10	-10.0	-2.5
451.5	1.3728e-05	2.0338e-10	-10.0	-2.5
452.0	1.373e-05	2.048e-10	-10.0	-2.5
452.5	1.373e-05	2.0388e-10	-10.0	-2.5
453.0	1.3729e-05	2.0427e-10	-10.0	-2.5
453.5	1.3731e-05	2.0418e-10	-10.0	-2.5
454.0	1.373e-05	2.0453e-10	-10.0	-2.5
454.5	1.3731e-05	2.0381e-10	-10.0	-2.5
455.0	1.3732e-05	2.0448e-10	-10.0	-2.5
455.5	1.3731e-05	2.0222e-10	-10.0	-2.5
456.0	1.373e-05	2.0428e-10	-10.0	-2.5
456.5	1.3729e-05	2.0419e-10	-10.0	-2.5
457.0	1.3729e-05	2.0419e-10	-10.0	-2.5
457.5	1.3729e-05	2.0461e-10	-10.0	-2.5
458.0	1.3727e-05	2.0429e-10	-10.0	-2.5
458.5	1.3728e-05	2.051e-10	-10.0	-2.5
459.0	1.3728e-05	2.0359e-10	-10.0	-2.5
459.5	1.3731e-05	2.036e-10	-10.0	-2.5
460.0	1.373e-05	2.0381e-10	-10.0	-2.5
460.5	1.3731e-05	2.0386e-10	-10.0	-2.5
461.0	1.3731e-05	2.0355e-10	-10.0	-2.5
461.5	1.373e-05	2.0369e-10	-10.0	-2.5
462.0	1.3733e-05	2.0379e-10	-10.0	-2.5
462.5	1.3734e-05	2.0379e-10	-10.0	-2.5
463.0	1.3733e-05	2.0348e-10	-10.0	-2.5
463.5	1.3733e-05	2.0559e-10	-10.0	-2.5
464.0	1.3732e-05	2.0418e-10	-10.0	-2.5
464.5	1.3734e-05	2.0584e-10	-10.0	-2.5
465.0	1.3734e-05	2.0454e-10	-10.0	-2.5
465.5	1.3733e-05	2.0504e-10	-10.0	-2.5
466.0	1.3735e-05	2.047e-10	-10.0	-2.5
466.5	1.3737e-05	2.0503e-10	-10.0	-2.5
467.0	1.3735e-05	2.0522e-10	-10.0	-2.5
467.5	1.3734e-05	2.0508e-10	-10.0	-2.5
468.0	1.3735e-05	2.0536e-10	-10.0	-2.5
468.5	1.3735e-05	2.0527e-10	-10.0	-2.5
469.0	1.3735e-05	2.046e-10	-10.0	-2.5
469.5	1.3734e-05	2.0538e-10	-10.0	-2.5
470.0	1.3736e-05	2.057e-10	-10.0	-2.5
470.5	1.3735e-05	2.0567e-10	-10.0	-2.5
471.0	1.3735e-05	2.0561e-10	-10.0	-2.5
471.5	1.3738e-05	2.0486e-10	-10.0	-2.5
472.0	1.3737e-05	2.0502e-10	-10.0	-2.5
472.5	1.3736e-05	2.0617e-10	-10.0	-2.5
473.0	1.3737e-05	2.0715e-10	-10.0	-2.5
473.5	1.3737e-05	2.0619e-10	-10.0	-2.5
474.0	1.3738e-05	2.0658e-10	-10.0	-2.5
474.5	1.3739e-05	2.0709e-10	-10.0	-2.5
475.0	1.3738e-05	2.0741e-10	-10.0	-2.5
475.5	1.3735e-05	2.0724e-10	-10.0	-2.5
476.0	1.3738e-05	2.0699e-10	-10.0	-2.5
476.5	1.374e-05	2.0759e-10	-10.0	-2.5
477.0	1.3738e-05	2.0691e-10	-10.0	-2.5
477.5	1.3738e-05	2.073e-10	-10.0	-2.5
478.0	1.3741e-05	2.0714e-10	-10.0	-2.5
478.5	1.3741e-05	2.0733e-10	-10.0	-2.5
479.0	1.374e-05	2.9937e-10	-10.0	-2.5
479.5	1.3742e-05	3.166e-10	-10.0	-2.5
480.0	1.374e-05	3.1796e-10	-10.0	-2.5
480.5	1.3742e-05	3.1609e-10	-10.0	-2.5
481.0	1.3745e-05	3.1686e-10	-10.0	-2.5
481.5	1.3748e-05	3.1584e-10	-10.0	-2.5
482.0	1.3748e-05	3.148e-10	-10.0	-2.5
482.5	1.3749e-05	3.1377e-10	-10.0	-2.5
483.0	1.3749e-05	3.135e-10	-10.0	-2.5
483.5	1.375e-05	3.1245e-10	-10.0	-2.5
484.0	1.3752e-05	3.1339e-10	-10.0	-2.5
484.5	1.3752e-05	3.1086e-10	-10.0	-2.5
485.0	1.3754e-05	3.1196e-10	-10.0	-2.5
485.5	1.3754e-05	3.108e-10	-10.0	-2.5
486.0	1.3755e-05	3.1031e-10	-10.0	-2.5
486.5	1.3757e-05	3.0813e-10	-10.0	-2.5
487.0	1.376e-05	3.0943e-10	-10.0	-2.5
487.5	1.3761e-05	3.0863e-10	-10.0	-2.5
488.0	1.376e-05	3.0775e-10	-10.0	-2.5
488.5	1.3759e-05	3.0892e-10	-10.0	-2.5
489.0	1.3761e-05	3.0787e-10	-10.0	-2.5
489.5	1.3762e-05	3.0654e-10	-10.0	-2.5
490.0	1.3764e-05	3.0661e-10	-10.0	-2.5
490.5	1.3765e-05	3.056e-10	-10.0	-2.5
491.0	1.3767e-05	3.068e-10	-10.0	-2.5
491.5	1.3766e-05	3.0566e-10	-10.0	-2.5
492.0	1.3763e-05	3.0513e-10	-10.0	-2.5
492.5	1.3763e-05	3.037e-10	-10.0	-2.5
493.0	1.3763e-05	3.0414e-10	-10.0	-2.5
493.5	1.3766e-05	3.0415e-10	-10.0	-2.5
494.0	1.3765e-05	3.0373e-10	-10.0	-2.5
494.5	1.3763e-05	3.0321e-10	-10.0	-2.5
495.0	1.3768e-05	3.0311e-10	-10.0	-2.5
495.5	1.3769e-05	3.0371e-10	-10.0	-2.5
496.0	1.3767e-05	3.0293e-10	-10.0	-2.5
496.5	1.3765e-05	3.0363e-10	-10.0	-2.5
497.0	1.3768e-05	3.0299e-10	-10.0	-2.5
497.5	1.3767e-05	3.0414e-10	-10.0	-2.5
498.0	1.3768e-05	3.0294e-10	-10.0	-2.5
498.5	1.3767e-05	3.0275e-10	-10.0	-2.5
499.0	1.3769e-05	3.0193e-10	-10.0	-2.5
499.5	1.3765e-05	3.0184e-10	-10.0	-2.5
500.0	1.3768e-05	3.008e-10	-10.0	-2.5
500.5	1.3767e-05	3.0054e-10	-10.0	-2.5
501.0	1.3766e-05	3.0109e-10	-10.0	-2.5
501.5	1.3766e-05	3.0211e-10	-10.0	-2.5
502.0	1.3766e-05	3.0133e-10	-10.0	-2.5
502.5	1.3767e-05	3.0142e-10	-10.0	-2.5
503.0	1.3767e-05	2.9901e-10	-10.0	-2.5
503.5	1.3767e-05	3.0013e-10	-10.0	-2.5
504.0	1.3764e-05	3.002e-10	-10.0	-2.5
504.5	1.3767e-05	2.9985e-10	-10.0	-2.5
505.0	1.3766e-05	2.9949e-10	-10.0	-2.5
505.5	1.3767e-05	2.9979e-10	-10.0	-2.5
506.0	1.3768e-05	2.9929e-10	-10.0	-2.5
506.5	1.377e-05	2.9876e-10	-10.0	-2.5
507.0	1.3768e-05	2.9982e-10	-10.0	-2.5
507.5	1.3767e-05	2.9755e-10	-10.0	-2.5
508.0	1.3768e-05	2.9878e-10	-10.0	-2.5
508.5	1.3767e-05	2.9801e-10	-10.0	-2.5
509.0	1.3768e-05	2.9844e-10	-10.0	-2.5
509.5	1.3767e-05	2.9643e-10	-10.0	-2.5
510.0	1.3767e-05	2.992e-10	-10.0	-2.5
510.5	1.3765e-05	2.9869e-10	-10.0	-2.5
511.0	1.3767e-05	2.9871e-10	-10.0	-2.5
511.5	1.3769e-05	2.9765e-10	-10.0	-2.5
512.0	1.3766e-05	2.9815e-10	-10.0	-2.5
512.5	1.3765e-05	2.9867e-10	-10.0	-2.5
513.0	1.3765e-05	3.0011e-10	-10.0	-2.5
513.5	1.3766e-05	2.9856e-10	-10.0	-2.5
514.0	1.3765e-05	2.9754e-10	-10.0	-2.5
514.5	1.3765e-05	2.9645e-10	-10.0	-2.5
515.0	1.3764e-05	2.975e-10	-10.0	-2.5
515.5	1.3765e-05	2.9611e-10	-10.0	-2.5
516.0	1.3766e-05	2.9666e-10	-10.0	-2.5
516.5	1.3766e-05	2.9794e-10	-10.0	-2.5
517.0	1.3768e-05	2.9705e-10	-10.0	-2.5
517.5	1.3767e-05	2.985e-10	-10.0	-2.5
518.0	1.3767e-05	2.9765e-10	-10.0	-2.5
518.5	1.3767e-05	2.9816e-10	-10.0	-2.5
519.0	1.3763e-05	2.9802e-10	-10.0	-2.5
519.5	1.3763e-05	2.9803e-10	-10.0	-2.5
520.0	1.3763e-05	2.9803e-10	-10.0	-2.5
520.5	1.3766e-05	2.978e-10	-10.0	-2.5
521.0	1.3764e-05	2.9783e-10	-10.0	-2.5
521.5	1.3763e-05	2.9733e-10	-10.0	-2.5
522.0	1.3762e-05	2.9695e-10	-10.0	-2.5
522.5	1.3764e-05	2.9776e-10	-10.0	-2.5
523.0	1.376e-05	2.9645e-10	-10.0	-2.5
523.5	1.3763e-05	2.9697e-10	-10.0	-2.5
524.0	1.3763e-05	2.9697e-10	-10.0	-2.5
524.5	1.3761e-05	2.977e-10	-10.0	-2.5
525.0	1.3762e-05	2.9651e-10	-10.0	-2.5
525.5	1.3762e-05	2.9657e-10	-10.0	-2.5
526.0	1.376e-05	2.9713e-10	-10.0	-2.5
526.5	1.376e-05	2.956e-10	-10.0	-2.5
527.0	1.3758e-05	2.9611e-10	-10.0	-2.5
527.5	1.3756e-05	2.9568e-10	-10.0	-2.5
528.0	1.3755e-05	2.9637e-10	-10.0	-2.5
528.5	1.3753e-05	2.96e-10	-10.0	-2.5
529.0	1.3751e-05	2.9612e-10	-10.0	-2.5
529.5	1.3752e-05	2.9629e-10	-10.0	-2.5
530.0	1.375e-05	2.9484e-10	-10.0	-2.5
530.5	1.375e-05	2.9578e-10	-10.0	-2.5
531.0	1.3748e-05	2.9473e-10	-10.0	-2.5
531.5	1.375e-05	2.944e-10	-10.0	-2.5
532.0	1.375e-05	2.9614e-10	-10.0	-2.5
532.5	1.375e-05	2.9596e-10	-10.0	-2.5
533.0	1.3749e-05	2.9586e-10	-10.0	-2.5
533.5	1.3749e-05	2.9571e-10	-10.0	-2.5
534.0	1.3748e-05	2.9585e-10	-10.0	-2.5
534.5	1.3747e-05	2.956e-10	-10.0	-2.5
535.0	1.3748e-05	2.9472e-10	-10.0	-2.5
535.5	1.3747e-05	2.9566e-10	-10.0	-2.5
536.0	1.3746e-05	2.95e-10	-10.0	-2.5
536.5	1.3744e-05	2.9588e-10	-10.0	-2.5
537.0	1.3744e-05	2.9427e-10	-10.0	-2.5
537.5	1.3745e-05	2.9521e-10	-10.0	-2.5
538.0	1.3746e-05	2.9484e-10	-10.0	-2.5
538.5	1.3748e-05	2.9492e-10	-10.0	-2.5
539.0	1.3746e-05	2.2232e-10	-10.0	-2.5
539.5	1.3746e-05	1.9703e-10	-10.0	-2.5
540.0	1.3745e-05	1.9406e-10	-10.0	-2.5
540.5	1.3744e-05	1.9328e-10	-10.0	-2.5
541.0	1.3746e-05	1.9484e-10	-10.0	-2.5
541.5	1.3742e-05	1.9432e-10	-10.0	-2.5
542.0	1.3741e-05	1.9522e-10	-10.0	-2.5
542.5	1.374e-05	1.9565e-10	-10.0	-2.5
543.0	1.3739e-05	1.9654e-10	-10.0	-2.5
543.5	1.374e-05	1.9607e-10	-10.0	-2.5
544.0	1.3735e-05	1.9568e-10	-10.0	-2.5
544.5	1.3735e-05	1.9601e-10	-10.0	-2.5
545.0	1.3735e-05	1.9622e-10	-10.0	-2.5
545.5	1.3734e-05	1.9661e-10	-10.0	-2.5
546.0	1.3735e-05	1.9666e-10	-10.0	-2.5
546.5	1.3732e-05	1.9585e-10	-10.0	-2.5
547.0	1.3732e-05	1.9586e-10	-10.0	-2.5
547.5	1.3732e-05	1.961e-10	-10.0	-2.5
548.0	1.3732e-05	1.9621e-10	-10.0	-2.5
548.5	1.3732e-05	1.9724e-10	-10.0	-2.5
549.0	1.3733e-05	1.9812e-10	-10.0	-2.5
549.5	1.3729e-05	1.9817e-10	-10.0	-2.5
550.0	1.3728e-05	1.9677e-10	-10.0	-2.5
550.5	1.3728e-05	1.9688e-10	-10.0	-2.5
551.0	1.3727e-05	1.9517e-10	-10.0	-2.5
551.5	1.3729e-05	1.9803e-10	-10.0	-2.5
552.0	1.3727e-05	1.9883e-10	-10.0	-2.5
552.5	1.3725e-05	1.9841e-10	-10.0	-2.5
553.0	1.3725e-05	1.9671e-10	-10.0	-2.5
553.5	1.3723e-05	1.973e-10	-10.0	-2.5
554.0	1.3724e-05	1.9527e-10	-10.0	-2.5
554.5	1.3724e-05	1.9734e-10	-10.0	-2.5
555.0	1.3724e-05	1.9896e-10	-10.0	-2.5
555.5	1.3724e-05	1.9764e-10	-10.0	-2.5
556.0	1.3728e-05	1.9754e-10	-10.0	-2.5
556.5	1.3726e-05	1.972e-10	-10.0	-2.5
557.0	1.3726e-05	1.9876e-10	-10.0	-2.5
557.5	1.3727e-05	1.9718e-10	-10.0	-2.5
558.0	1.3726e-05	1.9791e-10	-10.0	-2.5
558.5	1.3725e-05	1.9917e-10	-10.0	-2.5
559.0	1.3725e-05	1.9759e-10	-10.0	-2.5
559.5	1.3725e-05	1.9851e-10	-10.0	-2.5
560.0	1.3726e-05	1.9865e-10	-10.0	-2.5
560.5	1.3728e-05	1.9888e-10	-10.0	-2.5
561.0	1.3726e-05	1.9896e-10	-10.0	-2.5
561.5	1.3724e-05	1.9977e-10	-10.0	-2.5
562.0	1.3723e-05	1.998e-10	-10.0	-2.5
562.5	1.3724e-05	2.0032e-10	-10.0	-2.5
563.0	1.3724e-05	1.9964e-10	-10.0	-2.5
563.5	1.3725e-05	1.9867e-10	-10.0	-2.5
564.0	1.3723e-05	1.9866e-10	-10.0	-2.5
564.5	1.3724e-05	1.985e-10	-10.0	-2.5
565.0	1.3723e-05	1.9857e-10	-10.0	-2.5
565.5	1.3723e-05	1.9827e-10	-10.0	-2.5
566.0	1.3724e-05	1.9981e-10	-10.0	-2.5
566.5	1.3722e-05	1.9968e-10	-10.0	-2.5
567.0	1.3722e-05	1.9971e-10	-10.0	-2.5
567.5	1.3722e-05	1.9885e-10	-10.0	-2.5
568.0	1.3724e-05	1.9989e-10	-10.0	-2.5
568.5	1.3724e-05	1.9928e-10	-10.0	-2.5
569.0	1.3725e-05	2.0078e-10	-10.0	-2.5
569.5	1.3726e-05	1.9923e-10	-10.0	-2.5
570.0	1.3726e-05	2.0016e-10	-10.0	-2.5
570.5	1.3727e-05	2.0117e-10	-10.0	-2.5
571.0	1.3727e-05	2.0155e-10	-10.0	-2.5
571.5	1.3724e-05	2.0155e-10	-10.0	-2.5
572.0	1.3725e-05	2.0211e-10	-10.0	-2.5
572.5	1.3725e-05	2.0161e-10	-10.0	-2.5
573.0	1.3726e-05	2.0155e-10	-10.0	-2.5
573.5	1.3726e-05	2.0188e-10	-10.0	-2.5
574.0	1.3727e-05	2.0071e-10	-10.0	-2.5
574.5	1.3726e-05	2.0228e-10	-10.0	-2.5
575.0	1.3726e-05	2.028e-10	-10.0	-2.5
575.5	1.3727e-05	2.0247e-10	-10.0	-2.5
576.0	1.3727e-05	2.0261e-10	-10.0	-2.5
576.5	1.3727e-05	2.0246e-10	-10.0	-2.5
577.0	1.3728e-05	2.0326e-10	-10.0	-2.5
577.5	1.3728e-05	2.0286e-10	-10.0	-2.5
578.0	1.3728e-05	2.0243e-10	-10.0	-2.5
578.5	1.3729e-05	2.0285e-10	-10.0	-2.5
579.0	1.3728e-05	2.0247e-10	-10.0	-2.5
579.5	1.373e-05	2.0437e-10	-10.0	-2.5
580.0	1.3726e-05	2.034e-10	-10.0	-2.5
580.5	1.3726e-05	2.0354e-10	-10.0	-2.5
581.0	1.3728e-05	2.021e-10	-10.0	-2.5
581.5	1.3729e-05	2.0334e-10	-10.0	-2.5
582.0	1.373e-05	2.032e-10	-10.0	-2.5
582.5	1.3731e-05	2.0343e-10	-10.0	-2.5
583.0	1.3731e-05	2.0273e-10	-10.0	-2.5
583.5	1.3732e-05	2.0311e-10	-10.0	-2.5
584.0	1.3732e-05	2.0292e-10	-10.0	-2.5
584.5	1.3733e-05	2.0326e-10	-10.0	-2.5
585.0	1.3729e-05	2.0331e-10	-10.0	-2.5
585.5	1.373e-05	2.0304e-10	-10.0	-2.5
586.0	1.3728e-05	2.0334e-10	-10.0	-2.5
586.5	1.3729e-05	2.0312e-10	-10.0	-2.5
587.0	1.3731e-05	2.0293e-10	-10.0	-2.5
587.5	1.3729e-05	2.036e-10	-10.0	-2.5
588.0	1.3729e-05	2.0365e-10	-10.0	-2.5
588.5	1.3728e-05	2.0378e-10	-10.0	-2.5
589.0	1.373e-05	2.0396e-10	-10.0	-2.5
589.5	1.373e-05	2.0423e-10	-10.0	-2.5
590.0	1.373e-05	2.0362e-10	-10.0	-2.5
590.5	1.373e-05	2.0476e-10	-10.0	-2.5
591.0	1.3732e-05	2.04e-10	-10.0	-2.5
591.5	1.3733e-05	2.0409e-10	-10.0	-2.5
592.0	1.3734e-05	2.0368e-10	-10.0	-2.5
592.5	1.3732e-05	2.0391e-10	-10.0	-2.5
593.0	1.3734e-05	2.0412e-10	-10.0	-2.5
593.5	1.3732e-05	2.039e-10	-10.0	-2.5
594.0	1.3732e-05	2.0401e-10	-10.0	-2.5
594.5	1.3734e-05	2.0416e-10	-10.0	-2.5
595.0	1.3734e-05	2.0402e-10	-10.0	-2.5
595.5	1.3733e-05	2.0411e-10	-10.0	-2.5
596.0	1.3732e-05	2.0408e-10	-10.0	-2.5
596.5	1.3734e-05	2.0403e-10	-10.0	-2.5
597.0	1.3733e-05	2.0352e-10	-10.0	-2.5
597.5	1.3733e-05	2.0376e-10	-10.0	-2.5
598.0	1.3732e-05	2.0497e-10	-10.0	-2.5
598.5	1.3733e-05	2.0493e-10	-10.0	-2.5
599.0	1.3733e-05	2.0405e-10	-10.0	-2.5
599.5	1.3735e-05	2.0491e-10	-10.0	-2.5
600.0	1.3736e-05	2.0426e-10	-10.0	-2.5
600.5	1.3735e-05	2.0431e-10	-10.0	-2.5
601.0	1.3735e-05	2.0397e-10	-10.0	-2.5
601.5	1.3736e-05	2.039e-10	-10.0	-2.5
602.0	1.3737e-05	2.047e-10	-10.0	-2.5
