Time (s)	|IDrain (A)|	|IGate (A)	Vdrain(V)	Vgate(V)
0.0	1.3024e-05	1.7042e-10	-10.0	-2.5
1.0	1.3032e-05	2.2913e-10	-10.0	-2.5
1.5	1.3036e-05	2.3409e-10	-10.0	-2.5
2.0	1.3039e-05	2.3538e-10	-10.0	-2.5
2.5	1.3043e-05	2.3593e-10	-10.0	-2.5
3.0	1.3047e-05	2.3538e-10	-10.0	-2.5
3.5	1.3054e-05	2.3455e-10	-10.0	-2.5
4.0	1.3059e-05	2.3369e-10	-10.0	-2.5
4.5	1.3063e-05	2.315e-10	-10.0	-2.5
5.0	1.3066e-05	2.3184e-10	-10.0	-2.5
5.5	1.3067e-05	2.3035e-10	-10.0	-2.5
6.0	1.3071e-05	2.2978e-10	-10.0	-2.5
6.5	1.3073e-05	2.2863e-10	-10.0	-2.5
7.0	1.3077e-05	2.2739e-10	-10.0	-2.5
7.5	1.3081e-05	2.2632e-10	-10.0	-2.5
8.0	1.3084e-05	2.2626e-10	-10.0	-2.5
8.5	1.3088e-05	2.2527e-10	-10.0	-2.5
9.0	1.3091e-05	2.2362e-10	-10.0	-2.5
9.5	1.3092e-05	2.2255e-10	-10.0	-2.5
10.0	1.3096e-05	2.2347e-10	-10.0	-2.5
10.5	1.3099e-05	2.2277e-10	-10.0	-2.5
11.0	1.3105e-05	2.2169e-10	-10.0	-2.5
11.5	1.3108e-05	2.2139e-10	-10.0	-2.5
12.0	1.3112e-05	2.2068e-10	-10.0	-2.5
12.5	1.3113e-05	2.1935e-10	-10.0	-2.5
13.0	1.3116e-05	2.1964e-10	-10.0	-2.5
13.5	1.3118e-05	2.1857e-10	-10.0	-2.5
14.0	1.3123e-05	2.187e-10	-10.0	-2.5
14.5	1.3128e-05	2.1805e-10	-10.0	-2.5
15.0	1.3133e-05	2.1844e-10	-10.0	-2.5
15.5	1.3135e-05	2.1804e-10	-10.0	-2.5
16.0	1.3137e-05	2.1795e-10	-10.0	-2.5
16.5	1.3141e-05	2.1794e-10	-10.0	-2.5
17.0	1.3144e-05	2.1716e-10	-10.0	-2.5
17.5	1.315e-05	2.1671e-10	-10.0	-2.5
18.0	1.3152e-05	2.1694e-10	-10.0	-2.5
18.5	1.3155e-05	2.1632e-10	-10.0	-2.5
19.0	1.3158e-05	2.1693e-10	-10.0	-2.5
19.5	1.3161e-05	2.1528e-10	-10.0	-2.5
20.0	1.3163e-05	2.1493e-10	-10.0	-2.5
20.5	1.3165e-05	2.1612e-10	-10.0	-2.5
21.0	1.317e-05	2.1486e-10	-10.0	-2.5
21.5	1.3175e-05	2.1495e-10	-10.0	-2.5
22.0	1.3178e-05	2.1576e-10	-10.0	-2.5
22.5	1.3181e-05	2.1513e-10	-10.0	-2.5
23.0	1.3184e-05	2.1496e-10	-10.0	-2.5
23.5	1.3187e-05	2.146e-10	-10.0	-2.5
24.0	1.319e-05	2.1439e-10	-10.0	-2.5
24.5	1.3193e-05	2.1463e-10	-10.0	-2.5
25.0	1.3196e-05	2.1395e-10	-10.0	-2.5
25.5	1.3198e-05	2.14e-10	-10.0	-2.5
26.0	1.3199e-05	2.1369e-10	-10.0	-2.5
26.5	1.3203e-05	2.1492e-10	-10.0	-2.5
27.0	1.3209e-05	2.1532e-10	-10.0	-2.5
27.5	1.3211e-05	2.1405e-10	-10.0	-2.5
28.0	1.3215e-05	2.1439e-10	-10.0	-2.5
28.5	1.3216e-05	2.14e-10	-10.0	-2.5
29.0	1.3218e-05	2.1377e-10	-10.0	-2.5
29.5	1.3222e-05	2.1384e-10	-10.0	-2.5
30.0	1.3226e-05	2.15e-10	-10.0	-2.5
30.5	1.3229e-05	2.1443e-10	-10.0	-2.5
31.0	1.3231e-05	2.1402e-10	-10.0	-2.5
31.5	1.3235e-05	2.1474e-10	-10.0	-2.5
32.0	1.3238e-05	2.137e-10	-10.0	-2.5
32.5	1.3239e-05	2.1382e-10	-10.0	-2.5
33.0	1.3242e-05	2.1347e-10	-10.0	-2.5
33.5	1.3244e-05	2.1415e-10	-10.0	-2.5
34.0	1.3246e-05	2.1309e-10	-10.0	-2.5
34.5	1.3249e-05	2.1378e-10	-10.0	-2.5
35.0	1.325e-05	2.1365e-10	-10.0	-2.5
35.5	1.3255e-05	2.1351e-10	-10.0	-2.5
36.0	1.3257e-05	2.1337e-10	-10.0	-2.5
36.5	1.3258e-05	2.1378e-10	-10.0	-2.5
37.0	1.326e-05	2.1351e-10	-10.0	-2.5
37.5	1.3264e-05	2.1357e-10	-10.0	-2.5
38.0	1.3268e-05	2.1309e-10	-10.0	-2.5
38.5	1.3271e-05	2.128e-10	-10.0	-2.5
39.0	1.327e-05	2.1368e-10	-10.0	-2.5
39.5	1.3275e-05	2.1416e-10	-10.0	-2.5
40.0	1.3277e-05	2.1499e-10	-10.0	-2.5
40.5	1.328e-05	2.1334e-10	-10.0	-2.5
41.0	1.328e-05	2.1392e-10	-10.0	-2.5
41.5	1.3284e-05	2.1363e-10	-10.0	-2.5
42.0	1.3287e-05	2.1428e-10	-10.0	-2.5
42.5	1.329e-05	2.143e-10	-10.0	-2.5
43.0	1.3293e-05	2.1349e-10	-10.0	-2.5
43.5	1.3297e-05	2.1319e-10	-10.0	-2.5
44.0	1.3297e-05	2.1285e-10	-10.0	-2.5
44.5	1.3298e-05	2.1272e-10	-10.0	-2.5
45.0	1.3304e-05	2.1371e-10	-10.0	-2.5
45.5	1.3304e-05	2.1279e-10	-10.0	-2.5
46.0	1.3306e-05	2.1282e-10	-10.0	-2.5
46.5	1.3308e-05	2.1276e-10	-10.0	-2.5
47.0	1.331e-05	2.1226e-10	-10.0	-2.5
47.5	1.3313e-05	2.1292e-10	-10.0	-2.5
48.0	1.3316e-05	2.1262e-10	-10.0	-2.5
48.5	1.3319e-05	2.1327e-10	-10.0	-2.5
49.0	1.3318e-05	2.1376e-10	-10.0	-2.5
49.5	1.3321e-05	2.1339e-10	-10.0	-2.5
50.0	1.3323e-05	2.1279e-10	-10.0	-2.5
50.5	1.3325e-05	2.1305e-10	-10.0	-2.5
51.0	1.3328e-05	2.1281e-10	-10.0	-2.5
51.5	1.3329e-05	2.1272e-10	-10.0	-2.5
52.0	1.3332e-05	2.1179e-10	-10.0	-2.5
52.5	1.3333e-05	2.1255e-10	-10.0	-2.5
53.0	1.3335e-05	2.1245e-10	-10.0	-2.5
53.5	1.3335e-05	2.1193e-10	-10.0	-2.5
54.0	1.334e-05	2.1305e-10	-10.0	-2.5
54.5	1.3341e-05	2.117e-10	-10.0	-2.5
55.0	1.3342e-05	2.1243e-10	-10.0	-2.5
55.5	1.3345e-05	2.1228e-10	-10.0	-2.5
56.0	1.3348e-05	2.1141e-10	-10.0	-2.5
56.5	1.335e-05	2.128e-10	-10.0	-2.5
57.0	1.3353e-05	2.1256e-10	-10.0	-2.5
57.5	1.3355e-05	2.1198e-10	-10.0	-2.5
58.0	1.3356e-05	2.1283e-10	-10.0	-2.5
58.5	1.3356e-05	2.1267e-10	-10.0	-2.5
59.0	1.3361e-05	2.1253e-10	-10.0	-2.5
59.5	1.3364e-05	2.1335e-10	-10.0	-2.5
60.0	1.3366e-05	2.1241e-10	-10.0	-2.5
60.5	1.3369e-05	2.1227e-10	-10.0	-2.5
61.0	1.3371e-05	2.1315e-10	-10.0	-2.5
61.5	1.3373e-05	2.1287e-10	-10.0	-2.5
62.0	1.3375e-05	2.1286e-10	-10.0	-2.5
62.5	1.3374e-05	2.1229e-10	-10.0	-2.5
63.0	1.3376e-05	2.1286e-10	-10.0	-2.5
63.5	1.3377e-05	2.1193e-10	-10.0	-2.5
64.0	1.3379e-05	2.1128e-10	-10.0	-2.5
64.5	1.338e-05	2.1255e-10	-10.0	-2.5
65.0	1.3383e-05	2.1307e-10	-10.0	-2.5
65.5	1.3382e-05	2.1293e-10	-10.0	-2.5
66.0	1.3383e-05	2.1197e-10	-10.0	-2.5
66.5	1.3386e-05	2.1195e-10	-10.0	-2.5
67.0	1.3389e-05	2.118e-10	-10.0	-2.5
67.5	1.3391e-05	2.1252e-10	-10.0	-2.5
68.0	1.3392e-05	2.1233e-10	-10.0	-2.5
68.5	1.3393e-05	2.1354e-10	-10.0	-2.5
69.0	1.3394e-05	2.137e-10	-10.0	-2.5
69.5	1.3394e-05	2.1281e-10	-10.0	-2.5
70.0	1.3397e-05	2.1281e-10	-10.0	-2.5
70.5	1.34e-05	2.1341e-10	-10.0	-2.5
71.0	1.3402e-05	2.1309e-10	-10.0	-2.5
71.5	1.3402e-05	2.135e-10	-10.0	-2.5
72.0	1.3404e-05	2.1236e-10	-10.0	-2.5
72.5	1.3407e-05	2.1312e-10	-10.0	-2.5
73.0	1.341e-05	2.1304e-10	-10.0	-2.5
73.5	1.341e-05	2.135e-10	-10.0	-2.5
74.0	1.3413e-05	2.1212e-10	-10.0	-2.5
74.5	1.3414e-05	2.1245e-10	-10.0	-2.5
75.0	1.3413e-05	2.1224e-10	-10.0	-2.5
75.5	1.3416e-05	2.1257e-10	-10.0	-2.5
76.0	1.3418e-05	2.1322e-10	-10.0	-2.5
76.5	1.3421e-05	2.124e-10	-10.0	-2.5
77.0	1.3423e-05	2.1225e-10	-10.0	-2.5
77.5	1.3423e-05	2.1256e-10	-10.0	-2.5
78.0	1.3423e-05	2.1291e-10	-10.0	-2.5
78.5	1.3424e-05	2.1326e-10	-10.0	-2.5
79.0	1.3426e-05	2.1255e-10	-10.0	-2.5
79.5	1.343e-05	2.1275e-10	-10.0	-2.5
80.0	1.3431e-05	2.1362e-10	-10.0	-2.5
80.5	1.3433e-05	2.1364e-10	-10.0	-2.5
81.0	1.3433e-05	2.1298e-10	-10.0	-2.5
81.5	1.3437e-05	2.1364e-10	-10.0	-2.5
82.0	1.3438e-05	2.1353e-10	-10.0	-2.5
82.5	1.344e-05	2.133e-10	-10.0	-2.5
83.0	1.3441e-05	2.1281e-10	-10.0	-2.5
83.5	1.3443e-05	2.1361e-10	-10.0	-2.5
84.0	1.3447e-05	2.1182e-10	-10.0	-2.5
84.5	1.3447e-05	2.1291e-10	-10.0	-2.5
85.0	1.3446e-05	2.1303e-10	-10.0	-2.5
85.5	1.345e-05	2.1356e-10	-10.0	-2.5
86.0	1.3448e-05	2.1268e-10	-10.0	-2.5
86.5	1.3451e-05	2.1267e-10	-10.0	-2.5
87.0	1.3454e-05	2.1223e-10	-10.0	-2.5
87.5	1.3456e-05	2.1385e-10	-10.0	-2.5
88.0	1.3456e-05	2.1272e-10	-10.0	-2.5
88.5	1.3455e-05	2.1211e-10	-10.0	-2.5
89.0	1.3458e-05	2.1211e-10	-10.0	-2.5
89.5	1.3458e-05	2.1312e-10	-10.0	-2.5
90.0	1.3458e-05	2.1269e-10	-10.0	-2.5
90.5	1.346e-05	2.1423e-10	-10.0	-2.5
91.0	1.3464e-05	2.1306e-10	-10.0	-2.5
91.5	1.3465e-05	2.1273e-10	-10.0	-2.5
92.0	1.3464e-05	2.1139e-10	-10.0	-2.5
92.5	1.3464e-05	2.118e-10	-10.0	-2.5
93.0	1.3467e-05	2.1213e-10	-10.0	-2.5
93.5	1.3469e-05	2.1202e-10	-10.0	-2.5
94.0	1.3469e-05	2.12e-10	-10.0	-2.5
94.5	1.347e-05	2.117e-10	-10.0	-2.5
95.0	1.3474e-05	2.1255e-10	-10.0	-2.5
95.5	1.3474e-05	2.118e-10	-10.0	-2.5
96.0	1.3471e-05	2.1248e-10	-10.0	-2.5
96.5	1.3475e-05	2.1318e-10	-10.0	-2.5
97.0	1.3476e-05	2.1277e-10	-10.0	-2.5
97.5	1.3476e-05	2.1198e-10	-10.0	-2.5
98.0	1.3477e-05	2.1185e-10	-10.0	-2.5
98.5	1.3481e-05	2.1201e-10	-10.0	-2.5
99.0	1.3483e-05	2.1352e-10	-10.0	-2.5
99.5	1.3485e-05	2.1143e-10	-10.0	-2.5
100.0	1.3485e-05	2.1191e-10	-10.0	-2.5
100.5	1.3484e-05	2.1202e-10	-10.0	-2.5
101.0	1.3487e-05	2.1247e-10	-10.0	-2.5
101.5	1.3486e-05	2.1292e-10	-10.0	-2.5
102.0	1.3489e-05	2.1299e-10	-10.0	-2.5
102.5	1.349e-05	2.1352e-10	-10.0	-2.5
103.0	1.3493e-05	2.1212e-10	-10.0	-2.5
103.5	1.3494e-05	2.1295e-10	-10.0	-2.5
104.0	1.3496e-05	2.1293e-10	-10.0	-2.5
104.5	1.3497e-05	2.1198e-10	-10.0	-2.5
105.0	1.3499e-05	2.1263e-10	-10.0	-2.5
105.5	1.3499e-05	2.1298e-10	-10.0	-2.5
106.0	1.3503e-05	2.1257e-10	-10.0	-2.5
106.5	1.3504e-05	2.1367e-10	-10.0	-2.5
107.0	1.3508e-05	2.1251e-10	-10.0	-2.5
107.5	1.3507e-05	2.134e-10	-10.0	-2.5
108.0	1.3507e-05	2.1211e-10	-10.0	-2.5
108.5	1.3509e-05	2.1347e-10	-10.0	-2.5
109.0	1.351e-05	2.138e-10	-10.0	-2.5
109.5	1.3512e-05	2.1292e-10	-10.0	-2.5
110.0	1.3511e-05	2.1308e-10	-10.0	-2.5
110.5	1.3512e-05	2.1452e-10	-10.0	-2.5
111.0	1.3511e-05	2.1389e-10	-10.0	-2.5
111.5	1.3514e-05	2.1346e-10	-10.0	-2.5
112.0	1.3515e-05	2.1344e-10	-10.0	-2.5
112.5	1.3517e-05	2.1265e-10	-10.0	-2.5
113.0	1.352e-05	2.1324e-10	-10.0	-2.5
113.5	1.3518e-05	2.1355e-10	-10.0	-2.5
114.0	1.352e-05	2.1341e-10	-10.0	-2.5
114.5	1.3522e-05	2.1317e-10	-10.0	-2.5
115.0	1.3521e-05	2.1406e-10	-10.0	-2.5
115.5	1.3524e-05	2.1304e-10	-10.0	-2.5
116.0	1.3525e-05	2.1346e-10	-10.0	-2.5
116.5	1.3524e-05	2.1292e-10	-10.0	-2.5
117.0	1.3525e-05	2.1323e-10	-10.0	-2.5
117.5	1.3525e-05	2.1366e-10	-10.0	-2.5
118.0	1.3528e-05	2.124e-10	-10.0	-2.5
118.5	1.3528e-05	2.1374e-10	-10.0	-2.5
119.0	1.353e-05	2.1423e-10	-10.0	-2.5
119.5	1.353e-05	2.8901e-10	-10.0	-2.5
120.0	1.3533e-05	2.9456e-10	-10.0	-2.5
120.5	1.3535e-05	2.9459e-10	-10.0	-2.5
121.0	1.3536e-05	2.9565e-10	-10.0	-2.5
121.5	1.3538e-05	2.9488e-10	-10.0	-2.5
122.0	1.354e-05	2.9547e-10	-10.0	-2.5
122.5	1.3539e-05	2.9388e-10	-10.0	-2.5
123.0	1.3542e-05	2.9448e-10	-10.0	-2.5
123.5	1.3541e-05	2.937e-10	-10.0	-2.5
124.0	1.3544e-05	2.9363e-10	-10.0	-2.5
124.5	1.3544e-05	2.9337e-10	-10.0	-2.5
125.0	1.3547e-05	2.9261e-10	-10.0	-2.5
125.5	1.3549e-05	2.9237e-10	-10.0	-2.5
126.0	1.3553e-05	2.9186e-10	-10.0	-2.5
126.5	1.3553e-05	2.9138e-10	-10.0	-2.5
127.0	1.3555e-05	2.9101e-10	-10.0	-2.5
127.5	1.3557e-05	2.9119e-10	-10.0	-2.5
128.0	1.3559e-05	2.9121e-10	-10.0	-2.5
128.5	1.3561e-05	2.9099e-10	-10.0	-2.5
129.0	1.3563e-05	2.9016e-10	-10.0	-2.5
129.5	1.3565e-05	2.9005e-10	-10.0	-2.5
130.0	1.3569e-05	2.8896e-10	-10.0	-2.5
130.5	1.3571e-05	2.8952e-10	-10.0	-2.5
131.0	1.3571e-05	2.8873e-10	-10.0	-2.5
131.5	1.3571e-05	2.8881e-10	-10.0	-2.5
132.0	1.3571e-05	2.8867e-10	-10.0	-2.5
132.5	1.3572e-05	2.8862e-10	-10.0	-2.5
133.0	1.3573e-05	2.8902e-10	-10.0	-2.5
133.5	1.3575e-05	2.888e-10	-10.0	-2.5
134.0	1.3576e-05	2.8921e-10	-10.0	-2.5
134.5	1.358e-05	2.8881e-10	-10.0	-2.5
135.0	1.3582e-05	2.8737e-10	-10.0	-2.5
135.5	1.3583e-05	2.8771e-10	-10.0	-2.5
136.0	1.3586e-05	2.8863e-10	-10.0	-2.5
136.5	1.3586e-05	2.8768e-10	-10.0	-2.5
137.0	1.3587e-05	2.8805e-10	-10.0	-2.5
137.5	1.3589e-05	2.883e-10	-10.0	-2.5
138.0	1.3591e-05	2.8732e-10	-10.0	-2.5
138.5	1.3593e-05	2.8638e-10	-10.0	-2.5
139.0	1.3593e-05	2.8746e-10	-10.0	-2.5
139.5	1.3595e-05	2.8549e-10	-10.0	-2.5
140.0	1.3596e-05	2.8595e-10	-10.0	-2.5
140.5	1.3596e-05	2.8584e-10	-10.0	-2.5
141.0	1.3599e-05	2.8509e-10	-10.0	-2.5
141.5	1.3602e-05	2.8591e-10	-10.0	-2.5
142.0	1.3604e-05	2.8471e-10	-10.0	-2.5
142.5	1.3606e-05	2.8508e-10	-10.0	-2.5
143.0	1.3605e-05	2.8394e-10	-10.0	-2.5
143.5	1.3609e-05	2.8406e-10	-10.0	-2.5
144.0	1.361e-05	2.8423e-10	-10.0	-2.5
144.5	1.3611e-05	2.8461e-10	-10.0	-2.5
145.0	1.3612e-05	2.8387e-10	-10.0	-2.5
145.5	1.3616e-05	2.8468e-10	-10.0	-2.5
146.0	1.3617e-05	2.8463e-10	-10.0	-2.5
146.5	1.3613e-05	2.8429e-10	-10.0	-2.5
147.0	1.3613e-05	2.8436e-10	-10.0	-2.5
147.5	1.3616e-05	2.8269e-10	-10.0	-2.5
148.0	1.3619e-05	2.8158e-10	-10.0	-2.5
148.5	1.3617e-05	2.8372e-10	-10.0	-2.5
149.0	1.362e-05	2.8297e-10	-10.0	-2.5
149.5	1.3622e-05	2.8148e-10	-10.0	-2.5
150.0	1.3621e-05	2.816e-10	-10.0	-2.5
150.5	1.362e-05	2.8142e-10	-10.0	-2.5
151.0	1.3623e-05	2.8097e-10	-10.0	-2.5
151.5	1.3623e-05	2.8186e-10	-10.0	-2.5
152.0	1.3624e-05	2.8228e-10	-10.0	-2.5
152.5	1.3624e-05	2.8062e-10	-10.0	-2.5
153.0	1.3623e-05	2.8069e-10	-10.0	-2.5
153.5	1.3626e-05	2.8113e-10	-10.0	-2.5
154.0	1.3625e-05	2.8156e-10	-10.0	-2.5
154.5	1.3625e-05	2.805e-10	-10.0	-2.5
155.0	1.363e-05	2.8148e-10	-10.0	-2.5
155.5	1.3631e-05	2.8076e-10	-10.0	-2.5
156.0	1.3631e-05	2.8146e-10	-10.0	-2.5
156.5	1.3633e-05	2.8025e-10	-10.0	-2.5
157.0	1.3634e-05	2.8086e-10	-10.0	-2.5
157.5	1.3635e-05	2.8088e-10	-10.0	-2.5
158.0	1.3636e-05	2.8044e-10	-10.0	-2.5
158.5	1.3639e-05	2.8104e-10	-10.0	-2.5
159.0	1.3641e-05	2.8065e-10	-10.0	-2.5
159.5	1.3643e-05	2.8148e-10	-10.0	-2.5
160.0	1.3642e-05	2.8086e-10	-10.0	-2.5
160.5	1.3644e-05	2.8133e-10	-10.0	-2.5
161.0	1.3646e-05	2.8023e-10	-10.0	-2.5
161.5	1.3646e-05	2.8118e-10	-10.0	-2.5
162.0	1.3646e-05	2.7957e-10	-10.0	-2.5
162.5	1.3647e-05	2.7979e-10	-10.0	-2.5
163.0	1.3648e-05	2.7953e-10	-10.0	-2.5
163.5	1.3651e-05	2.7981e-10	-10.0	-2.5
164.0	1.3652e-05	2.7981e-10	-10.0	-2.5
164.5	1.3651e-05	2.7974e-10	-10.0	-2.5
165.0	1.3649e-05	2.7938e-10	-10.0	-2.5
165.5	1.3652e-05	2.7956e-10	-10.0	-2.5
166.0	1.3653e-05	2.7883e-10	-10.0	-2.5
166.5	1.3655e-05	2.7911e-10	-10.0	-2.5
167.0	1.3656e-05	2.796e-10	-10.0	-2.5
167.5	1.3654e-05	2.7902e-10	-10.0	-2.5
168.0	1.3655e-05	2.7962e-10	-10.0	-2.5
168.5	1.3655e-05	2.7858e-10	-10.0	-2.5
169.0	1.3659e-05	2.7946e-10	-10.0	-2.5
169.5	1.3658e-05	2.7834e-10	-10.0	-2.5
170.0	1.3657e-05	2.7839e-10	-10.0	-2.5
170.5	1.3657e-05	2.7856e-10	-10.0	-2.5
171.0	1.3656e-05	2.7803e-10	-10.0	-2.5
171.5	1.3657e-05	2.7919e-10	-10.0	-2.5
172.0	1.3659e-05	2.7797e-10	-10.0	-2.5
172.5	1.3662e-05	2.7828e-10	-10.0	-2.5
173.0	1.3661e-05	2.7799e-10	-10.0	-2.5
173.5	1.3661e-05	2.784e-10	-10.0	-2.5
174.0	1.3661e-05	2.7766e-10	-10.0	-2.5
174.5	1.3663e-05	2.7691e-10	-10.0	-2.5
175.0	1.3663e-05	2.7786e-10	-10.0	-2.5
175.5	1.3663e-05	2.7796e-10	-10.0	-2.5
176.0	1.3664e-05	2.7834e-10	-10.0	-2.5
176.5	1.3667e-05	2.7826e-10	-10.0	-2.5
177.0	1.3665e-05	2.7684e-10	-10.0	-2.5
177.5	1.3664e-05	2.7772e-10	-10.0	-2.5
178.0	1.3666e-05	2.782e-10	-10.0	-2.5
178.5	1.3666e-05	2.7728e-10	-10.0	-2.5
179.0	1.3667e-05	2.7764e-10	-10.0	-2.5
179.5	1.367e-05	2.1594e-10	-10.0	-2.5
180.0	1.367e-05	2.0514e-10	-10.0	-2.5
180.5	1.367e-05	2.0251e-10	-10.0	-2.5
181.0	1.3671e-05	2.0325e-10	-10.0	-2.5
181.5	1.367e-05	2.0317e-10	-10.0	-2.5
182.0	1.367e-05	2.0285e-10	-10.0	-2.5
182.5	1.3672e-05	2.0265e-10	-10.0	-2.5
183.0	1.3671e-05	2.0371e-10	-10.0	-2.5
183.5	1.3671e-05	2.0377e-10	-10.0	-2.5
184.0	1.3671e-05	2.0321e-10	-10.0	-2.5
184.5	1.3671e-05	2.0406e-10	-10.0	-2.5
185.0	1.3672e-05	2.0402e-10	-10.0	-2.5
185.5	1.3673e-05	2.0411e-10	-10.0	-2.5
186.0	1.3674e-05	2.0367e-10	-10.0	-2.5
186.5	1.3673e-05	2.0361e-10	-10.0	-2.5
187.0	1.3674e-05	2.0504e-10	-10.0	-2.5
187.5	1.3674e-05	2.0437e-10	-10.0	-2.5
188.0	1.3672e-05	2.0358e-10	-10.0	-2.5
188.5	1.3675e-05	2.049e-10	-10.0	-2.5
189.0	1.3675e-05	2.0522e-10	-10.0	-2.5
189.5	1.3676e-05	2.0456e-10	-10.0	-2.5
190.0	1.3677e-05	2.0391e-10	-10.0	-2.5
190.5	1.3676e-05	2.0444e-10	-10.0	-2.5
191.0	1.3673e-05	2.0402e-10	-10.0	-2.5
191.5	1.3674e-05	2.0508e-10	-10.0	-2.5
192.0	1.3674e-05	2.0425e-10	-10.0	-2.5
192.5	1.3677e-05	2.0428e-10	-10.0	-2.5
193.0	1.3676e-05	2.0447e-10	-10.0	-2.5
193.5	1.3675e-05	2.0484e-10	-10.0	-2.5
194.0	1.3675e-05	2.0476e-10	-10.0	-2.5
194.5	1.3674e-05	2.0505e-10	-10.0	-2.5
195.0	1.3674e-05	2.0583e-10	-10.0	-2.5
195.5	1.3674e-05	2.0482e-10	-10.0	-2.5
196.0	1.3675e-05	2.0462e-10	-10.0	-2.5
196.5	1.3673e-05	2.0535e-10	-10.0	-2.5
197.0	1.3675e-05	2.0588e-10	-10.0	-2.5
197.5	1.3677e-05	2.0548e-10	-10.0	-2.5
198.0	1.3677e-05	2.0612e-10	-10.0	-2.5
198.5	1.3677e-05	2.0536e-10	-10.0	-2.5
199.0	1.3678e-05	2.0522e-10	-10.0	-2.5
199.5	1.3677e-05	2.0589e-10	-10.0	-2.5
200.0	1.3679e-05	2.0552e-10	-10.0	-2.5
200.5	1.3678e-05	2.0555e-10	-10.0	-2.5
201.0	1.368e-05	2.0626e-10	-10.0	-2.5
201.5	1.3678e-05	2.0531e-10	-10.0	-2.5
202.0	1.368e-05	2.0592e-10	-10.0	-2.5
202.5	1.3678e-05	2.0537e-10	-10.0	-2.5
203.0	1.3679e-05	2.0547e-10	-10.0	-2.5
203.5	1.3678e-05	2.0521e-10	-10.0	-2.5
204.0	1.3679e-05	2.0434e-10	-10.0	-2.5
204.5	1.3679e-05	2.0482e-10	-10.0	-2.5
205.0	1.3678e-05	2.0594e-10	-10.0	-2.5
205.5	1.3681e-05	2.0596e-10	-10.0	-2.5
206.0	1.3682e-05	2.0696e-10	-10.0	-2.5
206.5	1.3682e-05	2.0599e-10	-10.0	-2.5
207.0	1.3679e-05	2.0589e-10	-10.0	-2.5
207.5	1.3679e-05	2.0582e-10	-10.0	-2.5
208.0	1.368e-05	2.0581e-10	-10.0	-2.5
208.5	1.368e-05	2.0597e-10	-10.0	-2.5
209.0	1.3683e-05	2.0602e-10	-10.0	-2.5
209.5	1.3681e-05	2.0568e-10	-10.0	-2.5
210.0	1.3684e-05	2.0608e-10	-10.0	-2.5
210.5	1.3684e-05	2.0587e-10	-10.0	-2.5
211.0	1.3683e-05	2.0623e-10	-10.0	-2.5
211.5	1.3684e-05	2.0643e-10	-10.0	-2.5
212.0	1.3684e-05	2.0626e-10	-10.0	-2.5
212.5	1.3684e-05	2.0591e-10	-10.0	-2.5
213.0	1.3686e-05	2.0631e-10	-10.0	-2.5
213.5	1.3684e-05	2.0628e-10	-10.0	-2.5
214.0	1.3682e-05	2.0659e-10	-10.0	-2.5
214.5	1.3686e-05	2.0623e-10	-10.0	-2.5
215.0	1.3684e-05	2.0608e-10	-10.0	-2.5
215.5	1.3687e-05	2.0658e-10	-10.0	-2.5
216.0	1.3687e-05	2.062e-10	-10.0	-2.5
216.5	1.3688e-05	2.06e-10	-10.0	-2.5
217.0	1.3688e-05	2.0692e-10	-10.0	-2.5
217.5	1.3691e-05	2.082e-10	-10.0	-2.5
218.0	1.3689e-05	2.0713e-10	-10.0	-2.5
218.5	1.369e-05	2.0716e-10	-10.0	-2.5
219.0	1.3688e-05	2.0799e-10	-10.0	-2.5
219.5	1.3689e-05	2.0681e-10	-10.0	-2.5
220.0	1.3689e-05	2.0625e-10	-10.0	-2.5
220.5	1.3687e-05	2.0786e-10	-10.0	-2.5
221.0	1.3689e-05	2.0885e-10	-10.0	-2.5
221.5	1.3689e-05	2.0747e-10	-10.0	-2.5
222.0	1.3691e-05	2.0724e-10	-10.0	-2.5
222.5	1.369e-05	2.0699e-10	-10.0	-2.5
223.0	1.3688e-05	2.0928e-10	-10.0	-2.5
223.5	1.3693e-05	2.0869e-10	-10.0	-2.5
224.0	1.369e-05	2.0762e-10	-10.0	-2.5
224.5	1.3692e-05	2.067e-10	-10.0	-2.5
225.0	1.369e-05	2.0805e-10	-10.0	-2.5
225.5	1.3691e-05	2.0875e-10	-10.0	-2.5
226.0	1.369e-05	2.0894e-10	-10.0	-2.5
226.5	1.3693e-05	2.0854e-10	-10.0	-2.5
227.0	1.3694e-05	2.079e-10	-10.0	-2.5
227.5	1.3695e-05	2.0878e-10	-10.0	-2.5
228.0	1.3696e-05	2.0907e-10	-10.0	-2.5
228.5	1.3696e-05	2.0869e-10	-10.0	-2.5
229.0	1.3696e-05	2.082e-10	-10.0	-2.5
229.5	1.3694e-05	2.0929e-10	-10.0	-2.5
230.0	1.3695e-05	2.0997e-10	-10.0	-2.5
230.5	1.3695e-05	2.0739e-10	-10.0	-2.5
231.0	1.3696e-05	2.083e-10	-10.0	-2.5
231.5	1.3696e-05	2.1015e-10	-10.0	-2.5
232.0	1.3698e-05	2.0851e-10	-10.0	-2.5
232.5	1.3699e-05	2.0743e-10	-10.0	-2.5
233.0	1.3698e-05	2.0975e-10	-10.0	-2.5
233.5	1.3698e-05	2.084e-10	-10.0	-2.5
234.0	1.3699e-05	2.0831e-10	-10.0	-2.5
234.5	1.3699e-05	2.0862e-10	-10.0	-2.5
235.0	1.3698e-05	2.0886e-10	-10.0	-2.5
235.5	1.37e-05	2.0941e-10	-10.0	-2.5
236.0	1.3703e-05	2.0972e-10	-10.0	-2.5
236.5	1.3702e-05	2.0888e-10	-10.0	-2.5
237.0	1.3701e-05	2.0718e-10	-10.0	-2.5
237.5	1.3701e-05	2.0848e-10	-10.0	-2.5
238.0	1.3701e-05	2.09e-10	-10.0	-2.5
238.5	1.37e-05	2.0896e-10	-10.0	-2.5
239.0	1.3703e-05	2.0827e-10	-10.0	-2.5
239.5	1.3702e-05	2.7883e-10	-10.0	-2.5
240.0	1.3701e-05	2.8782e-10	-10.0	-2.5
240.5	1.3702e-05	2.8767e-10	-10.0	-2.5
241.0	1.3703e-05	2.8805e-10	-10.0	-2.5
241.5	1.3705e-05	2.8817e-10	-10.0	-2.5
242.0	1.3707e-05	2.8801e-10	-10.0	-2.5
242.5	1.3707e-05	2.8589e-10	-10.0	-2.5
243.0	1.3708e-05	2.862e-10	-10.0	-2.5
243.5	1.3707e-05	2.8661e-10	-10.0	-2.5
244.0	1.3708e-05	2.8569e-10	-10.0	-2.5
244.5	1.3709e-05	2.8479e-10	-10.0	-2.5
245.0	1.3712e-05	2.859e-10	-10.0	-2.5
245.5	1.3712e-05	2.8469e-10	-10.0	-2.5
246.0	1.3713e-05	2.8575e-10	-10.0	-2.5
246.5	1.3712e-05	2.8533e-10	-10.0	-2.5
247.0	1.3714e-05	2.8347e-10	-10.0	-2.5
247.5	1.3715e-05	2.8504e-10	-10.0	-2.5
248.0	1.3715e-05	2.8415e-10	-10.0	-2.5
248.5	1.3718e-05	2.8425e-10	-10.0	-2.5
249.0	1.3718e-05	2.8375e-10	-10.0	-2.5
249.5	1.3716e-05	2.8325e-10	-10.0	-2.5
250.0	1.3717e-05	2.8338e-10	-10.0	-2.5
250.5	1.3716e-05	2.8264e-10	-10.0	-2.5
251.0	1.3717e-05	2.8273e-10	-10.0	-2.5
251.5	1.3721e-05	2.8207e-10	-10.0	-2.5
252.0	1.3722e-05	2.8163e-10	-10.0	-2.5
252.5	1.3722e-05	2.8207e-10	-10.0	-2.5
253.0	1.3726e-05	2.8196e-10	-10.0	-2.5
253.5	1.3723e-05	2.8154e-10	-10.0	-2.5
254.0	1.3723e-05	2.8081e-10	-10.0	-2.5
254.5	1.3725e-05	2.8101e-10	-10.0	-2.5
255.0	1.3725e-05	2.8074e-10	-10.0	-2.5
255.5	1.3724e-05	2.8104e-10	-10.0	-2.5
256.0	1.3725e-05	2.8054e-10	-10.0	-2.5
256.5	1.3726e-05	2.8063e-10	-10.0	-2.5
257.0	1.3727e-05	2.8074e-10	-10.0	-2.5
257.5	1.3728e-05	2.803e-10	-10.0	-2.5
258.0	1.3727e-05	2.8002e-10	-10.0	-2.5
258.5	1.3729e-05	2.7969e-10	-10.0	-2.5
259.0	1.373e-05	2.7928e-10	-10.0	-2.5
259.5	1.373e-05	2.7885e-10	-10.0	-2.5
260.0	1.3729e-05	2.7919e-10	-10.0	-2.5
260.5	1.373e-05	2.8015e-10	-10.0	-2.5
261.0	1.3732e-05	2.7967e-10	-10.0	-2.5
261.5	1.3732e-05	2.7956e-10	-10.0	-2.5
262.0	1.3733e-05	2.7958e-10	-10.0	-2.5
262.5	1.3734e-05	2.7893e-10	-10.0	-2.5
263.0	1.3732e-05	2.7853e-10	-10.0	-2.5
263.5	1.3733e-05	2.785e-10	-10.0	-2.5
264.0	1.3735e-05	2.7903e-10	-10.0	-2.5
264.5	1.3736e-05	2.7857e-10	-10.0	-2.5
265.0	1.3733e-05	2.7803e-10	-10.0	-2.5
265.5	1.3735e-05	2.7819e-10	-10.0	-2.5
266.0	1.3736e-05	2.7673e-10	-10.0	-2.5
266.5	1.3738e-05	2.7686e-10	-10.0	-2.5
267.0	1.3735e-05	2.7659e-10	-10.0	-2.5
267.5	1.3739e-05	2.7612e-10	-10.0	-2.5
268.0	1.3738e-05	2.7622e-10	-10.0	-2.5
268.5	1.3736e-05	2.7584e-10	-10.0	-2.5
269.0	1.3738e-05	2.7613e-10	-10.0	-2.5
269.5	1.3736e-05	2.7594e-10	-10.0	-2.5
270.0	1.3737e-05	2.7636e-10	-10.0	-2.5
270.5	1.3739e-05	2.7581e-10	-10.0	-2.5
271.0	1.3739e-05	2.756e-10	-10.0	-2.5
271.5	1.374e-05	2.7642e-10	-10.0	-2.5
272.0	1.3743e-05	2.7552e-10	-10.0	-2.5
272.5	1.3743e-05	2.7563e-10	-10.0	-2.5
273.0	1.3744e-05	2.7635e-10	-10.0	-2.5
273.5	1.3747e-05	2.7589e-10	-10.0	-2.5
274.0	1.3746e-05	2.7561e-10	-10.0	-2.5
274.5	1.3743e-05	2.7654e-10	-10.0	-2.5
275.0	1.3742e-05	2.7635e-10	-10.0	-2.5
275.5	1.3743e-05	2.7623e-10	-10.0	-2.5
276.0	1.3741e-05	2.7513e-10	-10.0	-2.5
276.5	1.3742e-05	2.7567e-10	-10.0	-2.5
277.0	1.3743e-05	2.7526e-10	-10.0	-2.5
277.5	1.3744e-05	2.7587e-10	-10.0	-2.5
278.0	1.3743e-05	2.7556e-10	-10.0	-2.5
278.5	1.3743e-05	2.7512e-10	-10.0	-2.5
279.0	1.3744e-05	2.7486e-10	-10.0	-2.5
279.5	1.3743e-05	2.7462e-10	-10.0	-2.5
280.0	1.3742e-05	2.7543e-10	-10.0	-2.5
280.5	1.3744e-05	2.7584e-10	-10.0	-2.5
281.0	1.3743e-05	2.7401e-10	-10.0	-2.5
281.5	1.3742e-05	2.745e-10	-10.0	-2.5
282.0	1.3742e-05	2.7532e-10	-10.0	-2.5
282.5	1.3743e-05	2.7492e-10	-10.0	-2.5
283.0	1.3744e-05	2.7368e-10	-10.0	-2.5
283.5	1.3746e-05	2.7279e-10	-10.0	-2.5
284.0	1.3746e-05	2.7264e-10	-10.0	-2.5
284.5	1.3749e-05	2.7312e-10	-10.0	-2.5
285.0	1.3745e-05	2.7397e-10	-10.0	-2.5
285.5	1.3744e-05	2.7299e-10	-10.0	-2.5
286.0	1.3743e-05	2.7316e-10	-10.0	-2.5
286.5	1.3745e-05	2.7235e-10	-10.0	-2.5
287.0	1.3743e-05	2.7452e-10	-10.0	-2.5
287.5	1.3743e-05	2.7335e-10	-10.0	-2.5
288.0	1.3746e-05	2.7365e-10	-10.0	-2.5
288.5	1.3749e-05	2.7398e-10	-10.0	-2.5
289.0	1.3749e-05	2.7289e-10	-10.0	-2.5
289.5	1.375e-05	2.7239e-10	-10.0	-2.5
290.0	1.3753e-05	2.7289e-10	-10.0	-2.5
290.5	1.3749e-05	2.7245e-10	-10.0	-2.5
291.0	1.3749e-05	2.7282e-10	-10.0	-2.5
291.5	1.3747e-05	2.7334e-10	-10.0	-2.5
292.0	1.3748e-05	2.7283e-10	-10.0	-2.5
292.5	1.3746e-05	2.736e-10	-10.0	-2.5
293.0	1.3748e-05	2.731e-10	-10.0	-2.5
293.5	1.3748e-05	2.7356e-10	-10.0	-2.5
294.0	1.3746e-05	2.7259e-10	-10.0	-2.5
294.5	1.3747e-05	2.7215e-10	-10.0	-2.5
295.0	1.3747e-05	2.7294e-10	-10.0	-2.5
295.5	1.3747e-05	2.7212e-10	-10.0	-2.5
296.0	1.375e-05	2.7243e-10	-10.0	-2.5
296.5	1.3748e-05	2.7238e-10	-10.0	-2.5
297.0	1.3748e-05	2.7273e-10	-10.0	-2.5
297.5	1.3748e-05	2.7197e-10	-10.0	-2.5
298.0	1.375e-05	2.7247e-10	-10.0	-2.5
298.5	1.3749e-05	2.7302e-10	-10.0	-2.5
299.0	1.3749e-05	2.7279e-10	-10.0	-2.5
299.5	1.375e-05	2.1358e-10	-10.0	-2.5
300.0	1.3748e-05	2.0131e-10	-10.0	-2.5
300.5	1.3748e-05	1.9873e-10	-10.0	-2.5
301.0	1.3747e-05	1.983e-10	-10.0	-2.5
301.5	1.3748e-05	1.9949e-10	-10.0	-2.5
302.0	1.3748e-05	1.9934e-10	-10.0	-2.5
302.5	1.3747e-05	1.9943e-10	-10.0	-2.5
303.0	1.3749e-05	1.9881e-10	-10.0	-2.5
303.5	1.3749e-05	1.9984e-10	-10.0	-2.5
304.0	1.3747e-05	1.9975e-10	-10.0	-2.5
304.5	1.3749e-05	1.9895e-10	-10.0	-2.5
305.0	1.3745e-05	1.9845e-10	-10.0	-2.5
305.5	1.3746e-05	2.0043e-10	-10.0	-2.5
306.0	1.3745e-05	1.998e-10	-10.0	-2.5
306.5	1.3745e-05	2.0063e-10	-10.0	-2.5
307.0	1.3744e-05	2.013e-10	-10.0	-2.5
307.5	1.3743e-05	2.0102e-10	-10.0	-2.5
308.0	1.3742e-05	2.0091e-10	-10.0	-2.5
308.5	1.3743e-05	2.01e-10	-10.0	-2.5
309.0	1.3743e-05	2.0067e-10	-10.0	-2.5
309.5	1.3742e-05	2.0195e-10	-10.0	-2.5
310.0	1.3743e-05	2.0136e-10	-10.0	-2.5
310.5	1.3743e-05	2.0079e-10	-10.0	-2.5
311.0	1.3743e-05	2.0127e-10	-10.0	-2.5
311.5	1.3743e-05	2.0117e-10	-10.0	-2.5
312.0	1.3744e-05	2.0309e-10	-10.0	-2.5
312.5	1.3744e-05	2.0159e-10	-10.0	-2.5
313.0	1.3742e-05	2.0134e-10	-10.0	-2.5
313.5	1.3743e-05	2.0171e-10	-10.0	-2.5
314.0	1.3744e-05	2.0093e-10	-10.0	-2.5
314.5	1.3744e-05	2.0106e-10	-10.0	-2.5
315.0	1.3742e-05	2.0099e-10	-10.0	-2.5
315.5	1.3745e-05	2.0113e-10	-10.0	-2.5
316.0	1.3745e-05	2.0113e-10	-10.0	-2.5
316.5	1.3744e-05	2.0154e-10	-10.0	-2.5
317.0	1.3745e-05	2.0182e-10	-10.0	-2.5
317.5	1.3743e-05	2.0181e-10	-10.0	-2.5
318.0	1.3743e-05	2.0178e-10	-10.0	-2.5
318.5	1.3743e-05	2.0175e-10	-10.0	-2.5
319.0	1.3742e-05	2.0149e-10	-10.0	-2.5
319.5	1.3742e-05	2.0169e-10	-10.0	-2.5
320.0	1.3741e-05	2.0213e-10	-10.0	-2.5
320.5	1.3739e-05	2.0177e-10	-10.0	-2.5
321.0	1.374e-05	2.0182e-10	-10.0	-2.5
321.5	1.3742e-05	2.0237e-10	-10.0	-2.5
322.0	1.374e-05	2.0265e-10	-10.0	-2.5
322.5	1.3742e-05	2.0216e-10	-10.0	-2.5
323.0	1.3743e-05	2.0276e-10	-10.0	-2.5
323.5	1.374e-05	2.0301e-10	-10.0	-2.5
324.0	1.374e-05	2.0297e-10	-10.0	-2.5
324.5	1.3742e-05	2.0266e-10	-10.0	-2.5
325.0	1.3742e-05	2.0226e-10	-10.0	-2.5
325.5	1.3742e-05	2.0226e-10	-10.0	-2.5
326.0	1.374e-05	2.0213e-10	-10.0	-2.5
326.5	1.3742e-05	2.0235e-10	-10.0	-2.5
327.0	1.3742e-05	2.0366e-10	-10.0	-2.5
327.5	1.3742e-05	2.0264e-10	-10.0	-2.5
328.0	1.3743e-05	2.0309e-10	-10.0	-2.5
328.5	1.3741e-05	2.0265e-10	-10.0	-2.5
329.0	1.3745e-05	2.0345e-10	-10.0	-2.5
329.5	1.3747e-05	2.0388e-10	-10.0	-2.5
330.0	1.3747e-05	2.0438e-10	-10.0	-2.5
330.5	1.3748e-05	2.0388e-10	-10.0	-2.5
331.0	1.3744e-05	2.0278e-10	-10.0	-2.5
331.5	1.3748e-05	2.0382e-10	-10.0	-2.5
332.0	1.3747e-05	2.0279e-10	-10.0	-2.5
332.5	1.3743e-05	2.0337e-10	-10.0	-2.5
333.0	1.3747e-05	2.0346e-10	-10.0	-2.5
333.5	1.3749e-05	2.026e-10	-10.0	-2.5
334.0	1.3747e-05	2.0304e-10	-10.0	-2.5
334.5	1.3746e-05	2.0248e-10	-10.0	-2.5
335.0	1.3748e-05	2.0273e-10	-10.0	-2.5
335.5	1.3747e-05	2.0394e-10	-10.0	-2.5
336.0	1.3746e-05	2.0309e-10	-10.0	-2.5
336.5	1.3746e-05	2.0304e-10	-10.0	-2.5
337.0	1.3746e-05	2.041e-10	-10.0	-2.5
337.5	1.3746e-05	2.0428e-10	-10.0	-2.5
338.0	1.3749e-05	2.0351e-10	-10.0	-2.5
338.5	1.3748e-05	2.0361e-10	-10.0	-2.5
339.0	1.3748e-05	2.0508e-10	-10.0	-2.5
339.5	1.3749e-05	2.0485e-10	-10.0	-2.5
340.0	1.3747e-05	2.0451e-10	-10.0	-2.5
340.5	1.3748e-05	2.0503e-10	-10.0	-2.5
341.0	1.3746e-05	2.0595e-10	-10.0	-2.5
341.5	1.3749e-05	2.0502e-10	-10.0	-2.5
342.0	1.3747e-05	2.0506e-10	-10.0	-2.5
342.5	1.3749e-05	2.0605e-10	-10.0	-2.5
343.0	1.3747e-05	2.0563e-10	-10.0	-2.5
343.5	1.3747e-05	2.0464e-10	-10.0	-2.5
344.0	1.3749e-05	2.0403e-10	-10.0	-2.5
344.5	1.375e-05	2.0441e-10	-10.0	-2.5
345.0	1.375e-05	2.0366e-10	-10.0	-2.5
345.5	1.3748e-05	2.0432e-10	-10.0	-2.5
346.0	1.3749e-05	2.0413e-10	-10.0	-2.5
346.5	1.3749e-05	2.0434e-10	-10.0	-2.5
347.0	1.3751e-05	2.0458e-10	-10.0	-2.5
347.5	1.3751e-05	2.0561e-10	-10.0	-2.5
348.0	1.3751e-05	2.0552e-10	-10.0	-2.5
348.5	1.3753e-05	2.0471e-10	-10.0	-2.5
349.0	1.3752e-05	2.052e-10	-10.0	-2.5
349.5	1.3753e-05	2.0519e-10	-10.0	-2.5
350.0	1.3754e-05	2.0422e-10	-10.0	-2.5
350.5	1.3754e-05	2.0467e-10	-10.0	-2.5
351.0	1.3755e-05	2.0495e-10	-10.0	-2.5
351.5	1.3753e-05	2.0397e-10	-10.0	-2.5
352.0	1.3754e-05	2.0588e-10	-10.0	-2.5
352.5	1.3755e-05	2.0512e-10	-10.0	-2.5
353.0	1.3753e-05	2.0604e-10	-10.0	-2.5
353.5	1.3753e-05	2.0489e-10	-10.0	-2.5
354.0	1.3754e-05	2.0555e-10	-10.0	-2.5
354.5	1.3754e-05	2.0534e-10	-10.0	-2.5
355.0	1.3755e-05	2.0545e-10	-10.0	-2.5
355.5	1.3756e-05	2.0423e-10	-10.0	-2.5
356.0	1.3753e-05	2.0604e-10	-10.0	-2.5
356.5	1.3755e-05	2.0546e-10	-10.0	-2.5
357.0	1.3758e-05	2.051e-10	-10.0	-2.5
357.5	1.376e-05	2.0583e-10	-10.0	-2.5
358.0	1.3757e-05	2.0481e-10	-10.0	-2.5
358.5	1.3757e-05	2.0491e-10	-10.0	-2.5
359.0	1.376e-05	2.0569e-10	-10.0	-2.5
359.5	1.3758e-05	2.7498e-10	-10.0	-2.5
360.0	1.3758e-05	2.8309e-10	-10.0	-2.5
360.5	1.3759e-05	2.8518e-10	-10.0	-2.5
361.0	1.3762e-05	2.8423e-10	-10.0	-2.5
361.5	1.376e-05	2.8432e-10	-10.0	-2.5
362.0	1.3761e-05	2.8368e-10	-10.0	-2.5
362.5	1.3762e-05	2.8365e-10	-10.0	-2.5
363.0	1.3764e-05	2.8281e-10	-10.0	-2.5
363.5	1.3766e-05	2.8266e-10	-10.0	-2.5
364.0	1.3766e-05	2.8321e-10	-10.0	-2.5
364.5	1.3768e-05	2.8173e-10	-10.0	-2.5
365.0	1.3768e-05	2.8119e-10	-10.0	-2.5
365.5	1.3767e-05	2.8236e-10	-10.0	-2.5
366.0	1.3767e-05	2.827e-10	-10.0	-2.5
366.5	1.3769e-05	2.8224e-10	-10.0	-2.5
367.0	1.3771e-05	2.8112e-10	-10.0	-2.5
367.5	1.3773e-05	2.809e-10	-10.0	-2.5
368.0	1.3774e-05	2.7909e-10	-10.0	-2.5
368.5	1.3775e-05	2.8077e-10	-10.0	-2.5
369.0	1.3776e-05	2.8103e-10	-10.0	-2.5
369.5	1.3779e-05	2.8041e-10	-10.0	-2.5
370.0	1.3779e-05	2.7912e-10	-10.0	-2.5
370.5	1.3778e-05	2.7922e-10	-10.0	-2.5
371.0	1.3781e-05	2.7952e-10	-10.0	-2.5
371.5	1.3783e-05	2.7816e-10	-10.0	-2.5
372.0	1.378e-05	2.7883e-10	-10.0	-2.5
372.5	1.3782e-05	2.7801e-10	-10.0	-2.5
373.0	1.3783e-05	2.7789e-10	-10.0	-2.5
373.5	1.3785e-05	2.771e-10	-10.0	-2.5
374.0	1.3783e-05	2.7771e-10	-10.0	-2.5
374.5	1.3784e-05	2.7699e-10	-10.0	-2.5
375.0	1.3783e-05	2.7686e-10	-10.0	-2.5
375.5	1.3784e-05	2.7671e-10	-10.0	-2.5
376.0	1.3783e-05	2.7681e-10	-10.0	-2.5
376.5	1.3785e-05	2.765e-10	-10.0	-2.5
377.0	1.3784e-05	2.7589e-10	-10.0	-2.5
377.5	1.3783e-05	2.7622e-10	-10.0	-2.5
378.0	1.3784e-05	2.7609e-10	-10.0	-2.5
378.5	1.3784e-05	2.7676e-10	-10.0	-2.5
379.0	1.3786e-05	2.7627e-10	-10.0	-2.5
379.5	1.3787e-05	2.7502e-10	-10.0	-2.5
380.0	1.3789e-05	2.7631e-10	-10.0	-2.5
380.5	1.3785e-05	2.7591e-10	-10.0	-2.5
381.0	1.3784e-05	2.7607e-10	-10.0	-2.5
381.5	1.3787e-05	2.7583e-10	-10.0	-2.5
382.0	1.3787e-05	2.7662e-10	-10.0	-2.5
382.5	1.3786e-05	2.764e-10	-10.0	-2.5
383.0	1.3785e-05	2.7644e-10	-10.0	-2.5
383.5	1.3787e-05	2.7696e-10	-10.0	-2.5
384.0	1.3786e-05	2.7633e-10	-10.0	-2.5
384.5	1.3785e-05	2.7579e-10	-10.0	-2.5
385.0	1.3786e-05	2.7505e-10	-10.0	-2.5
385.5	1.3787e-05	2.7491e-10	-10.0	-2.5
386.0	1.3786e-05	2.7489e-10	-10.0	-2.5
386.5	1.3784e-05	2.7445e-10	-10.0	-2.5
387.0	1.3784e-05	2.7457e-10	-10.0	-2.5
387.5	1.3783e-05	2.747e-10	-10.0	-2.5
388.0	1.3783e-05	2.7466e-10	-10.0	-2.5
388.5	1.3786e-05	2.7393e-10	-10.0	-2.5
389.0	1.3785e-05	2.736e-10	-10.0	-2.5
389.5	1.3786e-05	2.7411e-10	-10.0	-2.5
390.0	1.379e-05	2.7452e-10	-10.0	-2.5
390.5	1.3787e-05	2.7375e-10	-10.0	-2.5
391.0	1.3787e-05	2.7382e-10	-10.0	-2.5
391.5	1.3788e-05	2.7317e-10	-10.0	-2.5
392.0	1.3787e-05	2.7263e-10	-10.0	-2.5
392.5	1.3786e-05	2.7321e-10	-10.0	-2.5
393.0	1.3786e-05	2.7269e-10	-10.0	-2.5
393.5	1.3786e-05	2.7226e-10	-10.0	-2.5
394.0	1.3786e-05	2.7307e-10	-10.0	-2.5
394.5	1.3785e-05	2.7189e-10	-10.0	-2.5
395.0	1.3787e-05	2.7186e-10	-10.0	-2.5
395.5	1.3788e-05	2.717e-10	-10.0	-2.5
396.0	1.3787e-05	2.7265e-10	-10.0	-2.5
396.5	1.3786e-05	2.7157e-10	-10.0	-2.5
397.0	1.3786e-05	2.7329e-10	-10.0	-2.5
397.5	1.3788e-05	2.7318e-10	-10.0	-2.5
398.0	1.3788e-05	2.7363e-10	-10.0	-2.5
398.5	1.3788e-05	2.7311e-10	-10.0	-2.5
399.0	1.3786e-05	2.7293e-10	-10.0	-2.5
399.5	1.3786e-05	2.7308e-10	-10.0	-2.5
400.0	1.3786e-05	2.7337e-10	-10.0	-2.5
400.5	1.3785e-05	2.7302e-10	-10.0	-2.5
401.0	1.3783e-05	2.7373e-10	-10.0	-2.5
401.5	1.3783e-05	2.7202e-10	-10.0	-2.5
402.0	1.3784e-05	2.7288e-10	-10.0	-2.5
402.5	1.3785e-05	2.7233e-10	-10.0	-2.5
403.0	1.3785e-05	2.7315e-10	-10.0	-2.5
403.5	1.3784e-05	2.7358e-10	-10.0	-2.5
404.0	1.3783e-05	2.7225e-10	-10.0	-2.5
404.5	1.3785e-05	2.7212e-10	-10.0	-2.5
405.0	1.3782e-05	2.7153e-10	-10.0	-2.5
405.5	1.3784e-05	2.7291e-10	-10.0	-2.5
406.0	1.3785e-05	2.7201e-10	-10.0	-2.5
406.5	1.3787e-05	2.7223e-10	-10.0	-2.5
407.0	1.3786e-05	2.7293e-10	-10.0	-2.5
407.5	1.3787e-05	2.724e-10	-10.0	-2.5
408.0	1.3787e-05	2.7141e-10	-10.0	-2.5
408.5	1.3787e-05	2.7116e-10	-10.0	-2.5
409.0	1.3786e-05	2.7024e-10	-10.0	-2.5
409.5	1.3786e-05	2.6941e-10	-10.0	-2.5
410.0	1.3784e-05	2.693e-10	-10.0	-2.5
410.5	1.3784e-05	2.7056e-10	-10.0	-2.5
411.0	1.3785e-05	2.7159e-10	-10.0	-2.5
411.5	1.3782e-05	2.7103e-10	-10.0	-2.5
412.0	1.3782e-05	2.7162e-10	-10.0	-2.5
412.5	1.3784e-05	2.7074e-10	-10.0	-2.5
413.0	1.3781e-05	2.7116e-10	-10.0	-2.5
413.5	1.3781e-05	2.7114e-10	-10.0	-2.5
414.0	1.3779e-05	2.7028e-10	-10.0	-2.5
414.5	1.3783e-05	2.7123e-10	-10.0	-2.5
415.0	1.3781e-05	2.7059e-10	-10.0	-2.5
415.5	1.3779e-05	2.7175e-10	-10.0	-2.5
416.0	1.3783e-05	2.7185e-10	-10.0	-2.5
416.5	1.3782e-05	2.7054e-10	-10.0	-2.5
417.0	1.3783e-05	2.697e-10	-10.0	-2.5
417.5	1.3783e-05	2.7104e-10	-10.0	-2.5
418.0	1.3784e-05	2.7075e-10	-10.0	-2.5
418.5	1.3783e-05	2.7006e-10	-10.0	-2.5
419.0	1.3783e-05	2.7179e-10	-10.0	-2.5
419.5	1.3784e-05	2.1334e-10	-10.0	-2.5
420.0	1.3785e-05	1.9918e-10	-10.0	-2.5
420.5	1.3785e-05	1.9856e-10	-10.0	-2.5
421.0	1.3782e-05	1.9751e-10	-10.0	-2.5
421.5	1.3782e-05	1.9807e-10	-10.0	-2.5
422.0	1.3784e-05	1.9805e-10	-10.0	-2.5
422.5	1.3784e-05	1.9932e-10	-10.0	-2.5
423.0	1.3782e-05	1.9938e-10	-10.0	-2.5
423.5	1.3782e-05	1.9818e-10	-10.0	-2.5
424.0	1.378e-05	1.9797e-10	-10.0	-2.5
424.5	1.378e-05	1.9822e-10	-10.0	-2.5
425.0	1.378e-05	1.981e-10	-10.0	-2.5
425.5	1.378e-05	1.9804e-10	-10.0	-2.5
426.0	1.378e-05	1.9836e-10	-10.0	-2.5
426.5	1.3778e-05	1.9869e-10	-10.0	-2.5
427.0	1.3777e-05	1.9868e-10	-10.0	-2.5
427.5	1.3778e-05	1.9863e-10	-10.0	-2.5
428.0	1.3775e-05	1.9888e-10	-10.0	-2.5
428.5	1.3776e-05	2.0043e-10	-10.0	-2.5
429.0	1.3777e-05	1.9914e-10	-10.0	-2.5
429.5	1.3776e-05	1.9821e-10	-10.0	-2.5
430.0	1.3776e-05	1.9992e-10	-10.0	-2.5
430.5	1.3777e-05	1.9983e-10	-10.0	-2.5
431.0	1.3777e-05	2.0014e-10	-10.0	-2.5
431.5	1.3776e-05	1.9972e-10	-10.0	-2.5
432.0	1.3775e-05	1.9961e-10	-10.0	-2.5
432.5	1.3774e-05	1.9944e-10	-10.0	-2.5
433.0	1.3774e-05	2.0004e-10	-10.0	-2.5
433.5	1.3774e-05	1.9924e-10	-10.0	-2.5
434.0	1.3772e-05	1.9824e-10	-10.0	-2.5
434.5	1.3772e-05	1.9947e-10	-10.0	-2.5
435.0	1.377e-05	1.9988e-10	-10.0	-2.5
435.5	1.3772e-05	1.9912e-10	-10.0	-2.5
436.0	1.3776e-05	1.9889e-10	-10.0	-2.5
436.5	1.3776e-05	1.9961e-10	-10.0	-2.5
437.0	1.3772e-05	1.9983e-10	-10.0	-2.5
437.5	1.3772e-05	1.9942e-10	-10.0	-2.5
438.0	1.3772e-05	1.9988e-10	-10.0	-2.5
438.5	1.377e-05	1.9861e-10	-10.0	-2.5
439.0	1.3772e-05	2.0018e-10	-10.0	-2.5
439.5	1.377e-05	1.9981e-10	-10.0	-2.5
440.0	1.3774e-05	2.0027e-10	-10.0	-2.5
440.5	1.3774e-05	2.0201e-10	-10.0	-2.5
441.0	1.3774e-05	1.998e-10	-10.0	-2.5
441.5	1.3773e-05	1.9969e-10	-10.0	-2.5
442.0	1.377e-05	2.0021e-10	-10.0	-2.5
442.5	1.3771e-05	2.0002e-10	-10.0	-2.5
443.0	1.3771e-05	2.0008e-10	-10.0	-2.5
443.5	1.3772e-05	2.0109e-10	-10.0	-2.5
444.0	1.3772e-05	2.001e-10	-10.0	-2.5
444.5	1.3771e-05	2.0087e-10	-10.0	-2.5
445.0	1.3772e-05	2.0093e-10	-10.0	-2.5
445.5	1.3771e-05	2.0088e-10	-10.0	-2.5
446.0	1.377e-05	2.0094e-10	-10.0	-2.5
446.5	1.3772e-05	2.0164e-10	-10.0	-2.5
447.0	1.3768e-05	2.0119e-10	-10.0	-2.5
447.5	1.377e-05	2.0005e-10	-10.0	-2.5
448.0	1.3772e-05	2.0121e-10	-10.0	-2.5
448.5	1.3772e-05	2.0124e-10	-10.0	-2.5
449.0	1.3772e-05	2.0164e-10	-10.0	-2.5
449.5	1.3773e-05	2.0167e-10	-10.0	-2.5
450.0	1.3774e-05	2.0186e-10	-10.0	-2.5
450.5	1.3774e-05	2.0313e-10	-10.0	-2.5
451.0	1.3775e-05	2.0139e-10	-10.0	-2.5
451.5	1.3775e-05	2.0019e-10	-10.0	-2.5
452.0	1.3774e-05	2.0012e-10	-10.0	-2.5
452.5	1.3775e-05	2.0119e-10	-10.0	-2.5
453.0	1.3774e-05	2.0051e-10	-10.0	-2.5
453.5	1.3774e-05	2.0096e-10	-10.0	-2.5
454.0	1.3775e-05	2.0063e-10	-10.0	-2.5
454.5	1.3772e-05	2.0052e-10	-10.0	-2.5
455.0	1.3773e-05	2.019e-10	-10.0	-2.5
455.5	1.3777e-05	2.0185e-10	-10.0	-2.5
456.0	1.3776e-05	2.0198e-10	-10.0	-2.5
456.5	1.3775e-05	2.0067e-10	-10.0	-2.5
457.0	1.3779e-05	2.0057e-10	-10.0	-2.5
457.5	1.378e-05	2.0172e-10	-10.0	-2.5
458.0	1.378e-05	2.0186e-10	-10.0	-2.5
458.5	1.3778e-05	2.0244e-10	-10.0	-2.5
459.0	1.3778e-05	2.0095e-10	-10.0	-2.5
459.5	1.378e-05	2.0125e-10	-10.0	-2.5
460.0	1.3779e-05	2.0137e-10	-10.0	-2.5
460.5	1.3781e-05	2.0243e-10	-10.0	-2.5
461.0	1.378e-05	2.0283e-10	-10.0	-2.5
461.5	1.3782e-05	2.0238e-10	-10.0	-2.5
462.0	1.3778e-05	2.0092e-10	-10.0	-2.5
462.5	1.3779e-05	2.0187e-10	-10.0	-2.5
463.0	1.3779e-05	2.0248e-10	-10.0	-2.5
463.5	1.3781e-05	2.0281e-10	-10.0	-2.5
464.0	1.3781e-05	2.0366e-10	-10.0	-2.5
464.5	1.3783e-05	2.0241e-10	-10.0	-2.5
465.0	1.3784e-05	2.0276e-10	-10.0	-2.5
465.5	1.3785e-05	2.0264e-10	-10.0	-2.5
466.0	1.3786e-05	2.0292e-10	-10.0	-2.5
466.5	1.3785e-05	2.0262e-10	-10.0	-2.5
467.0	1.3786e-05	2.0307e-10	-10.0	-2.5
467.5	1.3782e-05	2.0244e-10	-10.0	-2.5
468.0	1.3782e-05	2.0339e-10	-10.0	-2.5
468.5	1.3783e-05	2.0309e-10	-10.0	-2.5
469.0	1.3785e-05	2.0342e-10	-10.0	-2.5
469.5	1.3783e-05	2.0362e-10	-10.0	-2.5
470.0	1.3784e-05	2.0352e-10	-10.0	-2.5
470.5	1.3784e-05	2.0304e-10	-10.0	-2.5
471.0	1.3783e-05	2.0293e-10	-10.0	-2.5
471.5	1.3781e-05	2.0324e-10	-10.0	-2.5
472.0	1.3784e-05	2.0367e-10	-10.0	-2.5
472.5	1.379e-05	2.0388e-10	-10.0	-2.5
473.0	1.379e-05	2.0414e-10	-10.0	-2.5
473.5	1.3791e-05	2.0283e-10	-10.0	-2.5
474.0	1.379e-05	2.0374e-10	-10.0	-2.5
474.5	1.3792e-05	2.0244e-10	-10.0	-2.5
475.0	1.379e-05	2.0257e-10	-10.0	-2.5
475.5	1.379e-05	2.0321e-10	-10.0	-2.5
476.0	1.3793e-05	2.0349e-10	-10.0	-2.5
476.5	1.3793e-05	2.0242e-10	-10.0	-2.5
477.0	1.3793e-05	2.0293e-10	-10.0	-2.5
477.5	1.3789e-05	2.0351e-10	-10.0	-2.5
478.0	1.3791e-05	2.0327e-10	-10.0	-2.5
478.5	1.3792e-05	2.0314e-10	-10.0	-2.5
479.0	1.3788e-05	2.0341e-10	-10.0	-2.5
479.5	1.379e-05	2.7196e-10	-10.0	-2.5
480.0	1.3788e-05	2.8135e-10	-10.0	-2.5
480.5	1.379e-05	2.8392e-10	-10.0	-2.5
481.0	1.379e-05	2.8386e-10	-10.0	-2.5
481.5	1.379e-05	2.8385e-10	-10.0	-2.5
482.0	1.3791e-05	2.8336e-10	-10.0	-2.5
482.5	1.3793e-05	2.8214e-10	-10.0	-2.5
483.0	1.3793e-05	2.8235e-10	-10.0	-2.5
483.5	1.3794e-05	2.8193e-10	-10.0	-2.5
484.0	1.3795e-05	2.8177e-10	-10.0	-2.5
484.5	1.3792e-05	2.8119e-10	-10.0	-2.5
485.0	1.3796e-05	2.8145e-10	-10.0	-2.5
485.5	1.3795e-05	2.8052e-10	-10.0	-2.5
486.0	1.3795e-05	2.8162e-10	-10.0	-2.5
486.5	1.3797e-05	2.7983e-10	-10.0	-2.5
487.0	1.3796e-05	2.7958e-10	-10.0	-2.5
487.5	1.3797e-05	2.8043e-10	-10.0	-2.5
488.0	1.3799e-05	2.8027e-10	-10.0	-2.5
488.5	1.3797e-05	2.7885e-10	-10.0	-2.5
489.0	1.3797e-05	2.7899e-10	-10.0	-2.5
489.5	1.3799e-05	2.7853e-10	-10.0	-2.5
490.0	1.3796e-05	2.7826e-10	-10.0	-2.5
490.5	1.3797e-05	2.7756e-10	-10.0	-2.5
491.0	1.3799e-05	2.7716e-10	-10.0	-2.5
491.5	1.3798e-05	2.7733e-10	-10.0	-2.5
492.0	1.3798e-05	2.7748e-10	-10.0	-2.5
492.5	1.3799e-05	2.7665e-10	-10.0	-2.5
493.0	1.38e-05	2.7637e-10	-10.0	-2.5
493.5	1.38e-05	2.7669e-10	-10.0	-2.5
494.0	1.3801e-05	2.7619e-10	-10.0	-2.5
494.5	1.3801e-05	2.7649e-10	-10.0	-2.5
495.0	1.3804e-05	2.7572e-10	-10.0	-2.5
495.5	1.3802e-05	2.7592e-10	-10.0	-2.5
496.0	1.3804e-05	2.7489e-10	-10.0	-2.5
496.5	1.3806e-05	2.7516e-10	-10.0	-2.5
497.0	1.3804e-05	2.7604e-10	-10.0	-2.5
497.5	1.3802e-05	2.7575e-10	-10.0	-2.5
498.0	1.3802e-05	2.7545e-10	-10.0	-2.5
498.5	1.3803e-05	2.7535e-10	-10.0	-2.5
499.0	1.3802e-05	2.7646e-10	-10.0	-2.5
499.5	1.3804e-05	2.7612e-10	-10.0	-2.5
500.0	1.3804e-05	2.7494e-10	-10.0	-2.5
500.5	1.3808e-05	2.7482e-10	-10.0	-2.5
501.0	1.3806e-05	2.7466e-10	-10.0	-2.5
501.5	1.3808e-05	2.7364e-10	-10.0	-2.5
502.0	1.3806e-05	2.747e-10	-10.0	-2.5
502.5	1.3804e-05	2.7443e-10	-10.0	-2.5
503.0	1.3805e-05	2.7336e-10	-10.0	-2.5
503.5	1.3802e-05	2.7396e-10	-10.0	-2.5
504.0	1.3806e-05	2.7448e-10	-10.0	-2.5
504.5	1.3803e-05	2.7401e-10	-10.0	-2.5
505.0	1.3804e-05	2.7377e-10	-10.0	-2.5
505.5	1.3807e-05	2.7434e-10	-10.0	-2.5
506.0	1.3806e-05	2.7397e-10	-10.0	-2.5
506.5	1.3806e-05	2.7334e-10	-10.0	-2.5
507.0	1.3804e-05	2.7327e-10	-10.0	-2.5
507.5	1.3807e-05	2.7301e-10	-10.0	-2.5
508.0	1.3806e-05	2.7328e-10	-10.0	-2.5
508.5	1.3805e-05	2.7304e-10	-10.0	-2.5
509.0	1.3803e-05	2.7226e-10	-10.0	-2.5
509.5	1.3803e-05	2.7279e-10	-10.0	-2.5
510.0	1.3804e-05	2.7219e-10	-10.0	-2.5
510.5	1.3807e-05	2.7177e-10	-10.0	-2.5
511.0	1.3807e-05	2.7162e-10	-10.0	-2.5
511.5	1.3808e-05	2.7202e-10	-10.0	-2.5
512.0	1.3807e-05	2.7222e-10	-10.0	-2.5
512.5	1.3803e-05	2.7106e-10	-10.0	-2.5
513.0	1.3806e-05	2.7187e-10	-10.0	-2.5
513.5	1.3806e-05	2.7196e-10	-10.0	-2.5
514.0	1.3805e-05	2.7199e-10	-10.0	-2.5
514.5	1.3802e-05	2.7135e-10	-10.0	-2.5
515.0	1.3801e-05	2.7102e-10	-10.0	-2.5
515.5	1.3803e-05	2.7041e-10	-10.0	-2.5
516.0	1.38e-05	2.712e-10	-10.0	-2.5
516.5	1.38e-05	2.7131e-10	-10.0	-2.5
517.0	1.3802e-05	2.7106e-10	-10.0	-2.5
517.5	1.3799e-05	2.7173e-10	-10.0	-2.5
518.0	1.38e-05	2.7124e-10	-10.0	-2.5
518.5	1.3801e-05	2.7094e-10	-10.0	-2.5
519.0	1.3799e-05	2.7138e-10	-10.0	-2.5
519.5	1.3798e-05	2.7044e-10	-10.0	-2.5
520.0	1.3798e-05	2.7035e-10	-10.0	-2.5
520.5	1.3803e-05	2.7092e-10	-10.0	-2.5
521.0	1.3799e-05	2.7083e-10	-10.0	-2.5
521.5	1.3798e-05	2.7038e-10	-10.0	-2.5
522.0	1.3798e-05	2.7087e-10	-10.0	-2.5
522.5	1.3799e-05	2.7118e-10	-10.0	-2.5
523.0	1.3799e-05	2.7082e-10	-10.0	-2.5
523.5	1.38e-05	2.7176e-10	-10.0	-2.5
524.0	1.3799e-05	2.7082e-10	-10.0	-2.5
524.5	1.3797e-05	2.7073e-10	-10.0	-2.5
525.0	1.3797e-05	2.7094e-10	-10.0	-2.5
525.5	1.3796e-05	2.6958e-10	-10.0	-2.5
526.0	1.3799e-05	2.6951e-10	-10.0	-2.5
526.5	1.3799e-05	2.6891e-10	-10.0	-2.5
527.0	1.3798e-05	2.6987e-10	-10.0	-2.5
527.5	1.3798e-05	2.698e-10	-10.0	-2.5
528.0	1.3798e-05	2.7002e-10	-10.0	-2.5
528.5	1.3799e-05	2.7048e-10	-10.0	-2.5
529.0	1.3798e-05	2.7025e-10	-10.0	-2.5
529.5	1.38e-05	2.7022e-10	-10.0	-2.5
530.0	1.3798e-05	2.7051e-10	-10.0	-2.5
530.5	1.3798e-05	2.7019e-10	-10.0	-2.5
531.0	1.3798e-05	2.6975e-10	-10.0	-2.5
531.5	1.3796e-05	2.7044e-10	-10.0	-2.5
532.0	1.3795e-05	2.6942e-10	-10.0	-2.5
532.5	1.3794e-05	2.7093e-10	-10.0	-2.5
533.0	1.3796e-05	2.7021e-10	-10.0	-2.5
533.5	1.3796e-05	2.6959e-10	-10.0	-2.5
534.0	1.3794e-05	2.6922e-10	-10.0	-2.5
534.5	1.3792e-05	2.6947e-10	-10.0	-2.5
535.0	1.3793e-05	2.6959e-10	-10.0	-2.5
535.5	1.3794e-05	2.6984e-10	-10.0	-2.5
536.0	1.3796e-05	2.6985e-10	-10.0	-2.5
536.5	1.3795e-05	2.6965e-10	-10.0	-2.5
537.0	1.3797e-05	2.6858e-10	-10.0	-2.5
537.5	1.3796e-05	2.6968e-10	-10.0	-2.5
538.0	1.3796e-05	2.6931e-10	-10.0	-2.5
538.5	1.3796e-05	2.7e-10	-10.0	-2.5
539.0	1.3794e-05	2.7001e-10	-10.0	-2.5
539.5	1.3794e-05	2.1287e-10	-10.0	-2.5
540.0	1.3794e-05	1.9838e-10	-10.0	-2.5
540.5	1.3794e-05	1.9621e-10	-10.0	-2.5
541.0	1.3794e-05	1.9628e-10	-10.0	-2.5
541.5	1.3795e-05	1.9621e-10	-10.0	-2.5
542.0	1.3793e-05	1.9601e-10	-10.0	-2.5
542.5	1.3793e-05	1.9661e-10	-10.0	-2.5
543.0	1.3792e-05	1.972e-10	-10.0	-2.5
543.5	1.3791e-05	1.9682e-10	-10.0	-2.5
544.0	1.3792e-05	1.9743e-10	-10.0	-2.5
544.5	1.3792e-05	1.9753e-10	-10.0	-2.5
545.0	1.3793e-05	1.9785e-10	-10.0	-2.5
545.5	1.3793e-05	1.9729e-10	-10.0	-2.5
546.0	1.3792e-05	1.9671e-10	-10.0	-2.5
546.5	1.3791e-05	1.9707e-10	-10.0	-2.5
547.0	1.3789e-05	1.9719e-10	-10.0	-2.5
547.5	1.379e-05	1.9709e-10	-10.0	-2.5
548.0	1.379e-05	1.9812e-10	-10.0	-2.5
548.5	1.379e-05	1.9813e-10	-10.0	-2.5
549.0	1.3789e-05	1.9818e-10	-10.0	-2.5
549.5	1.379e-05	1.9828e-10	-10.0	-2.5
550.0	1.379e-05	1.9811e-10	-10.0	-2.5
550.5	1.3792e-05	1.9816e-10	-10.0	-2.5
551.0	1.379e-05	1.9786e-10	-10.0	-2.5
551.5	1.379e-05	1.9809e-10	-10.0	-2.5
552.0	1.3788e-05	1.9765e-10	-10.0	-2.5
552.5	1.379e-05	1.9832e-10	-10.0	-2.5
553.0	1.3791e-05	1.979e-10	-10.0	-2.5
553.5	1.3788e-05	1.9836e-10	-10.0	-2.5
554.0	1.3789e-05	1.9872e-10	-10.0	-2.5
554.5	1.379e-05	1.9865e-10	-10.0	-2.5
555.0	1.379e-05	1.9852e-10	-10.0	-2.5
555.5	1.379e-05	1.9967e-10	-10.0	-2.5
556.0	1.3792e-05	1.9877e-10	-10.0	-2.5
556.5	1.379e-05	1.9881e-10	-10.0	-2.5
557.0	1.3789e-05	1.9921e-10	-10.0	-2.5
557.5	1.3787e-05	1.9878e-10	-10.0	-2.5
558.0	1.3788e-05	1.9863e-10	-10.0	-2.5
558.5	1.3789e-05	1.9938e-10	-10.0	-2.5
559.0	1.3787e-05	2.0001e-10	-10.0	-2.5
559.5	1.3788e-05	1.9953e-10	-10.0	-2.5
560.0	1.3788e-05	1.9858e-10	-10.0	-2.5
560.5	1.3789e-05	1.9905e-10	-10.0	-2.5
561.0	1.3788e-05	1.9818e-10	-10.0	-2.5
561.5	1.3788e-05	1.988e-10	-10.0	-2.5
562.0	1.3792e-05	1.9877e-10	-10.0	-2.5
562.5	1.3791e-05	1.9874e-10	-10.0	-2.5
563.0	1.3789e-05	1.9863e-10	-10.0	-2.5
563.5	1.3788e-05	1.9962e-10	-10.0	-2.5
564.0	1.379e-05	1.993e-10	-10.0	-2.5
564.5	1.379e-05	1.9923e-10	-10.0	-2.5
565.0	1.379e-05	1.9911e-10	-10.0	-2.5
565.5	1.3788e-05	1.994e-10	-10.0	-2.5
566.0	1.3787e-05	1.9925e-10	-10.0	-2.5
566.5	1.3788e-05	1.9948e-10	-10.0	-2.5
567.0	1.3789e-05	1.9985e-10	-10.0	-2.5
567.5	1.3789e-05	2.0043e-10	-10.0	-2.5
568.0	1.379e-05	2.0071e-10	-10.0	-2.5
568.5	1.3793e-05	2.007e-10	-10.0	-2.5
569.0	1.3792e-05	2.0082e-10	-10.0	-2.5
569.5	1.379e-05	1.9955e-10	-10.0	-2.5
570.0	1.3791e-05	2.0039e-10	-10.0	-2.5
570.5	1.3793e-05	1.9997e-10	-10.0	-2.5
571.0	1.3794e-05	2.0016e-10	-10.0	-2.5
571.5	1.3793e-05	1.9999e-10	-10.0	-2.5
572.0	1.3791e-05	2.0052e-10	-10.0	-2.5
572.5	1.379e-05	1.9967e-10	-10.0	-2.5
573.0	1.3791e-05	1.9918e-10	-10.0	-2.5
573.5	1.3793e-05	1.9868e-10	-10.0	-2.5
574.0	1.3793e-05	2.0015e-10	-10.0	-2.5
574.5	1.3794e-05	1.9924e-10	-10.0	-2.5
575.0	1.379e-05	2.0094e-10	-10.0	-2.5
575.5	1.3794e-05	2.0054e-10	-10.0	-2.5
576.0	1.3791e-05	2.0134e-10	-10.0	-2.5
576.5	1.3794e-05	2.003e-10	-10.0	-2.5
577.0	1.3792e-05	2.0068e-10	-10.0	-2.5
577.5	1.3792e-05	2.0049e-10	-10.0	-2.5
578.0	1.3791e-05	2.0125e-10	-10.0	-2.5
578.5	1.3793e-05	2.0125e-10	-10.0	-2.5
579.0	1.3791e-05	2.0075e-10	-10.0	-2.5
579.5	1.3791e-05	2.0124e-10	-10.0	-2.5
580.0	1.3792e-05	2.0204e-10	-10.0	-2.5
580.5	1.3792e-05	2.0122e-10	-10.0	-2.5
581.0	1.3789e-05	2.0173e-10	-10.0	-2.5
581.5	1.3791e-05	2.0234e-10	-10.0	-2.5
582.0	1.3795e-05	2.0148e-10	-10.0	-2.5
582.5	1.3793e-05	2.0103e-10	-10.0	-2.5
583.0	1.3794e-05	2.0115e-10	-10.0	-2.5
583.5	1.3793e-05	2.0178e-10	-10.0	-2.5
584.0	1.3793e-05	2.0168e-10	-10.0	-2.5
584.5	1.3793e-05	2.0109e-10	-10.0	-2.5
585.0	1.3794e-05	2.0041e-10	-10.0	-2.5
585.5	1.3797e-05	2.0125e-10	-10.0	-2.5
586.0	1.3795e-05	2.0121e-10	-10.0	-2.5
586.5	1.3796e-05	2.0174e-10	-10.0	-2.5
587.0	1.3793e-05	2.0119e-10	-10.0	-2.5
587.5	1.3794e-05	2.0092e-10	-10.0	-2.5
588.0	1.3795e-05	2.0163e-10	-10.0	-2.5
588.5	1.3796e-05	2.0117e-10	-10.0	-2.5
589.0	1.3794e-05	2.0131e-10	-10.0	-2.5
589.5	1.3796e-05	2.0185e-10	-10.0	-2.5
590.0	1.3795e-05	2.0198e-10	-10.0	-2.5
590.5	1.3794e-05	2.0151e-10	-10.0	-2.5
591.0	1.3796e-05	2.018e-10	-10.0	-2.5
591.5	1.3795e-05	2.0219e-10	-10.0	-2.5
592.0	1.3795e-05	2.0293e-10	-10.0	-2.5
592.5	1.3793e-05	2.0394e-10	-10.0	-2.5
593.0	1.3794e-05	2.0288e-10	-10.0	-2.5
593.5	1.3794e-05	2.037e-10	-10.0	-2.5
594.0	1.3797e-05	2.0273e-10	-10.0	-2.5
594.5	1.3799e-05	2.0302e-10	-10.0	-2.5
595.0	1.3796e-05	2.0271e-10	-10.0	-2.5
595.5	1.3797e-05	2.0397e-10	-10.0	-2.5
596.0	1.3797e-05	2.0406e-10	-10.0	-2.5
596.5	1.3799e-05	2.0369e-10	-10.0	-2.5
597.0	1.3798e-05	2.027e-10	-10.0	-2.5
597.5	1.3799e-05	2.0297e-10	-10.0	-2.5
598.0	1.38e-05	2.0279e-10	-10.0	-2.5
598.5	1.3799e-05	2.03e-10	-10.0	-2.5
599.0	1.3798e-05	2.0286e-10	-10.0	-2.5
599.5	1.3798e-05	2.033e-10	-10.0	-2.5
600.0	1.3798e-05	2.0333e-10	-10.0	-2.5
600.5	1.3801e-05	2.0315e-10	-10.0	-2.5
601.0	1.3798e-05	2.0273e-10	-10.0	-2.5
601.5	1.38e-05	2.0335e-10	-10.0	-2.5
602.0	1.3802e-05	2.0371e-10	-10.0	-2.5
602.5	1.3803e-05	2.0257e-10	-10.0	-2.5
603.0	1.3805e-05	2.0365e-10	-10.0	-2.5
603.5	1.3803e-05	2.0338e-10	-10.0	-2.5
604.0	1.3802e-05	2.0316e-10	-10.0	-2.5
604.5	1.38e-05	2.0374e-10	-10.0	-2.5
