Time (s)	|IDrain (A)|	|IGate (A)	Vdrain(V)	Vgate(V)
0.0	1.3235e-05	1.0517e-10	-10.0	-2.5
1.0	1.3239e-05	2.0526e-10	-10.0	-2.5
1.5	1.3243e-05	2.1177e-10	-10.0	-2.5
2.0	1.3247e-05	2.1562e-10	-10.0	-2.5
2.5	1.3247e-05	2.1697e-10	-10.0	-2.5
3.0	1.3249e-05	2.1683e-10	-10.0	-2.5
3.5	1.3254e-05	2.1725e-10	-10.0	-2.5
4.0	1.3256e-05	2.1676e-10	-10.0	-2.5
4.5	1.3258e-05	2.1665e-10	-10.0	-2.5
5.0	1.3261e-05	2.1711e-10	-10.0	-2.5
5.5	1.3266e-05	2.1646e-10	-10.0	-2.5
6.0	1.3267e-05	2.1571e-10	-10.0	-2.5
6.5	1.327e-05	2.1521e-10	-10.0	-2.5
7.0	1.3272e-05	2.1469e-10	-10.0	-2.5
7.5	1.3274e-05	2.1589e-10	-10.0	-2.5
8.0	1.3276e-05	2.1471e-10	-10.0	-2.5
8.5	1.3279e-05	2.1374e-10	-10.0	-2.5
9.0	1.328e-05	2.1416e-10	-10.0	-2.5
9.5	1.3284e-05	2.1247e-10	-10.0	-2.5
10.0	1.3287e-05	2.1361e-10	-10.0	-2.5
10.5	1.3288e-05	2.1189e-10	-10.0	-2.5
11.0	1.329e-05	2.1211e-10	-10.0	-2.5
11.5	1.3293e-05	2.128e-10	-10.0	-2.5
12.0	1.3297e-05	2.1316e-10	-10.0	-2.5
12.5	1.3298e-05	2.1287e-10	-10.0	-2.5
13.0	1.3303e-05	2.119e-10	-10.0	-2.5
13.5	1.3303e-05	2.1217e-10	-10.0	-2.5
14.0	1.3306e-05	2.1182e-10	-10.0	-2.5
14.5	1.3307e-05	2.1119e-10	-10.0	-2.5
15.0	1.3309e-05	2.1041e-10	-10.0	-2.5
15.5	1.3312e-05	2.0966e-10	-10.0	-2.5
16.0	1.3311e-05	2.0985e-10	-10.0	-2.5
16.5	1.3316e-05	2.1073e-10	-10.0	-2.5
17.0	1.3319e-05	2.1003e-10	-10.0	-2.5
17.5	1.332e-05	2.0919e-10	-10.0	-2.5
18.0	1.332e-05	2.1056e-10	-10.0	-2.5
18.5	1.3323e-05	2.094e-10	-10.0	-2.5
19.0	1.3328e-05	2.0933e-10	-10.0	-2.5
19.5	1.333e-05	2.1033e-10	-10.0	-2.5
20.0	1.3332e-05	2.0987e-10	-10.0	-2.5
20.5	1.3334e-05	2.0943e-10	-10.0	-2.5
21.0	1.3335e-05	2.0995e-10	-10.0	-2.5
21.5	1.3339e-05	2.1066e-10	-10.0	-2.5
22.0	1.3339e-05	2.1031e-10	-10.0	-2.5
22.5	1.3341e-05	2.1068e-10	-10.0	-2.5
23.0	1.3343e-05	2.1085e-10	-10.0	-2.5
23.5	1.3342e-05	2.105e-10	-10.0	-2.5
24.0	1.3344e-05	2.1054e-10	-10.0	-2.5
24.5	1.3346e-05	2.1068e-10	-10.0	-2.5
25.0	1.3347e-05	2.1065e-10	-10.0	-2.5
25.5	1.3352e-05	2.099e-10	-10.0	-2.5
26.0	1.3353e-05	2.0954e-10	-10.0	-2.5
26.5	1.3354e-05	2.1019e-10	-10.0	-2.5
27.0	1.3357e-05	2.1017e-10	-10.0	-2.5
27.5	1.3361e-05	2.0966e-10	-10.0	-2.5
28.0	1.3364e-05	2.0891e-10	-10.0	-2.5
28.5	1.3364e-05	2.0956e-10	-10.0	-2.5
29.0	1.3365e-05	2.0863e-10	-10.0	-2.5
29.5	1.3367e-05	2.0958e-10	-10.0	-2.5
30.0	1.3371e-05	2.1049e-10	-10.0	-2.5
30.5	1.3372e-05	2.095e-10	-10.0	-2.5
31.0	1.3372e-05	2.0986e-10	-10.0	-2.5
31.5	1.3375e-05	2.089e-10	-10.0	-2.5
32.0	1.3378e-05	2.0928e-10	-10.0	-2.5
32.5	1.3379e-05	2.0982e-10	-10.0	-2.5
33.0	1.3381e-05	2.0972e-10	-10.0	-2.5
33.5	1.3383e-05	2.1024e-10	-10.0	-2.5
34.0	1.3385e-05	2.0926e-10	-10.0	-2.5
34.5	1.3385e-05	2.0955e-10	-10.0	-2.5
35.0	1.3389e-05	2.0951e-10	-10.0	-2.5
35.5	1.3393e-05	2.0936e-10	-10.0	-2.5
36.0	1.3391e-05	2.0954e-10	-10.0	-2.5
36.5	1.3393e-05	2.095e-10	-10.0	-2.5
37.0	1.3392e-05	2.0931e-10	-10.0	-2.5
37.5	1.3394e-05	2.0953e-10	-10.0	-2.5
38.0	1.3396e-05	2.1056e-10	-10.0	-2.5
38.5	1.3402e-05	2.0943e-10	-10.0	-2.5
39.0	1.34e-05	2.0954e-10	-10.0	-2.5
39.5	1.34e-05	2.0932e-10	-10.0	-2.5
40.0	1.3401e-05	2.0988e-10	-10.0	-2.5
40.5	1.3404e-05	2.0983e-10	-10.0	-2.5
41.0	1.3406e-05	2.0993e-10	-10.0	-2.5
41.5	1.3408e-05	2.0948e-10	-10.0	-2.5
42.0	1.3408e-05	2.0918e-10	-10.0	-2.5
42.5	1.341e-05	2.0918e-10	-10.0	-2.5
43.0	1.3413e-05	2.0894e-10	-10.0	-2.5
43.5	1.3412e-05	2.0783e-10	-10.0	-2.5
44.0	1.3414e-05	2.095e-10	-10.0	-2.5
44.5	1.3415e-05	2.101e-10	-10.0	-2.5
45.0	1.3419e-05	2.1018e-10	-10.0	-2.5
45.5	1.3422e-05	2.0929e-10	-10.0	-2.5
46.0	1.3422e-05	2.0996e-10	-10.0	-2.5
46.5	1.3425e-05	2.0961e-10	-10.0	-2.5
47.0	1.3423e-05	2.1019e-10	-10.0	-2.5
47.5	1.3426e-05	2.0927e-10	-10.0	-2.5
48.0	1.3429e-05	2.0957e-10	-10.0	-2.5
48.5	1.3428e-05	2.096e-10	-10.0	-2.5
49.0	1.3431e-05	2.0927e-10	-10.0	-2.5
49.5	1.3434e-05	2.1053e-10	-10.0	-2.5
50.0	1.3434e-05	2.1114e-10	-10.0	-2.5
50.5	1.3433e-05	2.0948e-10	-10.0	-2.5
51.0	1.3436e-05	2.0913e-10	-10.0	-2.5
51.5	1.3437e-05	2.0908e-10	-10.0	-2.5
52.0	1.3438e-05	2.0948e-10	-10.0	-2.5
52.5	1.3439e-05	2.0926e-10	-10.0	-2.5
53.0	1.3443e-05	2.0949e-10	-10.0	-2.5
53.5	1.3442e-05	2.0896e-10	-10.0	-2.5
54.0	1.3443e-05	2.0934e-10	-10.0	-2.5
54.5	1.3444e-05	2.0869e-10	-10.0	-2.5
55.0	1.3447e-05	2.0987e-10	-10.0	-2.5
55.5	1.3448e-05	2.0882e-10	-10.0	-2.5
56.0	1.3453e-05	2.0913e-10	-10.0	-2.5
56.5	1.3452e-05	2.0861e-10	-10.0	-2.5
57.0	1.3454e-05	2.0837e-10	-10.0	-2.5
57.5	1.3456e-05	2.086e-10	-10.0	-2.5
58.0	1.3458e-05	2.0864e-10	-10.0	-2.5
58.5	1.3459e-05	2.0842e-10	-10.0	-2.5
59.0	1.3461e-05	2.0882e-10	-10.0	-2.5
59.5	1.3461e-05	2.0999e-10	-10.0	-2.5
60.0	1.3462e-05	2.1057e-10	-10.0	-2.5
60.5	1.3465e-05	2.1015e-10	-10.0	-2.5
61.0	1.3467e-05	2.1032e-10	-10.0	-2.5
61.5	1.3467e-05	2.1083e-10	-10.0	-2.5
62.0	1.3468e-05	2.0978e-10	-10.0	-2.5
62.5	1.3468e-05	2.1043e-10	-10.0	-2.5
63.0	1.3469e-05	2.0898e-10	-10.0	-2.5
63.5	1.3471e-05	2.0953e-10	-10.0	-2.5
64.0	1.3471e-05	2.092e-10	-10.0	-2.5
64.5	1.3471e-05	2.1004e-10	-10.0	-2.5
65.0	1.3471e-05	2.0931e-10	-10.0	-2.5
65.5	1.3475e-05	2.0947e-10	-10.0	-2.5
66.0	1.3474e-05	2.0887e-10	-10.0	-2.5
66.5	1.3476e-05	2.0958e-10	-10.0	-2.5
67.0	1.3478e-05	2.1036e-10	-10.0	-2.5
67.5	1.3479e-05	2.1018e-10	-10.0	-2.5
68.0	1.3481e-05	2.0984e-10	-10.0	-2.5
68.5	1.3482e-05	2.1043e-10	-10.0	-2.5
69.0	1.3484e-05	2.1018e-10	-10.0	-2.5
69.5	1.3484e-05	2.0955e-10	-10.0	-2.5
70.0	1.3488e-05	2.0892e-10	-10.0	-2.5
70.5	1.3487e-05	2.0854e-10	-10.0	-2.5
71.0	1.3485e-05	2.0831e-10	-10.0	-2.5
71.5	1.349e-05	2.0982e-10	-10.0	-2.5
72.0	1.3492e-05	2.0973e-10	-10.0	-2.5
72.5	1.3492e-05	2.0951e-10	-10.0	-2.5
73.0	1.3492e-05	2.0981e-10	-10.0	-2.5
73.5	1.3494e-05	2.0781e-10	-10.0	-2.5
74.0	1.3496e-05	2.0892e-10	-10.0	-2.5
74.5	1.3496e-05	2.0912e-10	-10.0	-2.5
75.0	1.3495e-05	2.083e-10	-10.0	-2.5
75.5	1.3497e-05	2.0925e-10	-10.0	-2.5
76.0	1.3496e-05	2.104e-10	-10.0	-2.5
76.5	1.3499e-05	2.0923e-10	-10.0	-2.5
77.0	1.3502e-05	2.1e-10	-10.0	-2.5
77.5	1.3501e-05	2.0976e-10	-10.0	-2.5
78.0	1.3502e-05	2.0883e-10	-10.0	-2.5
78.5	1.3502e-05	2.094e-10	-10.0	-2.5
79.0	1.3504e-05	2.0999e-10	-10.0	-2.5
79.5	1.3506e-05	2.0983e-10	-10.0	-2.5
80.0	1.3505e-05	2.0845e-10	-10.0	-2.5
80.5	1.3508e-05	2.0784e-10	-10.0	-2.5
81.0	1.3508e-05	2.0762e-10	-10.0	-2.5
81.5	1.3507e-05	2.0808e-10	-10.0	-2.5
82.0	1.3507e-05	2.0817e-10	-10.0	-2.5
82.5	1.3509e-05	2.0902e-10	-10.0	-2.5
83.0	1.3513e-05	2.0969e-10	-10.0	-2.5
83.5	1.3511e-05	2.0914e-10	-10.0	-2.5
84.0	1.3514e-05	2.0886e-10	-10.0	-2.5
84.5	1.3515e-05	2.0942e-10	-10.0	-2.5
85.0	1.3517e-05	2.0983e-10	-10.0	-2.5
85.5	1.3516e-05	2.0918e-10	-10.0	-2.5
86.0	1.3517e-05	2.0908e-10	-10.0	-2.5
86.5	1.3519e-05	2.0879e-10	-10.0	-2.5
87.0	1.3518e-05	2.0932e-10	-10.0	-2.5
87.5	1.352e-05	2.0961e-10	-10.0	-2.5
88.0	1.3521e-05	2.0876e-10	-10.0	-2.5
88.5	1.3523e-05	2.0913e-10	-10.0	-2.5
89.0	1.3525e-05	2.0903e-10	-10.0	-2.5
89.5	1.3525e-05	2.0926e-10	-10.0	-2.5
90.0	1.3525e-05	2.0886e-10	-10.0	-2.5
90.5	1.3527e-05	2.0835e-10	-10.0	-2.5
91.0	1.3529e-05	2.0912e-10	-10.0	-2.5
91.5	1.3531e-05	2.0924e-10	-10.0	-2.5
92.0	1.3533e-05	2.0973e-10	-10.0	-2.5
92.5	1.3535e-05	2.0942e-10	-10.0	-2.5
93.0	1.3533e-05	2.0999e-10	-10.0	-2.5
93.5	1.3533e-05	2.0884e-10	-10.0	-2.5
94.0	1.3532e-05	2.0791e-10	-10.0	-2.5
94.5	1.3533e-05	2.0835e-10	-10.0	-2.5
95.0	1.3536e-05	2.0915e-10	-10.0	-2.5
95.5	1.3537e-05	2.0907e-10	-10.0	-2.5
96.0	1.3537e-05	2.0931e-10	-10.0	-2.5
96.5	1.3539e-05	2.0924e-10	-10.0	-2.5
97.0	1.3539e-05	2.0927e-10	-10.0	-2.5
97.5	1.3542e-05	2.088e-10	-10.0	-2.5
98.0	1.3543e-05	2.0954e-10	-10.0	-2.5
98.5	1.3544e-05	2.0902e-10	-10.0	-2.5
99.0	1.3545e-05	2.0843e-10	-10.0	-2.5
99.5	1.3545e-05	2.0858e-10	-10.0	-2.5
100.0	1.3545e-05	2.0949e-10	-10.0	-2.5
100.5	1.3548e-05	2.0912e-10	-10.0	-2.5
101.0	1.3548e-05	2.0991e-10	-10.0	-2.5
101.5	1.3549e-05	2.0921e-10	-10.0	-2.5
102.0	1.3547e-05	2.08e-10	-10.0	-2.5
102.5	1.3548e-05	2.0868e-10	-10.0	-2.5
103.0	1.355e-05	2.0875e-10	-10.0	-2.5
103.5	1.3549e-05	2.0862e-10	-10.0	-2.5
104.0	1.3551e-05	2.0944e-10	-10.0	-2.5
104.5	1.3553e-05	2.0867e-10	-10.0	-2.5
105.0	1.3556e-05	2.0912e-10	-10.0	-2.5
105.5	1.3555e-05	2.093e-10	-10.0	-2.5
106.0	1.3558e-05	2.0978e-10	-10.0	-2.5
106.5	1.3559e-05	2.0796e-10	-10.0	-2.5
107.0	1.356e-05	2.0865e-10	-10.0	-2.5
107.5	1.3558e-05	2.0929e-10	-10.0	-2.5
108.0	1.3561e-05	2.0931e-10	-10.0	-2.5
108.5	1.3561e-05	2.0966e-10	-10.0	-2.5
109.0	1.356e-05	2.0941e-10	-10.0	-2.5
109.5	1.3562e-05	2.09e-10	-10.0	-2.5
110.0	1.3565e-05	2.1034e-10	-10.0	-2.5
110.5	1.3566e-05	2.097e-10	-10.0	-2.5
111.0	1.3567e-05	2.104e-10	-10.0	-2.5
111.5	1.3569e-05	2.1017e-10	-10.0	-2.5
112.0	1.3568e-05	2.1062e-10	-10.0	-2.5
112.5	1.3569e-05	2.0983e-10	-10.0	-2.5
113.0	1.3569e-05	2.1065e-10	-10.0	-2.5
113.5	1.3569e-05	2.0965e-10	-10.0	-2.5
114.0	1.3569e-05	2.0963e-10	-10.0	-2.5
114.5	1.357e-05	2.093e-10	-10.0	-2.5
115.0	1.3572e-05	2.1005e-10	-10.0	-2.5
115.5	1.3573e-05	2.0925e-10	-10.0	-2.5
116.0	1.3574e-05	2.0966e-10	-10.0	-2.5
116.5	1.3576e-05	2.0962e-10	-10.0	-2.5
117.0	1.3576e-05	2.1086e-10	-10.0	-2.5
117.5	1.3579e-05	2.1038e-10	-10.0	-2.5
118.0	1.358e-05	2.0957e-10	-10.0	-2.5
118.5	1.358e-05	2.0968e-10	-10.0	-2.5
119.0	1.3581e-05	2.0981e-10	-10.0	-2.5
119.5	1.3582e-05	2.5699e-10	-10.0	-2.5
120.0	1.3582e-05	2.6343e-10	-10.0	-2.5
120.5	1.3587e-05	2.6548e-10	-10.0	-2.5
121.0	1.3587e-05	2.6461e-10	-10.0	-2.5
121.5	1.3587e-05	2.6552e-10	-10.0	-2.5
122.0	1.3587e-05	2.65e-10	-10.0	-2.5
122.5	1.3589e-05	2.6468e-10	-10.0	-2.5
123.0	1.359e-05	2.6392e-10	-10.0	-2.5
123.5	1.3591e-05	2.6455e-10	-10.0	-2.5
124.0	1.3595e-05	2.6557e-10	-10.0	-2.5
124.5	1.3594e-05	2.6494e-10	-10.0	-2.5
125.0	1.3594e-05	2.6509e-10	-10.0	-2.5
125.5	1.3595e-05	2.644e-10	-10.0	-2.5
126.0	1.3596e-05	2.6389e-10	-10.0	-2.5
126.5	1.3598e-05	2.6418e-10	-10.0	-2.5
127.0	1.36e-05	2.6329e-10	-10.0	-2.5
127.5	1.36e-05	2.6398e-10	-10.0	-2.5
128.0	1.3601e-05	2.6352e-10	-10.0	-2.5
128.5	1.3605e-05	2.6306e-10	-10.0	-2.5
129.0	1.3605e-05	2.6323e-10	-10.0	-2.5
129.5	1.3606e-05	2.6251e-10	-10.0	-2.5
130.0	1.3607e-05	2.6125e-10	-10.0	-2.5
130.5	1.361e-05	2.6207e-10	-10.0	-2.5
131.0	1.361e-05	2.6167e-10	-10.0	-2.5
131.5	1.3612e-05	2.6213e-10	-10.0	-2.5
132.0	1.3616e-05	2.6291e-10	-10.0	-2.5
132.5	1.3614e-05	2.6187e-10	-10.0	-2.5
133.0	1.3618e-05	2.6122e-10	-10.0	-2.5
133.5	1.3617e-05	2.6051e-10	-10.0	-2.5
134.0	1.3618e-05	2.6089e-10	-10.0	-2.5
134.5	1.3618e-05	2.6082e-10	-10.0	-2.5
135.0	1.362e-05	2.6131e-10	-10.0	-2.5
135.5	1.3622e-05	2.6084e-10	-10.0	-2.5
136.0	1.3621e-05	2.6087e-10	-10.0	-2.5
136.5	1.3622e-05	2.6071e-10	-10.0	-2.5
137.0	1.3624e-05	2.6114e-10	-10.0	-2.5
137.5	1.3626e-05	2.6035e-10	-10.0	-2.5
138.0	1.3629e-05	2.5976e-10	-10.0	-2.5
138.5	1.3629e-05	2.5978e-10	-10.0	-2.5
139.0	1.3629e-05	2.5984e-10	-10.0	-2.5
139.5	1.363e-05	2.594e-10	-10.0	-2.5
140.0	1.3633e-05	2.6027e-10	-10.0	-2.5
140.5	1.3632e-05	2.5966e-10	-10.0	-2.5
141.0	1.3636e-05	2.5909e-10	-10.0	-2.5
141.5	1.3631e-05	2.5998e-10	-10.0	-2.5
142.0	1.3632e-05	2.6028e-10	-10.0	-2.5
142.5	1.3634e-05	2.5966e-10	-10.0	-2.5
143.0	1.3633e-05	2.6026e-10	-10.0	-2.5
143.5	1.3638e-05	2.5948e-10	-10.0	-2.5
144.0	1.364e-05	2.5973e-10	-10.0	-2.5
144.5	1.3639e-05	2.6006e-10	-10.0	-2.5
145.0	1.3641e-05	2.5973e-10	-10.0	-2.5
145.5	1.364e-05	2.6025e-10	-10.0	-2.5
146.0	1.3641e-05	2.601e-10	-10.0	-2.5
146.5	1.3641e-05	2.5907e-10	-10.0	-2.5
147.0	1.3641e-05	2.5884e-10	-10.0	-2.5
147.5	1.3643e-05	2.5999e-10	-10.0	-2.5
148.0	1.3642e-05	2.5956e-10	-10.0	-2.5
148.5	1.3645e-05	2.5869e-10	-10.0	-2.5
149.0	1.3647e-05	2.5882e-10	-10.0	-2.5
149.5	1.3646e-05	2.5912e-10	-10.0	-2.5
150.0	1.3646e-05	2.5848e-10	-10.0	-2.5
150.5	1.3649e-05	2.5885e-10	-10.0	-2.5
151.0	1.3648e-05	2.5994e-10	-10.0	-2.5
151.5	1.365e-05	2.5964e-10	-10.0	-2.5
152.0	1.365e-05	2.595e-10	-10.0	-2.5
152.5	1.3652e-05	2.586e-10	-10.0	-2.5
153.0	1.3656e-05	2.5855e-10	-10.0	-2.5
153.5	1.3654e-05	2.5843e-10	-10.0	-2.5
154.0	1.3656e-05	2.5881e-10	-10.0	-2.5
154.5	1.3658e-05	2.5857e-10	-10.0	-2.5
155.0	1.3658e-05	2.5843e-10	-10.0	-2.5
155.5	1.366e-05	2.5834e-10	-10.0	-2.5
156.0	1.3663e-05	2.5809e-10	-10.0	-2.5
156.5	1.3663e-05	2.5791e-10	-10.0	-2.5
157.0	1.3662e-05	2.5746e-10	-10.0	-2.5
157.5	1.3663e-05	2.5669e-10	-10.0	-2.5
158.0	1.3664e-05	2.569e-10	-10.0	-2.5
158.5	1.3666e-05	2.5716e-10	-10.0	-2.5
159.0	1.3665e-05	2.5699e-10	-10.0	-2.5
159.5	1.3666e-05	2.5667e-10	-10.0	-2.5
160.0	1.3664e-05	2.5704e-10	-10.0	-2.5
160.5	1.3667e-05	2.5704e-10	-10.0	-2.5
161.0	1.3668e-05	2.5768e-10	-10.0	-2.5
161.5	1.367e-05	2.5819e-10	-10.0	-2.5
162.0	1.367e-05	2.5781e-10	-10.0	-2.5
162.5	1.3676e-05	2.5791e-10	-10.0	-2.5
163.0	1.3675e-05	2.5753e-10	-10.0	-2.5
163.5	1.3676e-05	2.5712e-10	-10.0	-2.5
164.0	1.3675e-05	2.58e-10	-10.0	-2.5
164.5	1.3677e-05	2.5698e-10	-10.0	-2.5
165.0	1.3679e-05	2.5701e-10	-10.0	-2.5
165.5	1.3676e-05	2.5712e-10	-10.0	-2.5
166.0	1.3678e-05	2.5784e-10	-10.0	-2.5
166.5	1.368e-05	2.5685e-10	-10.0	-2.5
167.0	1.3681e-05	2.5773e-10	-10.0	-2.5
167.5	1.3683e-05	2.5735e-10	-10.0	-2.5
168.0	1.3682e-05	2.5711e-10	-10.0	-2.5
168.5	1.3684e-05	2.5802e-10	-10.0	-2.5
169.0	1.3687e-05	2.5618e-10	-10.0	-2.5
169.5	1.3685e-05	2.5701e-10	-10.0	-2.5
170.0	1.3685e-05	2.5601e-10	-10.0	-2.5
170.5	1.3684e-05	2.5587e-10	-10.0	-2.5
171.0	1.3685e-05	2.5651e-10	-10.0	-2.5
171.5	1.3686e-05	2.5647e-10	-10.0	-2.5
172.0	1.3688e-05	2.5648e-10	-10.0	-2.5
172.5	1.3688e-05	2.5603e-10	-10.0	-2.5
173.0	1.3689e-05	2.5553e-10	-10.0	-2.5
173.5	1.369e-05	2.5554e-10	-10.0	-2.5
174.0	1.369e-05	2.5622e-10	-10.0	-2.5
174.5	1.3691e-05	2.5641e-10	-10.0	-2.5
175.0	1.3693e-05	2.5594e-10	-10.0	-2.5
175.5	1.3694e-05	2.5632e-10	-10.0	-2.5
176.0	1.3691e-05	2.5621e-10	-10.0	-2.5
176.5	1.3693e-05	2.56e-10	-10.0	-2.5
177.0	1.3694e-05	2.5585e-10	-10.0	-2.5
177.5	1.3693e-05	2.5513e-10	-10.0	-2.5
178.0	1.3695e-05	2.5577e-10	-10.0	-2.5
178.5	1.3695e-05	2.5593e-10	-10.0	-2.5
179.0	1.3693e-05	2.5589e-10	-10.0	-2.5
179.5	1.3696e-05	2.2654e-10	-10.0	-2.5
180.0	1.3696e-05	2.0755e-10	-10.0	-2.5
180.5	1.3698e-05	2.064e-10	-10.0	-2.5
181.0	1.3698e-05	2.047e-10	-10.0	-2.5
181.5	1.3698e-05	2.0462e-10	-10.0	-2.5
182.0	1.3698e-05	2.0401e-10	-10.0	-2.5
182.5	1.37e-05	2.0351e-10	-10.0	-2.5
183.0	1.3698e-05	2.0417e-10	-10.0	-2.5
183.5	1.37e-05	2.0429e-10	-10.0	-2.5
184.0	1.37e-05	2.0407e-10	-10.0	-2.5
184.5	1.3701e-05	2.04e-10	-10.0	-2.5
185.0	1.3701e-05	2.0458e-10	-10.0	-2.5
185.5	1.3702e-05	2.057e-10	-10.0	-2.5
186.0	1.3704e-05	2.0474e-10	-10.0	-2.5
186.5	1.3704e-05	2.0513e-10	-10.0	-2.5
187.0	1.3703e-05	2.0495e-10	-10.0	-2.5
187.5	1.3703e-05	2.0453e-10	-10.0	-2.5
188.0	1.3705e-05	2.0406e-10	-10.0	-2.5
188.5	1.3706e-05	2.0442e-10	-10.0	-2.5
189.0	1.3707e-05	2.049e-10	-10.0	-2.5
189.5	1.3705e-05	2.0563e-10	-10.0	-2.5
190.0	1.3705e-05	2.0535e-10	-10.0	-2.5
190.5	1.3705e-05	2.0407e-10	-10.0	-2.5
191.0	1.3705e-05	2.0492e-10	-10.0	-2.5
191.5	1.3705e-05	2.0439e-10	-10.0	-2.5
192.0	1.3705e-05	2.0438e-10	-10.0	-2.5
192.5	1.3703e-05	2.0565e-10	-10.0	-2.5
193.0	1.3703e-05	2.0487e-10	-10.0	-2.5
193.5	1.3706e-05	2.0508e-10	-10.0	-2.5
194.0	1.3706e-05	2.0499e-10	-10.0	-2.5
194.5	1.3707e-05	2.0503e-10	-10.0	-2.5
195.0	1.3705e-05	2.0497e-10	-10.0	-2.5
195.5	1.3704e-05	2.0557e-10	-10.0	-2.5
196.0	1.3709e-05	2.0534e-10	-10.0	-2.5
196.5	1.3707e-05	2.0567e-10	-10.0	-2.5
197.0	1.3709e-05	2.0659e-10	-10.0	-2.5
197.5	1.3707e-05	2.0592e-10	-10.0	-2.5
198.0	1.3708e-05	2.0566e-10	-10.0	-2.5
198.5	1.3708e-05	2.0599e-10	-10.0	-2.5
199.0	1.3708e-05	2.0628e-10	-10.0	-2.5
199.5	1.3708e-05	2.065e-10	-10.0	-2.5
200.0	1.3708e-05	2.0624e-10	-10.0	-2.5
200.5	1.3711e-05	2.0558e-10	-10.0	-2.5
201.0	1.371e-05	2.0585e-10	-10.0	-2.5
201.5	1.3712e-05	2.0591e-10	-10.0	-2.5
202.0	1.371e-05	2.0626e-10	-10.0	-2.5
202.5	1.3709e-05	2.062e-10	-10.0	-2.5
203.0	1.3708e-05	2.0608e-10	-10.0	-2.5
203.5	1.3711e-05	2.0652e-10	-10.0	-2.5
204.0	1.3709e-05	2.0565e-10	-10.0	-2.5
204.5	1.3712e-05	2.0612e-10	-10.0	-2.5
205.0	1.3711e-05	2.0574e-10	-10.0	-2.5
205.5	1.371e-05	2.0626e-10	-10.0	-2.5
206.0	1.3714e-05	2.0606e-10	-10.0	-2.5
206.5	1.3712e-05	2.05e-10	-10.0	-2.5
207.0	1.3713e-05	2.0468e-10	-10.0	-2.5
207.5	1.3715e-05	2.0568e-10	-10.0	-2.5
208.0	1.3717e-05	2.054e-10	-10.0	-2.5
208.5	1.3716e-05	2.0635e-10	-10.0	-2.5
209.0	1.3715e-05	2.0588e-10	-10.0	-2.5
209.5	1.3717e-05	2.067e-10	-10.0	-2.5
210.0	1.3716e-05	2.0659e-10	-10.0	-2.5
210.5	1.3719e-05	2.0571e-10	-10.0	-2.5
211.0	1.3716e-05	2.0497e-10	-10.0	-2.5
211.5	1.3714e-05	2.0472e-10	-10.0	-2.5
212.0	1.3719e-05	2.0466e-10	-10.0	-2.5
212.5	1.372e-05	2.0546e-10	-10.0	-2.5
213.0	1.372e-05	2.0573e-10	-10.0	-2.5
213.5	1.372e-05	2.0501e-10	-10.0	-2.5
214.0	1.3718e-05	2.0475e-10	-10.0	-2.5
214.5	1.3719e-05	2.0605e-10	-10.0	-2.5
215.0	1.3722e-05	2.0532e-10	-10.0	-2.5
215.5	1.3722e-05	2.0542e-10	-10.0	-2.5
216.0	1.3723e-05	2.06e-10	-10.0	-2.5
216.5	1.3723e-05	2.0664e-10	-10.0	-2.5
217.0	1.3723e-05	2.0616e-10	-10.0	-2.5
217.5	1.3721e-05	2.0629e-10	-10.0	-2.5
218.0	1.372e-05	2.0652e-10	-10.0	-2.5
218.5	1.3724e-05	2.0593e-10	-10.0	-2.5
219.0	1.3722e-05	2.0587e-10	-10.0	-2.5
219.5	1.3722e-05	2.053e-10	-10.0	-2.5
220.0	1.3721e-05	2.0546e-10	-10.0	-2.5
220.5	1.3723e-05	2.053e-10	-10.0	-2.5
221.0	1.3725e-05	2.0547e-10	-10.0	-2.5
221.5	1.3724e-05	2.0641e-10	-10.0	-2.5
222.0	1.3726e-05	2.0696e-10	-10.0	-2.5
222.5	1.3724e-05	2.0662e-10	-10.0	-2.5
223.0	1.3724e-05	2.0685e-10	-10.0	-2.5
223.5	1.3726e-05	2.0691e-10	-10.0	-2.5
224.0	1.3723e-05	2.0755e-10	-10.0	-2.5
224.5	1.3724e-05	2.0676e-10	-10.0	-2.5
225.0	1.3724e-05	2.0718e-10	-10.0	-2.5
225.5	1.3723e-05	2.0742e-10	-10.0	-2.5
226.0	1.3726e-05	2.0711e-10	-10.0	-2.5
226.5	1.3724e-05	2.0646e-10	-10.0	-2.5
227.0	1.3725e-05	2.0616e-10	-10.0	-2.5
227.5	1.3725e-05	2.0597e-10	-10.0	-2.5
228.0	1.3725e-05	2.057e-10	-10.0	-2.5
228.5	1.3725e-05	2.0572e-10	-10.0	-2.5
229.0	1.3726e-05	2.0628e-10	-10.0	-2.5
229.5	1.3729e-05	2.0623e-10	-10.0	-2.5
230.0	1.3726e-05	2.0627e-10	-10.0	-2.5
230.5	1.3729e-05	2.0547e-10	-10.0	-2.5
231.0	1.3728e-05	2.0595e-10	-10.0	-2.5
231.5	1.373e-05	2.0532e-10	-10.0	-2.5
232.0	1.3733e-05	2.0594e-10	-10.0	-2.5
232.5	1.3731e-05	2.064e-10	-10.0	-2.5
233.0	1.3731e-05	2.0683e-10	-10.0	-2.5
233.5	1.3732e-05	2.0597e-10	-10.0	-2.5
234.0	1.3731e-05	2.0606e-10	-10.0	-2.5
234.5	1.3731e-05	2.0622e-10	-10.0	-2.5
235.0	1.3729e-05	2.0627e-10	-10.0	-2.5
235.5	1.373e-05	2.0552e-10	-10.0	-2.5
236.0	1.3729e-05	2.0826e-10	-10.0	-2.5
236.5	1.3731e-05	2.0716e-10	-10.0	-2.5
237.0	1.3731e-05	2.0731e-10	-10.0	-2.5
237.5	1.3731e-05	2.0529e-10	-10.0	-2.5
238.0	1.373e-05	2.0546e-10	-10.0	-2.5
238.5	1.3731e-05	2.0699e-10	-10.0	-2.5
239.0	1.3732e-05	2.0742e-10	-10.0	-2.5
239.5	1.3731e-05	2.493e-10	-10.0	-2.5
240.0	1.3733e-05	2.5965e-10	-10.0	-2.5
240.5	1.3735e-05	2.609e-10	-10.0	-2.5
241.0	1.3732e-05	2.6157e-10	-10.0	-2.5
241.5	1.3735e-05	2.6116e-10	-10.0	-2.5
242.0	1.3735e-05	2.6113e-10	-10.0	-2.5
242.5	1.3736e-05	2.6173e-10	-10.0	-2.5
243.0	1.3737e-05	2.6109e-10	-10.0	-2.5
243.5	1.3738e-05	2.6195e-10	-10.0	-2.5
244.0	1.374e-05	2.6069e-10	-10.0	-2.5
244.5	1.374e-05	2.6097e-10	-10.0	-2.5
245.0	1.3742e-05	2.5988e-10	-10.0	-2.5
245.5	1.374e-05	2.601e-10	-10.0	-2.5
246.0	1.374e-05	2.6022e-10	-10.0	-2.5
246.5	1.3741e-05	2.6026e-10	-10.0	-2.5
247.0	1.3742e-05	2.5974e-10	-10.0	-2.5
247.5	1.3742e-05	2.6003e-10	-10.0	-2.5
248.0	1.3743e-05	2.5943e-10	-10.0	-2.5
248.5	1.3744e-05	2.5952e-10	-10.0	-2.5
249.0	1.3743e-05	2.5925e-10	-10.0	-2.5
249.5	1.3745e-05	2.5977e-10	-10.0	-2.5
250.0	1.3744e-05	2.5953e-10	-10.0	-2.5
250.5	1.3745e-05	2.5932e-10	-10.0	-2.5
251.0	1.3745e-05	2.5882e-10	-10.0	-2.5
251.5	1.3746e-05	2.587e-10	-10.0	-2.5
252.0	1.3747e-05	2.5784e-10	-10.0	-2.5
252.5	1.3746e-05	2.5754e-10	-10.0	-2.5
253.0	1.3748e-05	2.5794e-10	-10.0	-2.5
253.5	1.3747e-05	2.5809e-10	-10.0	-2.5
254.0	1.375e-05	2.593e-10	-10.0	-2.5
254.5	1.375e-05	2.586e-10	-10.0	-2.5
255.0	1.3752e-05	2.5751e-10	-10.0	-2.5
255.5	1.375e-05	2.5767e-10	-10.0	-2.5
256.0	1.3755e-05	2.5836e-10	-10.0	-2.5
256.5	1.3754e-05	2.5784e-10	-10.0	-2.5
257.0	1.3755e-05	2.5798e-10	-10.0	-2.5
257.5	1.3754e-05	2.5847e-10	-10.0	-2.5
258.0	1.3756e-05	2.5892e-10	-10.0	-2.5
258.5	1.3754e-05	2.579e-10	-10.0	-2.5
259.0	1.3755e-05	2.578e-10	-10.0	-2.5
259.5	1.3755e-05	2.5708e-10	-10.0	-2.5
260.0	1.3753e-05	2.5853e-10	-10.0	-2.5
260.5	1.3752e-05	2.5691e-10	-10.0	-2.5
261.0	1.3755e-05	2.57e-10	-10.0	-2.5
261.5	1.3759e-05	2.5728e-10	-10.0	-2.5
262.0	1.3758e-05	2.5683e-10	-10.0	-2.5
262.5	1.376e-05	2.5649e-10	-10.0	-2.5
263.0	1.3762e-05	2.5736e-10	-10.0	-2.5
263.5	1.3761e-05	2.5584e-10	-10.0	-2.5
264.0	1.3763e-05	2.5659e-10	-10.0	-2.5
264.5	1.3762e-05	2.5548e-10	-10.0	-2.5
265.0	1.376e-05	2.5613e-10	-10.0	-2.5
265.5	1.3759e-05	2.5607e-10	-10.0	-2.5
266.0	1.3762e-05	2.5694e-10	-10.0	-2.5
266.5	1.3763e-05	2.5616e-10	-10.0	-2.5
267.0	1.3764e-05	2.5578e-10	-10.0	-2.5
267.5	1.3763e-05	2.5606e-10	-10.0	-2.5
268.0	1.376e-05	2.5602e-10	-10.0	-2.5
268.5	1.3761e-05	2.5537e-10	-10.0	-2.5
269.0	1.3766e-05	2.5579e-10	-10.0	-2.5
269.5	1.3767e-05	2.5551e-10	-10.0	-2.5
270.0	1.3765e-05	2.5476e-10	-10.0	-2.5
270.5	1.3764e-05	2.5454e-10	-10.0	-2.5
271.0	1.3763e-05	2.5435e-10	-10.0	-2.5
271.5	1.3763e-05	2.5488e-10	-10.0	-2.5
272.0	1.3766e-05	2.5516e-10	-10.0	-2.5
272.5	1.3764e-05	2.5475e-10	-10.0	-2.5
273.0	1.3768e-05	2.5466e-10	-10.0	-2.5
273.5	1.3768e-05	2.5445e-10	-10.0	-2.5
274.0	1.377e-05	2.5467e-10	-10.0	-2.5
274.5	1.377e-05	2.5452e-10	-10.0	-2.5
275.0	1.377e-05	2.5392e-10	-10.0	-2.5
275.5	1.3771e-05	2.5506e-10	-10.0	-2.5
276.0	1.3772e-05	2.543e-10	-10.0	-2.5
276.5	1.3775e-05	2.5506e-10	-10.0	-2.5
277.0	1.3774e-05	2.5306e-10	-10.0	-2.5
277.5	1.3773e-05	2.5427e-10	-10.0	-2.5
278.0	1.3777e-05	2.5453e-10	-10.0	-2.5
278.5	1.3778e-05	2.5382e-10	-10.0	-2.5
279.0	1.3776e-05	2.5435e-10	-10.0	-2.5
279.5	1.3776e-05	2.542e-10	-10.0	-2.5
280.0	1.3778e-05	2.5358e-10	-10.0	-2.5
280.5	1.3778e-05	2.546e-10	-10.0	-2.5
281.0	1.3776e-05	2.5383e-10	-10.0	-2.5
281.5	1.3777e-05	2.539e-10	-10.0	-2.5
282.0	1.3777e-05	2.5373e-10	-10.0	-2.5
282.5	1.3779e-05	2.5557e-10	-10.0	-2.5
283.0	1.3777e-05	2.5384e-10	-10.0	-2.5
283.5	1.3778e-05	2.5459e-10	-10.0	-2.5
284.0	1.3779e-05	2.5374e-10	-10.0	-2.5
284.5	1.3779e-05	2.5477e-10	-10.0	-2.5
285.0	1.3779e-05	2.5392e-10	-10.0	-2.5
285.5	1.3779e-05	2.5419e-10	-10.0	-2.5
286.0	1.3782e-05	2.541e-10	-10.0	-2.5
286.5	1.378e-05	2.5354e-10	-10.0	-2.5
287.0	1.3781e-05	2.5369e-10	-10.0	-2.5
287.5	1.3781e-05	2.5254e-10	-10.0	-2.5
288.0	1.378e-05	2.545e-10	-10.0	-2.5
288.5	1.3782e-05	2.5392e-10	-10.0	-2.5
289.0	1.3784e-05	2.539e-10	-10.0	-2.5
289.5	1.3783e-05	2.5396e-10	-10.0	-2.5
290.0	1.3784e-05	2.5434e-10	-10.0	-2.5
290.5	1.3784e-05	2.537e-10	-10.0	-2.5
291.0	1.3783e-05	2.5299e-10	-10.0	-2.5
291.5	1.3786e-05	2.5368e-10	-10.0	-2.5
292.0	1.3784e-05	2.5353e-10	-10.0	-2.5
292.5	1.3781e-05	2.5441e-10	-10.0	-2.5
293.0	1.3783e-05	2.5442e-10	-10.0	-2.5
293.5	1.3784e-05	2.5277e-10	-10.0	-2.5
294.0	1.3782e-05	2.5289e-10	-10.0	-2.5
294.5	1.3784e-05	2.5364e-10	-10.0	-2.5
295.0	1.3786e-05	2.543e-10	-10.0	-2.5
295.5	1.3786e-05	2.5335e-10	-10.0	-2.5
296.0	1.3786e-05	2.5244e-10	-10.0	-2.5
296.5	1.3787e-05	2.5335e-10	-10.0	-2.5
297.0	1.3785e-05	2.5339e-10	-10.0	-2.5
297.5	1.3786e-05	2.5296e-10	-10.0	-2.5
298.0	1.3785e-05	2.5333e-10	-10.0	-2.5
298.5	1.3786e-05	2.5417e-10	-10.0	-2.5
299.0	1.3784e-05	2.5387e-10	-10.0	-2.5
299.5	1.3786e-05	2.3012e-10	-10.0	-2.5
300.0	1.3784e-05	2.0672e-10	-10.0	-2.5
300.5	1.3783e-05	2.0298e-10	-10.0	-2.5
301.0	1.3783e-05	2.0287e-10	-10.0	-2.5
301.5	1.3782e-05	2.0276e-10	-10.0	-2.5
302.0	1.3785e-05	2.0251e-10	-10.0	-2.5
302.5	1.3786e-05	2.0285e-10	-10.0	-2.5
303.0	1.3784e-05	2.0285e-10	-10.0	-2.5
303.5	1.3786e-05	2.0171e-10	-10.0	-2.5
304.0	1.3784e-05	2.0215e-10	-10.0	-2.5
304.5	1.3786e-05	2.02e-10	-10.0	-2.5
305.0	1.3788e-05	2.0141e-10	-10.0	-2.5
305.5	1.3789e-05	2.0157e-10	-10.0	-2.5
306.0	1.3789e-05	2.0312e-10	-10.0	-2.5
306.5	1.3791e-05	2.0163e-10	-10.0	-2.5
307.0	1.3787e-05	2.0407e-10	-10.0	-2.5
307.5	1.379e-05	2.0278e-10	-10.0	-2.5
308.0	1.3789e-05	2.039e-10	-10.0	-2.5
308.5	1.3788e-05	2.0367e-10	-10.0	-2.5
309.0	1.3789e-05	2.0324e-10	-10.0	-2.5
309.5	1.3789e-05	2.0275e-10	-10.0	-2.5
310.0	1.3789e-05	2.0314e-10	-10.0	-2.5
310.5	1.3788e-05	2.0242e-10	-10.0	-2.5
311.0	1.379e-05	2.0251e-10	-10.0	-2.5
311.5	1.379e-05	2.035e-10	-10.0	-2.5
312.0	1.379e-05	2.0288e-10	-10.0	-2.5
312.5	1.3788e-05	2.0334e-10	-10.0	-2.5
313.0	1.3786e-05	2.03e-10	-10.0	-2.5
313.5	1.3786e-05	2.031e-10	-10.0	-2.5
314.0	1.3786e-05	2.0413e-10	-10.0	-2.5
314.5	1.3787e-05	2.0455e-10	-10.0	-2.5
315.0	1.3787e-05	2.0433e-10	-10.0	-2.5
315.5	1.3786e-05	2.0329e-10	-10.0	-2.5
316.0	1.3784e-05	2.041e-10	-10.0	-2.5
316.5	1.3785e-05	2.04e-10	-10.0	-2.5
317.0	1.3786e-05	2.0449e-10	-10.0	-2.5
317.5	1.3785e-05	2.0413e-10	-10.0	-2.5
318.0	1.3785e-05	2.0402e-10	-10.0	-2.5
318.5	1.3788e-05	2.043e-10	-10.0	-2.5
319.0	1.3787e-05	2.0447e-10	-10.0	-2.5
319.5	1.3788e-05	2.045e-10	-10.0	-2.5
320.0	1.3787e-05	2.0383e-10	-10.0	-2.5
320.5	1.3788e-05	2.0454e-10	-10.0	-2.5
321.0	1.3787e-05	2.0304e-10	-10.0	-2.5
321.5	1.379e-05	2.0366e-10	-10.0	-2.5
322.0	1.379e-05	2.0398e-10	-10.0	-2.5
322.5	1.3791e-05	2.0435e-10	-10.0	-2.5
323.0	1.3791e-05	2.045e-10	-10.0	-2.5
323.5	1.3792e-05	2.0442e-10	-10.0	-2.5
324.0	1.3789e-05	2.0454e-10	-10.0	-2.5
324.5	1.3792e-05	2.0489e-10	-10.0	-2.5
325.0	1.3793e-05	2.0452e-10	-10.0	-2.5
325.5	1.3793e-05	2.0378e-10	-10.0	-2.5
326.0	1.3791e-05	2.041e-10	-10.0	-2.5
326.5	1.3791e-05	2.0434e-10	-10.0	-2.5
327.0	1.3792e-05	2.035e-10	-10.0	-2.5
327.5	1.3791e-05	2.0381e-10	-10.0	-2.5
328.0	1.3794e-05	2.0443e-10	-10.0	-2.5
328.5	1.3793e-05	2.0392e-10	-10.0	-2.5
329.0	1.3792e-05	2.0457e-10	-10.0	-2.5
329.5	1.379e-05	2.0533e-10	-10.0	-2.5
330.0	1.3792e-05	2.043e-10	-10.0	-2.5
330.5	1.3794e-05	2.0416e-10	-10.0	-2.5
331.0	1.379e-05	2.0473e-10	-10.0	-2.5
331.5	1.3793e-05	2.0515e-10	-10.0	-2.5
332.0	1.3791e-05	2.057e-10	-10.0	-2.5
332.5	1.3791e-05	2.0471e-10	-10.0	-2.5
333.0	1.3793e-05	2.0495e-10	-10.0	-2.5
333.5	1.3794e-05	2.0401e-10	-10.0	-2.5
334.0	1.3793e-05	2.0445e-10	-10.0	-2.5
334.5	1.3793e-05	2.0458e-10	-10.0	-2.5
335.0	1.3794e-05	2.05e-10	-10.0	-2.5
335.5	1.3794e-05	2.0442e-10	-10.0	-2.5
336.0	1.3792e-05	2.0539e-10	-10.0	-2.5
336.5	1.3794e-05	2.0517e-10	-10.0	-2.5
337.0	1.3794e-05	2.0472e-10	-10.0	-2.5
337.5	1.3793e-05	2.0479e-10	-10.0	-2.5
338.0	1.3792e-05	2.0391e-10	-10.0	-2.5
338.5	1.3794e-05	2.0546e-10	-10.0	-2.5
339.0	1.3793e-05	2.0396e-10	-10.0	-2.5
339.5	1.3793e-05	2.0394e-10	-10.0	-2.5
340.0	1.3796e-05	2.0462e-10	-10.0	-2.5
340.5	1.3795e-05	2.0486e-10	-10.0	-2.5
341.0	1.3794e-05	2.0438e-10	-10.0	-2.5
341.5	1.3794e-05	2.0431e-10	-10.0	-2.5
342.0	1.3794e-05	2.0463e-10	-10.0	-2.5
342.5	1.3794e-05	2.0382e-10	-10.0	-2.5
343.0	1.3795e-05	2.0407e-10	-10.0	-2.5
343.5	1.3793e-05	2.0396e-10	-10.0	-2.5
344.0	1.3795e-05	2.0501e-10	-10.0	-2.5
344.5	1.3794e-05	2.0527e-10	-10.0	-2.5
345.0	1.3794e-05	2.0487e-10	-10.0	-2.5
345.5	1.3797e-05	2.0431e-10	-10.0	-2.5
346.0	1.3796e-05	2.0536e-10	-10.0	-2.5
346.5	1.3797e-05	2.0458e-10	-10.0	-2.5
347.0	1.3797e-05	2.0552e-10	-10.0	-2.5
347.5	1.3799e-05	2.0511e-10	-10.0	-2.5
348.0	1.3796e-05	2.051e-10	-10.0	-2.5
348.5	1.3795e-05	2.0581e-10	-10.0	-2.5
349.0	1.3798e-05	2.0541e-10	-10.0	-2.5
349.5	1.3799e-05	2.0435e-10	-10.0	-2.5
350.0	1.3797e-05	2.0512e-10	-10.0	-2.5
350.5	1.3798e-05	2.0467e-10	-10.0	-2.5
351.0	1.3796e-05	2.0509e-10	-10.0	-2.5
351.5	1.38e-05	2.0575e-10	-10.0	-2.5
352.0	1.3799e-05	2.0501e-10	-10.0	-2.5
352.5	1.3799e-05	2.0458e-10	-10.0	-2.5
353.0	1.38e-05	2.0479e-10	-10.0	-2.5
353.5	1.3799e-05	2.0577e-10	-10.0	-2.5
354.0	1.3799e-05	2.0499e-10	-10.0	-2.5
354.5	1.3799e-05	2.054e-10	-10.0	-2.5
355.0	1.38e-05	2.0507e-10	-10.0	-2.5
355.5	1.38e-05	2.0465e-10	-10.0	-2.5
356.0	1.3802e-05	2.0539e-10	-10.0	-2.5
356.5	1.38e-05	2.0506e-10	-10.0	-2.5
357.0	1.3801e-05	2.0478e-10	-10.0	-2.5
357.5	1.3799e-05	2.0609e-10	-10.0	-2.5
358.0	1.3802e-05	2.0594e-10	-10.0	-2.5
358.5	1.3803e-05	2.0609e-10	-10.0	-2.5
359.0	1.3803e-05	2.0537e-10	-10.0	-2.5
359.5	1.3802e-05	2.4597e-10	-10.0	-2.5
360.0	1.3801e-05	2.5718e-10	-10.0	-2.5
360.5	1.3802e-05	2.5899e-10	-10.0	-2.5
361.0	1.3801e-05	2.5859e-10	-10.0	-2.5
361.5	1.3801e-05	2.582e-10	-10.0	-2.5
362.0	1.3802e-05	2.5849e-10	-10.0	-2.5
362.5	1.3801e-05	2.586e-10	-10.0	-2.5
363.0	1.3805e-05	2.5808e-10	-10.0	-2.5
363.5	1.3806e-05	2.5865e-10	-10.0	-2.5
364.0	1.3808e-05	2.5829e-10	-10.0	-2.5
364.5	1.3807e-05	2.5825e-10	-10.0	-2.5
365.0	1.3807e-05	2.59e-10	-10.0	-2.5
365.5	1.3809e-05	2.5842e-10	-10.0	-2.5
366.0	1.381e-05	2.5788e-10	-10.0	-2.5
366.5	1.3809e-05	2.5743e-10	-10.0	-2.5
367.0	1.3807e-05	2.5802e-10	-10.0	-2.5
367.5	1.3807e-05	2.5825e-10	-10.0	-2.5
368.0	1.3811e-05	2.5794e-10	-10.0	-2.5
368.5	1.3811e-05	2.5774e-10	-10.0	-2.5
369.0	1.3812e-05	2.5749e-10	-10.0	-2.5
369.5	1.3812e-05	2.5583e-10	-10.0	-2.5
370.0	1.3814e-05	2.5696e-10	-10.0	-2.5
370.5	1.3814e-05	2.5751e-10	-10.0	-2.5
371.0	1.3812e-05	2.5661e-10	-10.0	-2.5
371.5	1.3811e-05	2.565e-10	-10.0	-2.5
372.0	1.3813e-05	2.5734e-10	-10.0	-2.5
372.5	1.3813e-05	2.5693e-10	-10.0	-2.5
373.0	1.3816e-05	2.5689e-10	-10.0	-2.5
373.5	1.3817e-05	2.57e-10	-10.0	-2.5
374.0	1.3817e-05	2.5613e-10	-10.0	-2.5
374.5	1.3817e-05	2.5635e-10	-10.0	-2.5
375.0	1.3817e-05	2.5646e-10	-10.0	-2.5
375.5	1.3819e-05	2.5573e-10	-10.0	-2.5
376.0	1.382e-05	2.56e-10	-10.0	-2.5
376.5	1.382e-05	2.5634e-10	-10.0	-2.5
377.0	1.382e-05	2.5507e-10	-10.0	-2.5
377.5	1.3821e-05	2.5528e-10	-10.0	-2.5
378.0	1.3819e-05	2.56e-10	-10.0	-2.5
378.5	1.382e-05	2.5536e-10	-10.0	-2.5
379.0	1.382e-05	2.5463e-10	-10.0	-2.5
379.5	1.3823e-05	2.543e-10	-10.0	-2.5
380.0	1.3822e-05	2.5518e-10	-10.0	-2.5
380.5	1.3824e-05	2.5554e-10	-10.0	-2.5
381.0	1.3825e-05	2.5473e-10	-10.0	-2.5
381.5	1.3822e-05	2.5579e-10	-10.0	-2.5
382.0	1.3823e-05	2.5645e-10	-10.0	-2.5
382.5	1.3826e-05	2.5593e-10	-10.0	-2.5
383.0	1.3824e-05	2.5563e-10	-10.0	-2.5
383.5	1.3827e-05	2.5456e-10	-10.0	-2.5
384.0	1.3826e-05	2.5468e-10	-10.0	-2.5
384.5	1.3826e-05	2.5433e-10	-10.0	-2.5
385.0	1.3826e-05	2.5482e-10	-10.0	-2.5
385.5	1.3825e-05	2.5488e-10	-10.0	-2.5
386.0	1.3826e-05	2.546e-10	-10.0	-2.5
386.5	1.3826e-05	2.5447e-10	-10.0	-2.5
387.0	1.3826e-05	2.5389e-10	-10.0	-2.5
387.5	1.3824e-05	2.5292e-10	-10.0	-2.5
388.0	1.3824e-05	2.5278e-10	-10.0	-2.5
388.5	1.3824e-05	2.5317e-10	-10.0	-2.5
389.0	1.3823e-05	2.5346e-10	-10.0	-2.5
389.5	1.3826e-05	2.5153e-10	-10.0	-2.5
390.0	1.3827e-05	2.5215e-10	-10.0	-2.5
390.5	1.3828e-05	2.5394e-10	-10.0	-2.5
391.0	1.3827e-05	2.5334e-10	-10.0	-2.5
391.5	1.3826e-05	2.5258e-10	-10.0	-2.5
392.0	1.3829e-05	2.5333e-10	-10.0	-2.5
392.5	1.3825e-05	2.5385e-10	-10.0	-2.5
393.0	1.3825e-05	2.5325e-10	-10.0	-2.5
393.5	1.3827e-05	2.5395e-10	-10.0	-2.5
394.0	1.3826e-05	2.5343e-10	-10.0	-2.5
394.5	1.3826e-05	2.532e-10	-10.0	-2.5
395.0	1.3826e-05	2.5262e-10	-10.0	-2.5
395.5	1.3828e-05	2.5374e-10	-10.0	-2.5
396.0	1.3829e-05	2.5392e-10	-10.0	-2.5
396.5	1.383e-05	2.5367e-10	-10.0	-2.5
397.0	1.3829e-05	2.5368e-10	-10.0	-2.5
397.5	1.3831e-05	2.5284e-10	-10.0	-2.5
398.0	1.3829e-05	2.5246e-10	-10.0	-2.5
398.5	1.3828e-05	2.5242e-10	-10.0	-2.5
399.0	1.383e-05	2.5221e-10	-10.0	-2.5
399.5	1.3829e-05	2.5234e-10	-10.0	-2.5
400.0	1.3828e-05	2.5243e-10	-10.0	-2.5
400.5	1.3829e-05	2.5222e-10	-10.0	-2.5
401.0	1.3829e-05	2.5176e-10	-10.0	-2.5
401.5	1.3828e-05	2.5298e-10	-10.0	-2.5
402.0	1.383e-05	2.5313e-10	-10.0	-2.5
402.5	1.383e-05	2.5316e-10	-10.0	-2.5
403.0	1.3831e-05	2.5241e-10	-10.0	-2.5
403.5	1.3832e-05	2.5192e-10	-10.0	-2.5
404.0	1.3834e-05	2.5128e-10	-10.0	-2.5
404.5	1.3833e-05	2.5125e-10	-10.0	-2.5
405.0	1.3833e-05	2.5081e-10	-10.0	-2.5
405.5	1.3836e-05	2.5075e-10	-10.0	-2.5
406.0	1.3834e-05	2.508e-10	-10.0	-2.5
406.5	1.3834e-05	2.5048e-10	-10.0	-2.5
407.0	1.3834e-05	2.5145e-10	-10.0	-2.5
407.5	1.3833e-05	2.5122e-10	-10.0	-2.5
408.0	1.3834e-05	2.5105e-10	-10.0	-2.5
408.5	1.3834e-05	2.5131e-10	-10.0	-2.5
409.0	1.3834e-05	2.5194e-10	-10.0	-2.5
409.5	1.3834e-05	2.5198e-10	-10.0	-2.5
410.0	1.3833e-05	2.5107e-10	-10.0	-2.5
410.5	1.3831e-05	2.5097e-10	-10.0	-2.5
411.0	1.3833e-05	2.5127e-10	-10.0	-2.5
411.5	1.3835e-05	2.5149e-10	-10.0	-2.5
412.0	1.3835e-05	2.5102e-10	-10.0	-2.5
412.5	1.3835e-05	2.506e-10	-10.0	-2.5
413.0	1.3834e-05	2.5051e-10	-10.0	-2.5
413.5	1.3836e-05	2.5106e-10	-10.0	-2.5
414.0	1.3836e-05	2.5008e-10	-10.0	-2.5
414.5	1.3835e-05	2.5063e-10	-10.0	-2.5
415.0	1.3836e-05	2.5086e-10	-10.0	-2.5
415.5	1.3835e-05	2.4962e-10	-10.0	-2.5
416.0	1.3836e-05	2.5056e-10	-10.0	-2.5
416.5	1.3837e-05	2.5138e-10	-10.0	-2.5
417.0	1.3836e-05	2.5077e-10	-10.0	-2.5
417.5	1.3835e-05	2.5057e-10	-10.0	-2.5
418.0	1.3838e-05	2.5007e-10	-10.0	-2.5
418.5	1.3836e-05	2.5016e-10	-10.0	-2.5
419.0	1.3835e-05	2.5143e-10	-10.0	-2.5
419.5	1.3835e-05	2.3172e-10	-10.0	-2.5
420.0	1.3836e-05	2.0432e-10	-10.0	-2.5
420.5	1.3837e-05	2.0107e-10	-10.0	-2.5
421.0	1.3837e-05	2.0063e-10	-10.0	-2.5
421.5	1.3838e-05	1.9999e-10	-10.0	-2.5
422.0	1.3838e-05	2.0122e-10	-10.0	-2.5
422.5	1.3838e-05	1.9975e-10	-10.0	-2.5
423.0	1.3837e-05	1.9967e-10	-10.0	-2.5
423.5	1.3835e-05	2.0109e-10	-10.0	-2.5
424.0	1.3836e-05	2.0039e-10	-10.0	-2.5
424.5	1.3835e-05	2.0005e-10	-10.0	-2.5
425.0	1.3837e-05	1.9994e-10	-10.0	-2.5
425.5	1.3833e-05	2.0061e-10	-10.0	-2.5
426.0	1.3834e-05	2.0009e-10	-10.0	-2.5
426.5	1.3833e-05	2.0043e-10	-10.0	-2.5
427.0	1.3836e-05	1.9985e-10	-10.0	-2.5
427.5	1.3838e-05	1.997e-10	-10.0	-2.5
428.0	1.3833e-05	1.9955e-10	-10.0	-2.5
428.5	1.3837e-05	2.007e-10	-10.0	-2.5
429.0	1.3834e-05	1.9952e-10	-10.0	-2.5
429.5	1.3834e-05	1.9898e-10	-10.0	-2.5
430.0	1.3834e-05	1.9983e-10	-10.0	-2.5
430.5	1.3835e-05	2.0131e-10	-10.0	-2.5
431.0	1.3833e-05	1.9968e-10	-10.0	-2.5
431.5	1.3834e-05	2.0057e-10	-10.0	-2.5
432.0	1.3833e-05	2.0063e-10	-10.0	-2.5
432.5	1.3833e-05	2.0059e-10	-10.0	-2.5
433.0	1.3833e-05	1.9989e-10	-10.0	-2.5
433.5	1.3833e-05	1.9999e-10	-10.0	-2.5
434.0	1.3834e-05	2.0029e-10	-10.0	-2.5
434.5	1.3834e-05	1.9901e-10	-10.0	-2.5
435.0	1.3835e-05	1.9949e-10	-10.0	-2.5
435.5	1.3836e-05	1.9971e-10	-10.0	-2.5
436.0	1.3834e-05	2.0044e-10	-10.0	-2.5
436.5	1.3833e-05	1.9973e-10	-10.0	-2.5
437.0	1.3831e-05	2.0126e-10	-10.0	-2.5
437.5	1.3834e-05	2.0059e-10	-10.0	-2.5
438.0	1.3834e-05	2.0062e-10	-10.0	-2.5
438.5	1.3832e-05	2.0072e-10	-10.0	-2.5
439.0	1.3832e-05	2.0102e-10	-10.0	-2.5
439.5	1.3835e-05	2.0073e-10	-10.0	-2.5
440.0	1.3837e-05	2.0057e-10	-10.0	-2.5
440.5	1.3836e-05	2.0119e-10	-10.0	-2.5
441.0	1.3837e-05	2.0097e-10	-10.0	-2.5
441.5	1.3838e-05	1.9977e-10	-10.0	-2.5
442.0	1.3835e-05	2.0061e-10	-10.0	-2.5
442.5	1.3837e-05	2.0097e-10	-10.0	-2.5
443.0	1.3837e-05	1.9985e-10	-10.0	-2.5
443.5	1.3834e-05	2.0061e-10	-10.0	-2.5
444.0	1.3838e-05	2.0197e-10	-10.0	-2.5
444.5	1.3835e-05	2.0142e-10	-10.0	-2.5
445.0	1.3837e-05	2.0064e-10	-10.0	-2.5
445.5	1.3835e-05	2.0134e-10	-10.0	-2.5
446.0	1.3837e-05	2.0275e-10	-10.0	-2.5
446.5	1.3836e-05	2.0268e-10	-10.0	-2.5
447.0	1.3837e-05	2.0182e-10	-10.0	-2.5
447.5	1.3838e-05	2.0194e-10	-10.0	-2.5
448.0	1.3837e-05	2.0273e-10	-10.0	-2.5
448.5	1.3838e-05	2.0213e-10	-10.0	-2.5
449.0	1.3837e-05	2.0213e-10	-10.0	-2.5
449.5	1.3838e-05	2.0279e-10	-10.0	-2.5
450.0	1.3835e-05	2.027e-10	-10.0	-2.5
450.5	1.3838e-05	2.0266e-10	-10.0	-2.5
451.0	1.3837e-05	2.0317e-10	-10.0	-2.5
451.5	1.3837e-05	2.0311e-10	-10.0	-2.5
452.0	1.3838e-05	2.0281e-10	-10.0	-2.5
452.5	1.3839e-05	2.0318e-10	-10.0	-2.5
453.0	1.3843e-05	2.0299e-10	-10.0	-2.5
453.5	1.3842e-05	2.032e-10	-10.0	-2.5
454.0	1.3842e-05	2.0249e-10	-10.0	-2.5
454.5	1.3844e-05	2.0375e-10	-10.0	-2.5
455.0	1.3843e-05	2.038e-10	-10.0	-2.5
455.5	1.3843e-05	2.0286e-10	-10.0	-2.5
456.0	1.3841e-05	2.0225e-10	-10.0	-2.5
456.5	1.384e-05	2.0381e-10	-10.0	-2.5
457.0	1.3842e-05	2.0363e-10	-10.0	-2.5
457.5	1.3841e-05	2.0357e-10	-10.0	-2.5
458.0	1.3843e-05	2.0365e-10	-10.0	-2.5
458.5	1.3843e-05	2.0378e-10	-10.0	-2.5
459.0	1.3843e-05	2.0236e-10	-10.0	-2.5
459.5	1.3844e-05	2.0214e-10	-10.0	-2.5
460.0	1.3843e-05	2.0212e-10	-10.0	-2.5
460.5	1.3844e-05	2.0284e-10	-10.0	-2.5
461.0	1.3843e-05	2.0195e-10	-10.0	-2.5
461.5	1.3842e-05	2.0194e-10	-10.0	-2.5
462.0	1.3844e-05	2.0325e-10	-10.0	-2.5
462.5	1.3842e-05	2.0256e-10	-10.0	-2.5
463.0	1.3844e-05	2.0325e-10	-10.0	-2.5
463.5	1.3845e-05	2.0201e-10	-10.0	-2.5
464.0	1.3844e-05	2.0252e-10	-10.0	-2.5
464.5	1.3843e-05	2.0261e-10	-10.0	-2.5
465.0	1.3845e-05	2.0259e-10	-10.0	-2.5
465.5	1.3845e-05	2.024e-10	-10.0	-2.5
466.0	1.3844e-05	2.0189e-10	-10.0	-2.5
466.5	1.3843e-05	2.0117e-10	-10.0	-2.5
467.0	1.3842e-05	2.024e-10	-10.0	-2.5
467.5	1.3844e-05	2.026e-10	-10.0	-2.5
468.0	1.3845e-05	2.0347e-10	-10.0	-2.5
468.5	1.3845e-05	2.0165e-10	-10.0	-2.5
469.0	1.3844e-05	2.0173e-10	-10.0	-2.5
469.5	1.3843e-05	2.027e-10	-10.0	-2.5
470.0	1.3844e-05	2.0221e-10	-10.0	-2.5
470.5	1.3844e-05	2.0281e-10	-10.0	-2.5
471.0	1.3846e-05	2.0292e-10	-10.0	-2.5
471.5	1.3847e-05	2.0321e-10	-10.0	-2.5
472.0	1.3845e-05	2.0253e-10	-10.0	-2.5
472.5	1.3847e-05	2.0313e-10	-10.0	-2.5
473.0	1.3845e-05	2.0301e-10	-10.0	-2.5
473.5	1.3843e-05	2.0367e-10	-10.0	-2.5
474.0	1.3843e-05	2.0329e-10	-10.0	-2.5
474.5	1.3844e-05	2.0379e-10	-10.0	-2.5
475.0	1.3844e-05	2.0369e-10	-10.0	-2.5
475.5	1.3846e-05	2.0222e-10	-10.0	-2.5
476.0	1.3844e-05	2.0232e-10	-10.0	-2.5
476.5	1.3846e-05	2.0288e-10	-10.0	-2.5
477.0	1.3845e-05	2.0202e-10	-10.0	-2.5
477.5	1.3846e-05	2.0187e-10	-10.0	-2.5
478.0	1.3843e-05	2.0335e-10	-10.0	-2.5
478.5	1.3845e-05	2.0371e-10	-10.0	-2.5
479.0	1.3847e-05	2.0317e-10	-10.0	-2.5
479.5	1.3848e-05	2.4166e-10	-10.0	-2.5
480.0	1.3846e-05	2.532e-10	-10.0	-2.5
480.5	1.3848e-05	2.5547e-10	-10.0	-2.5
481.0	1.385e-05	2.5678e-10	-10.0	-2.5
481.5	1.385e-05	2.5814e-10	-10.0	-2.5
482.0	1.3851e-05	2.5806e-10	-10.0	-2.5
482.5	1.3852e-05	2.5757e-10	-10.0	-2.5
483.0	1.385e-05	2.5682e-10	-10.0	-2.5
483.5	1.3853e-05	2.5552e-10	-10.0	-2.5
484.0	1.3854e-05	2.5643e-10	-10.0	-2.5
484.5	1.3853e-05	2.5613e-10	-10.0	-2.5
485.0	1.3853e-05	2.5735e-10	-10.0	-2.5
485.5	1.3853e-05	2.5668e-10	-10.0	-2.5
486.0	1.3856e-05	2.5669e-10	-10.0	-2.5
486.5	1.3855e-05	2.5617e-10	-10.0	-2.5
487.0	1.3854e-05	2.5537e-10	-10.0	-2.5
487.5	1.3856e-05	2.561e-10	-10.0	-2.5
488.0	1.3856e-05	2.5578e-10	-10.0	-2.5
488.5	1.3858e-05	2.5496e-10	-10.0	-2.5
489.0	1.3857e-05	2.5584e-10	-10.0	-2.5
489.5	1.3857e-05	2.556e-10	-10.0	-2.5
490.0	1.3858e-05	2.5395e-10	-10.0	-2.5
490.5	1.3857e-05	2.5455e-10	-10.0	-2.5
491.0	1.3856e-05	2.5438e-10	-10.0	-2.5
491.5	1.3857e-05	2.5357e-10	-10.0	-2.5
492.0	1.3858e-05	2.5355e-10	-10.0	-2.5
492.5	1.3857e-05	2.5289e-10	-10.0	-2.5
493.0	1.3861e-05	2.5331e-10	-10.0	-2.5
493.5	1.3862e-05	2.536e-10	-10.0	-2.5
494.0	1.3861e-05	2.5468e-10	-10.0	-2.5
494.5	1.3862e-05	2.5415e-10	-10.0	-2.5
495.0	1.3859e-05	2.5367e-10	-10.0	-2.5
495.5	1.3861e-05	2.5225e-10	-10.0	-2.5
496.0	1.3863e-05	2.5312e-10	-10.0	-2.5
496.5	1.3866e-05	2.5425e-10	-10.0	-2.5
497.0	1.3863e-05	2.5347e-10	-10.0	-2.5
497.5	1.3861e-05	2.5252e-10	-10.0	-2.5
498.0	1.3863e-05	2.5182e-10	-10.0	-2.5
498.5	1.3863e-05	2.528e-10	-10.0	-2.5
499.0	1.3863e-05	2.532e-10	-10.0	-2.5
499.5	1.3862e-05	2.5319e-10	-10.0	-2.5
500.0	1.3861e-05	2.5247e-10	-10.0	-2.5
500.5	1.3863e-05	2.5317e-10	-10.0	-2.5
501.0	1.3863e-05	2.5312e-10	-10.0	-2.5
501.5	1.3863e-05	2.5204e-10	-10.0	-2.5
502.0	1.3863e-05	2.5328e-10	-10.0	-2.5
502.5	1.3863e-05	2.5336e-10	-10.0	-2.5
503.0	1.3864e-05	2.5225e-10	-10.0	-2.5
503.5	1.3865e-05	2.5109e-10	-10.0	-2.5
504.0	1.3862e-05	2.5237e-10	-10.0	-2.5
504.5	1.3862e-05	2.5198e-10	-10.0	-2.5
505.0	1.3865e-05	2.5189e-10	-10.0	-2.5
505.5	1.3863e-05	2.5032e-10	-10.0	-2.5
506.0	1.3865e-05	2.5134e-10	-10.0	-2.5
506.5	1.3865e-05	2.5195e-10	-10.0	-2.5
507.0	1.3869e-05	2.533e-10	-10.0	-2.5
507.5	1.3867e-05	2.5347e-10	-10.0	-2.5
508.0	1.3868e-05	2.5267e-10	-10.0	-2.5
508.5	1.387e-05	2.5215e-10	-10.0	-2.5
509.0	1.3871e-05	2.5187e-10	-10.0	-2.5
509.5	1.3871e-05	2.5202e-10	-10.0	-2.5
510.0	1.3871e-05	2.522e-10	-10.0	-2.5
510.5	1.3872e-05	2.5256e-10	-10.0	-2.5
511.0	1.3872e-05	2.5254e-10	-10.0	-2.5
511.5	1.3873e-05	2.5155e-10	-10.0	-2.5
512.0	1.3871e-05	2.5207e-10	-10.0	-2.5
512.5	1.3873e-05	2.518e-10	-10.0	-2.5
513.0	1.3871e-05	2.528e-10	-10.0	-2.5
513.5	1.3871e-05	2.5174e-10	-10.0	-2.5
514.0	1.3871e-05	2.5184e-10	-10.0	-2.5
514.5	1.3872e-05	2.5244e-10	-10.0	-2.5
515.0	1.3872e-05	2.5279e-10	-10.0	-2.5
515.5	1.3874e-05	2.5194e-10	-10.0	-2.5
516.0	1.3871e-05	2.5273e-10	-10.0	-2.5
516.5	1.3875e-05	2.523e-10	-10.0	-2.5
517.0	1.3874e-05	2.5303e-10	-10.0	-2.5
517.5	1.3873e-05	2.5173e-10	-10.0	-2.5
518.0	1.3875e-05	2.5231e-10	-10.0	-2.5
518.5	1.3875e-05	2.5166e-10	-10.0	-2.5
519.0	1.3875e-05	2.5194e-10	-10.0	-2.5
519.5	1.3877e-05	2.5186e-10	-10.0	-2.5
520.0	1.3876e-05	2.5108e-10	-10.0	-2.5
520.5	1.3872e-05	2.505e-10	-10.0	-2.5
521.0	1.3874e-05	2.5007e-10	-10.0	-2.5
521.5	1.3874e-05	2.5034e-10	-10.0	-2.5
522.0	1.3875e-05	2.5038e-10	-10.0	-2.5
522.5	1.3876e-05	2.5035e-10	-10.0	-2.5
523.0	1.3874e-05	2.5008e-10	-10.0	-2.5
523.5	1.3875e-05	2.4964e-10	-10.0	-2.5
524.0	1.3875e-05	2.4994e-10	-10.0	-2.5
524.5	1.3874e-05	2.493e-10	-10.0	-2.5
525.0	1.3876e-05	2.4749e-10	-10.0	-2.5
525.5	1.3876e-05	2.4963e-10	-10.0	-2.5
526.0	1.3871e-05	2.4973e-10	-10.0	-2.5
526.5	1.3873e-05	2.5042e-10	-10.0	-2.5
527.0	1.3875e-05	2.5027e-10	-10.0	-2.5
527.5	1.3875e-05	2.4932e-10	-10.0	-2.5
528.0	1.3876e-05	2.4869e-10	-10.0	-2.5
528.5	1.3874e-05	2.4866e-10	-10.0	-2.5
529.0	1.3874e-05	2.4918e-10	-10.0	-2.5
529.5	1.3873e-05	2.4954e-10	-10.0	-2.5
530.0	1.3874e-05	2.4838e-10	-10.0	-2.5
530.5	1.3875e-05	2.4945e-10	-10.0	-2.5
531.0	1.3874e-05	2.4969e-10	-10.0	-2.5
531.5	1.3877e-05	2.4926e-10	-10.0	-2.5
532.0	1.3874e-05	2.4968e-10	-10.0	-2.5
532.5	1.3877e-05	2.4899e-10	-10.0	-2.5
533.0	1.3877e-05	2.4987e-10	-10.0	-2.5
533.5	1.3876e-05	2.4966e-10	-10.0	-2.5
534.0	1.3877e-05	2.4914e-10	-10.0	-2.5
534.5	1.3876e-05	2.4745e-10	-10.0	-2.5
535.0	1.3875e-05	2.4881e-10	-10.0	-2.5
535.5	1.3876e-05	2.485e-10	-10.0	-2.5
536.0	1.3877e-05	2.4861e-10	-10.0	-2.5
536.5	1.3876e-05	2.4978e-10	-10.0	-2.5
537.0	1.3876e-05	2.4963e-10	-10.0	-2.5
537.5	1.3875e-05	2.4867e-10	-10.0	-2.5
538.0	1.3879e-05	2.4865e-10	-10.0	-2.5
538.5	1.3877e-05	2.48e-10	-10.0	-2.5
539.0	1.3877e-05	2.4875e-10	-10.0	-2.5
539.5	1.3874e-05	2.3276e-10	-10.0	-2.5
540.0	1.3876e-05	2.0292e-10	-10.0	-2.5
540.5	1.3875e-05	1.993e-10	-10.0	-2.5
541.0	1.3872e-05	1.9783e-10	-10.0	-2.5
541.5	1.3877e-05	1.9866e-10	-10.0	-2.5
542.0	1.3878e-05	1.9776e-10	-10.0	-2.5
542.5	1.3876e-05	1.9861e-10	-10.0	-2.5
543.0	1.3876e-05	1.9816e-10	-10.0	-2.5
543.5	1.3877e-05	1.9757e-10	-10.0	-2.5
544.0	1.3877e-05	1.9971e-10	-10.0	-2.5
544.5	1.3877e-05	1.9914e-10	-10.0	-2.5
545.0	1.3872e-05	1.9909e-10	-10.0	-2.5
545.5	1.3878e-05	1.9939e-10	-10.0	-2.5
546.0	1.3874e-05	1.9919e-10	-10.0	-2.5
546.5	1.3875e-05	1.9874e-10	-10.0	-2.5
547.0	1.3873e-05	1.9998e-10	-10.0	-2.5
547.5	1.3874e-05	1.997e-10	-10.0	-2.5
548.0	1.3871e-05	1.9962e-10	-10.0	-2.5
548.5	1.3872e-05	1.9889e-10	-10.0	-2.5
549.0	1.3875e-05	1.9867e-10	-10.0	-2.5
549.5	1.3875e-05	1.994e-10	-10.0	-2.5
550.0	1.3877e-05	1.9894e-10	-10.0	-2.5
550.5	1.3875e-05	1.9937e-10	-10.0	-2.5
551.0	1.3872e-05	1.987e-10	-10.0	-2.5
551.5	1.3872e-05	1.9882e-10	-10.0	-2.5
552.0	1.3873e-05	1.9897e-10	-10.0	-2.5
552.5	1.3873e-05	2.0005e-10	-10.0	-2.5
553.0	1.3873e-05	1.9985e-10	-10.0	-2.5
553.5	1.3873e-05	2.0132e-10	-10.0	-2.5
554.0	1.3874e-05	2.0142e-10	-10.0	-2.5
554.5	1.3871e-05	2.0113e-10	-10.0	-2.5
555.0	1.3873e-05	2.0103e-10	-10.0	-2.5
555.5	1.3873e-05	2.004e-10	-10.0	-2.5
556.0	1.3873e-05	2.0061e-10	-10.0	-2.5
556.5	1.3874e-05	2.0006e-10	-10.0	-2.5
557.0	1.3872e-05	2.0045e-10	-10.0	-2.5
557.5	1.3871e-05	2.0069e-10	-10.0	-2.5
558.0	1.3871e-05	2.0039e-10	-10.0	-2.5
558.5	1.3871e-05	2.0086e-10	-10.0	-2.5
559.0	1.3871e-05	2.0008e-10	-10.0	-2.5
559.5	1.387e-05	1.9999e-10	-10.0	-2.5
560.0	1.3869e-05	1.9949e-10	-10.0	-2.5
560.5	1.3871e-05	2.0039e-10	-10.0	-2.5
561.0	1.3872e-05	2.0004e-10	-10.0	-2.5
561.5	1.3874e-05	2.005e-10	-10.0	-2.5
562.0	1.3872e-05	2.0009e-10	-10.0	-2.5
562.5	1.3871e-05	1.9945e-10	-10.0	-2.5
563.0	1.3871e-05	1.9901e-10	-10.0	-2.5
563.5	1.3872e-05	1.9921e-10	-10.0	-2.5
564.0	1.3869e-05	1.9904e-10	-10.0	-2.5
564.5	1.3872e-05	1.9957e-10	-10.0	-2.5
565.0	1.3872e-05	1.9979e-10	-10.0	-2.5
565.5	1.3873e-05	2.0009e-10	-10.0	-2.5
566.0	1.3875e-05	2.0011e-10	-10.0	-2.5
566.5	1.3875e-05	2.0022e-10	-10.0	-2.5
567.0	1.3875e-05	1.9989e-10	-10.0	-2.5
567.5	1.3873e-05	2.005e-10	-10.0	-2.5
568.0	1.3877e-05	2.0124e-10	-10.0	-2.5
568.5	1.3877e-05	1.9995e-10	-10.0	-2.5
569.0	1.3877e-05	2.0014e-10	-10.0	-2.5
569.5	1.3875e-05	2.0064e-10	-10.0	-2.5
570.0	1.3876e-05	2.0098e-10	-10.0	-2.5
570.5	1.3874e-05	2.0011e-10	-10.0	-2.5
571.0	1.3875e-05	2.0052e-10	-10.0	-2.5
571.5	1.3873e-05	2.0059e-10	-10.0	-2.5
572.0	1.3873e-05	2.0085e-10	-10.0	-2.5
572.5	1.3874e-05	2.0064e-10	-10.0	-2.5
573.0	1.3876e-05	2.0096e-10	-10.0	-2.5
573.5	1.3876e-05	1.9984e-10	-10.0	-2.5
574.0	1.3876e-05	2.0082e-10	-10.0	-2.5
574.5	1.3875e-05	2.017e-10	-10.0	-2.5
575.0	1.3874e-05	2.0106e-10	-10.0	-2.5
575.5	1.3872e-05	2.0203e-10	-10.0	-2.5
576.0	1.3872e-05	2.0152e-10	-10.0	-2.5
576.5	1.3877e-05	2.0076e-10	-10.0	-2.5
577.0	1.3874e-05	2.0057e-10	-10.0	-2.5
577.5	1.3873e-05	2.0122e-10	-10.0	-2.5
578.0	1.3872e-05	2.0109e-10	-10.0	-2.5
578.5	1.3873e-05	2.0122e-10	-10.0	-2.5
579.0	1.3872e-05	2.0208e-10	-10.0	-2.5
579.5	1.387e-05	2.0096e-10	-10.0	-2.5
580.0	1.3873e-05	2.0148e-10	-10.0	-2.5
580.5	1.3873e-05	2.0207e-10	-10.0	-2.5
581.0	1.3873e-05	2.0137e-10	-10.0	-2.5
581.5	1.3875e-05	2.014e-10	-10.0	-2.5
582.0	1.3872e-05	2.0178e-10	-10.0	-2.5
582.5	1.3873e-05	2.0164e-10	-10.0	-2.5
583.0	1.3874e-05	2.0173e-10	-10.0	-2.5
583.5	1.3874e-05	2.0179e-10	-10.0	-2.5
584.0	1.3874e-05	2.0084e-10	-10.0	-2.5
584.5	1.3875e-05	2.0246e-10	-10.0	-2.5
585.0	1.3877e-05	2.0143e-10	-10.0	-2.5
585.5	1.3877e-05	2.0184e-10	-10.0	-2.5
586.0	1.3876e-05	2.0117e-10	-10.0	-2.5
586.5	1.3876e-05	2.0164e-10	-10.0	-2.5
587.0	1.3874e-05	2.0134e-10	-10.0	-2.5
587.5	1.3875e-05	2.0176e-10	-10.0	-2.5
588.0	1.3874e-05	2.0178e-10	-10.0	-2.5
588.5	1.3872e-05	2.022e-10	-10.0	-2.5
589.0	1.3872e-05	2.0294e-10	-10.0	-2.5
589.5	1.3872e-05	2.0164e-10	-10.0	-2.5
590.0	1.3873e-05	2.0153e-10	-10.0	-2.5
590.5	1.3875e-05	2.0221e-10	-10.0	-2.5
591.0	1.3875e-05	2.0238e-10	-10.0	-2.5
591.5	1.3875e-05	2.0083e-10	-10.0	-2.5
592.0	1.3876e-05	2.0176e-10	-10.0	-2.5
592.5	1.3875e-05	2.0183e-10	-10.0	-2.5
593.0	1.3874e-05	2.0161e-10	-10.0	-2.5
593.5	1.3874e-05	2.0137e-10	-10.0	-2.5
594.0	1.3874e-05	2.0119e-10	-10.0	-2.5
594.5	1.3873e-05	2.0172e-10	-10.0	-2.5
595.0	1.3871e-05	2.0202e-10	-10.0	-2.5
595.5	1.3873e-05	2.015e-10	-10.0	-2.5
596.0	1.3873e-05	2.012e-10	-10.0	-2.5
596.5	1.3873e-05	2.025e-10	-10.0	-2.5
597.0	1.3875e-05	2.0183e-10	-10.0	-2.5
597.5	1.3877e-05	2.0195e-10	-10.0	-2.5
598.0	1.3875e-05	2.0219e-10	-10.0	-2.5
598.5	1.3874e-05	2.0181e-10	-10.0	-2.5
599.0	1.3877e-05	2.0176e-10	-10.0	-2.5
599.5	1.3878e-05	2.0153e-10	-10.0	-2.5
600.0	1.3877e-05	2.015e-10	-10.0	-2.5
600.5	1.3877e-05	2.0217e-10	-10.0	-2.5
601.0	1.3879e-05	2.0154e-10	-10.0	-2.5
601.5	1.3878e-05	2.0304e-10	-10.0	-2.5
602.0	1.3879e-05	2.0315e-10	-10.0	-2.5
602.5	1.3878e-05	2.0203e-10	-10.0	-2.5
603.0	1.3876e-05	2.0216e-10	-10.0	-2.5
603.5	1.3879e-05	2.0099e-10	-10.0	-2.5
604.0	1.3877e-05	2.0195e-10	-10.0	-2.5
604.5	1.3878e-05	2.0181e-10	-10.0	-2.5
605.0	1.388e-05	2.0245e-10	-10.0	-2.5
605.5	1.3879e-05	2.0209e-10	-10.0	-2.5
606.0	1.388e-05	2.0257e-10	-10.0	-2.5
606.5	1.3879e-05	2.0368e-10	-10.0	-2.5
607.0	1.3881e-05	2.0317e-10	-10.0	-2.5
