File Name: 1611_00_Sample14_device4_trfSat_dark_hor.dat
File Data: 16/11/2023	12:38:35
Start V: 0
Step V: 0
Stop V: 0
Range V: 20
Delay(ms): 0
Auorange: yes
Sweep type: log
Instrument Meter: SM2614
Time(ms)	Vdrain(V)	Idrain(A)	Vgate(V)	Igate(A)
0.0000E+0	1.0000E+0	6.7830E-13	-5.0000E+1	-1.1322E-11
1.0000E+3	1.0000E+0	-1.5020E-13	-4.9500E+1	-9.5010E-13
1.5000E+3	1.0000E+0	-5.5194E-13	-4.9000E+1	-9.3222E-13
2.0000E+3	1.0000E+0	-5.4359E-13	-4.8500E+1	-9.9063E-13
2.5000E+3	1.0000E+0	-6.8307E-13	-4.8000E+1	-1.0288E-12
3.0000E+3	1.0000E+0	-6.0201E-13	-4.7500E+1	-7.4625E-13
3.5000E+3	1.0000E+0	-1.1480E-12	-4.7000E+1	-6.8665E-13
4.0000E+3	1.0000E+0	-6.9022E-13	-4.6500E+1	-8.1182E-13
4.5000E+3	1.0000E+0	-1.2088E-12	-4.6000E+1	-8.1539E-13
5.0000E+3	1.0000E+0	-1.1742E-12	-4.5500E+1	-5.3048E-13
5.5000E+3	1.0000E+0	-1.1051E-12	-4.5000E+1	-5.9605E-13
6.0000E+3	1.0000E+0	-1.1075E-12	-4.4500E+1	-8.2374E-13
6.5000E+3	1.0000E+0	-1.0538E-12	-4.4000E+1	-5.8770E-13
7.0000E+3	1.0000E+0	-1.2231E-12	-4.3500E+1	-5.2094E-13
7.5000E+3	1.0000E+0	-1.0872E-12	-4.3000E+1	-8.1897E-13
8.0000E+3	1.0000E+0	-1.1039E-12	-4.2500E+1	-6.5208E-13
8.5000E+3	1.0000E+0	-1.2231E-12	-4.2000E+1	-5.4717E-13
9.0000E+3	1.0000E+0	-1.3018E-12	-4.1500E+1	-7.3075E-13
9.5000E+3	1.0000E+0	-1.1587E-12	-4.1000E+1	-4.7803E-13
1.0000E+4	1.0000E+0	-1.3339E-12	-4.0500E+1	-4.3631E-13
1.0500E+4	1.0000E+0	-1.0943E-12	-4.0000E+1	-6.2704E-13
1.1000E+4	1.0000E+0	-1.0514E-12	-3.9500E+1	-8.2135E-13
1.1500E+4	1.0000E+0	-1.1086E-12	-3.9000E+1	-5.4955E-13
1.2000E+4	1.0000E+0	-1.2815E-12	-3.8500E+1	-7.1883E-13
1.2500E+4	1.0000E+0	-1.1134E-12	-3.8000E+1	-5.9843E-13
1.3000E+4	1.0000E+0	-1.2052E-12	-3.7500E+1	-6.9141E-13
1.3500E+4	1.0000E+0	-1.2898E-12	-3.7000E+1	-5.3644E-13
1.4000E+4	1.0000E+0	-1.3733E-12	-3.6500E+1	-5.3048E-13
1.4500E+4	1.0000E+0	-1.3399E-12	-3.6000E+1	-5.7340E-13
1.5000E+4	1.0000E+0	-1.2255E-12	-3.5500E+1	-6.9141E-13
1.5500E+4	1.0000E+0	-1.5521E-12	-3.5000E+1	-6.4969E-13
1.6000E+4	1.0000E+0	-1.5080E-12	-3.4500E+1	-5.5194E-13
1.6500E+4	1.0000E+0	-1.6034E-12	-3.4000E+1	-9.5010E-13
1.7000E+4	1.0000E+0	-1.5330E-12	-3.3500E+1	-8.3685E-13
1.7500E+4	1.0000E+0	-1.6773E-12	-3.3000E+1	-7.8201E-13
1.8000E+4	1.0000E+0	-1.5747E-12	-3.2500E+1	-5.7340E-13
1.8500E+4	1.0000E+0	-1.5235E-12	-3.2000E+1	-7.2360E-13
1.9000E+4	1.0000E+0	-1.5497E-12	-3.1500E+1	-6.7353E-13
1.9500E+4	1.0000E+0	-1.6868E-12	-3.1000E+1	-9.1791E-13
2.0000E+4	1.0000E+0	-1.7762E-12	-3.0500E+1	-5.1260E-13
2.0500E+4	1.0000E+0	-1.6129E-12	-3.0000E+1	-6.0916E-13
2.1000E+4	1.0000E+0	-1.6356E-12	-2.9500E+1	-7.5579E-13
2.1500E+4	1.0000E+0	-1.6475E-12	-2.9000E+1	-7.9036E-13
2.2000E+4	1.0000E+0	-1.6689E-12	-2.8500E+1	-5.0545E-13
2.2500E+4	1.0000E+0	-1.7166E-12	-2.8000E+1	-6.9261E-13
2.3000E+4	1.0000E+0	-1.7273E-12	-2.7500E+1	-5.1618E-13
2.3500E+4	1.0000E+0	-1.7226E-12	-2.7000E+1	-6.1512E-13
2.4000E+4	1.0000E+0	-1.6391E-12	-2.6500E+1	-4.6969E-13
2.4500E+4	1.0000E+0	-1.7512E-12	-2.6000E+1	-4.7445E-13
2.5000E+4	1.0000E+0	-1.6487E-12	-2.5500E+1	-8.2016E-13
2.5500E+4	1.0000E+0	-1.6975E-12	-2.5000E+1	-4.2558E-13
2.6000E+4	1.0000E+0	-1.7667E-12	-2.4500E+1	-6.2227E-13
2.6500E+4	1.0000E+0	-1.5891E-12	-2.4000E+1	-4.7207E-13
2.7000E+4	1.0000E+0	-1.7011E-12	-2.3500E+1	-6.4611E-13
2.7500E+4	1.0000E+0	-1.6129E-12	-2.3000E+1	-6.5446E-13
2.8000E+4	1.0000E+0	-1.5593E-12	-2.2500E+1	-7.7248E-13
2.8500E+4	1.0000E+0	-1.7548E-12	-2.2000E+1	-8.1539E-13
2.9000E+4	1.0000E+0	-1.9741E-12	-2.1500E+1	-5.2333E-13
2.9500E+4	1.0000E+0	-1.9169E-12	-2.1000E+1	-5.7459E-13
3.0000E+4	1.0000E+0	-1.8191E-12	-2.0500E+1	-3.5167E-13
3.0500E+4	1.0000E+0	-1.5223E-12	-2.0000E+1	-1.9216E-12
3.1000E+4	1.0000E+0	-1.5807E-12	-1.9500E+1	-4.5896E-13
3.1500E+4	1.0000E+0	-1.6451E-12	-1.9000E+1	-3.8862E-13
3.2000E+4	1.0000E+0	-1.7011E-12	-1.8500E+1	-4.4227E-13
3.2500E+4	1.0000E+0	-1.4985E-12	-1.8000E+1	-6.1393E-13
3.3000E+4	1.0000E+0	-1.6582E-12	-1.7500E+1	-3.3736E-13
3.3500E+4	1.0000E+0	-1.7524E-12	-1.7000E+1	-4.1723E-13
3.4000E+4	1.0000E+0	-1.6594E-12	-1.6500E+1	-4.3273E-13
3.4500E+4	1.0000E+0	-1.8072E-12	-1.6000E+1	-4.8280E-13
3.5000E+4	1.0000E+0	-1.8370E-12	-1.5500E+1	-3.8981E-13
3.5500E+4	1.0000E+0	-1.6820E-12	-1.5000E+1	-3.6240E-13
3.6000E+4	1.0000E+0	-1.7357E-12	-1.4500E+1	-4.6134E-13
3.6500E+4	1.0000E+0	-1.6892E-12	-1.4000E+1	-4.6611E-13
3.7000E+4	1.0000E+0	-1.7381E-12	-1.3500E+1	-4.6730E-13
3.7500E+4	1.0000E+0	-1.7512E-12	-1.3000E+1	-3.6716E-13
3.8000E+4	1.0000E+0	-1.7536E-12	-1.2500E+1	-3.9816E-13
3.8500E+4	1.0000E+0	-1.7631E-12	-1.2000E+1	-5.2214E-13
3.9000E+4	1.0000E+0	-1.7667E-12	-1.1500E+1	-5.1618E-13
3.9500E+4	1.0000E+0	-1.7023E-12	-1.1000E+1	-3.3259E-13
4.0000E+4	1.0000E+0	-1.7571E-12	-1.0500E+1	-4.1723E-13
4.0500E+4	1.0000E+0	-1.7166E-12	-1.0000E+1	-4.2677E-13
4.1000E+4	1.0000E+0	-1.8418E-12	-9.5000E+0	-4.2319E-13
4.1500E+4	1.0000E+0	-1.7488E-12	-9.0000E+0	-4.5776E-13
4.2000E+4	1.0000E+0	-1.6356E-12	-8.5000E+0	-5.1737E-13
4.2500E+4	1.0000E+0	-1.7738E-12	-8.0000E+0	-4.3750E-13
4.3000E+4	1.0000E+0	-1.7262E-12	-7.5000E+0	-3.9697E-13
4.3500E+4	1.0000E+0	-1.7726E-12	-7.0000E+0	-3.2902E-13
4.4000E+4	1.0000E+0	-1.8728E-12	-6.5000E+0	-5.0425E-13
4.4500E+4	1.0000E+0	-1.7476E-12	-6.0000E+0	-4.1962E-13
4.5000E+4	1.0000E+0	-1.6856E-12	-5.5000E+0	-4.1485E-13
4.5500E+4	1.0000E+0	-1.8239E-12	-5.0000E+0	-9.0480E-13
4.6000E+4	1.0000E+0	-1.8918E-12	-4.5000E+0	-8.5235E-13
4.6500E+4	1.0000E+0	-1.8489E-12	-4.0000E+0	-7.7367E-13
4.7000E+4	1.0000E+0	-1.8263E-12	-3.5000E+0	-7.0453E-13
4.7500E+4	1.0000E+0	-1.7643E-12	-3.0000E+0	-7.7248E-13
4.8000E+4	1.0000E+0	-1.8406E-12	-2.5000E+0	-9.4652E-13
4.8500E+4	1.0000E+0	-1.7941E-12	-2.0000E+0	-9.1672E-13
4.9000E+4	1.0000E+0	-1.8466E-12	-1.5000E+0	-8.2851E-13
4.9500E+4	1.0000E+0	-1.9229E-12	-1.0000E+0	-8.0347E-13
5.0000E+4	1.0000E+0	-1.7893E-12	-5.0000E-1	-8.6427E-13
5.0500E+4	1.0000E+0	-1.8466E-12	0.0000E+0	-4.7445E-13
5.1000E+4	1.0000E+0	-1.8108E-12	5.0000E-1	-7.5817E-13
5.1500E+4	1.0000E+0	-1.8609E-12	1.0000E+0	-7.5340E-13
5.2000E+4	1.0000E+0	-1.8156E-12	1.5000E+0	-7.0333E-13
5.2500E+4	1.0000E+0	-1.9300E-12	2.0000E+0	-7.2837E-13
5.3000E+4	1.0000E+0	-1.8239E-12	2.5000E+0	-6.6161E-13
5.3500E+4	1.0000E+0	-1.8835E-12	3.0000E+0	-7.2241E-13
5.4000E+4	1.0000E+0	-1.8394E-12	3.5000E+0	-5.8532E-13
5.4500E+4	1.0000E+0	-1.7691E-12	4.0000E+0	-6.5208E-13
5.5000E+4	1.0000E+0	-1.7822E-12	4.5000E+0	-6.6757E-13
5.5500E+4	1.0000E+0	-1.7405E-12	5.0000E+0	-6.0201E-13
5.6000E+4	1.0000E+0	-1.9097E-12	5.5000E+0	-7.0810E-13
5.6500E+4	1.0000E+0	-1.8334E-12	6.0000E+0	-6.8545E-13
5.7000E+4	1.0000E+0	-1.8275E-12	6.5000E+0	-6.3658E-13
5.7500E+4	1.0000E+0	-1.9026E-12	7.0000E+0	-6.9380E-13
5.8000E+4	1.0000E+0	-1.8144E-12	7.5000E+0	-7.4148E-13
5.8500E+4	1.0000E+0	-1.7416E-12	8.0000E+0	-7.0810E-13
5.9000E+4	1.0000E+0	-1.8275E-12	8.5000E+0	-6.9737E-13
5.9500E+4	1.0000E+0	-1.8632E-12	9.0000E+0	-7.1764E-13
6.0000E+4	1.0000E+0	-1.7238E-12	9.5000E+0	-6.7711E-13
6.0500E+4	1.0000E+0	-1.7560E-12	1.0000E+1	-7.8320E-13
6.1000E+4	1.0000E+0	-1.8704E-12	1.0500E+1	-7.2479E-13
6.1500E+4	1.0000E+0	-1.8370E-12	1.1000E+1	-7.3791E-13
6.2000E+4	1.0000E+0	-1.7774E-12	1.1500E+1	-6.8545E-13
6.2500E+4	1.0000E+0	-1.8823E-12	1.2000E+1	-7.2718E-13
6.3000E+4	1.0000E+0	-1.9467E-12	1.2500E+1	-7.5102E-13
6.3500E+4	1.0000E+0	-1.8525E-12	1.3000E+1	-6.1512E-13
6.4000E+4	1.0000E+0	-1.7977E-12	1.3500E+1	-7.8201E-13
6.4500E+4	1.0000E+0	-1.8847E-12	1.4000E+1	-6.6876E-13
6.5000E+4	1.0000E+0	-1.8799E-12	1.4500E+1	-7.8082E-13
6.5500E+4	1.0000E+0	-1.8489E-12	1.5000E+1	-7.8559E-13
6.6000E+4	1.0000E+0	-1.8847E-12	1.5500E+1	-8.7977E-13
6.6500E+4	1.0000E+0	-1.9491E-12	1.6000E+1	-9.4533E-13
6.7000E+4	1.0000E+0	-1.7691E-12	1.6500E+1	-9.2983E-13
6.7500E+4	1.0000E+0	-1.9383E-12	1.7000E+1	-9.1434E-13
6.8000E+4	1.0000E+0	-1.9252E-12	1.7500E+1	-8.7023E-13
6.8500E+4	1.0000E+0	-1.8930E-12	1.8000E+1	-7.6532E-13
6.9000E+4	1.0000E+0	-1.7965E-12	1.8500E+1	-8.3804E-13
6.9500E+4	1.0000E+0	-1.8394E-12	1.9000E+1	-7.0691E-13
7.0000E+4	1.0000E+0	-1.8728E-12	1.9500E+1	-7.9513E-13
7.0500E+4	1.0000E+0	-1.9157E-12	2.0000E+1	-6.5804E-13
7.1000E+4	1.0000E+0	-2.1553E-12	2.0500E+1	2.9564E-13
7.1500E+4	1.0000E+0	-1.8382E-12	2.1000E+1	-1.1480E-12
7.2000E+4	1.0000E+0	-1.9062E-12	2.1500E+1	-9.5606E-13
7.2500E+4	1.0000E+0	-1.7667E-12	2.2000E+1	-1.0169E-12
7.3000E+4	1.0000E+0	-1.8477E-12	2.2500E+1	-1.2922E-12
7.3500E+4	1.0000E+0	-1.8561E-12	2.3000E+1	-1.0455E-12
7.4000E+4	1.0000E+0	-1.7071E-12	2.3500E+1	-1.1349E-12
7.4500E+4	1.0000E+0	-1.8775E-12	2.4000E+1	-1.0490E-12
7.5000E+4	1.0000E+0	-1.6737E-12	2.4500E+1	-1.0514E-12
7.5500E+4	1.0000E+0	-1.8823E-12	2.5000E+1	-1.0169E-12
7.6000E+4	1.0000E+0	-1.9264E-12	2.5500E+1	-4.3869E-13
7.6500E+4	1.0000E+0	-1.8310E-12	2.6000E+1	-9.3698E-13
7.7000E+4	1.0000E+0	-1.8835E-12	2.6500E+1	-8.4281E-13
7.7500E+4	1.0000E+0	-1.8060E-12	2.7000E+1	-8.0466E-13
7.8000E+4	1.0000E+0	-1.7345E-12	2.7500E+1	-8.9526E-13
7.8500E+4	1.0000E+0	-1.8656E-12	2.8000E+1	-5.9962E-13
7.9000E+4	1.0000E+0	-1.8549E-12	2.8500E+1	-4.3631E-13
7.9500E+4	1.0000E+0	-1.8525E-12	2.9000E+1	-6.8665E-13
8.0000E+4	1.0000E+0	-1.8167E-12	2.9500E+1	-7.9513E-13
8.0500E+4	1.0000E+0	-1.9419E-12	3.0000E+1	-5.7220E-13
8.1000E+4	1.0000E+0	-1.7524E-12	3.0500E+1	-7.0333E-13
8.1500E+4	1.0000E+0	-1.8895E-12	3.1000E+1	-5.9009E-13
8.2000E+4	1.0000E+0	-1.9038E-12	3.1500E+1	-6.0320E-13
8.2500E+4	1.0000E+0	-1.8692E-12	3.2000E+1	-5.6505E-13
8.3000E+4	1.0000E+0	-1.7655E-12	3.2500E+1	-6.3896E-13
8.3500E+4	1.0000E+0	-1.8501E-12	3.3000E+1	-7.9632E-13
8.4000E+4	1.0000E+0	-1.8132E-12	3.3500E+1	-7.0810E-13
8.4500E+4	1.0000E+0	-1.7655E-12	3.4000E+1	-4.7445E-13
8.5000E+4	1.0000E+0	-1.8907E-12	3.4500E+1	-7.0810E-13
8.5500E+4	1.0000E+0	-1.8728E-12	3.5000E+1	-7.1049E-13
8.6000E+4	1.0000E+0	-1.7488E-12	3.5500E+1	-4.8161E-13
8.6500E+4	1.0000E+0	-1.8167E-12	3.6000E+1	-3.5644E-13
8.7000E+4	1.0000E+0	-1.8561E-12	3.6500E+1	-5.8532E-13
8.7500E+4	1.0000E+0	-1.7810E-12	3.7000E+1	-7.9870E-13
8.8000E+4	1.0000E+0	-1.9598E-12	3.7500E+1	-6.2108E-13
8.8500E+4	1.0000E+0	-2.0170E-12	3.8000E+1	-8.2970E-13
8.9000E+4	1.0000E+0	-1.9169E-12	3.8500E+1	-5.5671E-13
8.9500E+4	1.0000E+0	-1.9550E-12	3.9000E+1	-5.6863E-13
9.0000E+4	1.0000E+0	-1.8203E-12	3.9500E+1	-7.1526E-13
9.0500E+4	1.0000E+0	-1.9467E-12	4.0000E+1	-3.5763E-13
9.1000E+4	1.0000E+0	-1.9872E-12	4.0500E+1	-5.0306E-13
9.1500E+4	1.0000E+0	-1.8823E-12	4.1000E+1	-2.2292E-13
9.2000E+4	1.0000E+0	-1.7583E-12	4.1500E+1	-5.4836E-13
9.2500E+4	1.0000E+0	-1.8346E-12	4.2000E+1	-4.6134E-13
9.3000E+4	1.0000E+0	-1.9515E-12	4.2500E+1	-7.1764E-13
9.3500E+4	1.0000E+0	-1.9729E-12	4.3000E+1	-4.9591E-13
9.4000E+4	1.0000E+0	-1.9264E-12	4.3500E+1	-5.0187E-13
9.4500E+4	1.0000E+0	-1.8167E-12	4.4000E+1	-2.7418E-13
9.5000E+4	1.0000E+0	-1.9097E-12	4.4500E+1	-4.0293E-13
