Time (s)	|IDrain (A)|	|IGate (A)	Vdrain(V)	Vgate(V)
0.0	2.7797e-05	5.5087e-11	-10.0	-2.5
1.0	2.7807e-05	2.3879e-11	-10.0	-2.5
1.5	2.7811e-05	1.9822e-11	-10.0	-2.5
2.0	2.7812e-05	1.6835e-11	-10.0	-2.5
2.5	2.7817e-05	1.5646e-11	-10.0	-2.5
3.0	2.7825e-05	1.4942e-11	-10.0	-2.5
3.5	2.7828e-05	1.3703e-11	-10.0	-2.5
4.0	2.783e-05	1.3809e-11	-10.0	-2.5
4.5	2.7838e-05	1.3621e-11	-10.0	-2.5
5.0	2.7836e-05	1.2784e-11	-10.0	-2.5
5.5	2.784e-05	1.3853e-11	-10.0	-2.5
6.0	2.7843e-05	1.2965e-11	-10.0	-2.5
6.5	2.7846e-05	1.26e-11	-10.0	-2.5
7.0	2.7852e-05	1.1946e-11	-10.0	-2.5
7.5	2.7853e-05	1.2399e-11	-10.0	-2.5
8.0	2.7864e-05	1.276e-11	-10.0	-2.5
8.5	2.7859e-05	1.2312e-11	-10.0	-2.5
9.0	2.7864e-05	1.2209e-11	-10.0	-2.5
9.5	2.7865e-05	1.1298e-11	-10.0	-2.5
10.0	2.7869e-05	1.1827e-11	-10.0	-2.5
10.5	2.7879e-05	1.243e-11	-10.0	-2.5
11.0	2.7885e-05	1.2618e-11	-10.0	-2.5
11.5	2.7884e-05	1.0863e-11	-10.0	-2.5
12.0	2.7891e-05	1.2008e-11	-10.0	-2.5
12.5	2.7893e-05	1.2131e-11	-10.0	-2.5
13.0	2.7896e-05	1.1756e-11	-10.0	-2.5
13.5	2.7901e-05	1.0796e-11	-10.0	-2.5
14.0	2.7901e-05	1.1666e-11	-10.0	-2.5
14.5	2.7907e-05	1.1877e-11	-10.0	-2.5
15.0	2.7911e-05	1.143e-11	-10.0	-2.5
15.5	2.7916e-05	1.1685e-11	-10.0	-2.5
16.0	2.7917e-05	1.1947e-11	-10.0	-2.5
16.5	2.7921e-05	1.1543e-11	-10.0	-2.5
17.0	2.7929e-05	1.1415e-11	-10.0	-2.5
17.5	2.7937e-05	1.1728e-11	-10.0	-2.5
18.0	2.7941e-05	1.1411e-11	-10.0	-2.5
18.5	2.7951e-05	1.1891e-11	-10.0	-2.5
19.0	2.7952e-05	1.153e-11	-10.0	-2.5
19.5	2.7951e-05	1.1718e-11	-10.0	-2.5
20.0	2.7957e-05	1.1135e-11	-10.0	-2.5
20.5	2.7954e-05	1.1184e-11	-10.0	-2.5
21.0	2.7962e-05	1.1603e-11	-10.0	-2.5
21.5	2.7962e-05	1.1816e-11	-10.0	-2.5
22.0	2.7966e-05	1.2009e-11	-10.0	-2.5
22.5	2.7963e-05	1.1939e-11	-10.0	-2.5
23.0	2.7967e-05	1.1414e-11	-10.0	-2.5
23.5	2.7969e-05	1.1296e-11	-10.0	-2.5
24.0	2.7973e-05	1.1225e-11	-10.0	-2.5
24.5	2.7975e-05	1.1927e-11	-10.0	-2.5
25.0	2.7979e-05	1.0793e-11	-10.0	-2.5
25.5	2.7987e-05	1.1854e-11	-10.0	-2.5
26.0	2.799e-05	1.0939e-11	-10.0	-2.5
26.5	2.7995e-05	1.1617e-11	-10.0	-2.5
27.0	2.7995e-05	1.1362e-11	-10.0	-2.5
27.5	2.7999e-05	1.134e-11	-10.0	-2.5
28.0	2.8002e-05	1.1251e-11	-10.0	-2.5
28.5	2.8005e-05	1.1618e-11	-10.0	-2.5
29.0	2.8009e-05	1.0985e-11	-10.0	-2.5
29.5	2.8007e-05	1.1538e-11	-10.0	-2.5
30.0	2.8015e-05	1.0811e-11	-10.0	-2.5
30.5	2.8018e-05	1.1965e-11	-10.0	-2.5
31.0	2.8022e-05	1.0997e-11	-10.0	-2.5
31.5	2.8023e-05	1.1262e-11	-10.0	-2.5
32.0	2.8023e-05	1.1522e-11	-10.0	-2.5
32.5	2.8032e-05	1.1412e-11	-10.0	-2.5
33.0	2.8038e-05	1.1693e-11	-10.0	-2.5
33.5	2.8043e-05	1.1715e-11	-10.0	-2.5
34.0	2.8041e-05	1.1822e-11	-10.0	-2.5
34.5	2.8044e-05	1.1671e-11	-10.0	-2.5
35.0	2.8043e-05	1.1693e-11	-10.0	-2.5
35.5	2.8044e-05	1.0653e-11	-10.0	-2.5
36.0	2.8048e-05	1.1748e-11	-10.0	-2.5
36.5	2.8053e-05	1.1996e-11	-10.0	-2.5
37.0	2.8052e-05	1.2128e-11	-10.0	-2.5
37.5	2.8056e-05	1.1735e-11	-10.0	-2.5
38.0	2.8061e-05	1.1755e-11	-10.0	-2.5
38.5	2.8061e-05	1.1162e-11	-10.0	-2.5
39.0	2.8058e-05	1.2426e-11	-10.0	-2.5
39.5	2.8063e-05	1.1305e-11	-10.0	-2.5
40.0	2.8066e-05	1.1737e-11	-10.0	-2.5
40.5	2.8072e-05	1.1524e-11	-10.0	-2.5
41.0	2.8072e-05	1.1804e-11	-10.0	-2.5
41.5	2.8079e-05	1.1292e-11	-10.0	-2.5
42.0	2.8079e-05	1.183e-11	-10.0	-2.5
42.5	2.8081e-05	1.1512e-11	-10.0	-2.5
43.0	2.809e-05	1.1609e-11	-10.0	-2.5
43.5	2.8091e-05	1.175e-11	-10.0	-2.5
44.0	2.8091e-05	1.1669e-11	-10.0	-2.5
44.5	2.8094e-05	1.1319e-11	-10.0	-2.5
45.0	2.8096e-05	1.1679e-11	-10.0	-2.5
45.5	2.8098e-05	1.0907e-11	-10.0	-2.5
46.0	2.8105e-05	1.1442e-11	-10.0	-2.5
46.5	2.8109e-05	1.1088e-11	-10.0	-2.5
47.0	2.8113e-05	1.1221e-11	-10.0	-2.5
47.5	2.8113e-05	1.1408e-11	-10.0	-2.5
48.0	2.8114e-05	1.1668e-11	-10.0	-2.5
48.5	2.8118e-05	1.1001e-11	-10.0	-2.5
49.0	2.812e-05	1.1256e-11	-10.0	-2.5
49.5	2.8118e-05	1.176e-11	-10.0	-2.5
50.0	2.812e-05	1.1566e-11	-10.0	-2.5
50.5	2.8122e-05	1.1417e-11	-10.0	-2.5
51.0	2.8126e-05	1.157e-11	-10.0	-2.5
51.5	2.8126e-05	1.1567e-11	-10.0	-2.5
52.0	2.8128e-05	1.1427e-11	-10.0	-2.5
52.5	2.8128e-05	1.117e-11	-10.0	-2.5
53.0	2.8133e-05	1.1893e-11	-10.0	-2.5
53.5	2.8137e-05	1.1538e-11	-10.0	-2.5
54.0	2.814e-05	1.1841e-11	-10.0	-2.5
54.5	2.8141e-05	1.1977e-11	-10.0	-2.5
55.0	2.8146e-05	1.1426e-11	-10.0	-2.5
55.5	2.8149e-05	1.1685e-11	-10.0	-2.5
56.0	2.8151e-05	1.1311e-11	-10.0	-2.5
56.5	2.8151e-05	1.1386e-11	-10.0	-2.5
57.0	2.815e-05	1.094e-11	-10.0	-2.5
57.5	2.8152e-05	1.1199e-11	-10.0	-2.5
58.0	2.8157e-05	1.1897e-11	-10.0	-2.5
58.5	2.8161e-05	1.2418e-11	-10.0	-2.5
59.0	2.8163e-05	1.1181e-11	-10.0	-2.5
59.5	2.8162e-05	1.1438e-11	-10.0	-2.5
60.0	2.8164e-05	1.1814e-11	-10.0	-2.5
60.5	2.8165e-05	1.1398e-11	-10.0	-2.5
61.0	2.8171e-05	1.109e-11	-10.0	-2.5
61.5	2.8172e-05	1.2106e-11	-10.0	-2.5
62.0	2.8174e-05	1.1661e-11	-10.0	-2.5
62.5	2.8181e-05	1.2034e-11	-10.0	-2.5
63.0	2.8185e-05	1.1648e-11	-10.0	-2.5
63.5	2.819e-05	1.1914e-11	-10.0	-2.5
64.0	2.8184e-05	1.201e-11	-10.0	-2.5
64.5	2.8183e-05	1.1524e-11	-10.0	-2.5
65.0	2.8186e-05	1.1771e-11	-10.0	-2.5
65.5	2.8186e-05	1.1843e-11	-10.0	-2.5
66.0	2.8189e-05	1.1318e-11	-10.0	-2.5
66.5	2.8197e-05	1.1271e-11	-10.0	-2.5
67.0	2.8197e-05	1.229e-11	-10.0	-2.5
67.5	2.8197e-05	1.2338e-11	-10.0	-2.5
68.0	2.8201e-05	1.1417e-11	-10.0	-2.5
68.5	2.8204e-05	1.1878e-11	-10.0	-2.5
69.0	2.8203e-05	1.1698e-11	-10.0	-2.5
69.5	2.8207e-05	1.0963e-11	-10.0	-2.5
70.0	2.8211e-05	1.16e-11	-10.0	-2.5
70.5	2.8209e-05	1.0958e-11	-10.0	-2.5
71.0	2.8211e-05	1.1224e-11	-10.0	-2.5
71.5	2.8213e-05	1.1432e-11	-10.0	-2.5
72.0	2.8221e-05	1.1028e-11	-10.0	-2.5
72.5	2.8221e-05	1.1632e-11	-10.0	-2.5
73.0	2.8224e-05	1.1528e-11	-10.0	-2.5
73.5	2.8224e-05	1.1412e-11	-10.0	-2.5
74.0	2.8226e-05	1.1437e-11	-10.0	-2.5
74.5	2.8231e-05	1.1274e-11	-10.0	-2.5
75.0	2.8236e-05	1.0965e-11	-10.0	-2.5
75.5	2.8231e-05	1.1373e-11	-10.0	-2.5
76.0	2.8229e-05	1.132e-11	-10.0	-2.5
76.5	2.8237e-05	1.1647e-11	-10.0	-2.5
77.0	2.824e-05	1.1964e-11	-10.0	-2.5
77.5	2.8244e-05	1.155e-11	-10.0	-2.5
78.0	2.8245e-05	1.2222e-11	-10.0	-2.5
78.5	2.8245e-05	1.1889e-11	-10.0	-2.5
79.0	2.8247e-05	1.1635e-11	-10.0	-2.5
79.5	2.8248e-05	1.1572e-11	-10.0	-2.5
80.0	2.8248e-05	1.1466e-11	-10.0	-2.5
80.5	2.8247e-05	1.2286e-11	-10.0	-2.5
81.0	2.8253e-05	1.1443e-11	-10.0	-2.5
81.5	2.8252e-05	1.1741e-11	-10.0	-2.5
82.0	2.8255e-05	1.1869e-11	-10.0	-2.5
82.5	2.8259e-05	1.1581e-11	-10.0	-2.5
83.0	2.8261e-05	1.0654e-11	-10.0	-2.5
83.5	2.8266e-05	1.1239e-11	-10.0	-2.5
84.0	2.8264e-05	1.2088e-11	-10.0	-2.5
84.5	2.8264e-05	1.1883e-11	-10.0	-2.5
85.0	2.8271e-05	1.209e-11	-10.0	-2.5
85.5	2.8273e-05	1.1164e-11	-10.0	-2.5
86.0	2.8275e-05	1.1028e-11	-10.0	-2.5
86.5	2.8281e-05	1.161e-11	-10.0	-2.5
87.0	2.8282e-05	1.1979e-11	-10.0	-2.5
87.5	2.8284e-05	1.1957e-11	-10.0	-2.5
88.0	2.8286e-05	1.1915e-11	-10.0	-2.5
88.5	2.8286e-05	1.1838e-11	-10.0	-2.5
89.0	2.8287e-05	1.2861e-11	-10.0	-2.5
89.5	2.8288e-05	1.1263e-11	-10.0	-2.5
90.0	2.8291e-05	1.2735e-11	-10.0	-2.5
90.5	2.8298e-05	1.1622e-11	-10.0	-2.5
91.0	2.8297e-05	1.2271e-11	-10.0	-2.5
91.5	2.83e-05	1.201e-11	-10.0	-2.5
92.0	2.8302e-05	1.1761e-11	-10.0	-2.5
92.5	2.8301e-05	1.1325e-11	-10.0	-2.5
93.0	2.8305e-05	1.187e-11	-10.0	-2.5
93.5	2.8303e-05	1.2065e-11	-10.0	-2.5
94.0	2.8305e-05	1.2306e-11	-10.0	-2.5
94.5	2.8307e-05	1.1625e-11	-10.0	-2.5
95.0	2.8309e-05	1.1935e-11	-10.0	-2.5
95.5	2.8311e-05	1.2211e-11	-10.0	-2.5
96.0	2.8314e-05	1.1902e-11	-10.0	-2.5
96.5	2.8321e-05	1.1271e-11	-10.0	-2.5
97.0	2.8316e-05	1.2202e-11	-10.0	-2.5
97.5	2.8323e-05	1.2186e-11	-10.0	-2.5
98.0	2.8322e-05	1.1598e-11	-10.0	-2.5
98.5	2.8326e-05	1.1395e-11	-10.0	-2.5
99.0	2.8331e-05	1.1808e-11	-10.0	-2.5
99.5	2.8328e-05	1.1612e-11	-10.0	-2.5
100.0	2.8328e-05	1.2548e-11	-10.0	-2.5
100.5	2.8333e-05	1.2009e-11	-10.0	-2.5
101.0	2.8333e-05	1.1321e-11	-10.0	-2.5
101.5	2.8332e-05	1.2135e-11	-10.0	-2.5
102.0	2.8337e-05	1.1611e-11	-10.0	-2.5
102.5	2.8343e-05	1.1804e-11	-10.0	-2.5
103.0	2.8346e-05	1.2401e-11	-10.0	-2.5
103.5	2.8348e-05	1.1342e-11	-10.0	-2.5
104.0	2.8349e-05	1.1514e-11	-10.0	-2.5
104.5	2.835e-05	1.133e-11	-10.0	-2.5
105.0	2.8347e-05	1.2105e-11	-10.0	-2.5
105.5	2.8351e-05	1.1395e-11	-10.0	-2.5
106.0	2.8351e-05	1.1538e-11	-10.0	-2.5
106.5	2.8353e-05	1.1704e-11	-10.0	-2.5
107.0	2.8357e-05	1.1719e-11	-10.0	-2.5
107.5	2.8355e-05	1.1771e-11	-10.0	-2.5
108.0	2.8357e-05	1.2344e-11	-10.0	-2.5
108.5	2.8363e-05	1.1865e-11	-10.0	-2.5
109.0	2.8361e-05	1.1176e-11	-10.0	-2.5
109.5	2.8363e-05	1.0784e-11	-10.0	-2.5
110.0	2.8361e-05	1.2301e-11	-10.0	-2.5
110.5	2.8364e-05	1.2034e-11	-10.0	-2.5
111.0	2.8369e-05	1.1301e-11	-10.0	-2.5
111.5	2.8371e-05	1.1579e-11	-10.0	-2.5
112.0	2.8373e-05	1.1979e-11	-10.0	-2.5
112.5	2.8376e-05	1.1467e-11	-10.0	-2.5
113.0	2.8376e-05	1.233e-11	-10.0	-2.5
113.5	2.8381e-05	1.196e-11	-10.0	-2.5
114.0	2.8383e-05	1.2606e-11	-10.0	-2.5
114.5	2.838e-05	1.1669e-11	-10.0	-2.5
115.0	2.8385e-05	1.1946e-11	-10.0	-2.5
115.5	2.8382e-05	1.1644e-11	-10.0	-2.5
116.0	2.8387e-05	1.2037e-11	-10.0	-2.5
116.5	2.8386e-05	1.218e-11	-10.0	-2.5
117.0	2.8394e-05	1.1857e-11	-10.0	-2.5
117.5	2.8396e-05	1.1464e-11	-10.0	-2.5
118.0	2.8396e-05	1.2647e-11	-10.0	-2.5
118.5	2.8398e-05	1.2164e-11	-10.0	-2.5
119.0	2.8395e-05	2.0328e-11	-10.0	-2.5
119.5	2.8404e-05	9.3672e-11	-10.0	-2.5
120.0	2.8407e-05	9.8776e-11	-10.0	-2.5
120.5	2.8405e-05	9.7715e-11	-10.0	-2.5
121.0	2.8413e-05	9.6397e-11	-10.0	-2.5
121.5	2.8419e-05	9.5183e-11	-10.0	-2.5
122.0	2.8423e-05	9.4635e-11	-10.0	-2.5
122.5	2.843e-05	9.4131e-11	-10.0	-2.5
123.0	2.8435e-05	9.3481e-11	-10.0	-2.5
123.5	2.8432e-05	9.3019e-11	-10.0	-2.5
124.0	2.8438e-05	9.2893e-11	-10.0	-2.5
124.5	2.8444e-05	9.2099e-11	-10.0	-2.5
125.0	2.8444e-05	9.1236e-11	-10.0	-2.5
125.5	2.8447e-05	9.1695e-11	-10.0	-2.5
126.0	2.8452e-05	9.1183e-11	-10.0	-2.5
126.5	2.8458e-05	9.0026e-11	-10.0	-2.5
127.0	2.8456e-05	9.0252e-11	-10.0	-2.5
127.5	2.8459e-05	9.0364e-11	-10.0	-2.5
128.0	2.8463e-05	9.0369e-11	-10.0	-2.5
128.5	2.8467e-05	9.0216e-11	-10.0	-2.5
129.0	2.8472e-05	8.9703e-11	-10.0	-2.5
129.5	2.8474e-05	8.9529e-11	-10.0	-2.5
130.0	2.8478e-05	8.9163e-11	-10.0	-2.5
130.5	2.8478e-05	8.9778e-11	-10.0	-2.5
131.0	2.8485e-05	8.9183e-11	-10.0	-2.5
131.5	2.8493e-05	8.9132e-11	-10.0	-2.5
132.0	2.8493e-05	8.9787e-11	-10.0	-2.5
132.5	2.8494e-05	8.9354e-11	-10.0	-2.5
133.0	2.8491e-05	8.8856e-11	-10.0	-2.5
133.5	2.8491e-05	8.903e-11	-10.0	-2.5
134.0	2.8497e-05	8.8164e-11	-10.0	-2.5
134.5	2.8498e-05	8.8457e-11	-10.0	-2.5
135.0	2.8502e-05	8.9161e-11	-10.0	-2.5
135.5	2.85e-05	8.8336e-11	-10.0	-2.5
136.0	2.8504e-05	8.8755e-11	-10.0	-2.5
136.5	2.8512e-05	8.8276e-11	-10.0	-2.5
137.0	2.8512e-05	8.7889e-11	-10.0	-2.5
137.5	2.8514e-05	8.8624e-11	-10.0	-2.5
138.0	2.8517e-05	8.8011e-11	-10.0	-2.5
138.5	2.852e-05	8.7987e-11	-10.0	-2.5
139.0	2.8516e-05	8.8081e-11	-10.0	-2.5
139.5	2.8521e-05	8.8056e-11	-10.0	-2.5
140.0	2.8523e-05	8.8496e-11	-10.0	-2.5
140.5	2.8523e-05	8.7582e-11	-10.0	-2.5
141.0	2.8517e-05	8.819e-11	-10.0	-2.5
141.5	2.8521e-05	8.8189e-11	-10.0	-2.5
142.0	2.8518e-05	8.7644e-11	-10.0	-2.5
142.5	2.8519e-05	8.7538e-11	-10.0	-2.5
143.0	2.8522e-05	8.7572e-11	-10.0	-2.5
143.5	2.8521e-05	8.7889e-11	-10.0	-2.5
144.0	2.852e-05	8.762e-11	-10.0	-2.5
144.5	2.8522e-05	8.7534e-11	-10.0	-2.5
145.0	2.8522e-05	8.6387e-11	-10.0	-2.5
145.5	2.8524e-05	8.7644e-11	-10.0	-2.5
146.0	2.8522e-05	8.7361e-11	-10.0	-2.5
146.5	2.8527e-05	8.8111e-11	-10.0	-2.5
147.0	2.853e-05	8.7391e-11	-10.0	-2.5
147.5	2.853e-05	8.7271e-11	-10.0	-2.5
148.0	2.8534e-05	8.7475e-11	-10.0	-2.5
148.5	2.8532e-05	8.6986e-11	-10.0	-2.5
149.0	2.8534e-05	8.64e-11	-10.0	-2.5
149.5	2.8534e-05	8.6954e-11	-10.0	-2.5
150.0	2.8532e-05	8.6215e-11	-10.0	-2.5
150.5	2.8533e-05	8.6749e-11	-10.0	-2.5
151.0	2.8534e-05	8.7038e-11	-10.0	-2.5
151.5	2.8534e-05	8.6908e-11	-10.0	-2.5
152.0	2.8534e-05	8.646e-11	-10.0	-2.5
152.5	2.8536e-05	8.5889e-11	-10.0	-2.5
153.0	2.8536e-05	8.6561e-11	-10.0	-2.5
153.5	2.8532e-05	8.7385e-11	-10.0	-2.5
154.0	2.8531e-05	8.6257e-11	-10.0	-2.5
154.5	2.8532e-05	8.6751e-11	-10.0	-2.5
155.0	2.8536e-05	8.6133e-11	-10.0	-2.5
155.5	2.8537e-05	8.7255e-11	-10.0	-2.5
156.0	2.8536e-05	8.6591e-11	-10.0	-2.5
156.5	2.8534e-05	8.6248e-11	-10.0	-2.5
157.0	2.8539e-05	8.7037e-11	-10.0	-2.5
157.5	2.8543e-05	8.6127e-11	-10.0	-2.5
158.0	2.8544e-05	8.6519e-11	-10.0	-2.5
158.5	2.8536e-05	8.613e-11	-10.0	-2.5
159.0	2.854e-05	8.6474e-11	-10.0	-2.5
159.5	2.854e-05	8.6571e-11	-10.0	-2.5
160.0	2.8536e-05	8.6364e-11	-10.0	-2.5
160.5	2.8535e-05	8.6621e-11	-10.0	-2.5
161.0	2.8531e-05	8.7224e-11	-10.0	-2.5
161.5	2.8533e-05	8.6236e-11	-10.0	-2.5
162.0	2.8534e-05	8.5729e-11	-10.0	-2.5
162.5	2.8537e-05	8.589e-11	-10.0	-2.5
163.0	2.8539e-05	8.5562e-11	-10.0	-2.5
163.5	2.8534e-05	8.5844e-11	-10.0	-2.5
164.0	2.8528e-05	8.5614e-11	-10.0	-2.5
164.5	2.8528e-05	8.5995e-11	-10.0	-2.5
165.0	2.8519e-05	8.607e-11	-10.0	-2.5
165.5	2.8527e-05	8.5641e-11	-10.0	-2.5
166.0	2.8524e-05	8.5776e-11	-10.0	-2.5
166.5	2.853e-05	8.6124e-11	-10.0	-2.5
167.0	2.8529e-05	8.5826e-11	-10.0	-2.5
167.5	2.8532e-05	8.5263e-11	-10.0	-2.5
168.0	2.8531e-05	8.5651e-11	-10.0	-2.5
168.5	2.8534e-05	8.5123e-11	-10.0	-2.5
169.0	2.8533e-05	8.5455e-11	-10.0	-2.5
169.5	2.8534e-05	8.5754e-11	-10.0	-2.5
170.0	2.8533e-05	8.5431e-11	-10.0	-2.5
170.5	2.8531e-05	8.5505e-11	-10.0	-2.5
171.0	2.8532e-05	8.6034e-11	-10.0	-2.5
171.5	2.8526e-05	8.5291e-11	-10.0	-2.5
172.0	2.8529e-05	8.5583e-11	-10.0	-2.5
172.5	2.8532e-05	8.615e-11	-10.0	-2.5
173.0	2.853e-05	8.4994e-11	-10.0	-2.5
173.5	2.8529e-05	8.5077e-11	-10.0	-2.5
174.0	2.8524e-05	8.4901e-11	-10.0	-2.5
174.5	2.8525e-05	8.5418e-11	-10.0	-2.5
175.0	2.852e-05	8.5276e-11	-10.0	-2.5
175.5	2.8525e-05	8.5529e-11	-10.0	-2.5
176.0	2.8527e-05	8.5393e-11	-10.0	-2.5
176.5	2.8519e-05	8.5656e-11	-10.0	-2.5
177.0	2.8521e-05	8.5323e-11	-10.0	-2.5
177.5	2.8523e-05	8.5567e-11	-10.0	-2.5
178.0	2.8525e-05	8.5663e-11	-10.0	-2.5
178.5	2.8527e-05	8.4789e-11	-10.0	-2.5
179.0	2.852e-05	8.208e-11	-10.0	-2.5
179.5	2.8526e-05	2.8586e-12	-10.0	-2.5
180.0	2.8526e-05	9.8598e-12	-10.0	-2.5
180.5	2.8518e-05	1.1258e-11	-10.0	-2.5
181.0	2.8515e-05	1.1966e-11	-10.0	-2.5
181.5	2.8511e-05	1.1715e-11	-10.0	-2.5
182.0	2.8512e-05	1.1547e-11	-10.0	-2.5
182.5	2.8518e-05	1.1559e-11	-10.0	-2.5
183.0	2.8517e-05	1.1493e-11	-10.0	-2.5
183.5	2.852e-05	1.1842e-11	-10.0	-2.5
184.0	2.852e-05	1.1808e-11	-10.0	-2.5
184.5	2.8517e-05	1.1165e-11	-10.0	-2.5
185.0	2.8517e-05	1.125e-11	-10.0	-2.5
185.5	2.8515e-05	1.184e-11	-10.0	-2.5
186.0	2.8514e-05	1.1625e-11	-10.0	-2.5
186.5	2.8512e-05	1.1331e-11	-10.0	-2.5
187.0	2.8509e-05	1.1462e-11	-10.0	-2.5
187.5	2.8504e-05	1.1488e-11	-10.0	-2.5
188.0	2.8506e-05	1.1517e-11	-10.0	-2.5
188.5	2.8506e-05	1.1057e-11	-10.0	-2.5
189.0	2.8506e-05	1.1045e-11	-10.0	-2.5
189.5	2.8508e-05	1.1801e-11	-10.0	-2.5
190.0	2.8509e-05	1.1239e-11	-10.0	-2.5
190.5	2.8506e-05	1.1383e-11	-10.0	-2.5
191.0	2.8503e-05	1.1092e-11	-10.0	-2.5
191.5	2.8505e-05	1.124e-11	-10.0	-2.5
192.0	2.8501e-05	1.1084e-11	-10.0	-2.5
192.5	2.8504e-05	1.114e-11	-10.0	-2.5
193.0	2.8504e-05	1.1628e-11	-10.0	-2.5
193.5	2.8504e-05	1.1191e-11	-10.0	-2.5
194.0	2.8504e-05	1.0735e-11	-10.0	-2.5
194.5	2.8504e-05	1.0933e-11	-10.0	-2.5
195.0	2.8505e-05	1.153e-11	-10.0	-2.5
195.5	2.8508e-05	1.0989e-11	-10.0	-2.5
196.0	2.8504e-05	1.0626e-11	-10.0	-2.5
196.5	2.8505e-05	1.1108e-11	-10.0	-2.5
197.0	2.8502e-05	1.1077e-11	-10.0	-2.5
197.5	2.8504e-05	1.1259e-11	-10.0	-2.5
198.0	2.8499e-05	1.0883e-11	-10.0	-2.5
198.5	2.8504e-05	1.1458e-11	-10.0	-2.5
199.0	2.8508e-05	1.0936e-11	-10.0	-2.5
199.5	2.8511e-05	1.0346e-11	-10.0	-2.5
200.0	2.8513e-05	1.1687e-11	-10.0	-2.5
200.5	2.8511e-05	1.1796e-11	-10.0	-2.5
201.0	2.8516e-05	1.1152e-11	-10.0	-2.5
201.5	2.8516e-05	1.1718e-11	-10.0	-2.5
202.0	2.8517e-05	1.1408e-11	-10.0	-2.5
202.5	2.8514e-05	1.1537e-11	-10.0	-2.5
203.0	2.8514e-05	1.0521e-11	-10.0	-2.5
203.5	2.8514e-05	1.0727e-11	-10.0	-2.5
204.0	2.8519e-05	1.1086e-11	-10.0	-2.5
204.5	2.8516e-05	1.0988e-11	-10.0	-2.5
205.0	2.8511e-05	1.091e-11	-10.0	-2.5
205.5	2.8511e-05	1.1193e-11	-10.0	-2.5
206.0	2.8517e-05	1.1078e-11	-10.0	-2.5
206.5	2.8518e-05	1.1702e-11	-10.0	-2.5
207.0	2.852e-05	1.1029e-11	-10.0	-2.5
207.5	2.852e-05	1.073e-11	-10.0	-2.5
208.0	2.8522e-05	1.0405e-11	-10.0	-2.5
208.5	2.8521e-05	1.1247e-11	-10.0	-2.5
209.0	2.852e-05	1.1256e-11	-10.0	-2.5
209.5	2.8522e-05	1.1205e-11	-10.0	-2.5
210.0	2.8524e-05	1.0914e-11	-10.0	-2.5
210.5	2.8523e-05	1.0496e-11	-10.0	-2.5
211.0	2.8525e-05	1.0896e-11	-10.0	-2.5
211.5	2.8528e-05	1.0662e-11	-10.0	-2.5
212.0	2.8525e-05	1.074e-11	-10.0	-2.5
212.5	2.8523e-05	1.1822e-11	-10.0	-2.5
213.0	2.8528e-05	1.0163e-11	-10.0	-2.5
213.5	2.8531e-05	1.0916e-11	-10.0	-2.5
214.0	2.8527e-05	1.0941e-11	-10.0	-2.5
214.5	2.853e-05	1.1535e-11	-10.0	-2.5
215.0	2.8533e-05	1.0624e-11	-10.0	-2.5
215.5	2.8532e-05	1.1156e-11	-10.0	-2.5
216.0	2.8534e-05	1.0885e-11	-10.0	-2.5
216.5	2.8535e-05	1.1237e-11	-10.0	-2.5
217.0	2.8537e-05	1.0931e-11	-10.0	-2.5
217.5	2.8541e-05	1.0945e-11	-10.0	-2.5
218.0	2.8541e-05	1.0161e-11	-10.0	-2.5
218.5	2.8541e-05	1.1371e-11	-10.0	-2.5
219.0	2.8542e-05	1.0871e-11	-10.0	-2.5
219.5	2.8542e-05	1.0632e-11	-10.0	-2.5
220.0	2.8544e-05	1.1139e-11	-10.0	-2.5
220.5	2.8544e-05	1.098e-11	-10.0	-2.5
221.0	2.8547e-05	1.1661e-11	-10.0	-2.5
221.5	2.8547e-05	1.071e-11	-10.0	-2.5
222.0	2.8549e-05	1.1035e-11	-10.0	-2.5
222.5	2.8548e-05	1.0607e-11	-10.0	-2.5
223.0	2.8546e-05	1.1189e-11	-10.0	-2.5
223.5	2.8548e-05	1.1237e-11	-10.0	-2.5
224.0	2.8545e-05	1.0949e-11	-10.0	-2.5
224.5	2.8546e-05	1.1191e-11	-10.0	-2.5
225.0	2.8546e-05	1.0437e-11	-10.0	-2.5
225.5	2.8543e-05	1.1588e-11	-10.0	-2.5
226.0	2.8546e-05	1.1148e-11	-10.0	-2.5
226.5	2.8547e-05	1.1327e-11	-10.0	-2.5
227.0	2.8548e-05	1.1595e-11	-10.0	-2.5
227.5	2.8547e-05	1.1071e-11	-10.0	-2.5
228.0	2.8554e-05	1.1651e-11	-10.0	-2.5
228.5	2.8553e-05	1.0613e-11	-10.0	-2.5
229.0	2.8555e-05	1.0956e-11	-10.0	-2.5
229.5	2.8557e-05	1.1599e-11	-10.0	-2.5
230.0	2.856e-05	1.122e-11	-10.0	-2.5
230.5	2.856e-05	1.0639e-11	-10.0	-2.5
231.0	2.856e-05	1.1108e-11	-10.0	-2.5
231.5	2.8559e-05	1.1624e-11	-10.0	-2.5
232.0	2.8557e-05	1.1254e-11	-10.0	-2.5
232.5	2.8561e-05	1.1253e-11	-10.0	-2.5
233.0	2.8561e-05	1.1272e-11	-10.0	-2.5
233.5	2.8563e-05	1.1374e-11	-10.0	-2.5
234.0	2.856e-05	1.1123e-11	-10.0	-2.5
234.5	2.8562e-05	1.1132e-11	-10.0	-2.5
235.0	2.8566e-05	1.1054e-11	-10.0	-2.5
235.5	2.8568e-05	1.1275e-11	-10.0	-2.5
236.0	2.8566e-05	1.0825e-11	-10.0	-2.5
236.5	2.8567e-05	1.0024e-11	-10.0	-2.5
237.0	2.857e-05	1.1054e-11	-10.0	-2.5
237.5	2.8567e-05	1.1154e-11	-10.0	-2.5
238.0	2.8567e-05	1.1342e-11	-10.0	-2.5
238.5	2.8568e-05	1.0749e-11	-10.0	-2.5
239.0	2.8569e-05	7.1919e-12	-10.0	-2.5
239.5	2.8566e-05	8.7558e-11	-10.0	-2.5
240.0	2.8564e-05	9.3789e-11	-10.0	-2.5
240.5	2.8571e-05	9.4223e-11	-10.0	-2.5
241.0	2.8575e-05	9.2657e-11	-10.0	-2.5
241.5	2.8576e-05	9.2095e-11	-10.0	-2.5
242.0	2.8579e-05	9.0752e-11	-10.0	-2.5
242.5	2.8581e-05	9.167e-11	-10.0	-2.5
243.0	2.8586e-05	9.045e-11	-10.0	-2.5
243.5	2.8587e-05	8.9699e-11	-10.0	-2.5
244.0	2.8589e-05	9.0075e-11	-10.0	-2.5
244.5	2.8589e-05	9.0072e-11	-10.0	-2.5
245.0	2.8588e-05	9.027e-11	-10.0	-2.5
245.5	2.8585e-05	8.8942e-11	-10.0	-2.5
246.0	2.859e-05	8.8892e-11	-10.0	-2.5
246.5	2.8588e-05	8.931e-11	-10.0	-2.5
247.0	2.8592e-05	8.9032e-11	-10.0	-2.5
247.5	2.8595e-05	8.903e-11	-10.0	-2.5
248.0	2.8602e-05	8.9021e-11	-10.0	-2.5
248.5	2.8599e-05	8.8333e-11	-10.0	-2.5
249.0	2.8603e-05	8.878e-11	-10.0	-2.5
249.5	2.8598e-05	8.8872e-11	-10.0	-2.5
250.0	2.8597e-05	8.7861e-11	-10.0	-2.5
250.5	2.8596e-05	8.7645e-11	-10.0	-2.5
251.0	2.8596e-05	8.8291e-11	-10.0	-2.5
251.5	2.8601e-05	8.7793e-11	-10.0	-2.5
252.0	2.86e-05	8.7675e-11	-10.0	-2.5
252.5	2.8598e-05	8.7354e-11	-10.0	-2.5
253.0	2.8602e-05	8.75e-11	-10.0	-2.5
253.5	2.8599e-05	8.7785e-11	-10.0	-2.5
254.0	2.8603e-05	8.729e-11	-10.0	-2.5
254.5	2.8604e-05	8.7818e-11	-10.0	-2.5
255.0	2.8598e-05	8.7042e-11	-10.0	-2.5
255.5	2.86e-05	8.6901e-11	-10.0	-2.5
256.0	2.8602e-05	8.7456e-11	-10.0	-2.5
256.5	2.8599e-05	8.7521e-11	-10.0	-2.5
257.0	2.8599e-05	8.774e-11	-10.0	-2.5
257.5	2.8602e-05	8.7329e-11	-10.0	-2.5
258.0	2.8596e-05	8.7079e-11	-10.0	-2.5
258.5	2.8599e-05	8.6433e-11	-10.0	-2.5
259.0	2.8597e-05	8.7088e-11	-10.0	-2.5
259.5	2.8598e-05	8.6014e-11	-10.0	-2.5
260.0	2.8592e-05	8.6819e-11	-10.0	-2.5
260.5	2.8596e-05	8.6757e-11	-10.0	-2.5
261.0	2.8595e-05	8.6949e-11	-10.0	-2.5
261.5	2.8591e-05	8.6634e-11	-10.0	-2.5
262.0	2.8593e-05	8.6429e-11	-10.0	-2.5
262.5	2.8592e-05	8.6591e-11	-10.0	-2.5
263.0	2.859e-05	8.6542e-11	-10.0	-2.5
263.5	2.8591e-05	8.5937e-11	-10.0	-2.5
264.0	2.859e-05	8.6813e-11	-10.0	-2.5
264.5	2.8589e-05	8.558e-11	-10.0	-2.5
265.0	2.8587e-05	8.5967e-11	-10.0	-2.5
265.5	2.8588e-05	8.6002e-11	-10.0	-2.5
266.0	2.8584e-05	8.5785e-11	-10.0	-2.5
266.5	2.8585e-05	8.682e-11	-10.0	-2.5
267.0	2.8582e-05	8.6498e-11	-10.0	-2.5
267.5	2.858e-05	8.6287e-11	-10.0	-2.5
268.0	2.8576e-05	8.5667e-11	-10.0	-2.5
268.5	2.8577e-05	8.5808e-11	-10.0	-2.5
269.0	2.8574e-05	8.5534e-11	-10.0	-2.5
269.5	2.8578e-05	8.598e-11	-10.0	-2.5
270.0	2.8579e-05	8.5499e-11	-10.0	-2.5
270.5	2.8576e-05	8.6534e-11	-10.0	-2.5
271.0	2.8581e-05	8.5968e-11	-10.0	-2.5
271.5	2.8576e-05	8.5425e-11	-10.0	-2.5
272.0	2.8573e-05	8.5872e-11	-10.0	-2.5
272.5	2.8573e-05	8.6166e-11	-10.0	-2.5
273.0	2.8572e-05	8.5729e-11	-10.0	-2.5
273.5	2.8574e-05	8.5945e-11	-10.0	-2.5
274.0	2.8571e-05	8.5332e-11	-10.0	-2.5
274.5	2.8568e-05	8.5683e-11	-10.0	-2.5
275.0	2.857e-05	8.6087e-11	-10.0	-2.5
275.5	2.8568e-05	8.5943e-11	-10.0	-2.5
276.0	2.8567e-05	8.6423e-11	-10.0	-2.5
276.5	2.8563e-05	8.5478e-11	-10.0	-2.5
277.0	2.8565e-05	8.4984e-11	-10.0	-2.5
277.5	2.8559e-05	8.5357e-11	-10.0	-2.5
278.0	2.8558e-05	8.5339e-11	-10.0	-2.5
278.5	2.8555e-05	8.5429e-11	-10.0	-2.5
279.0	2.8555e-05	8.4904e-11	-10.0	-2.5
279.5	2.855e-05	8.5424e-11	-10.0	-2.5
280.0	2.8546e-05	8.6066e-11	-10.0	-2.5
280.5	2.8546e-05	8.5124e-11	-10.0	-2.5
281.0	2.8544e-05	8.4797e-11	-10.0	-2.5
281.5	2.8541e-05	8.4293e-11	-10.0	-2.5
282.0	2.8542e-05	8.4424e-11	-10.0	-2.5
282.5	2.8537e-05	8.5344e-11	-10.0	-2.5
283.0	2.8545e-05	8.4901e-11	-10.0	-2.5
283.5	2.8538e-05	8.4719e-11	-10.0	-2.5
284.0	2.8539e-05	8.4693e-11	-10.0	-2.5
284.5	2.8537e-05	8.5063e-11	-10.0	-2.5
285.0	2.8537e-05	8.4979e-11	-10.0	-2.5
285.5	2.854e-05	8.5726e-11	-10.0	-2.5
286.0	2.8539e-05	8.5214e-11	-10.0	-2.5
286.5	2.8538e-05	8.4408e-11	-10.0	-2.5
287.0	2.8539e-05	8.4909e-11	-10.0	-2.5
287.5	2.8537e-05	8.5021e-11	-10.0	-2.5
288.0	2.8533e-05	8.53e-11	-10.0	-2.5
288.5	2.8531e-05	8.5115e-11	-10.0	-2.5
289.0	2.8524e-05	8.4873e-11	-10.0	-2.5
289.5	2.8523e-05	8.5157e-11	-10.0	-2.5
290.0	2.8527e-05	8.5125e-11	-10.0	-2.5
290.5	2.8529e-05	8.4263e-11	-10.0	-2.5
291.0	2.8525e-05	8.4964e-11	-10.0	-2.5
291.5	2.852e-05	8.5057e-11	-10.0	-2.5
292.0	2.8521e-05	8.5978e-11	-10.0	-2.5
292.5	2.8522e-05	8.4437e-11	-10.0	-2.5
293.0	2.8521e-05	8.5542e-11	-10.0	-2.5
293.5	2.8516e-05	8.487e-11	-10.0	-2.5
294.0	2.8517e-05	8.5512e-11	-10.0	-2.5
294.5	2.8512e-05	8.5526e-11	-10.0	-2.5
295.0	2.8517e-05	8.4921e-11	-10.0	-2.5
295.5	2.8515e-05	8.4807e-11	-10.0	-2.5
296.0	2.851e-05	8.5167e-11	-10.0	-2.5
296.5	2.8506e-05	8.4906e-11	-10.0	-2.5
297.0	2.8503e-05	8.5386e-11	-10.0	-2.5
297.5	2.8499e-05	8.5385e-11	-10.0	-2.5
298.0	2.8504e-05	8.5106e-11	-10.0	-2.5
298.5	2.85e-05	8.4424e-11	-10.0	-2.5
299.0	2.8503e-05	8.4048e-11	-10.0	-2.5
299.5	2.85e-05	1.1635e-12	-10.0	-2.5
300.0	2.8497e-05	9.7656e-12	-10.0	-2.5
300.5	2.8501e-05	1.1102e-11	-10.0	-2.5
301.0	2.849e-05	1.0685e-11	-10.0	-2.5
301.5	2.8492e-05	1.0639e-11	-10.0	-2.5
302.0	2.8489e-05	1.1578e-11	-10.0	-2.5
302.5	2.8487e-05	1.1015e-11	-10.0	-2.5
303.0	2.8486e-05	1.1148e-11	-10.0	-2.5
303.5	2.8485e-05	1.1281e-11	-10.0	-2.5
304.0	2.8487e-05	1.0727e-11	-10.0	-2.5
304.5	2.8487e-05	1.1566e-11	-10.0	-2.5
305.0	2.8486e-05	1.1225e-11	-10.0	-2.5
305.5	2.8485e-05	1.1256e-11	-10.0	-2.5
306.0	2.8486e-05	1.1086e-11	-10.0	-2.5
306.5	2.8485e-05	1.139e-11	-10.0	-2.5
307.0	2.8485e-05	1.0581e-11	-10.0	-2.5
307.5	2.8482e-05	1.1004e-11	-10.0	-2.5
308.0	2.8484e-05	1.068e-11	-10.0	-2.5
308.5	2.8483e-05	1.0518e-11	-10.0	-2.5
309.0	2.848e-05	1.0792e-11	-10.0	-2.5
309.5	2.8482e-05	1.1411e-11	-10.0	-2.5
310.0	2.8481e-05	1.0324e-11	-10.0	-2.5
310.5	2.8483e-05	1.0479e-11	-10.0	-2.5
311.0	2.8476e-05	1.1027e-11	-10.0	-2.5
311.5	2.8474e-05	1.1394e-11	-10.0	-2.5
312.0	2.8476e-05	1.0441e-11	-10.0	-2.5
312.5	2.8475e-05	9.8765e-12	-10.0	-2.5
313.0	2.8476e-05	1.0978e-11	-10.0	-2.5
313.5	2.848e-05	1.0844e-11	-10.0	-2.5
314.0	2.8479e-05	1.0016e-11	-10.0	-2.5
314.5	2.8477e-05	1.015e-11	-10.0	-2.5
315.0	2.848e-05	1.0374e-11	-10.0	-2.5
315.5	2.8478e-05	1.0582e-11	-10.0	-2.5
316.0	2.8475e-05	1.0725e-11	-10.0	-2.5
316.5	2.8473e-05	1.0955e-11	-10.0	-2.5
317.0	2.8473e-05	1.074e-11	-10.0	-2.5
317.5	2.8476e-05	1.0705e-11	-10.0	-2.5
318.0	2.8474e-05	1.0939e-11	-10.0	-2.5
318.5	2.8472e-05	1.089e-11	-10.0	-2.5
319.0	2.8475e-05	1.0585e-11	-10.0	-2.5
319.5	2.8474e-05	1.0937e-11	-10.0	-2.5
320.0	2.8475e-05	1.0388e-11	-10.0	-2.5
320.5	2.8477e-05	1.0221e-11	-10.0	-2.5
321.0	2.8477e-05	9.9921e-12	-10.0	-2.5
321.5	2.8482e-05	1.0961e-11	-10.0	-2.5
322.0	2.8481e-05	1.0989e-11	-10.0	-2.5
322.5	2.8479e-05	1.0167e-11	-10.0	-2.5
323.0	2.8477e-05	1.0756e-11	-10.0	-2.5
323.5	2.8479e-05	9.9909e-12	-10.0	-2.5
324.0	2.848e-05	1.033e-11	-10.0	-2.5
324.5	2.8482e-05	9.2137e-12	-10.0	-2.5
325.0	2.8485e-05	1.0101e-11	-10.0	-2.5
325.5	2.848e-05	1.0152e-11	-10.0	-2.5
326.0	2.8478e-05	1.093e-11	-10.0	-2.5
326.5	2.8479e-05	1.0332e-11	-10.0	-2.5
327.0	2.8481e-05	1.0306e-11	-10.0	-2.5
327.5	2.8482e-05	1.0383e-11	-10.0	-2.5
328.0	2.8481e-05	9.9397e-12	-10.0	-2.5
328.5	2.8482e-05	9.954e-12	-10.0	-2.5
329.0	2.8481e-05	1.0006e-11	-10.0	-2.5
329.5	2.8484e-05	1.0388e-11	-10.0	-2.5
330.0	2.8483e-05	1.0268e-11	-10.0	-2.5
330.5	2.8481e-05	1.0459e-11	-10.0	-2.5
331.0	2.848e-05	1.0171e-11	-10.0	-2.5
331.5	2.8482e-05	1.0794e-11	-10.0	-2.5
332.0	2.8481e-05	1.0793e-11	-10.0	-2.5
332.5	2.8483e-05	1.1361e-11	-10.0	-2.5
333.0	2.8485e-05	1.0364e-11	-10.0	-2.5
333.5	2.8484e-05	9.8109e-12	-10.0	-2.5
334.0	2.8484e-05	1.0096e-11	-10.0	-2.5
334.5	2.8483e-05	1.0742e-11	-10.0	-2.5
335.0	2.849e-05	1.0844e-11	-10.0	-2.5
335.5	2.8488e-05	1.0043e-11	-10.0	-2.5
336.0	2.8482e-05	1.0239e-11	-10.0	-2.5
336.5	2.8483e-05	1.0984e-11	-10.0	-2.5
337.0	2.8487e-05	9.9993e-12	-10.0	-2.5
337.5	2.8484e-05	1.0637e-11	-10.0	-2.5
338.0	2.8486e-05	1.0056e-11	-10.0	-2.5
338.5	2.8491e-05	1.0918e-11	-10.0	-2.5
339.0	2.8491e-05	1.0269e-11	-10.0	-2.5
339.5	2.8495e-05	1.0759e-11	-10.0	-2.5
340.0	2.8499e-05	1.1153e-11	-10.0	-2.5
340.5	2.8495e-05	1.0504e-11	-10.0	-2.5
341.0	2.8497e-05	1.0504e-11	-10.0	-2.5
341.5	2.8499e-05	1.0281e-11	-10.0	-2.5
342.0	2.85e-05	1.0537e-11	-10.0	-2.5
342.5	2.85e-05	1.0122e-11	-10.0	-2.5
343.0	2.8499e-05	1.0635e-11	-10.0	-2.5
343.5	2.8497e-05	1.0265e-11	-10.0	-2.5
344.0	2.8503e-05	1.0699e-11	-10.0	-2.5
344.5	2.8503e-05	1.1101e-11	-10.0	-2.5
345.0	2.8501e-05	1.1024e-11	-10.0	-2.5
345.5	2.8501e-05	1.0026e-11	-10.0	-2.5
346.0	2.8495e-05	1.0251e-11	-10.0	-2.5
346.5	2.8494e-05	1.0339e-11	-10.0	-2.5
347.0	2.8499e-05	1.0362e-11	-10.0	-2.5
347.5	2.8505e-05	1.0243e-11	-10.0	-2.5
348.0	2.8499e-05	1.0221e-11	-10.0	-2.5
348.5	2.8503e-05	1.0428e-11	-10.0	-2.5
349.0	2.8503e-05	1.107e-11	-10.0	-2.5
349.5	2.8508e-05	1.0388e-11	-10.0	-2.5
350.0	2.8503e-05	9.6416e-12	-10.0	-2.5
350.5	2.8506e-05	1.0282e-11	-10.0	-2.5
351.0	2.8511e-05	1.0234e-11	-10.0	-2.5
351.5	2.8509e-05	1.0441e-11	-10.0	-2.5
352.0	2.8511e-05	1.0683e-11	-10.0	-2.5
352.5	2.8511e-05	1.0742e-11	-10.0	-2.5
353.0	2.8509e-05	1.1158e-11	-10.0	-2.5
353.5	2.8509e-05	1.0937e-11	-10.0	-2.5
354.0	2.8518e-05	1.0023e-11	-10.0	-2.5
354.5	2.8516e-05	9.6393e-12	-10.0	-2.5
355.0	2.8514e-05	1.0682e-11	-10.0	-2.5
355.5	2.8517e-05	1.0316e-11	-10.0	-2.5
356.0	2.8521e-05	9.954e-12	-10.0	-2.5
356.5	2.8522e-05	9.8527e-12	-10.0	-2.5
357.0	2.8523e-05	9.9909e-12	-10.0	-2.5
357.5	2.8524e-05	1.0171e-11	-10.0	-2.5
358.0	2.8522e-05	1.0618e-11	-10.0	-2.5
358.5	2.8519e-05	1.0662e-11	-10.0	-2.5
359.0	2.8521e-05	1.9145e-12	-10.0	-2.5
359.5	2.8523e-05	8.693e-11	-10.0	-2.5
360.0	2.8528e-05	9.2444e-11	-10.0	-2.5
360.5	2.8527e-05	9.3753e-11	-10.0	-2.5
361.0	2.8525e-05	9.2725e-11	-10.0	-2.5
361.5	2.8531e-05	9.1935e-11	-10.0	-2.5
362.0	2.8538e-05	9.1e-11	-10.0	-2.5
362.5	2.8537e-05	9.1111e-11	-10.0	-2.5
363.0	2.8538e-05	9.0555e-11	-10.0	-2.5
363.5	2.8538e-05	8.9105e-11	-10.0	-2.5
364.0	2.8537e-05	8.9799e-11	-10.0	-2.5
364.5	2.8542e-05	8.938e-11	-10.0	-2.5
365.0	2.8542e-05	8.8069e-11	-10.0	-2.5
365.5	2.8548e-05	8.8409e-11	-10.0	-2.5
366.0	2.8551e-05	8.8481e-11	-10.0	-2.5
366.5	2.8549e-05	8.8198e-11	-10.0	-2.5
367.0	2.8546e-05	8.858e-11	-10.0	-2.5
367.5	2.8548e-05	8.8519e-11	-10.0	-2.5
368.0	2.8555e-05	8.8158e-11	-10.0	-2.5
368.5	2.855e-05	8.7613e-11	-10.0	-2.5
369.0	2.8554e-05	8.7404e-11	-10.0	-2.5
369.5	2.8556e-05	8.7512e-11	-10.0	-2.5
370.0	2.8558e-05	8.749e-11	-10.0	-2.5
370.5	2.8562e-05	8.7608e-11	-10.0	-2.5
371.0	2.8557e-05	8.6976e-11	-10.0	-2.5
371.5	2.8561e-05	8.7731e-11	-10.0	-2.5
372.0	2.8559e-05	8.676e-11	-10.0	-2.5
372.5	2.8562e-05	8.7376e-11	-10.0	-2.5
373.0	2.8561e-05	8.6665e-11	-10.0	-2.5
373.5	2.8563e-05	8.6328e-11	-10.0	-2.5
374.0	2.8557e-05	8.7152e-11	-10.0	-2.5
374.5	2.8562e-05	8.6961e-11	-10.0	-2.5
375.0	2.8559e-05	8.6136e-11	-10.0	-2.5
375.5	2.8564e-05	8.6927e-11	-10.0	-2.5
376.0	2.8568e-05	8.6769e-11	-10.0	-2.5
376.5	2.8567e-05	8.7214e-11	-10.0	-2.5
377.0	2.8564e-05	8.6468e-11	-10.0	-2.5
377.5	2.8561e-05	8.6236e-11	-10.0	-2.5
378.0	2.8567e-05	8.6732e-11	-10.0	-2.5
378.5	2.8568e-05	8.6609e-11	-10.0	-2.5
379.0	2.8565e-05	8.6215e-11	-10.0	-2.5
379.5	2.8569e-05	8.6325e-11	-10.0	-2.5
380.0	2.8562e-05	8.6052e-11	-10.0	-2.5
380.5	2.8557e-05	8.6649e-11	-10.0	-2.5
381.0	2.8557e-05	8.6874e-11	-10.0	-2.5
381.5	2.8551e-05	8.6613e-11	-10.0	-2.5
382.0	2.8558e-05	8.6221e-11	-10.0	-2.5
382.5	2.8561e-05	8.6782e-11	-10.0	-2.5
383.0	2.8561e-05	8.6528e-11	-10.0	-2.5
383.5	2.8559e-05	8.5943e-11	-10.0	-2.5
384.0	2.8556e-05	8.6129e-11	-10.0	-2.5
384.5	2.8548e-05	8.624e-11	-10.0	-2.5
385.0	2.8548e-05	8.6322e-11	-10.0	-2.5
385.5	2.8545e-05	8.5928e-11	-10.0	-2.5
386.0	2.8545e-05	8.5714e-11	-10.0	-2.5
386.5	2.8543e-05	8.5658e-11	-10.0	-2.5
387.0	2.8545e-05	8.4978e-11	-10.0	-2.5
387.5	2.8542e-05	8.5524e-11	-10.0	-2.5
388.0	2.8543e-05	8.6314e-11	-10.0	-2.5
388.5	2.8543e-05	8.5504e-11	-10.0	-2.5
389.0	2.8547e-05	8.563e-11	-10.0	-2.5
389.5	2.8547e-05	8.5716e-11	-10.0	-2.5
390.0	2.8545e-05	8.577e-11	-10.0	-2.5
390.5	2.8543e-05	8.5398e-11	-10.0	-2.5
391.0	2.8541e-05	8.5379e-11	-10.0	-2.5
391.5	2.8537e-05	8.597e-11	-10.0	-2.5
392.0	2.8536e-05	8.5583e-11	-10.0	-2.5
392.5	2.8537e-05	8.5795e-11	-10.0	-2.5
393.0	2.8539e-05	8.5487e-11	-10.0	-2.5
393.5	2.8533e-05	8.4932e-11	-10.0	-2.5
394.0	2.8534e-05	8.5311e-11	-10.0	-2.5
394.5	2.853e-05	8.5589e-11	-10.0	-2.5
395.0	2.8531e-05	8.5362e-11	-10.0	-2.5
395.5	2.853e-05	8.5621e-11	-10.0	-2.5
396.0	2.8532e-05	8.5716e-11	-10.0	-2.5
396.5	2.8524e-05	8.4532e-11	-10.0	-2.5
397.0	2.8528e-05	8.5353e-11	-10.0	-2.5
397.5	2.8525e-05	8.561e-11	-10.0	-2.5
398.0	2.8529e-05	8.6023e-11	-10.0	-2.5
398.5	2.8524e-05	8.5211e-11	-10.0	-2.5
399.0	2.8519e-05	8.4745e-11	-10.0	-2.5
399.5	2.8517e-05	8.5041e-11	-10.0	-2.5
400.0	2.8514e-05	8.5509e-11	-10.0	-2.5
400.5	2.8512e-05	8.5274e-11	-10.0	-2.5
401.0	2.8512e-05	8.4965e-11	-10.0	-2.5
401.5	2.8507e-05	8.4515e-11	-10.0	-2.5
402.0	2.8506e-05	8.4934e-11	-10.0	-2.5
402.5	2.8504e-05	8.4523e-11	-10.0	-2.5
403.0	2.8507e-05	8.5398e-11	-10.0	-2.5
403.5	2.8498e-05	8.4983e-11	-10.0	-2.5
404.0	2.8494e-05	8.4292e-11	-10.0	-2.5
404.5	2.8496e-05	8.4741e-11	-10.0	-2.5
405.0	2.8494e-05	8.492e-11	-10.0	-2.5
405.5	2.8495e-05	8.4777e-11	-10.0	-2.5
406.0	2.8492e-05	8.5069e-11	-10.0	-2.5
406.5	2.849e-05	8.5242e-11	-10.0	-2.5
407.0	2.8493e-05	8.5065e-11	-10.0	-2.5
407.5	2.849e-05	8.5282e-11	-10.0	-2.5
408.0	2.8492e-05	8.5136e-11	-10.0	-2.5
408.5	2.8487e-05	8.5385e-11	-10.0	-2.5
409.0	2.8486e-05	8.4497e-11	-10.0	-2.5
409.5	2.8483e-05	8.5598e-11	-10.0	-2.5
410.0	2.8477e-05	8.5001e-11	-10.0	-2.5
410.5	2.8478e-05	8.4864e-11	-10.0	-2.5
411.0	2.847e-05	8.5532e-11	-10.0	-2.5
411.5	2.8467e-05	8.5173e-11	-10.0	-2.5
412.0	2.8467e-05	8.4802e-11	-10.0	-2.5
412.5	2.8467e-05	8.4692e-11	-10.0	-2.5
413.0	2.8465e-05	8.4927e-11	-10.0	-2.5
413.5	2.8463e-05	8.5373e-11	-10.0	-2.5
414.0	2.8458e-05	8.476e-11	-10.0	-2.5
414.5	2.8459e-05	8.4972e-11	-10.0	-2.5
415.0	2.8455e-05	8.5006e-11	-10.0	-2.5
415.5	2.8453e-05	8.482e-11	-10.0	-2.5
416.0	2.8443e-05	8.4463e-11	-10.0	-2.5
416.5	2.8451e-05	8.4982e-11	-10.0	-2.5
417.0	2.845e-05	8.5053e-11	-10.0	-2.5
417.5	2.8452e-05	8.442e-11	-10.0	-2.5
418.0	2.8456e-05	8.5034e-11	-10.0	-2.5
418.5	2.8443e-05	8.4771e-11	-10.0	-2.5
419.0	2.8441e-05	8.3926e-11	-10.0	-2.5
419.5	2.8439e-05	1.7405e-13	-10.0	-2.5
420.0	2.844e-05	8.9979e-12	-10.0	-2.5
420.5	2.8438e-05	1.1287e-11	-10.0	-2.5
421.0	2.8442e-05	9.8872e-12	-10.0	-2.5
421.5	2.844e-05	1.0543e-11	-10.0	-2.5
422.0	2.8437e-05	1.0649e-11	-10.0	-2.5
422.5	2.8439e-05	1.0849e-11	-10.0	-2.5
423.0	2.8438e-05	1.0666e-11	-10.0	-2.5
423.5	2.8435e-05	1.022e-11	-10.0	-2.5
424.0	2.8437e-05	1.1047e-11	-10.0	-2.5
424.5	2.8439e-05	1.0537e-11	-10.0	-2.5
425.0	2.8438e-05	1.1163e-11	-10.0	-2.5
425.5	2.8438e-05	1.0821e-11	-10.0	-2.5
426.0	2.8436e-05	1.0662e-11	-10.0	-2.5
426.5	2.8434e-05	1.0456e-11	-10.0	-2.5
427.0	2.8432e-05	1.0564e-11	-10.0	-2.5
427.5	2.8424e-05	1.0375e-11	-10.0	-2.5
428.0	2.842e-05	1.0651e-11	-10.0	-2.5
428.5	2.8425e-05	1.0592e-11	-10.0	-2.5
429.0	2.8424e-05	1.0419e-11	-10.0	-2.5
429.5	2.842e-05	1.0096e-11	-10.0	-2.5
430.0	2.8423e-05	1.0169e-11	-10.0	-2.5
430.5	2.8422e-05	1.0419e-11	-10.0	-2.5
431.0	2.842e-05	1.0774e-11	-10.0	-2.5
431.5	2.8414e-05	1.0143e-11	-10.0	-2.5
432.0	2.841e-05	1.0657e-11	-10.0	-2.5
432.5	2.8412e-05	1.0239e-11	-10.0	-2.5
433.0	2.8409e-05	1.0202e-11	-10.0	-2.5
433.5	2.8412e-05	9.9349e-12	-10.0	-2.5
434.0	2.8415e-05	1.0068e-11	-10.0	-2.5
434.5	2.8417e-05	1.0005e-11	-10.0	-2.5
435.0	2.8413e-05	9.476e-12	-10.0	-2.5
435.5	2.8416e-05	1.0619e-11	-10.0	-2.5
436.0	2.8412e-05	9.5415e-12	-10.0	-2.5
436.5	2.8415e-05	1.0118e-11	-10.0	-2.5
437.0	2.8412e-05	9.7001e-12	-10.0	-2.5
437.5	2.8412e-05	1.023e-11	-10.0	-2.5
438.0	2.8416e-05	9.1326e-12	-10.0	-2.5
438.5	2.8414e-05	9.8765e-12	-10.0	-2.5
439.0	2.8416e-05	1.0214e-11	-10.0	-2.5
439.5	2.8416e-05	9.5272e-12	-10.0	-2.5
440.0	2.8416e-05	1.0548e-11	-10.0	-2.5
440.5	2.8415e-05	1.0341e-11	-10.0	-2.5
441.0	2.842e-05	9.836e-12	-10.0	-2.5
441.5	2.8418e-05	1.0544e-11	-10.0	-2.5
442.0	2.8416e-05	9.8884e-12	-10.0	-2.5
442.5	2.8418e-05	1.0126e-11	-10.0	-2.5
443.0	2.8418e-05	9.836e-12	-10.0	-2.5
443.5	2.8418e-05	1.004e-11	-10.0	-2.5
444.0	2.8417e-05	1.0734e-11	-10.0	-2.5
444.5	2.8421e-05	9.4485e-12	-10.0	-2.5
445.0	2.8417e-05	9.5212e-12	-10.0	-2.5
445.5	2.8417e-05	9.9361e-12	-10.0	-2.5
446.0	2.842e-05	9.8145e-12	-10.0	-2.5
446.5	2.842e-05	9.9289e-12	-10.0	-2.5
447.0	2.8415e-05	9.4628e-12	-10.0	-2.5
447.5	2.8418e-05	9.5332e-12	-10.0	-2.5
448.0	2.8419e-05	1.0141e-11	-10.0	-2.5
448.5	2.8419e-05	9.7966e-12	-10.0	-2.5
449.0	2.8419e-05	9.5737e-12	-10.0	-2.5
449.5	2.8419e-05	1.0046e-11	-10.0	-2.5
450.0	2.8422e-05	9.9099e-12	-10.0	-2.5
450.5	2.8419e-05	9.8824e-12	-10.0	-2.5
451.0	2.8423e-05	9.5713e-12	-10.0	-2.5
451.5	2.8425e-05	1.0501e-11	-10.0	-2.5
452.0	2.8425e-05	9.1279e-12	-10.0	-2.5
452.5	2.8423e-05	1.0204e-11	-10.0	-2.5
453.0	2.8422e-05	9.9277e-12	-10.0	-2.5
453.5	2.8423e-05	1.0222e-11	-10.0	-2.5
454.0	2.8423e-05	1.0133e-11	-10.0	-2.5
454.5	2.8426e-05	1.0282e-11	-10.0	-2.5
455.0	2.8427e-05	1.0204e-11	-10.0	-2.5
455.5	2.8426e-05	9.4902e-12	-10.0	-2.5
456.0	2.8429e-05	9.7549e-12	-10.0	-2.5
456.5	2.8432e-05	1.003e-11	-10.0	-2.5
457.0	2.8431e-05	9.8467e-12	-10.0	-2.5
457.5	2.8434e-05	9.9063e-12	-10.0	-2.5
458.0	2.8431e-05	9.9695e-12	-10.0	-2.5
458.5	2.8431e-05	1.0825e-11	-10.0	-2.5
459.0	2.8429e-05	9.9647e-12	-10.0	-2.5
459.5	2.8431e-05	9.5212e-12	-10.0	-2.5
460.0	2.8431e-05	9.8491e-12	-10.0	-2.5
460.5	2.8434e-05	9.8229e-12	-10.0	-2.5
461.0	2.844e-05	9.7072e-12	-10.0	-2.5
461.5	2.8437e-05	1.0126e-11	-10.0	-2.5
462.0	2.8439e-05	1.0591e-11	-10.0	-2.5
462.5	2.8437e-05	9.6869e-12	-10.0	-2.5
463.0	2.8441e-05	9.7048e-12	-10.0	-2.5
463.5	2.844e-05	9.886e-12	-10.0	-2.5
464.0	2.8437e-05	9.7477e-12	-10.0	-2.5
464.5	2.844e-05	1.0195e-11	-10.0	-2.5
465.0	2.8442e-05	9.9015e-12	-10.0	-2.5
465.5	2.8441e-05	1.0166e-11	-10.0	-2.5
466.0	2.8449e-05	9.8455e-12	-10.0	-2.5
466.5	2.8452e-05	9.8133e-12	-10.0	-2.5
467.0	2.845e-05	9.8598e-12	-10.0	-2.5
467.5	2.845e-05	9.4593e-12	-10.0	-2.5
468.0	2.8447e-05	9.3114e-12	-10.0	-2.5
468.5	2.845e-05	9.2709e-12	-10.0	-2.5
469.0	2.8454e-05	9.8419e-12	-10.0	-2.5
469.5	2.8453e-05	9.7072e-12	-10.0	-2.5
470.0	2.8456e-05	9.6953e-12	-10.0	-2.5
470.5	2.8458e-05	8.9979e-12	-10.0	-2.5
471.0	2.8459e-05	9.9337e-12	-10.0	-2.5
471.5	2.8453e-05	1.007e-11	-10.0	-2.5
472.0	2.8459e-05	9.1982e-12	-10.0	-2.5
472.5	2.8454e-05	1.0049e-11	-10.0	-2.5
473.0	2.8456e-05	9.6822e-12	-10.0	-2.5
473.5	2.8458e-05	9.7835e-12	-10.0	-2.5
474.0	2.8458e-05	1.0165e-11	-10.0	-2.5
474.5	2.846e-05	9.588e-12	-10.0	-2.5
475.0	2.8467e-05	9.6512e-12	-10.0	-2.5
475.5	2.8461e-05	1.0217e-11	-10.0	-2.5
476.0	2.8463e-05	9.5356e-12	-10.0	-2.5
476.5	2.8463e-05	1.0201e-11	-10.0	-2.5
477.0	2.8466e-05	9.2745e-12	-10.0	-2.5
477.5	2.8467e-05	9.1827e-12	-10.0	-2.5
478.0	2.8472e-05	9.5487e-12	-10.0	-2.5
478.5	2.8467e-05	9.34e-12	-10.0	-2.5
479.0	2.847e-05	8.4901e-12	-10.0	-2.5
479.5	2.8468e-05	8.5341e-11	-10.0	-2.5
480.0	2.8469e-05	9.2498e-11	-10.0	-2.5
480.5	2.8473e-05	9.2998e-11	-10.0	-2.5
481.0	2.8472e-05	9.303e-11	-10.0	-2.5
481.5	2.8473e-05	9.1621e-11	-10.0	-2.5
482.0	2.8477e-05	9.0932e-11	-10.0	-2.5
482.5	2.8477e-05	9.0381e-11	-10.0	-2.5
483.0	2.8478e-05	8.9983e-11	-10.0	-2.5
483.5	2.8476e-05	9.006e-11	-10.0	-2.5
484.0	2.8483e-05	8.9097e-11	-10.0	-2.5
484.5	2.848e-05	8.9e-11	-10.0	-2.5
485.0	2.8482e-05	8.8711e-11	-10.0	-2.5
485.5	2.8486e-05	8.8294e-11	-10.0	-2.5
486.0	2.8488e-05	8.8136e-11	-10.0	-2.5
486.5	2.8489e-05	8.8371e-11	-10.0	-2.5
487.0	2.8489e-05	8.8526e-11	-10.0	-2.5
487.5	2.8492e-05	8.7594e-11	-10.0	-2.5
488.0	2.8487e-05	8.7961e-11	-10.0	-2.5
488.5	2.8485e-05	8.8254e-11	-10.0	-2.5
489.0	2.8488e-05	8.7807e-11	-10.0	-2.5
489.5	2.8489e-05	8.6876e-11	-10.0	-2.5
490.0	2.8493e-05	8.759e-11	-10.0	-2.5
490.5	2.8491e-05	8.695e-11	-10.0	-2.5
491.0	2.8494e-05	8.7782e-11	-10.0	-2.5
491.5	2.8491e-05	8.68e-11	-10.0	-2.5
492.0	2.8491e-05	8.7599e-11	-10.0	-2.5
492.5	2.8487e-05	8.7086e-11	-10.0	-2.5
493.0	2.849e-05	8.6963e-11	-10.0	-2.5
493.5	2.849e-05	8.6628e-11	-10.0	-2.5
494.0	2.8487e-05	8.6957e-11	-10.0	-2.5
494.5	2.8488e-05	8.665e-11	-10.0	-2.5
495.0	2.849e-05	8.7192e-11	-10.0	-2.5
495.5	2.8485e-05	8.669e-11	-10.0	-2.5
496.0	2.848e-05	8.6716e-11	-10.0	-2.5
496.5	2.8479e-05	8.6772e-11	-10.0	-2.5
497.0	2.8476e-05	8.6499e-11	-10.0	-2.5
497.5	2.8479e-05	8.709e-11	-10.0	-2.5
498.0	2.8479e-05	8.6734e-11	-10.0	-2.5
498.5	2.8476e-05	8.6112e-11	-10.0	-2.5
499.0	2.8474e-05	8.6024e-11	-10.0	-2.5
499.5	2.8476e-05	8.6457e-11	-10.0	-2.5
500.0	2.8472e-05	8.5477e-11	-10.0	-2.5
500.5	2.8466e-05	8.6565e-11	-10.0	-2.5
501.0	2.8469e-05	8.6707e-11	-10.0	-2.5
501.5	2.8469e-05	8.6319e-11	-10.0	-2.5
502.0	2.847e-05	8.5695e-11	-10.0	-2.5
502.5	2.8469e-05	8.6442e-11	-10.0	-2.5
503.0	2.8466e-05	8.5926e-11	-10.0	-2.5
503.5	2.8468e-05	8.5913e-11	-10.0	-2.5
504.0	2.8462e-05	8.6349e-11	-10.0	-2.5
504.5	2.8461e-05	8.5467e-11	-10.0	-2.5
505.0	2.8452e-05	8.6907e-11	-10.0	-2.5
505.5	2.8452e-05	8.5881e-11	-10.0	-2.5
506.0	2.8454e-05	8.5895e-11	-10.0	-2.5
506.5	2.8452e-05	8.5079e-11	-10.0	-2.5
507.0	2.8452e-05	8.5701e-11	-10.0	-2.5
507.5	2.845e-05	8.5684e-11	-10.0	-2.5
508.0	2.8447e-05	8.6485e-11	-10.0	-2.5
508.5	2.8449e-05	8.6052e-11	-10.0	-2.5
509.0	2.8446e-05	8.5617e-11	-10.0	-2.5
509.5	2.8451e-05	8.6116e-11	-10.0	-2.5
510.0	2.8446e-05	8.6203e-11	-10.0	-2.5
510.5	2.8443e-05	8.5805e-11	-10.0	-2.5
511.0	2.8441e-05	8.5674e-11	-10.0	-2.5
511.5	2.8443e-05	8.546e-11	-10.0	-2.5
512.0	2.8446e-05	8.5694e-11	-10.0	-2.5
512.5	2.8442e-05	8.5897e-11	-10.0	-2.5
513.0	2.8446e-05	8.5503e-11	-10.0	-2.5
513.5	2.8437e-05	8.5993e-11	-10.0	-2.5
514.0	2.8438e-05	8.5441e-11	-10.0	-2.5
514.5	2.8432e-05	8.5454e-11	-10.0	-2.5
515.0	2.8432e-05	8.5516e-11	-10.0	-2.5
515.5	2.8426e-05	8.4995e-11	-10.0	-2.5
516.0	2.8423e-05	8.482e-11	-10.0	-2.5
516.5	2.8424e-05	8.5627e-11	-10.0	-2.5
517.0	2.8423e-05	8.4722e-11	-10.0	-2.5
517.5	2.8421e-05	8.5142e-11	-10.0	-2.5
518.0	2.8419e-05	8.5166e-11	-10.0	-2.5
518.5	2.8419e-05	8.5353e-11	-10.0	-2.5
519.0	2.8418e-05	8.5115e-11	-10.0	-2.5
519.5	2.8415e-05	8.5371e-11	-10.0	-2.5
520.0	2.8419e-05	8.4895e-11	-10.0	-2.5
520.5	2.8421e-05	8.527e-11	-10.0	-2.5
521.0	2.8418e-05	8.4783e-11	-10.0	-2.5
521.5	2.842e-05	8.4903e-11	-10.0	-2.5
522.0	2.8417e-05	8.5144e-11	-10.0	-2.5
522.5	2.8415e-05	8.5262e-11	-10.0	-2.5
523.0	2.8409e-05	8.5182e-11	-10.0	-2.5
523.5	2.841e-05	8.4689e-11	-10.0	-2.5
524.0	2.841e-05	8.5345e-11	-10.0	-2.5
524.5	2.8409e-05	8.4947e-11	-10.0	-2.5
525.0	2.841e-05	8.4478e-11	-10.0	-2.5
525.5	2.8404e-05	8.4955e-11	-10.0	-2.5
526.0	2.8399e-05	8.5176e-11	-10.0	-2.5
526.5	2.8401e-05	8.4916e-11	-10.0	-2.5
527.0	2.8403e-05	8.4071e-11	-10.0	-2.5
527.5	2.8401e-05	8.4768e-11	-10.0	-2.5
528.0	2.8399e-05	8.5266e-11	-10.0	-2.5
528.5	2.8392e-05	8.4752e-11	-10.0	-2.5
529.0	2.8387e-05	8.4832e-11	-10.0	-2.5
529.5	2.8381e-05	8.4437e-11	-10.0	-2.5
530.0	2.8381e-05	8.5007e-11	-10.0	-2.5
530.5	2.8382e-05	8.4087e-11	-10.0	-2.5
531.0	2.8376e-05	8.4807e-11	-10.0	-2.5
531.5	2.8376e-05	8.4889e-11	-10.0	-2.5
532.0	2.838e-05	8.5629e-11	-10.0	-2.5
532.5	2.8378e-05	8.5174e-11	-10.0	-2.5
533.0	2.8377e-05	8.489e-11	-10.0	-2.5
533.5	2.8376e-05	8.4364e-11	-10.0	-2.5
534.0	2.8375e-05	8.5295e-11	-10.0	-2.5
534.5	2.8375e-05	8.4382e-11	-10.0	-2.5
535.0	2.8374e-05	8.469e-11	-10.0	-2.5
535.5	2.8374e-05	8.5477e-11	-10.0	-2.5
536.0	2.8374e-05	8.491e-11	-10.0	-2.5
536.5	2.8368e-05	8.4516e-11	-10.0	-2.5
537.0	2.8369e-05	8.4746e-11	-10.0	-2.5
537.5	2.8365e-05	8.4852e-11	-10.0	-2.5
538.0	2.8364e-05	8.4946e-11	-10.0	-2.5
538.5	2.8359e-05	8.4958e-11	-10.0	-2.5
539.0	2.8361e-05	8.352e-11	-10.0	-2.5
539.5	2.8359e-05	1.9968e-12	-10.0	-2.5
540.0	2.8359e-05	8.5461e-12	-10.0	-2.5
540.5	2.8357e-05	9.4807e-12	-10.0	-2.5
541.0	2.8353e-05	9.6536e-12	-10.0	-2.5
541.5	2.8356e-05	1.029e-11	-10.0	-2.5
542.0	2.8355e-05	1.0223e-11	-10.0	-2.5
542.5	2.8349e-05	1.042e-11	-10.0	-2.5
543.0	2.8344e-05	9.4688e-12	-10.0	-2.5
543.5	2.8342e-05	9.5236e-12	-10.0	-2.5
544.0	2.8339e-05	9.7287e-12	-10.0	-2.5
544.5	2.8341e-05	9.8109e-12	-10.0	-2.5
545.0	2.8336e-05	1.0551e-11	-10.0	-2.5
545.5	2.8334e-05	9.4664e-12	-10.0	-2.5
546.0	2.8332e-05	9.6095e-12	-10.0	-2.5
546.5	2.833e-05	9.4163e-12	-10.0	-2.5
547.0	2.8327e-05	1.0177e-11	-10.0	-2.5
547.5	2.8323e-05	9.6142e-12	-10.0	-2.5
548.0	2.8324e-05	9.9552e-12	-10.0	-2.5
548.5	2.8326e-05	9.5797e-12	-10.0	-2.5
549.0	2.8323e-05	9.6536e-12	-10.0	-2.5
549.5	2.8316e-05	9.8646e-12	-10.0	-2.5
550.0	2.8319e-05	1.0124e-11	-10.0	-2.5
550.5	2.8319e-05	9.8157e-12	-10.0	-2.5
551.0	2.8321e-05	1.0122e-11	-10.0	-2.5
551.5	2.8323e-05	9.8574e-12	-10.0	-2.5
552.0	2.8321e-05	1.0008e-11	-10.0	-2.5
552.5	2.8317e-05	9.9957e-12	-10.0	-2.5
553.0	2.8315e-05	9.7203e-12	-10.0	-2.5
553.5	2.8314e-05	8.8584e-12	-10.0	-2.5
554.0	2.8315e-05	9.8789e-12	-10.0	-2.5
554.5	2.8314e-05	9.9337e-12	-10.0	-2.5
555.0	2.8313e-05	9.7847e-12	-10.0	-2.5
555.5	2.8314e-05	9.5642e-12	-10.0	-2.5
556.0	2.8318e-05	9.6989e-12	-10.0	-2.5
556.5	2.832e-05	9.8217e-12	-10.0	-2.5
557.0	2.8319e-05	9.8383e-12	-10.0	-2.5
557.5	2.8315e-05	9.7704e-12	-10.0	-2.5
558.0	2.8317e-05	1.0145e-11	-10.0	-2.5
558.5	2.8318e-05	9.7978e-12	-10.0	-2.5
559.0	2.8318e-05	9.8824e-12	-10.0	-2.5
559.5	2.8317e-05	9.5415e-12	-10.0	-2.5
560.0	2.8321e-05	1.0082e-11	-10.0	-2.5
560.5	2.8325e-05	9.7132e-12	-10.0	-2.5
561.0	2.8322e-05	9.985e-12	-10.0	-2.5
561.5	2.8322e-05	9.7144e-12	-10.0	-2.5
562.0	2.8322e-05	9.2077e-12	-10.0	-2.5
562.5	2.8324e-05	9.7346e-12	-10.0	-2.5
563.0	2.8322e-05	9.135e-12	-10.0	-2.5
563.5	2.8316e-05	9.7024e-12	-10.0	-2.5
564.0	2.8316e-05	9.8562e-12	-10.0	-2.5
564.5	2.8321e-05	9.7978e-12	-10.0	-2.5
565.0	2.8324e-05	9.2328e-12	-10.0	-2.5
565.5	2.8324e-05	9.7871e-12	-10.0	-2.5
566.0	2.8326e-05	9.4867e-12	-10.0	-2.5
566.5	2.8326e-05	8.8084e-12	-10.0	-2.5
567.0	2.8321e-05	9.3889e-12	-10.0	-2.5
567.5	2.8322e-05	8.9145e-12	-10.0	-2.5
568.0	2.8324e-05	9.3722e-12	-10.0	-2.5
568.5	2.8325e-05	9.0373e-12	-10.0	-2.5
569.0	2.8322e-05	9.3067e-12	-10.0	-2.5
569.5	2.8316e-05	9.5725e-12	-10.0	-2.5
570.0	2.8323e-05	9.1159e-12	-10.0	-2.5
570.5	2.8321e-05	9.6989e-12	-10.0	-2.5
571.0	2.8321e-05	9.65e-12	-10.0	-2.5
571.5	2.8321e-05	9.7609e-12	-10.0	-2.5
572.0	2.832e-05	8.9729e-12	-10.0	-2.5
572.5	2.8324e-05	9.4307e-12	-10.0	-2.5
573.0	2.8323e-05	8.5068e-12	-10.0	-2.5
573.5	2.8322e-05	9.3269e-12	-10.0	-2.5
574.0	2.8325e-05	9.4187e-12	-10.0	-2.5
574.5	2.8325e-05	9.1159e-12	-10.0	-2.5
575.0	2.8324e-05	8.7094e-12	-10.0	-2.5
575.5	2.8331e-05	9.3484e-12	-10.0	-2.5
576.0	2.8331e-05	9.29e-12	-10.0	-2.5
576.5	2.8328e-05	9.0683e-12	-10.0	-2.5
577.0	2.8328e-05	1.0066e-11	-10.0	-2.5
577.5	2.8327e-05	9.8264e-12	-10.0	-2.5
578.0	2.8325e-05	9.3746e-12	-10.0	-2.5
578.5	2.8333e-05	9.1779e-12	-10.0	-2.5
579.0	2.8331e-05	9.0337e-12	-10.0	-2.5
579.5	2.8332e-05	9.9516e-12	-10.0	-2.5
580.0	2.833e-05	9.4974e-12	-10.0	-2.5
580.5	2.8334e-05	9.7334e-12	-10.0	-2.5
581.0	2.8339e-05	8.2374e-12	-10.0	-2.5
581.5	2.8332e-05	9.1374e-12	-10.0	-2.5
582.0	2.8332e-05	9.203e-12	-10.0	-2.5
582.5	2.8336e-05	9.4557e-12	-10.0	-2.5
583.0	2.8336e-05	9.2864e-12	-10.0	-2.5
583.5	2.8336e-05	9.1636e-12	-10.0	-2.5
584.0	2.8344e-05	9.2769e-12	-10.0	-2.5
584.5	2.8343e-05	9.7334e-12	-10.0	-2.5
585.0	2.834e-05	8.9109e-12	-10.0	-2.5
585.5	2.8343e-05	9.4307e-12	-10.0	-2.5
586.0	2.8339e-05	9.7835e-12	-10.0	-2.5
586.5	2.8342e-05	9.5677e-12	-10.0	-2.5
587.0	2.8346e-05	8.8382e-12	-10.0	-2.5
587.5	2.8342e-05	9.5034e-12	-10.0	-2.5
588.0	2.8344e-05	9.6142e-12	-10.0	-2.5
588.5	2.8348e-05	9.4521e-12	-10.0	-2.5
589.0	2.8349e-05	9.5224e-12	-10.0	-2.5
589.5	2.8349e-05	9.6262e-12	-10.0	-2.5
590.0	2.8353e-05	9.7227e-12	-10.0	-2.5
590.5	2.835e-05	9.284e-12	-10.0	-2.5
591.0	2.835e-05	1.0078e-11	-10.0	-2.5
591.5	2.835e-05	9.4652e-12	-10.0	-2.5
592.0	2.835e-05	9.4414e-12	-10.0	-2.5
592.5	2.8354e-05	9.3174e-12	-10.0	-2.5
593.0	2.8358e-05	9.4473e-12	-10.0	-2.5
593.5	2.8355e-05	9.1362e-12	-10.0	-2.5
594.0	2.8363e-05	9.2292e-12	-10.0	-2.5
594.5	2.8362e-05	9.8538e-12	-10.0	-2.5
595.0	2.8358e-05	9.4616e-12	-10.0	-2.5
595.5	2.8363e-05	9.6667e-12	-10.0	-2.5
596.0	2.8363e-05	9.5034e-12	-10.0	-2.5
596.5	2.8357e-05	9.0778e-12	-10.0	-2.5
597.0	2.8358e-05	9.9683e-12	-10.0	-2.5
597.5	2.8362e-05	8.5211e-12	-10.0	-2.5
598.0	2.8364e-05	9.9122e-12	-10.0	-2.5
598.5	2.8366e-05	8.7249e-12	-10.0	-2.5
599.0	2.8365e-05	9.414e-12	-10.0	-2.5
599.5	2.8364e-05	9.4902e-12	-10.0	-2.5
600.0	2.8365e-05	8.8775e-12	-10.0	-2.5
600.5	2.837e-05	9.4307e-12	-10.0	-2.5
601.0	2.837e-05	9.4652e-12	-10.0	-2.5
601.5	2.8371e-05	9.4497e-12	-10.0	-2.5
602.0	2.8373e-05	9.4426e-12	-10.0	-2.5
602.5	2.8376e-05	9.3389e-12	-10.0	-2.5
603.0	2.8376e-05	9.7561e-12	-10.0	-2.5
603.5	2.8378e-05	1.0024e-11	-10.0	-2.5
604.0	2.8374e-05	9.6846e-12	-10.0	-2.5
604.5	2.8374e-05	9.5344e-12	-10.0	-2.5
605.0	2.8375e-05	9.7191e-12	-10.0	-2.5
605.5	2.8374e-05	9.7799e-12	-10.0	-2.5
606.0	2.8375e-05	9.7597e-12	-10.0	-2.5
606.5	2.8375e-05	9.5809e-12	-10.0	-2.5
607.0	2.8373e-05	9.4438e-12	-10.0	-2.5
607.5	2.8376e-05	9.3532e-12	-10.0	-2.5
608.0	2.8374e-05	9.3961e-12	-10.0	-2.5
608.5	2.8376e-05	9.5081e-12	-10.0	-2.5
609.0	2.838e-05	1.0184e-11	-10.0	-2.5
609.5	2.838e-05	1.0215e-11	-10.0	-2.5
610.0	2.8386e-05	9.9671e-12	-10.0	-2.5
610.5	2.8386e-05	9.4926e-12	-10.0	-2.5
611.0	2.8388e-05	9.2757e-12	-10.0	-2.5
611.5	2.8386e-05	9.3842e-12	-10.0	-2.5
612.0	2.839e-05	9.1791e-12	-10.0	-2.5
612.5	2.8386e-05	9.7144e-12	-10.0	-2.5
613.0	2.8384e-05	1.0189e-11	-10.0	-2.5
613.5	2.8384e-05	9.0432e-12	-10.0	-2.5
614.0	2.8385e-05	8.986e-12	-10.0	-2.5
614.5	2.8388e-05	9.3424e-12	-10.0	-2.5
615.0	2.8394e-05	9.6393e-12	-10.0	-2.5
615.5	2.8394e-05	9.1124e-12	-10.0	-2.5
616.0	2.8393e-05	9.7418e-12	-10.0	-2.5
616.5	2.8398e-05	9.228e-12	-10.0	-2.5
617.0	2.8396e-05	9.2888e-12	-10.0	-2.5
617.5	2.84e-05	9.4414e-12	-10.0	-2.5
618.0	2.8399e-05	9.8765e-12	-10.0	-2.5
618.5	2.84e-05	9.8586e-12	-10.0	-2.5
619.0	2.84e-05	9.6869e-12	-10.0	-2.5
619.5	2.8401e-05	9.0885e-12	-10.0	-2.5
620.0	2.84e-05	9.8264e-12	-10.0	-2.5
620.5	2.8398e-05	9.6393e-12	-10.0	-2.5
621.0	2.8401e-05	9.8133e-12	-10.0	-2.5
621.5	2.84e-05	9.7728e-12	-10.0	-2.5
622.0	2.8406e-05	9.7382e-12	-10.0	-2.5
622.5	2.8405e-05	9.259e-12	-10.0	-2.5
623.0	2.8405e-05	8.8847e-12	-10.0	-2.5
623.5	2.8407e-05	9.433e-12	-10.0	-2.5
624.0	2.841e-05	9.1457e-12	-10.0	-2.5
624.5	2.8409e-05	9.11e-12	-10.0	-2.5
