Time (s)	|IDrain (A)|	|IGate (A)	Vdrain(V)	Vgate(V)
0.0	2.7609e-05	1.2872e-10	-10.0	-2.5
1.0	2.7614e-05	2.6697e-11	-10.0	-2.5
1.5	2.7614e-05	2.0522e-11	-10.0	-2.5
2.0	2.7621e-05	1.7245e-11	-10.0	-2.5
2.5	2.7626e-05	1.6034e-11	-10.0	-2.5
3.0	2.7629e-05	1.3888e-11	-10.0	-2.5
3.5	2.7639e-05	1.362e-11	-10.0	-2.5
4.0	2.7643e-05	1.2965e-11	-10.0	-2.5
4.5	2.7645e-05	1.254e-11	-10.0	-2.5
5.0	2.7652e-05	1.2262e-11	-10.0	-2.5
5.5	2.7655e-05	1.2e-11	-10.0	-2.5
6.0	2.7658e-05	1.2139e-11	-10.0	-2.5
6.5	2.7664e-05	1.0961e-11	-10.0	-2.5
7.0	2.7666e-05	1.1066e-11	-10.0	-2.5
7.5	2.7669e-05	1.1411e-11	-10.0	-2.5
8.0	2.767e-05	1.1284e-11	-10.0	-2.5
8.5	2.7675e-05	1.1095e-11	-10.0	-2.5
9.0	2.7675e-05	1.0569e-11	-10.0	-2.5
9.5	2.7679e-05	1.0829e-11	-10.0	-2.5
10.0	2.7679e-05	1.054e-11	-10.0	-2.5
10.5	2.7683e-05	1.055e-11	-10.0	-2.5
11.0	2.7684e-05	1.0287e-11	-10.0	-2.5
11.5	2.7689e-05	1.1143e-11	-10.0	-2.5
12.0	2.7687e-05	1.0731e-11	-10.0	-2.5
12.5	2.7695e-05	1.0819e-11	-10.0	-2.5
13.0	2.7698e-05	1.0477e-11	-10.0	-2.5
13.5	2.7701e-05	1.027e-11	-10.0	-2.5
14.0	2.7702e-05	1.0887e-11	-10.0	-2.5
14.5	2.7705e-05	1.0595e-11	-10.0	-2.5
15.0	2.7712e-05	1.0279e-11	-10.0	-2.5
15.5	2.7711e-05	1.0178e-11	-10.0	-2.5
16.0	2.7713e-05	1.0152e-11	-10.0	-2.5
16.5	2.7717e-05	1.0394e-11	-10.0	-2.5
17.0	2.7725e-05	9.9039e-12	-10.0	-2.5
17.5	2.7722e-05	1.0881e-11	-10.0	-2.5
18.0	2.7724e-05	1.0842e-11	-10.0	-2.5
18.5	2.7728e-05	1.0858e-11	-10.0	-2.5
19.0	2.7722e-05	1.0459e-11	-10.0	-2.5
19.5	2.7732e-05	1.023e-11	-10.0	-2.5
20.0	2.7733e-05	9.9671e-12	-10.0	-2.5
20.5	2.7735e-05	1.0252e-11	-10.0	-2.5
21.0	2.774e-05	9.9695e-12	-10.0	-2.5
21.5	2.7744e-05	1.0582e-11	-10.0	-2.5
22.0	2.7747e-05	1.0331e-11	-10.0	-2.5
22.5	2.7755e-05	1.0588e-11	-10.0	-2.5
23.0	2.7752e-05	1.0117e-11	-10.0	-2.5
23.5	2.7753e-05	1.0122e-11	-10.0	-2.5
24.0	2.7761e-05	9.8991e-12	-10.0	-2.5
24.5	2.7762e-05	1.0417e-11	-10.0	-2.5
25.0	2.7766e-05	1.0152e-11	-10.0	-2.5
25.5	2.777e-05	9.9301e-12	-10.0	-2.5
26.0	2.7768e-05	9.9492e-12	-10.0	-2.5
26.5	2.777e-05	1.0041e-11	-10.0	-2.5
27.0	2.7773e-05	9.7036e-12	-10.0	-2.5
27.5	2.7774e-05	1.0585e-11	-10.0	-2.5
28.0	2.778e-05	9.979e-12	-10.0	-2.5
28.5	2.7786e-05	9.6476e-12	-10.0	-2.5
29.0	2.7785e-05	1.0166e-11	-10.0	-2.5
29.5	2.7793e-05	1.0449e-11	-10.0	-2.5
30.0	2.78e-05	9.6703e-12	-10.0	-2.5
30.5	2.7799e-05	1.0314e-11	-10.0	-2.5
31.0	2.7798e-05	9.9337e-12	-10.0	-2.5
31.5	2.7798e-05	1.0709e-11	-10.0	-2.5
32.0	2.7802e-05	9.7311e-12	-10.0	-2.5
32.5	2.78e-05	9.9981e-12	-10.0	-2.5
33.0	2.7808e-05	1.0424e-11	-10.0	-2.5
33.5	2.7806e-05	9.9337e-12	-10.0	-2.5
34.0	2.7809e-05	1.012e-11	-10.0	-2.5
34.5	2.7812e-05	9.6273e-12	-10.0	-2.5
35.0	2.7816e-05	9.6953e-12	-10.0	-2.5
35.5	2.7815e-05	1.0288e-11	-10.0	-2.5
36.0	2.7819e-05	1.0029e-11	-10.0	-2.5
36.5	2.7821e-05	1.0233e-11	-10.0	-2.5
37.0	2.7822e-05	1.0717e-11	-10.0	-2.5
37.5	2.7825e-05	9.5916e-12	-10.0	-2.5
38.0	2.7824e-05	9.7549e-12	-10.0	-2.5
38.5	2.7829e-05	1.0641e-11	-10.0	-2.5
39.0	2.7836e-05	1.0436e-11	-10.0	-2.5
39.5	2.7833e-05	1.0476e-11	-10.0	-2.5
40.0	2.7834e-05	9.6905e-12	-10.0	-2.5
40.5	2.784e-05	9.942e-12	-10.0	-2.5
41.0	2.7841e-05	1.0177e-11	-10.0	-2.5
41.5	2.7843e-05	9.6512e-12	-10.0	-2.5
42.0	2.7846e-05	1.0154e-11	-10.0	-2.5
42.5	2.7847e-05	1.0409e-11	-10.0	-2.5
43.0	2.785e-05	1.0207e-11	-10.0	-2.5
43.5	2.7854e-05	9.9122e-12	-10.0	-2.5
44.0	2.7852e-05	9.6691e-12	-10.0	-2.5
44.5	2.7852e-05	1.0681e-11	-10.0	-2.5
45.0	2.7859e-05	1.0134e-11	-10.0	-2.5
45.5	2.7863e-05	1.035e-11	-10.0	-2.5
46.0	2.7867e-05	9.6083e-12	-10.0	-2.5
46.5	2.7872e-05	1.0118e-11	-10.0	-2.5
47.0	2.787e-05	9.6774e-12	-10.0	-2.5
47.5	2.787e-05	9.7358e-12	-10.0	-2.5
48.0	2.7874e-05	1.0371e-11	-10.0	-2.5
48.5	2.7877e-05	1.0362e-11	-10.0	-2.5
49.0	2.7879e-05	9.5189e-12	-10.0	-2.5
49.5	2.7881e-05	9.8073e-12	-10.0	-2.5
50.0	2.7883e-05	9.886e-12	-10.0	-2.5
50.5	2.7881e-05	9.6917e-12	-10.0	-2.5
51.0	2.7879e-05	8.93e-12	-10.0	-2.5
51.5	2.7883e-05	9.8479e-12	-10.0	-2.5
52.0	2.7889e-05	1.0441e-11	-10.0	-2.5
52.5	2.7889e-05	9.9456e-12	-10.0	-2.5
53.0	2.7894e-05	1.0605e-11	-10.0	-2.5
53.5	2.7899e-05	1.0263e-11	-10.0	-2.5
54.0	2.7902e-05	1.0305e-11	-10.0	-2.5
54.5	2.7899e-05	1.0312e-11	-10.0	-2.5
55.0	2.7902e-05	1.0046e-11	-10.0	-2.5
55.5	2.7902e-05	9.6428e-12	-10.0	-2.5
56.0	2.7901e-05	1.0712e-11	-10.0	-2.5
56.5	2.7911e-05	1.0581e-11	-10.0	-2.5
57.0	2.7916e-05	1.0008e-11	-10.0	-2.5
57.5	2.7912e-05	1.058e-11	-10.0	-2.5
58.0	2.7912e-05	9.8169e-12	-10.0	-2.5
58.5	2.7916e-05	1.0326e-11	-10.0	-2.5
59.0	2.7916e-05	1.0209e-11	-10.0	-2.5
59.5	2.7921e-05	1.012e-11	-10.0	-2.5
60.0	2.7916e-05	1.0596e-11	-10.0	-2.5
60.5	2.792e-05	9.898e-12	-10.0	-2.5
61.0	2.792e-05	1.0364e-11	-10.0	-2.5
61.5	2.7921e-05	1.0517e-11	-10.0	-2.5
62.0	2.7925e-05	1.0253e-11	-10.0	-2.5
62.5	2.7924e-05	1.038e-11	-10.0	-2.5
63.0	2.7927e-05	1.0306e-11	-10.0	-2.5
63.5	2.7932e-05	1.0611e-11	-10.0	-2.5
64.0	2.7935e-05	9.9754e-12	-10.0	-2.5
64.5	2.7938e-05	9.9552e-12	-10.0	-2.5
65.0	2.7939e-05	9.8038e-12	-10.0	-2.5
65.5	2.7941e-05	9.9671e-12	-10.0	-2.5
66.0	2.7938e-05	1.0011e-11	-10.0	-2.5
66.5	2.794e-05	9.5642e-12	-10.0	-2.5
67.0	2.7946e-05	1.0306e-11	-10.0	-2.5
67.5	2.7938e-05	1.0045e-11	-10.0	-2.5
68.0	2.7951e-05	9.985e-12	-10.0	-2.5
68.5	2.7954e-05	1.011e-11	-10.0	-2.5
69.0	2.795e-05	1.0009e-11	-10.0	-2.5
69.5	2.7952e-05	1.0549e-11	-10.0	-2.5
70.0	2.7955e-05	9.7394e-12	-10.0	-2.5
70.5	2.796e-05	1.0046e-11	-10.0	-2.5
71.0	2.7958e-05	9.8598e-12	-10.0	-2.5
71.5	2.7964e-05	1.008e-11	-10.0	-2.5
72.0	2.7964e-05	1.0185e-11	-10.0	-2.5
72.5	2.7967e-05	1.0817e-11	-10.0	-2.5
73.0	2.797e-05	9.594e-12	-10.0	-2.5
73.5	2.7967e-05	1.0324e-11	-10.0	-2.5
74.0	2.7969e-05	1.012e-11	-10.0	-2.5
74.5	2.7973e-05	1.0501e-11	-10.0	-2.5
75.0	2.7974e-05	1.0531e-11	-10.0	-2.5
75.5	2.7978e-05	1.0097e-11	-10.0	-2.5
76.0	2.798e-05	1.0151e-11	-10.0	-2.5
76.5	2.7979e-05	1.0601e-11	-10.0	-2.5
77.0	2.7985e-05	1.0258e-11	-10.0	-2.5
77.5	2.7988e-05	1.0132e-11	-10.0	-2.5
78.0	2.7993e-05	1.004e-11	-10.0	-2.5
78.5	2.7993e-05	1.0643e-11	-10.0	-2.5
79.0	2.8002e-05	1.1421e-11	-10.0	-2.5
79.5	2.8003e-05	1.0059e-11	-10.0	-2.5
80.0	2.7998e-05	1.0667e-11	-10.0	-2.5
80.5	2.8004e-05	9.4616e-12	-10.0	-2.5
81.0	2.8004e-05	1.0763e-11	-10.0	-2.5
81.5	2.8001e-05	1.0312e-11	-10.0	-2.5
82.0	2.8001e-05	9.6035e-12	-10.0	-2.5
82.5	2.8002e-05	1.0173e-11	-10.0	-2.5
83.0	2.8002e-05	1.0136e-11	-10.0	-2.5
83.5	2.8007e-05	1.0264e-11	-10.0	-2.5
84.0	2.8007e-05	1.0309e-11	-10.0	-2.5
84.5	2.8014e-05	1.1044e-11	-10.0	-2.5
85.0	2.8014e-05	1.0401e-11	-10.0	-2.5
85.5	2.8017e-05	1.0157e-11	-10.0	-2.5
86.0	2.8013e-05	1.0346e-11	-10.0	-2.5
86.5	2.8021e-05	1.0464e-11	-10.0	-2.5
87.0	2.8017e-05	1.0177e-11	-10.0	-2.5
87.5	2.8019e-05	1.042e-11	-10.0	-2.5
88.0	2.8024e-05	9.7501e-12	-10.0	-2.5
88.5	2.8019e-05	1.0843e-11	-10.0	-2.5
89.0	2.8019e-05	1.0725e-11	-10.0	-2.5
89.5	2.8015e-05	9.9528e-12	-10.0	-2.5
90.0	2.8024e-05	1.0556e-11	-10.0	-2.5
90.5	2.8028e-05	1.0504e-11	-10.0	-2.5
91.0	2.8028e-05	1.0214e-11	-10.0	-2.5
91.5	2.8026e-05	9.6738e-12	-10.0	-2.5
92.0	2.8031e-05	1.0145e-11	-10.0	-2.5
92.5	2.8037e-05	1.0338e-11	-10.0	-2.5
93.0	2.8034e-05	1.0889e-11	-10.0	-2.5
93.5	2.8038e-05	9.3234e-12	-10.0	-2.5
94.0	2.8042e-05	1.0674e-11	-10.0	-2.5
94.5	2.8042e-05	1.0151e-11	-10.0	-2.5
95.0	2.8044e-05	1.0089e-11	-10.0	-2.5
95.5	2.8047e-05	9.5677e-12	-10.0	-2.5
96.0	2.8055e-05	9.9409e-12	-10.0	-2.5
96.5	2.8053e-05	1.0145e-11	-10.0	-2.5
97.0	2.8059e-05	1.0461e-11	-10.0	-2.5
97.5	2.8056e-05	9.8538e-12	-10.0	-2.5
98.0	2.8056e-05	1.0104e-11	-10.0	-2.5
98.5	2.8062e-05	1.0356e-11	-10.0	-2.5
99.0	2.8062e-05	1.0308e-11	-10.0	-2.5
99.5	2.8059e-05	1.0455e-11	-10.0	-2.5
100.0	2.8062e-05	1.0709e-11	-10.0	-2.5
100.5	2.8063e-05	1.037e-11	-10.0	-2.5
101.0	2.807e-05	1.0163e-11	-10.0	-2.5
101.5	2.8069e-05	1.0089e-11	-10.0	-2.5
102.0	2.8073e-05	1.0527e-11	-10.0	-2.5
102.5	2.8076e-05	1.026e-11	-10.0	-2.5
103.0	2.808e-05	1.0638e-11	-10.0	-2.5
103.5	2.8086e-05	1.0476e-11	-10.0	-2.5
104.0	2.808e-05	1.0552e-11	-10.0	-2.5
104.5	2.808e-05	9.8395e-12	-10.0	-2.5
105.0	2.8083e-05	1.0297e-11	-10.0	-2.5
105.5	2.8083e-05	1.0292e-11	-10.0	-2.5
106.0	2.8086e-05	1.025e-11	-10.0	-2.5
106.5	2.8091e-05	1.0271e-11	-10.0	-2.5
107.0	2.8092e-05	1.0381e-11	-10.0	-2.5
107.5	2.8094e-05	1.071e-11	-10.0	-2.5
108.0	2.809e-05	1.0153e-11	-10.0	-2.5
108.5	2.8093e-05	9.3722e-12	-10.0	-2.5
109.0	2.8093e-05	1.0905e-11	-10.0	-2.5
109.5	2.8094e-05	1.0124e-11	-10.0	-2.5
110.0	2.8097e-05	1.0426e-11	-10.0	-2.5
110.5	2.81e-05	1.0409e-11	-10.0	-2.5
111.0	2.8107e-05	9.8622e-12	-10.0	-2.5
111.5	2.8106e-05	9.7764e-12	-10.0	-2.5
112.0	2.81e-05	1.0575e-11	-10.0	-2.5
112.5	2.8106e-05	9.8574e-12	-10.0	-2.5
113.0	2.811e-05	1.0617e-11	-10.0	-2.5
113.5	2.8112e-05	1.0377e-11	-10.0	-2.5
114.0	2.8111e-05	1.0686e-11	-10.0	-2.5
114.5	2.8117e-05	1.0248e-11	-10.0	-2.5
115.0	2.8118e-05	1.0101e-11	-10.0	-2.5
115.5	2.812e-05	1.008e-11	-10.0	-2.5
116.0	2.8125e-05	1.0933e-11	-10.0	-2.5
116.5	2.8123e-05	1.0331e-11	-10.0	-2.5
117.0	2.8124e-05	1.0302e-11	-10.0	-2.5
117.5	2.8126e-05	1.0439e-11	-10.0	-2.5
118.0	2.8129e-05	9.7108e-12	-10.0	-2.5
118.5	2.8125e-05	1.0514e-11	-10.0	-2.5
119.0	2.8134e-05	1.0203e-11	-10.0	-2.5
119.5	2.8133e-05	1.0358e-11	-10.0	-2.5
120.0	2.8135e-05	6.0556e-11	-10.0	-2.5
120.5	2.8138e-05	6.9627e-11	-10.0	-2.5
121.0	2.8135e-05	7.0164e-11	-10.0	-2.5
121.5	2.8141e-05	7.0739e-11	-10.0	-2.5
122.0	2.8146e-05	6.9922e-11	-10.0	-2.5
122.5	2.8146e-05	7.0194e-11	-10.0	-2.5
123.0	2.8147e-05	6.9332e-11	-10.0	-2.5
123.5	2.815e-05	6.9028e-11	-10.0	-2.5
124.0	2.8149e-05	6.8556e-11	-10.0	-2.5
124.5	2.8151e-05	6.7939e-11	-10.0	-2.5
125.0	2.815e-05	6.7526e-11	-10.0	-2.5
125.5	2.8158e-05	6.7332e-11	-10.0	-2.5
126.0	2.8156e-05	6.7606e-11	-10.0	-2.5
126.5	2.816e-05	6.7393e-11	-10.0	-2.5
127.0	2.8163e-05	6.6291e-11	-10.0	-2.5
127.5	2.8165e-05	6.67e-11	-10.0	-2.5
128.0	2.817e-05	6.6707e-11	-10.0	-2.5
128.5	2.8176e-05	6.6035e-11	-10.0	-2.5
129.0	2.8184e-05	6.6814e-11	-10.0	-2.5
129.5	2.8181e-05	6.6437e-11	-10.0	-2.5
130.0	2.818e-05	6.6134e-11	-10.0	-2.5
130.5	2.818e-05	6.5981e-11	-10.0	-2.5
131.0	2.8183e-05	6.6745e-11	-10.0	-2.5
131.5	2.8183e-05	6.592e-11	-10.0	-2.5
132.0	2.8186e-05	6.592e-11	-10.0	-2.5
132.5	2.8184e-05	6.5741e-11	-10.0	-2.5
133.0	2.8185e-05	6.5669e-11	-10.0	-2.5
133.5	2.8188e-05	6.5632e-11	-10.0	-2.5
134.0	2.819e-05	6.5637e-11	-10.0	-2.5
134.5	2.8194e-05	6.5303e-11	-10.0	-2.5
135.0	2.8194e-05	6.5571e-11	-10.0	-2.5
135.5	2.8189e-05	6.5099e-11	-10.0	-2.5
136.0	2.8192e-05	6.5495e-11	-10.0	-2.5
136.5	2.8195e-05	6.4813e-11	-10.0	-2.5
137.0	2.8197e-05	6.565e-11	-10.0	-2.5
137.5	2.82e-05	6.4981e-11	-10.0	-2.5
138.0	2.8206e-05	6.5699e-11	-10.0	-2.5
138.5	2.8206e-05	6.4906e-11	-10.0	-2.5
139.0	2.8206e-05	6.4869e-11	-10.0	-2.5
139.5	2.8208e-05	6.5627e-11	-10.0	-2.5
140.0	2.8216e-05	6.5062e-11	-10.0	-2.5
140.5	2.8216e-05	6.5236e-11	-10.0	-2.5
141.0	2.8213e-05	6.4493e-11	-10.0	-2.5
141.5	2.8216e-05	6.5552e-11	-10.0	-2.5
142.0	2.8221e-05	6.4617e-11	-10.0	-2.5
142.5	2.8217e-05	6.4233e-11	-10.0	-2.5
143.0	2.8212e-05	6.5415e-11	-10.0	-2.5
143.5	2.8211e-05	6.3694e-11	-10.0	-2.5
144.0	2.8211e-05	6.4617e-11	-10.0	-2.5
144.5	2.822e-05	6.4726e-11	-10.0	-2.5
145.0	2.8225e-05	6.4951e-11	-10.0	-2.5
145.5	2.8225e-05	6.4635e-11	-10.0	-2.5
146.0	2.8222e-05	6.4259e-11	-10.0	-2.5
146.5	2.822e-05	6.4771e-11	-10.0	-2.5
147.0	2.8225e-05	6.4535e-11	-10.0	-2.5
147.5	2.8227e-05	6.4507e-11	-10.0	-2.5
148.0	2.8227e-05	6.3709e-11	-10.0	-2.5
148.5	2.823e-05	6.4541e-11	-10.0	-2.5
149.0	2.8227e-05	6.4191e-11	-10.0	-2.5
149.5	2.8229e-05	6.4241e-11	-10.0	-2.5
150.0	2.8236e-05	6.5059e-11	-10.0	-2.5
150.5	2.8234e-05	6.3901e-11	-10.0	-2.5
151.0	2.8232e-05	6.4025e-11	-10.0	-2.5
151.5	2.8232e-05	6.4194e-11	-10.0	-2.5
152.0	2.8233e-05	6.4479e-11	-10.0	-2.5
152.5	2.8229e-05	6.3949e-11	-10.0	-2.5
153.0	2.8234e-05	6.4192e-11	-10.0	-2.5
153.5	2.8238e-05	6.436e-11	-10.0	-2.5
154.0	2.8241e-05	6.4055e-11	-10.0	-2.5
154.5	2.8244e-05	6.4024e-11	-10.0	-2.5
155.0	2.8247e-05	6.4235e-11	-10.0	-2.5
155.5	2.8249e-05	6.3701e-11	-10.0	-2.5
156.0	2.8251e-05	6.4063e-11	-10.0	-2.5
156.5	2.8256e-05	6.4292e-11	-10.0	-2.5
157.0	2.8256e-05	6.3927e-11	-10.0	-2.5
157.5	2.8255e-05	6.4105e-11	-10.0	-2.5
158.0	2.8255e-05	6.451e-11	-10.0	-2.5
158.5	2.8256e-05	6.3868e-11	-10.0	-2.5
159.0	2.8253e-05	6.447e-11	-10.0	-2.5
159.5	2.8253e-05	6.3564e-11	-10.0	-2.5
160.0	2.8253e-05	6.3485e-11	-10.0	-2.5
160.5	2.8256e-05	6.3939e-11	-10.0	-2.5
161.0	2.8256e-05	6.4472e-11	-10.0	-2.5
161.5	2.8252e-05	6.4399e-11	-10.0	-2.5
162.0	2.8254e-05	6.3877e-11	-10.0	-2.5
162.5	2.8253e-05	6.3489e-11	-10.0	-2.5
163.0	2.8255e-05	6.3611e-11	-10.0	-2.5
163.5	2.8261e-05	6.3264e-11	-10.0	-2.5
164.0	2.8261e-05	6.4436e-11	-10.0	-2.5
164.5	2.8261e-05	6.3648e-11	-10.0	-2.5
165.0	2.8262e-05	6.3626e-11	-10.0	-2.5
165.5	2.8265e-05	6.3428e-11	-10.0	-2.5
166.0	2.8266e-05	6.3248e-11	-10.0	-2.5
166.5	2.8262e-05	6.3645e-11	-10.0	-2.5
167.0	2.8263e-05	6.3427e-11	-10.0	-2.5
167.5	2.826e-05	6.3366e-11	-10.0	-2.5
168.0	2.8265e-05	6.3721e-11	-10.0	-2.5
168.5	2.8262e-05	6.3974e-11	-10.0	-2.5
169.0	2.8267e-05	6.3965e-11	-10.0	-2.5
169.5	2.8268e-05	6.3807e-11	-10.0	-2.5
170.0	2.8263e-05	6.3338e-11	-10.0	-2.5
170.5	2.8266e-05	6.3704e-11	-10.0	-2.5
171.0	2.8269e-05	6.3423e-11	-10.0	-2.5
171.5	2.8273e-05	6.3366e-11	-10.0	-2.5
172.0	2.8265e-05	6.3398e-11	-10.0	-2.5
172.5	2.8269e-05	6.3319e-11	-10.0	-2.5
173.0	2.8274e-05	6.3576e-11	-10.0	-2.5
173.5	2.8272e-05	6.3646e-11	-10.0	-2.5
174.0	2.8274e-05	6.3332e-11	-10.0	-2.5
174.5	2.8273e-05	6.2665e-11	-10.0	-2.5
175.0	2.8274e-05	6.3251e-11	-10.0	-2.5
175.5	2.8274e-05	6.3181e-11	-10.0	-2.5
176.0	2.8272e-05	6.36e-11	-10.0	-2.5
176.5	2.8273e-05	6.3366e-11	-10.0	-2.5
177.0	2.8276e-05	6.2983e-11	-10.0	-2.5
177.5	2.8274e-05	6.2482e-11	-10.0	-2.5
178.0	2.8272e-05	6.3026e-11	-10.0	-2.5
178.5	2.8275e-05	6.3057e-11	-10.0	-2.5
179.0	2.8274e-05	6.3305e-11	-10.0	-2.5
179.5	2.8276e-05	6.3398e-11	-10.0	-2.5
180.0	2.8276e-05	9.5701e-12	-10.0	-2.5
180.5	2.8275e-05	7.6342e-12	-10.0	-2.5
181.0	2.8276e-05	9.6655e-12	-10.0	-2.5
181.5	2.8278e-05	9.6571e-12	-10.0	-2.5
182.0	2.8277e-05	1.0214e-11	-10.0	-2.5
182.5	2.8276e-05	1.023e-11	-10.0	-2.5
183.0	2.8273e-05	1.0587e-11	-10.0	-2.5
183.5	2.827e-05	1.0372e-11	-10.0	-2.5
184.0	2.8269e-05	1.0823e-11	-10.0	-2.5
184.5	2.8268e-05	1.0343e-11	-10.0	-2.5
185.0	2.8272e-05	1.0325e-11	-10.0	-2.5
185.5	2.8267e-05	1.0558e-11	-10.0	-2.5
186.0	2.8265e-05	9.942e-12	-10.0	-2.5
186.5	2.8268e-05	1.0637e-11	-10.0	-2.5
187.0	2.8266e-05	1.1165e-11	-10.0	-2.5
187.5	2.8266e-05	1.0345e-11	-10.0	-2.5
188.0	2.8263e-05	1.0768e-11	-10.0	-2.5
188.5	2.826e-05	1.0052e-11	-10.0	-2.5
189.0	2.8261e-05	1.1293e-11	-10.0	-2.5
189.5	2.8257e-05	1.0441e-11	-10.0	-2.5
190.0	2.8258e-05	1.0241e-11	-10.0	-2.5
190.5	2.8266e-05	1.0122e-11	-10.0	-2.5
191.0	2.8265e-05	1.0792e-11	-10.0	-2.5
191.5	2.8268e-05	1.0266e-11	-10.0	-2.5
192.0	2.8267e-05	1.0034e-11	-10.0	-2.5
192.5	2.8267e-05	1.0316e-11	-10.0	-2.5
193.0	2.8272e-05	1.0667e-11	-10.0	-2.5
193.5	2.827e-05	9.6023e-12	-10.0	-2.5
194.0	2.8264e-05	1.0196e-11	-10.0	-2.5
194.5	2.8271e-05	1.034e-11	-10.0	-2.5
195.0	2.8265e-05	1.0305e-11	-10.0	-2.5
195.5	2.8267e-05	1.0262e-11	-10.0	-2.5
196.0	2.827e-05	9.9945e-12	-10.0	-2.5
196.5	2.8269e-05	9.8288e-12	-10.0	-2.5
197.0	2.8269e-05	1.0124e-11	-10.0	-2.5
197.5	2.8273e-05	1.0928e-11	-10.0	-2.5
198.0	2.8272e-05	1.0164e-11	-10.0	-2.5
198.5	2.8271e-05	1.0371e-11	-10.0	-2.5
199.0	2.8272e-05	9.923e-12	-10.0	-2.5
199.5	2.8271e-05	9.768e-12	-10.0	-2.5
200.0	2.8273e-05	9.6369e-12	-10.0	-2.5
200.5	2.8273e-05	1.017e-11	-10.0	-2.5
201.0	2.827e-05	9.9826e-12	-10.0	-2.5
201.5	2.8268e-05	1.0374e-11	-10.0	-2.5
202.0	2.8275e-05	1.0207e-11	-10.0	-2.5
202.5	2.8274e-05	1.0318e-11	-10.0	-2.5
203.0	2.8277e-05	9.6178e-12	-10.0	-2.5
203.5	2.8275e-05	1.0402e-11	-10.0	-2.5
204.0	2.8276e-05	1.003e-11	-10.0	-2.5
204.5	2.8277e-05	1.0001e-11	-10.0	-2.5
205.0	2.8276e-05	9.9886e-12	-10.0	-2.5
205.5	2.8276e-05	1.015e-11	-10.0	-2.5
206.0	2.8274e-05	1.0594e-11	-10.0	-2.5
206.5	2.8276e-05	1.0177e-11	-10.0	-2.5
207.0	2.8277e-05	9.9671e-12	-10.0	-2.5
207.5	2.8274e-05	1.0229e-11	-10.0	-2.5
208.0	2.8272e-05	1.0033e-11	-10.0	-2.5
208.5	2.8274e-05	9.3377e-12	-10.0	-2.5
209.0	2.8277e-05	1.0124e-11	-10.0	-2.5
209.5	2.8276e-05	9.464e-12	-10.0	-2.5
210.0	2.8274e-05	9.8574e-12	-10.0	-2.5
210.5	2.8273e-05	1.0123e-11	-10.0	-2.5
211.0	2.8278e-05	1.0395e-11	-10.0	-2.5
211.5	2.8284e-05	9.7394e-12	-10.0	-2.5
212.0	2.8285e-05	9.9945e-12	-10.0	-2.5
212.5	2.8285e-05	9.4151e-12	-10.0	-2.5
213.0	2.8288e-05	9.7179e-12	-10.0	-2.5
213.5	2.8289e-05	1.0147e-11	-10.0	-2.5
214.0	2.8287e-05	9.6822e-12	-10.0	-2.5
214.5	2.829e-05	1.0219e-11	-10.0	-2.5
215.0	2.8289e-05	1.0521e-11	-10.0	-2.5
215.5	2.8291e-05	9.8527e-12	-10.0	-2.5
216.0	2.8295e-05	1.0181e-11	-10.0	-2.5
216.5	2.8291e-05	1.0265e-11	-10.0	-2.5
217.0	2.8291e-05	9.8371e-12	-10.0	-2.5
217.5	2.829e-05	9.6524e-12	-10.0	-2.5
218.0	2.829e-05	1.053e-11	-10.0	-2.5
218.5	2.8289e-05	1.0756e-11	-10.0	-2.5
219.0	2.8289e-05	1.0056e-11	-10.0	-2.5
219.5	2.8291e-05	9.7287e-12	-10.0	-2.5
220.0	2.829e-05	1.0332e-11	-10.0	-2.5
220.5	2.8291e-05	9.3865e-12	-10.0	-2.5
221.0	2.8291e-05	1.0048e-11	-10.0	-2.5
221.5	2.8292e-05	1.0798e-11	-10.0	-2.5
222.0	2.8289e-05	9.9707e-12	-10.0	-2.5
222.5	2.8289e-05	1.0602e-11	-10.0	-2.5
223.0	2.8289e-05	9.9731e-12	-10.0	-2.5
223.5	2.8288e-05	9.6536e-12	-10.0	-2.5
224.0	2.8291e-05	1.0197e-11	-10.0	-2.5
224.5	2.8293e-05	1.036e-11	-10.0	-2.5
225.0	2.8297e-05	1.019e-11	-10.0	-2.5
225.5	2.8301e-05	9.712e-12	-10.0	-2.5
226.0	2.8304e-05	1.0532e-11	-10.0	-2.5
226.5	2.8305e-05	1.0258e-11	-10.0	-2.5
227.0	2.8304e-05	1.1138e-11	-10.0	-2.5
227.5	2.8301e-05	1.0511e-11	-10.0	-2.5
228.0	2.8301e-05	9.4712e-12	-10.0	-2.5
228.5	2.83e-05	1.03e-11	-10.0	-2.5
229.0	2.8301e-05	1.0243e-11	-10.0	-2.5
229.5	2.8306e-05	1.031e-11	-10.0	-2.5
230.0	2.8304e-05	1.0375e-11	-10.0	-2.5
230.5	2.8306e-05	1.0018e-11	-10.0	-2.5
231.0	2.8305e-05	9.6857e-12	-10.0	-2.5
231.5	2.8304e-05	9.7656e-12	-10.0	-2.5
232.0	2.8307e-05	1.0165e-11	-10.0	-2.5
232.5	2.8307e-05	1.0256e-11	-10.0	-2.5
233.0	2.8307e-05	9.8741e-12	-10.0	-2.5
233.5	2.8307e-05	1.05e-11	-10.0	-2.5
234.0	2.8304e-05	9.4974e-12	-10.0	-2.5
234.5	2.8309e-05	1.0405e-11	-10.0	-2.5
235.0	2.8306e-05	9.9146e-12	-10.0	-2.5
235.5	2.8308e-05	1.0033e-11	-10.0	-2.5
236.0	2.8312e-05	1.0548e-11	-10.0	-2.5
236.5	2.8308e-05	1.0333e-11	-10.0	-2.5
237.0	2.8309e-05	9.7847e-12	-10.0	-2.5
237.5	2.8311e-05	9.8729e-12	-10.0	-2.5
238.0	2.8315e-05	9.917e-12	-10.0	-2.5
238.5	2.8313e-05	1.0488e-11	-10.0	-2.5
239.0	2.831e-05	1.0104e-11	-10.0	-2.5
239.5	2.8316e-05	1.0279e-11	-10.0	-2.5
240.0	2.8313e-05	5.6408e-11	-10.0	-2.5
240.5	2.832e-05	6.6369e-11	-10.0	-2.5
241.0	2.8316e-05	6.6976e-11	-10.0	-2.5
241.5	2.832e-05	6.8162e-11	-10.0	-2.5
242.0	2.8322e-05	6.8408e-11	-10.0	-2.5
242.5	2.8325e-05	6.706e-11	-10.0	-2.5
243.0	2.8324e-05	6.7314e-11	-10.0	-2.5
243.5	2.8333e-05	6.7383e-11	-10.0	-2.5
244.0	2.8333e-05	6.6869e-11	-10.0	-2.5
244.5	2.8336e-05	6.6458e-11	-10.0	-2.5
245.0	2.8341e-05	6.6314e-11	-10.0	-2.5
245.5	2.8338e-05	6.6658e-11	-10.0	-2.5
246.0	2.8343e-05	6.618e-11	-10.0	-2.5
246.5	2.8341e-05	6.6439e-11	-10.0	-2.5
247.0	2.8338e-05	6.568e-11	-10.0	-2.5
247.5	2.8339e-05	6.5421e-11	-10.0	-2.5
248.0	2.8339e-05	6.4697e-11	-10.0	-2.5
248.5	2.8342e-05	6.5153e-11	-10.0	-2.5
249.0	2.8344e-05	6.534e-11	-10.0	-2.5
249.5	2.8353e-05	6.5281e-11	-10.0	-2.5
250.0	2.8355e-05	6.5122e-11	-10.0	-2.5
250.5	2.8354e-05	6.4743e-11	-10.0	-2.5
251.0	2.835e-05	6.4797e-11	-10.0	-2.5
251.5	2.8346e-05	6.4665e-11	-10.0	-2.5
252.0	2.8354e-05	6.4969e-11	-10.0	-2.5
252.5	2.8356e-05	6.534e-11	-10.0	-2.5
253.0	2.8358e-05	6.4551e-11	-10.0	-2.5
253.5	2.8352e-05	6.5059e-11	-10.0	-2.5
254.0	2.8358e-05	6.473e-11	-10.0	-2.5
254.5	2.8362e-05	6.4387e-11	-10.0	-2.5
255.0	2.8355e-05	6.4191e-11	-10.0	-2.5
255.5	2.8355e-05	6.4102e-11	-10.0	-2.5
256.0	2.8358e-05	6.477e-11	-10.0	-2.5
256.5	2.8357e-05	6.426e-11	-10.0	-2.5
257.0	2.8358e-05	6.4725e-11	-10.0	-2.5
257.5	2.836e-05	6.4981e-11	-10.0	-2.5
258.0	2.8362e-05	6.5415e-11	-10.0	-2.5
258.5	2.8364e-05	6.4658e-11	-10.0	-2.5
259.0	2.836e-05	6.4316e-11	-10.0	-2.5
259.5	2.8362e-05	6.4844e-11	-10.0	-2.5
260.0	2.8363e-05	6.406e-11	-10.0	-2.5
260.5	2.8359e-05	6.4488e-11	-10.0	-2.5
261.0	2.8363e-05	6.5182e-11	-10.0	-2.5
261.5	2.8362e-05	6.4534e-11	-10.0	-2.5
262.0	2.8363e-05	6.4561e-11	-10.0	-2.5
262.5	2.8365e-05	6.37e-11	-10.0	-2.5
263.0	2.8366e-05	6.3527e-11	-10.0	-2.5
263.5	2.8369e-05	6.3908e-11	-10.0	-2.5
264.0	2.8364e-05	6.3866e-11	-10.0	-2.5
264.5	2.8365e-05	6.4824e-11	-10.0	-2.5
265.0	2.8366e-05	6.2904e-11	-10.0	-2.5
265.5	2.8366e-05	6.3207e-11	-10.0	-2.5
266.0	2.8368e-05	6.3783e-11	-10.0	-2.5
266.5	2.8369e-05	6.3998e-11	-10.0	-2.5
267.0	2.8367e-05	6.3765e-11	-10.0	-2.5
267.5	2.837e-05	6.4135e-11	-10.0	-2.5
268.0	2.8373e-05	6.3816e-11	-10.0	-2.5
268.5	2.8372e-05	6.3382e-11	-10.0	-2.5
269.0	2.8371e-05	6.3813e-11	-10.0	-2.5
269.5	2.8369e-05	6.3797e-11	-10.0	-2.5
270.0	2.8366e-05	6.3612e-11	-10.0	-2.5
270.5	2.8371e-05	6.3686e-11	-10.0	-2.5
271.0	2.8372e-05	6.3819e-11	-10.0	-2.5
271.5	2.8376e-05	6.3217e-11	-10.0	-2.5
272.0	2.8369e-05	6.3487e-11	-10.0	-2.5
272.5	2.837e-05	6.3658e-11	-10.0	-2.5
273.0	2.8372e-05	6.3244e-11	-10.0	-2.5
273.5	2.8371e-05	6.4075e-11	-10.0	-2.5
274.0	2.8372e-05	6.319e-11	-10.0	-2.5
274.5	2.8375e-05	6.4125e-11	-10.0	-2.5
275.0	2.8373e-05	6.364e-11	-10.0	-2.5
275.5	2.8367e-05	6.3593e-11	-10.0	-2.5
276.0	2.8368e-05	6.2382e-11	-10.0	-2.5
276.5	2.8368e-05	6.3196e-11	-10.0	-2.5
277.0	2.8368e-05	6.3502e-11	-10.0	-2.5
277.5	2.8361e-05	6.3096e-11	-10.0	-2.5
278.0	2.8366e-05	6.3568e-11	-10.0	-2.5
278.5	2.8366e-05	6.3287e-11	-10.0	-2.5
279.0	2.8362e-05	6.3418e-11	-10.0	-2.5
279.5	2.8364e-05	6.3236e-11	-10.0	-2.5
280.0	2.8365e-05	6.3046e-11	-10.0	-2.5
280.5	2.8368e-05	6.295e-11	-10.0	-2.5
281.0	2.8369e-05	6.353e-11	-10.0	-2.5
281.5	2.8364e-05	6.3097e-11	-10.0	-2.5
282.0	2.8364e-05	6.3155e-11	-10.0	-2.5
282.5	2.8361e-05	6.3395e-11	-10.0	-2.5
283.0	2.8363e-05	6.2762e-11	-10.0	-2.5
283.5	2.8362e-05	6.2929e-11	-10.0	-2.5
284.0	2.8369e-05	6.3208e-11	-10.0	-2.5
284.5	2.8363e-05	6.3685e-11	-10.0	-2.5
285.0	2.8362e-05	6.3596e-11	-10.0	-2.5
285.5	2.8365e-05	6.3511e-11	-10.0	-2.5
286.0	2.8366e-05	6.4026e-11	-10.0	-2.5
286.5	2.8367e-05	6.3618e-11	-10.0	-2.5
287.0	2.8364e-05	6.3182e-11	-10.0	-2.5
287.5	2.8364e-05	6.2824e-11	-10.0	-2.5
288.0	2.8366e-05	6.3568e-11	-10.0	-2.5
288.5	2.8364e-05	6.3044e-11	-10.0	-2.5
289.0	2.8361e-05	6.2048e-11	-10.0	-2.5
289.5	2.8365e-05	6.2746e-11	-10.0	-2.5
290.0	2.8358e-05	6.3707e-11	-10.0	-2.5
290.5	2.8362e-05	6.327e-11	-10.0	-2.5
291.0	2.836e-05	6.2634e-11	-10.0	-2.5
291.5	2.8362e-05	6.3237e-11	-10.0	-2.5
292.0	2.8357e-05	6.4049e-11	-10.0	-2.5
292.5	2.8358e-05	6.2665e-11	-10.0	-2.5
293.0	2.8356e-05	6.2927e-11	-10.0	-2.5
293.5	2.8357e-05	6.3175e-11	-10.0	-2.5
294.0	2.8359e-05	6.3257e-11	-10.0	-2.5
294.5	2.8357e-05	6.3232e-11	-10.0	-2.5
295.0	2.8358e-05	6.3272e-11	-10.0	-2.5
295.5	2.8356e-05	6.3198e-11	-10.0	-2.5
296.0	2.8357e-05	6.2971e-11	-10.0	-2.5
296.5	2.8356e-05	6.2848e-11	-10.0	-2.5
297.0	2.8355e-05	6.2381e-11	-10.0	-2.5
297.5	2.8353e-05	6.2768e-11	-10.0	-2.5
298.0	2.8357e-05	6.2368e-11	-10.0	-2.5
298.5	2.8355e-05	6.2981e-11	-10.0	-2.5
299.0	2.8354e-05	6.3109e-11	-10.0	-2.5
299.5	2.8353e-05	6.2734e-11	-10.0	-2.5
300.0	2.8352e-05	1.2969e-11	-10.0	-2.5
300.5	2.8353e-05	7.9894e-12	-10.0	-2.5
301.0	2.8353e-05	9.1028e-12	-10.0	-2.5
301.5	2.835e-05	9.3603e-12	-10.0	-2.5
302.0	2.8346e-05	1.0333e-11	-10.0	-2.5
302.5	2.8348e-05	1.0501e-11	-10.0	-2.5
303.0	2.835e-05	1.052e-11	-10.0	-2.5
303.5	2.8347e-05	1.019e-11	-10.0	-2.5
304.0	2.835e-05	1.0537e-11	-10.0	-2.5
304.5	2.8346e-05	1.0305e-11	-10.0	-2.5
305.0	2.8349e-05	1.0668e-11	-10.0	-2.5
305.5	2.8346e-05	1.0634e-11	-10.0	-2.5
306.0	2.8346e-05	1.0085e-11	-10.0	-2.5
306.5	2.8344e-05	1.0248e-11	-10.0	-2.5
307.0	2.8346e-05	9.7406e-12	-10.0	-2.5
307.5	2.8341e-05	1.0089e-11	-10.0	-2.5
308.0	2.8341e-05	1.047e-11	-10.0	-2.5
308.5	2.8339e-05	1.0115e-11	-10.0	-2.5
309.0	2.8339e-05	1.0004e-11	-10.0	-2.5
309.5	2.8339e-05	9.7048e-12	-10.0	-2.5
310.0	2.8336e-05	9.6214e-12	-10.0	-2.5
310.5	2.8335e-05	9.8824e-12	-10.0	-2.5
311.0	2.8337e-05	1.0358e-11	-10.0	-2.5
311.5	2.834e-05	1.0482e-11	-10.0	-2.5
312.0	2.8334e-05	9.9814e-12	-10.0	-2.5
312.5	2.8335e-05	9.7144e-12	-10.0	-2.5
313.0	2.8333e-05	9.737e-12	-10.0	-2.5
313.5	2.8333e-05	9.3424e-12	-10.0	-2.5
314.0	2.8335e-05	9.6059e-12	-10.0	-2.5
314.5	2.8336e-05	1.0139e-11	-10.0	-2.5
315.0	2.8337e-05	1.0374e-11	-10.0	-2.5
315.5	2.8338e-05	1.0378e-11	-10.0	-2.5
316.0	2.8338e-05	1.0238e-11	-10.0	-2.5
316.5	2.8335e-05	9.6869e-12	-10.0	-2.5
317.0	2.8331e-05	1.0266e-11	-10.0	-2.5
317.5	2.8331e-05	1.0445e-11	-10.0	-2.5
318.0	2.8333e-05	9.5356e-12	-10.0	-2.5
318.5	2.8333e-05	9.768e-12	-10.0	-2.5
319.0	2.8331e-05	1.0066e-11	-10.0	-2.5
319.5	2.8329e-05	9.8658e-12	-10.0	-2.5
320.0	2.8325e-05	9.942e-12	-10.0	-2.5
320.5	2.8328e-05	1.083e-11	-10.0	-2.5
321.0	2.8328e-05	9.9182e-12	-10.0	-2.5
321.5	2.8328e-05	1.0705e-11	-10.0	-2.5
322.0	2.8334e-05	9.7835e-12	-10.0	-2.5
322.5	2.8332e-05	1.0292e-11	-10.0	-2.5
323.0	2.8332e-05	1.0201e-11	-10.0	-2.5
323.5	2.8331e-05	1.0208e-11	-10.0	-2.5
324.0	2.8331e-05	1.0298e-11	-10.0	-2.5
324.5	2.8331e-05	1.0457e-11	-10.0	-2.5
325.0	2.8332e-05	1.0479e-11	-10.0	-2.5
325.5	2.833e-05	1.0178e-11	-10.0	-2.5
326.0	2.8327e-05	1.0343e-11	-10.0	-2.5
326.5	2.8328e-05	1.0219e-11	-10.0	-2.5
327.0	2.8327e-05	9.8252e-12	-10.0	-2.5
327.5	2.833e-05	1.0515e-11	-10.0	-2.5
328.0	2.8329e-05	9.3818e-12	-10.0	-2.5
328.5	2.833e-05	9.8956e-12	-10.0	-2.5
329.0	2.8329e-05	9.9754e-12	-10.0	-2.5
329.5	2.8324e-05	9.4926e-12	-10.0	-2.5
330.0	2.8333e-05	9.9135e-12	-10.0	-2.5
330.5	2.8332e-05	9.6798e-12	-10.0	-2.5
331.0	2.8336e-05	9.9933e-12	-10.0	-2.5
331.5	2.8333e-05	9.7239e-12	-10.0	-2.5
332.0	2.8338e-05	9.8813e-12	-10.0	-2.5
332.5	2.8336e-05	1.013e-11	-10.0	-2.5
333.0	2.834e-05	9.855e-12	-10.0	-2.5
333.5	2.8338e-05	1.0264e-11	-10.0	-2.5
334.0	2.8339e-05	1.0112e-11	-10.0	-2.5
334.5	2.8339e-05	9.8383e-12	-10.0	-2.5
335.0	2.834e-05	1.0334e-11	-10.0	-2.5
335.5	2.8342e-05	9.5451e-12	-10.0	-2.5
336.0	2.8343e-05	9.8789e-12	-10.0	-2.5
336.5	2.8341e-05	9.0873e-12	-10.0	-2.5
337.0	2.8339e-05	9.2804e-12	-10.0	-2.5
337.5	2.8341e-05	9.8479e-12	-10.0	-2.5
338.0	2.8342e-05	9.0957e-12	-10.0	-2.5
338.5	2.8345e-05	1.0082e-11	-10.0	-2.5
339.0	2.8341e-05	9.7382e-12	-10.0	-2.5
339.5	2.8342e-05	9.6977e-12	-10.0	-2.5
340.0	2.8345e-05	9.7609e-12	-10.0	-2.5
340.5	2.8349e-05	9.1267e-12	-10.0	-2.5
341.0	2.835e-05	9.9349e-12	-10.0	-2.5
341.5	2.8345e-05	1.0111e-11	-10.0	-2.5
342.0	2.8349e-05	9.7609e-12	-10.0	-2.5
342.5	2.8347e-05	1.0134e-11	-10.0	-2.5
343.0	2.8346e-05	9.9373e-12	-10.0	-2.5
343.5	2.8352e-05	1.0531e-11	-10.0	-2.5
344.0	2.8353e-05	1.0378e-11	-10.0	-2.5
344.5	2.835e-05	9.7799e-12	-10.0	-2.5
345.0	2.835e-05	9.8968e-12	-10.0	-2.5
345.5	2.8353e-05	9.7704e-12	-10.0	-2.5
346.0	2.835e-05	1.0182e-11	-10.0	-2.5
346.5	2.8357e-05	1.0001e-11	-10.0	-2.5
347.0	2.8356e-05	1.019e-11	-10.0	-2.5
347.5	2.8358e-05	1.0147e-11	-10.0	-2.5
348.0	2.8356e-05	1.0247e-11	-10.0	-2.5
348.5	2.8356e-05	1.0392e-11	-10.0	-2.5
349.0	2.8359e-05	1.0419e-11	-10.0	-2.5
349.5	2.8363e-05	1.0175e-11	-10.0	-2.5
350.0	2.8358e-05	1.0127e-11	-10.0	-2.5
350.5	2.8358e-05	9.8669e-12	-10.0	-2.5
351.0	2.8361e-05	9.6273e-12	-10.0	-2.5
351.5	2.836e-05	1.0341e-11	-10.0	-2.5
352.0	2.8362e-05	9.9838e-12	-10.0	-2.5
352.5	2.8362e-05	9.3365e-12	-10.0	-2.5
353.0	2.836e-05	1.0529e-11	-10.0	-2.5
353.5	2.8362e-05	9.8705e-12	-10.0	-2.5
354.0	2.8361e-05	1.0281e-11	-10.0	-2.5
354.5	2.8363e-05	1.0297e-11	-10.0	-2.5
355.0	2.8363e-05	9.8884e-12	-10.0	-2.5
355.5	2.8361e-05	1.0305e-11	-10.0	-2.5
356.0	2.8368e-05	1.0295e-11	-10.0	-2.5
356.5	2.8366e-05	1.0233e-11	-10.0	-2.5
357.0	2.8365e-05	9.6869e-12	-10.0	-2.5
357.5	2.8363e-05	9.5642e-12	-10.0	-2.5
358.0	2.8362e-05	9.4473e-12	-10.0	-2.5
358.5	2.8364e-05	9.6667e-12	-10.0	-2.5
359.0	2.8365e-05	9.8038e-12	-10.0	-2.5
359.5	2.8367e-05	9.9051e-12	-10.0	-2.5
360.0	2.837e-05	5.4574e-11	-10.0	-2.5
360.5	2.8366e-05	6.6109e-11	-10.0	-2.5
361.0	2.8369e-05	6.7149e-11	-10.0	-2.5
361.5	2.8374e-05	6.7532e-11	-10.0	-2.5
362.0	2.8375e-05	6.8115e-11	-10.0	-2.5
362.5	2.8373e-05	6.7813e-11	-10.0	-2.5
363.0	2.8379e-05	6.7091e-11	-10.0	-2.5
363.5	2.8375e-05	6.7155e-11	-10.0	-2.5
364.0	2.8378e-05	6.649e-11	-10.0	-2.5
364.5	2.8379e-05	6.5886e-11	-10.0	-2.5
365.0	2.8379e-05	6.5331e-11	-10.0	-2.5
365.5	2.8383e-05	6.5485e-11	-10.0	-2.5
366.0	2.8383e-05	6.5687e-11	-10.0	-2.5
366.5	2.8383e-05	6.572e-11	-10.0	-2.5
367.0	2.838e-05	6.5295e-11	-10.0	-2.5
367.5	2.8382e-05	6.5159e-11	-10.0	-2.5
368.0	2.8387e-05	6.4682e-11	-10.0	-2.5
368.5	2.839e-05	6.5353e-11	-10.0	-2.5
369.0	2.8398e-05	6.4789e-11	-10.0	-2.5
369.5	2.8395e-05	6.5575e-11	-10.0	-2.5
370.0	2.8391e-05	6.4502e-11	-10.0	-2.5
370.5	2.8388e-05	6.5317e-11	-10.0	-2.5
371.0	2.8387e-05	6.5521e-11	-10.0	-2.5
371.5	2.8395e-05	6.5053e-11	-10.0	-2.5
372.0	2.8398e-05	6.4937e-11	-10.0	-2.5
372.5	2.8402e-05	6.4371e-11	-10.0	-2.5
373.0	2.8404e-05	6.4031e-11	-10.0	-2.5
373.5	2.8402e-05	6.4864e-11	-10.0	-2.5
374.0	2.8402e-05	6.487e-11	-10.0	-2.5
374.5	2.8398e-05	6.4585e-11	-10.0	-2.5
375.0	2.8403e-05	6.47e-11	-10.0	-2.5
375.5	2.8401e-05	6.4712e-11	-10.0	-2.5
376.0	2.8403e-05	6.4054e-11	-10.0	-2.5
376.5	2.8401e-05	6.4173e-11	-10.0	-2.5
377.0	2.8403e-05	6.4084e-11	-10.0	-2.5
377.5	2.84e-05	6.4318e-11	-10.0	-2.5
378.0	2.8402e-05	6.4253e-11	-10.0	-2.5
378.5	2.8395e-05	6.4547e-11	-10.0	-2.5
379.0	2.84e-05	6.4148e-11	-10.0	-2.5
379.5	2.839e-05	6.3695e-11	-10.0	-2.5
380.0	2.839e-05	6.471e-11	-10.0	-2.5
380.5	2.8391e-05	6.3245e-11	-10.0	-2.5
381.0	2.8397e-05	6.361e-11	-10.0	-2.5
381.5	2.84e-05	6.418e-11	-10.0	-2.5
382.0	2.8394e-05	6.3592e-11	-10.0	-2.5
382.5	2.8394e-05	6.3871e-11	-10.0	-2.5
383.0	2.8396e-05	6.3235e-11	-10.0	-2.5
383.5	2.8394e-05	6.3504e-11	-10.0	-2.5
384.0	2.8393e-05	6.4229e-11	-10.0	-2.5
384.5	2.8395e-05	6.3577e-11	-10.0	-2.5
385.0	2.8394e-05	6.377e-11	-10.0	-2.5
385.5	2.8394e-05	6.2584e-11	-10.0	-2.5
386.0	2.8394e-05	6.3909e-11	-10.0	-2.5
386.5	2.8396e-05	6.3504e-11	-10.0	-2.5
387.0	2.8393e-05	6.3436e-11	-10.0	-2.5
387.5	2.8397e-05	6.3468e-11	-10.0	-2.5
388.0	2.8395e-05	6.2954e-11	-10.0	-2.5
388.5	2.8393e-05	6.3258e-11	-10.0	-2.5
389.0	2.8389e-05	6.3201e-11	-10.0	-2.5
389.5	2.8394e-05	6.3589e-11	-10.0	-2.5
390.0	2.8402e-05	6.3308e-11	-10.0	-2.5
390.5	2.8397e-05	6.3148e-11	-10.0	-2.5
391.0	2.839e-05	6.3001e-11	-10.0	-2.5
391.5	2.8396e-05	6.3307e-11	-10.0	-2.5
392.0	2.8393e-05	6.3379e-11	-10.0	-2.5
392.5	2.8392e-05	6.2749e-11	-10.0	-2.5
393.0	2.8392e-05	6.4164e-11	-10.0	-2.5
393.5	2.8395e-05	6.3598e-11	-10.0	-2.5
394.0	2.8397e-05	6.3002e-11	-10.0	-2.5
394.5	2.8395e-05	6.3119e-11	-10.0	-2.5
395.0	2.8393e-05	6.3156e-11	-10.0	-2.5
395.5	2.8395e-05	6.3429e-11	-10.0	-2.5
396.0	2.8394e-05	6.2938e-11	-10.0	-2.5
396.5	2.8388e-05	6.3283e-11	-10.0	-2.5
397.0	2.8389e-05	6.2972e-11	-10.0	-2.5
397.5	2.8394e-05	6.3419e-11	-10.0	-2.5
398.0	2.8387e-05	6.3097e-11	-10.0	-2.5
398.5	2.8388e-05	6.3453e-11	-10.0	-2.5
399.0	2.8392e-05	6.2758e-11	-10.0	-2.5
399.5	2.8386e-05	6.3245e-11	-10.0	-2.5
400.0	2.8388e-05	6.3324e-11	-10.0	-2.5
400.5	2.8388e-05	6.2829e-11	-10.0	-2.5
401.0	2.8383e-05	6.3196e-11	-10.0	-2.5
401.5	2.8387e-05	6.343e-11	-10.0	-2.5
402.0	2.8383e-05	6.3157e-11	-10.0	-2.5
402.5	2.8381e-05	6.3101e-11	-10.0	-2.5
403.0	2.8387e-05	6.3658e-11	-10.0	-2.5
403.5	2.8383e-05	6.3504e-11	-10.0	-2.5
404.0	2.838e-05	6.2333e-11	-10.0	-2.5
404.5	2.8381e-05	6.2721e-11	-10.0	-2.5
405.0	2.8377e-05	6.371e-11	-10.0	-2.5
405.5	2.8379e-05	6.3189e-11	-10.0	-2.5
406.0	2.8374e-05	6.3404e-11	-10.0	-2.5
406.5	2.8372e-05	6.3248e-11	-10.0	-2.5
407.0	2.8379e-05	6.3533e-11	-10.0	-2.5
407.5	2.8375e-05	6.3725e-11	-10.0	-2.5
408.0	2.8372e-05	6.2681e-11	-10.0	-2.5
408.5	2.8367e-05	6.3621e-11	-10.0	-2.5
409.0	2.8373e-05	6.2592e-11	-10.0	-2.5
409.5	2.8373e-05	6.2671e-11	-10.0	-2.5
410.0	2.8372e-05	6.294e-11	-10.0	-2.5
410.5	2.8367e-05	6.3189e-11	-10.0	-2.5
411.0	2.8368e-05	6.3125e-11	-10.0	-2.5
411.5	2.837e-05	6.2883e-11	-10.0	-2.5
412.0	2.8369e-05	6.3145e-11	-10.0	-2.5
412.5	2.8361e-05	6.2802e-11	-10.0	-2.5
413.0	2.8366e-05	6.2803e-11	-10.0	-2.5
413.5	2.8368e-05	6.2641e-11	-10.0	-2.5
414.0	2.8366e-05	6.2311e-11	-10.0	-2.5
414.5	2.8366e-05	6.2544e-11	-10.0	-2.5
415.0	2.8365e-05	6.2711e-11	-10.0	-2.5
415.5	2.8369e-05	6.235e-11	-10.0	-2.5
416.0	2.836e-05	6.2295e-11	-10.0	-2.5
416.5	2.8362e-05	6.2584e-11	-10.0	-2.5
417.0	2.8363e-05	6.2274e-11	-10.0	-2.5
417.5	2.836e-05	6.2629e-11	-10.0	-2.5
418.0	2.8367e-05	6.2097e-11	-10.0	-2.5
418.5	2.836e-05	6.2625e-11	-10.0	-2.5
419.0	2.8358e-05	6.1629e-11	-10.0	-2.5
419.5	2.8359e-05	6.2348e-11	-10.0	-2.5
420.0	2.836e-05	1.6082e-11	-10.0	-2.5
420.5	2.8359e-05	7.6294e-12	-10.0	-2.5
421.0	2.8361e-05	9.0706e-12	-10.0	-2.5
421.5	2.8356e-05	9.9122e-12	-10.0	-2.5
422.0	2.8357e-05	1.0567e-11	-10.0	-2.5
422.5	2.8358e-05	1.0068e-11	-10.0	-2.5
423.0	2.8361e-05	1.0539e-11	-10.0	-2.5
423.5	2.8358e-05	1.0202e-11	-10.0	-2.5
424.0	2.8358e-05	1.0993e-11	-10.0	-2.5
424.5	2.8358e-05	1.0201e-11	-10.0	-2.5
425.0	2.836e-05	1.0909e-11	-10.0	-2.5
425.5	2.8354e-05	1.1183e-11	-10.0	-2.5
426.0	2.8354e-05	1.0318e-11	-10.0	-2.5
426.5	2.8358e-05	1.0178e-11	-10.0	-2.5
427.0	2.8353e-05	1.0239e-11	-10.0	-2.5
427.5	2.8352e-05	1.0275e-11	-10.0	-2.5
428.0	2.8351e-05	1.0195e-11	-10.0	-2.5
428.5	2.8344e-05	1.0946e-11	-10.0	-2.5
429.0	2.8353e-05	1.0141e-11	-10.0	-2.5
429.5	2.8354e-05	1.0368e-11	-10.0	-2.5
430.0	2.8351e-05	1.0392e-11	-10.0	-2.5
430.5	2.8355e-05	9.9945e-12	-10.0	-2.5
431.0	2.8351e-05	9.8145e-12	-10.0	-2.5
431.5	2.8353e-05	1.0186e-11	-10.0	-2.5
432.0	2.8354e-05	1.0327e-11	-10.0	-2.5
432.5	2.8354e-05	9.9552e-12	-10.0	-2.5
433.0	2.8356e-05	9.7954e-12	-10.0	-2.5
433.5	2.8356e-05	9.5093e-12	-10.0	-2.5
434.0	2.8351e-05	1.0569e-11	-10.0	-2.5
434.5	2.8352e-05	1.0318e-11	-10.0	-2.5
435.0	2.835e-05	9.4676e-12	-10.0	-2.5
435.5	2.835e-05	1.0077e-11	-10.0	-2.5
436.0	2.8352e-05	9.7311e-12	-10.0	-2.5
436.5	2.8349e-05	9.3293e-12	-10.0	-2.5
437.0	2.835e-05	9.8252e-12	-10.0	-2.5
437.5	2.8352e-05	9.4187e-12	-10.0	-2.5
438.0	2.8345e-05	9.6262e-12	-10.0	-2.5
438.5	2.8346e-05	1.0042e-11	-10.0	-2.5
439.0	2.8347e-05	9.3901e-12	-10.0	-2.5
439.5	2.8347e-05	9.29e-12	-10.0	-2.5
440.0	2.8345e-05	9.5439e-12	-10.0	-2.5
440.5	2.8338e-05	1.0501e-11	-10.0	-2.5
441.0	2.8341e-05	9.6464e-12	-10.0	-2.5
441.5	2.8341e-05	9.5904e-12	-10.0	-2.5
442.0	2.8343e-05	1.0071e-11	-10.0	-2.5
442.5	2.8338e-05	9.8073e-12	-10.0	-2.5
443.0	2.8339e-05	9.2936e-12	-10.0	-2.5
443.5	2.834e-05	9.4747e-12	-10.0	-2.5
444.0	2.8344e-05	9.5999e-12	-10.0	-2.5
444.5	2.8339e-05	9.6345e-12	-10.0	-2.5
445.0	2.8342e-05	1.0896e-11	-10.0	-2.5
445.5	2.8343e-05	1.0809e-11	-10.0	-2.5
446.0	2.8344e-05	9.7501e-12	-10.0	-2.5
446.5	2.835e-05	9.8622e-12	-10.0	-2.5
447.0	2.8348e-05	1.0302e-11	-10.0	-2.5
447.5	2.835e-05	9.7525e-12	-10.0	-2.5
448.0	2.8352e-05	9.7776e-12	-10.0	-2.5
448.5	2.8349e-05	9.6154e-12	-10.0	-2.5
449.0	2.8346e-05	9.6357e-12	-10.0	-2.5
449.5	2.8348e-05	9.1589e-12	-10.0	-2.5
450.0	2.8349e-05	9.5856e-12	-10.0	-2.5
450.5	2.8349e-05	9.222e-12	-10.0	-2.5
451.0	2.8346e-05	9.3031e-12	-10.0	-2.5
451.5	2.8348e-05	1.0352e-11	-10.0	-2.5
452.0	2.8353e-05	9.8383e-12	-10.0	-2.5
452.5	2.835e-05	9.6977e-12	-10.0	-2.5
453.0	2.835e-05	9.6536e-12	-10.0	-2.5
453.5	2.8354e-05	9.4724e-12	-10.0	-2.5
454.0	2.8354e-05	1.0065e-11	-10.0	-2.5
454.5	2.8353e-05	9.8431e-12	-10.0	-2.5
455.0	2.8353e-05	1.0181e-11	-10.0	-2.5
455.5	2.8353e-05	1.0312e-11	-10.0	-2.5
456.0	2.8356e-05	9.2888e-12	-10.0	-2.5
456.5	2.8356e-05	1.052e-11	-10.0	-2.5
457.0	2.8354e-05	1.0283e-11	-10.0	-2.5
457.5	2.836e-05	9.9301e-12	-10.0	-2.5
458.0	2.8358e-05	1.0049e-11	-10.0	-2.5
458.5	2.8358e-05	1.038e-11	-10.0	-2.5
459.0	2.8359e-05	9.5987e-12	-10.0	-2.5
459.5	2.8359e-05	1.0265e-11	-10.0	-2.5
460.0	2.836e-05	9.8777e-12	-10.0	-2.5
460.5	2.8361e-05	9.4879e-12	-10.0	-2.5
461.0	2.8357e-05	9.8312e-12	-10.0	-2.5
461.5	2.8353e-05	9.9337e-12	-10.0	-2.5
462.0	2.8354e-05	1.0199e-11	-10.0	-2.5
462.5	2.8356e-05	9.737e-12	-10.0	-2.5
463.0	2.8361e-05	9.6309e-12	-10.0	-2.5
463.5	2.8358e-05	1.0546e-11	-10.0	-2.5
464.0	2.8359e-05	1.0034e-11	-10.0	-2.5
464.5	2.8359e-05	9.6667e-12	-10.0	-2.5
465.0	2.8362e-05	9.8932e-12	-10.0	-2.5
465.5	2.8359e-05	9.4867e-12	-10.0	-2.5
466.0	2.8362e-05	9.7716e-12	-10.0	-2.5
466.5	2.8359e-05	9.8085e-12	-10.0	-2.5
467.0	2.8361e-05	1.0071e-11	-10.0	-2.5
467.5	2.8372e-05	1.0104e-11	-10.0	-2.5
468.0	2.8366e-05	9.5212e-12	-10.0	-2.5
468.5	2.8362e-05	9.2006e-12	-10.0	-2.5
469.0	2.8367e-05	8.8942e-12	-10.0	-2.5
469.5	2.837e-05	9.47e-12	-10.0	-2.5
470.0	2.8369e-05	9.9611e-12	-10.0	-2.5
470.5	2.8371e-05	9.8682e-12	-10.0	-2.5
471.0	2.8373e-05	9.1422e-12	-10.0	-2.5
471.5	2.8369e-05	1.0058e-11	-10.0	-2.5
472.0	2.8368e-05	1.0052e-11	-10.0	-2.5
472.5	2.837e-05	9.6273e-12	-10.0	-2.5
473.0	2.8371e-05	9.7942e-12	-10.0	-2.5
473.5	2.8371e-05	9.6905e-12	-10.0	-2.5
474.0	2.8372e-05	9.8646e-12	-10.0	-2.5
474.5	2.8376e-05	1.0055e-11	-10.0	-2.5
475.0	2.8377e-05	9.8205e-12	-10.0	-2.5
475.5	2.8376e-05	1.0209e-11	-10.0	-2.5
476.0	2.8375e-05	9.4664e-12	-10.0	-2.5
476.5	2.8376e-05	9.9659e-12	-10.0	-2.5
477.0	2.8377e-05	9.9766e-12	-10.0	-2.5
477.5	2.8378e-05	9.7156e-12	-10.0	-2.5
478.0	2.8379e-05	9.6953e-12	-10.0	-2.5
478.5	2.8374e-05	9.7072e-12	-10.0	-2.5
479.0	2.8378e-05	9.6011e-12	-10.0	-2.5
479.5	2.838e-05	8.9621e-12	-10.0	-2.5
480.0	2.8382e-05	5.1817e-11	-10.0	-2.5
480.5	2.8383e-05	6.5212e-11	-10.0	-2.5
481.0	2.8386e-05	6.6904e-11	-10.0	-2.5
481.5	2.8385e-05	6.7749e-11	-10.0	-2.5
482.0	2.8386e-05	6.7767e-11	-10.0	-2.5
482.5	2.8385e-05	6.789e-11	-10.0	-2.5
483.0	2.8388e-05	6.6748e-11	-10.0	-2.5
483.5	2.8388e-05	6.6462e-11	-10.0	-2.5
484.0	2.8386e-05	6.598e-11	-10.0	-2.5
484.5	2.8386e-05	6.6472e-11	-10.0	-2.5
485.0	2.839e-05	6.5263e-11	-10.0	-2.5
485.5	2.839e-05	6.5646e-11	-10.0	-2.5
486.0	2.8393e-05	6.4853e-11	-10.0	-2.5
486.5	2.8395e-05	6.4876e-11	-10.0	-2.5
487.0	2.84e-05	6.4228e-11	-10.0	-2.5
487.5	2.8403e-05	6.4507e-11	-10.0	-2.5
488.0	2.8408e-05	6.5538e-11	-10.0	-2.5
488.5	2.8406e-05	6.4806e-11	-10.0	-2.5
489.0	2.8401e-05	6.4828e-11	-10.0	-2.5
489.5	2.8402e-05	6.4881e-11	-10.0	-2.5
490.0	2.8404e-05	6.4635e-11	-10.0	-2.5
490.5	2.8403e-05	6.4466e-11	-10.0	-2.5
491.0	2.8411e-05	6.4735e-11	-10.0	-2.5
491.5	2.841e-05	6.3285e-11	-10.0	-2.5
492.0	2.8411e-05	6.4625e-11	-10.0	-2.5
492.5	2.841e-05	6.3987e-11	-10.0	-2.5
493.0	2.8413e-05	6.4827e-11	-10.0	-2.5
493.5	2.8416e-05	6.4247e-11	-10.0	-2.5
494.0	2.8413e-05	6.4034e-11	-10.0	-2.5
494.5	2.8414e-05	6.4845e-11	-10.0	-2.5
495.0	2.8417e-05	6.3798e-11	-10.0	-2.5
495.5	2.8415e-05	6.4027e-11	-10.0	-2.5
496.0	2.8414e-05	6.4269e-11	-10.0	-2.5
496.5	2.8418e-05	6.4025e-11	-10.0	-2.5
497.0	2.8414e-05	6.4977e-11	-10.0	-2.5
497.5	2.841e-05	6.4307e-11	-10.0	-2.5
498.0	2.8406e-05	6.485e-11	-10.0	-2.5
498.5	2.8406e-05	6.3835e-11	-10.0	-2.5
499.0	2.8406e-05	6.3947e-11	-10.0	-2.5
499.5	2.8412e-05	6.4756e-11	-10.0	-2.5
500.0	2.8412e-05	6.3695e-11	-10.0	-2.5
500.5	2.8416e-05	6.3982e-11	-10.0	-2.5
501.0	2.8411e-05	6.3632e-11	-10.0	-2.5
501.5	2.841e-05	6.3391e-11	-10.0	-2.5
502.0	2.8416e-05	6.4504e-11	-10.0	-2.5
502.5	2.8414e-05	6.3584e-11	-10.0	-2.5
503.0	2.8414e-05	6.4067e-11	-10.0	-2.5
503.5	2.8412e-05	6.3559e-11	-10.0	-2.5
504.0	2.8414e-05	6.3714e-11	-10.0	-2.5
504.5	2.8414e-05	6.412e-11	-10.0	-2.5
505.0	2.841e-05	6.3429e-11	-10.0	-2.5
505.5	2.8411e-05	6.3345e-11	-10.0	-2.5
506.0	2.8407e-05	6.3035e-11	-10.0	-2.5
506.5	2.8407e-05	6.3407e-11	-10.0	-2.5
507.0	2.8409e-05	6.3804e-11	-10.0	-2.5
507.5	2.8405e-05	6.4136e-11	-10.0	-2.5
508.0	2.8406e-05	6.2669e-11	-10.0	-2.5
508.5	2.8403e-05	6.3249e-11	-10.0	-2.5
509.0	2.8407e-05	6.4294e-11	-10.0	-2.5
509.5	2.8406e-05	6.3592e-11	-10.0	-2.5
510.0	2.8412e-05	6.3442e-11	-10.0	-2.5
510.5	2.8413e-05	6.3219e-11	-10.0	-2.5
511.0	2.8408e-05	6.3016e-11	-10.0	-2.5
511.5	2.8404e-05	6.3279e-11	-10.0	-2.5
512.0	2.8405e-05	6.2702e-11	-10.0	-2.5
512.5	2.8406e-05	6.2845e-11	-10.0	-2.5
513.0	2.8411e-05	6.2948e-11	-10.0	-2.5
513.5	2.8404e-05	6.3109e-11	-10.0	-2.5
514.0	2.8404e-05	6.2742e-11	-10.0	-2.5
514.5	2.8405e-05	6.3046e-11	-10.0	-2.5
515.0	2.8405e-05	6.2672e-11	-10.0	-2.5
515.5	2.8405e-05	6.3207e-11	-10.0	-2.5
516.0	2.8405e-05	6.2398e-11	-10.0	-2.5
516.5	2.8403e-05	6.3126e-11	-10.0	-2.5
517.0	2.8403e-05	6.3181e-11	-10.0	-2.5
517.5	2.8398e-05	6.2954e-11	-10.0	-2.5
518.0	2.8395e-05	6.2892e-11	-10.0	-2.5
518.5	2.8393e-05	6.2811e-11	-10.0	-2.5
519.0	2.8391e-05	6.3027e-11	-10.0	-2.5
519.5	2.8391e-05	6.3582e-11	-10.0	-2.5
520.0	2.8391e-05	6.3089e-11	-10.0	-2.5
520.5	2.839e-05	6.3307e-11	-10.0	-2.5
521.0	2.8391e-05	6.3146e-11	-10.0	-2.5
521.5	2.8389e-05	6.3125e-11	-10.0	-2.5
522.0	2.8394e-05	6.2842e-11	-10.0	-2.5
522.5	2.8395e-05	6.28e-11	-10.0	-2.5
523.0	2.8388e-05	6.3226e-11	-10.0	-2.5
523.5	2.8384e-05	6.2672e-11	-10.0	-2.5
524.0	2.8383e-05	6.2863e-11	-10.0	-2.5
524.5	2.8384e-05	6.2989e-11	-10.0	-2.5
525.0	2.838e-05	6.3152e-11	-10.0	-2.5
525.5	2.838e-05	6.2728e-11	-10.0	-2.5
526.0	2.8381e-05	6.3938e-11	-10.0	-2.5
526.5	2.8385e-05	6.3266e-11	-10.0	-2.5
527.0	2.8387e-05	6.3183e-11	-10.0	-2.5
527.5	2.8383e-05	6.3216e-11	-10.0	-2.5
528.0	2.8379e-05	6.3639e-11	-10.0	-2.5
528.5	2.8375e-05	6.3293e-11	-10.0	-2.5
529.0	2.8373e-05	6.294e-11	-10.0	-2.5
529.5	2.8374e-05	6.2585e-11	-10.0	-2.5
530.0	2.8373e-05	6.3213e-11	-10.0	-2.5
530.5	2.8375e-05	6.2488e-11	-10.0	-2.5
531.0	2.8375e-05	6.364e-11	-10.0	-2.5
531.5	2.8371e-05	6.3365e-11	-10.0	-2.5
532.0	2.8367e-05	6.3232e-11	-10.0	-2.5
532.5	2.8375e-05	6.2309e-11	-10.0	-2.5
533.0	2.8376e-05	6.3095e-11	-10.0	-2.5
533.5	2.8373e-05	6.264e-11	-10.0	-2.5
534.0	2.837e-05	6.2482e-11	-10.0	-2.5
534.5	2.8369e-05	6.2808e-11	-10.0	-2.5
535.0	2.8367e-05	6.2616e-11	-10.0	-2.5
535.5	2.8367e-05	6.1952e-11	-10.0	-2.5
536.0	2.8366e-05	6.2639e-11	-10.0	-2.5
536.5	2.8372e-05	6.2393e-11	-10.0	-2.5
537.0	2.8366e-05	6.2394e-11	-10.0	-2.5
537.5	2.8367e-05	6.297e-11	-10.0	-2.5
538.0	2.8363e-05	6.2392e-11	-10.0	-2.5
538.5	2.837e-05	6.1885e-11	-10.0	-2.5
539.0	2.8367e-05	6.2518e-11	-10.0	-2.5
539.5	2.8368e-05	6.2613e-11	-10.0	-2.5
540.0	2.8366e-05	2.0046e-11	-10.0	-2.5
540.5	2.8366e-05	6.4647e-12	-10.0	-2.5
541.0	2.8364e-05	8.4853e-12	-10.0	-2.5
541.5	2.8359e-05	9.8503e-12	-10.0	-2.5
542.0	2.8358e-05	1.0155e-11	-10.0	-2.5
542.5	2.8365e-05	9.9707e-12	-10.0	-2.5
543.0	2.8364e-05	9.7108e-12	-10.0	-2.5
543.5	2.8364e-05	1.0065e-11	-10.0	-2.5
544.0	2.8362e-05	1.0132e-11	-10.0	-2.5
544.5	2.8354e-05	9.8121e-12	-10.0	-2.5
545.0	2.8356e-05	9.8395e-12	-10.0	-2.5
545.5	2.8358e-05	9.7275e-12	-10.0	-2.5
546.0	2.8358e-05	1.0117e-11	-10.0	-2.5
546.5	2.8356e-05	1.0357e-11	-10.0	-2.5
547.0	2.8355e-05	1.0147e-11	-10.0	-2.5
547.5	2.8346e-05	1.0568e-11	-10.0	-2.5
548.0	2.835e-05	9.8956e-12	-10.0	-2.5
548.5	2.835e-05	9.9206e-12	-10.0	-2.5
549.0	2.835e-05	9.9814e-12	-10.0	-2.5
549.5	2.8346e-05	1.0322e-11	-10.0	-2.5
550.0	2.835e-05	9.9361e-12	-10.0	-2.5
550.5	2.8346e-05	9.9444e-12	-10.0	-2.5
551.0	2.8348e-05	9.4855e-12	-10.0	-2.5
551.5	2.8348e-05	9.7084e-12	-10.0	-2.5
552.0	2.8348e-05	9.6512e-12	-10.0	-2.5
552.5	2.8345e-05	1.0153e-11	-10.0	-2.5
553.0	2.8346e-05	9.7251e-12	-10.0	-2.5
553.5	2.8346e-05	1.0179e-11	-10.0	-2.5
554.0	2.8339e-05	9.7394e-12	-10.0	-2.5
554.5	2.8342e-05	1.0219e-11	-10.0	-2.5
555.0	2.8339e-05	9.8908e-12	-10.0	-2.5
555.5	2.8339e-05	9.6595e-12	-10.0	-2.5
556.0	2.8339e-05	9.7787e-12	-10.0	-2.5
556.5	2.8335e-05	9.6643e-12	-10.0	-2.5
557.0	2.8337e-05	8.9693e-12	-10.0	-2.5
557.5	2.8336e-05	1.0301e-11	-10.0	-2.5
558.0	2.8338e-05	1.0153e-11	-10.0	-2.5
558.5	2.8338e-05	9.7036e-12	-10.0	-2.5
559.0	2.8337e-05	9.4914e-12	-10.0	-2.5
559.5	2.8337e-05	1.0067e-11	-10.0	-2.5
560.0	2.8336e-05	9.6655e-12	-10.0	-2.5
560.5	2.8333e-05	9.6667e-12	-10.0	-2.5
561.0	2.8334e-05	9.65e-12	-10.0	-2.5
561.5	2.8339e-05	9.0456e-12	-10.0	-2.5
562.0	2.8342e-05	9.5272e-12	-10.0	-2.5
562.5	2.8344e-05	9.5499e-12	-10.0	-2.5
563.0	2.8347e-05	9.3818e-12	-10.0	-2.5
563.5	2.8344e-05	9.8336e-12	-10.0	-2.5
564.0	2.8348e-05	9.346e-12	-10.0	-2.5
564.5	2.835e-05	9.1779e-12	-10.0	-2.5
565.0	2.8344e-05	9.5952e-12	-10.0	-2.5
565.5	2.8345e-05	9.762e-12	-10.0	-2.5
566.0	2.8342e-05	9.476e-12	-10.0	-2.5
566.5	2.8341e-05	9.7489e-12	-10.0	-2.5
567.0	2.8342e-05	9.6715e-12	-10.0	-2.5
567.5	2.8342e-05	8.9991e-12	-10.0	-2.5
568.0	2.834e-05	9.954e-12	-10.0	-2.5
568.5	2.8338e-05	9.3508e-12	-10.0	-2.5
569.0	2.8342e-05	9.4664e-12	-10.0	-2.5
569.5	2.8339e-05	9.6059e-12	-10.0	-2.5
570.0	2.8344e-05	9.656e-12	-10.0	-2.5
570.5	2.8347e-05	9.3842e-12	-10.0	-2.5
571.0	2.8346e-05	9.3043e-12	-10.0	-2.5
571.5	2.8339e-05	9.6619e-12	-10.0	-2.5
572.0	2.8338e-05	9.0623e-12	-10.0	-2.5
572.5	2.8341e-05	9.2745e-12	-10.0	-2.5
573.0	2.8342e-05	1.0084e-11	-10.0	-2.5
573.5	2.8345e-05	1.0004e-11	-10.0	-2.5
574.0	2.8345e-05	9.4664e-12	-10.0	-2.5
574.5	2.8348e-05	9.3722e-12	-10.0	-2.5
575.0	2.8348e-05	9.1612e-12	-10.0	-2.5
575.5	2.8346e-05	9.6142e-12	-10.0	-2.5
576.0	2.8347e-05	9.6071e-12	-10.0	-2.5
576.5	2.8346e-05	9.6786e-12	-10.0	-2.5
577.0	2.8344e-05	9.203e-12	-10.0	-2.5
577.5	2.8348e-05	9.3103e-12	-10.0	-2.5
578.0	2.8348e-05	1.0141e-11	-10.0	-2.5
578.5	2.835e-05	8.6176e-12	-10.0	-2.5
579.0	2.8351e-05	9.5546e-12	-10.0	-2.5
579.5	2.8346e-05	8.8096e-12	-10.0	-2.5
580.0	2.8349e-05	9.6297e-12	-10.0	-2.5
580.5	2.8347e-05	9.0158e-12	-10.0	-2.5
581.0	2.8351e-05	9.3555e-12	-10.0	-2.5
581.5	2.8357e-05	9.0265e-12	-10.0	-2.5
582.0	2.836e-05	9.3436e-12	-10.0	-2.5
582.5	2.8356e-05	9.644e-12	-10.0	-2.5
583.0	2.8358e-05	9.3353e-12	-10.0	-2.5
583.5	2.8355e-05	9.706e-12	-10.0	-2.5
584.0	2.8361e-05	8.9025e-12	-10.0	-2.5
584.5	2.8357e-05	9.7573e-12	-10.0	-2.5
585.0	2.8363e-05	9.6285e-12	-10.0	-2.5
585.5	2.8361e-05	9.9444e-12	-10.0	-2.5
586.0	2.8361e-05	9.6548e-12	-10.0	-2.5
586.5	2.836e-05	1.0105e-11	-10.0	-2.5
587.0	2.8356e-05	9.1767e-12	-10.0	-2.5
587.5	2.8358e-05	9.7156e-12	-10.0	-2.5
588.0	2.8357e-05	9.9039e-12	-10.0	-2.5
588.5	2.836e-05	9.8407e-12	-10.0	-2.5
589.0	2.8362e-05	9.6691e-12	-10.0	-2.5
589.5	2.8361e-05	9.6595e-12	-10.0	-2.5
590.0	2.8361e-05	9.8145e-12	-10.0	-2.5
590.5	2.8363e-05	1.0191e-11	-10.0	-2.5
591.0	2.8367e-05	1.0059e-11	-10.0	-2.5
591.5	2.8371e-05	9.0385e-12	-10.0	-2.5
592.0	2.837e-05	9.9886e-12	-10.0	-2.5
592.5	2.8373e-05	9.8205e-12	-10.0	-2.5
593.0	2.8368e-05	9.6011e-12	-10.0	-2.5
593.5	2.8371e-05	9.7275e-12	-10.0	-2.5
594.0	2.8371e-05	9.5904e-12	-10.0	-2.5
594.5	2.8371e-05	1.0383e-11	-10.0	-2.5
595.0	2.8373e-05	9.5224e-12	-10.0	-2.5
595.5	2.8372e-05	1.0169e-11	-10.0	-2.5
596.0	2.8375e-05	9.3198e-12	-10.0	-2.5
596.5	2.8375e-05	9.9182e-12	-10.0	-2.5
597.0	2.8374e-05	9.7716e-12	-10.0	-2.5
597.5	2.8373e-05	9.0694e-12	-10.0	-2.5
598.0	2.8379e-05	9.5081e-12	-10.0	-2.5
598.5	2.838e-05	8.9824e-12	-10.0	-2.5
599.0	2.8384e-05	9.9027e-12	-10.0	-2.5
599.5	2.8381e-05	9.8038e-12	-10.0	-2.5
600.0	2.8379e-05	9.495e-12	-10.0	-2.5
600.5	2.838e-05	9.2125e-12	-10.0	-2.5
601.0	2.8382e-05	9.6619e-12	-10.0	-2.5
601.5	2.8381e-05	9.5034e-12	-10.0	-2.5
602.0	2.8379e-05	9.265e-12	-10.0	-2.5
602.5	2.838e-05	9.6965e-12	-10.0	-2.5
603.0	2.8383e-05	9.855e-12	-10.0	-2.5
603.5	2.8389e-05	9.2161e-12	-10.0	-2.5
604.0	2.8383e-05	9.886e-12	-10.0	-2.5
604.5	2.8382e-05	1.0816e-11	-10.0	-2.5
605.0	2.8383e-05	9.8765e-12	-10.0	-2.5
605.5	2.8383e-05	9.6655e-12	-10.0	-2.5
606.0	2.8383e-05	9.4533e-12	-10.0	-2.5
606.5	2.8385e-05	1.0567e-11	-10.0	-2.5
607.0	2.8382e-05	9.4891e-12	-10.0	-2.5
607.5	2.8386e-05	9.65e-12	-10.0	-2.5
608.0	2.8389e-05	9.7811e-12	-10.0	-2.5
608.5	2.8391e-05	9.4593e-12	-10.0	-2.5
609.0	2.8393e-05	8.9502e-12	-10.0	-2.5
609.5	2.8392e-05	9.855e-12	-10.0	-2.5
610.0	2.8393e-05	9.464e-12	-10.0	-2.5
610.5	2.8396e-05	9.7072e-12	-10.0	-2.5
611.0	2.8396e-05	9.5058e-12	-10.0	-2.5
611.5	2.8393e-05	9.2173e-12	-10.0	-2.5
612.0	2.8397e-05	9.6798e-12	-10.0	-2.5
612.5	2.8397e-05	9.3222e-12	-10.0	-2.5
613.0	2.8396e-05	9.1469e-12	-10.0	-2.5
613.5	2.8401e-05	9.4569e-12	-10.0	-2.5
614.0	2.8404e-05	9.8431e-12	-10.0	-2.5
614.5	2.8401e-05	1.0475e-11	-10.0	-2.5
615.0	2.84e-05	9.5713e-12	-10.0	-2.5
