Time (s)	|IDrain (A)|	|IGate (A)	Vdrain(V)	Vgate(V)
0.0	2.7577e-05	9.3232e-11	-10.0	-2.5
1.0	2.7589e-05	2.4934e-11	-10.0	-2.5
1.5	2.7597e-05	1.9567e-11	-10.0	-2.5
2.0	2.7596e-05	1.5691e-11	-10.0	-2.5
2.5	2.7595e-05	1.5396e-11	-10.0	-2.5
3.0	2.7596e-05	1.4126e-11	-10.0	-2.5
3.5	2.7594e-05	1.3264e-11	-10.0	-2.5
4.0	2.7599e-05	1.2622e-11	-10.0	-2.5
4.5	2.7602e-05	1.2175e-11	-10.0	-2.5
5.0	2.7608e-05	1.1909e-11	-10.0	-2.5
5.5	2.7611e-05	1.1675e-11	-10.0	-2.5
6.0	2.7608e-05	1.0781e-11	-10.0	-2.5
6.5	2.7612e-05	1.1574e-11	-10.0	-2.5
7.0	2.7618e-05	1.089e-11	-10.0	-2.5
7.5	2.7614e-05	1.0177e-11	-10.0	-2.5
8.0	2.7621e-05	1.1239e-11	-10.0	-2.5
8.5	2.762e-05	1.1028e-11	-10.0	-2.5
9.0	2.7626e-05	1.0855e-11	-10.0	-2.5
9.5	2.7633e-05	1.0456e-11	-10.0	-2.5
10.0	2.7634e-05	1.0154e-11	-10.0	-2.5
10.5	2.7637e-05	1.109e-11	-10.0	-2.5
11.0	2.7638e-05	1.0459e-11	-10.0	-2.5
11.5	2.7646e-05	1.0034e-11	-10.0	-2.5
12.0	2.7651e-05	1.0111e-11	-10.0	-2.5
12.5	2.7652e-05	1.0041e-11	-10.0	-2.5
13.0	2.7655e-05	1.0691e-11	-10.0	-2.5
13.5	2.7657e-05	1.0599e-11	-10.0	-2.5
14.0	2.7655e-05	1.0806e-11	-10.0	-2.5
14.5	2.7656e-05	1.0686e-11	-10.0	-2.5
15.0	2.7658e-05	1.0598e-11	-10.0	-2.5
15.5	2.7664e-05	1.0854e-11	-10.0	-2.5
16.0	2.7668e-05	1.0842e-11	-10.0	-2.5
16.5	2.7666e-05	9.6571e-12	-10.0	-2.5
17.0	2.7669e-05	1.033e-11	-10.0	-2.5
17.5	2.7672e-05	1.0129e-11	-10.0	-2.5
18.0	2.7676e-05	9.6416e-12	-10.0	-2.5
18.5	2.7682e-05	1.0946e-11	-10.0	-2.5
19.0	2.7685e-05	1.0121e-11	-10.0	-2.5
19.5	2.7688e-05	9.7728e-12	-10.0	-2.5
20.0	2.7689e-05	1.0124e-11	-10.0	-2.5
20.5	2.769e-05	1.0537e-11	-10.0	-2.5
21.0	2.7696e-05	1.0134e-11	-10.0	-2.5
21.5	2.7696e-05	1.0514e-11	-10.0	-2.5
22.0	2.77e-05	8.9085e-12	-10.0	-2.5
22.5	2.7699e-05	1.0955e-11	-10.0	-2.5
23.0	2.7699e-05	1.0111e-11	-10.0	-2.5
23.5	2.7705e-05	1.0294e-11	-10.0	-2.5
24.0	2.7707e-05	1.0059e-11	-10.0	-2.5
24.5	2.7714e-05	1.0185e-11	-10.0	-2.5
25.0	2.7717e-05	9.7048e-12	-10.0	-2.5
25.5	2.7721e-05	1.0082e-11	-10.0	-2.5
26.0	2.7724e-05	9.6655e-12	-10.0	-2.5
26.5	2.7725e-05	1.0061e-11	-10.0	-2.5
27.0	2.7725e-05	1.0428e-11	-10.0	-2.5
27.5	2.7728e-05	9.2626e-12	-10.0	-2.5
28.0	2.7729e-05	1.0088e-11	-10.0	-2.5
28.5	2.7728e-05	1.047e-11	-10.0	-2.5
29.0	2.7728e-05	9.9063e-12	-10.0	-2.5
29.5	2.7733e-05	9.7454e-12	-10.0	-2.5
30.0	2.7734e-05	1.0262e-11	-10.0	-2.5
30.5	2.7736e-05	1.0263e-11	-10.0	-2.5
31.0	2.7736e-05	1.0399e-11	-10.0	-2.5
31.5	2.7737e-05	1.0155e-11	-10.0	-2.5
32.0	2.7742e-05	9.7167e-12	-10.0	-2.5
32.5	2.7747e-05	1.0679e-11	-10.0	-2.5
33.0	2.7745e-05	1.0076e-11	-10.0	-2.5
33.5	2.7749e-05	1.0223e-11	-10.0	-2.5
34.0	2.7752e-05	1.0127e-11	-10.0	-2.5
34.5	2.7753e-05	9.9587e-12	-10.0	-2.5
35.0	2.7754e-05	1.022e-11	-10.0	-2.5
35.5	2.7757e-05	9.5522e-12	-10.0	-2.5
36.0	2.776e-05	8.8322e-12	-10.0	-2.5
36.5	2.7766e-05	9.8336e-12	-10.0	-2.5
37.0	2.7769e-05	1.0003e-11	-10.0	-2.5
37.5	2.7767e-05	9.7227e-12	-10.0	-2.5
38.0	2.7772e-05	1.0862e-11	-10.0	-2.5
38.5	2.7774e-05	9.7704e-12	-10.0	-2.5
39.0	2.778e-05	1.0045e-11	-10.0	-2.5
39.5	2.7781e-05	1.0494e-11	-10.0	-2.5
40.0	2.778e-05	9.6142e-12	-10.0	-2.5
40.5	2.7783e-05	1.0493e-11	-10.0	-2.5
41.0	2.7786e-05	9.9218e-12	-10.0	-2.5
41.5	2.7792e-05	9.9361e-12	-10.0	-2.5
42.0	2.7791e-05	9.7466e-12	-10.0	-2.5
42.5	2.7789e-05	9.2852e-12	-10.0	-2.5
43.0	2.7794e-05	9.9575e-12	-10.0	-2.5
43.5	2.7799e-05	9.4223e-12	-10.0	-2.5
44.0	2.7803e-05	9.9349e-12	-10.0	-2.5
44.5	2.7802e-05	9.8371e-12	-10.0	-2.5
45.0	2.7804e-05	1.0123e-11	-10.0	-2.5
45.5	2.7808e-05	9.9695e-12	-10.0	-2.5
46.0	2.7811e-05	1.0861e-11	-10.0	-2.5
46.5	2.7813e-05	1.0079e-11	-10.0	-2.5
47.0	2.7812e-05	1.0018e-11	-10.0	-2.5
47.5	2.7816e-05	9.5749e-12	-10.0	-2.5
48.0	2.7812e-05	1.0482e-11	-10.0	-2.5
48.5	2.7816e-05	9.9921e-12	-10.0	-2.5
49.0	2.7816e-05	1.0537e-11	-10.0	-2.5
49.5	2.7813e-05	1.0235e-11	-10.0	-2.5
50.0	2.7819e-05	1.0481e-11	-10.0	-2.5
50.5	2.7822e-05	1.0202e-11	-10.0	-2.5
51.0	2.7822e-05	1.026e-11	-10.0	-2.5
51.5	2.7825e-05	1.027e-11	-10.0	-2.5
52.0	2.7825e-05	1.0086e-11	-10.0	-2.5
52.5	2.7828e-05	1.0001e-11	-10.0	-2.5
53.0	2.783e-05	1.0557e-11	-10.0	-2.5
53.5	2.7831e-05	9.7656e-12	-10.0	-2.5
54.0	2.7836e-05	1.0099e-11	-10.0	-2.5
54.5	2.7836e-05	1.0079e-11	-10.0	-2.5
55.0	2.7839e-05	1.0022e-11	-10.0	-2.5
55.5	2.7839e-05	1.07e-11	-10.0	-2.5
56.0	2.7844e-05	1.0259e-11	-10.0	-2.5
56.5	2.7842e-05	1.023e-11	-10.0	-2.5
57.0	2.7844e-05	1.0121e-11	-10.0	-2.5
57.5	2.7849e-05	1.0222e-11	-10.0	-2.5
58.0	2.785e-05	1.0222e-11	-10.0	-2.5
58.5	2.7853e-05	1.1156e-11	-10.0	-2.5
59.0	2.7852e-05	1.0316e-11	-10.0	-2.5
59.5	2.786e-05	1.0086e-11	-10.0	-2.5
60.0	2.7858e-05	1.0295e-11	-10.0	-2.5
60.5	2.786e-05	1.0201e-11	-10.0	-2.5
61.0	2.7861e-05	1.0339e-11	-10.0	-2.5
61.5	2.7861e-05	9.4068e-12	-10.0	-2.5
62.0	2.786e-05	9.5344e-12	-10.0	-2.5
62.5	2.7867e-05	1.0366e-11	-10.0	-2.5
63.0	2.7867e-05	1.0002e-11	-10.0	-2.5
63.5	2.787e-05	1.0001e-11	-10.0	-2.5
64.0	2.7876e-05	9.8395e-12	-10.0	-2.5
64.5	2.7871e-05	1.0016e-11	-10.0	-2.5
65.0	2.7881e-05	1.0407e-11	-10.0	-2.5
65.5	2.7881e-05	1.0092e-11	-10.0	-2.5
66.0	2.788e-05	9.5511e-12	-10.0	-2.5
66.5	2.7877e-05	1.0818e-11	-10.0	-2.5
67.0	2.7882e-05	9.8956e-12	-10.0	-2.5
67.5	2.7885e-05	1.052e-11	-10.0	-2.5
68.0	2.7884e-05	9.4605e-12	-10.0	-2.5
68.5	2.7887e-05	9.762e-12	-10.0	-2.5
69.0	2.7889e-05	9.5403e-12	-10.0	-2.5
69.5	2.7886e-05	9.5952e-12	-10.0	-2.5
70.0	2.7886e-05	8.8954e-12	-10.0	-2.5
70.5	2.7891e-05	1.0598e-11	-10.0	-2.5
71.0	2.7894e-05	1.074e-11	-10.0	-2.5
71.5	2.7901e-05	1.0223e-11	-10.0	-2.5
72.0	2.7902e-05	9.9468e-12	-10.0	-2.5
72.5	2.7903e-05	1.0425e-11	-10.0	-2.5
73.0	2.79e-05	9.8777e-12	-10.0	-2.5
73.5	2.7905e-05	1.0067e-11	-10.0	-2.5
74.0	2.7905e-05	1.0103e-11	-10.0	-2.5
74.5	2.7904e-05	9.9361e-12	-10.0	-2.5
75.0	2.7905e-05	1.0239e-11	-10.0	-2.5
75.5	2.791e-05	1.0077e-11	-10.0	-2.5
76.0	2.791e-05	9.6464e-12	-10.0	-2.5
76.5	2.7913e-05	1.0027e-11	-10.0	-2.5
77.0	2.7918e-05	1.0295e-11	-10.0	-2.5
77.5	2.7914e-05	1.0079e-11	-10.0	-2.5
78.0	2.7919e-05	9.9087e-12	-10.0	-2.5
78.5	2.7918e-05	9.6071e-12	-10.0	-2.5
79.0	2.7918e-05	1.0602e-11	-10.0	-2.5
79.5	2.7919e-05	1.0273e-11	-10.0	-2.5
80.0	2.7926e-05	1.0526e-11	-10.0	-2.5
80.5	2.7927e-05	9.7811e-12	-10.0	-2.5
81.0	2.7921e-05	1.0009e-11	-10.0	-2.5
81.5	2.7927e-05	9.5689e-12	-10.0	-2.5
82.0	2.7932e-05	1.0021e-11	-10.0	-2.5
82.5	2.7933e-05	1.0393e-11	-10.0	-2.5
83.0	2.793e-05	1.0021e-11	-10.0	-2.5
83.5	2.7932e-05	9.9933e-12	-10.0	-2.5
84.0	2.7931e-05	1.0667e-11	-10.0	-2.5
84.5	2.7936e-05	1.014e-11	-10.0	-2.5
85.0	2.7934e-05	1.0353e-11	-10.0	-2.5
85.5	2.7935e-05	1.0463e-11	-10.0	-2.5
86.0	2.7937e-05	9.8073e-12	-10.0	-2.5
86.5	2.7941e-05	9.7179e-12	-10.0	-2.5
87.0	2.7939e-05	1.0459e-11	-10.0	-2.5
87.5	2.7943e-05	9.9039e-12	-10.0	-2.5
88.0	2.7942e-05	1.0279e-11	-10.0	-2.5
88.5	2.7947e-05	1.0269e-11	-10.0	-2.5
89.0	2.7953e-05	9.8622e-12	-10.0	-2.5
89.5	2.7954e-05	1.015e-11	-10.0	-2.5
90.0	2.7951e-05	1.0477e-11	-10.0	-2.5
90.5	2.7961e-05	1.0489e-11	-10.0	-2.5
91.0	2.7962e-05	1.0065e-11	-10.0	-2.5
91.5	2.7956e-05	1.016e-11	-10.0	-2.5
92.0	2.7953e-05	1.0155e-11	-10.0	-2.5
92.5	2.7956e-05	1.0776e-11	-10.0	-2.5
93.0	2.7962e-05	1.0294e-11	-10.0	-2.5
93.5	2.7968e-05	1.0262e-11	-10.0	-2.5
94.0	2.7966e-05	1.023e-11	-10.0	-2.5
94.5	2.7961e-05	1.0086e-11	-10.0	-2.5
95.0	2.7967e-05	1.0537e-11	-10.0	-2.5
95.5	2.797e-05	1.0333e-11	-10.0	-2.5
96.0	2.797e-05	1.0058e-11	-10.0	-2.5
96.5	2.7972e-05	1.0505e-11	-10.0	-2.5
97.0	2.7975e-05	9.6273e-12	-10.0	-2.5
97.5	2.7973e-05	1.1181e-11	-10.0	-2.5
98.0	2.7972e-05	1.021e-11	-10.0	-2.5
98.5	2.7972e-05	1.0606e-11	-10.0	-2.5
99.0	2.7979e-05	9.2673e-12	-10.0	-2.5
99.5	2.7982e-05	1.0205e-11	-10.0	-2.5
100.0	2.7982e-05	9.5797e-12	-10.0	-2.5
100.5	2.7982e-05	1.0392e-11	-10.0	-2.5
101.0	2.7983e-05	1.0966e-11	-10.0	-2.5
101.5	2.7989e-05	1.0636e-11	-10.0	-2.5
102.0	2.7989e-05	9.9671e-12	-10.0	-2.5
102.5	2.799e-05	1.084e-11	-10.0	-2.5
103.0	2.7993e-05	9.6715e-12	-10.0	-2.5
103.5	2.7996e-05	9.3126e-12	-10.0	-2.5
104.0	2.7999e-05	1.0722e-11	-10.0	-2.5
104.5	2.7996e-05	9.8729e-12	-10.0	-2.5
105.0	2.7998e-05	1.0371e-11	-10.0	-2.5
105.5	2.7997e-05	1.0322e-11	-10.0	-2.5
106.0	2.8001e-05	1.025e-11	-10.0	-2.5
106.5	2.8003e-05	9.7823e-12	-10.0	-2.5
107.0	2.8004e-05	1.052e-11	-10.0	-2.5
107.5	2.8005e-05	1.0237e-11	-10.0	-2.5
108.0	2.8005e-05	1.0762e-11	-10.0	-2.5
108.5	2.8009e-05	1.0208e-11	-10.0	-2.5
109.0	2.8011e-05	1.0191e-11	-10.0	-2.5
109.5	2.801e-05	1.0427e-11	-10.0	-2.5
110.0	2.8017e-05	9.4831e-12	-10.0	-2.5
110.5	2.8019e-05	9.8777e-12	-10.0	-2.5
111.0	2.8013e-05	1.0762e-11	-10.0	-2.5
111.5	2.8013e-05	1.0092e-11	-10.0	-2.5
112.0	2.8016e-05	1.0049e-11	-10.0	-2.5
112.5	2.8018e-05	1.0641e-11	-10.0	-2.5
113.0	2.8019e-05	9.5534e-12	-10.0	-2.5
113.5	2.8017e-05	1.0722e-11	-10.0	-2.5
114.0	2.8022e-05	1.0203e-11	-10.0	-2.5
114.5	2.8025e-05	9.8097e-12	-10.0	-2.5
115.0	2.802e-05	1.0319e-11	-10.0	-2.5
115.5	2.8027e-05	9.5773e-12	-10.0	-2.5
116.0	2.8027e-05	1.0205e-11	-10.0	-2.5
116.5	2.8025e-05	1.058e-11	-10.0	-2.5
117.0	2.8024e-05	1.0117e-11	-10.0	-2.5
117.5	2.8025e-05	1.0755e-11	-10.0	-2.5
118.0	2.8025e-05	1.0902e-11	-10.0	-2.5
118.5	2.8026e-05	1.0793e-11	-10.0	-2.5
119.0	2.8029e-05	1.0088e-11	-10.0	-2.5
119.5	2.8033e-05	1.0406e-11	-10.0	-2.5
120.0	2.8036e-05	3.9204e-11	-10.0	-2.5
120.5	2.8036e-05	4.5252e-11	-10.0	-2.5
121.0	2.8043e-05	4.6201e-11	-10.0	-2.5
121.5	2.8041e-05	4.6086e-11	-10.0	-2.5
122.0	2.804e-05	4.5692e-11	-10.0	-2.5
122.5	2.8042e-05	4.6203e-11	-10.0	-2.5
123.0	2.8048e-05	4.614e-11	-10.0	-2.5
123.5	2.805e-05	4.5821e-11	-10.0	-2.5
124.0	2.8048e-05	4.5674e-11	-10.0	-2.5
124.5	2.8045e-05	4.5657e-11	-10.0	-2.5
125.0	2.8049e-05	4.499e-11	-10.0	-2.5
125.5	2.8053e-05	4.472e-11	-10.0	-2.5
126.0	2.8057e-05	4.4496e-11	-10.0	-2.5
126.5	2.8056e-05	4.5093e-11	-10.0	-2.5
127.0	2.8056e-05	4.4738e-11	-10.0	-2.5
127.5	2.806e-05	4.4535e-11	-10.0	-2.5
128.0	2.8067e-05	4.4491e-11	-10.0	-2.5
128.5	2.807e-05	4.4783e-11	-10.0	-2.5
129.0	2.8068e-05	4.4261e-11	-10.0	-2.5
129.5	2.8075e-05	4.4168e-11	-10.0	-2.5
130.0	2.8071e-05	4.455e-11	-10.0	-2.5
130.5	2.8077e-05	4.4049e-11	-10.0	-2.5
131.0	2.8083e-05	4.3606e-11	-10.0	-2.5
131.5	2.8081e-05	4.3873e-11	-10.0	-2.5
132.0	2.808e-05	4.4278e-11	-10.0	-2.5
132.5	2.8086e-05	4.3365e-11	-10.0	-2.5
133.0	2.8087e-05	4.3814e-11	-10.0	-2.5
133.5	2.8094e-05	4.3354e-11	-10.0	-2.5
134.0	2.8089e-05	4.4063e-11	-10.0	-2.5
134.5	2.8092e-05	4.296e-11	-10.0	-2.5
135.0	2.8096e-05	4.3248e-11	-10.0	-2.5
135.5	2.809e-05	4.3771e-11	-10.0	-2.5
136.0	2.8094e-05	4.3994e-11	-10.0	-2.5
136.5	2.81e-05	4.3654e-11	-10.0	-2.5
137.0	2.8098e-05	4.3777e-11	-10.0	-2.5
137.5	2.8096e-05	4.3979e-11	-10.0	-2.5
138.0	2.8101e-05	4.3418e-11	-10.0	-2.5
138.5	2.8104e-05	4.3613e-11	-10.0	-2.5
139.0	2.8103e-05	4.3579e-11	-10.0	-2.5
139.5	2.8109e-05	4.351e-11	-10.0	-2.5
140.0	2.8109e-05	4.4062e-11	-10.0	-2.5
140.5	2.8113e-05	4.3389e-11	-10.0	-2.5
141.0	2.8109e-05	4.325e-11	-10.0	-2.5
141.5	2.8119e-05	4.3516e-11	-10.0	-2.5
142.0	2.8113e-05	4.2837e-11	-10.0	-2.5
142.5	2.8115e-05	4.3436e-11	-10.0	-2.5
143.0	2.8123e-05	4.2968e-11	-10.0	-2.5
143.5	2.8126e-05	4.3502e-11	-10.0	-2.5
144.0	2.8123e-05	4.3625e-11	-10.0	-2.5
144.5	2.8126e-05	4.3551e-11	-10.0	-2.5
145.0	2.8128e-05	4.2967e-11	-10.0	-2.5
145.5	2.8131e-05	4.3391e-11	-10.0	-2.5
146.0	2.8132e-05	4.3051e-11	-10.0	-2.5
146.5	2.8128e-05	4.3726e-11	-10.0	-2.5
147.0	2.8136e-05	4.3033e-11	-10.0	-2.5
147.5	2.8138e-05	4.2887e-11	-10.0	-2.5
148.0	2.8135e-05	4.3145e-11	-10.0	-2.5
148.5	2.8137e-05	4.372e-11	-10.0	-2.5
149.0	2.814e-05	4.2937e-11	-10.0	-2.5
149.5	2.8141e-05	4.3243e-11	-10.0	-2.5
150.0	2.8137e-05	4.3222e-11	-10.0	-2.5
150.5	2.8142e-05	4.3497e-11	-10.0	-2.5
151.0	2.8143e-05	4.3925e-11	-10.0	-2.5
151.5	2.8146e-05	4.3611e-11	-10.0	-2.5
152.0	2.8144e-05	4.2554e-11	-10.0	-2.5
152.5	2.815e-05	4.3795e-11	-10.0	-2.5
153.0	2.8151e-05	4.3079e-11	-10.0	-2.5
153.5	2.8153e-05	4.2533e-11	-10.0	-2.5
154.0	2.8153e-05	4.2818e-11	-10.0	-2.5
154.5	2.8155e-05	4.286e-11	-10.0	-2.5
155.0	2.8159e-05	4.366e-11	-10.0	-2.5
155.5	2.8159e-05	4.3085e-11	-10.0	-2.5
156.0	2.816e-05	4.285e-11	-10.0	-2.5
156.5	2.8164e-05	4.2585e-11	-10.0	-2.5
157.0	2.8164e-05	4.3147e-11	-10.0	-2.5
157.5	2.8167e-05	4.2729e-11	-10.0	-2.5
158.0	2.8169e-05	4.2832e-11	-10.0	-2.5
158.5	2.8169e-05	4.352e-11	-10.0	-2.5
159.0	2.8166e-05	4.2899e-11	-10.0	-2.5
159.5	2.8171e-05	4.275e-11	-10.0	-2.5
160.0	2.8166e-05	4.2372e-11	-10.0	-2.5
160.5	2.8168e-05	4.2604e-11	-10.0	-2.5
161.0	2.817e-05	4.3347e-11	-10.0	-2.5
161.5	2.817e-05	4.2384e-11	-10.0	-2.5
162.0	2.8171e-05	4.3086e-11	-10.0	-2.5
162.5	2.8174e-05	4.264e-11	-10.0	-2.5
163.0	2.8179e-05	4.3001e-11	-10.0	-2.5
163.5	2.8177e-05	4.2283e-11	-10.0	-2.5
164.0	2.8175e-05	4.306e-11	-10.0	-2.5
164.5	2.8174e-05	4.2542e-11	-10.0	-2.5
165.0	2.8181e-05	4.2047e-11	-10.0	-2.5
165.5	2.8182e-05	4.3077e-11	-10.0	-2.5
166.0	2.8185e-05	4.2876e-11	-10.0	-2.5
166.5	2.8183e-05	4.2374e-11	-10.0	-2.5
167.0	2.8185e-05	4.2664e-11	-10.0	-2.5
167.5	2.8185e-05	4.2968e-11	-10.0	-2.5
168.0	2.8189e-05	4.2214e-11	-10.0	-2.5
168.5	2.8193e-05	4.221e-11	-10.0	-2.5
169.0	2.819e-05	4.2193e-11	-10.0	-2.5
169.5	2.8193e-05	4.329e-11	-10.0	-2.5
170.0	2.8189e-05	4.2563e-11	-10.0	-2.5
170.5	2.8194e-05	4.3324e-11	-10.0	-2.5
171.0	2.8198e-05	4.2105e-11	-10.0	-2.5
171.5	2.8199e-05	4.2052e-11	-10.0	-2.5
172.0	2.8199e-05	4.2678e-11	-10.0	-2.5
172.5	2.8201e-05	4.2781e-11	-10.0	-2.5
173.0	2.8199e-05	4.2068e-11	-10.0	-2.5
173.5	2.82e-05	4.2312e-11	-10.0	-2.5
174.0	2.8199e-05	4.2554e-11	-10.0	-2.5
174.5	2.8198e-05	4.221e-11	-10.0	-2.5
175.0	2.8199e-05	4.2686e-11	-10.0	-2.5
175.5	2.8202e-05	4.1934e-11	-10.0	-2.5
176.0	2.8205e-05	4.2321e-11	-10.0	-2.5
176.5	2.8205e-05	4.2163e-11	-10.0	-2.5
177.0	2.8204e-05	4.2235e-11	-10.0	-2.5
177.5	2.8204e-05	4.296e-11	-10.0	-2.5
178.0	2.8204e-05	4.2532e-11	-10.0	-2.5
178.5	2.8208e-05	4.2863e-11	-10.0	-2.5
179.0	2.8211e-05	4.2615e-11	-10.0	-2.5
179.5	2.8212e-05	4.2579e-11	-10.0	-2.5
180.0	2.8212e-05	6.1893e-12	-10.0	-2.5
180.5	2.821e-05	7.8762e-12	-10.0	-2.5
181.0	2.8217e-05	9.1982e-12	-10.0	-2.5
181.5	2.8223e-05	9.8515e-12	-10.0	-2.5
182.0	2.8222e-05	1.0203e-11	-10.0	-2.5
182.5	2.8223e-05	9.9289e-12	-10.0	-2.5
183.0	2.8221e-05	9.9969e-12	-10.0	-2.5
183.5	2.8222e-05	1.0637e-11	-10.0	-2.5
184.0	2.8222e-05	1.061e-11	-10.0	-2.5
184.5	2.822e-05	1.0291e-11	-10.0	-2.5
185.0	2.8219e-05	9.8574e-12	-10.0	-2.5
185.5	2.8216e-05	1.0824e-11	-10.0	-2.5
186.0	2.8214e-05	1.0598e-11	-10.0	-2.5
186.5	2.8215e-05	9.7346e-12	-10.0	-2.5
187.0	2.8219e-05	1.0489e-11	-10.0	-2.5
187.5	2.8216e-05	1.0061e-11	-10.0	-2.5
188.0	2.8222e-05	1.143e-11	-10.0	-2.5
188.5	2.822e-05	1.0239e-11	-10.0	-2.5
189.0	2.8217e-05	1.0543e-11	-10.0	-2.5
189.5	2.8215e-05	1.0592e-11	-10.0	-2.5
190.0	2.8218e-05	1.0393e-11	-10.0	-2.5
190.5	2.822e-05	1.0359e-11	-10.0	-2.5
191.0	2.8219e-05	1.0556e-11	-10.0	-2.5
191.5	2.8223e-05	9.7847e-12	-10.0	-2.5
192.0	2.8219e-05	1.0486e-11	-10.0	-2.5
192.5	2.8225e-05	1.1132e-11	-10.0	-2.5
193.0	2.8225e-05	1.0534e-11	-10.0	-2.5
193.5	2.8225e-05	1.0248e-11	-10.0	-2.5
194.0	2.8225e-05	1.023e-11	-10.0	-2.5
194.5	2.8227e-05	9.8968e-12	-10.0	-2.5
195.0	2.8223e-05	9.9325e-12	-10.0	-2.5
195.5	2.8226e-05	1.0269e-11	-10.0	-2.5
196.0	2.8227e-05	1.0869e-11	-10.0	-2.5
196.5	2.823e-05	1.0332e-11	-10.0	-2.5
197.0	2.8231e-05	1.0542e-11	-10.0	-2.5
197.5	2.8232e-05	1.0823e-11	-10.0	-2.5
198.0	2.8233e-05	9.8574e-12	-10.0	-2.5
198.5	2.8236e-05	1.0138e-11	-10.0	-2.5
199.0	2.8234e-05	1.0107e-11	-10.0	-2.5
199.5	2.8235e-05	1.0455e-11	-10.0	-2.5
200.0	2.8232e-05	1.0506e-11	-10.0	-2.5
200.5	2.8234e-05	1.0498e-11	-10.0	-2.5
201.0	2.8236e-05	1.0537e-11	-10.0	-2.5
201.5	2.8239e-05	1.0419e-11	-10.0	-2.5
202.0	2.8235e-05	1.0271e-11	-10.0	-2.5
202.5	2.8244e-05	1.0122e-11	-10.0	-2.5
203.0	2.8241e-05	1.074e-11	-10.0	-2.5
203.5	2.8243e-05	9.9826e-12	-10.0	-2.5
204.0	2.8242e-05	1.073e-11	-10.0	-2.5
204.5	2.8245e-05	1.0238e-11	-10.0	-2.5
205.0	2.8243e-05	1.1035e-11	-10.0	-2.5
205.5	2.8244e-05	1.0109e-11	-10.0	-2.5
206.0	2.8242e-05	1.0216e-11	-10.0	-2.5
206.5	2.8243e-05	9.7585e-12	-10.0	-2.5
207.0	2.8239e-05	9.8956e-12	-10.0	-2.5
207.5	2.824e-05	1.0269e-11	-10.0	-2.5
208.0	2.8239e-05	1.0848e-11	-10.0	-2.5
208.5	2.8246e-05	1.0353e-11	-10.0	-2.5
209.0	2.8246e-05	1.0481e-11	-10.0	-2.5
209.5	2.8242e-05	1.0195e-11	-10.0	-2.5
210.0	2.8251e-05	1.0138e-11	-10.0	-2.5
210.5	2.8252e-05	1.055e-11	-10.0	-2.5
211.0	2.8251e-05	1.0836e-11	-10.0	-2.5
211.5	2.8251e-05	1.0781e-11	-10.0	-2.5
212.0	2.825e-05	1.048e-11	-10.0	-2.5
212.5	2.8253e-05	9.898e-12	-10.0	-2.5
213.0	2.8253e-05	1.0294e-11	-10.0	-2.5
213.5	2.8255e-05	1.0012e-11	-10.0	-2.5
214.0	2.8249e-05	1.0097e-11	-10.0	-2.5
214.5	2.825e-05	9.8169e-12	-10.0	-2.5
215.0	2.8254e-05	9.5236e-12	-10.0	-2.5
215.5	2.8247e-05	1.055e-11	-10.0	-2.5
216.0	2.8248e-05	1.014e-11	-10.0	-2.5
216.5	2.8245e-05	1.0098e-11	-10.0	-2.5
217.0	2.825e-05	1.0049e-11	-10.0	-2.5
217.5	2.8259e-05	1.0381e-11	-10.0	-2.5
218.0	2.8256e-05	1.0245e-11	-10.0	-2.5
218.5	2.8255e-05	1.0368e-11	-10.0	-2.5
219.0	2.8255e-05	1.0591e-11	-10.0	-2.5
219.5	2.8258e-05	9.4414e-12	-10.0	-2.5
220.0	2.8258e-05	9.8872e-12	-10.0	-2.5
220.5	2.826e-05	1.0158e-11	-10.0	-2.5
221.0	2.8259e-05	1.0155e-11	-10.0	-2.5
221.5	2.8255e-05	1.0211e-11	-10.0	-2.5
222.0	2.826e-05	9.5522e-12	-10.0	-2.5
222.5	2.826e-05	1.06e-11	-10.0	-2.5
223.0	2.826e-05	1.058e-11	-10.0	-2.5
223.5	2.8259e-05	9.5809e-12	-10.0	-2.5
224.0	2.8262e-05	1.0288e-11	-10.0	-2.5
224.5	2.8262e-05	1.0887e-11	-10.0	-2.5
225.0	2.8259e-05	1.071e-11	-10.0	-2.5
225.5	2.826e-05	1.0866e-11	-10.0	-2.5
226.0	2.8267e-05	1.0146e-11	-10.0	-2.5
226.5	2.8267e-05	1.0042e-11	-10.0	-2.5
227.0	2.8272e-05	1.0747e-11	-10.0	-2.5
227.5	2.8268e-05	1.0027e-11	-10.0	-2.5
228.0	2.8265e-05	1.1083e-11	-10.0	-2.5
228.5	2.8265e-05	1.019e-11	-10.0	-2.5
229.0	2.8268e-05	9.9492e-12	-10.0	-2.5
229.5	2.8274e-05	1.0394e-11	-10.0	-2.5
230.0	2.8274e-05	1.0794e-11	-10.0	-2.5
230.5	2.8274e-05	9.9564e-12	-10.0	-2.5
231.0	2.8275e-05	1.0316e-11	-10.0	-2.5
231.5	2.8275e-05	1.0233e-11	-10.0	-2.5
232.0	2.8273e-05	1.0145e-11	-10.0	-2.5
232.5	2.8273e-05	1.0325e-11	-10.0	-2.5
233.0	2.827e-05	9.7001e-12	-10.0	-2.5
233.5	2.8272e-05	1.0817e-11	-10.0	-2.5
234.0	2.8277e-05	9.8193e-12	-10.0	-2.5
234.5	2.8277e-05	1.045e-11	-10.0	-2.5
235.0	2.828e-05	1.0061e-11	-10.0	-2.5
235.5	2.8281e-05	1.0488e-11	-10.0	-2.5
236.0	2.8282e-05	9.7966e-12	-10.0	-2.5
236.5	2.8287e-05	1.002e-11	-10.0	-2.5
237.0	2.8288e-05	1.0485e-11	-10.0	-2.5
237.5	2.8282e-05	1.0211e-11	-10.0	-2.5
238.0	2.8282e-05	1.0863e-11	-10.0	-2.5
238.5	2.8289e-05	1.0197e-11	-10.0	-2.5
239.0	2.829e-05	1.0525e-11	-10.0	-2.5
239.5	2.8293e-05	1.049e-11	-10.0	-2.5
240.0	2.8293e-05	3.536e-11	-10.0	-2.5
240.5	2.8298e-05	4.316e-11	-10.0	-2.5
241.0	2.8295e-05	4.4285e-11	-10.0	-2.5
241.5	2.8295e-05	4.4268e-11	-10.0	-2.5
242.0	2.8296e-05	4.4769e-11	-10.0	-2.5
242.5	2.8298e-05	4.5431e-11	-10.0	-2.5
243.0	2.8293e-05	4.4987e-11	-10.0	-2.5
243.5	2.8302e-05	4.4305e-11	-10.0	-2.5
244.0	2.8297e-05	4.3646e-11	-10.0	-2.5
244.5	2.8302e-05	4.4283e-11	-10.0	-2.5
245.0	2.8301e-05	4.4591e-11	-10.0	-2.5
245.5	2.8304e-05	4.3716e-11	-10.0	-2.5
246.0	2.8302e-05	4.415e-11	-10.0	-2.5
246.5	2.8307e-05	4.4429e-11	-10.0	-2.5
247.0	2.8305e-05	4.3308e-11	-10.0	-2.5
247.5	2.8306e-05	4.3616e-11	-10.0	-2.5
248.0	2.8309e-05	4.336e-11	-10.0	-2.5
248.5	2.8311e-05	4.3409e-11	-10.0	-2.5
249.0	2.8319e-05	4.3611e-11	-10.0	-2.5
249.5	2.8311e-05	4.3442e-11	-10.0	-2.5
250.0	2.8312e-05	4.3224e-11	-10.0	-2.5
250.5	2.8312e-05	4.4182e-11	-10.0	-2.5
251.0	2.832e-05	4.3509e-11	-10.0	-2.5
251.5	2.8317e-05	4.2624e-11	-10.0	-2.5
252.0	2.832e-05	4.3299e-11	-10.0	-2.5
252.5	2.8321e-05	4.3811e-11	-10.0	-2.5
253.0	2.8325e-05	4.3305e-11	-10.0	-2.5
253.5	2.8324e-05	4.3286e-11	-10.0	-2.5
254.0	2.8327e-05	4.315e-11	-10.0	-2.5
254.5	2.8328e-05	4.2932e-11	-10.0	-2.5
255.0	2.8337e-05	4.2925e-11	-10.0	-2.5
255.5	2.8335e-05	4.3424e-11	-10.0	-2.5
256.0	2.8338e-05	4.299e-11	-10.0	-2.5
256.5	2.8336e-05	4.2651e-11	-10.0	-2.5
257.0	2.8335e-05	4.2908e-11	-10.0	-2.5
257.5	2.8331e-05	4.2789e-11	-10.0	-2.5
258.0	2.8329e-05	4.2951e-11	-10.0	-2.5
258.5	2.8334e-05	4.3002e-11	-10.0	-2.5
259.0	2.8336e-05	4.3329e-11	-10.0	-2.5
259.5	2.8335e-05	4.314e-11	-10.0	-2.5
260.0	2.834e-05	4.2871e-11	-10.0	-2.5
260.5	2.8341e-05	4.2366e-11	-10.0	-2.5
261.0	2.835e-05	4.2727e-11	-10.0	-2.5
261.5	2.8347e-05	4.3122e-11	-10.0	-2.5
262.0	2.834e-05	4.2937e-11	-10.0	-2.5
262.5	2.8342e-05	4.1741e-11	-10.0	-2.5
263.0	2.8343e-05	4.2663e-11	-10.0	-2.5
263.5	2.8345e-05	4.2436e-11	-10.0	-2.5
264.0	2.8343e-05	4.2832e-11	-10.0	-2.5
264.5	2.8346e-05	4.2846e-11	-10.0	-2.5
265.0	2.8349e-05	4.3596e-11	-10.0	-2.5
265.5	2.8348e-05	4.1795e-11	-10.0	-2.5
266.0	2.8343e-05	4.3218e-11	-10.0	-2.5
266.5	2.8344e-05	4.3125e-11	-10.0	-2.5
267.0	2.8343e-05	4.2093e-11	-10.0	-2.5
267.5	2.8347e-05	4.342e-11	-10.0	-2.5
268.0	2.8352e-05	4.2603e-11	-10.0	-2.5
268.5	2.8344e-05	4.2077e-11	-10.0	-2.5
269.0	2.8343e-05	4.2172e-11	-10.0	-2.5
269.5	2.8347e-05	4.2424e-11	-10.0	-2.5
270.0	2.8346e-05	4.2402e-11	-10.0	-2.5
270.5	2.8346e-05	4.2738e-11	-10.0	-2.5
271.0	2.8345e-05	4.1806e-11	-10.0	-2.5
271.5	2.8343e-05	4.2762e-11	-10.0	-2.5
272.0	2.8349e-05	4.2127e-11	-10.0	-2.5
272.5	2.835e-05	4.1951e-11	-10.0	-2.5
273.0	2.8349e-05	4.2545e-11	-10.0	-2.5
273.5	2.8347e-05	4.3011e-11	-10.0	-2.5
274.0	2.8345e-05	4.2136e-11	-10.0	-2.5
274.5	2.8352e-05	4.2141e-11	-10.0	-2.5
275.0	2.8354e-05	4.2226e-11	-10.0	-2.5
275.5	2.8355e-05	4.2774e-11	-10.0	-2.5
276.0	2.8351e-05	4.195e-11	-10.0	-2.5
276.5	2.8355e-05	4.2124e-11	-10.0	-2.5
277.0	2.8353e-05	4.251e-11	-10.0	-2.5
277.5	2.8359e-05	4.3206e-11	-10.0	-2.5
278.0	2.8361e-05	4.2204e-11	-10.0	-2.5
278.5	2.8362e-05	4.2139e-11	-10.0	-2.5
279.0	2.8362e-05	4.2438e-11	-10.0	-2.5
279.5	2.836e-05	4.2473e-11	-10.0	-2.5
280.0	2.8361e-05	4.2179e-11	-10.0	-2.5
280.5	2.8356e-05	4.2628e-11	-10.0	-2.5
281.0	2.8356e-05	4.266e-11	-10.0	-2.5
281.5	2.8357e-05	4.2864e-11	-10.0	-2.5
282.0	2.8356e-05	4.1828e-11	-10.0	-2.5
282.5	2.8358e-05	4.2515e-11	-10.0	-2.5
283.0	2.8357e-05	4.2334e-11	-10.0	-2.5
283.5	2.8359e-05	4.2069e-11	-10.0	-2.5
284.0	2.8361e-05	4.2455e-11	-10.0	-2.5
284.5	2.8364e-05	4.2529e-11	-10.0	-2.5
285.0	2.8358e-05	4.1789e-11	-10.0	-2.5
285.5	2.8362e-05	4.2269e-11	-10.0	-2.5
286.0	2.8362e-05	4.1952e-11	-10.0	-2.5
286.5	2.8365e-05	4.2438e-11	-10.0	-2.5
287.0	2.8368e-05	4.223e-11	-10.0	-2.5
287.5	2.8366e-05	4.2543e-11	-10.0	-2.5
288.0	2.8365e-05	4.2785e-11	-10.0	-2.5
288.5	2.8363e-05	4.2653e-11	-10.0	-2.5
289.0	2.8366e-05	4.2388e-11	-10.0	-2.5
289.5	2.837e-05	4.2794e-11	-10.0	-2.5
290.0	2.8373e-05	4.2212e-11	-10.0	-2.5
290.5	2.8371e-05	4.2167e-11	-10.0	-2.5
291.0	2.8373e-05	4.1949e-11	-10.0	-2.5
291.5	2.8378e-05	4.236e-11	-10.0	-2.5
292.0	2.8378e-05	4.2078e-11	-10.0	-2.5
292.5	2.8375e-05	4.2725e-11	-10.0	-2.5
293.0	2.8376e-05	4.2379e-11	-10.0	-2.5
293.5	2.8378e-05	4.2509e-11	-10.0	-2.5
294.0	2.838e-05	4.2438e-11	-10.0	-2.5
294.5	2.8376e-05	4.2636e-11	-10.0	-2.5
295.0	2.8378e-05	4.1982e-11	-10.0	-2.5
295.5	2.838e-05	4.1852e-11	-10.0	-2.5
296.0	2.8371e-05	4.2993e-11	-10.0	-2.5
296.5	2.8372e-05	4.2424e-11	-10.0	-2.5
297.0	2.8373e-05	4.2027e-11	-10.0	-2.5
297.5	2.8373e-05	4.1996e-11	-10.0	-2.5
298.0	2.8371e-05	4.1918e-11	-10.0	-2.5
298.5	2.8367e-05	4.2396e-11	-10.0	-2.5
299.0	2.8368e-05	4.2074e-11	-10.0	-2.5
299.5	2.8368e-05	4.2129e-11	-10.0	-2.5
300.0	2.8369e-05	9.3377e-12	-10.0	-2.5
300.5	2.8366e-05	6.9499e-12	-10.0	-2.5
301.0	2.8369e-05	9.2447e-12	-10.0	-2.5
301.5	2.8371e-05	9.2888e-12	-10.0	-2.5
302.0	2.8372e-05	1.0277e-11	-10.0	-2.5
302.5	2.8374e-05	1.0337e-11	-10.0	-2.5
303.0	2.8375e-05	9.6917e-12	-10.0	-2.5
303.5	2.8372e-05	1.0121e-11	-10.0	-2.5
304.0	2.8372e-05	1.0285e-11	-10.0	-2.5
304.5	2.8373e-05	1.0254e-11	-10.0	-2.5
305.0	2.8374e-05	1.0562e-11	-10.0	-2.5
305.5	2.8378e-05	1.0874e-11	-10.0	-2.5
306.0	2.838e-05	1.0762e-11	-10.0	-2.5
306.5	2.8379e-05	1.0036e-11	-10.0	-2.5
307.0	2.8379e-05	1.0077e-11	-10.0	-2.5
307.5	2.8376e-05	1.0988e-11	-10.0	-2.5
308.0	2.8372e-05	1.0625e-11	-10.0	-2.5
308.5	2.8372e-05	1.0347e-11	-10.0	-2.5
309.0	2.8373e-05	1.0089e-11	-10.0	-2.5
309.5	2.8375e-05	1.0222e-11	-10.0	-2.5
310.0	2.8375e-05	1.0772e-11	-10.0	-2.5
310.5	2.8369e-05	1.0444e-11	-10.0	-2.5
311.0	2.8371e-05	1.0563e-11	-10.0	-2.5
311.5	2.8376e-05	1.0815e-11	-10.0	-2.5
312.0	2.8375e-05	1.0649e-11	-10.0	-2.5
312.5	2.8378e-05	1.0445e-11	-10.0	-2.5
313.0	2.8379e-05	9.6655e-12	-10.0	-2.5
313.5	2.8375e-05	1.0945e-11	-10.0	-2.5
314.0	2.838e-05	1.0163e-11	-10.0	-2.5
314.5	2.8379e-05	1.0566e-11	-10.0	-2.5
315.0	2.838e-05	9.9349e-12	-10.0	-2.5
315.5	2.8379e-05	1.0501e-11	-10.0	-2.5
316.0	2.8377e-05	1.007e-11	-10.0	-2.5
316.5	2.8375e-05	9.9206e-12	-10.0	-2.5
317.0	2.8379e-05	1.0073e-11	-10.0	-2.5
317.5	2.8384e-05	1.0359e-11	-10.0	-2.5
318.0	2.8384e-05	1.1098e-11	-10.0	-2.5
318.5	2.8382e-05	1.0704e-11	-10.0	-2.5
319.0	2.8379e-05	1.0838e-11	-10.0	-2.5
319.5	2.8375e-05	1.0556e-11	-10.0	-2.5
320.0	2.8378e-05	1.0122e-11	-10.0	-2.5
320.5	2.8378e-05	1.0322e-11	-10.0	-2.5
321.0	2.8378e-05	1.0148e-11	-10.0	-2.5
321.5	2.8376e-05	1.0661e-11	-10.0	-2.5
322.0	2.8382e-05	1.0324e-11	-10.0	-2.5
322.5	2.8384e-05	1.0396e-11	-10.0	-2.5
323.0	2.8384e-05	1.0613e-11	-10.0	-2.5
323.5	2.8382e-05	1.0583e-11	-10.0	-2.5
324.0	2.8384e-05	1.0771e-11	-10.0	-2.5
324.5	2.8383e-05	9.5665e-12	-10.0	-2.5
325.0	2.8388e-05	1.0225e-11	-10.0	-2.5
325.5	2.8387e-05	9.9433e-12	-10.0	-2.5
326.0	2.8391e-05	1.0459e-11	-10.0	-2.5
326.5	2.8388e-05	1.0767e-11	-10.0	-2.5
327.0	2.8393e-05	1.0898e-11	-10.0	-2.5
327.5	2.8392e-05	1.035e-11	-10.0	-2.5
328.0	2.8394e-05	9.9742e-12	-10.0	-2.5
328.5	2.8393e-05	1.048e-11	-10.0	-2.5
329.0	2.8395e-05	9.3973e-12	-10.0	-2.5
329.5	2.8395e-05	1.0254e-11	-10.0	-2.5
330.0	2.8392e-05	1.0344e-11	-10.0	-2.5
330.5	2.84e-05	9.9301e-12	-10.0	-2.5
331.0	2.8398e-05	1.0426e-11	-10.0	-2.5
331.5	2.8396e-05	1.0482e-11	-10.0	-2.5
332.0	2.8396e-05	1.0312e-11	-10.0	-2.5
332.5	2.8397e-05	1.0363e-11	-10.0	-2.5
333.0	2.8395e-05	1.0196e-11	-10.0	-2.5
333.5	2.8398e-05	9.8431e-12	-10.0	-2.5
334.0	2.8399e-05	1.0399e-11	-10.0	-2.5
334.5	2.8398e-05	1.026e-11	-10.0	-2.5
335.0	2.8399e-05	1.0247e-11	-10.0	-2.5
335.5	2.8397e-05	9.7907e-12	-10.0	-2.5
336.0	2.8399e-05	1.06e-11	-10.0	-2.5
336.5	2.84e-05	1.1283e-11	-10.0	-2.5
337.0	2.8401e-05	9.8944e-12	-10.0	-2.5
337.5	2.8402e-05	9.7728e-12	-10.0	-2.5
338.0	2.8402e-05	1.0909e-11	-10.0	-2.5
338.5	2.8402e-05	1.0104e-11	-10.0	-2.5
339.0	2.8407e-05	1.017e-11	-10.0	-2.5
339.5	2.8413e-05	9.9945e-12	-10.0	-2.5
340.0	2.841e-05	1.0403e-11	-10.0	-2.5
340.5	2.8409e-05	9.9886e-12	-10.0	-2.5
341.0	2.8412e-05	1.0321e-11	-10.0	-2.5
341.5	2.8409e-05	1.0423e-11	-10.0	-2.5
342.0	2.8408e-05	9.681e-12	-10.0	-2.5
342.5	2.8411e-05	9.8693e-12	-10.0	-2.5
343.0	2.8414e-05	1.0989e-11	-10.0	-2.5
343.5	2.8415e-05	1.0046e-11	-10.0	-2.5
344.0	2.8413e-05	1.0099e-11	-10.0	-2.5
344.5	2.8413e-05	1.0707e-11	-10.0	-2.5
345.0	2.8412e-05	1.0232e-11	-10.0	-2.5
345.5	2.8415e-05	1.0042e-11	-10.0	-2.5
346.0	2.8413e-05	1.023e-11	-10.0	-2.5
346.5	2.8414e-05	1.0316e-11	-10.0	-2.5
347.0	2.8413e-05	1.0132e-11	-10.0	-2.5
347.5	2.8416e-05	1.0028e-11	-10.0	-2.5
348.0	2.8414e-05	9.7918e-12	-10.0	-2.5
348.5	2.8412e-05	1.0268e-11	-10.0	-2.5
349.0	2.8416e-05	1.0237e-11	-10.0	-2.5
349.5	2.8413e-05	1.0586e-11	-10.0	-2.5
350.0	2.8415e-05	9.7525e-12	-10.0	-2.5
350.5	2.8417e-05	1.0836e-11	-10.0	-2.5
351.0	2.8413e-05	1.0529e-11	-10.0	-2.5
351.5	2.8417e-05	1.0035e-11	-10.0	-2.5
352.0	2.8417e-05	9.3114e-12	-10.0	-2.5
352.5	2.8418e-05	1.0064e-11	-10.0	-2.5
353.0	2.8417e-05	1.0214e-11	-10.0	-2.5
353.5	2.842e-05	1.0148e-11	-10.0	-2.5
354.0	2.8425e-05	1.0239e-11	-10.0	-2.5
354.5	2.8422e-05	9.824e-12	-10.0	-2.5
355.0	2.8421e-05	1.0436e-11	-10.0	-2.5
355.5	2.8422e-05	1.0275e-11	-10.0	-2.5
356.0	2.8421e-05	9.7573e-12	-10.0	-2.5
356.5	2.8421e-05	9.9003e-12	-10.0	-2.5
357.0	2.8426e-05	9.7144e-12	-10.0	-2.5
357.5	2.8426e-05	1.0225e-11	-10.0	-2.5
358.0	2.8422e-05	1.0729e-11	-10.0	-2.5
358.5	2.8424e-05	1.0557e-11	-10.0	-2.5
359.0	2.8428e-05	9.7096e-12	-10.0	-2.5
359.5	2.8426e-05	1.0532e-11	-10.0	-2.5
360.0	2.8426e-05	3.4264e-11	-10.0	-2.5
360.5	2.8429e-05	4.2783e-11	-10.0	-2.5
361.0	2.8433e-05	4.432e-11	-10.0	-2.5
361.5	2.8434e-05	4.4901e-11	-10.0	-2.5
362.0	2.844e-05	4.4308e-11	-10.0	-2.5
362.5	2.8439e-05	4.4459e-11	-10.0	-2.5
363.0	2.844e-05	4.3784e-11	-10.0	-2.5
363.5	2.8446e-05	4.4401e-11	-10.0	-2.5
364.0	2.8442e-05	4.3476e-11	-10.0	-2.5
364.5	2.8441e-05	4.4017e-11	-10.0	-2.5
365.0	2.8439e-05	4.3864e-11	-10.0	-2.5
365.5	2.8441e-05	4.3817e-11	-10.0	-2.5
366.0	2.8445e-05	4.3784e-11	-10.0	-2.5
366.5	2.8443e-05	4.3422e-11	-10.0	-2.5
367.0	2.8443e-05	4.3789e-11	-10.0	-2.5
367.5	2.8443e-05	4.3322e-11	-10.0	-2.5
368.0	2.8441e-05	4.4187e-11	-10.0	-2.5
368.5	2.8446e-05	4.2896e-11	-10.0	-2.5
369.0	2.8441e-05	4.2477e-11	-10.0	-2.5
369.5	2.8443e-05	4.358e-11	-10.0	-2.5
370.0	2.8444e-05	4.3421e-11	-10.0	-2.5
370.5	2.8445e-05	4.3409e-11	-10.0	-2.5
371.0	2.8446e-05	4.3274e-11	-10.0	-2.5
371.5	2.845e-05	4.3077e-11	-10.0	-2.5
372.0	2.8449e-05	4.299e-11	-10.0	-2.5
372.5	2.845e-05	4.2979e-11	-10.0	-2.5
373.0	2.8454e-05	4.3274e-11	-10.0	-2.5
373.5	2.8451e-05	4.3005e-11	-10.0	-2.5
374.0	2.8452e-05	4.3641e-11	-10.0	-2.5
374.5	2.8455e-05	4.3085e-11	-10.0	-2.5
375.0	2.8457e-05	4.3069e-11	-10.0	-2.5
375.5	2.845e-05	4.2627e-11	-10.0	-2.5
376.0	2.8452e-05	4.3447e-11	-10.0	-2.5
376.5	2.8455e-05	4.2393e-11	-10.0	-2.5
377.0	2.8456e-05	4.2915e-11	-10.0	-2.5
377.5	2.8457e-05	4.2919e-11	-10.0	-2.5
378.0	2.8464e-05	4.2713e-11	-10.0	-2.5
378.5	2.8458e-05	4.2669e-11	-10.0	-2.5
379.0	2.8454e-05	4.3068e-11	-10.0	-2.5
379.5	2.8456e-05	4.2854e-11	-10.0	-2.5
380.0	2.8457e-05	4.2205e-11	-10.0	-2.5
380.5	2.8459e-05	4.2415e-11	-10.0	-2.5
381.0	2.8457e-05	4.2187e-11	-10.0	-2.5
381.5	2.8459e-05	4.2923e-11	-10.0	-2.5
382.0	2.8461e-05	4.2554e-11	-10.0	-2.5
382.5	2.8459e-05	4.294e-11	-10.0	-2.5
383.0	2.846e-05	4.2292e-11	-10.0	-2.5
383.5	2.8466e-05	4.257e-11	-10.0	-2.5
384.0	2.8467e-05	4.2179e-11	-10.0	-2.5
384.5	2.8469e-05	4.1871e-11	-10.0	-2.5
385.0	2.8471e-05	4.2499e-11	-10.0	-2.5
385.5	2.8471e-05	4.2423e-11	-10.0	-2.5
386.0	2.8472e-05	4.2503e-11	-10.0	-2.5
386.5	2.8469e-05	4.2435e-11	-10.0	-2.5
387.0	2.8465e-05	4.308e-11	-10.0	-2.5
387.5	2.8466e-05	4.2316e-11	-10.0	-2.5
388.0	2.8467e-05	4.2299e-11	-10.0	-2.5
388.5	2.8469e-05	4.2663e-11	-10.0	-2.5
389.0	2.8469e-05	4.254e-11	-10.0	-2.5
389.5	2.847e-05	4.223e-11	-10.0	-2.5
390.0	2.8474e-05	4.3367e-11	-10.0	-2.5
390.5	2.8476e-05	4.2683e-11	-10.0	-2.5
391.0	2.8478e-05	4.2213e-11	-10.0	-2.5
391.5	2.8475e-05	4.2535e-11	-10.0	-2.5
392.0	2.8477e-05	4.2267e-11	-10.0	-2.5
392.5	2.8475e-05	4.2257e-11	-10.0	-2.5
393.0	2.8474e-05	4.2033e-11	-10.0	-2.5
393.5	2.8472e-05	4.2038e-11	-10.0	-2.5
394.0	2.8471e-05	4.2204e-11	-10.0	-2.5
394.5	2.847e-05	4.1598e-11	-10.0	-2.5
395.0	2.8477e-05	4.2211e-11	-10.0	-2.5
395.5	2.8477e-05	4.2363e-11	-10.0	-2.5
396.0	2.848e-05	4.1671e-11	-10.0	-2.5
396.5	2.8477e-05	4.2661e-11	-10.0	-2.5
397.0	2.8473e-05	4.2185e-11	-10.0	-2.5
397.5	2.8477e-05	4.2182e-11	-10.0	-2.5
398.0	2.8477e-05	4.2377e-11	-10.0	-2.5
398.5	2.8475e-05	4.1929e-11	-10.0	-2.5
399.0	2.8475e-05	4.2527e-11	-10.0	-2.5
399.5	2.8479e-05	4.1956e-11	-10.0	-2.5
400.0	2.8478e-05	4.1825e-11	-10.0	-2.5
400.5	2.8476e-05	4.2156e-11	-10.0	-2.5
401.0	2.848e-05	4.2233e-11	-10.0	-2.5
401.5	2.8482e-05	4.2056e-11	-10.0	-2.5
402.0	2.8477e-05	4.1575e-11	-10.0	-2.5
402.5	2.8476e-05	4.1726e-11	-10.0	-2.5
403.0	2.8476e-05	4.1487e-11	-10.0	-2.5
403.5	2.8479e-05	4.2112e-11	-10.0	-2.5
404.0	2.848e-05	4.2679e-11	-10.0	-2.5
404.5	2.848e-05	4.169e-11	-10.0	-2.5
405.0	2.8478e-05	4.2231e-11	-10.0	-2.5
405.5	2.8481e-05	4.2518e-11	-10.0	-2.5
406.0	2.8479e-05	4.2533e-11	-10.0	-2.5
406.5	2.8483e-05	4.1729e-11	-10.0	-2.5
407.0	2.8479e-05	4.1989e-11	-10.0	-2.5
407.5	2.8483e-05	4.2603e-11	-10.0	-2.5
408.0	2.8483e-05	4.2355e-11	-10.0	-2.5
408.5	2.8482e-05	4.2096e-11	-10.0	-2.5
409.0	2.8486e-05	4.2078e-11	-10.0	-2.5
409.5	2.8482e-05	4.2908e-11	-10.0	-2.5
410.0	2.848e-05	4.2343e-11	-10.0	-2.5
410.5	2.848e-05	4.2062e-11	-10.0	-2.5
411.0	2.8478e-05	4.3173e-11	-10.0	-2.5
411.5	2.8482e-05	4.2534e-11	-10.0	-2.5
412.0	2.8485e-05	4.2214e-11	-10.0	-2.5
412.5	2.8479e-05	4.2195e-11	-10.0	-2.5
413.0	2.848e-05	4.1895e-11	-10.0	-2.5
413.5	2.8479e-05	4.21e-11	-10.0	-2.5
414.0	2.848e-05	4.2049e-11	-10.0	-2.5
414.5	2.8477e-05	4.3e-11	-10.0	-2.5
415.0	2.848e-05	4.1894e-11	-10.0	-2.5
415.5	2.8476e-05	4.2515e-11	-10.0	-2.5
416.0	2.8475e-05	4.2549e-11	-10.0	-2.5
416.5	2.8473e-05	4.2152e-11	-10.0	-2.5
417.0	2.8473e-05	4.2276e-11	-10.0	-2.5
417.5	2.8479e-05	4.2663e-11	-10.0	-2.5
418.0	2.8476e-05	4.1882e-11	-10.0	-2.5
418.5	2.8478e-05	4.2807e-11	-10.0	-2.5
419.0	2.8475e-05	4.2323e-11	-10.0	-2.5
419.5	2.8471e-05	4.1969e-11	-10.0	-2.5
420.0	2.8477e-05	1.1897e-11	-10.0	-2.5
420.5	2.8477e-05	7.2682e-12	-10.0	-2.5
421.0	2.8481e-05	8.7154e-12	-10.0	-2.5
421.5	2.8481e-05	9.2661e-12	-10.0	-2.5
422.0	2.8474e-05	9.7585e-12	-10.0	-2.5
422.5	2.8483e-05	9.6166e-12	-10.0	-2.5
423.0	2.8478e-05	1.003e-11	-10.0	-2.5
423.5	2.8483e-05	1.0134e-11	-10.0	-2.5
424.0	2.8483e-05	1.0399e-11	-10.0	-2.5
424.5	2.8483e-05	1.0901e-11	-10.0	-2.5
425.0	2.8491e-05	9.8109e-12	-10.0	-2.5
425.5	2.8486e-05	9.6416e-12	-10.0	-2.5
426.0	2.8485e-05	1.081e-11	-10.0	-2.5
426.5	2.8486e-05	1.0644e-11	-10.0	-2.5
427.0	2.8479e-05	1.0407e-11	-10.0	-2.5
427.5	2.8482e-05	9.5558e-12	-10.0	-2.5
428.0	2.8481e-05	9.8622e-12	-10.0	-2.5
428.5	2.8479e-05	1.075e-11	-10.0	-2.5
429.0	2.8479e-05	1.0219e-11	-10.0	-2.5
429.5	2.8479e-05	1.0147e-11	-10.0	-2.5
430.0	2.8482e-05	1.0325e-11	-10.0	-2.5
430.5	2.848e-05	1.0154e-11	-10.0	-2.5
431.0	2.8484e-05	1.0539e-11	-10.0	-2.5
431.5	2.8478e-05	1.0433e-11	-10.0	-2.5
432.0	2.8479e-05	1.0309e-11	-10.0	-2.5
432.5	2.8483e-05	1.0378e-11	-10.0	-2.5
433.0	2.8484e-05	1.0892e-11	-10.0	-2.5
433.5	2.8483e-05	1.0275e-11	-10.0	-2.5
434.0	2.8484e-05	9.954e-12	-10.0	-2.5
434.5	2.8484e-05	1.0264e-11	-10.0	-2.5
435.0	2.8489e-05	9.9766e-12	-10.0	-2.5
435.5	2.8488e-05	1.0109e-11	-10.0	-2.5
436.0	2.8485e-05	1.0397e-11	-10.0	-2.5
436.5	2.8483e-05	1.066e-11	-10.0	-2.5
437.0	2.8489e-05	1.0145e-11	-10.0	-2.5
437.5	2.8487e-05	9.9337e-12	-10.0	-2.5
438.0	2.8482e-05	1.0805e-11	-10.0	-2.5
438.5	2.8481e-05	1.0309e-11	-10.0	-2.5
439.0	2.8486e-05	1.0302e-11	-10.0	-2.5
439.5	2.8486e-05	9.4187e-12	-10.0	-2.5
440.0	2.8484e-05	1.0262e-11	-10.0	-2.5
440.5	2.8489e-05	1.0508e-11	-10.0	-2.5
441.0	2.8485e-05	1.0788e-11	-10.0	-2.5
441.5	2.8487e-05	1.0265e-11	-10.0	-2.5
442.0	2.8482e-05	1.0262e-11	-10.0	-2.5
442.5	2.8483e-05	1.0138e-11	-10.0	-2.5
443.0	2.8484e-05	1.0076e-11	-10.0	-2.5
443.5	2.8485e-05	1.0326e-11	-10.0	-2.5
444.0	2.8488e-05	1.1143e-11	-10.0	-2.5
444.5	2.8487e-05	1.0279e-11	-10.0	-2.5
445.0	2.8488e-05	1.0076e-11	-10.0	-2.5
445.5	2.8485e-05	1.0097e-11	-10.0	-2.5
446.0	2.8486e-05	1.0054e-11	-10.0	-2.5
446.5	2.8487e-05	1.0303e-11	-10.0	-2.5
447.0	2.8482e-05	1.0347e-11	-10.0	-2.5
447.5	2.8487e-05	9.9087e-12	-10.0	-2.5
448.0	2.8488e-05	9.9385e-12	-10.0	-2.5
448.5	2.8489e-05	1.0406e-11	-10.0	-2.5
449.0	2.849e-05	1.0568e-11	-10.0	-2.5
449.5	2.8488e-05	9.6834e-12	-10.0	-2.5
450.0	2.8493e-05	1.0594e-11	-10.0	-2.5
450.5	2.8489e-05	9.9385e-12	-10.0	-2.5
451.0	2.8496e-05	1.0148e-11	-10.0	-2.5
451.5	2.8495e-05	1.0332e-11	-10.0	-2.5
452.0	2.8495e-05	1.0526e-11	-10.0	-2.5
452.5	2.8495e-05	1.0321e-11	-10.0	-2.5
453.0	2.8502e-05	9.836e-12	-10.0	-2.5
453.5	2.8497e-05	1.0621e-11	-10.0	-2.5
454.0	2.8497e-05	9.7918e-12	-10.0	-2.5
454.5	2.8499e-05	1.0183e-11	-10.0	-2.5
455.0	2.8495e-05	1.0407e-11	-10.0	-2.5
455.5	2.8498e-05	1.0027e-11	-10.0	-2.5
456.0	2.8498e-05	1.0204e-11	-10.0	-2.5
456.5	2.85e-05	1.0475e-11	-10.0	-2.5
457.0	2.8502e-05	9.7776e-12	-10.0	-2.5
457.5	2.8497e-05	1.0172e-11	-10.0	-2.5
458.0	2.8501e-05	1.0136e-11	-10.0	-2.5
458.5	2.8502e-05	9.8801e-12	-10.0	-2.5
459.0	2.8501e-05	1.074e-11	-10.0	-2.5
459.5	2.8502e-05	1.0334e-11	-10.0	-2.5
460.0	2.8504e-05	9.8765e-12	-10.0	-2.5
460.5	2.8503e-05	1.0006e-11	-10.0	-2.5
461.0	2.8504e-05	1.0248e-11	-10.0	-2.5
461.5	2.8503e-05	9.7215e-12	-10.0	-2.5
462.0	2.851e-05	1.0394e-11	-10.0	-2.5
462.5	2.8508e-05	1.0269e-11	-10.0	-2.5
463.0	2.8503e-05	1.0291e-11	-10.0	-2.5
463.5	2.8506e-05	1.026e-11	-10.0	-2.5
464.0	2.851e-05	1.0432e-11	-10.0	-2.5
464.5	2.8504e-05	9.6428e-12	-10.0	-2.5
465.0	2.8503e-05	9.805e-12	-10.0	-2.5
465.5	2.8504e-05	1.063e-11	-10.0	-2.5
466.0	2.8504e-05	1.0202e-11	-10.0	-2.5
466.5	2.8504e-05	1.0322e-11	-10.0	-2.5
467.0	2.851e-05	1.0305e-11	-10.0	-2.5
467.5	2.851e-05	1.0357e-11	-10.0	-2.5
468.0	2.8504e-05	9.8586e-12	-10.0	-2.5
468.5	2.8506e-05	9.7561e-12	-10.0	-2.5
469.0	2.8505e-05	1.002e-11	-10.0	-2.5
469.5	2.8509e-05	9.9957e-12	-10.0	-2.5
470.0	2.8509e-05	1.0347e-11	-10.0	-2.5
470.5	2.8505e-05	9.6548e-12	-10.0	-2.5
471.0	2.8511e-05	1.0775e-11	-10.0	-2.5
471.5	2.851e-05	1.0759e-11	-10.0	-2.5
472.0	2.8509e-05	1.0616e-11	-10.0	-2.5
472.5	2.8509e-05	9.7179e-12	-10.0	-2.5
473.0	2.851e-05	1.0625e-11	-10.0	-2.5
473.5	2.8509e-05	1.0259e-11	-10.0	-2.5
474.0	2.8517e-05	9.6262e-12	-10.0	-2.5
474.5	2.8515e-05	9.7299e-12	-10.0	-2.5
475.0	2.8522e-05	1.0762e-11	-10.0	-2.5
475.5	2.852e-05	1.0933e-11	-10.0	-2.5
476.0	2.8518e-05	1.0204e-11	-10.0	-2.5
476.5	2.8518e-05	1.0152e-11	-10.0	-2.5
477.0	2.8518e-05	9.6857e-12	-10.0	-2.5
477.5	2.8518e-05	1.0347e-11	-10.0	-2.5
478.0	2.852e-05	1.042e-11	-10.0	-2.5
478.5	2.8519e-05	1.0349e-11	-10.0	-2.5
479.0	2.8519e-05	1.0539e-11	-10.0	-2.5
479.5	2.8518e-05	1.0991e-11	-10.0	-2.5
480.0	2.8521e-05	3.3865e-11	-10.0	-2.5
480.5	2.8524e-05	4.1944e-11	-10.0	-2.5
481.0	2.8523e-05	4.3991e-11	-10.0	-2.5
481.5	2.852e-05	4.413e-11	-10.0	-2.5
482.0	2.8522e-05	4.4249e-11	-10.0	-2.5
482.5	2.852e-05	4.4255e-11	-10.0	-2.5
483.0	2.8526e-05	4.4569e-11	-10.0	-2.5
483.5	2.853e-05	4.3693e-11	-10.0	-2.5
484.0	2.8528e-05	4.3859e-11	-10.0	-2.5
484.5	2.853e-05	4.444e-11	-10.0	-2.5
485.0	2.8536e-05	4.3874e-11	-10.0	-2.5
485.5	2.8536e-05	4.2899e-11	-10.0	-2.5
486.0	2.8531e-05	4.3589e-11	-10.0	-2.5
486.5	2.8534e-05	4.2597e-11	-10.0	-2.5
487.0	2.8532e-05	4.3095e-11	-10.0	-2.5
487.5	2.853e-05	4.251e-11	-10.0	-2.5
488.0	2.8534e-05	4.2912e-11	-10.0	-2.5
488.5	2.8534e-05	4.3671e-11	-10.0	-2.5
489.0	2.8528e-05	4.3181e-11	-10.0	-2.5
489.5	2.853e-05	4.2655e-11	-10.0	-2.5
490.0	2.8534e-05	4.2491e-11	-10.0	-2.5
490.5	2.8534e-05	4.2568e-11	-10.0	-2.5
491.0	2.8537e-05	4.2658e-11	-10.0	-2.5
491.5	2.8534e-05	4.3025e-11	-10.0	-2.5
492.0	2.8537e-05	4.3036e-11	-10.0	-2.5
492.5	2.8535e-05	4.2692e-11	-10.0	-2.5
493.0	2.8531e-05	4.2313e-11	-10.0	-2.5
493.5	2.8531e-05	4.3958e-11	-10.0	-2.5
494.0	2.8535e-05	4.2998e-11	-10.0	-2.5
494.5	2.8539e-05	4.2857e-11	-10.0	-2.5
495.0	2.8538e-05	4.3219e-11	-10.0	-2.5
495.5	2.8532e-05	4.2753e-11	-10.0	-2.5
496.0	2.854e-05	4.2321e-11	-10.0	-2.5
496.5	2.8536e-05	4.2623e-11	-10.0	-2.5
497.0	2.8534e-05	4.2465e-11	-10.0	-2.5
497.5	2.8533e-05	4.2566e-11	-10.0	-2.5
498.0	2.8534e-05	4.2452e-11	-10.0	-2.5
498.5	2.8535e-05	4.2167e-11	-10.0	-2.5
499.0	2.8536e-05	4.2779e-11	-10.0	-2.5
499.5	2.8533e-05	4.1927e-11	-10.0	-2.5
500.0	2.8535e-05	4.2248e-11	-10.0	-2.5
500.5	2.8531e-05	4.2723e-11	-10.0	-2.5
501.0	2.8534e-05	4.2443e-11	-10.0	-2.5
501.5	2.8533e-05	4.1919e-11	-10.0	-2.5
502.0	2.8543e-05	4.2326e-11	-10.0	-2.5
502.5	2.8545e-05	4.2144e-11	-10.0	-2.5
503.0	2.8542e-05	4.2321e-11	-10.0	-2.5
503.5	2.8544e-05	4.2795e-11	-10.0	-2.5
504.0	2.8545e-05	4.2335e-11	-10.0	-2.5
504.5	2.8545e-05	4.254e-11	-10.0	-2.5
505.0	2.8549e-05	4.2329e-11	-10.0	-2.5
505.5	2.8543e-05	4.2113e-11	-10.0	-2.5
506.0	2.8548e-05	4.2622e-11	-10.0	-2.5
506.5	2.8546e-05	4.209e-11	-10.0	-2.5
507.0	2.8553e-05	4.2491e-11	-10.0	-2.5
507.5	2.8549e-05	4.2123e-11	-10.0	-2.5
508.0	2.8547e-05	4.1901e-11	-10.0	-2.5
508.5	2.8543e-05	4.2536e-11	-10.0	-2.5
509.0	2.8549e-05	4.2468e-11	-10.0	-2.5
509.5	2.8549e-05	4.2114e-11	-10.0	-2.5
510.0	2.8548e-05	4.1956e-11	-10.0	-2.5
510.5	2.8554e-05	4.2057e-11	-10.0	-2.5
511.0	2.8552e-05	4.1618e-11	-10.0	-2.5
511.5	2.8553e-05	4.2538e-11	-10.0	-2.5
512.0	2.855e-05	4.2392e-11	-10.0	-2.5
512.5	2.8553e-05	4.1961e-11	-10.0	-2.5
513.0	2.8555e-05	4.2442e-11	-10.0	-2.5
513.5	2.855e-05	4.2057e-11	-10.0	-2.5
514.0	2.8547e-05	4.2716e-11	-10.0	-2.5
514.5	2.855e-05	4.2224e-11	-10.0	-2.5
515.0	2.8554e-05	4.2067e-11	-10.0	-2.5
515.5	2.8552e-05	4.2797e-11	-10.0	-2.5
516.0	2.8556e-05	4.2315e-11	-10.0	-2.5
516.5	2.8562e-05	4.3185e-11	-10.0	-2.5
517.0	2.856e-05	4.2387e-11	-10.0	-2.5
517.5	2.8559e-05	4.2114e-11	-10.0	-2.5
518.0	2.8554e-05	4.2086e-11	-10.0	-2.5
518.5	2.8559e-05	4.1752e-11	-10.0	-2.5
519.0	2.856e-05	4.1934e-11	-10.0	-2.5
519.5	2.8559e-05	4.1761e-11	-10.0	-2.5
520.0	2.8559e-05	4.205e-11	-10.0	-2.5
520.5	2.8558e-05	4.2684e-11	-10.0	-2.5
521.0	2.8554e-05	4.1703e-11	-10.0	-2.5
521.5	2.8553e-05	4.2725e-11	-10.0	-2.5
522.0	2.8551e-05	4.2639e-11	-10.0	-2.5
522.5	2.8553e-05	4.2255e-11	-10.0	-2.5
523.0	2.8548e-05	4.1381e-11	-10.0	-2.5
523.5	2.8552e-05	4.2317e-11	-10.0	-2.5
524.0	2.8551e-05	4.2643e-11	-10.0	-2.5
524.5	2.8554e-05	4.215e-11	-10.0	-2.5
525.0	2.8557e-05	4.1399e-11	-10.0	-2.5
525.5	2.8552e-05	4.2595e-11	-10.0	-2.5
526.0	2.8553e-05	4.1245e-11	-10.0	-2.5
526.5	2.856e-05	4.173e-11	-10.0	-2.5
527.0	2.8558e-05	4.2268e-11	-10.0	-2.5
527.5	2.8555e-05	4.1792e-11	-10.0	-2.5
528.0	2.8553e-05	4.2183e-11	-10.0	-2.5
528.5	2.856e-05	4.2538e-11	-10.0	-2.5
529.0	2.8557e-05	4.2028e-11	-10.0	-2.5
529.5	2.8556e-05	4.231e-11	-10.0	-2.5
530.0	2.8555e-05	4.2731e-11	-10.0	-2.5
530.5	2.8558e-05	4.1965e-11	-10.0	-2.5
531.0	2.8561e-05	4.1355e-11	-10.0	-2.5
531.5	2.8556e-05	4.2133e-11	-10.0	-2.5
532.0	2.8559e-05	4.2278e-11	-10.0	-2.5
532.5	2.8559e-05	4.1857e-11	-10.0	-2.5
533.0	2.8557e-05	4.1538e-11	-10.0	-2.5
533.5	2.8558e-05	4.1615e-11	-10.0	-2.5
534.0	2.8557e-05	4.2121e-11	-10.0	-2.5
534.5	2.8554e-05	4.2576e-11	-10.0	-2.5
535.0	2.8554e-05	4.1877e-11	-10.0	-2.5
535.5	2.8555e-05	4.2076e-11	-10.0	-2.5
536.0	2.8557e-05	4.1833e-11	-10.0	-2.5
536.5	2.8555e-05	4.2135e-11	-10.0	-2.5
537.0	2.8558e-05	4.1578e-11	-10.0	-2.5
537.5	2.8553e-05	4.1722e-11	-10.0	-2.5
538.0	2.8555e-05	4.2199e-11	-10.0	-2.5
538.5	2.8553e-05	4.1689e-11	-10.0	-2.5
539.0	2.8551e-05	4.1381e-11	-10.0	-2.5
539.5	2.8552e-05	4.2546e-11	-10.0	-2.5
540.0	2.8559e-05	1.5992e-11	-10.0	-2.5
540.5	2.8558e-05	6.659e-12	-10.0	-2.5
541.0	2.8555e-05	8.5032e-12	-10.0	-2.5
541.5	2.8553e-05	1.0072e-11	-10.0	-2.5
542.0	2.8554e-05	1.0375e-11	-10.0	-2.5
542.5	2.8557e-05	9.6571e-12	-10.0	-2.5
543.0	2.8551e-05	9.3913e-12	-10.0	-2.5
543.5	2.8548e-05	1.062e-11	-10.0	-2.5
544.0	2.8545e-05	1.0036e-11	-10.0	-2.5
544.5	2.8546e-05	1.0445e-11	-10.0	-2.5
545.0	2.8546e-05	1.013e-11	-10.0	-2.5
545.5	2.8546e-05	9.9564e-12	-10.0	-2.5
546.0	2.8542e-05	1.076e-11	-10.0	-2.5
546.5	2.8544e-05	1.0802e-11	-10.0	-2.5
547.0	2.8541e-05	1.0796e-11	-10.0	-2.5
547.5	2.8547e-05	1.0654e-11	-10.0	-2.5
548.0	2.8546e-05	1.0665e-11	-10.0	-2.5
548.5	2.854e-05	1.0405e-11	-10.0	-2.5
549.0	2.8543e-05	9.7656e-12	-10.0	-2.5
549.5	2.8546e-05	1.0743e-11	-10.0	-2.5
550.0	2.8544e-05	1.0657e-11	-10.0	-2.5
550.5	2.8544e-05	1.0526e-11	-10.0	-2.5
551.0	2.8543e-05	1.0814e-11	-10.0	-2.5
551.5	2.8544e-05	1.0027e-11	-10.0	-2.5
552.0	2.8544e-05	1.1111e-11	-10.0	-2.5
552.5	2.8544e-05	1.0924e-11	-10.0	-2.5
553.0	2.8544e-05	1.0358e-11	-10.0	-2.5
553.5	2.8545e-05	1.0283e-11	-10.0	-2.5
554.0	2.855e-05	1.0518e-11	-10.0	-2.5
554.5	2.8545e-05	1.0592e-11	-10.0	-2.5
555.0	2.8545e-05	1.0548e-11	-10.0	-2.5
555.5	2.8546e-05	1.0026e-11	-10.0	-2.5
556.0	2.8545e-05	9.7871e-12	-10.0	-2.5
556.5	2.8542e-05	1.0169e-11	-10.0	-2.5
557.0	2.8546e-05	9.6786e-12	-10.0	-2.5
557.5	2.8547e-05	1.0257e-11	-10.0	-2.5
558.0	2.8545e-05	1.0675e-11	-10.0	-2.5
558.5	2.8551e-05	1.0709e-11	-10.0	-2.5
559.0	2.8554e-05	1.0634e-11	-10.0	-2.5
559.5	2.8554e-05	1.1015e-11	-10.0	-2.5
560.0	2.8553e-05	1.0384e-11	-10.0	-2.5
560.5	2.855e-05	1.0288e-11	-10.0	-2.5
561.0	2.855e-05	1.0282e-11	-10.0	-2.5
561.5	2.855e-05	1.0247e-11	-10.0	-2.5
562.0	2.8548e-05	1.0326e-11	-10.0	-2.5
562.5	2.855e-05	9.6989e-12	-10.0	-2.5
563.0	2.8551e-05	1.0079e-11	-10.0	-2.5
563.5	2.8553e-05	9.644e-12	-10.0	-2.5
564.0	2.8554e-05	1.0375e-11	-10.0	-2.5
564.5	2.8552e-05	9.4473e-12	-10.0	-2.5
565.0	2.8553e-05	1.04e-11	-10.0	-2.5
565.5	2.855e-05	9.6226e-12	-10.0	-2.5
566.0	2.8554e-05	1.063e-11	-10.0	-2.5
566.5	2.8553e-05	9.8836e-12	-10.0	-2.5
567.0	2.8548e-05	1.062e-11	-10.0	-2.5
567.5	2.8554e-05	1.0273e-11	-10.0	-2.5
568.0	2.8551e-05	9.8836e-12	-10.0	-2.5
568.5	2.8548e-05	1.0511e-11	-10.0	-2.5
569.0	2.8547e-05	1.0768e-11	-10.0	-2.5
569.5	2.8546e-05	9.9766e-12	-10.0	-2.5
570.0	2.8551e-05	1.0405e-11	-10.0	-2.5
570.5	2.8552e-05	1.0112e-11	-10.0	-2.5
571.0	2.8551e-05	1.0344e-11	-10.0	-2.5
571.5	2.8557e-05	1.022e-11	-10.0	-2.5
572.0	2.8554e-05	1.0277e-11	-10.0	-2.5
572.5	2.8558e-05	1.0531e-11	-10.0	-2.5
573.0	2.8554e-05	1.0167e-11	-10.0	-2.5
573.5	2.8555e-05	9.8383e-12	-10.0	-2.5
574.0	2.8558e-05	1.0309e-11	-10.0	-2.5
574.5	2.8558e-05	9.8133e-12	-10.0	-2.5
575.0	2.8556e-05	1.023e-11	-10.0	-2.5
575.5	2.8561e-05	1.0666e-11	-10.0	-2.5
576.0	2.8556e-05	9.9969e-12	-10.0	-2.5
576.5	2.8557e-05	9.8538e-12	-10.0	-2.5
577.0	2.8555e-05	1.0357e-11	-10.0	-2.5
577.5	2.8555e-05	9.737e-12	-10.0	-2.5
578.0	2.8559e-05	1.0446e-11	-10.0	-2.5
578.5	2.8562e-05	1.015e-11	-10.0	-2.5
579.0	2.8562e-05	1.0496e-11	-10.0	-2.5
579.5	2.8565e-05	9.9206e-12	-10.0	-2.5
580.0	2.8563e-05	1.008e-11	-10.0	-2.5
580.5	2.8559e-05	1.0415e-11	-10.0	-2.5
581.0	2.8562e-05	9.9218e-12	-10.0	-2.5
581.5	2.8562e-05	1.0089e-11	-10.0	-2.5
582.0	2.8561e-05	9.8503e-12	-10.0	-2.5
582.5	2.8558e-05	1.0065e-11	-10.0	-2.5
583.0	2.8562e-05	9.5952e-12	-10.0	-2.5
583.5	2.8559e-05	1.0711e-11	-10.0	-2.5
584.0	2.8559e-05	1.0309e-11	-10.0	-2.5
584.5	2.8564e-05	9.7108e-12	-10.0	-2.5
585.0	2.8561e-05	1.0434e-11	-10.0	-2.5
585.5	2.8565e-05	1.0158e-11	-10.0	-2.5
586.0	2.8566e-05	9.7263e-12	-10.0	-2.5
586.5	2.856e-05	1.0154e-11	-10.0	-2.5
587.0	2.8562e-05	9.7728e-12	-10.0	-2.5
587.5	2.856e-05	1.0284e-11	-10.0	-2.5
588.0	2.8564e-05	1.025e-11	-10.0	-2.5
588.5	2.8564e-05	1.0263e-11	-10.0	-2.5
589.0	2.8568e-05	9.9766e-12	-10.0	-2.5
589.5	2.8565e-05	1.0316e-11	-10.0	-2.5
590.0	2.857e-05	1.0121e-11	-10.0	-2.5
590.5	2.857e-05	1.0676e-11	-10.0	-2.5
591.0	2.8566e-05	9.6703e-12	-10.0	-2.5
591.5	2.8565e-05	9.9957e-12	-10.0	-2.5
592.0	2.8566e-05	1.0415e-11	-10.0	-2.5
592.5	2.857e-05	1.0146e-11	-10.0	-2.5
593.0	2.8571e-05	9.9647e-12	-10.0	-2.5
593.5	2.8572e-05	1.0694e-11	-10.0	-2.5
594.0	2.857e-05	9.6762e-12	-10.0	-2.5
594.5	2.8572e-05	1.0021e-11	-10.0	-2.5
595.0	2.8572e-05	1.0325e-11	-10.0	-2.5
595.5	2.8569e-05	1.0091e-11	-10.0	-2.5
596.0	2.8574e-05	9.3365e-12	-10.0	-2.5
596.5	2.8573e-05	1.0275e-11	-10.0	-2.5
597.0	2.8575e-05	1.014e-11	-10.0	-2.5
597.5	2.8572e-05	9.7311e-12	-10.0	-2.5
598.0	2.8571e-05	9.8121e-12	-10.0	-2.5
598.5	2.8573e-05	1.0227e-11	-10.0	-2.5
599.0	2.8581e-05	1.0447e-11	-10.0	-2.5
599.5	2.858e-05	1.0385e-11	-10.0	-2.5
600.0	2.858e-05	1.0216e-11	-10.0	-2.5
600.5	2.8576e-05	1.0185e-11	-10.0	-2.5
601.0	2.8574e-05	1.0694e-11	-10.0	-2.5
601.5	2.8578e-05	9.6595e-12	-10.0	-2.5
602.0	2.858e-05	9.9122e-12	-10.0	-2.5
602.5	2.8575e-05	9.824e-12	-10.0	-2.5
603.0	2.8578e-05	1.0354e-11	-10.0	-2.5
603.5	2.8584e-05	1.0253e-11	-10.0	-2.5
604.0	2.8583e-05	9.7024e-12	-10.0	-2.5
604.5	2.8588e-05	1.0548e-11	-10.0	-2.5
605.0	2.8587e-05	1.0272e-11	-10.0	-2.5
605.5	2.8586e-05	1.0092e-11	-10.0	-2.5
606.0	2.859e-05	1.0387e-11	-10.0	-2.5
606.5	2.859e-05	9.8586e-12	-10.0	-2.5
607.0	2.8589e-05	9.5785e-12	-10.0	-2.5
607.5	2.8592e-05	1.0027e-11	-10.0	-2.5
608.0	2.8588e-05	1.0945e-11	-10.0	-2.5
608.5	2.8593e-05	1.0054e-11	-10.0	-2.5
609.0	2.8594e-05	9.9659e-12	-10.0	-2.5
609.5	2.8593e-05	1.0328e-11	-10.0	-2.5
610.0	2.8593e-05	1.0192e-11	-10.0	-2.5
610.5	2.8592e-05	1.0709e-11	-10.0	-2.5
611.0	2.8591e-05	1.006e-11	-10.0	-2.5
611.5	2.8593e-05	1.008e-11	-10.0	-2.5
612.0	2.8589e-05	1.0031e-11	-10.0	-2.5
612.5	2.8589e-05	9.0885e-12	-10.0	-2.5
613.0	2.8587e-05	9.9444e-12	-10.0	-2.5
