Time (s)	|IDrain (A)|	|IGate (A)	Vdrain(V)	Vgate(V)
0.0	6.5085e-11	3.5742e-10	-10.0	20.0
1.0	3.1456e-11	1.2631e-10	-10.0	19.9
1.5	2.071e-11	1.3399e-12	-10.0	19.8
2.0	1.6971e-11	1.5384e-11	-10.0	19.7
2.5	1.4708e-11	2.5648e-11	-10.0	19.6
3.0	1.2727e-11	3.2556e-11	-10.0	19.5
3.5	1.1449e-11	3.7813e-11	-10.0	19.4
4.0	1.0477e-11	4.1813e-11	-10.0	19.3
4.5	9.7561e-12	4.4832e-11	-10.0	19.2
5.0	8.9991e-12	4.7106e-11	-10.0	19.1
5.5	8.7035e-12	4.9552e-11	-10.0	19.0
6.0	8.1086e-12	5.123e-11	-10.0	18.9
6.5	7.7295e-12	5.2794e-11	-10.0	18.8
7.0	7.3707e-12	5.4059e-11	-10.0	18.7
7.5	7.1383e-12	5.4982e-11	-10.0	18.6
8.0	6.5792e-12	5.5839e-11	-10.0	18.5
8.5	6.5446e-12	5.7211e-11	-10.0	18.4
9.0	6.5219e-12	5.7473e-11	-10.0	18.3
9.5	6.3133e-12	5.8137e-11	-10.0	18.2
10.0	6.032e-12	5.8879e-11	-10.0	18.1
10.5	5.9462e-12	5.9333e-11	-10.0	18.0
11.0	5.5039e-12	5.9814e-11	-10.0	17.9
11.5	5.8746e-12	6.0062e-11	-10.0	17.8
12.0	5.3632e-12	6.0739e-11	-10.0	17.7
12.5	5.4681e-12	6.1139e-11	-10.0	17.6
13.0	5.3382e-12	6.1208e-11	-10.0	17.5
13.5	5.1618e-12	6.1493e-11	-10.0	17.4
14.0	5.1463e-12	6.1967e-11	-10.0	17.3
14.5	5.0271e-12	6.2106e-11	-10.0	17.2
15.0	6.0201e-12	5.6574e-11	-10.0	17.1
15.5	1.4985e-12	1.4367e-10	-10.0	17.0
16.0	4.8554e-12	6.315e-11	-10.0	16.9
16.5	4.9317e-12	6.3294e-11	-10.0	16.8
17.0	4.6718e-12	6.3335e-11	-10.0	16.7
17.5	4.7386e-12	6.3493e-11	-10.0	16.6
18.0	4.6325e-12	6.3553e-11	-10.0	16.5
18.5	4.6182e-12	6.3796e-11	-10.0	16.4
19.0	4.375e-12	6.4074e-11	-10.0	16.3
19.5	4.4715e-12	6.4243e-11	-10.0	16.2
20.0	4.3416e-12	6.4362e-11	-10.0	16.1
20.5	4.3905e-12	6.4495e-11	-10.0	16.0
21.0	4.3011e-12	6.4809e-11	-10.0	15.9
21.5	4.499e-12	6.4941e-11	-10.0	15.8
22.0	4.2915e-12	6.4858e-11	-10.0	15.7
22.5	4.4096e-12	6.5155e-11	-10.0	15.6
23.0	4.3094e-12	6.5292e-11	-10.0	15.5
23.5	4.4847e-12	6.5176e-11	-10.0	15.4
24.0	4.1234e-12	6.5571e-11	-10.0	15.3
24.5	4.1759e-12	6.5705e-11	-10.0	15.2
25.0	4.1473e-12	6.5351e-11	-10.0	15.1
25.5	4.3189e-12	6.5706e-11	-10.0	15.0
26.0	4.3035e-12	6.6404e-11	-10.0	14.9
26.5	4.2069e-12	6.5873e-11	-10.0	14.8
27.0	3.9256e-12	6.5842e-11	-10.0	14.7
27.5	4.127e-12	6.5896e-11	-10.0	14.6
28.0	3.9959e-12	6.601e-11	-10.0	14.5
28.5	3.9434e-12	6.6133e-11	-10.0	14.4
29.0	4.0019e-12	6.647e-11	-10.0	14.3
29.5	3.9315e-12	6.6308e-11	-10.0	14.2
30.0	4.8983e-12	6.5566e-11	-10.0	14.1
30.5	3.7038e-12	8.8388e-11	-10.0	14.0
31.0	2.5773e-12	8.8737e-11	-10.0	13.9
31.5	3.9399e-12	6.6887e-11	-10.0	13.8
32.0	3.7992e-12	6.6634e-11	-10.0	13.7
32.5	3.7992e-12	6.675e-11	-10.0	13.6
33.0	3.9744e-12	6.6469e-11	-10.0	13.5
33.5	3.655e-12	6.6776e-11	-10.0	13.4
34.0	3.7134e-12	6.6957e-11	-10.0	13.3
34.5	3.8898e-12	6.7221e-11	-10.0	13.2
35.0	3.7408e-12	6.7183e-11	-10.0	13.1
35.5	3.6359e-12	6.705e-11	-10.0	13.0
36.0	3.624e-12	6.691e-11	-10.0	12.9
36.5	3.5548e-12	6.721e-11	-10.0	12.8
37.0	3.8028e-12	6.7204e-11	-10.0	12.7
37.5	3.7801e-12	6.7255e-11	-10.0	12.6
38.0	3.6037e-12	6.7481e-11	-10.0	12.5
38.5	3.6883e-12	6.735e-11	-10.0	12.4
39.0	3.9113e-12	6.7498e-11	-10.0	12.3
39.5	3.9601e-12	6.7712e-11	-10.0	12.2
40.0	4.1699e-12	6.7828e-11	-10.0	12.1
40.5	4.9615e-12	6.7363e-11	-10.0	12.0
41.0	5.827e-12	6.7819e-11	-10.0	11.9
41.5	7.416e-12	6.7576e-11	-10.0	11.8
42.0	9.8646e-12	6.7944e-11	-10.0	11.7
42.5	1.3807e-11	6.8095e-11	-10.0	11.6
43.0	1.8441e-11	6.7768e-11	-10.0	11.5
43.5	2.5895e-11	6.8551e-11	-10.0	11.4
44.0	3.5298e-11	6.7937e-11	-10.0	11.3
44.5	4.6539e-11	6.8113e-11	-10.0	11.2
45.0	6.2058e-11	6.8063e-11	-10.0	11.1
45.5	8.1626e-11	5.469e-11	-10.0	11.0
46.0	9.6949e-11	1.4689e-10	-10.0	10.9
46.5	1.3084e-10	6.8319e-11	-10.0	10.8
47.0	1.5819e-10	6.8239e-11	-10.0	10.7
47.5	1.9584e-10	6.8321e-11	-10.0	10.6
48.0	2.3756e-10	6.8356e-11	-10.0	10.5
48.5	2.8465e-10	6.8202e-11	-10.0	10.4
49.0	3.4474e-10	6.8352e-11	-10.0	10.3
49.5	4.082e-10	6.8427e-11	-10.0	10.2
50.0	4.8568e-10	6.8682e-11	-10.0	10.1
50.5	5.7005e-10	6.8568e-11	-10.0	10.0
51.0	6.6095e-10	6.8761e-11	-10.0	9.9
51.5	7.6209e-10	6.8818e-11	-10.0	9.8
52.0	8.7425e-10	6.8499e-11	-10.0	9.7
52.5	1.0049e-09	6.8843e-11	-10.0	9.6
53.0	1.1479e-09	6.8791e-11	-10.0	9.5
53.5	1.3155e-09	6.8785e-11	-10.0	9.4
54.0	1.501e-09	6.8521e-11	-10.0	9.3
54.5	1.7203e-09	6.8586e-11	-10.0	9.2
55.0	1.9631e-09	6.8859e-11	-10.0	9.1
55.5	2.2448e-09	6.9009e-11	-10.0	9.0
56.0	2.5536e-09	6.9159e-11	-10.0	8.9
56.5	2.8893e-09	6.8861e-11	-10.0	8.8
57.0	3.2818e-09	6.8795e-11	-10.0	8.7
57.5	3.7185e-09	6.8953e-11	-10.0	8.6
58.0	4.1938e-09	6.932e-11	-10.0	8.5
58.5	4.7013e-09	6.8861e-11	-10.0	8.4
59.0	5.2801e-09	6.9207e-11	-10.0	8.3
59.5	5.9393e-09	6.929e-11	-10.0	8.2
60.0	6.6149e-09	6.9312e-11	-10.0	8.1
60.5	7.3668e-09	6.1679e-11	-10.0	8.0
61.0	8.2059e-09	1.5267e-10	-10.0	7.9
61.5	9.0735e-09	6.9325e-11	-10.0	7.8
62.0	1.0033e-08	6.9244e-11	-10.0	7.7
62.5	1.1109e-08	6.9225e-11	-10.0	7.6
63.0	1.224e-08	6.9385e-11	-10.0	7.5
63.5	1.3457e-08	6.9656e-11	-10.0	7.4
64.0	1.4823e-08	6.9517e-11	-10.0	7.3
64.5	1.6286e-08	6.9529e-11	-10.0	7.2
65.0	1.7836e-08	6.9726e-11	-10.0	7.1
65.5	1.9566e-08	6.9256e-11	-10.0	7.0
66.0	2.1436e-08	6.946e-11	-10.0	6.9
66.5	2.3492e-08	6.9598e-11	-10.0	6.8
67.0	2.5658e-08	6.9432e-11	-10.0	6.7
67.5	2.8073e-08	6.9778e-11	-10.0	6.6
68.0	3.0651e-08	6.9739e-11	-10.0	6.5
68.5	3.337e-08	6.9681e-11	-10.0	6.4
69.0	3.6276e-08	6.9653e-11	-10.0	6.3
69.5	3.9462e-08	6.9675e-11	-10.0	6.2
70.0	4.2949e-08	7.0032e-11	-10.0	6.1
70.5	4.6709e-08	6.9736e-11	-10.0	6.0
71.0	5.065e-08	6.9929e-11	-10.0	5.9
71.5	5.4815e-08	6.9926e-11	-10.0	5.8
72.0	5.953e-08	7.008e-11	-10.0	5.7
72.5	6.4461e-08	6.9847e-11	-10.0	5.6
73.0	6.9771e-08	7.0097e-11	-10.0	5.5
73.5	7.5443e-08	7.0145e-11	-10.0	5.4
74.0	8.1624e-08	7.024e-11	-10.0	5.3
74.5	8.8215e-08	7.0494e-11	-10.0	5.2
75.0	9.5157e-08	7.1213e-11	-10.0	5.1
75.5	1.0238e-07	6.9137e-11	-10.0	5.0
76.5	1.1006e-07	5.0449e-12	-10.0	4.9
77.0	1.1876e-07	7.1272e-11	-10.0	4.8
77.5	1.2829e-07	7.2565e-11	-10.0	4.7
78.0	1.38e-07	7.3545e-11	-10.0	4.6
78.5	1.4871e-07	7.4524e-11	-10.0	4.5
79.0	1.6006e-07	7.5244e-11	-10.0	4.4
79.5	1.7209e-07	7.5746e-11	-10.0	4.3
80.0	1.8492e-07	7.7081e-11	-10.0	4.2
80.5	1.9852e-07	7.9581e-11	-10.0	4.1
81.0	2.1297e-07	8.4653e-11	-10.0	4.0
81.5	2.284e-07	9.6452e-11	-10.0	3.9
82.0	2.4501e-07	1.1323e-10	-10.0	3.8
82.5	2.6249e-07	1.3526e-10	-10.0	3.7
83.0	2.8162e-07	1.5396e-10	-10.0	3.6
83.5	3.0233e-07	1.5641e-10	-10.0	3.5
84.0	3.251e-07	1.5481e-10	-10.0	3.4
84.5	3.5057e-07	1.5131e-10	-10.0	3.3
85.0	3.7907e-07	1.5961e-10	-10.0	3.2
85.5	4.1103e-07	1.7817e-10	-10.0	3.1
86.0	4.4732e-07	1.9047e-10	-10.0	3.0
86.5	4.8869e-07	1.8938e-10	-10.0	2.9
87.0	5.3675e-07	1.7156e-10	-10.0	2.8
87.5	5.9247e-07	1.5958e-10	-10.0	2.7
88.0	6.5788e-07	1.5593e-10	-10.0	2.6
88.5	7.3472e-07	1.4167e-10	-10.0	2.5
89.0	8.2579e-07	1.2985e-10	-10.0	2.4
89.5	9.354e-07	1.1899e-10	-10.0	2.3
90.0	1.0652e-06	1.0719e-10	-10.0	2.2
90.5	1.2201e-06	1.1575e-10	-10.0	2.1
91.0	1.4029e-06	8.0364e-11	-10.0	2.0
91.5	1.6138e-06	3.8154e-10	-10.0	1.9
92.0	1.8547e-06	9.1038e-11	-10.0	1.8
92.5	2.1251e-06	8.905e-11	-10.0	1.7
93.0	2.4253e-06	8.8079e-11	-10.0	1.6
93.5	2.7552e-06	8.7458e-11	-10.0	1.5
94.0	3.115e-06	8.6737e-11	-10.0	1.4
94.5	3.5012e-06	8.6281e-11	-10.0	1.3
95.0	3.9128e-06	8.5621e-11	-10.0	1.2
95.5	4.35e-06	8.53e-11	-10.0	1.1
96.0	4.81e-06	8.5166e-11	-10.0	1.0
96.5	5.2913e-06	8.424e-11	-10.0	0.9
97.0	5.7931e-06	8.4041e-11	-10.0	0.8
97.5	6.3138e-06	8.3537e-11	-10.0	0.7
98.0	6.8531e-06	8.3697e-11	-10.0	0.6
98.5	7.4117e-06	8.353e-11	-10.0	0.5
99.0	7.9852e-06	8.3735e-11	-10.0	0.4
99.5	8.5739e-06	8.3578e-11	-10.0	0.3
100.0	9.1777e-06	8.3604e-11	-10.0	0.2
100.5	9.7965e-06	8.4177e-11	-10.0	0.1
101.0	1.0424e-05	8.4015e-11	-10.0	-1.5293e-14
101.5	1.1069e-05	9.4725e-11	-10.0	-0.1
102.0	1.1727e-05	8.3951e-11	-10.0	-0.2
102.5	1.2398e-05	8.3306e-11	-10.0	-0.3
103.0	1.3077e-05	8.3937e-11	-10.0	-0.4
103.5	1.3769e-05	8.3637e-11	-10.0	-0.5
104.0	1.4471e-05	8.387e-11	-10.0	-0.6
104.5	1.5181e-05	8.3923e-11	-10.0	-0.7
105.0	1.5902e-05	8.3673e-11	-10.0	-0.8
105.5	1.6631e-05	8.3966e-11	-10.0	-0.9
106.0	1.737e-05	7.7791e-11	-10.0	-1.0
106.5	1.812e-05	2.611e-10	-10.0	-1.1
107.0	1.8873e-05	8.4072e-11	-10.0	-1.2
107.5	1.9635e-05	8.4375e-11	-10.0	-1.3
108.0	2.0406e-05	8.4142e-11	-10.0	-1.4
108.5	2.1179e-05	8.4285e-11	-10.0	-1.5
109.0	2.1964e-05	8.4505e-11	-10.0	-1.6
109.5	2.2752e-05	8.4584e-11	-10.0	-1.7
110.0	2.3552e-05	8.4633e-11	-10.0	-1.8
110.5	2.4354e-05	8.5154e-11	-10.0	-1.9
111.0	2.5165e-05	8.5019e-11	-10.0	-2.0
111.5	2.5985e-05	8.526e-11	-10.0	-2.1
112.0	2.6804e-05	8.5532e-11	-10.0	-2.2
112.5	2.7635e-05	8.5433e-11	-10.0	-2.3
113.0	2.8467e-05	8.4909e-11	-10.0	-2.4
113.5	2.9302e-05	8.5869e-11	-10.0	-2.5
114.0	3.0144e-05	8.5359e-11	-10.0	-2.6
114.5	3.0986e-05	8.5317e-11	-10.0	-2.7
115.0	3.1834e-05	8.6048e-11	-10.0	-2.8
115.5	3.2688e-05	8.5707e-11	-10.0	-2.9
116.0	3.3546e-05	8.6527e-11	-10.0	-3.0
116.5	3.4404e-05	8.5825e-11	-10.0	-3.1
117.0	3.5263e-05	8.6215e-11	-10.0	-3.2
117.5	3.6136e-05	8.5918e-11	-10.0	-3.3
118.0	3.7005e-05	8.6728e-11	-10.0	-3.4
118.5	3.7888e-05	8.643e-11	-10.0	-3.5
119.0	3.8757e-05	8.6254e-11	-10.0	-3.6
119.5	3.9641e-05	8.6577e-11	-10.0	-3.7
120.0	4.0519e-05	8.6504e-11	-10.0	-3.8
120.5	4.1403e-05	8.7199e-11	-10.0	-3.9
121.0	4.2293e-05	8.6306e-11	-10.0	-4.0
121.5	4.317e-05	2.5309e-10	-10.0	-4.1
122.0	4.4072e-05	8.7399e-11	-10.0	-4.2
122.5	4.4967e-05	8.7835e-11	-10.0	-4.3
123.0	4.585e-05	8.6944e-11	-10.0	-4.4
123.5	4.674e-05	8.6899e-11	-10.0	-4.5
124.0	4.7635e-05	8.8179e-11	-10.0	-4.6
124.5	4.8537e-05	8.744e-11	-10.0	-4.7
125.0	4.9429e-05	8.7941e-11	-10.0	-4.8
125.5	5.0325e-05	8.7841e-11	-10.0	-4.9
126.0	5.1236e-05	8.8031e-11	-10.0	-5.0
126.5	5.2127e-05	8.8449e-11	-10.0	-5.1
127.0	5.3029e-05	8.8409e-11	-10.0	-5.2
127.5	5.3933e-05	8.9361e-11	-10.0	-5.3
128.0	5.4838e-05	8.9259e-11	-10.0	-5.4
128.5	5.5732e-05	8.9511e-11	-10.0	-5.5
129.0	5.6637e-05	8.9755e-11	-10.0	-5.6
129.5	5.7536e-05	8.9344e-11	-10.0	-5.7
130.0	5.844e-05	9.0002e-11	-10.0	-5.8
130.5	5.9331e-05	8.9625e-11	-10.0	-5.9
131.0	6.0233e-05	9.1002e-11	-10.0	-6.0
131.5	6.1123e-05	9.0804e-11	-10.0	-6.1
132.0	6.2017e-05	9.0837e-11	-10.0	-6.2
132.5	6.2918e-05	9.2554e-11	-10.0	-6.3
133.0	6.3825e-05	9.3133e-11	-10.0	-6.4
133.5	6.4702e-05	9.2738e-11	-10.0	-6.5
134.0	6.5609e-05	9.3419e-11	-10.0	-6.6
134.5	6.649e-05	9.3108e-11	-10.0	-6.7
135.0	6.7375e-05	9.4327e-11	-10.0	-6.8
135.5	6.8271e-05	9.524e-11	-10.0	-6.9
136.0	6.9154e-05	9.7206e-11	-10.0	-7.0
136.5	7.0031e-05	8.4735e-11	-10.0	-7.1
137.0	7.0903e-05	2.7699e-10	-10.0	-7.2
137.5	7.1769e-05	1.0282e-10	-10.0	-7.3
138.0	7.2637e-05	1.0334e-10	-10.0	-7.4
138.5	7.3488e-05	1.041e-10	-10.0	-7.5
139.0	7.4342e-05	1.0558e-10	-10.0	-7.6
139.5	7.519e-05	1.1043e-10	-10.0	-7.7
140.0	7.603e-05	1.1062e-10	-10.0	-7.8
140.5	7.687e-05	1.1145e-10	-10.0	-7.9
141.0	7.7695e-05	1.058e-10	-10.0	-8.0
141.5	7.8521e-05	9.9815e-11	-10.0	-8.1
142.0	7.9317e-05	9.8287e-11	-10.0	-8.2
142.5	8.0117e-05	9.8461e-11	-10.0	-8.3
143.0	8.0925e-05	9.7604e-11	-10.0	-8.4
143.5	8.1708e-05	9.8436e-11	-10.0	-8.5
144.0	8.247e-05	9.8379e-11	-10.0	-8.6
144.5	8.3221e-05	1.0001e-10	-10.0	-8.7
145.0	8.3968e-05	1.0028e-10	-10.0	-8.8
145.5	8.4707e-05	1.0156e-10	-10.0	-8.9
146.0	8.5406e-05	1.0115e-10	-10.0	-9.0
146.5	8.6133e-05	1.0233e-10	-10.0	-9.1
147.0	8.6822e-05	1.0324e-10	-10.0	-9.2
147.5	8.7533e-05	1.0401e-10	-10.0	-9.3
148.0	8.8194e-05	1.0459e-10	-10.0	-9.4
148.5	8.8856e-05	1.0685e-10	-10.0	-9.5
149.0	8.9522e-05	1.0641e-10	-10.0	-9.6
149.5	9.0164e-05	1.0803e-10	-10.0	-9.7
150.0	9.0797e-05	1.0841e-10	-10.0	-9.8
150.5	9.141e-05	1.1052e-10	-10.0	-9.9
151.0	9.2021e-05	1.1031e-10	-10.0	-10.0
151.5	9.2619e-05	1.0551e-10	-10.0	-10.1
152.0	9.3212e-05	3.13e-10	-10.0	-10.2
152.5	9.379e-05	1.1393e-10	-10.0	-10.3
153.0	9.4361e-05	1.1441e-10	-10.0	-10.4
153.5	9.4893e-05	1.1595e-10	-10.0	-10.5
154.0	9.5451e-05	1.1687e-10	-10.0	-10.6
154.5	9.5997e-05	1.179e-10	-10.0	-10.7
155.0	9.6532e-05	1.1938e-10	-10.0	-10.8
155.5	9.7041e-05	1.2078e-10	-10.0	-10.9
156.0	9.7573e-05	1.2213e-10	-10.0	-11.0
156.5	9.8067e-05	1.2203e-10	-10.0	-11.1
157.0	9.8551e-05	1.2463e-10	-10.0	-11.2
157.5	9.9024e-05	1.2516e-10	-10.0	-11.3
158.0	9.9513e-05	1.2635e-10	-10.0	-11.4
158.5	9.9991e-05	1.2759e-10	-10.0	-11.5
159.0	0.00010044	1.2998e-10	-10.0	-11.6
159.5	0.0001009	1.4175e-10	-10.0	-11.7
160.0	0.00010137	1.3297e-10	-10.0	-11.8
160.5	0.00010179	1.3529e-10	-10.0	-11.9
161.0	0.00010221	1.3578e-10	-10.0	-12.0
161.5	0.00010267	1.3697e-10	-10.0	-12.1
162.0	0.00010306	1.3934e-10	-10.0	-12.2
162.5	0.00010347	1.399e-10	-10.0	-12.3
163.0	0.00010389	1.4269e-10	-10.0	-12.4
163.5	0.00010425	1.4434e-10	-10.0	-12.5
164.0	0.00010464	1.4621e-10	-10.0	-12.6
164.5	0.00010502	1.4698e-10	-10.0	-12.7
165.0	0.0001054	1.506e-10	-10.0	-12.8
165.5	0.00010577	1.5193e-10	-10.0	-12.9
166.0	0.00010611	1.5338e-10	-10.0	-13.0
166.5	0.00010647	1.5438e-10	-10.0	-13.1
167.0	0.00010681	3.6619e-10	-10.0	-13.2
167.5	0.00010713	1.5903e-10	-10.0	-13.3
168.0	0.00010748	1.6118e-10	-10.0	-13.4
168.5	0.00010782	1.632e-10	-10.0	-13.5
169.0	0.00010812	1.6509e-10	-10.0	-13.6
169.5	0.00010843	1.6758e-10	-10.0	-13.7
170.0	0.00010871	1.6965e-10	-10.0	-13.8
170.5	0.00010902	1.7086e-10	-10.0	-13.9
171.0	0.00010929	1.7341e-10	-10.0	-14.0
171.5	0.00010956	1.76e-10	-10.0	-14.1
172.0	0.00010987	1.7858e-10	-10.0	-14.2
172.5	0.00011015	1.8107e-10	-10.0	-14.3
173.0	0.00011044	1.8163e-10	-10.0	-14.4
173.5	0.0001107	1.8478e-10	-10.0	-14.5
174.0	0.00011096	1.8718e-10	-10.0	-14.6
174.5	0.0001112	1.9052e-10	-10.0	-14.7
175.0	0.00011147	1.9214e-10	-10.0	-14.8
175.5	0.00011169	1.9488e-10	-10.0	-14.9
176.0	0.00011189	1.9704e-10	-10.0	-15.0
176.5	0.00011188	1.3488e-10	-10.0	-15.0
177.0	0.0001121	1.9777e-10	-10.0	-15.1
177.5	0.0001118	7.2527e-11	-10.0	-15.0
178.0	0.00011153	6.4352e-11	-10.0	-14.9
178.5	0.00011127	6.0786e-11	-10.0	-14.8
179.0	0.00011098	5.6724e-11	-10.0	-14.7
179.5	0.00011068	5.233e-11	-10.0	-14.6
180.0	0.0001104	4.9157e-11	-10.0	-14.5
180.5	0.00011008	4.5721e-11	-10.0	-14.4
181.0	0.00010978	4.3913e-11	-10.0	-14.3
181.5	0.00010947	4.1547e-11	-10.0	-14.2
182.0	0.00010914	4.4547e-11	-10.0	-14.1
182.5	0.0001088	1.8123e-10	-10.0	-14.0
183.0	0.00010849	3.2704e-11	-10.0	-13.9
183.5	0.00010816	2.8852e-11	-10.0	-13.8
184.0	0.00010782	2.6062e-11	-10.0	-13.7
184.5	0.00010748	2.3339e-11	-10.0	-13.6
185.0	0.00010714	2.1651e-11	-10.0	-13.5
185.5	0.00010678	2.0387e-11	-10.0	-13.4
186.0	0.0001064	1.6823e-11	-10.0	-13.3
186.5	0.00010604	1.4474e-11	-10.0	-13.2
187.0	0.00010567	1.3031e-11	-10.0	-13.1
187.5	0.00010529	9.7048e-12	-10.0	-13.0
188.0	0.00010491	8.5783e-12	-10.0	-12.9
188.5	0.0001045	4.7755e-12	-10.0	-12.8
189.0	0.0001041	4.1461e-12	-10.0	-12.7
189.5	0.0001037	2.7561e-12	-10.0	-12.6
190.0	0.00010331	3.1829e-13	-10.0	-12.5
190.5	0.00010289	3.0983e-12	-10.0	-12.4
191.0	0.00010248	3.5727e-12	-10.0	-12.3
191.5	0.00010203	6.6328e-12	-10.0	-12.2
192.0	0.00010159	8.055e-12	-10.0	-12.1
192.5	0.00010114	1.0067e-11	-10.0	-12.0
193.0	0.00010069	1.1798e-11	-10.0	-11.9
193.5	0.00010023	1.3224e-11	-10.0	-11.8
194.0	9.9758e-05	4.5598e-12	-10.0	-11.7
194.5	9.9294e-05	5.5249e-11	-10.0	-11.6
195.0	9.8804e-05	1.7268e-11	-10.0	-11.5
195.5	9.8309e-05	1.8725e-11	-10.0	-11.4
196.0	9.7802e-05	2.1138e-11	-10.0	-11.3
196.5	9.7295e-05	2.1693e-11	-10.0	-11.2
197.0	9.6778e-05	1.9929e-11	-10.0	-11.1
197.5	9.6261e-05	2.296e-10	-10.0	-11.0
198.0	9.5725e-05	2.5078e-11	-10.0	-10.9
198.5	9.5175e-05	2.6519e-11	-10.0	-10.8
199.0	9.4617e-05	2.7517e-11	-10.0	-10.7
199.5	9.4058e-05	2.841e-11	-10.0	-10.6
200.0	9.3484e-05	3.051e-11	-10.0	-10.5
200.5	9.2906e-05	3.252e-11	-10.0	-10.4
201.0	9.2318e-05	3.224e-11	-10.0	-10.3
201.5	9.1728e-05	3.3588e-11	-10.0	-10.2
202.0	9.111e-05	3.3892e-11	-10.0	-10.1
202.5	9.0502e-05	3.4559e-11	-10.0	-10.0
203.0	8.985e-05	3.502e-11	-10.0	-9.9
203.5	8.9213e-05	3.7665e-11	-10.0	-9.8
204.0	8.8576e-05	3.747e-11	-10.0	-9.7
204.5	8.792e-05	3.8581e-11	-10.0	-9.6
205.0	8.7246e-05	3.8494e-11	-10.0	-9.5
205.5	8.6566e-05	3.9428e-11	-10.0	-9.4
206.0	8.5883e-05	3.8626e-11	-10.0	-9.3
206.5	8.5175e-05	3.9821e-11	-10.0	-9.2
207.0	8.4469e-05	4.1723e-11	-10.0	-9.1
207.5	8.3749e-05	4.0321e-11	-10.0	-9.0
208.0	8.3019e-05	4.2461e-11	-10.0	-8.9
208.5	8.2262e-05	4.1214e-11	-10.0	-8.8
209.0	8.15e-05	4.2103e-11	-10.0	-8.7
209.5	8.0743e-05	4.0137e-11	-10.0	-8.6
210.0	7.9946e-05	4.2834e-11	-10.0	-8.5
210.5	7.9162e-05	4.2453e-11	-10.0	-8.4
211.0	7.8351e-05	4.2461e-11	-10.0	-8.3
211.5	7.7539e-05	4.3398e-11	-10.0	-8.2
212.0	7.6717e-05	4.5832e-11	-10.0	-8.1
212.5	7.5889e-05	2.5457e-10	-10.0	-8.0
213.0	7.5048e-05	5.3206e-11	-10.0	-7.9
213.5	7.4206e-05	5.4677e-11	-10.0	-7.8
214.0	7.3357e-05	5.4405e-11	-10.0	-7.7
214.5	7.2505e-05	5.3997e-11	-10.0	-7.6
215.0	7.1658e-05	5.3282e-11	-10.0	-7.5
215.5	7.0774e-05	5.291e-11	-10.0	-7.4
216.0	6.9909e-05	5.0428e-11	-10.0	-7.3
216.5	6.9032e-05	4.9913e-11	-10.0	-7.2
217.0	6.816e-05	4.9288e-11	-10.0	-7.1
217.5	6.7291e-05	4.9217e-11	-10.0	-7.0
218.0	6.6393e-05	4.7281e-11	-10.0	-6.9
218.5	6.5505e-05	4.729e-11	-10.0	-6.8
219.0	6.4624e-05	4.5747e-11	-10.0	-6.7
219.5	6.374e-05	4.4837e-11	-10.0	-6.6
220.0	6.2837e-05	4.5314e-11	-10.0	-6.5
220.5	6.195e-05	4.6292e-11	-10.0	-6.4
221.0	6.1051e-05	4.5536e-11	-10.0	-6.3
221.5	6.0159e-05	4.5192e-11	-10.0	-6.2
222.0	5.9262e-05	4.5296e-11	-10.0	-6.1
222.5	5.8368e-05	4.4428e-11	-10.0	-6.0
223.0	5.7478e-05	4.4854e-11	-10.0	-5.9
223.5	5.6578e-05	4.4786e-11	-10.0	-5.8
224.0	5.5688e-05	4.4603e-11	-10.0	-5.7
224.5	5.4787e-05	4.3355e-11	-10.0	-5.6
225.0	5.3892e-05	4.373e-11	-10.0	-5.5
225.5	5.3003e-05	4.4103e-11	-10.0	-5.4
226.0	5.2106e-05	4.3702e-11	-10.0	-5.3
226.5	5.1211e-05	4.4253e-11	-10.0	-5.2
227.0	5.0315e-05	4.4324e-11	-10.0	-5.1
227.5	4.9429e-05	3.742e-11	-10.0	-5.0
228.0	4.8535e-05	2.1148e-10	-10.0	-4.9
228.5	4.7656e-05	4.4397e-11	-10.0	-4.8
229.0	4.6771e-05	4.2858e-11	-10.0	-4.7
229.5	4.5887e-05	4.4138e-11	-10.0	-4.6
230.0	4.4998e-05	4.3466e-11	-10.0	-4.5
230.5	4.4113e-05	4.3982e-11	-10.0	-4.4
231.0	4.3238e-05	4.3526e-11	-10.0	-4.3
231.5	4.2353e-05	4.3939e-11	-10.0	-4.2
232.0	4.1486e-05	4.4318e-11	-10.0	-4.1
232.5	4.0606e-05	4.3134e-11	-10.0	-4.0
233.0	3.9733e-05	4.3749e-11	-10.0	-3.9
233.5	3.887e-05	4.3509e-11	-10.0	-3.8
234.0	3.8004e-05	4.3359e-11	-10.0	-3.7
234.5	3.7144e-05	4.3352e-11	-10.0	-3.6
235.0	3.6277e-05	4.3708e-11	-10.0	-3.5
235.5	3.542e-05	4.3311e-11	-10.0	-3.4
236.0	3.4566e-05	4.4018e-11	-10.0	-3.3
236.5	3.3712e-05	4.3641e-11	-10.0	-3.2
237.0	3.287e-05	4.3356e-11	-10.0	-3.1
237.5	3.2026e-05	4.295e-11	-10.0	-3.0
238.0	3.1182e-05	4.3687e-11	-10.0	-2.9
238.5	3.0341e-05	4.3764e-11	-10.0	-2.8
239.0	2.9506e-05	4.3497e-11	-10.0	-2.7
239.5	2.8679e-05	4.3271e-11	-10.0	-2.6
240.0	2.7855e-05	4.3267e-11	-10.0	-2.5
240.5	2.7038e-05	4.3511e-11	-10.0	-2.4
241.0	2.6225e-05	4.303e-11	-10.0	-2.3
241.5	2.5415e-05	4.3013e-11	-10.0	-2.2
242.0	2.4612e-05	4.2657e-11	-10.0	-2.1
242.5	2.381e-05	4.0698e-11	-10.0	-2.0
243.0	2.3017e-05	2.0261e-10	-10.0	-1.9
243.5	2.2237e-05	4.2858e-11	-10.0	-1.8
244.0	2.146e-05	4.2497e-11	-10.0	-1.7
244.5	2.0689e-05	4.2607e-11	-10.0	-1.6
245.0	1.9926e-05	4.254e-11	-10.0	-1.5
245.5	1.917e-05	4.2503e-11	-10.0	-1.4
246.0	1.8419e-05	4.2179e-11	-10.0	-1.3
246.5	1.7679e-05	4.2041e-11	-10.0	-1.2
247.0	1.6945e-05	4.2139e-11	-10.0	-1.1
247.5	1.6223e-05	4.1918e-11	-10.0	-1.0
248.0	1.5507e-05	4.2126e-11	-10.0	-0.9
248.5	1.4799e-05	4.1974e-11	-10.0	-0.8
249.0	1.4102e-05	4.202e-11	-10.0	-0.7
249.5	1.3411e-05	4.2053e-11	-10.0	-0.6
250.0	1.2735e-05	4.1732e-11	-10.0	-0.5
250.5	1.2068e-05	4.1853e-11	-10.0	-0.4
251.0	1.141e-05	4.1891e-11	-10.0	-0.3
251.5	1.0764e-05	4.1988e-11	-10.0	-0.2
252.0	1.0133e-05	4.18e-11	-10.0	-0.1
252.5	9.513e-06	4.1926e-11	-10.0	-3.6554e-14
253.0	8.9059e-06	4.8579e-11	-10.0	0.1
253.5	8.3144e-06	4.2243e-11	-10.0	0.2
254.0	7.7365e-06	4.2069e-11	-10.0	0.3
254.5	7.1731e-06	4.2161e-11	-10.0	0.4
255.0	6.6272e-06	4.2336e-11	-10.0	0.5
255.5	6.0997e-06	4.2194e-11	-10.0	0.6
256.0	5.5879e-06	4.2533e-11	-10.0	0.7
256.5	5.0949e-06	4.2954e-11	-10.0	0.8
257.0	4.6219e-06	4.3008e-11	-10.0	0.9
257.5	4.1703e-06	4.3234e-11	-10.0	1.0
258.0	3.7398e-06	2.4643e-10	-10.0	1.1
258.5	3.3343e-06	4.4074e-11	-10.0	1.2
259.0	2.953e-06	4.4259e-11	-10.0	1.3
259.5	2.5986e-06	4.4779e-11	-10.0	1.4
260.0	2.2715e-06	4.5476e-11	-10.0	1.5
260.5	1.9723e-06	4.6076e-11	-10.0	1.6
261.0	1.7027e-06	4.678e-11	-10.0	1.7
261.5	1.4636e-06	4.8382e-11	-10.0	1.8
262.0	1.2526e-06	5.0293e-11	-10.0	1.9
262.5	1.071e-06	5.3011e-11	-10.0	2.0
263.0	9.1481e-07	5.733e-11	-10.0	2.1
263.5	7.8497e-07	7.6444e-11	-10.0	2.2
264.0	6.7677e-07	7.1554e-11	-10.0	2.3
264.5	5.8756e-07	8.0814e-11	-10.0	2.4
265.0	5.14e-07	9.2202e-11	-10.0	2.5
265.5	4.5312e-07	1.0247e-10	-10.0	2.6
266.0	4.0222e-07	1.1133e-10	-10.0	2.7
266.5	3.5942e-07	1.2398e-10	-10.0	2.8
267.0	3.2289e-07	1.3527e-10	-10.0	2.9
267.5	2.9137e-07	1.3612e-10	-10.0	3.0
268.0	2.6456e-07	1.3209e-10	-10.0	3.1
268.5	2.4128e-07	1.2726e-10	-10.0	3.2
269.0	2.2055e-07	1.2509e-10	-10.0	3.3
269.5	2.0198e-07	1.2549e-10	-10.0	3.4
270.0	1.8533e-07	1.2305e-10	-10.0	3.5
270.5	1.7073e-07	1.1572e-10	-10.0	3.6
271.0	1.5747e-07	1.0455e-10	-10.0	3.7
271.5	1.4533e-07	9.1436e-11	-10.0	3.8
272.0	1.3385e-07	7.9915e-11	-10.0	3.9
272.5	1.2353e-07	7.0835e-11	-10.0	4.0
273.0	1.1405e-07	5.8034e-11	-10.0	4.1
273.5	1.049e-07	1.4441e-10	-10.0	4.2
274.0	9.6805e-08	5.6517e-11	-10.0	4.3
274.5	8.8842e-08	8.9016e-11	-10.0	4.4
275.0	8.1692e-08	5.2167e-11	-10.0	4.5
275.5	7.504e-08	5.0845e-11	-10.0	4.6
276.0	6.8926e-08	4.9406e-11	-10.0	4.7
276.5	6.3215e-08	4.8075e-11	-10.0	4.8
277.0	5.7961e-08	4.6996e-11	-10.0	4.9
277.5	5.3101e-08	4.6142e-11	-10.0	5.0
278.0	4.8609e-08	4.5725e-11	-10.0	5.1
278.5	4.4437e-08	4.4819e-11	-10.0	5.2
279.0	4.0706e-08	4.4231e-11	-10.0	5.3
279.5	3.7264e-08	4.3825e-11	-10.0	5.4
280.0	3.4059e-08	4.3353e-11	-10.0	5.5
280.5	3.1144e-08	4.3176e-11	-10.0	5.6
281.0	2.8397e-08	4.2961e-11	-10.0	5.7
281.5	2.5935e-08	4.2411e-11	-10.0	5.8
282.0	2.363e-08	4.2497e-11	-10.0	5.9
282.5	2.1477e-08	4.2071e-11	-10.0	6.0
283.0	1.9611e-08	4.1916e-11	-10.0	6.1
283.5	1.7868e-08	4.1797e-11	-10.0	6.2
284.0	1.6307e-08	4.1674e-11	-10.0	6.3
284.5	1.4826e-08	4.1566e-11	-10.0	6.4
285.0	1.3469e-08	4.1102e-11	-10.0	6.5
285.5	1.2237e-08	4.1183e-11	-10.0	6.6
286.0	1.1093e-08	4.0993e-11	-10.0	6.7
286.5	1.0085e-08	4.0808e-11	-10.0	6.8
287.0	9.1258e-09	4.1064e-11	-10.0	6.9
287.5	8.2314e-09	4.0981e-11	-10.0	7.0
288.0	7.5085e-09	3.8672e-11	-10.0	7.1
288.5	6.7466e-09	1.2442e-10	-10.0	7.2
289.0	6.0766e-09	4.0596e-11	-10.0	7.3
289.5	5.4732e-09	4.0334e-11	-10.0	7.4
290.0	4.9463e-09	4.0531e-11	-10.0	7.5
290.5	4.4553e-09	4.0437e-11	-10.0	7.6
291.0	3.9943e-09	4.0225e-11	-10.0	7.7
291.5	3.5748e-09	4.0662e-11	-10.0	7.8
292.0	3.2166e-09	4.0134e-11	-10.0	7.9
292.5	2.863e-09	4.0082e-11	-10.0	8.0
293.0	2.5435e-09	4.0281e-11	-10.0	8.1
293.5	2.2497e-09	4.0151e-11	-10.0	8.2
294.0	2.0013e-09	4.0085e-11	-10.0	8.3
294.5	1.772e-09	4.0115e-11	-10.0	8.4
295.0	1.5624e-09	4.0117e-11	-10.0	8.5
295.5	1.3795e-09	4.0265e-11	-10.0	8.6
296.0	1.2122e-09	4.0041e-11	-10.0	8.7
296.5	1.0577e-09	4.0026e-11	-10.0	8.8
297.0	9.2645e-10	3.9824e-11	-10.0	8.9
297.5	8.0874e-10	3.9711e-11	-10.0	9.0
298.0	7.1165e-10	3.9638e-11	-10.0	9.1
298.5	6.278e-10	3.9765e-11	-10.0	9.2
299.0	5.4242e-10	3.9746e-11	-10.0	9.3
299.5	4.6868e-10	3.9551e-11	-10.0	9.4
300.0	4.059e-10	3.97e-11	-10.0	9.5
300.5	3.5156e-10	3.976e-11	-10.0	9.6
301.0	3.0972e-10	3.9669e-11	-10.0	9.7
301.5	2.6802e-10	3.9586e-11	-10.0	9.8
302.0	2.358e-10	3.9469e-11	-10.0	9.9
302.5	2.0419e-10	3.9623e-11	-10.0	10.0
303.0	1.7135e-10	3.944e-11	-10.0	10.1
303.5	1.5763e-10	1.1884e-10	-10.0	10.2
304.0	1.2593e-10	3.9461e-11	-10.0	10.3
304.5	1.0743e-10	3.9634e-11	-10.0	10.4
305.0	8.8497e-11	3.9653e-11	-10.0	10.5
305.5	7.4081e-11	3.94e-11	-10.0	10.6
306.0	6.2518e-11	3.9757e-11	-10.0	10.7
306.5	5.386e-11	3.9523e-11	-10.0	10.8
307.0	4.4987e-11	3.9514e-11	-10.0	10.9
307.5	3.8984e-11	3.9319e-11	-10.0	11.0
308.0	3.5092e-11	3.9414e-11	-10.0	11.1
308.5	3.1626e-11	3.9518e-11	-10.0	11.2
309.0	2.9321e-11	3.9325e-11	-10.0	11.3
309.5	2.7808e-11	3.9195e-11	-10.0	11.4
310.0	2.6703e-11	3.9084e-11	-10.0	11.5
310.5	2.6016e-11	3.9094e-11	-10.0	11.6
311.0	2.5873e-11	3.9284e-11	-10.0	11.7
311.5	2.5672e-11	3.898e-11	-10.0	11.8
312.0	2.5101e-11	3.9318e-11	-10.0	11.9
312.5	2.5359e-11	3.9636e-11	-10.0	12.0
313.0	2.5442e-11	3.9176e-11	-10.0	12.1
313.5	2.5442e-11	3.9204e-11	-10.0	12.2
314.0	2.5399e-11	3.9008e-11	-10.0	12.3
314.5	2.5403e-11	3.939e-11	-10.0	12.4
315.0	2.5495e-11	3.9544e-11	-10.0	12.5
315.5	2.5319e-11	3.9191e-11	-10.0	12.6
316.0	2.5499e-11	3.9482e-11	-10.0	12.7
316.5	2.5457e-11	3.9123e-11	-10.0	12.8
317.0	2.5318e-11	3.9296e-11	-10.0	12.9
317.5	2.5576e-11	3.8762e-11	-10.0	13.0
318.0	2.5334e-11	3.9182e-11	-10.0	13.1
318.5	1.9405e-11	3.4133e-11	-10.0	13.2
319.0	3.4232e-11	1.1775e-10	-10.0	13.3
319.5	2.6193e-11	3.9257e-11	-10.0	13.4
320.0	2.5363e-11	3.9026e-11	-10.0	13.5
320.5	2.5297e-11	3.9321e-11	-10.0	13.6
321.0	2.5228e-11	3.9139e-11	-10.0	13.7
321.5	2.5448e-11	3.9054e-11	-10.0	13.8
322.0	2.5433e-11	3.9104e-11	-10.0	13.9
322.5	2.5507e-11	3.8834e-11	-10.0	14.0
323.0	2.5196e-11	3.8977e-11	-10.0	14.1
323.5	2.5328e-11	3.9374e-11	-10.0	14.2
324.0	2.5452e-11	3.911e-11	-10.0	14.3
324.5	2.5384e-11	3.9288e-11	-10.0	14.4
325.0	2.5374e-11	3.8811e-11	-10.0	14.5
325.5	2.525e-11	3.9139e-11	-10.0	14.6
326.0	2.5337e-11	3.9098e-11	-10.0	14.7
326.5	2.5519e-11	3.9076e-11	-10.0	14.8
327.0	2.5569e-11	3.8948e-11	-10.0	14.9
327.5	2.5362e-11	3.9253e-11	-10.0	15.0
328.0	2.5164e-11	3.8979e-11	-10.0	15.1
328.5	2.533e-11	3.8863e-11	-10.0	15.2
329.0	2.5358e-11	3.9047e-11	-10.0	15.3
329.5	2.531e-11	3.8826e-11	-10.0	15.4
330.0	2.5318e-11	3.8956e-11	-10.0	15.5
330.5	2.5319e-11	3.9053e-11	-10.0	15.6
331.0	2.5436e-11	3.9122e-11	-10.0	15.7
331.5	2.5203e-11	3.8949e-11	-10.0	15.8
332.0	2.5373e-11	3.8834e-11	-10.0	15.9
332.5	2.5288e-11	3.8929e-11	-10.0	16.0
333.0	2.5295e-11	3.9041e-11	-10.0	16.1
333.5	2.0804e-11	3.7514e-11	-10.0	16.2
334.0	3.41e-11	1.1565e-10	-10.0	16.3
334.5	2.5978e-11	3.9039e-11	-10.0	16.4
335.0	2.5434e-11	3.9152e-11	-10.0	16.5
335.5	2.544e-11	3.9211e-11	-10.0	16.6
336.0	2.5696e-11	3.911e-11	-10.0	16.7
336.5	2.5537e-11	3.8937e-11	-10.0	16.8
337.0	2.5282e-11	3.9146e-11	-10.0	16.9
337.5	2.5574e-11	3.8969e-11	-10.0	17.0
338.0	2.5471e-11	3.907e-11	-10.0	17.1
338.5	2.5365e-11	3.8943e-11	-10.0	17.2
339.0	2.5452e-11	3.9014e-11	-10.0	17.3
339.5	2.5463e-11	3.8897e-11	-10.0	17.4
340.0	2.5518e-11	3.872e-11	-10.0	17.5
340.5	2.5423e-11	3.8924e-11	-10.0	17.6
341.0	2.5316e-11	3.9264e-11	-10.0	17.7
341.5	2.5642e-11	3.8894e-11	-10.0	17.8
342.0	2.5154e-11	3.9085e-11	-10.0	17.9
342.5	2.5678e-11	3.8985e-11	-10.0	18.0
343.0	2.5564e-11	3.9182e-11	-10.0	18.1
343.5	2.5598e-11	3.8908e-11	-10.0	18.2
344.0	2.5266e-11	3.8629e-11	-10.0	18.3
344.5	2.5393e-11	3.8894e-11	-10.0	18.4
345.0	2.5401e-11	3.88e-11	-10.0	18.5
345.5	2.5406e-11	3.8945e-11	-10.0	18.6
346.0	2.5333e-11	3.8911e-11	-10.0	18.7
346.5	2.5345e-11	3.9147e-11	-10.0	18.8
347.0	2.551e-11	3.9042e-11	-10.0	18.9
347.5	2.5483e-11	3.9016e-11	-10.0	19.0
348.0	2.5371e-11	3.8952e-11	-10.0	19.1
348.5	2.1777e-11	3.8574e-11	-10.0	19.2
349.0	3.4164e-11	1.1598e-10	-10.0	19.3
349.5	2.6077e-11	3.8865e-11	-10.0	19.4
350.0	2.5537e-11	3.864e-11	-10.0	19.5
350.5	2.5445e-11	3.8903e-11	-10.0	19.6
351.0	2.5286e-11	3.889e-11	-10.0	19.7
351.5	2.5514e-11	3.8822e-11	-10.0	19.8
352.0	2.5415e-11	3.8997e-11	-10.0	19.9
352.5	2.5564e-11	3.8772e-11	-10.0	20.0
353.0	8.8704e-12	1.9147e-11	-10.0	20.0
