Time (s)	|IDrain (A)|	|IGate (A)	Vdrain(V)	Vgate(V)
0.0	1.19e-09	7.8911e-09	-10.0	20.0
1.0	5.3518e-10	1.6424e-09	-10.0	19.9
1.5	4.0149e-10	1.1799e-09	-10.0	19.8
2.0	3.2434e-10	9.3605e-10	-10.0	19.7
2.5	2.7837e-10	7.8863e-10	-10.0	19.6
3.0	2.4755e-10	6.922e-10	-10.0	19.5
3.5	2.26e-10	6.2335e-10	-10.0	19.4
4.0	2.1038e-10	5.7248e-10	-10.0	19.3
4.5	1.9958e-10	5.3673e-10	-10.0	19.2
5.0	1.896e-10	5.0519e-10	-10.0	19.1
5.5	1.8104e-10	4.7813e-10	-10.0	19.0
6.0	1.7622e-10	4.5732e-10	-10.0	18.9
6.5	1.7078e-10	4.3964e-10	-10.0	18.8
7.0	1.6644e-10	4.2547e-10	-10.0	18.7
7.5	1.6328e-10	4.137e-10	-10.0	18.6
8.0	1.5891e-10	4.0141e-10	-10.0	18.5
8.5	1.5624e-10	3.9167e-10	-10.0	18.4
9.0	1.5434e-10	3.8291e-10	-10.0	18.3
9.5	1.5235e-10	3.7366e-10	-10.0	18.2
10.0	1.5046e-10	3.6678e-10	-10.0	18.1
10.5	1.4829e-10	3.5972e-10	-10.0	18.0
11.0	1.4693e-10	3.5342e-10	-10.0	17.9
11.5	1.4519e-10	3.4662e-10	-10.0	17.8
12.0	1.4391e-10	3.425e-10	-10.0	17.7
12.5	1.4224e-10	3.3767e-10	-10.0	17.6
13.0	1.4115e-10	3.3214e-10	-10.0	17.5
13.5	1.4024e-10	3.2815e-10	-10.0	17.4
14.0	1.3835e-10	3.232e-10	-10.0	17.3
14.5	1.379e-10	3.1826e-10	-10.0	17.2
15.0	1.3982e-10	3.334e-10	-10.0	17.1
15.5	1.3064e-10	1.7816e-10	-10.0	17.0
16.0	1.3714e-10	3.0672e-10	-10.0	16.9
16.5	1.3463e-10	3.0135e-10	-10.0	16.8
17.0	1.3579e-10	2.9726e-10	-10.0	16.7
17.5	1.3447e-10	2.9262e-10	-10.0	16.6
18.0	1.3362e-10	2.8914e-10	-10.0	16.5
18.5	1.345e-10	2.8716e-10	-10.0	16.4
19.0	1.3326e-10	2.8084e-10	-10.0	16.3
19.5	1.3353e-10	2.7756e-10	-10.0	16.2
20.0	1.3354e-10	2.7654e-10	-10.0	16.1
20.5	1.3216e-10	2.6979e-10	-10.0	16.0
21.0	1.3387e-10	2.64e-10	-10.0	15.9
21.5	1.3469e-10	2.5763e-10	-10.0	15.8
22.0	1.3469e-10	2.4842e-10	-10.0	15.7
22.5	1.3459e-10	2.3409e-10	-10.0	15.6
23.0	1.3522e-10	2.1491e-10	-10.0	15.5
23.5	1.3621e-10	1.874e-10	-10.0	15.4
24.0	1.4073e-10	1.5341e-10	-10.0	15.3
24.5	1.4352e-10	1.1409e-10	-10.0	15.2
25.0	1.5053e-10	6.9439e-11	-10.0	15.1
25.5	1.6214e-10	2.2346e-11	-10.0	15.0
26.0	1.8758e-10	2.2925e-11	-10.0	14.9
26.5	2.3985e-10	5.6223e-11	-10.0	14.8
27.0	3.2676e-10	7.1565e-11	-10.0	14.7
27.5	4.5294e-10	7.61e-11	-10.0	14.6
28.0	5.9652e-10	7.601e-11	-10.0	14.5
28.5	7.52e-10	7.3806e-11	-10.0	14.4
29.0	9.345e-10	6.8096e-11	-10.0	14.3
29.5	1.1512e-09	6.3391e-11	-10.0	14.2
30.0	1.413e-09	4.948e-11	-10.0	14.1
30.5	1.6968e-09	1.4278e-10	-10.0	14.0
31.0	2.0282e-09	1.5195e-10	-10.0	13.9
31.5	2.4269e-09	4.0919e-11	-10.0	13.8
32.0	2.8702e-09	2.9061e-11	-10.0	13.7
32.5	3.3853e-09	1.4269e-11	-10.0	13.6
33.0	3.9564e-09	1.0622e-12	-10.0	13.5
33.5	4.599e-09	1.0585e-11	-10.0	13.4
34.0	5.3435e-09	2.4725e-11	-10.0	13.3
34.5	6.1583e-09	4.2629e-11	-10.0	13.2
35.0	7.084e-09	5.2568e-11	-10.0	13.1
35.5	8.1082e-09	6.6335e-11	-10.0	13.0
36.0	9.2441e-09	7.6412e-11	-10.0	12.9
36.5	1.0509e-08	8.7322e-11	-10.0	12.8
37.0	1.1884e-08	9.5425e-11	-10.0	12.7
37.5	1.3393e-08	1.0704e-10	-10.0	12.6
38.0	1.5064e-08	1.1266e-10	-10.0	12.5
38.5	1.6893e-08	1.1715e-10	-10.0	12.4
39.0	1.8898e-08	1.2502e-10	-10.0	12.3
39.5	2.1107e-08	1.2849e-10	-10.0	12.2
40.0	2.3521e-08	1.3177e-10	-10.0	12.1
40.5	2.6134e-08	1.3972e-10	-10.0	12.0
41.0	2.8932e-08	1.4235e-10	-10.0	11.9
41.5	3.1989e-08	1.4541e-10	-10.0	11.8
42.0	3.5228e-08	1.4945e-10	-10.0	11.7
42.5	3.8735e-08	1.5208e-10	-10.0	11.6
43.0	4.2491e-08	1.5412e-10	-10.0	11.5
43.5	4.6608e-08	1.6047e-10	-10.0	11.4
44.0	5.0946e-08	1.624e-10	-10.0	11.3
44.5	5.5593e-08	1.6226e-10	-10.0	11.2
45.0	6.0609e-08	1.6829e-10	-10.0	11.1
45.5	6.5842e-08	2.1283e-10	-10.0	11.0
46.0	7.1723e-08	2.7217e-10	-10.0	10.9
46.5	7.7824e-08	1.7121e-10	-10.0	10.8
47.0	8.4317e-08	1.7458e-10	-10.0	10.7
47.5	9.1248e-08	1.7758e-10	-10.0	10.6
48.0	9.871e-08	1.7655e-10	-10.0	10.5
48.5	1.065e-07	1.7999e-10	-10.0	10.4
49.0	1.154e-07	1.5396e-10	-10.0	10.3
49.5	1.249e-07	1.837e-10	-10.0	10.2
50.0	1.3506e-07	1.8734e-10	-10.0	10.1
50.5	1.4615e-07	1.8777e-10	-10.0	10.0
51.0	1.5829e-07	1.8638e-10	-10.0	9.9
51.5	1.7136e-07	1.9028e-10	-10.0	9.8
52.0	1.8553e-07	1.8851e-10	-10.0	9.7
52.5	2.0096e-07	1.9334e-10	-10.0	9.6
53.0	2.1784e-07	1.9461e-10	-10.0	9.5
53.5	2.3601e-07	1.9218e-10	-10.0	9.4
54.0	2.5577e-07	1.9361e-10	-10.0	9.3
54.5	2.7743e-07	1.9154e-10	-10.0	9.2
55.0	3.0093e-07	1.8974e-10	-10.0	9.1
55.5	3.2679e-07	1.9385e-10	-10.0	9.0
56.0	3.5474e-07	1.9218e-10	-10.0	8.9
56.5	3.8515e-07	1.9738e-10	-10.0	8.8
57.0	4.1802e-07	1.9447e-10	-10.0	8.7
57.5	4.5349e-07	1.9703e-10	-10.0	8.6
58.0	4.9207e-07	1.9756e-10	-10.0	8.5
58.5	5.336e-07	1.9781e-10	-10.0	8.4
59.0	5.7827e-07	1.9921e-10	-10.0	8.3
59.5	6.2625e-07	1.9889e-10	-10.0	8.2
60.0	6.7835e-07	2.0247e-10	-10.0	8.1
60.5	7.3369e-07	2.2102e-10	-10.0	8.0
61.0	7.9423e-07	1.0063e-10	-10.0	7.9
61.5	8.591e-07	2.0212e-10	-10.0	7.8
62.0	9.2835e-07	1.9998e-10	-10.0	7.7
62.5	1.0037e-06	1.9979e-10	-10.0	7.6
63.0	1.0852e-06	1.7282e-10	-10.0	7.5
63.5	1.1724e-06	2.0015e-10	-10.0	7.4
64.0	1.2655e-06	1.9817e-10	-10.0	7.3
64.5	1.3646e-06	1.9658e-10	-10.0	7.2
65.0	1.4709e-06	1.9652e-10	-10.0	7.1
65.5	1.5829e-06	1.9665e-10	-10.0	7.0
66.0	1.7015e-06	1.9486e-10	-10.0	6.9
66.5	1.8271e-06	1.942e-10	-10.0	6.8
67.0	1.9591e-06	1.8896e-10	-10.0	6.7
67.5	2.099e-06	1.8785e-10	-10.0	6.6
68.0	2.2464e-06	1.801e-10	-10.0	6.5
68.5	2.4011e-06	1.708e-10	-10.0	6.4
69.0	2.5634e-06	1.6515e-10	-10.0	6.3
69.5	2.7337e-06	1.5814e-10	-10.0	6.2
70.0	2.9129e-06	1.5238e-10	-10.0	6.1
70.5	3.0995e-06	1.4859e-10	-10.0	6.0
71.0	3.295e-06	1.4581e-10	-10.0	5.9
71.5	3.4996e-06	1.4385e-10	-10.0	5.8
72.0	3.712e-06	1.4443e-10	-10.0	5.7
72.5	3.9323e-06	1.4441e-10	-10.0	5.6
73.0	4.1604e-06	1.4257e-10	-10.0	5.5
73.5	4.3967e-06	1.4426e-10	-10.0	5.4
74.0	4.6411e-06	1.4737e-10	-10.0	5.3
74.5	4.8945e-06	1.4679e-10	-10.0	5.2
75.0	5.1555e-06	1.5183e-10	-10.0	5.1
75.5	5.4231e-06	1.5906e-10	-10.0	5.0
76.0	5.7009e-06	9.3368e-11	-10.0	4.9
76.5	5.9894e-06	9.4407e-11	-10.0	4.8
77.0	6.2837e-06	1.5906e-10	-10.0	4.7
77.5	6.5861e-06	1.6179e-10	-10.0	4.6
78.0	6.8969e-06	1.6525e-10	-10.0	4.5
78.5	7.2129e-06	1.6845e-10	-10.0	4.4
79.0	7.5404e-06	1.6651e-10	-10.0	4.3
79.5	7.8787e-06	1.6654e-10	-10.0	4.2
80.0	8.2215e-06	1.6736e-10	-10.0	4.1
80.5	8.5725e-06	1.7188e-10	-10.0	4.0
81.0	8.9321e-06	1.6911e-10	-10.0	3.9
81.5	9.3008e-06	1.7193e-10	-10.0	3.8
82.0	9.6735e-06	1.7078e-10	-10.0	3.7
82.5	1.0052e-05	1.718e-10	-10.0	3.6
83.0	1.0441e-05	1.4598e-10	-10.0	3.5
83.5	1.0836e-05	1.7029e-10	-10.0	3.4
84.0	1.1237e-05	1.6941e-10	-10.0	3.3
84.5	1.1643e-05	1.6984e-10	-10.0	3.2
85.0	1.2057e-05	1.6868e-10	-10.0	3.1
85.5	1.2475e-05	1.6699e-10	-10.0	3.0
86.0	1.2895e-05	1.6437e-10	-10.0	2.9
86.5	1.3324e-05	1.6436e-10	-10.0	2.8
87.0	1.3756e-05	1.6139e-10	-10.0	2.7
87.5	1.4193e-05	1.6004e-10	-10.0	2.6
88.0	1.4639e-05	1.5733e-10	-10.0	2.5
88.5	1.5082e-05	1.5532e-10	-10.0	2.4
89.0	1.5535e-05	1.5321e-10	-10.0	2.3
89.5	1.5988e-05	1.501e-10	-10.0	2.2
90.0	1.6446e-05	1.4529e-10	-10.0	2.1
90.5	1.6915e-05	1.391e-10	-10.0	2.0
91.0	1.7371e-05	1.6836e-10	-10.0	1.9
91.5	1.7843e-05	1.3705e-10	-10.0	1.8
92.0	1.8313e-05	1.2172e-10	-10.0	1.7
92.5	1.8784e-05	1.1515e-10	-10.0	1.6
93.0	1.9259e-05	1.0983e-10	-10.0	1.5
93.5	1.9734e-05	1.0037e-10	-10.0	1.4
94.0	2.0213e-05	9.3477e-11	-10.0	1.3
94.5	2.0691e-05	8.444e-11	-10.0	1.2
95.0	2.1171e-05	7.315e-11	-10.0	1.1
95.5	2.166e-05	6.4912e-11	-10.0	1.0
96.0	2.2149e-05	5.4287e-11	-10.0	0.9
96.5	2.2635e-05	4.4393e-11	-10.0	0.8
97.0	2.3125e-05	3.1081e-11	-10.0	0.7
97.5	2.3617e-05	1.9169e-11	-10.0	0.6
98.0	2.4113e-05	5.3942e-12	-10.0	0.5
98.5	2.4614e-05	5.976e-12	-10.0	0.4
99.0	2.5112e-05	1.9339e-11	-10.0	0.3
99.5	2.5612e-05	3.4224e-11	-10.0	0.2
100.0	2.6116e-05	4.8957e-11	-10.0	0.1
100.5	2.662e-05	6.3118e-11	-10.0	-1.5293e-14
101.0	2.7123e-05	8.0541e-11	-10.0	-0.1
101.5	2.7623e-05	9.7781e-11	-10.0	-0.2
102.0	2.8126e-05	1.1457e-10	-10.0	-0.3
102.5	2.8627e-05	1.324e-10	-10.0	-0.4
103.0	2.9131e-05	1.5114e-10	-10.0	-0.5
103.5	2.9636e-05	1.6988e-10	-10.0	-0.6
104.0	3.0138e-05	1.9129e-10	-10.0	-0.7
104.5	3.0641e-05	2.1058e-10	-10.0	-0.8
105.0	3.1144e-05	2.3272e-10	-10.0	-0.9
105.5	3.1644e-05	2.5235e-10	-10.0	-1.0
106.0	3.2143e-05	2.714e-10	-10.0	-1.1
106.5	3.265e-05	5.3233e-10	-10.0	-1.2
107.0	3.3143e-05	3.2151e-10	-10.0	-1.3
107.5	3.3644e-05	3.4457e-10	-10.0	-1.4
108.0	3.4139e-05	3.7082e-10	-10.0	-1.5
108.5	3.4627e-05	3.9689e-10	-10.0	-1.6
109.0	3.5117e-05	4.2352e-10	-10.0	-1.7
109.5	3.5604e-05	4.5139e-10	-10.0	-1.8
110.0	3.6088e-05	4.7867e-10	-10.0	-1.9
110.5	3.6572e-05	5.0923e-10	-10.0	-2.0
111.0	3.705e-05	5.3961e-10	-10.0	-2.1
111.5	3.7538e-05	5.709e-10	-10.0	-2.2
112.0	3.802e-05	6.0385e-10	-10.0	-2.3
112.5	3.8493e-05	6.3722e-10	-10.0	-2.4
113.0	3.8968e-05	6.6806e-10	-10.0	-2.5
113.5	3.9445e-05	7.0065e-10	-10.0	-2.6
114.0	3.9914e-05	7.3486e-10	-10.0	-2.7
114.5	4.0377e-05	7.7074e-10	-10.0	-2.8
115.0	4.0833e-05	8.0458e-10	-10.0	-2.9
115.5	4.1298e-05	8.3894e-10	-10.0	-3.0
116.0	4.1753e-05	8.7455e-10	-10.0	-3.1
116.5	4.2207e-05	9.0964e-10	-10.0	-3.2
117.0	4.2661e-05	9.4759e-10	-10.0	-3.3
117.5	4.3109e-05	9.8305e-10	-10.0	-3.4
118.0	4.3551e-05	1.0157e-09	-10.0	-3.5
118.5	4.3992e-05	1.0564e-09	-10.0	-3.6
119.0	4.443e-05	1.0961e-09	-10.0	-3.7
119.5	4.4871e-05	1.1294e-09	-10.0	-3.8
120.0	4.5298e-05	1.1701e-09	-10.0	-3.9
120.5	4.5721e-05	1.2068e-09	-10.0	-4.0
121.0	4.6141e-05	1.2437e-09	-10.0	-4.1
121.5	4.6564e-05	1.2896e-09	-10.0	-4.2
122.0	4.6982e-05	1.3256e-09	-10.0	-4.3
122.5	4.7392e-05	1.3613e-09	-10.0	-4.4
123.0	4.7801e-05	1.4016e-09	-10.0	-4.5
123.5	4.8204e-05	1.4419e-09	-10.0	-4.6
124.0	4.86e-05	1.4801e-09	-10.0	-4.7
124.5	4.8993e-05	1.5216e-09	-10.0	-4.8
125.0	4.9382e-05	1.5624e-09	-10.0	-4.9
125.5	4.9772e-05	1.6008e-09	-10.0	-5.0
126.0	5.0147e-05	1.6439e-09	-10.0	-5.1
126.5	5.0532e-05	1.6826e-09	-10.0	-5.2
127.0	5.0898e-05	1.726e-09	-10.0	-5.3
127.5	5.1264e-05	1.7678e-09	-10.0	-5.4
128.0	5.1637e-05	1.8044e-09	-10.0	-5.5
128.5	5.1988e-05	1.8492e-09	-10.0	-5.6
129.0	5.2346e-05	1.8888e-09	-10.0	-5.7
129.5	5.2683e-05	1.9299e-09	-10.0	-5.8
130.0	5.3025e-05	1.9713e-09	-10.0	-5.9
130.5	5.3361e-05	2.0186e-09	-10.0	-6.0
131.0	5.369e-05	2.0624e-09	-10.0	-6.1
131.5	5.4008e-05	2.1055e-09	-10.0	-6.2
132.0	5.4317e-05	2.1458e-09	-10.0	-6.3
132.5	5.4633e-05	2.1944e-09	-10.0	-6.4
133.0	5.4937e-05	2.2436e-09	-10.0	-6.5
133.5	5.5251e-05	2.2848e-09	-10.0	-6.6
134.0	5.5551e-05	2.3307e-09	-10.0	-6.7
134.5	5.5846e-05	2.3779e-09	-10.0	-6.8
135.0	5.614e-05	2.4257e-09	-10.0	-6.9
135.5	5.6418e-05	2.4715e-09	-10.0	-7.0
136.0	5.671e-05	2.5171e-09	-10.0	-7.1
136.5	5.6975e-05	2.5622e-09	-10.0	-7.2
137.0	5.7257e-05	2.7968e-09	-10.0	-7.3
137.5	5.7512e-05	2.6626e-09	-10.0	-7.4
138.0	5.7774e-05	2.7153e-09	-10.0	-7.5
138.5	5.8024e-05	2.7628e-09	-10.0	-7.6
139.0	5.8277e-05	2.8175e-09	-10.0	-7.7
139.5	5.8519e-05	2.8639e-09	-10.0	-7.8
140.0	5.8752e-05	2.9169e-09	-10.0	-7.9
140.5	5.8978e-05	2.9692e-09	-10.0	-8.0
141.0	5.9209e-05	3.022e-09	-10.0	-8.1
141.5	5.9414e-05	3.0743e-09	-10.0	-8.2
142.0	5.9623e-05	3.127e-09	-10.0	-8.3
142.5	5.9835e-05	3.1808e-09	-10.0	-8.4
143.0	6.0041e-05	3.2333e-09	-10.0	-8.5
143.5	6.0244e-05	3.2883e-09	-10.0	-8.6
144.0	6.0442e-05	3.3439e-09	-10.0	-8.7
144.5	6.0641e-05	3.4037e-09	-10.0	-8.8
145.0	6.082e-05	3.4585e-09	-10.0	-8.9
145.5	6.0993e-05	3.5157e-09	-10.0	-9.0
146.0	6.1177e-05	3.5705e-09	-10.0	-9.1
146.5	6.1353e-05	3.6257e-09	-10.0	-9.2
147.0	6.1515e-05	3.6854e-09	-10.0	-9.3
147.5	6.1675e-05	3.749e-09	-10.0	-9.4
148.0	6.1838e-05	3.809e-09	-10.0	-9.5
148.5	6.1986e-05	3.8679e-09	-10.0	-9.6
149.0	6.2152e-05	3.9293e-09	-10.0	-9.7
149.5	6.2305e-05	3.9886e-09	-10.0	-9.8
150.0	6.2441e-05	4.0457e-09	-10.0	-9.9
150.5	6.2585e-05	4.1034e-09	-10.0	-10.0
151.0	6.2726e-05	4.1703e-09	-10.0	-10.1
151.5	6.2847e-05	4.2257e-09	-10.0	-10.2
152.0	6.2989e-05	4.4694e-09	-10.0	-10.3
152.5	6.3118e-05	4.3459e-09	-10.0	-10.4
153.0	6.3248e-05	4.4069e-09	-10.0	-10.5
153.5	6.3367e-05	4.4728e-09	-10.0	-10.6
154.0	6.3488e-05	4.5406e-09	-10.0	-10.7
154.5	6.3605e-05	4.6042e-09	-10.0	-10.8
155.0	6.3715e-05	4.6656e-09	-10.0	-10.9
155.5	6.3829e-05	4.7351e-09	-10.0	-11.0
156.0	6.3941e-05	4.8024e-09	-10.0	-11.1
156.5	6.4039e-05	4.8684e-09	-10.0	-11.2
157.0	6.4157e-05	4.9332e-09	-10.0	-11.3
157.5	6.4252e-05	4.9972e-09	-10.0	-11.4
158.0	6.4353e-05	5.0572e-09	-10.0	-11.5
158.5	6.4453e-05	5.121e-09	-10.0	-11.6
159.0	6.4551e-05	5.1897e-09	-10.0	-11.7
159.5	6.4647e-05	5.2533e-09	-10.0	-11.8
160.0	6.4724e-05	5.3184e-09	-10.0	-11.9
160.5	6.4803e-05	5.3887e-09	-10.0	-12.0
161.0	6.4895e-05	5.4547e-09	-10.0	-12.1
161.5	6.4983e-05	5.5205e-09	-10.0	-12.2
162.0	6.5057e-05	5.5919e-09	-10.0	-12.3
162.5	6.5133e-05	5.6649e-09	-10.0	-12.4
163.0	6.5203e-05	5.7314e-09	-10.0	-12.5
163.5	6.5276e-05	5.798e-09	-10.0	-12.6
164.0	6.5344e-05	5.8639e-09	-10.0	-12.7
164.5	6.5414e-05	5.9334e-09	-10.0	-12.8
165.0	6.5479e-05	6.0058e-09	-10.0	-12.9
165.5	6.5555e-05	6.0789e-09	-10.0	-13.0
166.0	6.5613e-05	6.1466e-09	-10.0	-13.1
166.5	6.5675e-05	6.2182e-09	-10.0	-13.2
167.0	6.5737e-05	6.4672e-09	-10.0	-13.3
167.5	6.5788e-05	6.357e-09	-10.0	-13.4
168.0	6.5845e-05	6.4358e-09	-10.0	-13.5
168.5	6.5895e-05	6.5014e-09	-10.0	-13.6
169.0	6.5952e-05	6.5743e-09	-10.0	-13.7
169.5	6.5999e-05	6.6516e-09	-10.0	-13.8
170.0	6.6037e-05	6.7255e-09	-10.0	-13.9
170.5	6.6083e-05	6.8006e-09	-10.0	-14.0
171.0	6.6131e-05	6.8731e-09	-10.0	-14.1
171.5	6.6171e-05	6.9442e-09	-10.0	-14.2
172.0	6.6207e-05	7.0198e-09	-10.0	-14.3
172.5	6.6249e-05	7.0986e-09	-10.0	-14.4
173.0	6.6293e-05	7.1601e-09	-10.0	-14.5
173.5	6.6338e-05	7.2383e-09	-10.0	-14.6
174.0	6.6373e-05	7.3129e-09	-10.0	-14.7
174.5	6.6407e-05	7.3917e-09	-10.0	-14.8
175.0	6.6429e-05	7.4581e-09	-10.0	-14.9
175.5	6.6456e-05	7.5325e-09	-10.0	-15.0
176.0	6.6384e-05	7.503e-09	-10.0	-15.0
176.5	6.6415e-05	7.5853e-09	-10.0	-15.1
177.0	6.6251e-05	7.4499e-09	-10.0	-15.0
177.5	6.6104e-05	7.3437e-09	-10.0	-14.9
178.0	6.595e-05	7.2364e-09	-10.0	-14.8
178.5	6.5809e-05	7.1346e-09	-10.0	-14.7
179.0	6.5663e-05	7.0353e-09	-10.0	-14.6
179.5	6.5518e-05	6.9438e-09	-10.0	-14.5
180.0	6.538e-05	6.8461e-09	-10.0	-14.4
180.5	6.5231e-05	6.7577e-09	-10.0	-14.3
181.0	6.5093e-05	6.6618e-09	-10.0	-14.2
181.5	6.4957e-05	6.571e-09	-10.0	-14.1
182.0	6.4811e-05	6.4852e-09	-10.0	-14.0
182.5	6.466e-05	4.1522e-09	-10.0	-13.9
183.0	6.452e-05	6.2981e-09	-10.0	-13.8
183.5	6.4377e-05	6.2142e-09	-10.0	-13.7
184.0	6.4231e-05	6.1358e-09	-10.0	-13.6
184.5	6.4092e-05	6.0439e-09	-10.0	-13.5
185.0	6.3934e-05	5.9575e-09	-10.0	-13.4
185.5	6.3793e-05	5.8787e-09	-10.0	-13.3
186.0	6.3653e-05	5.7904e-09	-10.0	-13.2
186.5	6.3496e-05	5.7143e-09	-10.0	-13.1
187.0	6.3347e-05	5.6351e-09	-10.0	-13.0
187.5	6.3204e-05	5.5568e-09	-10.0	-12.9
188.0	6.3061e-05	5.4765e-09	-10.0	-12.8
188.5	6.2908e-05	5.394e-09	-10.0	-12.7
189.0	6.2751e-05	5.3171e-09	-10.0	-12.6
189.5	6.2593e-05	5.2436e-09	-10.0	-12.5
190.0	6.2443e-05	5.1679e-09	-10.0	-12.4
190.5	6.2279e-05	5.0967e-09	-10.0	-12.3
191.0	6.2116e-05	5.0205e-09	-10.0	-12.2
191.5	6.1939e-05	4.9442e-09	-10.0	-12.1
192.0	6.1776e-05	4.8632e-09	-10.0	-12.0
192.5	6.1619e-05	4.7896e-09	-10.0	-11.9
193.0	6.1443e-05	4.7171e-09	-10.0	-11.8
193.5	6.1269e-05	4.6473e-09	-10.0	-11.7
194.0	6.11e-05	4.5692e-09	-10.0	-11.6
194.5	6.0922e-05	4.5022e-09	-10.0	-11.5
195.0	6.0742e-05	4.4331e-09	-10.0	-11.4
195.5	6.0563e-05	4.361e-09	-10.0	-11.3
196.0	6.0379e-05	4.2989e-09	-10.0	-11.2
196.5	6.0176e-05	4.2214e-09	-10.0	-11.1
197.0	5.9991e-05	4.1531e-09	-10.0	-11.0
197.5	5.9802e-05	3.6065e-09	-10.0	-10.9
198.0	5.9613e-05	4.0161e-09	-10.0	-10.8
198.5	5.9418e-05	3.9506e-09	-10.0	-10.7
199.0	5.9219e-05	3.8809e-09	-10.0	-10.6
199.5	5.9015e-05	3.8137e-09	-10.0	-10.5
200.0	5.8807e-05	3.7534e-09	-10.0	-10.4
200.5	5.8593e-05	3.6822e-09	-10.0	-10.3
201.0	5.8393e-05	3.6167e-09	-10.0	-10.2
201.5	5.8177e-05	3.5491e-09	-10.0	-10.1
202.0	5.7963e-05	3.4849e-09	-10.0	-10.0
202.5	5.7738e-05	3.4199e-09	-10.0	-9.9
203.0	5.7518e-05	3.3582e-09	-10.0	-9.8
203.5	5.729e-05	3.2924e-09	-10.0	-9.7
204.0	5.7068e-05	3.2292e-09	-10.0	-9.6
204.5	5.6825e-05	3.1741e-09	-10.0	-9.5
205.0	5.6598e-05	3.1152e-09	-10.0	-9.4
205.5	5.6355e-05	3.0517e-09	-10.0	-9.3
206.0	5.6117e-05	2.9931e-09	-10.0	-9.2
206.5	5.5869e-05	2.9331e-09	-10.0	-9.1
207.0	5.5618e-05	2.8738e-09	-10.0	-9.0
207.5	5.5372e-05	2.8151e-09	-10.0	-8.9
208.0	5.5115e-05	2.7552e-09	-10.0	-8.8
208.5	5.485e-05	2.7041e-09	-10.0	-8.7
209.0	5.4589e-05	2.6522e-09	-10.0	-8.6
209.5	5.4318e-05	2.5931e-09	-10.0	-8.5
210.0	5.4047e-05	2.5368e-09	-10.0	-8.4
210.5	5.3764e-05	2.4801e-09	-10.0	-8.3
211.0	5.3481e-05	2.4211e-09	-10.0	-8.2
211.5	5.3196e-05	2.3654e-09	-10.0	-8.1
212.0	5.2909e-05	2.3108e-09	-10.0	-8.0
212.5	5.2607e-05	1.7901e-09	-10.0	-7.9
213.0	5.2308e-05	2.1972e-09	-10.0	-7.8
213.5	5.2e-05	2.1489e-09	-10.0	-7.7
214.0	5.1685e-05	2.0979e-09	-10.0	-7.6
214.5	5.136e-05	2.0437e-09	-10.0	-7.5
215.0	5.1043e-05	1.9892e-09	-10.0	-7.4
215.5	5.0717e-05	1.9357e-09	-10.0	-7.3
216.0	5.0387e-05	1.8836e-09	-10.0	-7.2
216.5	5.0055e-05	1.8272e-09	-10.0	-7.1
217.0	4.9709e-05	1.7707e-09	-10.0	-7.0
217.5	4.9372e-05	1.7195e-09	-10.0	-6.9
218.0	4.9024e-05	1.6651e-09	-10.0	-6.8
218.5	4.8672e-05	1.6121e-09	-10.0	-6.7
219.0	4.832e-05	1.5615e-09	-10.0	-6.6
219.5	4.7962e-05	1.51e-09	-10.0	-6.5
220.0	4.7596e-05	1.464e-09	-10.0	-6.4
220.5	4.7226e-05	1.4104e-09	-10.0	-6.3
221.0	4.6852e-05	1.3594e-09	-10.0	-6.2
221.5	4.6478e-05	1.3084e-09	-10.0	-6.1
222.0	4.6105e-05	1.2627e-09	-10.0	-6.0
222.5	4.5717e-05	1.2106e-09	-10.0	-5.9
223.0	4.5328e-05	1.1624e-09	-10.0	-5.8
223.5	4.493e-05	1.112e-09	-10.0	-5.7
224.0	4.4542e-05	1.0669e-09	-10.0	-5.6
224.5	4.4142e-05	1.0193e-09	-10.0	-5.5
225.0	4.3742e-05	9.7366e-10	-10.0	-5.4
225.5	4.3331e-05	9.2649e-10	-10.0	-5.3
226.0	4.2925e-05	8.8504e-10	-10.0	-5.2
226.5	4.2509e-05	8.3991e-10	-10.0	-5.1
227.0	4.2087e-05	7.9579e-10	-10.0	-5.0
227.5	4.168e-05	8.1167e-10	-10.0	-4.9
228.0	4.1238e-05	4.0511e-10	-10.0	-4.8
228.5	4.0815e-05	6.703e-10	-10.0	-4.7
229.0	4.0388e-05	6.2859e-10	-10.0	-4.6
229.5	3.996e-05	5.9238e-10	-10.0	-4.5
230.0	3.9525e-05	5.5192e-10	-10.0	-4.4
230.5	3.9092e-05	5.1507e-10	-10.0	-4.3
231.0	3.8656e-05	4.8185e-10	-10.0	-4.2
231.5	3.8214e-05	4.4707e-10	-10.0	-4.1
232.0	3.777e-05	4.1554e-10	-10.0	-4.0
232.5	3.7328e-05	3.8476e-10	-10.0	-3.9
233.0	3.6874e-05	3.5736e-10	-10.0	-3.8
233.5	3.6426e-05	3.3084e-10	-10.0	-3.7
234.0	3.5973e-05	3.0636e-10	-10.0	-3.6
234.5	3.552e-05	2.8152e-10	-10.0	-3.5
235.0	3.5063e-05	2.5483e-10	-10.0	-3.4
235.5	3.4605e-05	2.3672e-10	-10.0	-3.3
236.0	3.4144e-05	2.1109e-10	-10.0	-3.2
236.5	3.3683e-05	1.8948e-10	-10.0	-3.1
237.0	3.3218e-05	1.6613e-10	-10.0	-3.0
237.5	3.275e-05	1.4534e-10	-10.0	-2.9
238.0	3.2283e-05	1.2371e-10	-10.0	-2.8
238.5	3.1816e-05	1.0216e-10	-10.0	-2.7
239.0	3.1345e-05	8.4225e-11	-10.0	-2.6
239.5	3.0871e-05	6.3198e-11	-10.0	-2.5
240.0	3.0404e-05	4.2326e-11	-10.0	-2.4
240.5	2.9934e-05	2.3513e-11	-10.0	-2.3
241.0	2.9456e-05	3.3784e-12	-10.0	-2.2
241.5	2.8984e-05	1.4415e-11	-10.0	-2.1
242.0	2.8506e-05	3.1888e-11	-10.0	-2.0
242.5	2.8037e-05	4.6323e-11	-10.0	-1.9
243.0	2.7553e-05	3.0939e-10	-10.0	-1.8
243.5	2.7076e-05	8.4475e-11	-10.0	-1.7
244.0	2.66e-05	9.9052e-11	-10.0	-1.6
244.5	2.6126e-05	1.157e-10	-10.0	-1.5
245.0	2.565e-05	1.3131e-10	-10.0	-1.4
245.5	2.5175e-05	1.4526e-10	-10.0	-1.3
246.0	2.4701e-05	1.6039e-10	-10.0	-1.2
246.5	2.4231e-05	1.7612e-10	-10.0	-1.1
247.0	2.3758e-05	1.8859e-10	-10.0	-1.0
247.5	2.3287e-05	1.981e-10	-10.0	-0.9
248.0	2.2816e-05	2.115e-10	-10.0	-0.8
248.5	2.2343e-05	2.2042e-10	-10.0	-0.7
249.0	2.1876e-05	2.3466e-10	-10.0	-0.6
249.5	2.1405e-05	2.4332e-10	-10.0	-0.5
250.0	2.0939e-05	2.5231e-10	-10.0	-0.4
250.5	2.0477e-05	2.5862e-10	-10.0	-0.3
251.0	2.0011e-05	2.6955e-10	-10.0	-0.2
251.5	1.955e-05	2.7556e-10	-10.0	-0.1
252.0	1.9085e-05	2.8491e-10	-10.0	-3.6554e-14
252.5	1.8627e-05	2.8964e-10	-10.0	0.1
253.0	1.8174e-05	2.9533e-10	-10.0	0.2
253.5	1.7718e-05	3.0226e-10	-10.0	0.3
254.0	1.7267e-05	3.0638e-10	-10.0	0.4
254.5	1.6819e-05	3.1205e-10	-10.0	0.5
255.0	1.6376e-05	3.1522e-10	-10.0	0.6
255.5	1.5932e-05	3.2216e-10	-10.0	0.7
256.0	1.549e-05	3.2675e-10	-10.0	0.8
256.5	1.5054e-05	3.308e-10	-10.0	0.9
257.0	1.4622e-05	3.3303e-10	-10.0	1.0
257.5	1.42e-05	3.369e-10	-10.0	1.1
258.0	1.3764e-05	5.8444e-10	-10.0	1.2
258.5	1.3343e-05	3.4255e-10	-10.0	1.3
259.0	1.2924e-05	3.4701e-10	-10.0	1.4
259.5	1.2506e-05	3.4872e-10	-10.0	1.5
260.0	1.2097e-05	3.5128e-10	-10.0	1.6
260.5	1.1689e-05	3.5565e-10	-10.0	1.7
261.0	1.1286e-05	3.5985e-10	-10.0	1.8
261.5	1.0886e-05	3.6061e-10	-10.0	1.9
262.0	1.0495e-05	3.6339e-10	-10.0	2.0
262.5	1.0104e-05	3.679e-10	-10.0	2.1
263.0	9.7285e-06	3.6976e-10	-10.0	2.2
263.5	9.3522e-06	3.7961e-10	-10.0	2.3
264.0	8.982e-06	3.728e-10	-10.0	2.4
264.5	8.6207e-06	3.7569e-10	-10.0	2.5
265.0	8.264e-06	3.7576e-10	-10.0	2.6
265.5	7.915e-06	3.7844e-10	-10.0	2.7
266.0	7.5753e-06	3.8109e-10	-10.0	2.8
266.5	7.2404e-06	3.8369e-10	-10.0	2.9
267.0	6.9147e-06	3.8271e-10	-10.0	3.0
267.5	6.5973e-06	3.8594e-10	-10.0	3.1
268.0	6.2882e-06	3.8845e-10	-10.0	3.2
268.5	5.9868e-06	3.9049e-10	-10.0	3.3
269.0	5.6929e-06	3.9133e-10	-10.0	3.4
269.5	5.4091e-06	3.8972e-10	-10.0	3.5
270.0	5.1349e-06	3.9482e-10	-10.0	3.6
270.5	4.869e-06	3.9709e-10	-10.0	3.7
271.0	4.6137e-06	3.9852e-10	-10.0	3.8
271.5	4.3657e-06	4.0007e-10	-10.0	3.9
272.0	4.1285e-06	4.0526e-10	-10.0	4.0
272.5	3.9011e-06	4.0518e-10	-10.0	4.1
273.0	3.6883e-06	4.0005e-10	-10.0	4.2
273.5	3.4728e-06	7.1982e-10	-10.0	4.3
274.0	3.2717e-06	4.1864e-10	-10.0	4.4
274.5	3.0811e-06	4.2288e-10	-10.0	4.5
275.0	2.8977e-06	4.2527e-10	-10.0	4.6
275.5	2.7236e-06	4.2857e-10	-10.0	4.7
276.0	2.5576e-06	4.2921e-10	-10.0	4.8
276.5	2.3996e-06	4.3111e-10	-10.0	4.9
277.0	2.25e-06	4.3381e-10	-10.0	5.0
277.5	2.109e-06	4.3508e-10	-10.0	5.1
278.0	1.976e-06	4.3059e-10	-10.0	5.2
278.5	1.8486e-06	4.3459e-10	-10.0	5.3
279.0	1.73e-06	4.3354e-10	-10.0	5.4
279.5	1.6177e-06	4.3018e-10	-10.0	5.5
280.0	1.5123e-06	4.2699e-10	-10.0	5.6
280.5	1.4127e-06	4.2694e-10	-10.0	5.7
281.0	1.3189e-06	4.2675e-10	-10.0	5.8
281.5	1.2312e-06	4.2389e-10	-10.0	5.9
282.0	1.1494e-06	4.1991e-10	-10.0	6.0
282.5	1.0715e-06	4.1777e-10	-10.0	6.1
283.0	1.0003e-06	4.15e-10	-10.0	6.2
283.5	9.3184e-07	4.3721e-10	-10.0	6.3
284.0	8.6842e-07	4.2063e-10	-10.0	6.4
284.5	8.0924e-07	4.1345e-10	-10.0	6.5
285.0	7.5432e-07	4.0986e-10	-10.0	6.6
285.5	7.0271e-07	4.1065e-10	-10.0	6.7
286.0	6.5512e-07	4.0741e-10	-10.0	6.8
286.5	6.1024e-07	4.0968e-10	-10.0	6.9
287.0	5.6896e-07	4.0517e-10	-10.0	7.0
287.5	5.3024e-07	4.0491e-10	-10.0	7.1
288.0	4.9485e-07	4.0294e-10	-10.0	7.2
288.5	4.6075e-07	7.0647e-10	-10.0	7.3
289.0	4.2968e-07	4.0353e-10	-10.0	7.4
289.5	4.0065e-07	4.0001e-10	-10.0	7.5
290.0	3.7364e-07	4.0517e-10	-10.0	7.6
290.5	3.484e-07	4.0021e-10	-10.0	7.7
291.0	3.2496e-07	4.0182e-10	-10.0	7.8
291.5	3.0304e-07	4.0007e-10	-10.0	7.9
292.0	2.8258e-07	4.0204e-10	-10.0	8.0
292.5	2.6363e-07	4.0298e-10	-10.0	8.1
293.0	2.4608e-07	4.0245e-10	-10.0	8.2
293.5	2.2962e-07	4.03e-10	-10.0	8.3
294.0	2.1453e-07	4.0318e-10	-10.0	8.4
294.5	2.0029e-07	4.0269e-10	-10.0	8.5
295.0	1.869e-07	4.0735e-10	-10.0	8.6
295.5	1.7454e-07	4.0211e-10	-10.0	8.7
296.0	1.6308e-07	4.0832e-10	-10.0	8.8
296.5	1.5226e-07	4.0714e-10	-10.0	8.9
297.0	1.4227e-07	4.0609e-10	-10.0	9.0
297.5	1.328e-07	4.0875e-10	-10.0	9.1
298.0	1.2408e-07	4.1084e-10	-10.0	9.2
298.5	1.1582e-07	4.1007e-10	-10.0	9.3
299.0	1.0804e-07	4.119e-10	-10.0	9.4
299.5	1.0068e-07	4.1619e-10	-10.0	9.5
300.0	9.4091e-08	4.1574e-10	-10.0	9.6
300.5	8.7516e-08	5.7445e-10	-10.0	9.7
301.0	8.1465e-08	4.1789e-10	-10.0	9.8
301.5	7.5756e-08	4.1887e-10	-10.0	9.9
302.0	7.0408e-08	4.2007e-10	-10.0	10.0
302.5	6.5441e-08	4.2581e-10	-10.0	10.1
303.0	6.0793e-08	4.2424e-10	-10.0	10.2
303.5	5.6318e-08	8.9683e-10	-10.0	10.3
304.0	5.217e-08	4.2759e-10	-10.0	10.4
304.5	4.8256e-08	4.3081e-10	-10.0	10.5
305.0	4.4568e-08	4.3535e-10	-10.0	10.6
305.5	4.1124e-08	4.3514e-10	-10.0	10.7
306.0	3.7917e-08	4.3572e-10	-10.0	10.8
306.5	3.4869e-08	4.4224e-10	-10.0	10.9
307.0	3.2039e-08	4.4457e-10	-10.0	11.0
307.5	2.9389e-08	4.4904e-10	-10.0	11.1
308.0	2.6886e-08	4.5472e-10	-10.0	11.2
308.5	2.4573e-08	4.5849e-10	-10.0	11.3
309.0	2.2413e-08	4.6133e-10	-10.0	11.4
309.5	2.0389e-08	4.6665e-10	-10.0	11.5
310.0	1.8524e-08	4.7123e-10	-10.0	11.6
310.5	1.6768e-08	4.8512e-10	-10.0	11.7
311.0	1.517e-08	4.8765e-10	-10.0	11.8
311.5	1.3704e-08	4.9983e-10	-10.0	11.9
312.0	1.2343e-08	5.0756e-10	-10.0	12.0
312.5	1.1093e-08	5.1913e-10	-10.0	12.1
313.0	9.9437e-09	5.2845e-10	-10.0	12.2
313.5	8.8831e-09	5.4611e-10	-10.0	12.3
314.0	7.91e-09	5.5552e-10	-10.0	12.4
314.5	7.0289e-09	5.7419e-10	-10.0	12.5
315.0	6.2255e-09	5.8338e-10	-10.0	12.6
315.5	5.4895e-09	6.0214e-10	-10.0	12.7
316.0	4.8332e-09	6.1383e-10	-10.0	12.8
316.5	4.2385e-09	6.2989e-10	-10.0	12.9
317.0	3.7058e-09	6.4627e-10	-10.0	13.0
317.5	3.2234e-09	6.6108e-10	-10.0	13.1
318.0	2.7966e-09	6.6895e-10	-10.0	13.2
318.5	2.4187e-09	6.1977e-10	-10.0	13.3
319.0	2.1036e-09	9.6309e-10	-10.0	13.4
319.5	1.7982e-09	6.9673e-10	-10.0	13.5
320.0	1.5424e-09	6.9486e-10	-10.0	13.6
320.5	1.3269e-09	6.936e-10	-10.0	13.7
321.0	1.1397e-09	6.9232e-10	-10.0	13.8
321.5	9.816e-10	6.8263e-10	-10.0	13.9
322.0	8.4867e-10	6.7416e-10	-10.0	14.0
322.5	7.3568e-10	6.6605e-10	-10.0	14.1
323.0	6.4012e-10	6.5445e-10	-10.0	14.2
323.5	5.5998e-10	6.4257e-10	-10.0	14.3
324.0	4.9535e-10	6.2696e-10	-10.0	14.4
324.5	4.4149e-10	6.1365e-10	-10.0	14.5
325.0	3.9823e-10	6.0014e-10	-10.0	14.6
325.5	3.6306e-10	5.846e-10	-10.0	14.7
326.0	3.3385e-10	5.7009e-10	-10.0	14.8
326.5	3.1178e-10	5.5789e-10	-10.0	14.9
327.0	2.9402e-10	5.4557e-10	-10.0	15.0
327.5	2.7945e-10	5.3505e-10	-10.0	15.1
328.0	2.6662e-10	5.2278e-10	-10.0	15.2
328.5	2.577e-10	5.1216e-10	-10.0	15.3
329.0	2.4827e-10	5.0106e-10	-10.0	15.4
329.5	2.4179e-10	4.9327e-10	-10.0	15.5
330.0	2.3602e-10	4.8586e-10	-10.0	15.6
330.5	2.309e-10	4.7815e-10	-10.0	15.7
331.0	2.266e-10	4.7162e-10	-10.0	15.8
331.5	2.2416e-10	4.6663e-10	-10.0	15.9
332.0	2.2147e-10	4.6395e-10	-10.0	16.0
332.5	2.1827e-10	4.574e-10	-10.0	16.1
333.0	2.1634e-10	4.535e-10	-10.0	16.2
333.5	2.1116e-10	4.4911e-10	-10.0	16.3
334.0	2.1858e-10	5.1181e-10	-10.0	16.4
334.5	2.1084e-10	4.4392e-10	-10.0	16.5
335.0	2.0935e-10	4.4041e-10	-10.0	16.6
335.5	2.0693e-10	4.3755e-10	-10.0	16.7
336.0	2.0639e-10	4.3583e-10	-10.0	16.8
336.5	2.059e-10	4.3399e-10	-10.0	16.9
337.0	2.0402e-10	4.3179e-10	-10.0	17.0
337.5	2.0286e-10	4.2919e-10	-10.0	17.1
338.0	2.0143e-10	4.2791e-10	-10.0	17.2
338.5	2.0098e-10	4.2566e-10	-10.0	17.3
339.0	2.0029e-10	4.2331e-10	-10.0	17.4
339.5	1.9948e-10	4.216e-10	-10.0	17.5
340.0	1.9864e-10	4.2116e-10	-10.0	17.6
340.5	1.9745e-10	4.1841e-10	-10.0	17.7
341.0	1.98e-10	4.1768e-10	-10.0	17.8
341.5	1.9653e-10	4.1545e-10	-10.0	17.9
342.0	1.9602e-10	4.1437e-10	-10.0	18.0
342.5	1.9628e-10	4.124e-10	-10.0	18.1
343.0	1.9449e-10	4.1206e-10	-10.0	18.2
343.5	1.9508e-10	4.1161e-10	-10.0	18.3
344.0	1.9429e-10	4.1023e-10	-10.0	18.4
344.5	1.935e-10	4.0868e-10	-10.0	18.5
345.0	1.9338e-10	4.0927e-10	-10.0	18.6
345.5	1.9406e-10	4.0734e-10	-10.0	18.7
346.0	1.9381e-10	4.0756e-10	-10.0	18.8
346.5	1.932e-10	4.0575e-10	-10.0	18.9
347.0	1.9218e-10	4.04e-10	-10.0	19.0
347.5	1.9188e-10	4.0479e-10	-10.0	19.1
348.0	1.9207e-10	4.0404e-10	-10.0	19.2
348.5	1.8899e-10	4.0313e-10	-10.0	19.3
349.0	1.983e-10	4.6689e-10	-10.0	19.4
349.5	1.9174e-10	4.019e-10	-10.0	19.5
350.0	1.9177e-10	4.0194e-10	-10.0	19.6
350.5	1.9077e-10	4.0161e-10	-10.0	19.7
351.0	1.9072e-10	4.0079e-10	-10.0	19.8
351.5	1.9038e-10	3.9978e-10	-10.0	19.9
352.0	1.8992e-10	3.9915e-10	-10.0	20.0
352.5	1.7692e-10	3.966e-10	-10.0	20.0
