Time (s)	|IDrain (A)|	|IGate (A)	Vdrain(V)	Vgate(V)
0.0	2.4309e-05	1.2294e-09	-10.0	-2.5
1.0	2.4271e-05	1.1991e-09	-10.0	-2.5
1.5	2.4248e-05	1.2145e-09	-10.0	-2.5
2.0	2.4233e-05	1.2244e-09	-10.0	-2.5
2.5	2.4215e-05	1.2414e-09	-10.0	-2.5
3.0	2.4201e-05	1.2573e-09	-10.0	-2.5
3.5	2.4185e-05	1.2631e-09	-10.0	-2.5
4.0	2.4171e-05	1.2785e-09	-10.0	-2.5
4.5	2.4159e-05	1.2895e-09	-10.0	-2.5
5.0	2.4143e-05	1.3047e-09	-10.0	-2.5
5.5	2.4133e-05	1.3074e-09	-10.0	-2.5
6.0	2.4118e-05	1.3219e-09	-10.0	-2.5
6.5	2.4115e-05	1.3297e-09	-10.0	-2.5
7.0	2.41e-05	1.3386e-09	-10.0	-2.5
7.5	2.4092e-05	1.3445e-09	-10.0	-2.5
8.0	2.408e-05	1.3481e-09	-10.0	-2.5
8.5	2.4074e-05	1.354e-09	-10.0	-2.5
9.0	2.4062e-05	1.3613e-09	-10.0	-2.5
9.5	2.405e-05	1.3676e-09	-10.0	-2.5
10.0	2.4042e-05	1.3726e-09	-10.0	-2.5
10.5	2.4031e-05	1.3775e-09	-10.0	-2.5
11.0	2.4028e-05	1.385e-09	-10.0	-2.5
11.5	2.4021e-05	1.3831e-09	-10.0	-2.5
12.0	2.4015e-05	1.3927e-09	-10.0	-2.5
12.5	2.4008e-05	1.3898e-09	-10.0	-2.5
13.0	2.3999e-05	1.3923e-09	-10.0	-2.5
13.5	2.3991e-05	1.3993e-09	-10.0	-2.5
14.0	2.3985e-05	1.3986e-09	-10.0	-2.5
14.5	2.3973e-05	1.4063e-09	-10.0	-2.5
15.0	2.3968e-05	1.4058e-09	-10.0	-2.5
15.5	2.3959e-05	1.4098e-09	-10.0	-2.5
16.0	2.3954e-05	1.4145e-09	-10.0	-2.5
16.5	2.3951e-05	1.4128e-09	-10.0	-2.5
17.0	2.3943e-05	1.4175e-09	-10.0	-2.5
17.5	2.3935e-05	1.4175e-09	-10.0	-2.5
18.0	2.3932e-05	1.4203e-09	-10.0	-2.5
18.5	2.3921e-05	1.422e-09	-10.0	-2.5
19.0	2.3914e-05	1.4199e-09	-10.0	-2.5
19.5	2.3909e-05	1.4241e-09	-10.0	-2.5
20.0	2.3905e-05	1.4241e-09	-10.0	-2.5
20.5	2.3895e-05	1.4273e-09	-10.0	-2.5
21.0	2.3885e-05	1.4278e-09	-10.0	-2.5
21.5	2.3883e-05	1.4286e-09	-10.0	-2.5
22.0	2.3879e-05	1.4284e-09	-10.0	-2.5
22.5	2.3874e-05	1.4292e-09	-10.0	-2.5
23.0	2.3868e-05	1.4272e-09	-10.0	-2.5
23.5	2.3862e-05	1.4321e-09	-10.0	-2.5
24.0	2.3857e-05	1.4294e-09	-10.0	-2.5
24.5	2.3852e-05	1.4331e-09	-10.0	-2.5
25.0	2.3846e-05	1.4329e-09	-10.0	-2.5
25.5	2.3844e-05	1.4314e-09	-10.0	-2.5
26.0	2.3838e-05	1.4309e-09	-10.0	-2.5
26.5	2.3829e-05	1.4325e-09	-10.0	-2.5
27.0	2.3823e-05	1.4287e-09	-10.0	-2.5
27.5	2.3818e-05	1.4316e-09	-10.0	-2.5
28.0	2.3819e-05	1.4308e-09	-10.0	-2.5
28.5	2.3808e-05	1.4324e-09	-10.0	-2.5
29.0	2.3806e-05	1.4299e-09	-10.0	-2.5
29.5	2.3802e-05	1.4304e-09	-10.0	-2.5
30.0	2.3795e-05	1.4293e-09	-10.0	-2.5
30.5	2.3791e-05	1.4308e-09	-10.0	-2.5
31.0	2.3789e-05	1.4303e-09	-10.0	-2.5
31.5	2.3781e-05	1.4259e-09	-10.0	-2.5
32.0	2.3783e-05	1.429e-09	-10.0	-2.5
32.5	2.3778e-05	1.4246e-09	-10.0	-2.5
33.0	2.3774e-05	1.4299e-09	-10.0	-2.5
33.5	2.3768e-05	1.4288e-09	-10.0	-2.5
34.0	2.3763e-05	1.4245e-09	-10.0	-2.5
34.5	2.3759e-05	1.424e-09	-10.0	-2.5
35.0	2.3753e-05	1.4263e-09	-10.0	-2.5
35.5	2.3747e-05	1.4244e-09	-10.0	-2.5
36.0	2.3747e-05	1.4266e-09	-10.0	-2.5
36.5	2.374e-05	1.4292e-09	-10.0	-2.5
37.0	2.3736e-05	1.4269e-09	-10.0	-2.5
37.5	2.3735e-05	1.4288e-09	-10.0	-2.5
38.0	2.3728e-05	1.4264e-09	-10.0	-2.5
38.5	2.3718e-05	1.4215e-09	-10.0	-2.5
39.0	2.3717e-05	1.4263e-09	-10.0	-2.5
39.5	2.3713e-05	1.4226e-09	-10.0	-2.5
40.0	2.3706e-05	1.4256e-09	-10.0	-2.5
40.5	2.3703e-05	1.4272e-09	-10.0	-2.5
41.0	2.3698e-05	1.4268e-09	-10.0	-2.5
41.5	2.3696e-05	1.4227e-09	-10.0	-2.5
42.0	2.3691e-05	1.4218e-09	-10.0	-2.5
42.5	2.3688e-05	1.4236e-09	-10.0	-2.5
43.0	2.368e-05	1.4211e-09	-10.0	-2.5
43.5	2.3677e-05	1.4228e-09	-10.0	-2.5
44.0	2.3675e-05	1.4218e-09	-10.0	-2.5
44.5	2.3676e-05	1.4215e-09	-10.0	-2.5
45.0	2.3671e-05	1.4212e-09	-10.0	-2.5
45.5	2.367e-05	1.4199e-09	-10.0	-2.5
46.0	2.3669e-05	1.4232e-09	-10.0	-2.5
46.5	2.3662e-05	1.4225e-09	-10.0	-2.5
47.0	2.3658e-05	1.4228e-09	-10.0	-2.5
47.5	2.3659e-05	1.4172e-09	-10.0	-2.5
48.0	2.3656e-05	1.4214e-09	-10.0	-2.5
48.5	2.365e-05	1.4247e-09	-10.0	-2.5
49.0	2.3644e-05	1.4197e-09	-10.0	-2.5
49.5	2.364e-05	1.422e-09	-10.0	-2.5
50.0	2.3636e-05	1.4221e-09	-10.0	-2.5
50.5	2.3633e-05	1.4194e-09	-10.0	-2.5
51.0	2.363e-05	1.4188e-09	-10.0	-2.5
51.5	2.3627e-05	1.4192e-09	-10.0	-2.5
52.0	2.3621e-05	1.4191e-09	-10.0	-2.5
52.5	2.3622e-05	1.4178e-09	-10.0	-2.5
53.0	2.3618e-05	1.4215e-09	-10.0	-2.5
53.5	2.3614e-05	1.418e-09	-10.0	-2.5
54.0	2.3609e-05	1.4203e-09	-10.0	-2.5
54.5	2.3609e-05	1.4172e-09	-10.0	-2.5
55.0	2.3605e-05	1.4189e-09	-10.0	-2.5
55.5	2.3597e-05	1.422e-09	-10.0	-2.5
56.0	2.3593e-05	1.423e-09	-10.0	-2.5
56.5	2.3593e-05	1.4221e-09	-10.0	-2.5
57.0	2.3587e-05	1.4172e-09	-10.0	-2.5
57.5	2.3583e-05	1.418e-09	-10.0	-2.5
58.0	2.3583e-05	1.4194e-09	-10.0	-2.5
58.5	2.3582e-05	1.4198e-09	-10.0	-2.5
59.0	2.3579e-05	1.4194e-09	-10.0	-2.5
59.5	2.3573e-05	1.4174e-09	-10.0	-2.5
60.0	2.3574e-05	1.4202e-09	-10.0	-2.5
60.5	2.3569e-05	1.4186e-09	-10.0	-2.5
61.0	2.3567e-05	1.4178e-09	-10.0	-2.5
61.5	2.3563e-05	1.4197e-09	-10.0	-2.5
62.0	2.3561e-05	1.4231e-09	-10.0	-2.5
62.5	2.356e-05	1.4182e-09	-10.0	-2.5
63.0	2.3559e-05	1.419e-09	-10.0	-2.5
63.5	2.3556e-05	1.4181e-09	-10.0	-2.5
64.0	2.3548e-05	1.4199e-09	-10.0	-2.5
64.5	2.3545e-05	1.4181e-09	-10.0	-2.5
65.0	2.3547e-05	1.4214e-09	-10.0	-2.5
65.5	2.3543e-05	1.4202e-09	-10.0	-2.5
66.0	2.3541e-05	1.4196e-09	-10.0	-2.5
66.5	2.3542e-05	1.4223e-09	-10.0	-2.5
67.0	2.354e-05	1.4195e-09	-10.0	-2.5
67.5	2.3538e-05	1.4179e-09	-10.0	-2.5
68.0	2.3534e-05	1.4182e-09	-10.0	-2.5
68.5	2.3529e-05	1.4169e-09	-10.0	-2.5
69.0	2.3529e-05	1.4204e-09	-10.0	-2.5
69.5	2.3528e-05	1.4222e-09	-10.0	-2.5
70.0	2.3523e-05	1.4158e-09	-10.0	-2.5
70.5	2.3519e-05	1.4171e-09	-10.0	-2.5
71.0	2.3518e-05	1.4211e-09	-10.0	-2.5
71.5	2.3511e-05	1.4232e-09	-10.0	-2.5
72.0	2.3514e-05	1.4197e-09	-10.0	-2.5
72.5	2.3502e-05	1.4198e-09	-10.0	-2.5
73.0	2.3504e-05	1.4267e-09	-10.0	-2.5
73.5	2.3499e-05	1.4229e-09	-10.0	-2.5
74.0	2.3498e-05	1.4201e-09	-10.0	-2.5
74.5	2.3499e-05	1.4228e-09	-10.0	-2.5
75.0	2.3493e-05	1.4215e-09	-10.0	-2.5
75.5	2.3491e-05	1.4248e-09	-10.0	-2.5
76.0	2.3487e-05	1.4201e-09	-10.0	-2.5
76.5	2.3488e-05	1.425e-09	-10.0	-2.5
77.0	2.3483e-05	1.4239e-09	-10.0	-2.5
77.5	2.3483e-05	1.4238e-09	-10.0	-2.5
78.0	2.3485e-05	1.4248e-09	-10.0	-2.5
78.5	2.348e-05	1.4237e-09	-10.0	-2.5
79.0	2.3478e-05	1.4238e-09	-10.0	-2.5
79.5	2.3473e-05	1.4263e-09	-10.0	-2.5
80.0	2.3471e-05	1.4293e-09	-10.0	-2.5
80.5	2.3467e-05	1.4249e-09	-10.0	-2.5
81.0	2.3464e-05	1.4273e-09	-10.0	-2.5
81.5	2.3462e-05	1.4268e-09	-10.0	-2.5
82.0	2.3464e-05	1.428e-09	-10.0	-2.5
82.5	2.346e-05	1.4273e-09	-10.0	-2.5
83.0	2.3457e-05	1.4261e-09	-10.0	-2.5
83.5	2.3457e-05	1.427e-09	-10.0	-2.5
84.0	2.3459e-05	1.4305e-09	-10.0	-2.5
84.5	2.3453e-05	1.4291e-09	-10.0	-2.5
85.0	2.345e-05	1.4276e-09	-10.0	-2.5
85.5	2.345e-05	1.4281e-09	-10.0	-2.5
86.0	2.3452e-05	1.431e-09	-10.0	-2.5
86.5	2.3447e-05	1.4269e-09	-10.0	-2.5
87.0	2.3439e-05	1.4293e-09	-10.0	-2.5
87.5	2.344e-05	1.4288e-09	-10.0	-2.5
88.0	2.3438e-05	1.4314e-09	-10.0	-2.5
88.5	2.3435e-05	1.428e-09	-10.0	-2.5
89.0	2.3432e-05	1.4329e-09	-10.0	-2.5
89.5	2.343e-05	1.4302e-09	-10.0	-2.5
90.0	2.3433e-05	1.4301e-09	-10.0	-2.5
90.5	2.343e-05	1.4315e-09	-10.0	-2.5
91.0	2.3426e-05	1.4371e-09	-10.0	-2.5
91.5	2.3426e-05	1.4319e-09	-10.0	-2.5
92.0	2.3422e-05	1.4317e-09	-10.0	-2.5
92.5	2.3422e-05	1.4328e-09	-10.0	-2.5
93.0	2.3418e-05	1.4335e-09	-10.0	-2.5
93.5	2.3415e-05	1.4352e-09	-10.0	-2.5
94.0	2.3414e-05	1.4389e-09	-10.0	-2.5
94.5	2.3414e-05	1.4359e-09	-10.0	-2.5
95.0	2.3408e-05	1.4372e-09	-10.0	-2.5
95.5	2.3407e-05	1.4327e-09	-10.0	-2.5
96.0	2.3407e-05	1.4378e-09	-10.0	-2.5
96.5	2.3406e-05	1.4377e-09	-10.0	-2.5
97.0	2.3402e-05	1.4371e-09	-10.0	-2.5
97.5	2.3397e-05	1.4399e-09	-10.0	-2.5
98.0	2.3394e-05	1.4379e-09	-10.0	-2.5
98.5	2.3395e-05	1.4396e-09	-10.0	-2.5
99.0	2.3392e-05	1.4383e-09	-10.0	-2.5
99.5	2.339e-05	1.4406e-09	-10.0	-2.5
100.0	2.3389e-05	1.4428e-09	-10.0	-2.5
100.5	2.3385e-05	1.4416e-09	-10.0	-2.5
101.0	2.3382e-05	1.4384e-09	-10.0	-2.5
101.5	2.3384e-05	1.4403e-09	-10.0	-2.5
102.0	2.338e-05	1.4396e-09	-10.0	-2.5
102.5	2.3378e-05	1.4375e-09	-10.0	-2.5
103.0	2.3378e-05	1.4395e-09	-10.0	-2.5
103.5	2.3374e-05	1.4431e-09	-10.0	-2.5
104.0	2.3374e-05	1.4377e-09	-10.0	-2.5
104.5	2.3375e-05	1.4395e-09	-10.0	-2.5
105.0	2.3375e-05	1.4396e-09	-10.0	-2.5
105.5	2.337e-05	1.4418e-09	-10.0	-2.5
106.0	2.3366e-05	1.4436e-09	-10.0	-2.5
106.5	2.3367e-05	1.4449e-09	-10.0	-2.5
107.0	2.3365e-05	1.443e-09	-10.0	-2.5
107.5	2.3361e-05	1.4474e-09	-10.0	-2.5
108.0	2.336e-05	1.4427e-09	-10.0	-2.5
108.5	2.336e-05	1.4448e-09	-10.0	-2.5
109.0	2.336e-05	1.4441e-09	-10.0	-2.5
109.5	2.3358e-05	1.4474e-09	-10.0	-2.5
110.0	2.336e-05	1.4397e-09	-10.0	-2.5
110.5	2.3358e-05	1.4452e-09	-10.0	-2.5
111.0	2.3354e-05	1.4465e-09	-10.0	-2.5
111.5	2.3352e-05	1.4459e-09	-10.0	-2.5
112.0	2.3355e-05	1.444e-09	-10.0	-2.5
112.5	2.3354e-05	1.4497e-09	-10.0	-2.5
113.0	2.335e-05	1.446e-09	-10.0	-2.5
113.5	2.3347e-05	1.4491e-09	-10.0	-2.5
114.0	2.3347e-05	1.4484e-09	-10.0	-2.5
114.5	2.3343e-05	1.4527e-09	-10.0	-2.5
115.0	2.3337e-05	1.451e-09	-10.0	-2.5
115.5	2.3339e-05	1.4502e-09	-10.0	-2.5
116.0	2.3338e-05	1.451e-09	-10.0	-2.5
116.5	2.3331e-05	1.4525e-09	-10.0	-2.5
117.0	2.3327e-05	1.4536e-09	-10.0	-2.5
117.5	2.3331e-05	1.4513e-09	-10.0	-2.5
118.0	2.3327e-05	1.4581e-09	-10.0	-2.5
118.5	2.3323e-05	1.4562e-09	-10.0	-2.5
119.0	2.3323e-05	1.4593e-09	-10.0	-2.5
119.5	2.3322e-05	1.3771e-09	-10.0	-2.5
120.0	2.3319e-05	1.4215e-09	-10.0	-2.5
120.5	2.3317e-05	1.4269e-09	-10.0	-2.5
121.0	2.3318e-05	1.4381e-09	-10.0	-2.5
121.5	2.3314e-05	1.439e-09	-10.0	-2.5
122.0	2.3311e-05	1.4402e-09	-10.0	-2.5
122.5	2.331e-05	1.4385e-09	-10.0	-2.5
123.0	2.3307e-05	1.4439e-09	-10.0	-2.5
123.5	2.3307e-05	1.4428e-09	-10.0	-2.5
124.0	2.3305e-05	1.4416e-09	-10.0	-2.5
124.5	2.3302e-05	1.4389e-09	-10.0	-2.5
125.0	2.33e-05	1.4395e-09	-10.0	-2.5
125.5	2.3298e-05	1.4421e-09	-10.0	-2.5
126.0	2.3294e-05	1.4447e-09	-10.0	-2.5
126.5	2.3293e-05	1.4432e-09	-10.0	-2.5
127.0	2.329e-05	1.4431e-09	-10.0	-2.5
127.5	2.329e-05	1.4359e-09	-10.0	-2.5
128.0	2.3288e-05	1.4391e-09	-10.0	-2.5
128.5	2.3287e-05	1.4423e-09	-10.0	-2.5
129.0	2.3286e-05	1.4372e-09	-10.0	-2.5
129.5	2.3282e-05	1.4367e-09	-10.0	-2.5
130.0	2.3279e-05	1.4372e-09	-10.0	-2.5
130.5	2.3276e-05	1.4334e-09	-10.0	-2.5
131.0	2.3275e-05	1.436e-09	-10.0	-2.5
131.5	2.3275e-05	1.4361e-09	-10.0	-2.5
132.0	2.3269e-05	1.43e-09	-10.0	-2.5
132.5	2.3263e-05	1.4345e-09	-10.0	-2.5
133.0	2.3259e-05	1.4344e-09	-10.0	-2.5
133.5	2.3255e-05	1.433e-09	-10.0	-2.5
134.0	2.3256e-05	1.4346e-09	-10.0	-2.5
134.5	2.3256e-05	1.433e-09	-10.0	-2.5
135.0	2.3251e-05	1.4378e-09	-10.0	-2.5
135.5	2.3247e-05	1.4287e-09	-10.0	-2.5
136.0	2.3243e-05	1.4277e-09	-10.0	-2.5
136.5	2.3234e-05	1.4319e-09	-10.0	-2.5
137.0	2.3237e-05	1.4313e-09	-10.0	-2.5
137.5	2.3229e-05	1.4307e-09	-10.0	-2.5
138.0	2.3227e-05	1.4324e-09	-10.0	-2.5
138.5	2.3221e-05	1.4283e-09	-10.0	-2.5
139.0	2.3215e-05	1.4295e-09	-10.0	-2.5
139.5	2.3211e-05	1.4288e-09	-10.0	-2.5
140.0	2.3212e-05	1.4272e-09	-10.0	-2.5
140.5	2.3208e-05	1.4269e-09	-10.0	-2.5
141.0	2.3201e-05	1.4189e-09	-10.0	-2.5
141.5	2.3196e-05	1.4195e-09	-10.0	-2.5
142.0	2.3196e-05	1.4235e-09	-10.0	-2.5
142.5	2.3193e-05	1.4202e-09	-10.0	-2.5
143.0	2.3192e-05	1.419e-09	-10.0	-2.5
143.5	2.319e-05	1.4171e-09	-10.0	-2.5
144.0	2.3186e-05	1.4181e-09	-10.0	-2.5
144.5	2.3182e-05	1.4173e-09	-10.0	-2.5
145.0	2.3178e-05	1.4209e-09	-10.0	-2.5
145.5	2.3169e-05	1.4224e-09	-10.0	-2.5
146.0	2.3165e-05	1.4148e-09	-10.0	-2.5
146.5	2.3164e-05	1.4167e-09	-10.0	-2.5
147.0	2.3159e-05	1.4144e-09	-10.0	-2.5
147.5	2.3154e-05	1.4125e-09	-10.0	-2.5
148.0	2.315e-05	1.4175e-09	-10.0	-2.5
148.5	2.3149e-05	1.4119e-09	-10.0	-2.5
149.0	2.3143e-05	1.4165e-09	-10.0	-2.5
149.5	2.314e-05	1.411e-09	-10.0	-2.5
150.0	2.3136e-05	1.4104e-09	-10.0	-2.5
150.5	2.3131e-05	1.4082e-09	-10.0	-2.5
151.0	2.3129e-05	1.4131e-09	-10.0	-2.5
151.5	2.3118e-05	1.4074e-09	-10.0	-2.5
152.0	2.3115e-05	1.4103e-09	-10.0	-2.5
152.5	2.3107e-05	1.4094e-09	-10.0	-2.5
153.0	2.3106e-05	1.4081e-09	-10.0	-2.5
153.5	2.31e-05	1.4089e-09	-10.0	-2.5
154.0	2.3097e-05	1.4041e-09	-10.0	-2.5
154.5	2.3089e-05	1.4028e-09	-10.0	-2.5
155.0	2.3086e-05	1.3992e-09	-10.0	-2.5
155.5	2.308e-05	1.4014e-09	-10.0	-2.5
156.0	2.3076e-05	1.401e-09	-10.0	-2.5
156.5	2.3069e-05	1.4001e-09	-10.0	-2.5
157.0	2.3068e-05	1.3983e-09	-10.0	-2.5
157.5	2.306e-05	1.4007e-09	-10.0	-2.5
158.0	2.3056e-05	1.3952e-09	-10.0	-2.5
158.5	2.3053e-05	1.4011e-09	-10.0	-2.5
159.0	2.3047e-05	1.3966e-09	-10.0	-2.5
159.5	2.304e-05	1.3972e-09	-10.0	-2.5
160.0	2.304e-05	1.3958e-09	-10.0	-2.5
160.5	2.3036e-05	1.3935e-09	-10.0	-2.5
161.0	2.3033e-05	1.3955e-09	-10.0	-2.5
161.5	2.3031e-05	1.3891e-09	-10.0	-2.5
162.0	2.3026e-05	1.3935e-09	-10.0	-2.5
162.5	2.3024e-05	1.3942e-09	-10.0	-2.5
163.0	2.3021e-05	1.3934e-09	-10.0	-2.5
163.5	2.3008e-05	1.3932e-09	-10.0	-2.5
164.0	2.3009e-05	1.3895e-09	-10.0	-2.5
164.5	2.3004e-05	1.3894e-09	-10.0	-2.5
165.0	2.2999e-05	1.3872e-09	-10.0	-2.5
165.5	2.2991e-05	1.3891e-09	-10.0	-2.5
166.0	2.2989e-05	1.3894e-09	-10.0	-2.5
166.5	2.2984e-05	1.3869e-09	-10.0	-2.5
167.0	2.2979e-05	1.3869e-09	-10.0	-2.5
167.5	2.2974e-05	1.3855e-09	-10.0	-2.5
168.0	2.2969e-05	1.3871e-09	-10.0	-2.5
168.5	2.2964e-05	1.3878e-09	-10.0	-2.5
169.0	2.2957e-05	1.3841e-09	-10.0	-2.5
169.5	2.2957e-05	1.3826e-09	-10.0	-2.5
170.0	2.2951e-05	1.388e-09	-10.0	-2.5
170.5	2.2946e-05	1.388e-09	-10.0	-2.5
171.0	2.2938e-05	1.3848e-09	-10.0	-2.5
171.5	2.2936e-05	1.3866e-09	-10.0	-2.5
172.0	2.2929e-05	1.384e-09	-10.0	-2.5
172.5	2.2926e-05	1.3871e-09	-10.0	-2.5
173.0	2.2918e-05	1.3788e-09	-10.0	-2.5
173.5	2.2911e-05	1.3765e-09	-10.0	-2.5
174.0	2.2905e-05	1.3806e-09	-10.0	-2.5
174.5	2.2905e-05	1.3797e-09	-10.0	-2.5
175.0	2.2898e-05	1.379e-09	-10.0	-2.5
175.5	2.2894e-05	1.3828e-09	-10.0	-2.5
176.0	2.2892e-05	1.3829e-09	-10.0	-2.5
176.5	2.2883e-05	1.3775e-09	-10.0	-2.5
177.0	2.2877e-05	1.3797e-09	-10.0	-2.5
177.5	2.2869e-05	1.3782e-09	-10.0	-2.5
178.0	2.2866e-05	1.3781e-09	-10.0	-2.5
178.5	2.2858e-05	1.3764e-09	-10.0	-2.5
179.0	2.285e-05	1.3799e-09	-10.0	-2.5
179.5	2.2849e-05	1.3806e-09	-10.0	-2.5
180.0	2.2851e-05	1.3879e-09	-10.0	-2.5
180.5	2.2851e-05	1.3893e-09	-10.0	-2.5
181.0	2.2843e-05	1.3896e-09	-10.0	-2.5
181.5	2.2842e-05	1.3903e-09	-10.0	-2.5
182.0	2.2836e-05	1.3893e-09	-10.0	-2.5
182.5	2.2833e-05	1.3832e-09	-10.0	-2.5
183.0	2.2832e-05	1.3912e-09	-10.0	-2.5
183.5	2.2829e-05	1.3835e-09	-10.0	-2.5
184.0	2.2826e-05	1.3879e-09	-10.0	-2.5
184.5	2.2825e-05	1.3869e-09	-10.0	-2.5
185.0	2.2824e-05	1.3874e-09	-10.0	-2.5
185.5	2.2821e-05	1.3844e-09	-10.0	-2.5
186.0	2.2817e-05	1.386e-09	-10.0	-2.5
186.5	2.2811e-05	1.3868e-09	-10.0	-2.5
187.0	2.2809e-05	1.3922e-09	-10.0	-2.5
187.5	2.2807e-05	1.3867e-09	-10.0	-2.5
188.0	2.2804e-05	1.3846e-09	-10.0	-2.5
188.5	2.2805e-05	1.3899e-09	-10.0	-2.5
189.0	2.2803e-05	1.387e-09	-10.0	-2.5
189.5	2.2801e-05	1.389e-09	-10.0	-2.5
190.0	2.2804e-05	1.3885e-09	-10.0	-2.5
190.5	2.2799e-05	1.3931e-09	-10.0	-2.5
191.0	2.28e-05	1.3863e-09	-10.0	-2.5
191.5	2.2795e-05	1.3919e-09	-10.0	-2.5
192.0	2.2789e-05	1.3902e-09	-10.0	-2.5
192.5	2.2794e-05	1.3882e-09	-10.0	-2.5
193.0	2.2791e-05	1.3896e-09	-10.0	-2.5
193.5	2.2785e-05	1.387e-09	-10.0	-2.5
194.0	2.2788e-05	1.3923e-09	-10.0	-2.5
194.5	2.2788e-05	1.3959e-09	-10.0	-2.5
195.0	2.2785e-05	1.3959e-09	-10.0	-2.5
195.5	2.2784e-05	1.392e-09	-10.0	-2.5
196.0	2.278e-05	1.3958e-09	-10.0	-2.5
196.5	2.2779e-05	1.3993e-09	-10.0	-2.5
197.0	2.2781e-05	1.3995e-09	-10.0	-2.5
197.5	2.2778e-05	1.3973e-09	-10.0	-2.5
198.0	2.2776e-05	1.3994e-09	-10.0	-2.5
198.5	2.2777e-05	1.4003e-09	-10.0	-2.5
199.0	2.2774e-05	1.4007e-09	-10.0	-2.5
199.5	2.2771e-05	1.3985e-09	-10.0	-2.5
200.0	2.2769e-05	1.4023e-09	-10.0	-2.5
200.5	2.2769e-05	1.402e-09	-10.0	-2.5
201.0	2.2765e-05	1.4012e-09	-10.0	-2.5
201.5	2.2768e-05	1.4016e-09	-10.0	-2.5
202.0	2.2767e-05	1.3966e-09	-10.0	-2.5
202.5	2.2763e-05	1.4057e-09	-10.0	-2.5
203.0	2.2757e-05	1.4054e-09	-10.0	-2.5
203.5	2.276e-05	1.4029e-09	-10.0	-2.5
204.0	2.2755e-05	1.4071e-09	-10.0	-2.5
204.5	2.2756e-05	1.406e-09	-10.0	-2.5
205.0	2.2752e-05	1.4059e-09	-10.0	-2.5
205.5	2.2752e-05	1.4075e-09	-10.0	-2.5
206.0	2.275e-05	1.411e-09	-10.0	-2.5
206.5	2.2752e-05	1.4074e-09	-10.0	-2.5
207.0	2.2749e-05	1.409e-09	-10.0	-2.5
207.5	2.2745e-05	1.4083e-09	-10.0	-2.5
208.0	2.2746e-05	1.4122e-09	-10.0	-2.5
208.5	2.2746e-05	1.4088e-09	-10.0	-2.5
209.0	2.274e-05	1.411e-09	-10.0	-2.5
209.5	2.274e-05	1.4136e-09	-10.0	-2.5
210.0	2.2743e-05	1.4149e-09	-10.0	-2.5
210.5	2.2739e-05	1.4152e-09	-10.0	-2.5
211.0	2.2742e-05	1.417e-09	-10.0	-2.5
211.5	2.2739e-05	1.4192e-09	-10.0	-2.5
212.0	2.274e-05	1.4144e-09	-10.0	-2.5
212.5	2.2736e-05	1.4179e-09	-10.0	-2.5
213.0	2.2738e-05	1.4172e-09	-10.0	-2.5
213.5	2.2738e-05	1.4193e-09	-10.0	-2.5
214.0	2.2738e-05	1.4172e-09	-10.0	-2.5
214.5	2.2742e-05	1.4214e-09	-10.0	-2.5
215.0	2.2736e-05	1.4235e-09	-10.0	-2.5
215.5	2.2732e-05	1.424e-09	-10.0	-2.5
216.0	2.2731e-05	1.424e-09	-10.0	-2.5
216.5	2.2733e-05	1.4255e-09	-10.0	-2.5
217.0	2.2732e-05	1.4227e-09	-10.0	-2.5
217.5	2.2734e-05	1.4248e-09	-10.0	-2.5
218.0	2.2733e-05	1.4279e-09	-10.0	-2.5
218.5	2.2734e-05	1.4303e-09	-10.0	-2.5
219.0	2.2728e-05	1.4295e-09	-10.0	-2.5
219.5	2.2729e-05	1.4257e-09	-10.0	-2.5
220.0	2.2727e-05	1.4289e-09	-10.0	-2.5
220.5	2.2723e-05	1.4317e-09	-10.0	-2.5
221.0	2.2722e-05	1.4333e-09	-10.0	-2.5
221.5	2.2723e-05	1.4325e-09	-10.0	-2.5
222.0	2.2719e-05	1.4322e-09	-10.0	-2.5
222.5	2.2715e-05	1.4367e-09	-10.0	-2.5
223.0	2.2716e-05	1.4313e-09	-10.0	-2.5
223.5	2.2718e-05	1.4312e-09	-10.0	-2.5
224.0	2.2718e-05	1.431e-09	-10.0	-2.5
224.5	2.272e-05	1.4322e-09	-10.0	-2.5
225.0	2.2715e-05	1.4373e-09	-10.0	-2.5
225.5	2.2714e-05	1.4324e-09	-10.0	-2.5
226.0	2.2715e-05	1.4355e-09	-10.0	-2.5
226.5	2.2716e-05	1.4381e-09	-10.0	-2.5
227.0	2.2717e-05	1.436e-09	-10.0	-2.5
227.5	2.2711e-05	1.4391e-09	-10.0	-2.5
228.0	2.2711e-05	1.4469e-09	-10.0	-2.5
228.5	2.2711e-05	1.4419e-09	-10.0	-2.5
229.0	2.2712e-05	1.44e-09	-10.0	-2.5
229.5	2.2712e-05	1.4436e-09	-10.0	-2.5
230.0	2.2711e-05	1.4393e-09	-10.0	-2.5
230.5	2.2712e-05	1.4496e-09	-10.0	-2.5
231.0	2.2711e-05	1.4401e-09	-10.0	-2.5
231.5	2.2709e-05	1.446e-09	-10.0	-2.5
232.0	2.2708e-05	1.4471e-09	-10.0	-2.5
232.5	2.2705e-05	1.4478e-09	-10.0	-2.5
233.0	2.2709e-05	1.448e-09	-10.0	-2.5
233.5	2.2709e-05	1.446e-09	-10.0	-2.5
234.0	2.2706e-05	1.4488e-09	-10.0	-2.5
234.5	2.2709e-05	1.4487e-09	-10.0	-2.5
235.0	2.2707e-05	1.4508e-09	-10.0	-2.5
235.5	2.2708e-05	1.4517e-09	-10.0	-2.5
236.0	2.2709e-05	1.4523e-09	-10.0	-2.5
236.5	2.2707e-05	1.4512e-09	-10.0	-2.5
237.0	2.2703e-05	1.4502e-09	-10.0	-2.5
237.5	2.2704e-05	1.4545e-09	-10.0	-2.5
238.0	2.2703e-05	1.4537e-09	-10.0	-2.5
238.5	2.2705e-05	1.4586e-09	-10.0	-2.5
239.0	2.2702e-05	1.4615e-09	-10.0	-2.5
239.5	2.2703e-05	1.4232e-09	-10.0	-2.5
240.0	2.27e-05	1.4386e-09	-10.0	-2.5
240.5	2.2699e-05	1.442e-09	-10.0	-2.5
241.0	2.2697e-05	1.4419e-09	-10.0	-2.5
241.5	2.2696e-05	1.4444e-09	-10.0	-2.5
242.0	2.2695e-05	1.4457e-09	-10.0	-2.5
242.5	2.2692e-05	1.4426e-09	-10.0	-2.5
243.0	2.2693e-05	1.4476e-09	-10.0	-2.5
243.5	2.2689e-05	1.4485e-09	-10.0	-2.5
244.0	2.2687e-05	1.4432e-09	-10.0	-2.5
244.5	2.2685e-05	1.4403e-09	-10.0	-2.5
245.0	2.2681e-05	1.4404e-09	-10.0	-2.5
245.5	2.2681e-05	1.4415e-09	-10.0	-2.5
246.0	2.2683e-05	1.4449e-09	-10.0	-2.5
246.5	2.2682e-05	1.4453e-09	-10.0	-2.5
247.0	2.2676e-05	1.4433e-09	-10.0	-2.5
247.5	2.2673e-05	1.4407e-09	-10.0	-2.5
248.0	2.2671e-05	1.4441e-09	-10.0	-2.5
248.5	2.2665e-05	1.4405e-09	-10.0	-2.5
249.0	2.2662e-05	1.4391e-09	-10.0	-2.5
249.5	2.2655e-05	1.4356e-09	-10.0	-2.5
250.0	2.2656e-05	1.4437e-09	-10.0	-2.5
250.5	2.2652e-05	1.4416e-09	-10.0	-2.5
251.0	2.2648e-05	1.4446e-09	-10.0	-2.5
251.5	2.2645e-05	1.4424e-09	-10.0	-2.5
252.0	2.2648e-05	1.4379e-09	-10.0	-2.5
252.5	2.2645e-05	1.4437e-09	-10.0	-2.5
253.0	2.2638e-05	1.4419e-09	-10.0	-2.5
253.5	2.2634e-05	1.4385e-09	-10.0	-2.5
254.0	2.2629e-05	1.4405e-09	-10.0	-2.5
254.5	2.2624e-05	1.442e-09	-10.0	-2.5
255.0	2.262e-05	1.4384e-09	-10.0	-2.5
255.5	2.2623e-05	1.4346e-09	-10.0	-2.5
256.0	2.262e-05	1.4393e-09	-10.0	-2.5
256.5	2.2619e-05	1.4351e-09	-10.0	-2.5
257.0	2.2617e-05	1.4329e-09	-10.0	-2.5
257.5	2.261e-05	1.4362e-09	-10.0	-2.5
258.0	2.2607e-05	1.4343e-09	-10.0	-2.5
258.5	2.2599e-05	1.4324e-09	-10.0	-2.5
259.0	2.2594e-05	1.4337e-09	-10.0	-2.5
259.5	2.2587e-05	1.4303e-09	-10.0	-2.5
260.0	2.2592e-05	1.4321e-09	-10.0	-2.5
260.5	2.2587e-05	1.4309e-09	-10.0	-2.5
261.0	2.2583e-05	1.4322e-09	-10.0	-2.5
261.5	2.258e-05	1.4364e-09	-10.0	-2.5
262.0	2.2573e-05	1.4322e-09	-10.0	-2.5
262.5	2.257e-05	1.4314e-09	-10.0	-2.5
263.0	2.2564e-05	1.4339e-09	-10.0	-2.5
263.5	2.2556e-05	1.4334e-09	-10.0	-2.5
264.0	2.255e-05	1.4363e-09	-10.0	-2.5
264.5	2.2543e-05	1.4352e-09	-10.0	-2.5
265.0	2.2541e-05	1.4353e-09	-10.0	-2.5
265.5	2.254e-05	1.4357e-09	-10.0	-2.5
266.0	2.2535e-05	1.4341e-09	-10.0	-2.5
266.5	2.2531e-05	1.4325e-09	-10.0	-2.5
267.0	2.2524e-05	1.4356e-09	-10.0	-2.5
267.5	2.2521e-05	1.4306e-09	-10.0	-2.5
268.0	2.2516e-05	1.4309e-09	-10.0	-2.5
268.5	2.2514e-05	1.4306e-09	-10.0	-2.5
269.0	2.2514e-05	1.431e-09	-10.0	-2.5
269.5	2.2506e-05	1.4282e-09	-10.0	-2.5
270.0	2.25e-05	1.4203e-09	-10.0	-2.5
270.5	2.2497e-05	1.4303e-09	-10.0	-2.5
271.0	2.2491e-05	1.4327e-09	-10.0	-2.5
271.5	2.2485e-05	1.4312e-09	-10.0	-2.5
272.0	2.2483e-05	1.4289e-09	-10.0	-2.5
272.5	2.2481e-05	1.4325e-09	-10.0	-2.5
273.0	2.2478e-05	1.4274e-09	-10.0	-2.5
273.5	2.2474e-05	1.4307e-09	-10.0	-2.5
274.0	2.2469e-05	1.4252e-09	-10.0	-2.5
274.5	2.2464e-05	1.4221e-09	-10.0	-2.5
275.0	2.2461e-05	1.4274e-09	-10.0	-2.5
275.5	2.246e-05	1.4288e-09	-10.0	-2.5
276.0	2.2456e-05	1.4226e-09	-10.0	-2.5
276.5	2.245e-05	1.425e-09	-10.0	-2.5
277.0	2.2442e-05	1.423e-09	-10.0	-2.5
277.5	2.2437e-05	1.4234e-09	-10.0	-2.5
278.0	2.2434e-05	1.4188e-09	-10.0	-2.5
278.5	2.2429e-05	1.4211e-09	-10.0	-2.5
279.0	2.2425e-05	1.4196e-09	-10.0	-2.5
279.5	2.2423e-05	1.4159e-09	-10.0	-2.5
280.0	2.2417e-05	1.4168e-09	-10.0	-2.5
280.5	2.2412e-05	1.4191e-09	-10.0	-2.5
281.0	2.2409e-05	1.4191e-09	-10.0	-2.5
281.5	2.2401e-05	1.422e-09	-10.0	-2.5
282.0	2.2401e-05	1.4196e-09	-10.0	-2.5
282.5	2.2397e-05	1.4203e-09	-10.0	-2.5
283.0	2.2391e-05	1.4271e-09	-10.0	-2.5
283.5	2.2385e-05	1.4215e-09	-10.0	-2.5
284.0	2.2382e-05	1.4196e-09	-10.0	-2.5
284.5	2.2371e-05	1.4176e-09	-10.0	-2.5
285.0	2.2368e-05	1.4149e-09	-10.0	-2.5
285.5	2.2363e-05	1.4182e-09	-10.0	-2.5
286.0	2.2356e-05	1.4192e-09	-10.0	-2.5
286.5	2.2355e-05	1.4153e-09	-10.0	-2.5
287.0	2.2352e-05	1.4151e-09	-10.0	-2.5
287.5	2.235e-05	1.4138e-09	-10.0	-2.5
288.0	2.2343e-05	1.4162e-09	-10.0	-2.5
288.5	2.2336e-05	1.4169e-09	-10.0	-2.5
289.0	2.2333e-05	1.4172e-09	-10.0	-2.5
289.5	2.233e-05	1.4137e-09	-10.0	-2.5
290.0	2.2327e-05	1.4178e-09	-10.0	-2.5
290.5	2.2318e-05	1.4165e-09	-10.0	-2.5
291.0	2.2313e-05	1.4142e-09	-10.0	-2.5
291.5	2.2304e-05	1.4105e-09	-10.0	-2.5
292.0	2.2299e-05	1.4115e-09	-10.0	-2.5
292.5	2.2295e-05	1.4084e-09	-10.0	-2.5
293.0	2.2297e-05	1.4076e-09	-10.0	-2.5
293.5	2.2291e-05	1.4075e-09	-10.0	-2.5
294.0	2.2289e-05	1.4097e-09	-10.0	-2.5
294.5	2.2286e-05	1.4063e-09	-10.0	-2.5
295.0	2.2275e-05	1.4079e-09	-10.0	-2.5
295.5	2.2268e-05	1.4068e-09	-10.0	-2.5
296.0	2.2261e-05	1.4078e-09	-10.0	-2.5
296.5	2.2258e-05	1.4027e-09	-10.0	-2.5
297.0	2.2251e-05	1.4058e-09	-10.0	-2.5
297.5	2.2248e-05	1.4044e-09	-10.0	-2.5
298.0	2.2244e-05	1.4104e-09	-10.0	-2.5
298.5	2.224e-05	1.4043e-09	-10.0	-2.5
299.0	2.2235e-05	1.4068e-09	-10.0	-2.5
299.5	2.2229e-05	1.4083e-09	-10.0	-2.5
300.0	2.2228e-05	1.4173e-09	-10.0	-2.5
300.5	2.2223e-05	1.4185e-09	-10.0	-2.5
301.0	2.2223e-05	1.4199e-09	-10.0	-2.5
301.5	2.222e-05	1.4155e-09	-10.0	-2.5
302.0	2.2217e-05	1.4218e-09	-10.0	-2.5
302.5	2.2218e-05	1.4154e-09	-10.0	-2.5
303.0	2.2212e-05	1.4184e-09	-10.0	-2.5
303.5	2.2212e-05	1.4146e-09	-10.0	-2.5
304.0	2.2212e-05	1.4206e-09	-10.0	-2.5
304.5	2.2208e-05	1.4197e-09	-10.0	-2.5
305.0	2.2207e-05	1.4177e-09	-10.0	-2.5
305.5	2.2205e-05	1.4216e-09	-10.0	-2.5
306.0	2.2202e-05	1.4164e-09	-10.0	-2.5
306.5	2.22e-05	1.4167e-09	-10.0	-2.5
307.0	2.2194e-05	1.4177e-09	-10.0	-2.5
307.5	2.2196e-05	1.4193e-09	-10.0	-2.5
308.0	2.2195e-05	1.4198e-09	-10.0	-2.5
308.5	2.2194e-05	1.4212e-09	-10.0	-2.5
309.0	2.2191e-05	1.424e-09	-10.0	-2.5
309.5	2.2193e-05	1.4259e-09	-10.0	-2.5
310.0	2.2191e-05	1.4266e-09	-10.0	-2.5
310.5	2.2191e-05	1.4278e-09	-10.0	-2.5
311.0	2.2189e-05	1.4225e-09	-10.0	-2.5
311.5	2.2186e-05	1.4218e-09	-10.0	-2.5
312.0	2.2187e-05	1.4245e-09	-10.0	-2.5
312.5	2.2188e-05	1.4275e-09	-10.0	-2.5
313.0	2.2189e-05	1.4262e-09	-10.0	-2.5
313.5	2.2191e-05	1.4303e-09	-10.0	-2.5
314.0	2.2187e-05	1.4293e-09	-10.0	-2.5
314.5	2.2185e-05	1.4297e-09	-10.0	-2.5
315.0	2.2186e-05	1.4291e-09	-10.0	-2.5
315.5	2.2185e-05	1.432e-09	-10.0	-2.5
316.0	2.2184e-05	1.4321e-09	-10.0	-2.5
316.5	2.2182e-05	1.4282e-09	-10.0	-2.5
317.0	2.218e-05	1.437e-09	-10.0	-2.5
317.5	2.2181e-05	1.4311e-09	-10.0	-2.5
318.0	2.2179e-05	1.4308e-09	-10.0	-2.5
318.5	2.2184e-05	1.4352e-09	-10.0	-2.5
319.0	2.2181e-05	1.4358e-09	-10.0	-2.5
319.5	2.2183e-05	1.4304e-09	-10.0	-2.5
320.0	2.2183e-05	1.4349e-09	-10.0	-2.5
320.5	2.2183e-05	1.4382e-09	-10.0	-2.5
321.0	2.2179e-05	1.4355e-09	-10.0	-2.5
321.5	2.2177e-05	1.4352e-09	-10.0	-2.5
322.0	2.2177e-05	1.4382e-09	-10.0	-2.5
322.5	2.2179e-05	1.4408e-09	-10.0	-2.5
323.0	2.2176e-05	1.446e-09	-10.0	-2.5
323.5	2.2178e-05	1.4412e-09	-10.0	-2.5
324.0	2.218e-05	1.4395e-09	-10.0	-2.5
324.5	2.2179e-05	1.4467e-09	-10.0	-2.5
325.0	2.218e-05	1.4427e-09	-10.0	-2.5
325.5	2.2179e-05	1.4486e-09	-10.0	-2.5
326.0	2.2182e-05	1.4434e-09	-10.0	-2.5
326.5	2.2183e-05	1.4484e-09	-10.0	-2.5
327.0	2.218e-05	1.4473e-09	-10.0	-2.5
327.5	2.218e-05	1.4506e-09	-10.0	-2.5
328.0	2.2184e-05	1.449e-09	-10.0	-2.5
328.5	2.2181e-05	1.4514e-09	-10.0	-2.5
329.0	2.2179e-05	1.4512e-09	-10.0	-2.5
329.5	2.2183e-05	1.4558e-09	-10.0	-2.5
330.0	2.2182e-05	1.4518e-09	-10.0	-2.5
330.5	2.2178e-05	1.4524e-09	-10.0	-2.5
331.0	2.2174e-05	1.4562e-09	-10.0	-2.5
331.5	2.2178e-05	1.4575e-09	-10.0	-2.5
332.0	2.2177e-05	1.4559e-09	-10.0	-2.5
332.5	2.2174e-05	1.4555e-09	-10.0	-2.5
333.0	2.2173e-05	1.455e-09	-10.0	-2.5
333.5	2.2173e-05	1.4536e-09	-10.0	-2.5
334.0	2.2176e-05	1.4584e-09	-10.0	-2.5
334.5	2.2176e-05	1.457e-09	-10.0	-2.5
335.0	2.2177e-05	1.4597e-09	-10.0	-2.5
335.5	2.2175e-05	1.4637e-09	-10.0	-2.5
336.0	2.2178e-05	1.4583e-09	-10.0	-2.5
336.5	2.2177e-05	1.4605e-09	-10.0	-2.5
337.0	2.2177e-05	1.4664e-09	-10.0	-2.5
337.5	2.2174e-05	1.4655e-09	-10.0	-2.5
338.0	2.2174e-05	1.4644e-09	-10.0	-2.5
338.5	2.2177e-05	1.4648e-09	-10.0	-2.5
339.0	2.2172e-05	1.4674e-09	-10.0	-2.5
339.5	2.2174e-05	1.4684e-09	-10.0	-2.5
340.0	2.2174e-05	1.4673e-09	-10.0	-2.5
340.5	2.2177e-05	1.4656e-09	-10.0	-2.5
341.0	2.218e-05	1.4712e-09	-10.0	-2.5
341.5	2.2179e-05	1.4724e-09	-10.0	-2.5
342.0	2.2177e-05	1.4701e-09	-10.0	-2.5
342.5	2.2181e-05	1.4726e-09	-10.0	-2.5
343.0	2.218e-05	1.4713e-09	-10.0	-2.5
343.5	2.2178e-05	1.4696e-09	-10.0	-2.5
344.0	2.2181e-05	1.4757e-09	-10.0	-2.5
344.5	2.2178e-05	1.4786e-09	-10.0	-2.5
345.0	2.2182e-05	1.4765e-09	-10.0	-2.5
345.5	2.2181e-05	1.4781e-09	-10.0	-2.5
346.0	2.2181e-05	1.4787e-09	-10.0	-2.5
346.5	2.2184e-05	1.4842e-09	-10.0	-2.5
347.0	2.2185e-05	1.4794e-09	-10.0	-2.5
347.5	2.218e-05	1.4858e-09	-10.0	-2.5
348.0	2.2182e-05	1.4822e-09	-10.0	-2.5
348.5	2.2183e-05	1.4829e-09	-10.0	-2.5
349.0	2.2181e-05	1.4867e-09	-10.0	-2.5
349.5	2.2182e-05	1.4856e-09	-10.0	-2.5
350.0	2.2183e-05	1.4882e-09	-10.0	-2.5
350.5	2.2179e-05	1.4884e-09	-10.0	-2.5
351.0	2.218e-05	1.484e-09	-10.0	-2.5
351.5	2.2183e-05	1.4876e-09	-10.0	-2.5
352.0	2.2184e-05	1.4891e-09	-10.0	-2.5
352.5	2.2186e-05	1.4886e-09	-10.0	-2.5
353.0	2.2188e-05	1.4929e-09	-10.0	-2.5
353.5	2.2186e-05	1.4912e-09	-10.0	-2.5
354.0	2.2182e-05	1.494e-09	-10.0	-2.5
354.5	2.2189e-05	1.4942e-09	-10.0	-2.5
355.0	2.2186e-05	1.4958e-09	-10.0	-2.5
355.5	2.2186e-05	1.4932e-09	-10.0	-2.5
356.0	2.2186e-05	1.4951e-09	-10.0	-2.5
356.5	2.2185e-05	1.4965e-09	-10.0	-2.5
357.0	2.2184e-05	1.5004e-09	-10.0	-2.5
357.5	2.2186e-05	1.4986e-09	-10.0	-2.5
358.0	2.2187e-05	1.4996e-09	-10.0	-2.5
358.5	2.2186e-05	1.5013e-09	-10.0	-2.5
359.0	2.2185e-05	1.5032e-09	-10.0	-2.5
359.5	2.2182e-05	1.4616e-09	-10.0	-2.5
360.0	2.218e-05	1.481e-09	-10.0	-2.5
360.5	2.2184e-05	1.4789e-09	-10.0	-2.5
361.0	2.2182e-05	1.4824e-09	-10.0	-2.5
361.5	2.2178e-05	1.4786e-09	-10.0	-2.5
362.0	2.2176e-05	1.4815e-09	-10.0	-2.5
362.5	2.2175e-05	1.4824e-09	-10.0	-2.5
363.0	2.2177e-05	1.4811e-09	-10.0	-2.5
363.5	2.2176e-05	1.484e-09	-10.0	-2.5
364.0	2.2173e-05	1.4821e-09	-10.0	-2.5
364.5	2.2171e-05	1.4836e-09	-10.0	-2.5
365.0	2.2168e-05	1.479e-09	-10.0	-2.5
365.5	2.2164e-05	1.486e-09	-10.0	-2.5
366.0	2.2161e-05	1.487e-09	-10.0	-2.5
366.5	2.2162e-05	1.48e-09	-10.0	-2.5
367.0	2.2156e-05	1.4819e-09	-10.0	-2.5
367.5	2.2154e-05	1.4813e-09	-10.0	-2.5
368.0	2.2151e-05	1.481e-09	-10.0	-2.5
368.5	2.2149e-05	1.4797e-09	-10.0	-2.5
369.0	2.2148e-05	1.4776e-09	-10.0	-2.5
369.5	2.2148e-05	1.4811e-09	-10.0	-2.5
370.0	2.2143e-05	1.4805e-09	-10.0	-2.5
370.5	2.2135e-05	1.4796e-09	-10.0	-2.5
371.0	2.2136e-05	1.479e-09	-10.0	-2.5
371.5	2.2131e-05	1.4806e-09	-10.0	-2.5
372.0	2.2126e-05	1.4807e-09	-10.0	-2.5
372.5	2.2127e-05	1.4803e-09	-10.0	-2.5
373.0	2.2125e-05	1.478e-09	-10.0	-2.5
373.5	2.212e-05	1.4813e-09	-10.0	-2.5
374.0	2.2119e-05	1.4766e-09	-10.0	-2.5
374.5	2.2118e-05	1.4744e-09	-10.0	-2.5
375.0	2.2116e-05	1.4763e-09	-10.0	-2.5
375.5	2.2111e-05	1.4804e-09	-10.0	-2.5
376.0	2.2107e-05	1.4772e-09	-10.0	-2.5
376.5	2.2101e-05	1.4762e-09	-10.0	-2.5
377.0	2.2095e-05	1.4748e-09	-10.0	-2.5
377.5	2.2096e-05	1.4744e-09	-10.0	-2.5
378.0	2.2088e-05	1.4747e-09	-10.0	-2.5
378.5	2.2081e-05	1.4764e-09	-10.0	-2.5
379.0	2.2081e-05	1.4737e-09	-10.0	-2.5
379.5	2.208e-05	1.4761e-09	-10.0	-2.5
380.0	2.2072e-05	1.4733e-09	-10.0	-2.5
380.5	2.2069e-05	1.4737e-09	-10.0	-2.5
381.0	2.2064e-05	1.4694e-09	-10.0	-2.5
381.5	2.2062e-05	1.4733e-09	-10.0	-2.5
382.0	2.206e-05	1.4728e-09	-10.0	-2.5
382.5	2.206e-05	1.4715e-09	-10.0	-2.5
383.0	2.2049e-05	1.4717e-09	-10.0	-2.5
383.5	2.2047e-05	1.4716e-09	-10.0	-2.5
384.0	2.2048e-05	1.4723e-09	-10.0	-2.5
384.5	2.2041e-05	1.4751e-09	-10.0	-2.5
385.0	2.2035e-05	1.4716e-09	-10.0	-2.5
385.5	2.2034e-05	1.4718e-09	-10.0	-2.5
386.0	2.2028e-05	1.4707e-09	-10.0	-2.5
386.5	2.2025e-05	1.4695e-09	-10.0	-2.5
387.0	2.202e-05	1.4733e-09	-10.0	-2.5
387.5	2.2016e-05	1.4685e-09	-10.0	-2.5
388.0	2.2011e-05	1.4727e-09	-10.0	-2.5
388.5	2.2009e-05	1.468e-09	-10.0	-2.5
389.0	2.2006e-05	1.4683e-09	-10.0	-2.5
389.5	2.2003e-05	1.4667e-09	-10.0	-2.5
390.0	2.1998e-05	1.4685e-09	-10.0	-2.5
390.5	2.1995e-05	1.464e-09	-10.0	-2.5
391.0	2.199e-05	1.4715e-09	-10.0	-2.5
391.5	2.1988e-05	1.4621e-09	-10.0	-2.5
392.0	2.1985e-05	1.463e-09	-10.0	-2.5
392.5	2.1977e-05	1.461e-09	-10.0	-2.5
393.0	2.1973e-05	1.4633e-09	-10.0	-2.5
393.5	2.197e-05	1.4584e-09	-10.0	-2.5
394.0	2.1967e-05	1.4589e-09	-10.0	-2.5
394.5	2.1961e-05	1.4622e-09	-10.0	-2.5
395.0	2.1954e-05	1.4601e-09	-10.0	-2.5
395.5	2.1951e-05	1.4555e-09	-10.0	-2.5
396.0	2.195e-05	1.4565e-09	-10.0	-2.5
396.5	2.1946e-05	1.4574e-09	-10.0	-2.5
397.0	2.1945e-05	1.4549e-09	-10.0	-2.5
397.5	2.1942e-05	1.4599e-09	-10.0	-2.5
398.0	2.1941e-05	1.4572e-09	-10.0	-2.5
398.5	2.1934e-05	1.4592e-09	-10.0	-2.5
399.0	2.1931e-05	1.4576e-09	-10.0	-2.5
399.5	2.1925e-05	1.4603e-09	-10.0	-2.5
400.0	2.1922e-05	1.4549e-09	-10.0	-2.5
400.5	2.1916e-05	1.4549e-09	-10.0	-2.5
401.0	2.1911e-05	1.4592e-09	-10.0	-2.5
401.5	2.1911e-05	1.4499e-09	-10.0	-2.5
402.0	2.1902e-05	1.4537e-09	-10.0	-2.5
402.5	2.1902e-05	1.4544e-09	-10.0	-2.5
403.0	2.1893e-05	1.454e-09	-10.0	-2.5
403.5	2.1887e-05	1.4564e-09	-10.0	-2.5
404.0	2.1878e-05	1.4493e-09	-10.0	-2.5
404.5	2.1877e-05	1.4519e-09	-10.0	-2.5
405.0	2.1869e-05	1.4513e-09	-10.0	-2.5
405.5	2.1865e-05	1.4537e-09	-10.0	-2.5
406.0	2.1862e-05	1.4522e-09	-10.0	-2.5
406.5	2.1862e-05	1.45e-09	-10.0	-2.5
407.0	2.1857e-05	1.4527e-09	-10.0	-2.5
407.5	2.1849e-05	1.4489e-09	-10.0	-2.5
408.0	2.1845e-05	1.449e-09	-10.0	-2.5
408.5	2.1845e-05	1.4501e-09	-10.0	-2.5
409.0	2.1833e-05	1.4514e-09	-10.0	-2.5
409.5	2.1832e-05	1.4513e-09	-10.0	-2.5
410.0	2.183e-05	1.4504e-09	-10.0	-2.5
410.5	2.1828e-05	1.452e-09	-10.0	-2.5
411.0	2.1822e-05	1.4526e-09	-10.0	-2.5
411.5	2.1818e-05	1.4518e-09	-10.0	-2.5
412.0	2.1813e-05	1.4507e-09	-10.0	-2.5
412.5	2.1807e-05	1.4502e-09	-10.0	-2.5
413.0	2.1802e-05	1.4473e-09	-10.0	-2.5
413.5	2.1794e-05	1.451e-09	-10.0	-2.5
414.0	2.1794e-05	1.4471e-09	-10.0	-2.5
414.5	2.1791e-05	1.4485e-09	-10.0	-2.5
415.0	2.1788e-05	1.4496e-09	-10.0	-2.5
415.5	2.1786e-05	1.4468e-09	-10.0	-2.5
416.0	2.1777e-05	1.4479e-09	-10.0	-2.5
416.5	2.1775e-05	1.4467e-09	-10.0	-2.5
417.0	2.1769e-05	1.447e-09	-10.0	-2.5
417.5	2.1764e-05	1.4481e-09	-10.0	-2.5
418.0	2.1764e-05	1.4488e-09	-10.0	-2.5
418.5	2.1756e-05	1.4483e-09	-10.0	-2.5
419.0	2.1751e-05	1.4474e-09	-10.0	-2.5
419.5	2.175e-05	1.4492e-09	-10.0	-2.5
420.0	2.1746e-05	1.4609e-09	-10.0	-2.5
420.5	2.1745e-05	1.4628e-09	-10.0	-2.5
421.0	2.1743e-05	1.4661e-09	-10.0	-2.5
421.5	2.1743e-05	1.4606e-09	-10.0	-2.5
422.0	2.174e-05	1.4599e-09	-10.0	-2.5
422.5	2.1737e-05	1.4588e-09	-10.0	-2.5
423.0	2.1736e-05	1.4618e-09	-10.0	-2.5
423.5	2.1731e-05	1.4646e-09	-10.0	-2.5
424.0	2.1734e-05	1.4634e-09	-10.0	-2.5
424.5	2.1733e-05	1.4611e-09	-10.0	-2.5
425.0	2.1731e-05	1.4595e-09	-10.0	-2.5
425.5	2.1731e-05	1.4625e-09	-10.0	-2.5
426.0	2.1731e-05	1.4617e-09	-10.0	-2.5
426.5	2.1728e-05	1.4599e-09	-10.0	-2.5
427.0	2.1728e-05	1.4667e-09	-10.0	-2.5
427.5	2.1727e-05	1.4646e-09	-10.0	-2.5
428.0	2.1728e-05	1.4617e-09	-10.0	-2.5
428.5	2.1723e-05	1.4631e-09	-10.0	-2.5
429.0	2.1723e-05	1.4632e-09	-10.0	-2.5
429.5	2.172e-05	1.4644e-09	-10.0	-2.5
430.0	2.1715e-05	1.4678e-09	-10.0	-2.5
430.5	2.1719e-05	1.4678e-09	-10.0	-2.5
431.0	2.1719e-05	1.469e-09	-10.0	-2.5
431.5	2.1718e-05	1.4677e-09	-10.0	-2.5
432.0	2.1718e-05	1.4674e-09	-10.0	-2.5
432.5	2.1711e-05	1.4659e-09	-10.0	-2.5
433.0	2.1712e-05	1.4653e-09	-10.0	-2.5
433.5	2.171e-05	1.4675e-09	-10.0	-2.5
434.0	2.1711e-05	1.4667e-09	-10.0	-2.5
434.5	2.1712e-05	1.4711e-09	-10.0	-2.5
435.0	2.171e-05	1.4658e-09	-10.0	-2.5
435.5	2.1711e-05	1.4665e-09	-10.0	-2.5
436.0	2.1712e-05	1.4695e-09	-10.0	-2.5
436.5	2.1708e-05	1.4707e-09	-10.0	-2.5
437.0	2.171e-05	1.4694e-09	-10.0	-2.5
437.5	2.1709e-05	1.4687e-09	-10.0	-2.5
438.0	2.1707e-05	1.4754e-09	-10.0	-2.5
438.5	2.1708e-05	1.4733e-09	-10.0	-2.5
439.0	2.1707e-05	1.4739e-09	-10.0	-2.5
439.5	2.1711e-05	1.4738e-09	-10.0	-2.5
440.0	2.1709e-05	1.4721e-09	-10.0	-2.5
440.5	2.171e-05	1.4769e-09	-10.0	-2.5
441.0	2.1711e-05	1.4773e-09	-10.0	-2.5
441.5	2.1709e-05	1.4787e-09	-10.0	-2.5
442.0	2.1709e-05	1.4782e-09	-10.0	-2.5
442.5	2.17e-05	1.4738e-09	-10.0	-2.5
443.0	2.1703e-05	1.4736e-09	-10.0	-2.5
443.5	2.1704e-05	1.4774e-09	-10.0	-2.5
444.0	2.1706e-05	1.4762e-09	-10.0	-2.5
444.5	2.1703e-05	1.4779e-09	-10.0	-2.5
445.0	2.1703e-05	1.481e-09	-10.0	-2.5
445.5	2.1705e-05	1.4815e-09	-10.0	-2.5
446.0	2.1706e-05	1.4786e-09	-10.0	-2.5
446.5	2.1702e-05	1.4808e-09	-10.0	-2.5
447.0	2.1708e-05	1.4786e-09	-10.0	-2.5
447.5	2.1708e-05	1.4847e-09	-10.0	-2.5
448.0	2.1709e-05	1.4823e-09	-10.0	-2.5
448.5	2.1707e-05	1.4809e-09	-10.0	-2.5
449.0	2.1705e-05	1.4871e-09	-10.0	-2.5
449.5	2.1704e-05	1.4874e-09	-10.0	-2.5
450.0	2.1704e-05	1.4849e-09	-10.0	-2.5
450.5	2.1704e-05	1.4865e-09	-10.0	-2.5
451.0	2.1703e-05	1.488e-09	-10.0	-2.5
451.5	2.1706e-05	1.4916e-09	-10.0	-2.5
452.0	2.1706e-05	1.4921e-09	-10.0	-2.5
452.5	2.1705e-05	1.4945e-09	-10.0	-2.5
453.0	2.1708e-05	1.4901e-09	-10.0	-2.5
453.5	2.1707e-05	1.4954e-09	-10.0	-2.5
454.0	2.171e-05	1.4984e-09	-10.0	-2.5
454.5	2.1711e-05	1.4973e-09	-10.0	-2.5
455.0	2.1708e-05	1.4987e-09	-10.0	-2.5
455.5	2.1712e-05	1.497e-09	-10.0	-2.5
456.0	2.171e-05	1.5022e-09	-10.0	-2.5
456.5	2.1706e-05	1.5028e-09	-10.0	-2.5
457.0	2.1711e-05	1.5001e-09	-10.0	-2.5
457.5	2.1712e-05	1.5027e-09	-10.0	-2.5
458.0	2.1713e-05	1.5017e-09	-10.0	-2.5
458.5	2.1716e-05	1.5031e-09	-10.0	-2.5
459.0	2.1718e-05	1.5085e-09	-10.0	-2.5
459.5	2.1716e-05	1.5113e-09	-10.0	-2.5
460.0	2.1716e-05	1.5084e-09	-10.0	-2.5
460.5	2.1717e-05	1.5109e-09	-10.0	-2.5
461.0	2.1717e-05	1.5048e-09	-10.0	-2.5
461.5	2.1716e-05	1.51e-09	-10.0	-2.5
462.0	2.1718e-05	1.5086e-09	-10.0	-2.5
462.5	2.1718e-05	1.5086e-09	-10.0	-2.5
463.0	2.1719e-05	1.5103e-09	-10.0	-2.5
463.5	2.1718e-05	1.514e-09	-10.0	-2.5
464.0	2.1715e-05	1.5094e-09	-10.0	-2.5
464.5	2.1717e-05	1.5116e-09	-10.0	-2.5
465.0	2.1722e-05	1.5133e-09	-10.0	-2.5
465.5	2.1723e-05	1.5174e-09	-10.0	-2.5
466.0	2.172e-05	1.5169e-09	-10.0	-2.5
466.5	2.1717e-05	1.5146e-09	-10.0	-2.5
467.0	2.1717e-05	1.5183e-09	-10.0	-2.5
467.5	2.172e-05	1.5166e-09	-10.0	-2.5
468.0	2.1722e-05	1.5232e-09	-10.0	-2.5
468.5	2.1715e-05	1.5164e-09	-10.0	-2.5
469.0	2.172e-05	1.5237e-09	-10.0	-2.5
469.5	2.1721e-05	1.5219e-09	-10.0	-2.5
470.0	2.1723e-05	1.5184e-09	-10.0	-2.5
470.5	2.1723e-05	1.5202e-09	-10.0	-2.5
471.0	2.1722e-05	1.5245e-09	-10.0	-2.5
471.5	2.1722e-05	1.5242e-09	-10.0	-2.5
472.0	2.172e-05	1.5225e-09	-10.0	-2.5
472.5	2.172e-05	1.5279e-09	-10.0	-2.5
473.0	2.1723e-05	1.5291e-09	-10.0	-2.5
473.5	2.1716e-05	1.5284e-09	-10.0	-2.5
474.0	2.1724e-05	1.5295e-09	-10.0	-2.5
474.5	2.1723e-05	1.5325e-09	-10.0	-2.5
475.0	2.1726e-05	1.5334e-09	-10.0	-2.5
475.5	2.1726e-05	1.5311e-09	-10.0	-2.5
476.0	2.1726e-05	1.5319e-09	-10.0	-2.5
476.5	2.1729e-05	1.5319e-09	-10.0	-2.5
477.0	2.1729e-05	1.5354e-09	-10.0	-2.5
477.5	2.173e-05	1.5333e-09	-10.0	-2.5
478.0	2.1726e-05	1.5365e-09	-10.0	-2.5
478.5	2.1732e-05	1.5337e-09	-10.0	-2.5
479.0	2.1727e-05	1.5369e-09	-10.0	-2.5
479.5	2.1729e-05	1.5037e-09	-10.0	-2.5
480.0	2.1728e-05	1.5182e-09	-10.0	-2.5
480.5	2.1726e-05	1.5158e-09	-10.0	-2.5
481.0	2.1726e-05	1.5213e-09	-10.0	-2.5
481.5	2.1727e-05	1.5206e-09	-10.0	-2.5
482.0	2.1724e-05	1.5184e-09	-10.0	-2.5
482.5	2.1723e-05	1.5173e-09	-10.0	-2.5
483.0	2.1718e-05	1.5196e-09	-10.0	-2.5
483.5	2.1718e-05	1.5193e-09	-10.0	-2.5
484.0	2.1719e-05	1.5174e-09	-10.0	-2.5
484.5	2.1714e-05	1.521e-09	-10.0	-2.5
485.0	2.1714e-05	1.5173e-09	-10.0	-2.5
485.5	2.1714e-05	1.5183e-09	-10.0	-2.5
486.0	2.1711e-05	1.5196e-09	-10.0	-2.5
486.5	2.1709e-05	1.5188e-09	-10.0	-2.5
487.0	2.1707e-05	1.5166e-09	-10.0	-2.5
487.5	2.1703e-05	1.5212e-09	-10.0	-2.5
488.0	2.1703e-05	1.5203e-09	-10.0	-2.5
488.5	2.1701e-05	1.5227e-09	-10.0	-2.5
489.0	2.1698e-05	1.523e-09	-10.0	-2.5
489.5	2.1693e-05	1.5197e-09	-10.0	-2.5
490.0	2.1686e-05	1.5207e-09	-10.0	-2.5
490.5	2.1685e-05	1.5241e-09	-10.0	-2.5
491.0	2.1679e-05	1.5194e-09	-10.0	-2.5
491.5	2.1682e-05	1.5197e-09	-10.0	-2.5
492.0	2.1676e-05	1.5202e-09	-10.0	-2.5
492.5	2.1675e-05	1.5218e-09	-10.0	-2.5
493.0	2.1673e-05	1.517e-09	-10.0	-2.5
493.5	2.1665e-05	1.5201e-09	-10.0	-2.5
494.0	2.1665e-05	1.5157e-09	-10.0	-2.5
494.5	2.1663e-05	1.5153e-09	-10.0	-2.5
495.0	2.1654e-05	1.5145e-09	-10.0	-2.5
495.5	2.1651e-05	1.5136e-09	-10.0	-2.5
496.0	2.1649e-05	1.513e-09	-10.0	-2.5
496.5	2.1645e-05	1.5089e-09	-10.0	-2.5
497.0	2.1645e-05	1.5094e-09	-10.0	-2.5
497.5	2.1639e-05	1.5077e-09	-10.0	-2.5
498.0	2.1638e-05	1.5102e-09	-10.0	-2.5
498.5	2.1631e-05	1.5097e-09	-10.0	-2.5
499.0	2.1629e-05	1.5107e-09	-10.0	-2.5
499.5	2.1631e-05	1.5092e-09	-10.0	-2.5
500.0	2.1623e-05	1.5079e-09	-10.0	-2.5
500.5	2.162e-05	1.5074e-09	-10.0	-2.5
501.0	2.1613e-05	1.5075e-09	-10.0	-2.5
501.5	2.1613e-05	1.5098e-09	-10.0	-2.5
502.0	2.1608e-05	1.5054e-09	-10.0	-2.5
502.5	2.1603e-05	1.4989e-09	-10.0	-2.5
503.0	2.1603e-05	1.5045e-09	-10.0	-2.5
503.5	2.1598e-05	1.5056e-09	-10.0	-2.5
504.0	2.1595e-05	1.5081e-09	-10.0	-2.5
504.5	2.1599e-05	1.5058e-09	-10.0	-2.5
505.0	2.159e-05	1.5075e-09	-10.0	-2.5
505.5	2.1585e-05	1.5072e-09	-10.0	-2.5
506.0	2.1581e-05	1.5081e-09	-10.0	-2.5
506.5	2.1576e-05	1.5091e-09	-10.0	-2.5
507.0	2.1569e-05	1.5074e-09	-10.0	-2.5
507.5	2.1565e-05	1.5064e-09	-10.0	-2.5
508.0	2.156e-05	1.5092e-09	-10.0	-2.5
508.5	2.1556e-05	1.5106e-09	-10.0	-2.5
509.0	2.1552e-05	1.5028e-09	-10.0	-2.5
509.5	2.1553e-05	1.5082e-09	-10.0	-2.5
510.0	2.1545e-05	1.5065e-09	-10.0	-2.5
510.5	2.1547e-05	1.5069e-09	-10.0	-2.5
511.0	2.1541e-05	1.5072e-09	-10.0	-2.5
511.5	2.1536e-05	1.5037e-09	-10.0	-2.5
512.0	2.1532e-05	1.5091e-09	-10.0	-2.5
512.5	2.1531e-05	1.5066e-09	-10.0	-2.5
513.0	2.1524e-05	1.5103e-09	-10.0	-2.5
513.5	2.1521e-05	1.5051e-09	-10.0	-2.5
514.0	2.1517e-05	1.505e-09	-10.0	-2.5
514.5	2.1511e-05	1.508e-09	-10.0	-2.5
515.0	2.1508e-05	1.5087e-09	-10.0	-2.5
515.5	2.1504e-05	1.5084e-09	-10.0	-2.5
516.0	2.1503e-05	1.5092e-09	-10.0	-2.5
516.5	2.15e-05	1.5073e-09	-10.0	-2.5
517.0	2.1496e-05	1.503e-09	-10.0	-2.5
517.5	2.1487e-05	1.5027e-09	-10.0	-2.5
518.0	2.1483e-05	1.5031e-09	-10.0	-2.5
518.5	2.1479e-05	1.5043e-09	-10.0	-2.5
519.0	2.1477e-05	1.5021e-09	-10.0	-2.5
519.5	2.1471e-05	1.5056e-09	-10.0	-2.5
520.0	2.1468e-05	1.5003e-09	-10.0	-2.5
520.5	2.1465e-05	1.5036e-09	-10.0	-2.5
521.0	2.1465e-05	1.5027e-09	-10.0	-2.5
521.5	2.1457e-05	1.5013e-09	-10.0	-2.5
522.0	2.1457e-05	1.4999e-09	-10.0	-2.5
522.5	2.145e-05	1.4989e-09	-10.0	-2.5
523.0	2.1441e-05	1.495e-09	-10.0	-2.5
523.5	2.1442e-05	1.4956e-09	-10.0	-2.5
524.0	2.1436e-05	1.4932e-09	-10.0	-2.5
524.5	2.1434e-05	1.492e-09	-10.0	-2.5
525.0	2.1428e-05	1.4904e-09	-10.0	-2.5
525.5	2.1424e-05	1.4953e-09	-10.0	-2.5
526.0	2.1422e-05	1.4905e-09	-10.0	-2.5
526.5	2.1417e-05	1.4947e-09	-10.0	-2.5
527.0	2.1412e-05	1.4911e-09	-10.0	-2.5
527.5	2.1411e-05	1.4937e-09	-10.0	-2.5
528.0	2.1407e-05	1.4909e-09	-10.0	-2.5
528.5	2.1402e-05	1.4963e-09	-10.0	-2.5
529.0	2.1395e-05	1.4942e-09	-10.0	-2.5
529.5	2.139e-05	1.4929e-09	-10.0	-2.5
530.0	2.1385e-05	1.488e-09	-10.0	-2.5
530.5	2.1382e-05	1.4898e-09	-10.0	-2.5
531.0	2.1384e-05	1.489e-09	-10.0	-2.5
531.5	2.1379e-05	1.4873e-09	-10.0	-2.5
532.0	2.1375e-05	1.4913e-09	-10.0	-2.5
532.5	2.1371e-05	1.4872e-09	-10.0	-2.5
533.0	2.1365e-05	1.4836e-09	-10.0	-2.5
533.5	2.1361e-05	1.4853e-09	-10.0	-2.5
534.0	2.1362e-05	1.4839e-09	-10.0	-2.5
534.5	2.1354e-05	1.4829e-09	-10.0	-2.5
535.0	2.135e-05	1.4794e-09	-10.0	-2.5
535.5	2.1345e-05	1.4785e-09	-10.0	-2.5
536.0	2.1342e-05	1.4811e-09	-10.0	-2.5
536.5	2.1339e-05	1.4834e-09	-10.0	-2.5
537.0	2.1332e-05	1.478e-09	-10.0	-2.5
537.5	2.1328e-05	1.4834e-09	-10.0	-2.5
538.0	2.1325e-05	1.4833e-09	-10.0	-2.5
538.5	2.1326e-05	1.4819e-09	-10.0	-2.5
539.0	2.1319e-05	1.4805e-09	-10.0	-2.5
539.5	2.1317e-05	1.4867e-09	-10.0	-2.5
540.0	2.1313e-05	1.4948e-09	-10.0	-2.5
540.5	2.131e-05	1.4995e-09	-10.0	-2.5
541.0	2.1307e-05	1.501e-09	-10.0	-2.5
541.5	2.1307e-05	1.4996e-09	-10.0	-2.5
542.0	2.1307e-05	1.4974e-09	-10.0	-2.5
542.5	2.131e-05	1.4953e-09	-10.0	-2.5
543.0	2.1306e-05	1.4973e-09	-10.0	-2.5
543.5	2.1304e-05	1.4975e-09	-10.0	-2.5
544.0	2.1303e-05	1.5022e-09	-10.0	-2.5
544.5	2.1297e-05	1.5006e-09	-10.0	-2.5
545.0	2.1296e-05	1.499e-09	-10.0	-2.5
545.5	2.1296e-05	1.4955e-09	-10.0	-2.5
546.0	2.1295e-05	1.4966e-09	-10.0	-2.5
546.5	2.1294e-05	1.4978e-09	-10.0	-2.5
547.0	2.1292e-05	1.5016e-09	-10.0	-2.5
547.5	2.1296e-05	1.4959e-09	-10.0	-2.5
548.0	2.1292e-05	1.5019e-09	-10.0	-2.5
548.5	2.1289e-05	1.5041e-09	-10.0	-2.5
549.0	2.1293e-05	1.5003e-09	-10.0	-2.5
549.5	2.1288e-05	1.4994e-09	-10.0	-2.5
550.0	2.129e-05	1.5028e-09	-10.0	-2.5
550.5	2.1291e-05	1.5046e-09	-10.0	-2.5
551.0	2.129e-05	1.5046e-09	-10.0	-2.5
551.5	2.1289e-05	1.5019e-09	-10.0	-2.5
552.0	2.1287e-05	1.5018e-09	-10.0	-2.5
552.5	2.1283e-05	1.5026e-09	-10.0	-2.5
553.0	2.1283e-05	1.5061e-09	-10.0	-2.5
553.5	2.1286e-05	1.5051e-09	-10.0	-2.5
554.0	2.1284e-05	1.5057e-09	-10.0	-2.5
554.5	2.1281e-05	1.5051e-09	-10.0	-2.5
555.0	2.1284e-05	1.5042e-09	-10.0	-2.5
555.5	2.1288e-05	1.5057e-09	-10.0	-2.5
556.0	2.1288e-05	1.5033e-09	-10.0	-2.5
556.5	2.1288e-05	1.5023e-09	-10.0	-2.5
557.0	2.1287e-05	1.5034e-09	-10.0	-2.5
557.5	2.1283e-05	1.5048e-09	-10.0	-2.5
558.0	2.1286e-05	1.5054e-09	-10.0	-2.5
558.5	2.1282e-05	1.5044e-09	-10.0	-2.5
559.0	2.1284e-05	1.507e-09	-10.0	-2.5
559.5	2.1285e-05	1.5101e-09	-10.0	-2.5
560.0	2.1283e-05	1.5087e-09	-10.0	-2.5
560.5	2.1287e-05	1.5088e-09	-10.0	-2.5
561.0	2.1283e-05	1.5079e-09	-10.0	-2.5
561.5	2.1282e-05	1.5108e-09	-10.0	-2.5
562.0	2.1286e-05	1.513e-09	-10.0	-2.5
562.5	2.1283e-05	1.5077e-09	-10.0	-2.5
563.0	2.1282e-05	1.5141e-09	-10.0	-2.5
563.5	2.1281e-05	1.5105e-09	-10.0	-2.5
564.0	2.1281e-05	1.5101e-09	-10.0	-2.5
564.5	2.1281e-05	1.5102e-09	-10.0	-2.5
565.0	2.128e-05	1.5149e-09	-10.0	-2.5
565.5	2.1282e-05	1.5174e-09	-10.0	-2.5
566.0	2.1278e-05	1.5177e-09	-10.0	-2.5
566.5	2.1279e-05	1.5129e-09	-10.0	-2.5
567.0	2.128e-05	1.5168e-09	-10.0	-2.5
567.5	2.1275e-05	1.5142e-09	-10.0	-2.5
568.0	2.1278e-05	1.5195e-09	-10.0	-2.5
568.5	2.1283e-05	1.5184e-09	-10.0	-2.5
569.0	2.129e-05	1.5173e-09	-10.0	-2.5
569.5	2.1285e-05	1.5166e-09	-10.0	-2.5
570.0	2.1287e-05	1.5195e-09	-10.0	-2.5
570.5	2.1292e-05	1.5198e-09	-10.0	-2.5
571.0	2.129e-05	1.5231e-09	-10.0	-2.5
571.5	2.1286e-05	1.5247e-09	-10.0	-2.5
572.0	2.1286e-05	1.5217e-09	-10.0	-2.5
572.5	2.1291e-05	1.5233e-09	-10.0	-2.5
573.0	2.1295e-05	1.522e-09	-10.0	-2.5
573.5	2.1292e-05	1.5242e-09	-10.0	-2.5
574.0	2.1292e-05	1.5265e-09	-10.0	-2.5
574.5	2.1295e-05	1.5272e-09	-10.0	-2.5
575.0	2.1297e-05	1.5269e-09	-10.0	-2.5
575.5	2.1296e-05	1.5278e-09	-10.0	-2.5
576.0	2.1293e-05	1.5287e-09	-10.0	-2.5
576.5	2.129e-05	1.5308e-09	-10.0	-2.5
577.0	2.1295e-05	1.5257e-09	-10.0	-2.5
577.5	2.1297e-05	1.5297e-09	-10.0	-2.5
578.0	2.1297e-05	1.5256e-09	-10.0	-2.5
578.5	2.1296e-05	1.5277e-09	-10.0	-2.5
579.0	2.1295e-05	1.5263e-09	-10.0	-2.5
579.5	2.1299e-05	1.5288e-09	-10.0	-2.5
580.0	2.1302e-05	1.5312e-09	-10.0	-2.5
580.5	2.1303e-05	1.5282e-09	-10.0	-2.5
581.0	2.13e-05	1.5294e-09	-10.0	-2.5
581.5	2.1304e-05	1.5295e-09	-10.0	-2.5
582.0	2.1301e-05	1.5305e-09	-10.0	-2.5
582.5	2.1304e-05	1.5288e-09	-10.0	-2.5
583.0	2.1304e-05	1.5304e-09	-10.0	-2.5
583.5	2.1304e-05	1.5312e-09	-10.0	-2.5
584.0	2.1302e-05	1.5358e-09	-10.0	-2.5
584.5	2.1303e-05	1.533e-09	-10.0	-2.5
585.0	2.1302e-05	1.5307e-09	-10.0	-2.5
585.5	2.1306e-05	1.5277e-09	-10.0	-2.5
586.0	2.1303e-05	1.5305e-09	-10.0	-2.5
586.5	2.1305e-05	1.5292e-09	-10.0	-2.5
587.0	2.1306e-05	1.5328e-09	-10.0	-2.5
587.5	2.1305e-05	1.5358e-09	-10.0	-2.5
588.0	2.1306e-05	1.5352e-09	-10.0	-2.5
588.5	2.131e-05	1.5348e-09	-10.0	-2.5
589.0	2.1311e-05	1.5396e-09	-10.0	-2.5
589.5	2.1312e-05	1.5387e-09	-10.0	-2.5
590.0	2.1312e-05	1.5386e-09	-10.0	-2.5
590.5	2.1316e-05	1.5401e-09	-10.0	-2.5
591.0	2.1313e-05	1.54e-09	-10.0	-2.5
591.5	2.1315e-05	1.5417e-09	-10.0	-2.5
592.0	2.1314e-05	1.5434e-09	-10.0	-2.5
592.5	2.1313e-05	1.547e-09	-10.0	-2.5
593.0	2.1319e-05	1.5462e-09	-10.0	-2.5
593.5	2.1317e-05	1.5435e-09	-10.0	-2.5
594.0	2.1317e-05	1.5475e-09	-10.0	-2.5
594.5	2.1316e-05	1.5474e-09	-10.0	-2.5
595.0	2.1316e-05	1.5469e-09	-10.0	-2.5
595.5	2.1316e-05	1.5506e-09	-10.0	-2.5
596.0	2.1319e-05	1.5465e-09	-10.0	-2.5
596.5	2.132e-05	1.5497e-09	-10.0	-2.5
597.0	2.1321e-05	1.5507e-09	-10.0	-2.5
597.5	2.1323e-05	1.553e-09	-10.0	-2.5
598.0	2.1323e-05	1.5515e-09	-10.0	-2.5
598.5	2.1325e-05	1.552e-09	-10.0	-2.5
599.0	2.1325e-05	1.5499e-09	-10.0	-2.5
599.5	2.1326e-05	1.5548e-09	-10.0	-2.5
600.0	2.1329e-05	1.5551e-09	-10.0	-2.5
