File Name: 07_Sample12_device3_It_150kV_VDrain1V_VGate50V.dat
File Data: 22/11/2023	09:25:40
Start V: 0
Step V: 0
Stop V: 0
Range V: 200
Delay(ms): 0
Auorange: yes
Sweep type: log
Instrument Meter: SM2614
Time(ms)	Vdrain(V)	Idrain(A)	Vgate(V)	Igate(A)
0.0000E+0	1.0000E+0	3.0735E-6	5.0000E+1	1.0526E-9
1.0000E+3	1.0000E+0	2.9163E-6	5.0000E+1	7.9300E-10
1.5000E+3	1.0000E+0	2.8523E-6	5.0000E+1	7.1259E-10
2.0000E+3	1.0000E+0	2.8024E-6	5.0000E+1	6.5927E-10
2.5000E+3	1.0000E+0	2.7741E-6	5.0000E+1	6.1249E-10
3.0000E+3	1.0000E+0	2.6996E-6	5.0000E+1	5.7611E-10
3.5000E+3	1.0000E+0	2.6690E-6	5.0000E+1	5.4504E-10
4.0000E+3	1.0000E+0	2.6449E-6	5.0000E+1	5.2010E-10
4.5000E+3	1.0000E+0	2.6076E-6	5.0000E+1	4.9961E-10
5.0000E+3	1.0000E+0	2.5707E-6	5.0000E+1	4.8183E-10
5.5000E+3	1.0000E+0	2.5434E-6	5.0000E+1	4.6591E-10
6.0000E+3	1.0000E+0	2.5155E-6	5.0000E+1	4.5072E-10
6.5000E+3	1.0000E+0	2.5005E-6	5.0000E+1	4.3893E-10
7.0000E+3	1.0000E+0	2.4648E-6	5.0000E+1	4.3136E-10
7.5000E+3	1.0000E+0	2.4268E-6	5.0000E+1	4.2187E-10
8.0000E+3	1.0000E+0	2.4013E-6	5.0000E+1	4.1207E-10
8.5000E+3	1.0000E+0	2.3798E-6	5.0000E+1	4.0380E-10
9.0000E+3	1.0000E+0	2.3583E-6	5.0000E+1	3.9571E-10
9.5000E+3	1.0000E+0	2.3282E-6	5.0000E+1	3.8787E-10
1.0000E+4	1.0000E+0	2.3162E-6	5.0000E+1	3.8212E-10
1.0500E+4	1.0000E+0	2.2933E-6	5.0000E+1	3.7597E-10
1.1000E+4	1.0000E+0	2.2578E-6	5.0000E+1	3.7228E-10
1.1500E+4	1.0000E+0	2.2508E-6	5.0000E+1	3.6763E-10
1.2000E+4	1.0000E+0	2.2287E-6	5.0000E+1	3.6220E-10
1.2500E+4	1.0000E+0	2.2104E-6	5.0000E+1	3.5756E-10
1.3000E+4	1.0000E+0	2.1985E-6	5.0000E+1	3.5172E-10
1.3500E+4	1.0000E+0	2.1791E-6	5.0000E+1	3.4814E-10
1.4000E+4	1.0000E+0	2.1561E-6	5.0000E+1	3.4526E-10
1.4500E+4	1.0000E+0	2.1417E-6	5.0000E+1	3.4064E-10
1.5000E+4	1.0000E+0	2.1214E-6	5.0000E+1	3.3627E-10
1.5500E+4	1.0000E+0	2.1098E-6	5.0000E+1	3.3364E-10
1.6000E+4	1.0000E+0	2.1073E-6	5.0000E+1	3.2982E-10
1.6500E+4	1.0000E+0	2.0865E-6	5.0000E+1	3.2495E-10
1.7000E+4	1.0000E+0	2.0646E-6	5.0000E+1	3.2102E-10
1.7500E+4	1.0000E+0	2.0443E-6	5.0000E+1	3.1745E-10
1.8000E+4	1.0000E+0	2.0288E-6	5.0000E+1	3.1394E-10
1.8500E+4	1.0000E+0	2.0205E-6	5.0000E+1	3.1175E-10
1.9000E+4	1.0000E+0	2.0089E-6	5.0000E+1	3.0792E-10
1.9500E+4	1.0000E+0	1.9883E-6	5.0000E+1	3.0574E-10
2.0000E+4	1.0000E+0	1.9782E-6	5.0000E+1	3.0291E-10
2.0500E+4	1.0000E+0	1.9638E-6	5.0000E+1	2.9985E-10
2.1000E+4	1.0000E+0	1.9518E-6	5.0000E+1	2.9718E-10
2.1500E+4	1.0000E+0	1.9392E-6	5.0000E+1	2.9513E-10
2.2000E+4	1.0000E+0	1.9212E-6	5.0000E+1	2.9218E-10
2.2500E+4	1.0000E+0	1.9044E-6	5.0000E+1	2.8936E-10
2.3000E+4	1.0000E+0	1.8919E-6	5.0000E+1	2.8668E-10
2.3500E+4	1.0000E+0	1.8826E-6	5.0000E+1	2.8459E-10
2.4000E+4	1.0000E+0	1.8692E-6	5.0000E+1	2.8219E-10
2.4500E+4	1.0000E+0	1.8589E-6	5.0000E+1	2.7946E-10
2.5000E+4	1.0000E+0	1.8430E-6	5.0000E+1	2.7753E-10
2.5500E+4	1.0000E+0	1.8298E-6	5.0000E+1	2.7499E-10
2.6000E+4	1.0000E+0	1.8228E-6	5.0000E+1	2.7255E-10
2.6500E+4	1.0000E+0	1.8129E-6	5.0000E+1	2.7205E-10
2.7000E+4	1.0000E+0	1.7976E-6	5.0000E+1	2.6959E-10
2.7500E+4	1.0000E+0	1.7894E-6	5.0000E+1	2.6864E-10
2.8000E+4	1.0000E+0	1.7743E-6	5.0000E+1	2.6621E-10
2.8500E+4	1.0000E+0	1.7683E-6	5.0000E+1	2.6484E-10
2.9000E+4	1.0000E+0	1.7517E-6	5.0000E+1	2.6220E-10
2.9500E+4	1.0000E+0	1.7454E-6	5.0000E+1	2.6066E-10
3.0000E+4	1.0000E+0	1.7325E-6	5.0000E+1	2.6030E-10
3.0500E+4	1.0000E+0	1.7400E-6	5.0000E+1	2.5872E-10
3.1000E+4	1.0000E+0	1.7309E-6	5.0000E+1	2.5591E-10
3.1500E+4	1.0000E+0	1.7223E-6	5.0000E+1	2.5515E-10
3.2000E+4	1.0000E+0	1.7014E-6	5.0000E+1	2.5376E-10
3.2500E+4	1.0000E+0	1.6975E-6	5.0000E+1	2.5360E-10
3.3000E+4	1.0000E+0	1.6821E-6	5.0000E+1	2.5178E-10
3.3500E+4	1.0000E+0	1.6741E-6	5.0000E+1	2.5060E-10
3.4000E+4	1.0000E+0	1.6734E-6	5.0000E+1	2.4947E-10
3.4500E+4	1.0000E+0	1.6645E-6	5.0000E+1	2.4762E-10
3.5000E+4	1.0000E+0	1.6410E-6	5.0000E+1	2.4699E-10
3.5500E+4	1.0000E+0	1.6363E-6	5.0000E+1	2.4679E-10
3.6000E+4	1.0000E+0	1.6294E-6	5.0000E+1	2.4470E-10
3.6500E+4	1.0000E+0	1.6263E-6	5.0000E+1	2.4294E-10
3.7000E+4	1.0000E+0	1.6278E-6	5.0000E+1	2.4201E-10
3.7500E+4	1.0000E+0	1.6190E-6	5.0000E+1	2.4091E-10
3.8000E+4	1.0000E+0	1.6037E-6	5.0000E+1	2.3789E-10
3.8500E+4	1.0000E+0	1.5971E-6	5.0000E+1	2.3665E-10
3.9000E+4	1.0000E+0	1.5840E-6	5.0000E+1	2.3549E-10
3.9500E+4	1.0000E+0	1.5711E-6	5.0000E+1	2.3510E-10
4.0000E+4	1.0000E+0	1.5605E-6	5.0000E+1	2.3396E-10
4.0500E+4	1.0000E+0	1.5513E-6	5.0000E+1	2.3139E-10
4.1000E+4	1.0000E+0	1.5439E-6	5.0000E+1	2.3050E-10
4.1500E+4	1.0000E+0	1.5416E-6	5.0000E+1	2.2842E-10
4.2000E+4	1.0000E+0	1.5287E-6	5.0000E+1	2.2733E-10
4.2500E+4	1.0000E+0	1.5278E-6	5.0000E+1	2.2580E-10
4.3000E+4	1.0000E+0	1.5138E-6	5.0000E+1	2.2451E-10
4.3500E+4	1.0000E+0	1.5069E-6	5.0000E+1	2.2340E-10
4.4000E+4	1.0000E+0	1.4924E-6	5.0000E+1	2.2200E-10
4.4500E+4	1.0000E+0	1.4826E-6	5.0000E+1	2.2092E-10
4.5000E+4	1.0000E+0	1.4748E-6	5.0000E+1	2.2033E-10
4.5500E+4	1.0000E+0	1.4608E-6	5.0000E+1	2.1882E-10
4.6000E+4	1.0000E+0	1.4599E-6	5.0000E+1	2.1737E-10
4.6500E+4	1.0000E+0	1.4535E-6	5.0000E+1	2.1714E-10
4.7000E+4	1.0000E+0	1.4390E-6	5.0000E+1	2.1467E-10
4.7500E+4	1.0000E+0	1.4316E-6	5.0000E+1	2.1406E-10
4.8000E+4	1.0000E+0	1.4194E-6	5.0000E+1	2.1268E-10
4.8500E+4	1.0000E+0	1.4084E-6	5.0000E+1	2.1137E-10
4.9000E+4	1.0000E+0	1.3986E-6	5.0000E+1	2.1035E-10
4.9500E+4	1.0000E+0	1.3961E-6	5.0000E+1	2.0911E-10
5.0000E+4	1.0000E+0	1.3888E-6	5.0000E+1	2.0824E-10
5.0500E+4	1.0000E+0	1.3757E-6	5.0000E+1	2.0766E-10
5.1000E+4	1.0000E+0	1.3668E-6	5.0000E+1	2.0628E-10
5.1500E+4	1.0000E+0	1.3604E-6	5.0000E+1	2.0571E-10
5.2000E+4	1.0000E+0	1.3549E-6	5.0000E+1	2.0519E-10
5.2500E+4	1.0000E+0	1.3537E-6	5.0000E+1	2.0429E-10
5.3000E+4	1.0000E+0	1.3447E-6	5.0000E+1	2.0382E-10
5.3500E+4	1.0000E+0	1.3378E-6	5.0000E+1	2.0305E-10
5.4000E+4	1.0000E+0	1.3315E-6	5.0000E+1	2.0194E-10
5.4500E+4	1.0000E+0	1.3284E-6	5.0000E+1	2.0131E-10
5.5000E+4	1.0000E+0	1.3214E-6	5.0000E+1	2.0103E-10
5.5500E+4	1.0000E+0	1.3200E-6	5.0000E+1	2.0034E-10
5.6000E+4	1.0000E+0	1.3147E-6	5.0000E+1	1.9959E-10
5.6500E+4	1.0000E+0	1.3039E-6	5.0000E+1	1.9848E-10
5.7000E+4	1.0000E+0	1.2994E-6	5.0000E+1	1.9764E-10
5.7500E+4	1.0000E+0	1.2857E-6	5.0000E+1	1.9706E-10
5.8000E+4	1.0000E+0	1.2829E-6	5.0000E+1	1.9630E-10
5.8500E+4	1.0000E+0	1.2809E-6	5.0000E+1	1.9659E-10
5.9000E+4	1.0000E+0	1.2735E-6	5.0000E+1	1.9721E-10
5.9500E+4	1.0000E+0	1.2746E-6	5.0000E+1	1.9549E-10
6.0000E+4	1.0000E+0	1.2707E-6	5.0000E+1	1.9524E-10
6.0500E+4	1.0000E+0	1.2535E-6	5.0000E+1	1.9456E-10
6.1000E+4	1.0000E+0	1.2501E-6	5.0000E+1	1.9419E-10
6.1500E+4	1.0000E+0	1.2427E-6	5.0000E+1	1.9303E-10
6.2000E+4	1.0000E+0	1.2314E-6	5.0000E+1	1.9212E-10
6.2500E+4	1.0000E+0	1.2245E-6	5.0000E+1	1.9197E-10
6.3000E+4	1.0000E+0	1.2193E-6	5.0000E+1	1.9224E-10
6.3500E+4	1.0000E+0	1.2140E-6	5.0000E+1	1.9168E-10
6.4000E+4	1.0000E+0	1.2065E-6	5.0000E+1	1.9085E-10
6.4500E+4	1.0000E+0	1.2108E-6	5.0000E+1	1.9023E-10
6.5000E+4	1.0000E+0	1.1999E-6	5.0000E+1	1.9044E-10
6.5500E+4	1.0000E+0	1.1975E-6	5.0000E+1	1.9128E-10
6.6000E+4	1.0000E+0	1.1869E-6	5.0000E+1	1.9237E-10
6.6500E+4	1.0000E+0	1.1809E-6	5.0000E+1	1.9341E-10
6.7000E+4	1.0000E+0	1.1789E-6	5.0000E+1	1.9412E-10
6.7500E+4	1.0000E+0	1.1733E-6	5.0000E+1	1.9479E-10
6.8000E+4	1.0000E+0	1.1670E-6	5.0000E+1	1.9564E-10
6.8500E+4	1.0000E+0	1.1592E-6	5.0000E+1	1.9507E-10
6.9000E+4	1.0000E+0	1.1551E-6	5.0000E+1	1.9442E-10
6.9500E+4	1.0000E+0	1.1449E-6	5.0000E+1	1.9512E-10
7.0000E+4	1.0000E+0	1.1393E-6	5.0000E+1	1.9513E-10
7.0500E+4	1.0000E+0	1.1364E-6	5.0000E+1	1.9469E-10
7.1000E+4	1.0000E+0	1.1362E-6	5.0000E+1	1.9485E-10
7.1500E+4	1.0000E+0	1.1352E-6	5.0000E+1	1.9424E-10
7.2000E+4	1.0000E+0	1.1239E-6	5.0000E+1	1.9408E-10
7.2500E+4	1.0000E+0	1.1210E-6	5.0000E+1	1.9249E-10
7.3000E+4	1.0000E+0	1.1167E-6	5.0000E+1	1.9167E-10
7.3500E+4	1.0000E+0	1.1064E-6	5.0000E+1	1.9213E-10
7.4000E+4	1.0000E+0	1.0995E-6	5.0000E+1	1.9294E-10
7.4500E+4	1.0000E+0	1.0894E-6	5.0000E+1	1.9230E-10
7.5000E+4	1.0000E+0	1.0843E-6	5.0000E+1	1.9246E-10
7.5500E+4	1.0000E+0	1.0744E-6	5.0000E+1	1.9133E-10
7.6000E+4	1.0000E+0	1.0718E-6	5.0000E+1	1.9102E-10
7.6500E+4	1.0000E+0	1.0738E-6	5.0000E+1	1.9068E-10
7.7000E+4	1.0000E+0	1.0665E-6	5.0000E+1	1.8929E-10
7.7500E+4	1.0000E+0	1.0587E-6	5.0000E+1	1.8940E-10
7.8000E+4	1.0000E+0	1.0503E-6	5.0000E+1	1.8879E-10
7.8500E+4	1.0000E+0	1.0506E-6	5.0000E+1	1.8838E-10
7.9000E+4	1.0000E+0	1.0477E-6	5.0000E+1	1.8821E-10
7.9500E+4	1.0000E+0	1.0395E-6	5.0000E+1	1.8804E-10
8.0000E+4	1.0000E+0	1.0312E-6	5.0000E+1	1.8923E-10
8.0500E+4	1.0000E+0	1.0311E-6	5.0000E+1	1.8935E-10
8.1000E+4	1.0000E+0	1.0175E-6	5.0000E+1	1.8993E-10
8.1500E+4	1.0000E+0	1.0162E-6	5.0000E+1	1.8911E-10
8.2000E+4	1.0000E+0	1.0111E-6	5.0000E+1	1.8900E-10
8.2500E+4	1.0000E+0	1.0061E-6	5.0000E+1	1.8796E-10
8.3000E+4	1.0000E+0	1.0010E-6	5.0000E+1	1.8792E-10
8.3500E+4	1.0000E+0	9.9631E-7	5.0000E+1	1.8762E-10
8.4000E+4	1.0000E+0	9.9033E-7	5.0000E+1	1.8701E-10
8.4500E+4	1.0000E+0	9.8540E-7	5.0000E+1	1.8645E-10
8.5000E+4	1.0000E+0	9.7980E-7	5.0000E+1	1.8628E-10
8.5500E+4	1.0000E+0	9.7950E-7	5.0000E+1	1.8731E-10
8.6000E+4	1.0000E+0	9.7207E-7	5.0000E+1	1.8717E-10
8.6500E+4	1.0000E+0	9.6944E-7	5.0000E+1	1.8639E-10
8.7000E+4	1.0000E+0	9.6150E-7	5.0000E+1	1.8652E-10
8.7500E+4	1.0000E+0	9.5699E-7	5.0000E+1	1.8550E-10
8.8000E+4	1.0000E+0	9.5129E-7	5.0000E+1	1.8471E-10
8.8500E+4	1.0000E+0	9.5074E-7	5.0000E+1	1.8402E-10
8.9000E+4	1.0000E+0	9.4481E-7	5.0000E+1	1.8421E-10
8.9500E+4	1.0000E+0	9.3850E-7	5.0000E+1	1.8335E-10
9.0000E+4	1.0000E+0	9.3623E-7	5.0000E+1	1.8217E-10
9.0500E+4	1.0000E+0	9.3997E-7	5.0000E+1	1.8300E-10
9.1000E+4	1.0000E+0	9.3049E-7	5.0000E+1	1.8254E-10
9.1500E+4	1.0000E+0	9.3019E-7	5.0000E+1	1.8241E-10
9.2000E+4	1.0000E+0	9.2348E-7	5.0000E+1	1.8244E-10
9.2500E+4	1.0000E+0	9.1734E-7	5.0000E+1	1.8132E-10
9.3000E+4	1.0000E+0	9.1669E-7	5.0000E+1	1.8157E-10
9.3500E+4	1.0000E+0	9.1344E-7	5.0000E+1	1.8123E-10
9.4000E+4	1.0000E+0	8.9993E-7	5.0000E+1	1.8151E-10
9.4500E+4	1.0000E+0	8.9852E-7	5.0000E+1	1.8107E-10
9.5000E+4	1.0000E+0	8.9659E-7	5.0000E+1	1.8078E-10
9.5500E+4	1.0000E+0	8.9163E-7	5.0000E+1	1.8005E-10
9.6000E+4	1.0000E+0	8.8435E-7	5.0000E+1	1.7925E-10
9.6500E+4	1.0000E+0	8.8511E-7	5.0000E+1	1.7867E-10
9.7000E+4	1.0000E+0	8.8031E-7	5.0000E+1	1.7847E-10
9.7500E+4	1.0000E+0	8.7593E-7	5.0000E+1	1.7910E-10
9.8000E+4	1.0000E+0	8.7677E-7	5.0000E+1	1.7809E-10
9.8500E+4	1.0000E+0	8.6913E-7	5.0000E+1	1.7835E-10
9.9000E+4	1.0000E+0	8.5595E-7	5.0000E+1	1.7797E-10
9.9500E+4	1.0000E+0	8.5045E-7	5.0000E+1	1.7810E-10
1.0000E+5	1.0000E+0	8.4215E-7	5.0000E+1	1.7765E-10
1.0050E+5	1.0000E+0	8.3738E-7	5.0000E+1	1.7759E-10
1.0100E+5	1.0000E+0	8.3325E-7	5.0000E+1	1.7740E-10
1.0150E+5	1.0000E+0	8.3117E-7	5.0000E+1	1.7716E-10
1.0200E+5	1.0000E+0	8.2609E-7	5.0000E+1	1.7629E-10
1.0250E+5	1.0000E+0	8.3004E-7	5.0000E+1	1.7663E-10
1.0300E+5	1.0000E+0	8.2772E-7	5.0000E+1	1.7571E-10
1.0350E+5	1.0000E+0	8.2368E-7	5.0000E+1	1.7527E-10
1.0400E+5	1.0000E+0	8.2348E-7	5.0000E+1	1.7443E-10
1.0450E+5	1.0000E+0	8.2540E-7	5.0000E+1	1.7440E-10
1.0500E+5	1.0000E+0	8.1981E-7	5.0000E+1	1.7397E-10
1.0550E+5	1.0000E+0	8.1504E-7	5.0000E+1	1.7356E-10
1.0600E+5	1.0000E+0	8.0623E-7	5.0000E+1	1.7405E-10
1.0650E+5	1.0000E+0	8.0848E-7	5.0000E+1	1.7272E-10
1.0700E+5	1.0000E+0	8.0720E-7	5.0000E+1	1.7281E-10
1.0750E+5	1.0000E+0	7.9697E-7	5.0000E+1	1.7290E-10
1.0800E+5	1.0000E+0	7.9326E-7	5.0000E+1	1.7229E-10
1.0850E+5	1.0000E+0	7.9474E-7	5.0000E+1	1.7247E-10
1.0900E+5	1.0000E+0	7.8586E-7	5.0000E+1	1.7193E-10
1.0950E+5	1.0000E+0	7.8086E-7	5.0000E+1	1.7117E-10
1.1000E+5	1.0000E+0	7.7187E-7	5.0000E+1	1.7221E-10
1.1050E+5	1.0000E+0	7.6733E-7	5.0000E+1	1.7069E-10
1.1100E+5	1.0000E+0	7.6828E-7	5.0000E+1	1.7098E-10
1.1150E+5	1.0000E+0	7.6478E-7	5.0000E+1	1.7082E-10
1.1200E+5	1.0000E+0	7.5938E-7	5.0000E+1	1.7042E-10
1.1250E+5	1.0000E+0	7.5497E-7	5.0000E+1	1.7043E-10
1.1300E+5	1.0000E+0	7.5273E-7	5.0000E+1	1.7004E-10
1.1350E+5	1.0000E+0	7.4429E-7	5.0000E+1	1.6986E-10
1.1400E+5	1.0000E+0	7.4308E-7	5.0000E+1	1.6984E-10
1.1450E+5	1.0000E+0	7.3970E-7	5.0000E+1	1.6833E-10
1.1500E+5	1.0000E+0	7.3550E-7	5.0000E+1	1.6829E-10
1.1550E+5	1.0000E+0	7.3307E-7	5.0000E+1	1.6807E-10
1.1600E+5	1.0000E+0	7.2737E-7	5.0000E+1	1.6846E-10
1.1650E+5	1.0000E+0	7.2928E-7	5.0000E+1	1.6726E-10
1.1700E+5	1.0000E+0	7.2444E-7	5.0000E+1	1.6674E-10
1.1750E+5	1.0000E+0	7.2279E-7	5.0000E+1	1.6700E-10
1.1800E+5	1.0000E+0	7.1641E-7	5.0000E+1	1.6592E-10
1.1850E+5	1.0000E+0	7.1123E-7	5.0000E+1	1.6684E-10
1.1900E+5	1.0000E+0	7.0804E-7	5.0000E+1	1.6698E-10
1.1950E+5	1.0000E+0	7.0348E-7	5.0000E+1	1.6638E-10
1.2000E+5	1.0000E+0	6.9549E-7	5.0000E+1	1.6570E-10
1.2050E+5	1.0000E+0	6.9590E-7	5.0000E+1	1.6645E-10
1.2100E+5	1.0000E+0	6.9199E-7	5.0000E+1	1.6515E-10
1.2150E+5	1.0000E+0	6.8997E-7	5.0000E+1	1.6494E-10
1.2200E+5	1.0000E+0	6.8568E-7	5.0000E+1	1.6462E-10
1.2250E+5	1.0000E+0	6.8585E-7	5.0000E+1	1.6527E-10
1.2300E+5	1.0000E+0	6.8031E-7	5.0000E+1	1.6508E-10
1.2350E+5	1.0000E+0	6.7316E-7	5.0000E+1	1.6475E-10
1.2400E+5	1.0000E+0	6.7321E-7	5.0000E+1	1.6481E-10
1.2450E+5	1.0000E+0	6.7132E-7	5.0000E+1	1.6452E-10
1.2500E+5	1.0000E+0	6.6415E-7	5.0000E+1	1.6386E-10
1.2550E+5	1.0000E+0	6.6054E-7	5.0000E+1	1.6378E-10
1.2600E+5	1.0000E+0	6.5944E-7	5.0000E+1	1.6272E-10
1.2650E+5	1.0000E+0	6.5852E-7	5.0000E+1	1.6283E-10
1.2700E+5	1.0000E+0	6.5346E-7	5.0000E+1	1.6336E-10
1.2750E+5	1.0000E+0	6.5282E-7	5.0000E+1	1.6313E-10
1.2800E+5	1.0000E+0	6.5049E-7	5.0000E+1	1.6257E-10
1.2850E+5	1.0000E+0	6.4998E-7	5.0000E+1	1.6273E-10
1.2900E+5	1.0000E+0	6.4094E-7	5.0000E+1	1.6306E-10
1.2950E+5	1.0000E+0	6.3788E-7	5.0000E+1	1.6252E-10
1.3000E+5	1.0000E+0	6.3725E-7	5.0000E+1	1.6315E-10
1.3050E+5	1.0000E+0	6.3363E-7	5.0000E+1	1.6230E-10
1.3100E+5	1.0000E+0	6.3335E-7	5.0000E+1	1.6180E-10
1.3150E+5	1.0000E+0	6.2818E-7	5.0000E+1	1.6143E-10
1.3200E+5	1.0000E+0	6.2527E-7	5.0000E+1	1.6147E-10
1.3250E+5	1.0000E+0	6.2370E-7	5.0000E+1	1.6086E-10
1.3300E+5	1.0000E+0	6.2039E-7	5.0000E+1	1.6033E-10
1.3350E+5	1.0000E+0	6.1975E-7	5.0000E+1	1.5997E-10
1.3400E+5	1.0000E+0	6.1333E-7	5.0000E+1	1.5946E-10
1.3450E+5	1.0000E+0	6.0985E-7	5.0000E+1	1.5842E-10
1.3500E+5	1.0000E+0	6.0956E-7	5.0000E+1	1.5925E-10
1.3550E+5	1.0000E+0	6.0686E-7	5.0000E+1	1.5884E-10
1.3600E+5	1.0000E+0	6.0768E-7	5.0000E+1	1.5961E-10
1.3650E+5	1.0000E+0	6.0192E-7	5.0000E+1	1.5884E-10
1.3700E+5	1.0000E+0	6.0055E-7	5.0000E+1	1.5853E-10
1.3750E+5	1.0000E+0	5.9707E-7	5.0000E+1	1.5963E-10
1.3800E+5	1.0000E+0	5.9273E-7	5.0000E+1	1.5919E-10
1.3850E+5	1.0000E+0	5.8591E-7	5.0000E+1	1.5904E-10
1.3900E+5	1.0000E+0	5.8306E-7	5.0000E+1	1.5876E-10
1.3950E+5	1.0000E+0	5.8060E-7	5.0000E+1	1.5825E-10
1.4000E+5	1.0000E+0	5.7982E-7	5.0000E+1	1.5807E-10
1.4050E+5	1.0000E+0	5.7888E-7	5.0000E+1	1.5721E-10
1.4100E+5	1.0000E+0	5.7364E-7	5.0000E+1	1.5688E-10
1.4150E+5	1.0000E+0	5.6797E-7	5.0000E+1	1.5655E-10
1.4200E+5	1.0000E+0	5.7024E-7	5.0000E+1	1.5662E-10
1.4250E+5	1.0000E+0	5.6760E-7	5.0000E+1	1.5692E-10
1.4300E+5	1.0000E+0	5.6262E-7	5.0000E+1	1.5722E-10
1.4350E+5	1.0000E+0	5.5879E-7	5.0000E+1	1.5645E-10
1.4400E+5	1.0000E+0	5.5424E-7	5.0000E+1	1.5634E-10
1.4450E+5	1.0000E+0	5.5420E-7	5.0000E+1	1.5621E-10
1.4500E+5	1.0000E+0	5.5076E-7	5.0000E+1	1.5521E-10
1.4550E+5	1.0000E+0	5.4927E-7	5.0000E+1	1.5509E-10
1.4600E+5	1.0000E+0	5.4518E-7	5.0000E+1	1.5542E-10
1.4650E+5	1.0000E+0	5.4636E-7	5.0000E+1	1.5557E-10
1.4700E+5	1.0000E+0	5.4173E-7	5.0000E+1	1.5434E-10
1.4750E+5	1.0000E+0	5.3685E-7	5.0000E+1	1.5471E-10
1.4800E+5	1.0000E+0	5.3793E-7	5.0000E+1	1.5428E-10
1.4850E+5	1.0000E+0	5.3403E-7	5.0000E+1	1.5333E-10
1.4900E+5	1.0000E+0	5.3047E-7	5.0000E+1	1.5350E-10
1.4950E+5	1.0000E+0	5.3172E-7	5.0000E+1	1.5332E-10
1.5000E+5	1.0000E+0	5.2813E-7	5.0000E+1	1.5278E-10
1.5050E+5	1.0000E+0	5.2800E-7	5.0000E+1	1.5264E-10
1.5100E+5	1.0000E+0	5.2361E-7	5.0000E+1	1.5239E-10
1.5150E+5	1.0000E+0	5.2274E-7	5.0000E+1	1.5236E-10
1.5200E+5	1.0000E+0	5.1880E-7	5.0000E+1	1.5172E-10
1.5250E+5	1.0000E+0	5.1801E-7	5.0000E+1	1.5208E-10
1.5300E+5	1.0000E+0	5.1699E-7	5.0000E+1	1.5219E-10
1.5350E+5	1.0000E+0	5.1270E-7	5.0000E+1	1.5173E-10
1.5400E+5	1.0000E+0	5.1006E-7	5.0000E+1	1.5153E-10
1.5450E+5	1.0000E+0	5.0571E-7	5.0000E+1	1.5135E-10
1.5500E+5	1.0000E+0	5.0214E-7	5.0000E+1	1.5127E-10
1.5550E+5	1.0000E+0	5.0180E-7	5.0000E+1	1.5111E-10
1.5600E+5	1.0000E+0	5.0246E-7	5.0000E+1	1.5041E-10
1.5650E+5	1.0000E+0	4.9703E-7	5.0000E+1	1.5023E-10
1.5700E+5	1.0000E+0	4.9779E-7	5.0000E+1	1.5020E-10
1.5750E+5	1.0000E+0	4.9465E-7	5.0000E+1	1.5106E-10
1.5800E+5	1.0000E+0	4.9310E-7	5.0000E+1	1.5069E-10
1.5850E+5	1.0000E+0	4.9075E-7	5.0000E+1	1.5048E-10
1.5900E+5	1.0000E+0	4.8944E-7	5.0000E+1	1.4992E-10
1.5950E+5	1.0000E+0	4.8358E-7	5.0000E+1	1.5022E-10
1.6000E+5	1.0000E+0	4.8342E-7	5.0000E+1	1.5020E-10
1.6050E+5	1.0000E+0	4.8246E-7	5.0000E+1	1.5011E-10
1.6100E+5	1.0000E+0	4.7985E-7	5.0000E+1	1.4999E-10
1.6150E+5	1.0000E+0	4.7969E-7	5.0000E+1	1.4953E-10
1.6200E+5	1.0000E+0	4.7652E-7	5.0000E+1	1.4921E-10
1.6250E+5	1.0000E+0	4.7176E-7	5.0000E+1	1.4959E-10
1.6300E+5	1.0000E+0	4.7049E-7	5.0000E+1	1.4951E-10
1.6350E+5	1.0000E+0	4.6832E-7	5.0000E+1	1.4906E-10
1.6400E+5	1.0000E+0	4.6914E-7	5.0000E+1	1.4849E-10
1.6450E+5	1.0000E+0	4.6778E-7	5.0000E+1	1.4744E-10
1.6500E+5	1.0000E+0	4.6674E-7	5.0000E+1	1.4779E-10
1.6550E+5	1.0000E+0	4.6194E-7	5.0000E+1	1.4804E-10
1.6600E+5	1.0000E+0	4.6325E-7	5.0000E+1	1.4846E-10
1.6650E+5	1.0000E+0	4.6032E-7	5.0000E+1	1.4836E-10
1.6700E+5	1.0000E+0	4.5873E-7	5.0000E+1	1.4843E-10
1.6750E+5	1.0000E+0	4.5677E-7	5.0000E+1	1.4826E-10
1.6800E+5	1.0000E+0	4.5627E-7	5.0000E+1	1.4755E-10
1.6850E+5	1.0000E+0	4.5337E-7	5.0000E+1	1.4824E-10
1.6900E+5	1.0000E+0	4.4987E-7	5.0000E+1	1.4790E-10
1.6950E+5	1.0000E+0	4.5168E-7	5.0000E+1	1.4758E-10
1.7000E+5	1.0000E+0	4.4967E-7	5.0000E+1	1.4781E-10
1.7050E+5	1.0000E+0	4.4829E-7	5.0000E+1	1.4843E-10
1.7100E+5	1.0000E+0	4.4229E-7	5.0000E+1	1.4793E-10
1.7150E+5	1.0000E+0	4.4065E-7	5.0000E+1	1.4755E-10
1.7200E+5	1.0000E+0	4.3725E-7	5.0000E+1	1.4732E-10
1.7250E+5	1.0000E+0	4.3492E-7	5.0000E+1	1.4752E-10
1.7300E+5	1.0000E+0	4.3473E-7	5.0000E+1	1.4755E-10
1.7350E+5	1.0000E+0	4.3048E-7	5.0000E+1	1.4695E-10
1.7400E+5	1.0000E+0	4.3295E-7	5.0000E+1	1.4662E-10
1.7450E+5	1.0000E+0	4.3055E-7	5.0000E+1	1.4587E-10
1.7500E+5	1.0000E+0	4.2896E-7	5.0000E+1	1.4573E-10
1.7550E+5	1.0000E+0	4.3105E-7	5.0000E+1	1.4559E-10
1.7600E+5	1.0000E+0	4.2825E-7	5.0000E+1	1.4557E-10
1.7650E+5	1.0000E+0	4.2421E-7	5.0000E+1	1.4485E-10
1.7700E+5	1.0000E+0	4.2520E-7	5.0000E+1	1.4488E-10
1.7750E+5	1.0000E+0	4.2580E-7	5.0000E+1	1.4496E-10
1.7800E+5	1.0000E+0	4.2341E-7	5.0000E+1	1.4487E-10
1.7850E+5	1.0000E+0	4.2467E-7	5.0000E+1	1.4478E-10
1.7900E+5	1.0000E+0	4.2199E-7	5.0000E+1	1.4500E-10
1.7950E+5	1.0000E+0	4.1688E-7	5.0000E+1	1.4456E-10
1.8000E+5	1.0000E+0	4.1341E-7	5.0000E+1	1.4431E-10
1.8050E+5	1.0000E+0	4.1410E-7	5.0000E+1	1.4421E-10
1.8100E+5	1.0000E+0	4.1248E-7	5.0000E+1	1.4423E-10
1.8150E+5	1.0000E+0	4.0876E-7	5.0000E+1	1.4451E-10
1.8200E+5	1.0000E+0	4.0991E-7	5.0000E+1	1.4415E-10
1.8250E+5	1.0000E+0	4.0926E-7	5.0000E+1	1.4312E-10
1.8300E+5	1.0000E+0	4.0644E-7	5.0000E+1	1.4371E-10
1.8350E+5	1.0000E+0	4.0609E-7	5.0000E+1	1.4409E-10
1.8400E+5	1.0000E+0	4.0419E-7	5.0000E+1	1.4381E-10
1.8450E+5	1.0000E+0	4.0496E-7	5.0000E+1	1.4321E-10
1.8500E+5	1.0000E+0	4.0248E-7	5.0000E+1	1.4290E-10
1.8550E+5	1.0000E+0	3.9966E-7	5.0000E+1	1.4381E-10
1.8600E+5	1.0000E+0	3.9762E-7	5.0000E+1	1.4331E-10
1.8650E+5	1.0000E+0	3.9723E-7	5.0000E+1	1.4309E-10
1.8700E+5	1.0000E+0	3.9398E-7	5.0000E+1	1.4242E-10
1.8750E+5	1.0000E+0	3.9140E-7	5.0000E+1	1.4288E-10
1.8800E+5	1.0000E+0	3.9137E-7	5.0000E+1	1.4219E-10
1.8850E+5	1.0000E+0	3.8966E-7	5.0000E+1	1.4229E-10
1.8900E+5	1.0000E+0	3.8700E-7	5.0000E+1	1.4247E-10
1.8950E+5	1.0000E+0	3.8846E-7	5.0000E+1	1.4276E-10
1.9000E+5	1.0000E+0	3.8575E-7	5.0000E+1	1.4177E-10
1.9050E+5	1.0000E+0	3.8418E-7	5.0000E+1	1.4163E-10
1.9100E+5	1.0000E+0	3.8308E-7	5.0000E+1	1.4185E-10
1.9150E+5	1.0000E+0	3.8231E-7	5.0000E+1	1.4101E-10
1.9200E+5	1.0000E+0	3.8005E-7	5.0000E+1	1.4142E-10
1.9250E+5	1.0000E+0	3.7866E-7	5.0000E+1	1.4046E-10
1.9300E+5	1.0000E+0	3.7722E-7	5.0000E+1	1.4059E-10
1.9350E+5	1.0000E+0	3.7551E-7	5.0000E+1	1.4055E-10
1.9400E+5	1.0000E+0	3.7365E-7	5.0000E+1	1.4013E-10
1.9450E+5	1.0000E+0	3.7311E-7	5.0000E+1	1.4041E-10
1.9500E+5	1.0000E+0	3.6846E-7	5.0000E+1	1.4066E-10
1.9550E+5	1.0000E+0	3.6757E-7	5.0000E+1	1.3974E-10
1.9600E+5	1.0000E+0	3.6746E-7	5.0000E+1	1.4057E-10
1.9650E+5	1.0000E+0	3.6253E-7	5.0000E+1	1.4001E-10
1.9700E+5	1.0000E+0	3.6461E-7	5.0000E+1	1.4076E-10
1.9750E+5	1.0000E+0	3.6377E-7	5.0000E+1	1.4037E-10
1.9800E+5	1.0000E+0	3.6248E-7	5.0000E+1	1.3964E-10
1.9850E+5	1.0000E+0	3.6201E-7	5.0000E+1	1.3944E-10
1.9900E+5	1.0000E+0	3.6140E-7	5.0000E+1	1.3907E-10
1.9950E+5	1.0000E+0	3.6149E-7	5.0000E+1	1.3851E-10
2.0000E+5	1.0000E+0	3.5938E-7	5.0000E+1	1.3908E-10
2.0050E+5	1.0000E+0	3.5793E-7	5.0000E+1	1.3882E-10
2.0100E+5	1.0000E+0	3.5636E-7	5.0000E+1	1.3906E-10
2.0150E+5	1.0000E+0	3.5690E-7	5.0000E+1	1.3901E-10
2.0200E+5	1.0000E+0	3.5510E-7	5.0000E+1	1.3977E-10
2.0250E+5	1.0000E+0	3.5448E-7	5.0000E+1	1.4009E-10
2.0300E+5	1.0000E+0	3.5261E-7	5.0000E+1	1.3991E-10
2.0350E+5	1.0000E+0	3.4985E-7	5.0000E+1	1.4021E-10
2.0400E+5	1.0000E+0	3.4969E-7	5.0000E+1	1.4037E-10
2.0450E+5	1.0000E+0	3.4908E-7	5.0000E+1	1.4005E-10
2.0500E+5	1.0000E+0	3.4417E-7	5.0000E+1	1.3949E-10
2.0550E+5	1.0000E+0	3.4253E-7	5.0000E+1	1.3904E-10
2.0600E+5	1.0000E+0	3.4007E-7	5.0000E+1	1.3972E-10
2.0650E+5	1.0000E+0	3.4090E-7	5.0000E+1	1.3972E-10
2.0700E+5	1.0000E+0	3.3667E-7	5.0000E+1	1.3932E-10
2.0750E+5	1.0000E+0	3.3552E-7	5.0000E+1	1.3916E-10
2.0800E+5	1.0000E+0	3.3544E-7	5.0000E+1	1.3924E-10
2.0850E+5	1.0000E+0	3.3507E-7	5.0000E+1	1.3868E-10
2.0900E+5	1.0000E+0	3.3284E-7	5.0000E+1	1.3840E-10
2.0950E+5	1.0000E+0	3.3102E-7	5.0000E+1	1.3759E-10
2.1000E+5	1.0000E+0	3.3202E-7	5.0000E+1	1.3801E-10
2.1050E+5	1.0000E+0	3.3037E-7	5.0000E+1	1.3804E-10
2.1100E+5	1.0000E+0	3.3069E-7	5.0000E+1	1.3801E-10
2.1150E+5	1.0000E+0	3.2742E-7	5.0000E+1	1.3859E-10
2.1200E+5	1.0000E+0	3.2550E-7	5.0000E+1	1.3744E-10
2.1250E+5	1.0000E+0	3.2539E-7	5.0000E+1	1.3728E-10
2.1300E+5	1.0000E+0	3.2658E-7	5.0000E+1	1.3640E-10
2.1350E+5	1.0000E+0	3.2395E-7	5.0000E+1	1.3644E-10
2.1400E+5	1.0000E+0	3.2344E-7	5.0000E+1	1.3643E-10
2.1450E+5	1.0000E+0	3.2244E-7	5.0000E+1	1.3702E-10
2.1500E+5	1.0000E+0	3.2004E-7	5.0000E+1	1.3672E-10
2.1550E+5	1.0000E+0	3.1997E-7	5.0000E+1	1.3695E-10
2.1600E+5	1.0000E+0	3.1790E-7	5.0000E+1	1.3756E-10
2.1650E+5	1.0000E+0	3.1648E-7	5.0000E+1	1.3753E-10
2.1700E+5	1.0000E+0	3.1744E-7	5.0000E+1	1.3739E-10
2.1750E+5	1.0000E+0	3.1720E-7	5.0000E+1	1.3735E-10
2.1800E+5	1.0000E+0	3.1324E-7	5.0000E+1	1.3692E-10
2.1850E+5	1.0000E+0	3.1143E-7	5.0000E+1	1.3633E-10
2.1900E+5	1.0000E+0	3.1084E-7	5.0000E+1	1.3631E-10
2.1950E+5	1.0000E+0	3.0942E-7	5.0000E+1	1.3578E-10
2.2000E+5	1.0000E+0	3.0769E-7	5.0000E+1	1.3527E-10
2.2050E+5	1.0000E+0	3.0608E-7	5.0000E+1	1.3557E-10
2.2100E+5	1.0000E+0	3.0332E-7	5.0000E+1	1.3548E-10
2.2150E+5	1.0000E+0	3.0275E-7	5.0000E+1	1.3552E-10
2.2200E+5	1.0000E+0	3.0163E-7	5.0000E+1	1.3526E-10
2.2250E+5	1.0000E+0	3.0151E-7	5.0000E+1	1.3487E-10
2.2300E+5	1.0000E+0	3.0023E-7	5.0000E+1	1.3452E-10
2.2350E+5	1.0000E+0	2.9964E-7	5.0000E+1	1.3539E-10
2.2400E+5	1.0000E+0	2.9862E-7	5.0000E+1	1.3487E-10
2.2450E+5	1.0000E+0	2.9823E-7	5.0000E+1	1.3503E-10
2.2500E+5	1.0000E+0	2.9571E-7	5.0000E+1	1.3502E-10
2.2550E+5	1.0000E+0	2.9495E-7	5.0000E+1	1.3428E-10
2.2600E+5	1.0000E+0	2.9314E-7	5.0000E+1	1.3483E-10
2.2650E+5	1.0000E+0	2.9218E-7	5.0000E+1	1.3565E-10
2.2700E+5	1.0000E+0	2.9052E-7	5.0000E+1	1.3525E-10
2.2750E+5	1.0000E+0	2.8929E-7	5.0000E+1	1.3497E-10
2.2800E+5	1.0000E+0	2.9118E-7	5.0000E+1	1.3497E-10
2.2850E+5	1.0000E+0	2.8690E-7	5.0000E+1	1.3485E-10
2.2900E+5	1.0000E+0	2.8725E-7	5.0000E+1	1.3511E-10
2.2950E+5	1.0000E+0	2.8558E-7	5.0000E+1	1.3524E-10
2.3000E+5	1.0000E+0	2.8386E-7	5.0000E+1	1.3518E-10
2.3050E+5	1.0000E+0	2.8181E-7	5.0000E+1	1.3585E-10
2.3100E+5	1.0000E+0	2.8314E-7	5.0000E+1	1.3532E-10
2.3150E+5	1.0000E+0	2.8118E-7	5.0000E+1	1.3499E-10
2.3200E+5	1.0000E+0	2.8031E-7	5.0000E+1	1.3513E-10
2.3250E+5	1.0000E+0	2.7967E-7	5.0000E+1	1.3575E-10
2.3300E+5	1.0000E+0	2.7907E-7	5.0000E+1	1.3579E-10
2.3350E+5	1.0000E+0	2.7634E-7	5.0000E+1	1.3515E-10
2.3400E+5	1.0000E+0	2.7507E-7	5.0000E+1	1.3492E-10
2.3450E+5	1.0000E+0	2.7460E-7	5.0000E+1	1.3529E-10
2.3500E+5	1.0000E+0	2.7495E-7	5.0000E+1	1.3534E-10
2.3550E+5	1.0000E+0	2.7234E-7	5.0000E+1	1.3507E-10
2.3600E+5	1.0000E+0	2.7084E-7	5.0000E+1	1.3464E-10
2.3650E+5	1.0000E+0	2.6721E-7	5.0000E+1	1.3515E-10
2.3700E+5	1.0000E+0	2.6815E-7	5.0000E+1	1.3493E-10
2.3750E+5	1.0000E+0	2.6641E-7	5.0000E+1	1.3502E-10
2.3800E+5	1.0000E+0	2.6725E-7	5.0000E+1	1.3445E-10
2.3850E+5	1.0000E+0	2.6809E-7	5.0000E+1	1.3357E-10
2.3900E+5	1.0000E+0	2.6423E-7	5.0000E+1	1.3334E-10
2.3950E+5	1.0000E+0	2.6332E-7	5.0000E+1	1.3383E-10
2.4000E+5	1.0000E+0	2.6468E-7	5.0000E+1	1.3291E-10
2.4050E+5	1.0000E+0	2.6311E-7	5.0000E+1	1.3283E-10
2.4100E+5	1.0000E+0	2.6265E-7	5.0000E+1	1.3316E-10
2.4150E+5	1.0000E+0	2.6063E-7	5.0000E+1	1.3342E-10
2.4200E+5	1.0000E+0	2.5850E-7	5.0000E+1	1.3236E-10
2.4250E+5	1.0000E+0	2.5981E-7	5.0000E+1	1.3284E-10
2.4300E+5	1.0000E+0	2.5809E-7	5.0000E+1	1.3260E-10
2.4350E+5	1.0000E+0	2.5749E-7	5.0000E+1	1.3267E-10
2.4400E+5	1.0000E+0	2.5644E-7	5.0000E+1	1.3196E-10
2.4450E+5	1.0000E+0	2.5682E-7	5.0000E+1	1.3155E-10
2.4500E+5	1.0000E+0	2.5536E-7	5.0000E+1	1.3232E-10
2.4550E+5	1.0000E+0	2.5214E-7	5.0000E+1	1.3202E-10
2.4600E+5	1.0000E+0	2.5064E-7	5.0000E+1	1.3447E-10
2.4650E+5	1.0000E+0	2.5141E-7	5.0000E+1	1.3318E-10
2.4700E+5	1.0000E+0	2.4923E-7	5.0000E+1	1.3329E-10
2.4750E+5	1.0000E+0	2.5035E-7	5.0000E+1	1.3388E-10
2.4800E+5	1.0000E+0	2.4776E-7	5.0000E+1	1.3401E-10
2.4850E+5	1.0000E+0	2.4757E-7	5.0000E+1	1.3427E-10
2.4900E+5	1.0000E+0	2.4511E-7	5.0000E+1	1.3403E-10
2.4950E+5	1.0000E+0	2.4248E-7	5.0000E+1	1.3310E-10
2.5000E+5	1.0000E+0	2.4229E-7	5.0000E+1	1.3282E-10
2.5050E+5	1.0000E+0	2.4263E-7	5.0000E+1	1.3246E-10
2.5100E+5	1.0000E+0	2.4050E-7	5.0000E+1	1.3293E-10
2.5150E+5	1.0000E+0	2.3991E-7	5.0000E+1	1.3237E-10
2.5200E+5	1.0000E+0	2.4090E-7	5.0000E+1	1.3268E-10
2.5250E+5	1.0000E+0	2.4031E-7	5.0000E+1	1.3280E-10
2.5300E+5	1.0000E+0	2.4082E-7	5.0000E+1	1.3201E-10
2.5350E+5	1.0000E+0	2.3933E-7	5.0000E+1	1.3205E-10
2.5400E+5	1.0000E+0	2.3510E-7	5.0000E+1	1.3208E-10
2.5450E+5	1.0000E+0	2.3596E-7	5.0000E+1	1.3225E-10
2.5500E+5	1.0000E+0	2.3655E-7	5.0000E+1	1.3229E-10
2.5550E+5	1.0000E+0	2.3660E-7	5.0000E+1	1.3298E-10
2.5600E+5	1.0000E+0	2.3419E-7	5.0000E+1	1.3214E-10
2.5650E+5	1.0000E+0	2.3510E-7	5.0000E+1	1.3155E-10
2.5700E+5	1.0000E+0	2.3336E-7	5.0000E+1	1.3161E-10
2.5750E+5	1.0000E+0	2.3240E-7	5.0000E+1	1.3154E-10
2.5800E+5	1.0000E+0	2.3205E-7	5.0000E+1	1.3230E-10
2.5850E+5	1.0000E+0	2.3155E-7	5.0000E+1	1.3178E-10
2.5900E+5	1.0000E+0	2.3108E-7	5.0000E+1	1.3187E-10
2.5950E+5	1.0000E+0	2.3103E-7	5.0000E+1	1.3149E-10
2.6000E+5	1.0000E+0	2.2966E-7	5.0000E+1	1.3196E-10
2.6050E+5	1.0000E+0	2.2855E-7	5.0000E+1	1.3159E-10
2.6100E+5	1.0000E+0	2.2869E-7	5.0000E+1	1.3149E-10
2.6150E+5	1.0000E+0	2.2718E-7	5.0000E+1	1.3092E-10
2.6200E+5	1.0000E+0	2.2503E-7	5.0000E+1	1.3125E-10
2.6250E+5	1.0000E+0	2.2542E-7	5.0000E+1	1.3138E-10
2.6300E+5	1.0000E+0	2.2587E-7	5.0000E+1	1.3118E-10
2.6350E+5	1.0000E+0	2.2397E-7	5.0000E+1	1.3074E-10
2.6400E+5	1.0000E+0	2.2379E-7	5.0000E+1	1.3045E-10
2.6450E+5	1.0000E+0	2.2159E-7	5.0000E+1	1.3123E-10
2.6500E+5	1.0000E+0	2.2230E-7	5.0000E+1	1.3048E-10
2.6550E+5	1.0000E+0	2.2108E-7	5.0000E+1	1.3032E-10
2.6600E+5	1.0000E+0	2.2056E-7	5.0000E+1	1.3088E-10
2.6650E+5	1.0000E+0	2.1908E-7	5.0000E+1	1.3110E-10
2.6700E+5	1.0000E+0	2.1903E-7	5.0000E+1	1.3062E-10
2.6750E+5	1.0000E+0	2.1874E-7	5.0000E+1	1.3115E-10
2.6800E+5	1.0000E+0	2.1880E-7	5.0000E+1	1.3076E-10
2.6850E+5	1.0000E+0	2.1692E-7	5.0000E+1	1.3045E-10
2.6900E+5	1.0000E+0	2.1728E-7	5.0000E+1	1.3049E-10
2.6950E+5	1.0000E+0	2.1544E-7	5.0000E+1	1.3034E-10
2.7000E+5	1.0000E+0	2.1545E-7	5.0000E+1	1.2969E-10
2.7050E+5	1.0000E+0	2.1502E-7	5.0000E+1	1.3016E-10
2.7100E+5	1.0000E+0	2.1538E-7	5.0000E+1	1.2951E-10
2.7150E+5	1.0000E+0	2.1594E-7	5.0000E+1	1.2973E-10
2.7200E+5	1.0000E+0	2.1321E-7	5.0000E+1	1.2958E-10
2.7250E+5	1.0000E+0	2.1359E-7	5.0000E+1	1.2888E-10
2.7300E+5	1.0000E+0	2.1216E-7	5.0000E+1	1.2941E-10
2.7350E+5	1.0000E+0	2.1221E-7	5.0000E+1	1.2988E-10
2.7400E+5	1.0000E+0	2.1227E-7	5.0000E+1	1.2971E-10
2.7450E+5	1.0000E+0	2.1248E-7	5.0000E+1	1.2964E-10
2.7500E+5	1.0000E+0	2.0962E-7	5.0000E+1	1.3030E-10
2.7550E+5	1.0000E+0	2.1097E-7	5.0000E+1	1.2948E-10
2.7600E+5	1.0000E+0	2.0917E-7	5.0000E+1	1.2950E-10
2.7650E+5	1.0000E+0	2.0760E-7	5.0000E+1	1.2881E-10
2.7700E+5	1.0000E+0	2.0672E-7	5.0000E+1	1.2866E-10
2.7750E+5	1.0000E+0	2.0487E-7	5.0000E+1	1.2847E-10
2.7800E+5	1.0000E+0	2.0482E-7	5.0000E+1	1.2854E-10
2.7850E+5	1.0000E+0	2.0369E-7	5.0000E+1	1.2852E-10
2.7900E+5	1.0000E+0	2.0210E-7	5.0000E+1	1.2844E-10
2.7950E+5	1.0000E+0	2.0243E-7	5.0000E+1	1.2845E-10
2.8000E+5	1.0000E+0	2.0077E-7	5.0000E+1	1.2767E-10
2.8050E+5	1.0000E+0	2.0016E-7	5.0000E+1	1.2832E-10
2.8100E+5	1.0000E+0	2.0018E-7	5.0000E+1	1.2787E-10
2.8150E+5	1.0000E+0	1.9930E-7	5.0000E+1	1.2772E-10
2.8200E+5	1.0000E+0	1.9923E-7	5.0000E+1	1.2701E-10
2.8250E+5	1.0000E+0	1.9772E-7	5.0000E+1	1.2725E-10
2.8300E+5	1.0000E+0	1.9763E-7	5.0000E+1	1.2742E-10
2.8350E+5	1.0000E+0	1.9715E-7	5.0000E+1	1.2710E-10
2.8400E+5	1.0000E+0	1.9618E-7	5.0000E+1	1.2795E-10
2.8450E+5	1.0000E+0	1.9425E-7	5.0000E+1	1.2747E-10
2.8500E+5	1.0000E+0	1.9408E-7	5.0000E+1	1.2739E-10
2.8550E+5	1.0000E+0	1.9417E-7	5.0000E+1	1.2760E-10
2.8600E+5	1.0000E+0	1.9217E-7	5.0000E+1	1.2782E-10
2.8650E+5	1.0000E+0	1.9199E-7	5.0000E+1	1.2789E-10
2.8700E+5	1.0000E+0	1.9200E-7	5.0000E+1	1.2791E-10
2.8750E+5	1.0000E+0	1.8994E-7	5.0000E+1	1.2754E-10
2.8800E+5	1.0000E+0	1.8882E-7	5.0000E+1	1.2749E-10
2.8850E+5	1.0000E+0	1.8892E-7	5.0000E+1	1.2759E-10
2.8900E+5	1.0000E+0	1.8810E-7	5.0000E+1	1.2705E-10
2.8950E+5	1.0000E+0	1.8806E-7	5.0000E+1	1.2633E-10
2.9000E+5	1.0000E+0	1.8829E-7	5.0000E+1	1.2695E-10
2.9050E+5	1.0000E+0	1.8831E-7	5.0000E+1	1.2620E-10
2.9100E+5	1.0000E+0	1.8704E-7	5.0000E+1	1.2611E-10
2.9150E+5	1.0000E+0	1.8641E-7	5.0000E+1	1.2659E-10
2.9200E+5	1.0000E+0	1.8514E-7	5.0000E+1	1.2650E-10
2.9250E+5	1.0000E+0	1.8509E-7	5.0000E+1	1.2589E-10
2.9300E+5	1.0000E+0	1.8432E-7	5.0000E+1	1.2625E-10
2.9350E+5	1.0000E+0	1.8395E-7	5.0000E+1	1.2668E-10
2.9400E+5	1.0000E+0	1.8275E-7	5.0000E+1	1.2628E-10
2.9450E+5	1.0000E+0	1.8312E-7	5.0000E+1	1.2574E-10
2.9500E+5	1.0000E+0	1.8301E-7	5.0000E+1	1.2688E-10
2.9550E+5	1.0000E+0	1.8440E-7	5.0000E+1	1.2701E-10
2.9600E+5	1.0000E+0	1.8262E-7	5.0000E+1	1.2724E-10
2.9650E+5	1.0000E+0	1.8230E-7	5.0000E+1	1.2755E-10
2.9700E+5	1.0000E+0	1.8083E-7	5.0000E+1	1.2775E-10
2.9750E+5	1.0000E+0	1.8083E-7	5.0000E+1	1.2765E-10
2.9800E+5	1.0000E+0	1.7980E-7	5.0000E+1	1.2714E-10
2.9850E+5	1.0000E+0	1.7928E-7	5.0000E+1	1.2677E-10
2.9900E+5	1.0000E+0	1.7920E-7	5.0000E+1	1.2706E-10
2.9950E+5	1.0000E+0	1.7820E-7	5.0000E+1	1.2648E-10
3.0000E+5	1.0000E+0	1.7843E-7	5.0000E+1	1.2611E-10
3.0050E+5	1.0000E+0	1.7681E-7	5.0000E+1	1.2642E-10
3.0100E+5	1.0000E+0	1.7548E-7	5.0000E+1	1.2599E-10
3.0150E+5	1.0000E+0	1.7550E-7	5.0000E+1	1.2550E-10
3.0200E+5	1.0000E+0	1.7509E-7	5.0000E+1	1.2529E-10
3.0250E+5	1.0000E+0	1.7408E-7	5.0000E+1	1.2655E-10
3.0300E+5	1.0000E+0	1.7381E-7	5.0000E+1	1.2578E-10
3.0350E+5	1.0000E+0	1.7274E-7	5.0000E+1	1.2563E-10
3.0400E+5	1.0000E+0	1.7195E-7	5.0000E+1	1.2554E-10
3.0450E+5	1.0000E+0	1.7114E-7	5.0000E+1	1.2599E-10
3.0500E+5	1.0000E+0	1.7272E-7	5.0000E+1	1.2538E-10
3.0550E+5	1.0000E+0	1.7167E-7	5.0000E+1	1.2496E-10
3.0600E+5	1.0000E+0	1.7060E-7	5.0000E+1	1.2565E-10
3.0650E+5	1.0000E+0	1.7105E-7	5.0000E+1	1.2536E-10
3.0700E+5	1.0000E+0	1.7056E-7	5.0000E+1	1.2484E-10
3.0750E+5	1.0000E+0	1.7017E-7	5.0000E+1	1.2499E-10
3.0800E+5	1.0000E+0	1.7021E-7	5.0000E+1	1.2493E-10
3.0850E+5	1.0000E+0	1.6903E-7	5.0000E+1	1.2471E-10
3.0900E+5	1.0000E+0	1.6854E-7	5.0000E+1	1.2482E-10
3.0950E+5	1.0000E+0	1.6758E-7	5.0000E+1	1.2511E-10
3.1000E+5	1.0000E+0	1.6666E-7	5.0000E+1	1.2522E-10
3.1050E+5	1.0000E+0	1.6624E-7	5.0000E+1	1.2526E-10
3.1100E+5	1.0000E+0	1.6583E-7	5.0000E+1	1.2412E-10
3.1150E+5	1.0000E+0	1.6516E-7	5.0000E+1	1.2398E-10
3.1200E+5	1.0000E+0	1.6465E-7	5.0000E+1	1.2473E-10
3.1250E+5	1.0000E+0	1.6416E-7	5.0000E+1	1.2470E-10
3.1300E+5	1.0000E+0	1.6435E-7	5.0000E+1	1.2429E-10
3.1350E+5	1.0000E+0	1.6414E-7	5.0000E+1	1.2446E-10
3.1400E+5	1.0000E+0	1.6352E-7	5.0000E+1	1.2433E-10
3.1450E+5	1.0000E+0	1.6350E-7	5.0000E+1	1.2426E-10
3.1500E+5	1.0000E+0	1.6309E-7	5.0000E+1	1.2440E-10
3.1550E+5	1.0000E+0	1.6200E-7	5.0000E+1	1.2465E-10
3.1600E+5	1.0000E+0	1.6194E-7	5.0000E+1	1.2480E-10
3.1650E+5	1.0000E+0	1.6183E-7	5.0000E+1	1.2399E-10
3.1700E+5	1.0000E+0	1.6129E-7	5.0000E+1	1.2455E-10
3.1750E+5	1.0000E+0	1.5999E-7	5.0000E+1	1.2401E-10
3.1800E+5	1.0000E+0	1.5915E-7	5.0000E+1	1.2425E-10
3.1850E+5	1.0000E+0	1.5900E-7	5.0000E+1	1.2413E-10
3.1900E+5	1.0000E+0	1.5775E-7	5.0000E+1	1.2597E-10
3.1950E+5	1.0000E+0	1.5650E-7	5.0000E+1	1.2508E-10
3.2000E+5	1.0000E+0	1.5565E-7	5.0000E+1	1.2461E-10
3.2050E+5	1.0000E+0	1.5619E-7	5.0000E+1	1.2424E-10
3.2100E+5	1.0000E+0	1.5486E-7	5.0000E+1	1.2445E-10
3.2150E+5	1.0000E+0	1.5269E-7	5.0000E+1	1.2391E-10
3.2200E+5	1.0000E+0	1.5207E-7	5.0000E+1	1.2377E-10
3.2250E+5	1.0000E+0	1.5236E-7	5.0000E+1	1.2302E-10
3.2300E+5	1.0000E+0	1.5144E-7	5.0000E+1	1.2289E-10
3.2350E+5	1.0000E+0	1.5126E-7	5.0000E+1	1.2307E-10
3.2400E+5	1.0000E+0	1.5155E-7	5.0000E+1	1.2330E-10
3.2450E+5	1.0000E+0	1.5174E-7	5.0000E+1	1.2290E-10
3.2500E+5	1.0000E+0	1.5012E-7	5.0000E+1	1.2323E-10
3.2550E+5	1.0000E+0	1.5075E-7	5.0000E+1	1.2259E-10
3.2600E+5	1.0000E+0	1.5155E-7	5.0000E+1	1.2298E-10
3.2650E+5	1.0000E+0	1.5071E-7	5.0000E+1	1.2297E-10
3.2700E+5	1.0000E+0	1.5008E-7	5.0000E+1	1.2252E-10
3.2750E+5	1.0000E+0	1.4995E-7	5.0000E+1	1.2225E-10
3.2800E+5	1.0000E+0	1.4791E-7	5.0000E+1	1.2234E-10
3.2850E+5	1.0000E+0	1.4857E-7	5.0000E+1	1.2334E-10
3.2900E+5	1.0000E+0	1.4800E-7	5.0000E+1	1.2295E-10
3.2950E+5	1.0000E+0	1.4849E-7	5.0000E+1	1.2269E-10
3.3000E+5	1.0000E+0	1.4812E-7	5.0000E+1	1.2286E-10
3.3050E+5	1.0000E+0	1.4835E-7	5.0000E+1	1.2295E-10
3.3100E+5	1.0000E+0	1.4855E-7	5.0000E+1	1.2273E-10
3.3150E+5	1.0000E+0	1.4722E-7	5.0000E+1	1.2236E-10
3.3200E+5	1.0000E+0	1.4792E-7	5.0000E+1	1.2192E-10
3.3250E+5	1.0000E+0	1.4640E-7	5.0000E+1	1.2171E-10
3.3300E+5	1.0000E+0	1.4588E-7	5.0000E+1	1.2248E-10
3.3350E+5	1.0000E+0	1.4668E-7	5.0000E+1	1.2264E-10
3.3400E+5	1.0000E+0	1.4626E-7	5.0000E+1	1.2281E-10
3.3450E+5	1.0000E+0	1.4558E-7	5.0000E+1	1.2230E-10
3.3500E+5	1.0000E+0	1.4529E-7	5.0000E+1	1.2239E-10
3.3550E+5	1.0000E+0	1.4523E-7	5.0000E+1	1.2253E-10
3.3600E+5	1.0000E+0	1.4483E-7	5.0000E+1	1.2204E-10
3.3650E+5	1.0000E+0	1.4337E-7	5.0000E+1	1.2233E-10
3.3700E+5	1.0000E+0	1.4324E-7	5.0000E+1	1.2249E-10
3.3750E+5	1.0000E+0	1.4382E-7	5.0000E+1	1.2204E-10
3.3800E+5	1.0000E+0	1.4374E-7	5.0000E+1	1.2219E-10
3.3850E+5	1.0000E+0	1.4396E-7	5.0000E+1	1.2191E-10
3.3900E+5	1.0000E+0	1.4350E-7	5.0000E+1	1.2199E-10
3.3950E+5	1.0000E+0	1.4274E-7	5.0000E+1	1.2240E-10
3.4000E+5	1.0000E+0	1.4196E-7	5.0000E+1	1.2160E-10
3.4050E+5	1.0000E+0	1.4150E-7	5.0000E+1	1.2175E-10
3.4100E+5	1.0000E+0	1.4071E-7	5.0000E+1	1.2138E-10
3.4150E+5	1.0000E+0	1.4033E-7	5.0000E+1	1.2068E-10
3.4200E+5	1.0000E+0	1.3973E-7	5.0000E+1	1.2063E-10
3.4250E+5	1.0000E+0	1.3946E-7	5.0000E+1	1.2117E-10
3.4300E+5	1.0000E+0	1.3878E-7	5.0000E+1	1.2064E-10
3.4350E+5	1.0000E+0	1.4006E-7	5.0000E+1	1.2106E-10
3.4400E+5	1.0000E+0	1.3828E-7	5.0000E+1	1.2095E-10
3.4450E+5	1.0000E+0	1.3858E-7	5.0000E+1	1.2130E-10
3.4500E+5	1.0000E+0	1.3768E-7	5.0000E+1	1.2065E-10
3.4550E+5	1.0000E+0	1.3792E-7	5.0000E+1	1.2101E-10
3.4600E+5	1.0000E+0	1.3699E-7	5.0000E+1	1.2093E-10
3.4650E+5	1.0000E+0	1.3666E-7	5.0000E+1	1.2129E-10
3.4700E+5	1.0000E+0	1.3609E-7	5.0000E+1	1.2161E-10
3.4750E+5	1.0000E+0	1.3466E-7	5.0000E+1	1.2136E-10
3.4800E+5	1.0000E+0	1.3398E-7	5.0000E+1	1.2108E-10
3.4850E+5	1.0000E+0	1.3401E-7	5.0000E+1	1.2102E-10
3.4900E+5	1.0000E+0	1.3335E-7	5.0000E+1	1.2097E-10
3.4950E+5	1.0000E+0	1.3368E-7	5.0000E+1	1.2126E-10
3.5000E+5	1.0000E+0	1.3291E-7	5.0000E+1	1.2100E-10
3.5050E+5	1.0000E+0	1.3287E-7	5.0000E+1	1.2100E-10
3.5100E+5	1.0000E+0	1.3232E-7	5.0000E+1	1.2041E-10
3.5150E+5	1.0000E+0	1.3148E-7	5.0000E+1	1.2157E-10
3.5200E+5	1.0000E+0	1.3194E-7	5.0000E+1	1.2105E-10
3.5250E+5	1.0000E+0	1.3062E-7	5.0000E+1	1.2097E-10
3.5300E+5	1.0000E+0	1.3081E-7	5.0000E+1	1.2094E-10
3.5350E+5	1.0000E+0	1.3041E-7	5.0000E+1	1.2093E-10
3.5400E+5	1.0000E+0	1.3033E-7	5.0000E+1	1.2090E-10
3.5450E+5	1.0000E+0	1.2920E-7	5.0000E+1	1.2086E-10
3.5500E+5	1.0000E+0	1.2855E-7	5.0000E+1	1.2062E-10
3.5550E+5	1.0000E+0	1.2923E-7	5.0000E+1	1.2080E-10
3.5600E+5	1.0000E+0	1.2867E-7	5.0000E+1	1.2023E-10
3.5650E+5	1.0000E+0	1.2794E-7	5.0000E+1	1.2050E-10
3.5700E+5	1.0000E+0	1.2795E-7	5.0000E+1	1.2055E-10
3.5750E+5	1.0000E+0	1.2757E-7	5.0000E+1	1.2054E-10
3.5800E+5	1.0000E+0	1.2771E-7	5.0000E+1	1.2073E-10
3.5850E+5	1.0000E+0	1.2781E-7	5.0000E+1	1.2063E-10
3.5900E+5	1.0000E+0	1.2646E-7	5.0000E+1	1.2079E-10
3.5950E+5	1.0000E+0	1.2595E-7	5.0000E+1	1.2055E-10
3.6000E+5	1.0000E+0	1.2583E-7	5.0000E+1	1.1990E-10
3.6050E+5	1.0000E+0	1.3330E-7	5.0000E+1	5.3458E-9
3.6100E+5	1.0000E+0	1.3306E-7	5.0000E+1	5.2300E-9
3.6150E+5	1.0000E+0	1.3270E-7	5.0000E+1	5.2312E-9
3.6200E+5	1.0000E+0	1.3251E-7	5.0000E+1	5.2350E-9
3.6250E+5	1.0000E+0	1.3208E-7	5.0000E+1	5.2359E-9
3.6300E+5	1.0000E+0	1.3155E-7	5.0000E+1	5.2354E-9
3.6350E+5	1.0000E+0	1.3122E-7	5.0000E+1	5.2388E-9
3.6400E+5	1.0000E+0	1.3006E-7	5.0000E+1	5.2407E-9
3.6450E+5	1.0000E+0	1.3126E-7	5.0000E+1	5.2435E-9
3.6500E+5	1.0000E+0	1.3029E-7	5.0000E+1	5.2446E-9
3.6550E+5	1.0000E+0	1.3053E-7	5.0000E+1	5.2460E-9
3.6600E+5	1.0000E+0	1.2919E-7	5.0000E+1	5.2485E-9
3.6650E+5	1.0000E+0	1.2878E-7	5.0000E+1	5.2487E-9
3.6700E+5	1.0000E+0	1.2759E-7	5.0000E+1	5.2491E-9
3.6750E+5	1.0000E+0	1.2690E-7	5.0000E+1	5.2527E-9
3.6800E+5	1.0000E+0	1.2650E-7	5.0000E+1	5.2520E-9
3.6850E+5	1.0000E+0	1.2576E-7	5.0000E+1	5.2535E-9
3.6900E+5	1.0000E+0	1.2535E-7	5.0000E+1	5.2533E-9
3.6950E+5	1.0000E+0	1.2514E-7	5.0000E+1	5.2550E-9
3.7000E+5	1.0000E+0	1.2556E-7	5.0000E+1	5.2580E-9
3.7050E+5	1.0000E+0	1.2086E-7	5.0000E+1	2.6725E-10
3.7100E+5	1.0000E+0	1.1840E-7	5.0000E+1	1.1299E-10
3.7150E+5	1.0000E+0	1.1777E-7	5.0000E+1	1.0876E-10
3.7200E+5	1.0000E+0	1.1622E-7	5.0000E+1	1.1077E-10
3.7250E+5	1.0000E+0	1.1605E-7	5.0000E+1	1.1363E-10
3.7300E+5	1.0000E+0	1.1516E-7	5.0000E+1	1.1503E-10
3.7350E+5	1.0000E+0	1.1478E-7	5.0000E+1	1.1616E-10
3.7400E+5	1.0000E+0	1.1412E-7	5.0000E+1	1.1694E-10
3.7450E+5	1.0000E+0	1.1442E-7	5.0000E+1	1.1808E-10
3.7500E+5	1.0000E+0	1.1427E-7	5.0000E+1	1.1864E-10
3.7550E+5	1.0000E+0	1.1332E-7	5.0000E+1	1.1878E-10
3.7600E+5	1.0000E+0	1.1275E-7	5.0000E+1	1.1951E-10
3.7650E+5	1.0000E+0	1.1166E-7	5.0000E+1	1.2000E-10
3.7700E+5	1.0000E+0	1.1199E-7	5.0000E+1	1.1972E-10
3.7750E+5	1.0000E+0	1.1241E-7	5.0000E+1	1.1972E-10
3.7800E+5	1.0000E+0	1.1103E-7	5.0000E+1	1.2034E-10
3.7850E+5	1.0000E+0	1.1044E-7	5.0000E+1	1.2018E-10
3.7900E+5	1.0000E+0	1.1026E-7	5.0000E+1	1.2050E-10
3.7950E+5	1.0000E+0	1.1020E-7	5.0000E+1	1.2082E-10
3.8000E+5	1.0000E+0	1.0991E-7	5.0000E+1	1.2035E-10
3.8050E+5	1.0000E+0	1.1620E-7	5.0000E+1	5.4271E-9
3.8100E+5	1.0000E+0	1.1673E-7	5.0000E+1	5.2775E-9
3.8150E+5	1.0000E+0	1.1609E-7	5.0000E+1	5.2670E-9
3.8200E+5	1.0000E+0	1.1559E-7	5.0000E+1	5.2681E-9
3.8250E+5	1.0000E+0	1.1611E-7	5.0000E+1	5.2704E-9
3.8300E+5	1.0000E+0	1.1547E-7	5.0000E+1	5.2675E-9
3.8350E+5	1.0000E+0	1.1537E-7	5.0000E+1	5.2686E-9
3.8400E+5	1.0000E+0	1.1482E-7	5.0000E+1	5.2685E-9
3.8450E+5	1.0000E+0	1.1417E-7	5.0000E+1	5.2676E-9
3.8500E+5	1.0000E+0	1.1335E-7	5.0000E+1	5.2657E-9
3.8550E+5	1.0000E+0	1.1251E-7	5.0000E+1	5.2676E-9
3.8600E+5	1.0000E+0	1.1255E-7	5.0000E+1	5.2645E-9
3.8650E+5	1.0000E+0	1.1182E-7	5.0000E+1	5.2640E-9
3.8700E+5	1.0000E+0	1.1189E-7	5.0000E+1	5.2670E-9
3.8750E+5	1.0000E+0	1.1156E-7	5.0000E+1	5.2668E-9
3.8800E+5	1.0000E+0	1.1130E-7	5.0000E+1	5.2698E-9
3.8850E+5	1.0000E+0	1.1115E-7	5.0000E+1	5.2697E-9
3.8900E+5	1.0000E+0	1.1061E-7	5.0000E+1	5.2676E-9
3.8950E+5	1.0000E+0	1.0967E-7	5.0000E+1	5.2672E-9
3.9000E+5	1.0000E+0	1.0905E-7	5.0000E+1	5.2679E-9
3.9050E+5	1.0000E+0	1.0521E-7	5.0000E+1	3.4045E-10
3.9100E+5	1.0000E+0	1.0322E-7	5.0000E+1	1.1500E-10
3.9150E+5	1.0000E+0	1.0243E-7	5.0000E+1	1.1007E-10
3.9200E+5	1.0000E+0	1.0128E-7	5.0000E+1	1.1111E-10
3.9250E+5	1.0000E+0	1.0160E-7	5.0000E+1	1.1229E-10
3.9300E+5	1.0000E+0	1.0106E-7	5.0000E+1	1.1459E-10
3.9350E+5	1.0000E+0	1.0045E-7	5.0000E+1	1.1532E-10
3.9400E+5	1.0000E+0	9.9629E-8	5.0000E+1	1.1675E-10
3.9450E+5	1.0000E+0	9.9376E-8	5.0000E+1	1.1731E-10
3.9500E+5	1.0000E+0	9.9491E-8	5.0000E+1	1.1780E-10
3.9550E+5	1.0000E+0	9.8618E-8	5.0000E+1	1.1778E-10
3.9600E+5	1.0000E+0	9.8223E-8	5.0000E+1	1.1851E-10
3.9650E+5	1.0000E+0	9.9003E-8	5.0000E+1	1.1903E-10
3.9700E+5	1.0000E+0	9.8041E-8	5.0000E+1	1.1897E-10
3.9750E+5	1.0000E+0	9.6806E-8	5.0000E+1	1.1973E-10
3.9800E+5	1.0000E+0	9.7522E-8	5.0000E+1	1.1955E-10
3.9850E+5	1.0000E+0	9.6877E-8	5.0000E+1	1.2016E-10
3.9900E+5	1.0000E+0	9.6974E-8	5.0000E+1	1.1962E-10
3.9950E+5	1.0000E+0	9.6668E-8	5.0000E+1	1.1990E-10
4.0000E+5	1.0000E+0	9.6380E-8	5.0000E+1	1.1985E-10
4.0050E+5	1.0000E+0	1.0194E-7	5.0000E+1	5.4523E-9
4.0100E+5	1.0000E+0	1.0226E-7	5.0000E+1	5.2900E-9
4.0150E+5	1.0000E+0	1.0217E-7	5.0000E+1	5.2788E-9
4.0200E+5	1.0000E+0	1.0195E-7	5.0000E+1	5.2802E-9
4.0250E+5	1.0000E+0	1.0158E-7	5.0000E+1	5.2770E-9
4.0300E+5	1.0000E+0	1.0174E-7	5.0000E+1	5.2772E-9
4.0350E+5	1.0000E+0	1.0161E-7	5.0000E+1	5.2776E-9
4.0400E+5	1.0000E+0	1.0130E-7	5.0000E+1	5.2764E-9
4.0450E+5	1.0000E+0	1.0134E-7	5.0000E+1	5.2750E-9
4.0500E+5	1.0000E+0	1.0023E-7	5.0000E+1	5.2747E-9
4.0600E+5	1.0000E+0	9.9775E-8	5.0000E+1	5.2751E-9
4.0700E+5	1.0000E+0	9.8975E-8	5.0000E+1	5.2756E-9
4.0750E+5	1.0000E+0	9.8872E-8	5.0000E+1	5.2771E-9
4.0800E+5	1.0000E+0	9.9202E-8	5.0000E+1	5.2764E-9
4.0850E+5	1.0000E+0	9.8310E-8	5.0000E+1	5.2767E-9
4.0900E+5	1.0000E+0	9.8409E-8	5.0000E+1	5.2749E-9
4.0950E+5	1.0000E+0	9.8289E-8	5.0000E+1	5.2762E-9
4.1000E+5	1.0000E+0	9.7768E-8	5.0000E+1	5.2740E-9
4.1050E+5	1.0000E+0	9.4155E-8	5.0000E+1	5.1190E-10
4.1100E+5	1.0000E+0	9.2327E-8	5.0000E+1	1.1571E-10
4.1150E+5	1.0000E+0	9.1644E-8	5.0000E+1	1.0861E-10
4.1200E+5	1.0000E+0	9.0806E-8	5.0000E+1	1.0987E-10
4.1250E+5	1.0000E+0	8.9312E-8	5.0000E+1	1.1190E-10
4.1300E+5	1.0000E+0	8.9117E-8	5.0000E+1	1.1385E-10
4.1350E+5	1.0000E+0	8.8197E-8	5.0000E+1	1.1506E-10
4.1400E+5	1.0000E+0	8.8614E-8	5.0000E+1	1.1644E-10
4.1450E+5	1.0000E+0	8.8104E-8	5.0000E+1	1.1656E-10
4.1500E+5	1.0000E+0	8.7981E-8	5.0000E+1	1.1719E-10
4.1550E+5	1.0000E+0	8.7774E-8	5.0000E+1	1.1772E-10
4.1600E+5	1.0000E+0	8.6686E-8	5.0000E+1	1.1756E-10
4.1650E+5	1.0000E+0	8.6333E-8	5.0000E+1	1.1783E-10
4.1700E+5	1.0000E+0	8.6905E-8	5.0000E+1	1.1787E-10
4.1750E+5	1.0000E+0	8.6945E-8	5.0000E+1	1.1722E-10
4.1800E+5	1.0000E+0	8.6159E-8	5.0000E+1	1.1762E-10
4.1850E+5	1.0000E+0	8.5598E-8	5.0000E+1	1.1679E-10
4.1900E+5	1.0000E+0	8.5791E-8	5.0000E+1	1.1709E-10
4.1950E+5	1.0000E+0	8.5374E-8	5.0000E+1	1.1730E-10
4.2000E+5	1.0000E+0	8.4913E-8	5.0000E+1	1.1727E-10
4.2050E+5	1.0000E+0	9.1241E-8	5.0000E+1	5.4490E-9
4.2100E+5	1.0000E+0	9.2681E-8	5.0000E+1	5.2836E-9
4.2150E+5	1.0000E+0	9.1492E-8	5.0000E+1	5.2678E-9
4.2200E+5	1.0000E+0	9.1134E-8	5.0000E+1	5.2643E-9
4.2250E+5	1.0000E+0	9.0537E-8	5.0000E+1	5.2645E-9
4.2300E+5	1.0000E+0	8.9771E-8	5.0000E+1	5.2628E-9
4.2350E+5	1.0000E+0	8.9054E-8	5.0000E+1	5.2659E-9
4.2400E+5	1.0000E+0	8.8418E-8	5.0000E+1	5.2649E-9
4.2450E+5	1.0000E+0	8.8871E-8	5.0000E+1	5.2650E-9
4.2500E+5	1.0000E+0	8.8482E-8	5.0000E+1	5.2645E-9
4.2550E+5	1.0000E+0	8.8647E-8	5.0000E+1	5.2648E-9
4.2600E+5	1.0000E+0	8.8128E-8	5.0000E+1	5.2653E-9
4.2650E+5	1.0000E+0	8.7083E-8	5.0000E+1	5.2650E-9
4.2700E+5	1.0000E+0	8.7218E-8	5.0000E+1	5.2660E-9
4.2750E+5	1.0000E+0	8.6973E-8	5.0000E+1	5.2677E-9
4.2800E+5	1.0000E+0	8.7374E-8	5.0000E+1	5.2673E-9
4.2850E+5	1.0000E+0	8.6673E-8	5.0000E+1	5.2665E-9
4.2900E+5	1.0000E+0	8.6622E-8	5.0000E+1	5.2651E-9
4.2950E+5	1.0000E+0	8.6783E-8	5.0000E+1	5.2664E-9
4.3000E+5	1.0000E+0	8.5839E-8	5.0000E+1	5.2643E-9
4.3050E+5	1.0000E+0	8.3732E-8	5.0000E+1	1.0786E-9
4.3100E+5	1.0000E+0	8.2381E-8	5.0000E+1	1.1341E-10
4.3150E+5	1.0000E+0	8.1266E-8	5.0000E+1	1.0508E-10
4.3200E+5	1.0000E+0	8.0085E-8	5.0000E+1	1.0670E-10
4.3250E+5	1.0000E+0	7.9878E-8	5.0000E+1	1.0902E-10
4.3300E+5	1.0000E+0	7.9518E-8	5.0000E+1	1.1092E-10
4.3350E+5	1.0000E+0	7.8382E-8	5.0000E+1	1.1250E-10
4.3400E+5	1.0000E+0	7.8278E-8	5.0000E+1	1.1350E-10
4.3450E+5	1.0000E+0	7.7850E-8	5.0000E+1	1.1378E-10
4.3500E+5	1.0000E+0	7.7461E-8	5.0000E+1	1.1410E-10
4.3550E+5	1.0000E+0	7.7572E-8	5.0000E+1	1.1444E-10
4.3600E+5	1.0000E+0	7.6792E-8	5.0000E+1	1.1589E-10
4.3650E+5	1.0000E+0	7.6136E-8	5.0000E+1	1.1621E-10
4.3700E+5	1.0000E+0	7.6060E-8	5.0000E+1	1.1570E-10
4.3750E+5	1.0000E+0	7.6564E-8	5.0000E+1	1.1494E-10
4.3800E+5	1.0000E+0	7.6043E-8	5.0000E+1	1.1493E-10
4.3850E+5	1.0000E+0	7.6459E-8	5.0000E+1	1.1527E-10
4.3900E+5	1.0000E+0	7.6539E-8	5.0000E+1	1.1542E-10
4.3950E+5	1.0000E+0	7.6052E-8	5.0000E+1	1.1512E-10
4.4000E+5	1.0000E+0	7.5773E-8	5.0000E+1	1.1552E-10
4.4050E+5	1.0000E+0	7.5045E-8	5.0000E+1	1.1527E-10
4.4100E+5	1.0000E+0	7.4997E-8	5.0000E+1	1.1555E-10
4.4150E+5	1.0000E+0	7.5917E-8	5.0000E+1	1.1568E-10
4.4200E+5	1.0000E+0	7.5189E-8	5.0000E+1	1.1545E-10
4.4250E+5	1.0000E+0	7.5183E-8	5.0000E+1	1.1557E-10
4.4300E+5	1.0000E+0	7.3915E-8	5.0000E+1	1.1572E-10
4.4350E+5	1.0000E+0	7.4167E-8	5.0000E+1	1.1571E-10
4.4400E+5	1.0000E+0	7.4071E-8	5.0000E+1	1.1671E-10
4.4450E+5	1.0000E+0	7.3450E-8	5.0000E+1	1.2276E-10
4.4500E+5	1.0000E+0	7.3603E-8	5.0000E+1	1.2994E-10
4.4550E+5	1.0000E+0	7.3070E-8	5.0000E+1	1.3713E-10
4.4600E+5	1.0000E+0	7.3254E-8	5.0000E+1	1.4133E-10
4.4650E+5	1.0000E+0	7.2853E-8	5.0000E+1	1.4253E-10
4.4700E+5	1.0000E+0	7.2680E-8	5.0000E+1	1.4231E-10
4.4750E+5	1.0000E+0	7.2229E-8	5.0000E+1	1.4321E-10
4.4800E+5	1.0000E+0	7.2111E-8	5.0000E+1	1.4227E-10
4.4850E+5	1.0000E+0	7.1893E-8	5.0000E+1	1.4321E-10
4.4900E+5	1.0000E+0	7.1789E-8	5.0000E+1	1.4232E-10
4.4950E+5	1.0000E+0	7.1361E-8	5.0000E+1	1.4212E-10
4.5000E+5	1.0000E+0	7.1542E-8	5.0000E+1	1.4244E-10
4.5050E+5	1.0000E+0	7.1130E-8	5.0000E+1	1.4284E-10
4.5100E+5	1.0000E+0	7.1169E-8	5.0000E+1	1.4445E-10
4.5150E+5	1.0000E+0	7.1567E-8	5.0000E+1	1.4354E-10
4.5200E+5	1.0000E+0	7.0672E-8	5.0000E+1	1.4340E-10
4.5250E+5	1.0000E+0	7.0849E-8	5.0000E+1	1.4318E-10
4.5300E+5	1.0000E+0	7.0445E-8	5.0000E+1	1.4273E-10
4.5350E+5	1.0000E+0	7.0331E-8	5.0000E+1	1.4286E-10
4.5400E+5	1.0000E+0	7.0604E-8	5.0000E+1	1.4341E-10
4.5450E+5	1.0000E+0	7.0360E-8	5.0000E+1	1.4379E-10
4.5500E+5	1.0000E+0	7.0004E-8	5.0000E+1	1.4268E-10
4.5550E+5	1.0000E+0	7.0381E-8	5.0000E+1	1.4376E-10
4.5600E+5	1.0000E+0	7.0478E-8	5.0000E+1	1.4230E-10
4.5650E+5	1.0000E+0	6.9692E-8	5.0000E+1	1.4301E-10
4.5700E+5	1.0000E+0	6.9280E-8	5.0000E+1	1.4315E-10
4.5750E+5	1.0000E+0	6.9221E-8	5.0000E+1	1.4367E-10
4.5800E+5	1.0000E+0	6.9349E-8	5.0000E+1	1.4384E-10
4.5850E+5	1.0000E+0	6.9280E-8	5.0000E+1	1.4278E-10
4.5900E+5	1.0000E+0	6.9058E-8	5.0000E+1	1.4269E-10
4.5950E+5	1.0000E+0	6.9411E-8	5.0000E+1	1.4355E-10
4.6000E+5	1.0000E+0	6.8877E-8	5.0000E+1	1.4260E-10
4.6050E+5	1.0000E+0	6.9007E-8	5.0000E+1	1.4321E-10
4.6100E+5	1.0000E+0	6.9538E-8	5.0000E+1	1.4234E-10
4.6150E+5	1.0000E+0	6.8733E-8	5.0000E+1	1.4344E-10
4.6200E+5	1.0000E+0	6.8139E-8	5.0000E+1	1.4294E-10
4.6250E+5	1.0000E+0	6.8494E-8	5.0000E+1	1.4334E-10
4.6300E+5	1.0000E+0	6.8437E-8	5.0000E+1	1.4425E-10
4.6350E+5	1.0000E+0	6.7818E-8	5.0000E+1	1.4244E-10
4.6400E+5	1.0000E+0	6.7981E-8	5.0000E+1	1.4287E-10
4.6450E+5	1.0000E+0	6.8134E-8	5.0000E+1	1.4206E-10
4.6500E+5	1.0000E+0	6.8268E-8	5.0000E+1	1.4316E-10
4.6550E+5	1.0000E+0	6.7886E-8	5.0000E+1	1.4338E-10
4.6600E+5	1.0000E+0	6.7430E-8	5.0000E+1	1.4233E-10
4.6650E+5	1.0000E+0	6.8304E-8	5.0000E+1	1.4256E-10
4.6700E+5	1.0000E+0	6.7567E-8	5.0000E+1	1.4232E-10
4.6750E+5	1.0000E+0	6.7229E-8	5.0000E+1	1.4299E-10
4.6800E+5	1.0000E+0	6.6666E-8	5.0000E+1	1.4200E-10
4.6850E+5	1.0000E+0	6.6669E-8	5.0000E+1	1.4253E-10
4.6900E+5	1.0000E+0	6.6486E-8	5.0000E+1	1.4279E-10
4.6950E+5	1.0000E+0	6.6762E-8	5.0000E+1	1.4273E-10
4.7000E+5	1.0000E+0	6.6110E-8	5.0000E+1	1.4323E-10
4.7050E+5	1.0000E+0	6.6223E-8	5.0000E+1	1.4354E-10
4.7100E+5	1.0000E+0	6.6408E-8	5.0000E+1	1.4391E-10
4.7150E+5	1.0000E+0	6.6641E-8	5.0000E+1	1.4428E-10
4.7200E+5	1.0000E+0	6.6009E-8	5.0000E+1	1.4296E-10
4.7250E+5	1.0000E+0	6.6339E-8	5.0000E+1	1.4342E-10
4.7300E+5	1.0000E+0	6.6217E-8	5.0000E+1	1.4368E-10
4.7350E+5	1.0000E+0	6.5834E-8	5.0000E+1	1.4526E-10
4.7400E+5	1.0000E+0	6.5786E-8	5.0000E+1	1.4325E-10
4.7450E+5	1.0000E+0	6.5749E-8	5.0000E+1	1.4296E-10
4.7500E+5	1.0000E+0	6.5455E-8	5.0000E+1	1.4353E-10
4.7550E+5	1.0000E+0	6.5168E-8	5.0000E+1	1.4341E-10
4.7600E+5	1.0000E+0	6.4510E-8	5.0000E+1	1.4316E-10
4.7650E+5	1.0000E+0	6.4776E-8	5.0000E+1	1.4393E-10
4.7700E+5	1.0000E+0	6.4788E-8	5.0000E+1	1.4346E-10
4.7750E+5	1.0000E+0	6.4514E-8	5.0000E+1	1.4400E-10
4.7800E+5	1.0000E+0	6.4935E-8	5.0000E+1	1.4325E-10
4.7850E+5	1.0000E+0	6.4579E-8	5.0000E+1	1.4358E-10
4.7900E+5	1.0000E+0	6.4864E-8	5.0000E+1	1.4389E-10
4.7950E+5	1.0000E+0	6.5079E-8	5.0000E+1	1.4402E-10
4.8000E+5	1.0000E+0	6.4578E-8	5.0000E+1	1.4364E-10
4.8050E+5	1.0000E+0	6.4152E-8	5.0000E+1	1.4335E-10
4.8100E+5	1.0000E+0	6.4436E-8	5.0000E+1	1.4314E-10
4.8150E+5	1.0000E+0	6.4169E-8	5.0000E+1	1.4363E-10
4.8200E+5	1.0000E+0	6.4057E-8	5.0000E+1	1.4366E-10
4.8250E+5	1.0000E+0	6.4406E-8	5.0000E+1	1.4405E-10
4.8300E+5	1.0000E+0	6.4104E-8	5.0000E+1	1.4358E-10
4.8350E+5	1.0000E+0	6.3789E-8	5.0000E+1	1.4328E-10
4.8400E+5	1.0000E+0	6.4011E-8	5.0000E+1	1.4239E-10
4.8450E+5	1.0000E+0	6.3795E-8	5.0000E+1	1.4259E-10
4.8500E+5	1.0000E+0	6.3789E-8	5.0000E+1	1.4332E-10
4.8550E+5	1.0000E+0	6.3150E-8	5.0000E+1	1.4322E-10
4.8600E+5	1.0000E+0	6.3163E-8	5.0000E+1	1.4363E-10
4.8650E+5	1.0000E+0	6.3263E-8	5.0000E+1	1.4278E-10
4.8700E+5	1.0000E+0	6.2861E-8	5.0000E+1	1.4282E-10
4.8750E+5	1.0000E+0	6.3080E-8	5.0000E+1	1.4351E-10
4.8800E+5	1.0000E+0	6.3488E-8	5.0000E+1	1.4291E-10
4.8850E+5	1.0000E+0	6.3539E-8	5.0000E+1	1.4374E-10
4.8900E+5	1.0000E+0	6.2941E-8	5.0000E+1	1.4392E-10
4.8950E+5	1.0000E+0	6.3284E-8	5.0000E+1	1.4326E-10
4.9000E+5	1.0000E+0	6.2990E-8	5.0000E+1	1.4407E-10
4.9050E+5	1.0000E+0	6.2567E-8	5.0000E+1	1.4389E-10
4.9100E+5	1.0000E+0	6.2488E-8	5.0000E+1	1.4417E-10
4.9150E+5	1.0000E+0	6.2585E-8	5.0000E+1	1.4330E-10
4.9200E+5	1.0000E+0	6.2364E-8	5.0000E+1	1.4440E-10
4.9250E+5	1.0000E+0	6.1573E-8	5.0000E+1	1.4454E-10
4.9300E+5	1.0000E+0	6.1744E-8	5.0000E+1	1.4488E-10
4.9350E+5	1.0000E+0	6.1787E-8	5.0000E+1	1.4451E-10
4.9400E+5	1.0000E+0	6.0786E-8	5.0000E+1	1.4550E-10
4.9450E+5	1.0000E+0	6.0760E-8	5.0000E+1	1.4456E-10
4.9500E+5	1.0000E+0	6.0911E-8	5.0000E+1	1.4486E-10
4.9550E+5	1.0000E+0	6.0498E-8	5.0000E+1	1.4450E-10
4.9600E+5	1.0000E+0	6.0597E-8	5.0000E+1	1.4432E-10
4.9650E+5	1.0000E+0	6.0621E-8	5.0000E+1	1.4466E-10
4.9700E+5	1.0000E+0	5.9946E-8	5.0000E+1	1.4462E-10
4.9750E+5	1.0000E+0	6.0703E-8	5.0000E+1	1.4347E-10
4.9800E+5	1.0000E+0	6.0313E-8	5.0000E+1	1.4393E-10
4.9850E+5	1.0000E+0	6.0274E-8	5.0000E+1	1.4383E-10
4.9900E+5	1.0000E+0	5.9669E-8	5.0000E+1	1.4267E-10
4.9950E+5	1.0000E+0	5.9685E-8	5.0000E+1	1.4355E-10
5.0000E+5	1.0000E+0	5.9431E-8	5.0000E+1	1.4397E-10
5.0050E+5	1.0000E+0	5.9363E-8	5.0000E+1	1.4333E-10
5.0100E+5	1.0000E+0	5.9637E-8	5.0000E+1	1.4392E-10
5.0150E+5	1.0000E+0	5.9335E-8	5.0000E+1	1.4501E-10
5.0200E+5	1.0000E+0	5.9171E-8	5.0000E+1	1.4339E-10
5.0250E+5	1.0000E+0	5.8899E-8	5.0000E+1	1.4338E-10
5.0300E+5	1.0000E+0	5.8839E-8	5.0000E+1	1.4269E-10
5.0350E+5	1.0000E+0	5.8441E-8	5.0000E+1	1.4342E-10
5.0400E+5	1.0000E+0	5.8561E-8	5.0000E+1	1.4313E-10
5.0450E+5	1.0000E+0	5.8386E-8	5.0000E+1	1.4271E-10
5.0500E+5	1.0000E+0	5.8553E-8	5.0000E+1	1.4235E-10
5.0550E+5	1.0000E+0	5.8535E-8	5.0000E+1	1.4317E-10
5.0600E+5	1.0000E+0	5.8188E-8	5.0000E+1	1.4318E-10
5.0650E+5	1.0000E+0	5.8439E-8	5.0000E+1	1.4341E-10
5.0700E+5	1.0000E+0	5.8298E-8	5.0000E+1	1.4416E-10
5.0750E+5	1.0000E+0	5.8243E-8	5.0000E+1	1.4337E-10
5.0800E+5	1.0000E+0	5.8476E-8	5.0000E+1	1.4349E-10
5.0850E+5	1.0000E+0	5.7987E-8	5.0000E+1	1.4409E-10
5.0900E+5	1.0000E+0	5.7849E-8	5.0000E+1	1.4345E-10
5.0950E+5	1.0000E+0	6.2169E-8	5.0000E+1	6.4694E-10
5.1000E+5	1.0000E+0	6.4876E-8	5.0000E+1	9.0308E-9
5.1050E+5	1.0000E+0	6.4116E-8	5.0000E+1	9.0132E-9
5.1100E+5	1.0000E+0	6.4772E-8	5.0000E+1	8.9989E-9
5.1150E+5	1.0000E+0	6.4507E-8	5.0000E+1	8.9946E-9
5.1200E+5	1.0000E+0	6.4299E-8	5.0000E+1	8.9912E-9
5.1250E+5	1.0000E+0	6.3641E-8	5.0000E+1	8.9901E-9
5.1300E+5	1.0000E+0	6.3512E-8	5.0000E+1	8.9850E-9
5.1350E+5	1.0000E+0	6.3153E-8	5.0000E+1	8.9838E-9
5.1400E+5	1.0000E+0	6.3059E-8	5.0000E+1	8.9783E-9
5.1450E+5	1.0000E+0	6.2865E-8	5.0000E+1	8.9775E-9
5.1500E+5	1.0000E+0	6.2510E-8	5.0000E+1	8.9749E-9
5.1550E+5	1.0000E+0	6.2312E-8	5.0000E+1	8.9736E-9
5.1600E+5	1.0000E+0	6.2657E-8	5.0000E+1	8.9684E-9
5.1650E+5	1.0000E+0	6.2182E-8	5.0000E+1	8.9648E-9
5.1700E+5	1.0000E+0	6.2017E-8	5.0000E+1	8.9622E-9
5.1750E+5	1.0000E+0	6.2140E-8	5.0000E+1	8.9581E-9
5.1800E+5	1.0000E+0	6.1836E-8	5.0000E+1	8.9568E-9
5.1850E+5	1.0000E+0	6.1592E-8	5.0000E+1	8.9508E-9
5.1900E+5	1.0000E+0	6.1304E-8	5.0000E+1	8.9511E-9
5.1950E+5	1.0000E+0	6.0539E-8	5.0000E+1	8.9485E-9
5.2000E+5	1.0000E+0	5.7551E-8	5.0000E+1	1.5277E-10
5.2050E+5	1.0000E+0	5.6379E-8	5.0000E+1	1.2522E-10
5.2100E+5	1.0000E+0	5.5952E-8	5.0000E+1	1.2888E-10
5.2150E+5	1.0000E+0	5.5448E-8	5.0000E+1	1.3425E-10
5.2200E+5	1.0000E+0	5.4815E-8	5.0000E+1	1.3641E-10
5.2250E+5	1.0000E+0	5.4591E-8	5.0000E+1	1.3887E-10
5.2300E+5	1.0000E+0	5.4071E-8	5.0000E+1	1.4033E-10
5.2350E+5	1.0000E+0	5.4313E-8	5.0000E+1	1.3983E-10
5.2400E+5	1.0000E+0	5.3573E-8	5.0000E+1	1.4030E-10
5.2450E+5	1.0000E+0	5.3519E-8	5.0000E+1	1.4062E-10
5.2500E+5	1.0000E+0	5.3582E-8	5.0000E+1	1.4147E-10
5.2550E+5	1.0000E+0	5.3253E-8	5.0000E+1	1.4198E-10
5.2600E+5	1.0000E+0	5.3221E-8	5.0000E+1	1.4190E-10
5.2650E+5	1.0000E+0	5.3483E-8	5.0000E+1	1.4284E-10
5.2700E+5	1.0000E+0	5.3411E-8	5.0000E+1	1.4160E-10
5.2750E+5	1.0000E+0	5.3535E-8	5.0000E+1	1.4222E-10
5.2800E+5	1.0000E+0	5.3127E-8	5.0000E+1	1.4144E-10
5.2850E+5	1.0000E+0	5.2909E-8	5.0000E+1	1.4201E-10
5.2900E+5	1.0000E+0	5.2773E-8	5.0000E+1	1.4213E-10
5.2950E+5	1.0000E+0	5.5856E-8	5.0000E+1	1.4169E-10
5.3000E+5	1.0000E+0	5.9305E-8	5.0000E+1	8.9815E-9
5.3050E+5	1.0000E+0	5.9195E-8	5.0000E+1	8.9404E-9
5.3100E+5	1.0000E+0	5.8749E-8	5.0000E+1	8.9337E-9
5.3150E+5	1.0000E+0	5.8980E-8	5.0000E+1	8.9332E-9
5.3200E+5	1.0000E+0	5.8555E-8	5.0000E+1	8.9306E-9
5.3250E+5	1.0000E+0	5.8098E-8	5.0000E+1	8.9286E-9
5.3300E+5	1.0000E+0	5.7980E-8	5.0000E+1	8.9273E-9
5.3350E+5	1.0000E+0	5.7706E-8	5.0000E+1	8.9250E-9
5.3400E+5	1.0000E+0	5.7608E-8	5.0000E+1	8.9227E-9
5.3450E+5	1.0000E+0	5.7469E-8	5.0000E+1	8.9190E-9
5.3500E+5	1.0000E+0	5.6892E-8	5.0000E+1	8.9159E-9
5.3550E+5	1.0000E+0	5.6741E-8	5.0000E+1	8.9123E-9
5.3600E+5	1.0000E+0	5.6900E-8	5.0000E+1	8.9118E-9
5.3650E+5	1.0000E+0	5.6917E-8	5.0000E+1	8.9111E-9
5.3700E+5	1.0000E+0	5.5822E-8	5.0000E+1	8.9079E-9
5.3750E+5	1.0000E+0	5.5508E-8	5.0000E+1	8.9052E-9
5.3800E+5	1.0000E+0	5.5241E-8	5.0000E+1	8.9032E-9
5.3850E+5	1.0000E+0	5.5294E-8	5.0000E+1	8.9010E-9
5.3900E+5	1.0000E+0	5.5171E-8	5.0000E+1	8.9005E-9
5.3950E+5	1.0000E+0	5.4765E-8	5.0000E+1	8.8984E-9
5.4000E+5	1.0000E+0	5.1479E-8	5.0000E+1	1.5554E-10
5.4050E+5	1.0000E+0	5.0387E-8	5.0000E+1	1.2198E-10
5.4100E+5	1.0000E+0	4.9805E-8	5.0000E+1	1.2513E-10
5.4150E+5	1.0000E+0	4.9747E-8	5.0000E+1	1.3053E-10
5.4200E+5	1.0000E+0	4.9153E-8	5.0000E+1	1.3303E-10
5.4250E+5	1.0000E+0	4.9072E-8	5.0000E+1	1.3559E-10
5.4300E+5	1.0000E+0	4.8568E-8	5.0000E+1	1.3732E-10
5.4350E+5	1.0000E+0	4.8589E-8	5.0000E+1	1.3846E-10
5.4400E+5	1.0000E+0	4.8462E-8	5.0000E+1	1.3965E-10
5.4450E+5	1.0000E+0	4.7864E-8	5.0000E+1	1.3886E-10
5.4500E+5	1.0000E+0	4.7737E-8	5.0000E+1	1.4081E-10
5.4550E+5	1.0000E+0	4.7980E-8	5.0000E+1	1.4070E-10
5.4600E+5	1.0000E+0	4.8058E-8	5.0000E+1	1.4206E-10
5.4650E+5	1.0000E+0	4.7954E-8	5.0000E+1	1.4187E-10
5.4700E+5	1.0000E+0	4.7515E-8	5.0000E+1	1.4174E-10
5.4750E+5	1.0000E+0	4.7744E-8	5.0000E+1	1.4159E-10
5.4800E+5	1.0000E+0	4.7862E-8	5.0000E+1	1.4155E-10
5.4850E+5	1.0000E+0	4.7684E-8	5.0000E+1	1.4168E-10
5.4900E+5	1.0000E+0	4.7596E-8	5.0000E+1	1.4119E-10
5.4950E+5	1.0000E+0	5.0985E-8	5.0000E+1	1.7124E-10
5.5000E+5	1.0000E+0	5.3814E-8	5.0000E+1	8.9921E-9
5.5050E+5	1.0000E+0	5.3647E-8	5.0000E+1	8.9428E-9
5.5100E+5	1.0000E+0	5.3209E-8	5.0000E+1	8.9331E-9
5.5150E+5	1.0000E+0	5.2802E-8	5.0000E+1	8.9243E-9
5.5200E+5	1.0000E+0	5.2846E-8	5.0000E+1	8.9188E-9
5.5250E+5	1.0000E+0	5.3388E-8	5.0000E+1	8.9171E-9
5.5300E+5	1.0000E+0	5.2918E-8	5.0000E+1	8.9152E-9
5.5350E+5	1.0000E+0	5.2604E-8	5.0000E+1	8.9122E-9
5.5400E+5	1.0000E+0	5.2314E-8	5.0000E+1	8.9135E-9
5.5450E+5	1.0000E+0	5.1852E-8	5.0000E+1	8.9065E-9
5.5500E+5	1.0000E+0	5.1854E-8	5.0000E+1	8.9045E-9
5.5550E+5	1.0000E+0	5.1245E-8	5.0000E+1	8.9003E-9
5.5600E+5	1.0000E+0	5.1109E-8	5.0000E+1	8.9002E-9
5.5650E+5	1.0000E+0	5.1474E-8	5.0000E+1	8.8987E-9
5.5700E+5	1.0000E+0	5.1144E-8	5.0000E+1	8.8945E-9
5.5750E+5	1.0000E+0	5.1015E-8	5.0000E+1	8.8941E-9
5.5800E+5	1.0000E+0	5.1311E-8	5.0000E+1	8.8918E-9
5.5850E+5	1.0000E+0	5.1086E-8	5.0000E+1	8.8889E-9
5.5900E+5	1.0000E+0	5.0741E-8	5.0000E+1	8.8884E-9
5.5950E+5	1.0000E+0	5.0347E-8	5.0000E+1	8.8855E-9
5.6000E+5	1.0000E+0	4.6955E-8	5.0000E+1	1.6529E-10
5.6050E+5	1.0000E+0	4.6073E-8	5.0000E+1	1.2245E-10
5.6100E+5	1.0000E+0	4.5554E-8	5.0000E+1	1.2569E-10
5.6150E+5	1.0000E+0	4.4566E-8	5.0000E+1	1.2991E-10
5.6200E+5	1.0000E+0	4.4470E-8	5.0000E+1	1.3333E-10
5.6250E+5	1.0000E+0	4.4227E-8	5.0000E+1	1.3525E-10
5.6300E+5	1.0000E+0	4.3855E-8	5.0000E+1	1.3664E-10
5.6350E+5	1.0000E+0	4.3644E-8	5.0000E+1	1.3712E-10
5.6400E+5	1.0000E+0	4.3710E-8	5.0000E+1	1.3916E-10
5.6450E+5	1.0000E+0	4.3756E-8	5.0000E+1	1.3926E-10
5.6500E+5	1.0000E+0	4.3534E-8	5.0000E+1	1.3969E-10
5.6550E+5	1.0000E+0	4.3445E-8	5.0000E+1	1.3971E-10
5.6600E+5	1.0000E+0	4.3472E-8	5.0000E+1	1.4060E-10
5.6650E+5	1.0000E+0	4.3046E-8	5.0000E+1	1.3996E-10
5.6700E+5	1.0000E+0	4.2981E-8	5.0000E+1	1.3887E-10
5.6750E+5	1.0000E+0	4.2945E-8	5.0000E+1	1.3945E-10
5.6800E+5	1.0000E+0	4.3188E-8	5.0000E+1	1.4090E-10
5.6850E+5	1.0000E+0	4.3160E-8	5.0000E+1	1.3976E-10
5.6900E+5	1.0000E+0	4.3207E-8	5.0000E+1	1.3967E-10
5.6950E+5	1.0000E+0	4.4710E-8	5.0000E+1	1.3967E-10
5.7000E+5	1.0000E+0	4.9409E-8	5.0000E+1	8.9881E-9
5.7050E+5	1.0000E+0	4.8915E-8	5.0000E+1	8.9124E-9
5.7100E+5	1.0000E+0	4.8610E-8	5.0000E+1	8.8990E-9
5.7150E+5	1.0000E+0	4.7910E-8	5.0000E+1	8.8968E-9
5.7200E+5	1.0000E+0	4.7918E-8	5.0000E+1	8.8938E-9
5.7250E+5	1.0000E+0	4.8159E-8	5.0000E+1	8.8907E-9
5.7300E+5	1.0000E+0	4.8230E-8	5.0000E+1	8.8863E-9
5.7350E+5	1.0000E+0	4.7858E-8	5.0000E+1	8.8802E-9
5.7400E+5	1.0000E+0	4.7432E-8	5.0000E+1	8.8760E-9
5.7450E+5	1.0000E+0	4.7179E-8	5.0000E+1	8.8754E-9
5.7500E+5	1.0000E+0	4.6523E-8	5.0000E+1	8.8719E-9
5.7550E+5	1.0000E+0	4.6411E-8	5.0000E+1	8.8724E-9
5.7600E+5	1.0000E+0	4.6535E-8	5.0000E+1	8.8690E-9
5.7650E+5	1.0000E+0	4.6524E-8	5.0000E+1	8.8680E-9
5.7700E+5	1.0000E+0	4.6550E-8	5.0000E+1	8.8659E-9
5.7750E+5	1.0000E+0	4.6594E-8	5.0000E+1	8.8625E-9
5.7800E+5	1.0000E+0	4.6614E-8	5.0000E+1	8.8621E-9
5.7850E+5	1.0000E+0	4.6270E-8	5.0000E+1	8.8582E-9
5.7900E+5	1.0000E+0	4.6060E-8	5.0000E+1	8.8603E-9
5.7950E+5	1.0000E+0	4.5802E-8	5.0000E+1	8.8584E-9
5.8000E+5	1.0000E+0	4.2460E-8	5.0000E+1	1.6284E-10
5.8050E+5	1.0000E+0	4.1740E-8	5.0000E+1	1.2142E-10
5.8100E+5	1.0000E+0	4.1185E-8	5.0000E+1	1.2404E-10
5.8150E+5	1.0000E+0	4.0709E-8	5.0000E+1	1.2838E-10
5.8200E+5	1.0000E+0	4.0984E-8	5.0000E+1	1.3133E-10
5.8250E+5	1.0000E+0	4.0691E-8	5.0000E+1	1.3323E-10
5.8300E+5	1.0000E+0	4.0401E-8	5.0000E+1	1.3564E-10
5.8350E+5	1.0000E+0	4.0198E-8	5.0000E+1	1.3622E-10
5.8400E+5	1.0000E+0	4.0190E-8	5.0000E+1	1.3614E-10
5.8450E+5	1.0000E+0	4.0213E-8	5.0000E+1	1.3724E-10
5.8500E+5	1.0000E+0	3.9865E-8	5.0000E+1	1.3786E-10
5.8550E+5	1.0000E+0	3.9936E-8	5.0000E+1	1.3769E-10
5.8600E+5	1.0000E+0	3.9631E-8	5.0000E+1	1.3765E-10
5.8650E+5	1.0000E+0	3.9346E-8	5.0000E+1	1.3828E-10
5.8700E+5	1.0000E+0	3.9413E-8	5.0000E+1	1.3814E-10
5.8750E+5	1.0000E+0	3.9596E-8	5.0000E+1	1.3874E-10
5.8800E+5	1.0000E+0	3.9370E-8	5.0000E+1	1.4412E-10
5.8850E+5	1.0000E+0	3.8830E-8	5.0000E+1	1.4982E-10
5.8900E+5	1.0000E+0	3.8898E-8	5.0000E+1	1.5570E-10
5.8950E+5	1.0000E+0	3.8564E-8	5.0000E+1	1.6043E-10
5.9000E+5	1.0000E+0	3.8976E-8	5.0000E+1	1.6159E-10
5.9050E+5	1.0000E+0	3.8773E-8	5.0000E+1	1.6114E-10
5.9100E+5	1.0000E+0	3.8501E-8	5.0000E+1	1.6166E-10
5.9150E+5	1.0000E+0	3.8848E-8	5.0000E+1	1.6226E-10
5.9200E+5	1.0000E+0	3.8548E-8	5.0000E+1	1.6303E-10
5.9250E+5	1.0000E+0	3.8485E-8	5.0000E+1	1.6341E-10
5.9300E+5	1.0000E+0	3.8698E-8	5.0000E+1	1.6158E-10
5.9350E+5	1.0000E+0	3.8272E-8	5.0000E+1	1.6236E-10
5.9400E+5	1.0000E+0	3.8611E-8	5.0000E+1	1.6319E-10
5.9450E+5	1.0000E+0	3.8470E-8	5.0000E+1	1.6237E-10
5.9500E+5	1.0000E+0	3.8519E-8	5.0000E+1	1.6314E-10
5.9550E+5	1.0000E+0	3.8307E-8	5.0000E+1	1.6155E-10
5.9600E+5	1.0000E+0	3.8574E-8	5.0000E+1	1.6134E-10
5.9650E+5	1.0000E+0	3.8606E-8	5.0000E+1	1.6333E-10
5.9700E+5	1.0000E+0	3.8483E-8	5.0000E+1	1.6267E-10
5.9750E+5	1.0000E+0	3.8200E-8	5.0000E+1	1.6251E-10
5.9800E+5	1.0000E+0	3.8323E-8	5.0000E+1	1.6251E-10
5.9850E+5	1.0000E+0	3.8012E-8	5.0000E+1	1.6239E-10
5.9900E+5	1.0000E+0	3.8257E-8	5.0000E+1	1.6191E-10
5.9950E+5	1.0000E+0	3.8187E-8	5.0000E+1	1.6174E-10
6.0000E+5	1.0000E+0	3.8264E-8	5.0000E+1	1.6301E-10
6.0050E+5	1.0000E+0	3.8060E-8	5.0000E+1	1.6244E-10
6.0100E+5	1.0000E+0	3.8217E-8	5.0000E+1	1.6239E-10
6.0150E+5	1.0000E+0	3.8139E-8	5.0000E+1	1.6208E-10
6.0200E+5	1.0000E+0	3.8034E-8	5.0000E+1	1.6206E-10
6.0250E+5	1.0000E+0	3.7989E-8	5.0000E+1	1.6235E-10
6.0300E+5	1.0000E+0	3.7890E-8	5.0000E+1	1.6336E-10
6.0350E+5	1.0000E+0	3.7979E-8	5.0000E+1	1.6219E-10
6.0400E+5	1.0000E+0	3.8197E-8	5.0000E+1	1.6260E-10
6.0450E+5	1.0000E+0	3.8087E-8	5.0000E+1	1.6170E-10
6.0500E+5	1.0000E+0	3.7611E-8	5.0000E+1	1.6168E-10
6.0550E+5	1.0000E+0	3.7801E-8	5.0000E+1	1.6136E-10
6.0600E+5	1.0000E+0	3.8164E-8	5.0000E+1	1.6185E-10
6.0650E+5	1.0000E+0	3.7611E-8	5.0000E+1	1.6075E-10
6.0700E+5	1.0000E+0	3.7784E-8	5.0000E+1	1.6191E-10
6.0750E+5	1.0000E+0	3.7461E-8	5.0000E+1	1.6229E-10
6.0800E+5	1.0000E+0	3.7879E-8	5.0000E+1	1.6141E-10
6.0850E+5	1.0000E+0	3.7759E-8	5.0000E+1	1.6109E-10
6.0900E+5	1.0000E+0	3.7627E-8	5.0000E+1	1.6164E-10
6.0950E+5	1.0000E+0	3.7133E-8	5.0000E+1	1.6239E-10
6.1000E+5	1.0000E+0	3.7094E-8	5.0000E+1	1.6234E-10
6.1050E+5	1.0000E+0	3.6814E-8	5.0000E+1	1.6227E-10
6.1100E+5	1.0000E+0	4.0925E-8	5.0000E+1	1.6747E-10
6.1150E+5	1.0000E+0	4.3434E-8	5.0000E+1	1.2227E-8
6.1200E+5	1.0000E+0	4.3109E-8	5.0000E+1	1.2220E-8
6.1250E+5	1.0000E+0	4.3033E-8	5.0000E+1	1.2218E-8
6.1300E+5	1.0000E+0	4.2791E-8	5.0000E+1	1.2211E-8
6.1350E+5	1.0000E+0	4.2725E-8	5.0000E+1	1.2208E-8
6.1400E+5	1.0000E+0	4.2584E-8	5.0000E+1	1.2203E-8
6.1450E+5	1.0000E+0	4.2266E-8	5.0000E+1	1.2198E-8
6.1500E+5	1.0000E+0	4.2317E-8	5.0000E+1	1.2192E-8
6.1550E+5	1.0000E+0	4.2499E-8	5.0000E+1	1.2189E-8
6.1600E+5	1.0000E+0	4.2436E-8	5.0000E+1	1.2185E-8
6.1650E+5	1.0000E+0	4.2330E-8	5.0000E+1	1.2181E-8
6.1700E+5	1.0000E+0	4.2401E-8	5.0000E+1	1.2179E-8
6.1750E+5	1.0000E+0	4.2200E-8	5.0000E+1	1.2176E-8
6.1800E+5	1.0000E+0	4.1919E-8	5.0000E+1	1.2174E-8
6.1850E+5	1.0000E+0	4.1463E-8	5.0000E+1	1.2174E-8
6.1900E+5	1.0000E+0	4.1463E-8	5.0000E+1	1.2172E-8
6.1950E+5	1.0000E+0	4.1599E-8	5.0000E+1	1.2170E-8
6.2000E+5	1.0000E+0	4.1444E-8	5.0000E+1	1.2168E-8
6.2050E+5	1.0000E+0	4.1375E-8	5.0000E+1	1.2165E-8
6.2100E+5	1.0000E+0	4.0360E-8	5.0000E+1	1.2164E-8
6.2150E+5	1.0000E+0	3.7450E-8	5.0000E+1	1.5968E-10
6.2200E+5	1.0000E+0	3.6186E-8	5.0000E+1	1.3879E-10
6.2250E+5	1.0000E+0	3.5476E-8	5.0000E+1	1.4563E-10
6.2300E+5	1.0000E+0	3.5109E-8	5.0000E+1	1.4902E-10
6.2350E+5	1.0000E+0	3.4855E-8	5.0000E+1	1.5238E-10
6.2400E+5	1.0000E+0	3.4421E-8	5.0000E+1	1.5572E-10
6.2450E+5	1.0000E+0	3.4151E-8	5.0000E+1	1.5707E-10
6.2500E+5	1.0000E+0	3.4057E-8	5.0000E+1	1.5639E-10
6.2550E+5	1.0000E+0	3.3794E-8	5.0000E+1	1.5859E-10
6.2600E+5	1.0000E+0	3.4201E-8	5.0000E+1	1.5931E-10
6.2650E+5	1.0000E+0	3.3981E-8	5.0000E+1	1.5914E-10
6.2700E+5	1.0000E+0	3.3954E-8	5.0000E+1	1.5918E-10
6.2750E+5	1.0000E+0	3.3740E-8	5.0000E+1	1.5879E-10
6.2800E+5	1.0000E+0	3.3375E-8	5.0000E+1	1.5992E-10
6.2850E+5	1.0000E+0	3.3260E-8	5.0000E+1	1.5971E-10
6.2900E+5	1.0000E+0	3.3318E-8	5.0000E+1	1.5921E-10
6.2950E+5	1.0000E+0	3.3181E-8	5.0000E+1	1.5940E-10
6.3000E+5	1.0000E+0	3.3167E-8	5.0000E+1	1.5851E-10
6.3050E+5	1.0000E+0	3.3096E-8	5.0000E+1	1.5951E-10
6.3100E+5	1.0000E+0	3.5952E-8	5.0000E+1	1.5993E-10
6.3150E+5	1.0000E+0	3.9227E-8	5.0000E+1	1.2218E-8
6.3200E+5	1.0000E+0	3.9047E-8	5.0000E+1	1.2208E-8
6.3250E+5	1.0000E+0	3.9224E-8	5.0000E+1	1.2204E-8
6.3300E+5	1.0000E+0	3.8770E-8	5.0000E+1	1.2206E-8
6.3350E+5	1.0000E+0	3.8694E-8	5.0000E+1	1.2199E-8
6.3400E+5	1.0000E+0	3.9010E-8	5.0000E+1	1.2199E-8
6.3450E+5	1.0000E+0	3.8707E-8	5.0000E+1	1.2198E-8
6.3500E+5	1.0000E+0	3.8750E-8	5.0000E+1	1.2196E-8
6.3550E+5	1.0000E+0	3.8293E-8	5.0000E+1	1.2191E-8
6.3600E+5	1.0000E+0	3.8490E-8	5.0000E+1	1.2190E-8
6.3650E+5	1.0000E+0	3.8326E-8	5.0000E+1	1.2189E-8
6.3700E+5	1.0000E+0	3.8162E-8	5.0000E+1	1.2185E-8
6.3750E+5	1.0000E+0	3.7945E-8	5.0000E+1	1.2185E-8
6.3800E+5	1.0000E+0	3.7455E-8	5.0000E+1	1.2182E-8
6.3850E+5	1.0000E+0	3.7380E-8	5.0000E+1	1.2181E-8
6.3900E+5	1.0000E+0	3.7162E-8	5.0000E+1	1.2177E-8
6.3950E+5	1.0000E+0	3.7073E-8	5.0000E+1	1.2177E-8
6.4000E+5	1.0000E+0	3.7019E-8	5.0000E+1	1.2175E-8
6.4050E+5	1.0000E+0	3.6766E-8	5.0000E+1	1.2175E-8
6.4100E+5	1.0000E+0	3.6042E-8	5.0000E+1	1.2174E-8
6.4150E+5	1.0000E+0	3.3153E-8	5.0000E+1	1.7092E-10
6.4200E+5	1.0000E+0	3.2095E-8	5.0000E+1	1.3959E-10
6.4250E+5	1.0000E+0	3.1448E-8	5.0000E+1	1.4530E-10
6.4300E+5	1.0000E+0	3.0959E-8	5.0000E+1	1.5063E-10
6.4350E+5	1.0000E+0	3.0700E-8	5.0000E+1	1.5380E-10
6.4400E+5	1.0000E+0	3.0744E-8	5.0000E+1	1.5483E-10
6.4450E+5	1.0000E+0	3.0951E-8	5.0000E+1	1.5759E-10
6.4500E+5	1.0000E+0	3.0529E-8	5.0000E+1	1.5782E-10
6.4550E+5	1.0000E+0	3.0670E-8	5.0000E+1	1.5850E-10
6.4600E+5	1.0000E+0	3.0596E-8	5.0000E+1	1.5886E-10
6.4650E+5	1.0000E+0	3.0599E-8	5.0000E+1	1.6023E-10
6.4700E+5	1.0000E+0	3.0279E-8	5.0000E+1	1.5993E-10
6.4750E+5	1.0000E+0	3.0217E-8	5.0000E+1	1.6058E-10
6.4800E+5	1.0000E+0	3.0159E-8	5.0000E+1	1.5923E-10
6.4850E+5	1.0000E+0	3.0344E-8	5.0000E+1	1.5922E-10
6.4900E+5	1.0000E+0	3.0396E-8	5.0000E+1	1.5953E-10
6.4950E+5	1.0000E+0	3.0361E-8	5.0000E+1	1.5896E-10
6.5000E+5	1.0000E+0	3.0248E-8	5.0000E+1	1.5868E-10
6.5050E+5	1.0000E+0	3.0068E-8	5.0000E+1	1.5976E-10
6.5100E+5	1.0000E+0	3.2311E-8	5.0000E+1	1.5886E-10
6.5150E+5	1.0000E+0	3.5670E-8	5.0000E+1	1.2245E-8
6.5200E+5	1.0000E+0	3.5692E-8	5.0000E+1	1.2221E-8
6.5250E+5	1.0000E+0	3.5599E-8	5.0000E+1	1.2219E-8
6.5300E+5	1.0000E+0	3.5247E-8	5.0000E+1	1.2215E-8
6.5350E+5	1.0000E+0	3.5177E-8	5.0000E+1	1.2214E-8
6.5400E+5	1.0000E+0	3.4737E-8	5.0000E+1	1.2209E-8
6.5450E+5	1.0000E+0	3.5035E-8	5.0000E+1	1.2205E-8
6.5500E+5	1.0000E+0	3.4733E-8	5.0000E+1	1.2199E-8
6.5550E+5	1.0000E+0	3.4889E-8	5.0000E+1	1.2197E-8
6.5600E+5	1.0000E+0	3.4340E-8	5.0000E+1	1.2196E-8
6.5650E+5	1.0000E+0	3.4196E-8	5.0000E+1	1.2193E-8
6.5700E+5	1.0000E+0	3.4162E-8	5.0000E+1	1.2188E-8
6.5750E+5	1.0000E+0	3.3585E-8	5.0000E+1	1.2187E-8
6.5800E+5	1.0000E+0	3.4092E-8	5.0000E+1	1.2182E-8
6.5850E+5	1.0000E+0	3.3917E-8	5.0000E+1	1.2183E-8
6.5900E+5	1.0000E+0	3.3476E-8	5.0000E+1	1.2176E-8
6.5950E+5	1.0000E+0	3.3219E-8	5.0000E+1	1.2176E-8
6.6000E+5	1.0000E+0	3.2973E-8	5.0000E+1	1.2175E-8
6.6050E+5	1.0000E+0	3.2654E-8	5.0000E+1	1.2176E-8
6.6100E+5	1.0000E+0	3.2483E-8	5.0000E+1	1.2174E-8
6.6150E+5	1.0000E+0	2.9317E-8	5.0000E+1	1.8042E-10
6.6200E+5	1.0000E+0	2.8442E-8	5.0000E+1	1.3811E-10
6.6250E+5	1.0000E+0	2.8133E-8	5.0000E+1	1.4473E-10
6.6300E+5	1.0000E+0	2.7733E-8	5.0000E+1	1.4895E-10
6.6350E+5	1.0000E+0	2.7439E-8	5.0000E+1	1.5202E-10
6.6400E+5	1.0000E+0	2.7541E-8	5.0000E+1	1.5421E-10
6.6450E+5	1.0000E+0	2.7419E-8	5.0000E+1	1.5545E-10
6.6500E+5	1.0000E+0	2.7313E-8	5.0000E+1	1.5715E-10
6.6550E+5	1.0000E+0	2.6936E-8	5.0000E+1	1.5754E-10
6.6600E+5	1.0000E+0	2.7218E-8	5.0000E+1	1.5817E-10
6.6650E+5	1.0000E+0	2.7503E-8	5.0000E+1	1.5758E-10
6.6700E+5	1.0000E+0	2.7501E-8	5.0000E+1	1.5881E-10
6.6750E+5	1.0000E+0	2.7582E-8	5.0000E+1	1.5871E-10
6.6800E+5	1.0000E+0	2.7210E-8	5.0000E+1	1.6022E-10
6.6850E+5	1.0000E+0	2.7314E-8	5.0000E+1	1.6026E-10
6.6900E+5	1.0000E+0	2.7057E-8	5.0000E+1	1.5934E-10
6.6950E+5	1.0000E+0	2.7324E-8	5.0000E+1	1.5914E-10
6.7000E+5	1.0000E+0	2.7387E-8	5.0000E+1	1.5927E-10
6.7050E+5	1.0000E+0	2.7447E-8	5.0000E+1	1.5970E-10
6.7100E+5	1.0000E+0	2.7330E-8	5.0000E+1	1.6008E-10
6.7150E+5	1.0000E+0	2.7398E-8	5.0000E+1	1.5986E-10
6.7200E+5	1.0000E+0	2.7309E-8	5.0000E+1	1.5918E-10
6.7250E+5	1.0000E+0	2.7457E-8	5.0000E+1	1.5977E-10
6.7300E+5	1.0000E+0	2.7238E-8	5.0000E+1	1.5921E-10
6.7350E+5	1.0000E+0	2.7373E-8	5.0000E+1	1.5904E-10
6.7400E+5	1.0000E+0	2.7100E-8	5.0000E+1	1.5998E-10
6.7450E+5	1.0000E+0	2.7148E-8	5.0000E+1	1.5924E-10
6.7500E+5	1.0000E+0	2.7178E-8	5.0000E+1	1.5965E-10
6.7550E+5	1.0000E+0	2.7001E-8	5.0000E+1	1.5994E-10
6.7600E+5	1.0000E+0	2.6732E-8	5.0000E+1	1.5921E-10
6.7650E+5	1.0000E+0	2.7124E-8	5.0000E+1	1.5835E-10
6.7700E+5	1.0000E+0	2.7285E-8	5.0000E+1	1.5842E-10
6.7750E+5	1.0000E+0	2.6864E-8	5.0000E+1	1.6024E-10
6.7800E+5	1.0000E+0	2.6727E-8	5.0000E+1	1.5963E-10
6.7850E+5	1.0000E+0	2.6650E-8	5.0000E+1	1.6119E-10
6.7900E+5	1.0000E+0	2.6262E-8	5.0000E+1	1.6650E-10
6.7950E+5	1.0000E+0	2.6480E-8	5.0000E+1	1.7054E-10
6.8000E+5	1.0000E+0	2.6560E-8	5.0000E+1	1.7578E-10
6.8050E+5	1.0000E+0	2.6477E-8	5.0000E+1	1.8056E-10
6.8100E+5	1.0000E+0	2.6188E-8	5.0000E+1	1.8079E-10
6.8150E+5	1.0000E+0	2.6220E-8	5.0000E+1	1.7928E-10
6.8200E+5	1.0000E+0	2.6094E-8	5.0000E+1	1.8060E-10
6.8250E+5	1.0000E+0	2.6008E-8	5.0000E+1	1.8079E-10
6.8300E+5	1.0000E+0	2.5947E-8	5.0000E+1	1.8165E-10
6.8350E+5	1.0000E+0	2.5842E-8	5.0000E+1	1.8261E-10
6.8400E+5	1.0000E+0	2.6058E-8	5.0000E+1	1.8219E-10
6.8450E+5	1.0000E+0	2.5931E-8	5.0000E+1	1.8285E-10
6.8500E+5	1.0000E+0	2.5981E-8	5.0000E+1	1.8124E-10
6.8550E+5	1.0000E+0	2.5995E-8	5.0000E+1	1.8057E-10
6.8600E+5	1.0000E+0	2.5703E-8	5.0000E+1	1.8194E-10
6.8650E+5	1.0000E+0	2.5706E-8	5.0000E+1	1.8198E-10
6.8700E+5	1.0000E+0	2.5674E-8	5.0000E+1	1.8161E-10
6.8750E+5	1.0000E+0	2.5549E-8	5.0000E+1	1.8197E-10
6.8800E+5	1.0000E+0	2.5592E-8	5.0000E+1	1.8004E-10
6.8850E+5	1.0000E+0	2.5570E-8	5.0000E+1	1.7987E-10
6.8900E+5	1.0000E+0	2.5480E-8	5.0000E+1	1.8119E-10
6.8950E+5	1.0000E+0	2.5505E-8	5.0000E+1	1.8135E-10
6.9000E+5	1.0000E+0	2.5536E-8	5.0000E+1	1.8010E-10
6.9050E+5	1.0000E+0	2.5596E-8	5.0000E+1	1.8034E-10
6.9100E+5	1.0000E+0	2.5879E-8	5.0000E+1	1.8191E-10
6.9150E+5	1.0000E+0	2.5495E-8	5.0000E+1	1.8098E-10
6.9200E+5	1.0000E+0	2.5475E-8	5.0000E+1	1.8034E-10
6.9250E+5	1.0000E+0	2.5930E-8	5.0000E+1	1.8013E-10
6.9300E+5	1.0000E+0	2.5685E-8	5.0000E+1	1.8009E-10
6.9350E+5	1.0000E+0	2.5661E-8	5.0000E+1	1.8144E-10
6.9400E+5	1.0000E+0	2.5674E-8	5.0000E+1	1.8171E-10
6.9450E+5	1.0000E+0	2.5442E-8	5.0000E+1	1.8087E-10
6.9500E+5	1.0000E+0	2.5487E-8	5.0000E+1	1.8117E-10
6.9550E+5	1.0000E+0	2.5635E-8	5.0000E+1	1.8120E-10
6.9600E+5	1.0000E+0	2.5778E-8	5.0000E+1	1.8104E-10
6.9650E+5	1.0000E+0	2.5703E-8	5.0000E+1	1.8134E-10
6.9700E+5	1.0000E+0	2.5656E-8	5.0000E+1	1.8137E-10
6.9750E+5	1.0000E+0	2.5809E-8	5.0000E+1	1.8168E-10
6.9800E+5	1.0000E+0	2.5614E-8	5.0000E+1	1.8231E-10
6.9850E+5	1.0000E+0	2.5690E-8	5.0000E+1	1.8118E-10
6.9900E+5	1.0000E+0	2.5756E-8	5.0000E+1	1.8022E-10
6.9950E+5	1.0000E+0	2.5674E-8	5.0000E+1	1.8026E-10
7.0000E+5	1.0000E+0	2.5594E-8	5.0000E+1	1.8059E-10
7.0050E+5	1.0000E+0	2.5534E-8	5.0000E+1	1.8114E-10
7.0100E+5	1.0000E+0	2.5628E-8	5.0000E+1	1.8166E-10
7.0150E+5	1.0000E+0	2.5690E-8	5.0000E+1	1.8108E-10
7.0200E+5	1.0000E+0	2.5464E-8	5.0000E+1	1.8104E-10
7.0250E+5	1.0000E+0	2.5592E-8	5.0000E+1	1.7929E-10
7.0300E+5	1.0000E+0	2.5550E-8	5.0000E+1	1.8154E-10
7.0350E+5	1.0000E+0	2.5487E-8	5.0000E+1	1.8182E-10
7.0400E+5	1.0000E+0	2.5287E-8	5.0000E+1	1.8089E-10
7.0450E+5	1.0000E+0	2.5267E-8	5.0000E+1	1.8259E-10
7.0500E+5	1.0000E+0	2.5401E-8	5.0000E+1	1.8160E-10
7.0550E+5	1.0000E+0	2.5298E-8	5.0000E+1	1.8109E-10
7.0600E+5	1.0000E+0	2.5410E-8	5.0000E+1	1.8113E-10
7.0650E+5	1.0000E+0	2.5553E-8	5.0000E+1	1.8194E-10
7.0700E+5	1.0000E+0	2.5566E-8	5.0000E+1	1.8101E-10
7.0750E+5	1.0000E+0	2.5647E-8	5.0000E+1	1.8160E-10
7.0800E+5	1.0000E+0	2.5450E-8	5.0000E+1	1.8099E-10
7.0850E+5	1.0000E+0	2.5545E-8	5.0000E+1	1.8094E-10
7.0900E+5	1.0000E+0	2.5535E-8	5.0000E+1	1.8200E-10
7.0950E+5	1.0000E+0	2.5418E-8	5.0000E+1	1.8135E-10
7.1000E+5	1.0000E+0	2.5095E-8	5.0000E+1	1.8071E-10
7.1050E+5	1.0000E+0	2.5165E-8	5.0000E+1	1.8023E-10
7.1100E+5	1.0000E+0	2.4952E-8	5.0000E+1	1.8164E-10
7.1150E+5	1.0000E+0	3.0280E-8	5.0000E+1	1.5510E-8
7.1200E+5	1.0000E+0	3.0323E-8	5.0000E+1	1.5323E-8
7.1250E+5	1.0000E+0	3.0017E-8	5.0000E+1	1.5319E-8
7.1300E+5	1.0000E+0	3.0178E-8	5.0000E+1	1.5311E-8
7.1350E+5	1.0000E+0	3.0179E-8	5.0000E+1	1.5307E-8
7.1400E+5	1.0000E+0	3.0062E-8	5.0000E+1	1.5303E-8
7.1450E+5	1.0000E+0	3.0181E-8	5.0000E+1	1.5301E-8
7.1500E+5	1.0000E+0	3.0162E-8	5.0000E+1	1.5299E-8
7.1550E+5	1.0000E+0	3.0125E-8	5.0000E+1	1.5294E-8
7.1600E+5	1.0000E+0	3.0061E-8	5.0000E+1	1.5294E-8
7.1650E+5	1.0000E+0	3.0000E-8	5.0000E+1	1.5291E-8
7.1700E+5	1.0000E+0	3.0171E-8	5.0000E+1	1.5288E-8
7.1750E+5	1.0000E+0	2.9840E-8	5.0000E+1	1.5287E-8
7.1800E+5	1.0000E+0	2.9996E-8	5.0000E+1	1.5282E-8
7.1850E+5	1.0000E+0	2.9937E-8	5.0000E+1	1.5282E-8
7.1900E+5	1.0000E+0	2.9785E-8	5.0000E+1	1.5279E-8
7.1950E+5	1.0000E+0	2.9803E-8	5.0000E+1	1.5281E-8
7.2000E+5	1.0000E+0	2.9590E-8	5.0000E+1	1.5276E-8
7.2050E+5	1.0000E+0	2.9606E-8	5.0000E+1	1.5279E-8
7.2100E+5	1.0000E+0	2.9648E-8	5.0000E+1	1.5277E-8
7.2150E+5	1.0000E+0	2.6539E-8	5.0000E+1	6.7347E-10
7.2200E+5	1.0000E+0	2.5427E-8	5.0000E+1	1.5455E-10
7.2250E+5	1.0000E+0	2.5007E-8	5.0000E+1	1.6237E-10
7.2300E+5	1.0000E+0	2.4763E-8	5.0000E+1	1.6827E-10
7.2350E+5	1.0000E+0	2.4389E-8	5.0000E+1	1.7138E-10
7.2400E+5	1.0000E+0	2.3971E-8	5.0000E+1	1.7328E-10
7.2450E+5	1.0000E+0	2.3990E-8	5.0000E+1	1.7551E-10
7.2500E+5	1.0000E+0	2.3941E-8	5.0000E+1	1.7627E-10
7.2550E+5	1.0000E+0	2.3742E-8	5.0000E+1	1.7890E-10
7.2600E+5	1.0000E+0	2.3552E-8	5.0000E+1	1.7831E-10
7.2650E+5	1.0000E+0	2.3602E-8	5.0000E+1	1.7894E-10
7.2700E+5	1.0000E+0	2.3751E-8	5.0000E+1	1.7924E-10
7.2750E+5	1.0000E+0	2.3864E-8	5.0000E+1	1.7994E-10
7.2800E+5	1.0000E+0	2.3723E-8	5.0000E+1	1.8045E-10
7.2850E+5	1.0000E+0	2.3832E-8	5.0000E+1	1.7980E-10
7.2900E+5	1.0000E+0	2.3676E-8	5.0000E+1	1.7971E-10
7.2950E+5	1.0000E+0	2.3596E-8	5.0000E+1	1.8057E-10
7.3000E+5	1.0000E+0	2.3347E-8	5.0000E+1	1.7941E-10
7.3050E+5	1.0000E+0	2.3133E-8	5.0000E+1	1.7832E-10
7.3100E+5	1.0000E+0	2.3100E-8	5.0000E+1	1.7947E-10
7.3150E+5	1.0000E+0	2.8077E-8	5.0000E+1	1.5639E-8
7.3200E+5	1.0000E+0	2.8332E-8	5.0000E+1	1.5361E-8
7.3250E+5	1.0000E+0	2.8339E-8	5.0000E+1	1.5357E-8
7.3300E+5	1.0000E+0	2.8205E-8	5.0000E+1	1.5354E-8
7.3350E+5	1.0000E+0	2.8030E-8	5.0000E+1	1.5353E-8
7.3400E+5	1.0000E+0	2.7967E-8	5.0000E+1	1.5342E-8
7.3450E+5	1.0000E+0	2.7571E-8	5.0000E+1	1.5341E-8
7.3500E+5	1.0000E+0	2.7457E-8	5.0000E+1	1.5339E-8
7.3550E+5	1.0000E+0	2.7321E-8	5.0000E+1	1.5337E-8
7.3600E+5	1.0000E+0	2.7136E-8	5.0000E+1	1.5337E-8
7.3650E+5	1.0000E+0	2.6875E-8	5.0000E+1	1.5336E-8
7.3700E+5	1.0000E+0	2.6794E-8	5.0000E+1	1.5338E-8
7.3750E+5	1.0000E+0	2.6736E-8	5.0000E+1	1.5334E-8
7.3800E+5	1.0000E+0	2.6891E-8	5.0000E+1	1.5332E-8
7.3850E+5	1.0000E+0	2.6609E-8	5.0000E+1	1.5332E-8
7.3900E+5	1.0000E+0	2.6492E-8	5.0000E+1	1.5329E-8
7.3950E+5	1.0000E+0	2.6627E-8	5.0000E+1	1.5328E-8
7.4000E+5	1.0000E+0	2.6568E-8	5.0000E+1	1.5322E-8
7.4050E+5	1.0000E+0	2.6252E-8	5.0000E+1	1.5325E-8
7.4100E+5	1.0000E+0	2.6134E-8	5.0000E+1	1.5319E-8
7.4150E+5	1.0000E+0	2.3659E-8	5.0000E+1	2.3532E-9
7.4200E+5	1.0000E+0	2.2881E-8	5.0000E+1	1.5345E-10
7.4250E+5	1.0000E+0	2.2319E-8	5.0000E+1	1.6161E-10
7.4300E+5	1.0000E+0	2.1883E-8	5.0000E+1	1.6822E-10
7.4350E+5	1.0000E+0	2.1555E-8	5.0000E+1	1.7236E-10
7.4400E+5	1.0000E+0	2.1628E-8	5.0000E+1	1.7312E-10
7.4450E+5	1.0000E+0	2.1440E-8	5.0000E+1	1.7433E-10
7.4500E+5	1.0000E+0	2.1330E-8	5.0000E+1	1.7536E-10
7.4550E+5	1.0000E+0	2.1135E-8	5.0000E+1	1.7654E-10
7.4600E+5	1.0000E+0	2.1110E-8	5.0000E+1	1.7624E-10
7.4650E+5	1.0000E+0	2.1023E-8	5.0000E+1	1.7698E-10
7.4700E+5	1.0000E+0	2.0928E-8	5.0000E+1	1.7701E-10
7.4750E+5	1.0000E+0	2.1098E-8	5.0000E+1	1.7783E-10
7.4800E+5	1.0000E+0	2.1205E-8	5.0000E+1	1.7807E-10
7.4850E+5	1.0000E+0	2.1250E-8	5.0000E+1	1.7980E-10
7.4900E+5	1.0000E+0	2.1160E-8	5.0000E+1	1.7870E-10
7.4950E+5	1.0000E+0	2.0967E-8	5.0000E+1	1.7842E-10
7.5000E+5	1.0000E+0	2.0845E-8	5.0000E+1	1.8022E-10
7.5050E+5	1.0000E+0	2.0873E-8	5.0000E+1	1.7888E-10
7.5100E+5	1.0000E+0	2.0854E-8	5.0000E+1	1.8048E-10
7.5150E+5	1.0000E+0	2.6272E-8	5.0000E+1	1.5799E-8
7.5200E+5	1.0000E+0	2.5979E-8	5.0000E+1	1.5408E-8
7.5250E+5	1.0000E+0	2.6128E-8	5.0000E+1	1.5404E-8
7.5300E+5	1.0000E+0	2.6087E-8	5.0000E+1	1.5402E-8
7.5350E+5	1.0000E+0	2.6005E-8	5.0000E+1	1.5402E-8
7.5400E+5	1.0000E+0	2.6306E-8	5.0000E+1	1.5398E-8
7.5450E+5	1.0000E+0	2.6119E-8	5.0000E+1	1.5391E-8
7.5500E+5	1.0000E+0	2.6014E-8	5.0000E+1	1.5391E-8
7.5550E+5	1.0000E+0	2.5716E-8	5.0000E+1	1.5388E-8
7.5600E+5	1.0000E+0	2.5811E-8	5.0000E+1	1.5385E-8
7.5650E+5	1.0000E+0	2.5685E-8	5.0000E+1	1.5383E-8
7.5700E+5	1.0000E+0	2.5641E-8	5.0000E+1	1.5381E-8
7.5750E+5	1.0000E+0	2.5248E-8	5.0000E+1	1.5375E-8
7.5800E+5	1.0000E+0	2.4817E-8	5.0000E+1	1.5376E-8
7.5850E+5	1.0000E+0	2.4635E-8	5.0000E+1	1.5371E-8
7.5900E+5	1.0000E+0	2.4702E-8	5.0000E+1	1.5367E-8
7.5950E+5	1.0000E+0	2.4565E-8	5.0000E+1	1.5369E-8
7.6000E+5	1.0000E+0	2.4503E-8	5.0000E+1	1.5365E-8
7.6050E+5	1.0000E+0	2.4425E-8	5.0000E+1	1.5362E-8
7.6100E+5	1.0000E+0	2.4442E-8	5.0000E+1	1.5362E-8
7.6150E+5	1.0000E+0	2.1733E-8	5.0000E+1	4.5436E-9
7.6200E+5	1.0000E+0	2.1087E-8	5.0000E+1	1.5615E-10
7.6250E+5	1.0000E+0	2.0713E-8	5.0000E+1	1.6202E-10
7.6300E+5	1.0000E+0	2.0259E-8	5.0000E+1	1.6972E-10
7.6350E+5	1.0000E+0	1.9918E-8	5.0000E+1	1.7201E-10
7.6400E+5	1.0000E+0	1.9624E-8	5.0000E+1	1.7478E-10
7.6450E+5	1.0000E+0	1.9575E-8	5.0000E+1	1.7607E-10
7.6500E+5	1.0000E+0	1.9633E-8	5.0000E+1	1.7586E-10
7.6550E+5	1.0000E+0	1.9319E-8	5.0000E+1	1.7614E-10
7.6600E+5	1.0000E+0	1.9082E-8	5.0000E+1	1.7657E-10
7.6650E+5	1.0000E+0	1.9411E-8	5.0000E+1	1.7794E-10
7.6700E+5	1.0000E+0	1.9238E-8	5.0000E+1	1.7804E-10
7.6750E+5	1.0000E+0	1.9320E-8	5.0000E+1	1.7791E-10
7.6800E+5	1.0000E+0	1.9095E-8	5.0000E+1	1.7832E-10
7.6850E+5	1.0000E+0	1.8994E-8	5.0000E+1	1.7932E-10
7.6900E+5	1.0000E+0	1.9112E-8	5.0000E+1	1.7805E-10
7.6950E+5	1.0000E+0	1.8853E-8	5.0000E+1	1.7928E-10
7.7000E+5	1.0000E+0	1.8782E-8	5.0000E+1	1.7951E-10
7.7050E+5	1.0000E+0	1.8908E-8	5.0000E+1	1.7879E-10
7.7100E+5	1.0000E+0	1.8895E-8	5.0000E+1	1.7775E-10
7.7150E+5	1.0000E+0	2.3279E-8	5.0000E+1	1.5409E-8
7.7200E+5	1.0000E+0	2.3406E-8	5.0000E+1	1.5435E-8
7.7250E+5	1.0000E+0	2.3463E-8	5.0000E+1	1.5431E-8
7.7300E+5	1.0000E+0	2.3167E-8	5.0000E+1	1.5429E-8
7.7350E+5	1.0000E+0	2.2955E-8	5.0000E+1	1.5429E-8
7.7400E+5	1.0000E+0	2.3003E-8	5.0000E+1	1.5426E-8
7.7450E+5	1.0000E+0	2.2727E-8	5.0000E+1	1.5421E-8
7.7500E+5	1.0000E+0	2.2902E-8	5.0000E+1	1.5423E-8
7.7550E+5	1.0000E+0	2.2837E-8	5.0000E+1	1.5416E-8
7.7600E+5	1.0000E+0	2.2811E-8	5.0000E+1	1.5417E-8
7.7650E+5	1.0000E+0	2.3009E-8	5.0000E+1	1.5414E-8
7.7700E+5	1.0000E+0	2.2859E-8	5.0000E+1	1.5408E-8
7.7750E+5	1.0000E+0	2.2608E-8	5.0000E+1	1.5406E-8
7.7800E+5	1.0000E+0	2.2592E-8	5.0000E+1	1.5403E-8
7.7850E+5	1.0000E+0	2.2821E-8	5.0000E+1	1.5402E-8
7.7900E+5	1.0000E+0	2.2956E-8	5.0000E+1	1.5400E-8
7.7950E+5	1.0000E+0	2.2643E-8	5.0000E+1	1.5399E-8
7.8000E+5	1.0000E+0	2.2470E-8	5.0000E+1	1.5397E-8
7.8050E+5	1.0000E+0	2.2550E-8	5.0000E+1	1.5394E-8
7.8100E+5	1.0000E+0	2.2615E-8	5.0000E+1	1.5399E-8
7.8150E+5	1.0000E+0	2.0421E-8	5.0000E+1	6.7390E-9
7.8200E+5	1.0000E+0	1.9271E-8	5.0000E+1	1.6052E-10
7.8250E+5	1.0000E+0	1.9077E-8	5.0000E+1	1.6746E-10
7.8300E+5	1.0000E+0	1.8956E-8	5.0000E+1	1.7345E-10
7.8350E+5	1.0000E+0	1.8683E-8	5.0000E+1	1.7763E-10
7.8400E+5	1.0000E+0	1.8622E-8	5.0000E+1	1.8001E-10
7.8450E+5	1.0000E+0	1.8669E-8	5.0000E+1	1.8195E-10
7.8500E+5	1.0000E+0	1.8604E-8	5.0000E+1	1.8232E-10
7.8550E+5	1.0000E+0	1.8738E-8	5.0000E+1	1.8332E-10
7.8600E+5	1.0000E+0	1.8571E-8	5.0000E+1	1.8107E-10
7.8650E+5	1.0000E+0	1.8580E-8	5.0000E+1	1.8111E-10
7.8700E+5	1.0000E+0	1.8617E-8	5.0000E+1	1.8217E-10
7.8750E+5	1.0000E+0	1.8648E-8	5.0000E+1	1.8323E-10
7.8800E+5	1.0000E+0	1.8586E-8	5.0000E+1	1.8203E-10
7.8850E+5	1.0000E+0	1.8715E-8	5.0000E+1	1.8271E-10
7.8900E+5	1.0000E+0	1.8447E-8	5.0000E+1	1.8223E-10
7.8950E+5	1.0000E+0	1.8377E-8	5.0000E+1	1.8203E-10
7.9000E+5	1.0000E+0	1.8353E-8	5.0000E+1	1.8380E-10
7.9050E+5	1.0000E+0	1.8417E-8	5.0000E+1	1.8236E-10
7.9100E+5	1.0000E+0	1.8278E-8	5.0000E+1	1.8729E-10
7.9150E+5	1.0000E+0	1.8428E-8	5.0000E+1	1.9233E-10
7.9200E+5	1.0000E+0	1.8351E-8	5.0000E+1	1.9659E-10
7.9250E+5	1.0000E+0	1.8243E-8	5.0000E+1	2.0200E-10
7.9300E+5	1.0000E+0	1.8191E-8	5.0000E+1	2.0315E-10
7.9350E+5	1.0000E+0	1.8320E-8	5.0000E+1	2.0351E-10
7.9400E+5	1.0000E+0	1.8135E-8	5.0000E+1	2.0257E-10
7.9450E+5	1.0000E+0	1.8206E-8	5.0000E+1	2.0302E-10
7.9500E+5	1.0000E+0	1.8329E-8	5.0000E+1	2.0220E-10
7.9550E+5	1.0000E+0	1.8244E-8	5.0000E+1	2.0266E-10
7.9600E+5	1.0000E+0	1.8292E-8	5.0000E+1	2.0239E-10
7.9650E+5	1.0000E+0	1.8380E-8	5.0000E+1	2.0270E-10
7.9700E+5	1.0000E+0	1.8238E-8	5.0000E+1	2.0108E-10
7.9750E+5	1.0000E+0	1.8228E-8	5.0000E+1	2.0225E-10
7.9800E+5	1.0000E+0	1.8098E-8	5.0000E+1	2.0171E-10
7.9850E+5	1.0000E+0	1.7856E-8	5.0000E+1	2.0191E-10
7.9900E+5	1.0000E+0	1.7942E-8	5.0000E+1	2.0083E-10
7.9950E+5	1.0000E+0	1.7959E-8	5.0000E+1	2.0228E-10
8.0000E+5	1.0000E+0	1.7956E-8	5.0000E+1	2.0228E-10
8.0050E+5	1.0000E+0	1.8074E-8	5.0000E+1	2.0262E-10
8.0100E+5	1.0000E+0	1.8209E-8	5.0000E+1	2.0148E-10
8.0150E+5	1.0000E+0	1.7967E-8	5.0000E+1	2.0271E-10
8.0200E+5	1.0000E+0	1.7906E-8	5.0000E+1	2.0164E-10
8.0250E+5	1.0000E+0	1.7803E-8	5.0000E+1	2.0282E-10
8.0300E+5	1.0000E+0	1.7877E-8	5.0000E+1	2.0076E-10
8.0350E+5	1.0000E+0	1.7628E-8	5.0000E+1	2.0290E-10
8.0400E+5	1.0000E+0	1.7602E-8	5.0000E+1	2.0376E-10
8.0450E+5	1.0000E+0	1.7763E-8	5.0000E+1	2.0240E-10
8.0500E+5	1.0000E+0	1.7745E-8	5.0000E+1	2.0181E-10
8.0550E+5	1.0000E+0	1.7857E-8	5.0000E+1	2.0238E-10
8.0600E+5	1.0000E+0	1.8127E-8	5.0000E+1	2.0198E-10
8.0650E+5	1.0000E+0	1.7928E-8	5.0000E+1	2.0300E-10
8.0700E+5	1.0000E+0	1.7917E-8	5.0000E+1	2.0191E-10
8.0750E+5	1.0000E+0	1.7847E-8	5.0000E+1	2.0193E-10
8.0800E+5	1.0000E+0	1.7822E-8	5.0000E+1	2.0214E-10
8.0850E+5	1.0000E+0	1.7874E-8	5.0000E+1	2.0158E-10
8.0900E+5	1.0000E+0	1.7969E-8	5.0000E+1	2.0354E-10
8.0950E+5	1.0000E+0	1.7988E-8	5.0000E+1	2.0470E-10
8.1000E+5	1.0000E+0	1.7898E-8	5.0000E+1	2.0286E-10
8.1050E+5	1.0000E+0	1.7874E-8	5.0000E+1	2.0400E-10
8.1100E+5	1.0000E+0	1.7941E-8	5.0000E+1	2.0431E-10
8.1150E+5	1.0000E+0	1.7949E-8	5.0000E+1	2.0444E-10
8.1200E+5	1.0000E+0	1.7708E-8	5.0000E+1	2.0372E-10
8.1250E+5	1.0000E+0	1.7852E-8	5.0000E+1	2.0214E-10
8.1300E+5	1.0000E+0	1.7891E-8	5.0000E+1	2.0346E-10
8.1350E+5	1.0000E+0	1.7853E-8	5.0000E+1	2.0298E-10
8.1400E+5	1.0000E+0	1.7839E-8	5.0000E+1	2.0255E-10
8.1450E+5	1.0000E+0	1.7870E-8	5.0000E+1	2.0312E-10
8.1500E+5	1.0000E+0	1.7745E-8	5.0000E+1	2.0493E-10
8.1550E+5	1.0000E+0	1.9387E-8	5.0000E+1	2.0428E-10
8.1600E+5	1.0000E+0	2.1682E-8	5.0000E+1	1.8499E-8
8.1650E+5	1.0000E+0	2.1478E-8	5.0000E+1	1.8474E-8
8.1700E+5	1.0000E+0	2.1327E-8	5.0000E+1	1.8472E-8
8.1750E+5	1.0000E+0	2.1390E-8	5.0000E+1	1.8463E-8
8.1800E+5	1.0000E+0	2.1609E-8	5.0000E+1	1.8457E-8
8.1850E+5	1.0000E+0	2.1315E-8	5.0000E+1	1.8449E-8
8.1900E+5	1.0000E+0	2.1627E-8	5.0000E+1	1.8443E-8
8.1950E+5	1.0000E+0	2.1389E-8	5.0000E+1	1.8439E-8
8.2000E+5	1.0000E+0	2.1394E-8	5.0000E+1	1.8433E-8
8.2050E+5	1.0000E+0	2.0938E-8	5.0000E+1	1.8428E-8
8.2100E+5	1.0000E+0	2.1162E-8	5.0000E+1	1.8426E-8
8.2150E+5	1.0000E+0	2.1656E-8	5.0000E+1	1.8421E-8
8.2200E+5	1.0000E+0	2.1604E-8	5.0000E+1	1.8417E-8
8.2250E+5	1.0000E+0	2.1698E-8	5.0000E+1	1.8412E-8
8.2300E+5	1.0000E+0	2.1409E-8	5.0000E+1	1.8411E-8
8.2350E+5	1.0000E+0	2.1165E-8	5.0000E+1	1.8409E-8
8.2400E+5	1.0000E+0	2.0829E-8	5.0000E+1	1.8408E-8
8.2450E+5	1.0000E+0	2.0665E-8	5.0000E+1	1.8410E-8
8.2500E+5	1.0000E+0	2.0785E-8	5.0000E+1	1.8405E-8
8.2550E+5	1.0000E+0	2.0838E-8	5.0000E+1	1.8401E-8
8.2600E+5	1.0000E+0	1.8122E-8	5.0000E+1	2.1378E-10
8.2650E+5	1.0000E+0	1.7596E-8	5.0000E+1	1.8219E-10
8.2700E+5	1.0000E+0	1.7311E-8	5.0000E+1	1.9212E-10
8.2750E+5	1.0000E+0	1.7110E-8	5.0000E+1	1.9467E-10
8.2800E+5	1.0000E+0	1.6901E-8	5.0000E+1	1.9771E-10
8.2850E+5	1.0000E+0	1.6920E-8	5.0000E+1	1.9975E-10
8.2900E+5	1.0000E+0	1.6903E-8	5.0000E+1	1.9927E-10
8.2950E+5	1.0000E+0	1.6893E-8	5.0000E+1	1.9969E-10
8.3000E+5	1.0000E+0	1.6990E-8	5.0000E+1	2.0022E-10
8.3050E+5	1.0000E+0	1.6982E-8	5.0000E+1	1.9915E-10
8.3100E+5	1.0000E+0	1.6989E-8	5.0000E+1	1.9969E-10
8.3150E+5	1.0000E+0	1.6713E-8	5.0000E+1	1.9920E-10
8.3200E+5	1.0000E+0	1.6638E-8	5.0000E+1	1.9908E-10
8.3250E+5	1.0000E+0	1.6588E-8	5.0000E+1	2.0012E-10
8.3300E+5	1.0000E+0	1.6460E-8	5.0000E+1	1.9884E-10
8.3350E+5	1.0000E+0	1.6578E-8	5.0000E+1	1.9768E-10
8.3400E+5	1.0000E+0	1.6687E-8	5.0000E+1	1.9927E-10
8.3450E+5	1.0000E+0	1.6671E-8	5.0000E+1	2.0068E-10
8.3500E+5	1.0000E+0	1.6712E-8	5.0000E+1	1.9851E-10
8.3550E+5	1.0000E+0	1.7533E-8	5.0000E+1	1.9892E-10
8.3600E+5	1.0000E+0	2.0102E-8	5.0000E+1	1.8548E-8
8.3650E+5	1.0000E+0	1.9962E-8	5.0000E+1	1.8518E-8
8.3700E+5	1.0000E+0	2.0037E-8	5.0000E+1	1.8519E-8
8.3750E+5	1.0000E+0	2.0074E-8	5.0000E+1	1.8515E-8
8.3800E+5	1.0000E+0	2.0120E-8	5.0000E+1	1.8512E-8
8.3850E+5	1.0000E+0	2.0131E-8	5.0000E+1	1.8513E-8
8.3900E+5	1.0000E+0	2.0021E-8	5.0000E+1	1.8512E-8
8.3950E+5	1.0000E+0	1.9792E-8	5.0000E+1	1.8511E-8
8.4000E+5	1.0000E+0	1.9590E-8	5.0000E+1	1.8512E-8
8.4050E+5	1.0000E+0	1.9835E-8	5.0000E+1	1.8508E-8
8.4100E+5	1.0000E+0	1.9579E-8	5.0000E+1	1.8504E-8
8.4150E+5	1.0000E+0	1.9570E-8	5.0000E+1	1.8501E-8
8.4200E+5	1.0000E+0	1.9589E-8	5.0000E+1	1.8496E-8
8.4250E+5	1.0000E+0	1.9715E-8	5.0000E+1	1.8491E-8
8.4300E+5	1.0000E+0	1.9492E-8	5.0000E+1	1.8488E-8
8.4350E+5	1.0000E+0	1.9618E-8	5.0000E+1	1.8487E-8
8.4400E+5	1.0000E+0	1.9887E-8	5.0000E+1	1.8484E-8
8.4450E+5	1.0000E+0	1.9656E-8	5.0000E+1	1.8485E-8
8.4500E+5	1.0000E+0	1.9823E-8	5.0000E+1	1.8485E-8
8.4550E+5	1.0000E+0	1.9951E-8	5.0000E+1	1.8487E-8
8.4600E+5	1.0000E+0	1.7175E-8	5.0000E+1	2.3421E-10
8.4650E+5	1.0000E+0	1.6464E-8	5.0000E+1	1.8242E-10
8.4700E+5	1.0000E+0	1.5922E-8	5.0000E+1	1.9068E-10
8.4750E+5	1.0000E+0	1.5891E-8	5.0000E+1	1.9722E-10
8.4800E+5	1.0000E+0	1.5937E-8	5.0000E+1	1.9783E-10
8.4850E+5	1.0000E+0	1.5681E-8	5.0000E+1	1.9811E-10
8.4900E+5	1.0000E+0	1.5597E-8	5.0000E+1	1.9916E-10
8.4950E+5	1.0000E+0	1.5421E-8	5.0000E+1	1.9927E-10
8.5000E+5	1.0000E+0	1.5564E-8	5.0000E+1	2.0146E-10
8.5050E+5	1.0000E+0	1.5461E-8	5.0000E+1	1.9993E-10
8.5100E+5	1.0000E+0	1.5553E-8	5.0000E+1	1.9936E-10
8.5150E+5	1.0000E+0	1.5461E-8	5.0000E+1	1.9842E-10
8.5200E+5	1.0000E+0	1.5302E-8	5.0000E+1	2.0076E-10
8.5250E+5	1.0000E+0	1.5128E-8	5.0000E+1	2.0090E-10
8.5300E+5	1.0000E+0	1.5189E-8	5.0000E+1	1.9974E-10
8.5350E+5	1.0000E+0	1.5376E-8	5.0000E+1	2.0061E-10
8.5400E+5	1.0000E+0	1.5146E-8	5.0000E+1	2.0083E-10
8.5450E+5	1.0000E+0	1.5029E-8	5.0000E+1	2.0058E-10
8.5500E+5	1.0000E+0	1.5155E-8	5.0000E+1	2.0120E-10
8.5550E+5	1.0000E+0	1.5514E-8	5.0000E+1	2.0186E-10
8.5600E+5	1.0000E+0	1.8322E-8	5.0000E+1	1.8655E-8
8.5650E+5	1.0000E+0	1.8571E-8	5.0000E+1	1.8616E-8
8.5700E+5	1.0000E+0	1.8586E-8	5.0000E+1	1.8612E-8
8.5750E+5	1.0000E+0	1.8523E-8	5.0000E+1	1.8613E-8
8.5800E+5	1.0000E+0	1.8716E-8	5.0000E+1	1.8608E-8
8.5850E+5	1.0000E+0	1.8817E-8	5.0000E+1	1.8604E-8
8.5900E+5	1.0000E+0	1.8603E-8	5.0000E+1	1.8606E-8
8.5950E+5	1.0000E+0	1.8568E-8	5.0000E+1	1.8603E-8
8.6000E+5	1.0000E+0	1.8456E-8	5.0000E+1	1.8605E-8
8.6050E+5	1.0000E+0	1.8378E-8	5.0000E+1	1.8603E-8
8.6100E+5	1.0000E+0	1.8465E-8	5.0000E+1	1.8604E-8
8.6150E+5	1.0000E+0	1.9070E-8	5.0000E+1	1.8602E-8
8.6200E+5	1.0000E+0	1.8699E-8	5.0000E+1	1.8606E-8
8.6250E+5	1.0000E+0	1.8726E-8	5.0000E+1	1.8605E-8
8.6300E+5	1.0000E+0	1.8643E-8	5.0000E+1	1.8604E-8
8.6350E+5	1.0000E+0	1.8533E-8	5.0000E+1	1.8601E-8
8.6450E+5	1.0000E+0	1.8195E-8	5.0000E+1	1.8601E-8
8.6500E+5	1.0000E+0	1.8095E-8	5.0000E+1	1.8602E-8
8.6550E+5	1.0000E+0	1.8079E-8	5.0000E+1	1.8606E-8
8.6600E+5	1.0000E+0	1.5402E-8	5.0000E+1	2.6888E-10
8.6650E+5	1.0000E+0	1.4909E-8	5.0000E+1	1.8163E-10
8.6700E+5	1.0000E+0	1.4964E-8	5.0000E+1	1.9210E-10
8.6750E+5	1.0000E+0	1.4834E-8	5.0000E+1	1.9637E-10
8.6800E+5	1.0000E+0	1.4627E-8	5.0000E+1	1.9817E-10
8.6850E+5	1.0000E+0	1.4596E-8	5.0000E+1	1.9793E-10
8.6900E+5	1.0000E+0	1.4553E-8	5.0000E+1	1.9823E-10
8.6950E+5	1.0000E+0	1.4404E-8	5.0000E+1	1.9883E-10
8.7000E+5	1.0000E+0	1.4371E-8	5.0000E+1	1.9748E-10
8.7050E+5	1.0000E+0	1.4375E-8	5.0000E+1	1.9810E-10
8.7100E+5	1.0000E+0	1.4280E-8	5.0000E+1	1.9936E-10
8.7150E+5	1.0000E+0	1.4202E-8	5.0000E+1	1.9921E-10
8.7200E+5	1.0000E+0	1.4018E-8	5.0000E+1	1.9932E-10
8.7250E+5	1.0000E+0	1.4097E-8	5.0000E+1	1.9711E-10
8.7300E+5	1.0000E+0	1.4264E-8	5.0000E+1	1.9884E-10
8.7350E+5	1.0000E+0	1.4056E-8	5.0000E+1	1.9854E-10
8.7400E+5	1.0000E+0	1.3973E-8	5.0000E+1	1.9853E-10
8.7450E+5	1.0000E+0	1.3792E-8	5.0000E+1	1.9923E-10
8.7500E+5	1.0000E+0	1.3651E-8	5.0000E+1	1.9819E-10
8.7550E+5	1.0000E+0	1.3911E-8	5.0000E+1	2.0013E-10
8.7600E+5	1.0000E+0	1.6831E-8	5.0000E+1	1.8743E-8
8.7650E+5	1.0000E+0	1.6628E-8	5.0000E+1	1.8699E-8
8.7700E+5	1.0000E+0	1.6503E-8	5.0000E+1	1.8695E-8
8.7750E+5	1.0000E+0	1.6775E-8	5.0000E+1	1.8694E-8
8.7800E+5	1.0000E+0	1.6885E-8	5.0000E+1	1.8694E-8
8.7850E+5	1.0000E+0	1.6983E-8	5.0000E+1	1.8689E-8
8.7900E+5	1.0000E+0	1.6842E-8	5.0000E+1	1.8688E-8
8.7950E+5	1.0000E+0	1.6840E-8	5.0000E+1	1.8686E-8
8.8000E+5	1.0000E+0	1.6537E-8	5.0000E+1	1.8680E-8
8.8050E+5	1.0000E+0	1.6409E-8	5.0000E+1	1.8679E-8
8.8100E+5	1.0000E+0	1.6273E-8	5.0000E+1	1.8680E-8
8.8150E+5	1.0000E+0	1.6346E-8	5.0000E+1	1.8676E-8
8.8200E+5	1.0000E+0	1.6642E-8	5.0000E+1	1.8672E-8
8.8250E+5	1.0000E+0	1.6631E-8	5.0000E+1	1.8673E-8
8.8300E+5	1.0000E+0	1.6596E-8	5.0000E+1	1.8672E-8
8.8350E+5	1.0000E+0	1.6525E-8	5.0000E+1	1.8673E-8
8.8400E+5	1.0000E+0	1.6397E-8	5.0000E+1	1.8676E-8
8.8450E+5	1.0000E+0	1.6424E-8	5.0000E+1	1.8675E-8
8.8500E+5	1.0000E+0	1.6275E-8	5.0000E+1	1.8672E-8
8.8550E+5	1.0000E+0	1.5965E-8	5.0000E+1	1.8671E-8
8.8600E+5	1.0000E+0	1.3635E-8	5.0000E+1	3.4182E-10
8.8650E+5	1.0000E+0	1.2975E-8	5.0000E+1	1.8336E-10
8.8700E+5	1.0000E+0	1.2768E-8	5.0000E+1	1.9309E-10
8.8750E+5	1.0000E+0	1.2697E-8	5.0000E+1	1.9767E-10
8.8800E+5	1.0000E+0	1.2595E-8	5.0000E+1	1.9871E-10
8.8850E+5	1.0000E+0	1.2822E-8	5.0000E+1	1.9820E-10
8.8900E+5	1.0000E+0	1.2641E-8	5.0000E+1	1.9874E-10
8.8950E+5	1.0000E+0	1.2538E-8	5.0000E+1	1.9879E-10
8.9000E+5	1.0000E+0	1.2729E-8	5.0000E+1	1.9892E-10
8.9050E+5	1.0000E+0	1.2819E-8	5.0000E+1	2.0039E-10
8.9100E+5	1.0000E+0	1.2760E-8	5.0000E+1	2.0057E-10
8.9150E+5	1.0000E+0	1.2688E-8	5.0000E+1	2.0163E-10
8.9200E+5	1.0000E+0	1.2540E-8	5.0000E+1	1.9992E-10
8.9250E+5	1.0000E+0	1.2335E-8	5.0000E+1	2.0056E-10
8.9300E+5	1.0000E+0	1.2540E-8	5.0000E+1	2.0040E-10
8.9350E+5	1.0000E+0	1.2595E-8	5.0000E+1	2.0190E-10
8.9400E+5	1.0000E+0	1.2695E-8	5.0000E+1	2.0122E-10
8.9450E+5	1.0000E+0	1.2572E-8	5.0000E+1	2.0122E-10
8.9500E+5	1.0000E+0	1.2559E-8	5.0000E+1	2.0232E-10
8.9550E+5	1.0000E+0	1.2411E-8	5.0000E+1	1.9995E-10
8.9600E+5	1.0000E+0	1.2418E-8	5.0000E+1	2.0143E-10
8.9650E+5	1.0000E+0	1.2543E-8	5.0000E+1	2.0100E-10
8.9700E+5	1.0000E+0	1.2412E-8	5.0000E+1	1.9952E-10
8.9750E+5	1.0000E+0	1.2332E-8	5.0000E+1	1.9962E-10
8.9800E+5	1.0000E+0	1.2345E-8	5.0000E+1	2.0003E-10
8.9850E+5	1.0000E+0	1.2226E-8	5.0000E+1	1.9897E-10
8.9900E+5	1.0000E+0	1.2021E-8	5.0000E+1	1.9994E-10
8.9950E+5	1.0000E+0	1.2020E-8	5.0000E+1	1.9986E-10
9.0000E+5	1.0000E+0	1.2161E-8	5.0000E+1	2.0256E-10
9.0050E+5	1.0000E+0	1.2222E-8	5.0000E+1	2.0115E-10
9.0100E+5	1.0000E+0	1.2237E-8	5.0000E+1	2.0196E-10
9.0150E+5	1.0000E+0	1.2272E-8	5.0000E+1	2.0136E-10
