Time (s)	|IDrain (A)|	|IGate (A)	Vdrain(V)	Vgate(V)
0.0	1.6366e-05	1.5695e-10	-10.0	-2.5
1.0	1.6374e-05	2.3503e-10	-10.0	-2.5
1.5	1.6376e-05	2.41e-10	-10.0	-2.5
2.0	1.6378e-05	2.438e-10	-10.0	-2.5
2.5	1.6384e-05	2.4595e-10	-10.0	-2.5
3.0	1.6384e-05	2.4733e-10	-10.0	-2.5
3.5	1.6387e-05	2.4746e-10	-10.0	-2.5
4.0	1.6387e-05	2.4825e-10	-10.0	-2.5
4.5	1.6389e-05	2.4762e-10	-10.0	-2.5
5.0	1.639e-05	2.4818e-10	-10.0	-2.5
5.5	1.6395e-05	2.4859e-10	-10.0	-2.5
6.0	1.6395e-05	2.4834e-10	-10.0	-2.5
6.5	1.6398e-05	2.487e-10	-10.0	-2.5
7.0	1.6401e-05	2.4856e-10	-10.0	-2.5
7.5	1.6403e-05	2.4845e-10	-10.0	-2.5
8.0	1.6405e-05	2.481e-10	-10.0	-2.5
8.5	1.6407e-05	2.4898e-10	-10.0	-2.5
9.0	1.6409e-05	2.4825e-10	-10.0	-2.5
9.5	1.6412e-05	2.4852e-10	-10.0	-2.5
10.0	1.6413e-05	2.4869e-10	-10.0	-2.5
10.5	1.6415e-05	2.4854e-10	-10.0	-2.5
11.0	1.6417e-05	2.4827e-10	-10.0	-2.5
11.5	1.6422e-05	2.4863e-10	-10.0	-2.5
12.0	1.6422e-05	2.4855e-10	-10.0	-2.5
12.5	1.6424e-05	2.4877e-10	-10.0	-2.5
13.0	1.6429e-05	2.4833e-10	-10.0	-2.5
13.5	1.6429e-05	2.4852e-10	-10.0	-2.5
14.0	1.6432e-05	2.4894e-10	-10.0	-2.5
14.5	1.6437e-05	2.4856e-10	-10.0	-2.5
15.0	1.6438e-05	2.4837e-10	-10.0	-2.5
15.5	1.6438e-05	2.4836e-10	-10.0	-2.5
16.0	1.6438e-05	2.4849e-10	-10.0	-2.5
16.5	1.6441e-05	2.4838e-10	-10.0	-2.5
17.0	1.6443e-05	2.486e-10	-10.0	-2.5
17.5	1.6446e-05	2.4804e-10	-10.0	-2.5
18.0	1.6449e-05	2.4829e-10	-10.0	-2.5
18.5	1.6452e-05	2.4908e-10	-10.0	-2.5
19.0	1.6453e-05	2.485e-10	-10.0	-2.5
19.5	1.6455e-05	2.4848e-10	-10.0	-2.5
20.0	1.6454e-05	2.4892e-10	-10.0	-2.5
20.5	1.646e-05	2.4855e-10	-10.0	-2.5
21.0	1.6462e-05	2.4859e-10	-10.0	-2.5
21.5	1.6466e-05	2.4858e-10	-10.0	-2.5
22.0	1.6466e-05	2.4875e-10	-10.0	-2.5
22.5	1.6468e-05	2.4851e-10	-10.0	-2.5
23.0	1.6469e-05	2.4844e-10	-10.0	-2.5
23.5	1.6469e-05	2.4803e-10	-10.0	-2.5
24.0	1.6471e-05	2.483e-10	-10.0	-2.5
24.5	1.6473e-05	2.4875e-10	-10.0	-2.5
25.0	1.6474e-05	2.4763e-10	-10.0	-2.5
25.5	1.648e-05	2.485e-10	-10.0	-2.5
26.0	1.648e-05	2.4863e-10	-10.0	-2.5
26.5	1.6483e-05	2.4823e-10	-10.0	-2.5
27.0	1.6484e-05	2.4894e-10	-10.0	-2.5
27.5	1.6486e-05	2.4834e-10	-10.0	-2.5
28.0	1.6488e-05	2.4835e-10	-10.0	-2.5
28.5	1.6491e-05	2.4781e-10	-10.0	-2.5
29.0	1.6492e-05	2.4849e-10	-10.0	-2.5
29.5	1.6495e-05	2.4823e-10	-10.0	-2.5
30.0	1.6496e-05	2.4807e-10	-10.0	-2.5
30.5	1.6498e-05	2.484e-10	-10.0	-2.5
31.0	1.6503e-05	2.4911e-10	-10.0	-2.5
31.5	1.6505e-05	2.4788e-10	-10.0	-2.5
32.0	1.6508e-05	2.4798e-10	-10.0	-2.5
32.5	1.6508e-05	2.4832e-10	-10.0	-2.5
33.0	1.6508e-05	2.4846e-10	-10.0	-2.5
33.5	1.6511e-05	2.4781e-10	-10.0	-2.5
34.0	1.6514e-05	2.4866e-10	-10.0	-2.5
34.5	1.6517e-05	2.4845e-10	-10.0	-2.5
35.0	1.6519e-05	2.4863e-10	-10.0	-2.5
35.5	1.6519e-05	2.4828e-10	-10.0	-2.5
36.0	1.6518e-05	2.4885e-10	-10.0	-2.5
36.5	1.6523e-05	2.4872e-10	-10.0	-2.5
37.0	1.6526e-05	2.4811e-10	-10.0	-2.5
37.5	1.6526e-05	2.4838e-10	-10.0	-2.5
38.0	1.6529e-05	2.4784e-10	-10.0	-2.5
38.5	1.6531e-05	2.4852e-10	-10.0	-2.5
39.0	1.6535e-05	2.4802e-10	-10.0	-2.5
39.5	1.6537e-05	2.479e-10	-10.0	-2.5
40.0	1.6538e-05	2.4762e-10	-10.0	-2.5
40.5	1.6539e-05	2.4745e-10	-10.0	-2.5
41.0	1.6542e-05	2.4815e-10	-10.0	-2.5
41.5	1.6542e-05	2.4834e-10	-10.0	-2.5
42.0	1.6545e-05	2.4827e-10	-10.0	-2.5
42.5	1.6547e-05	2.4804e-10	-10.0	-2.5
43.0	1.6551e-05	2.4849e-10	-10.0	-2.5
43.5	1.655e-05	2.4778e-10	-10.0	-2.5
44.0	1.6553e-05	2.4784e-10	-10.0	-2.5
44.5	1.6553e-05	2.4761e-10	-10.0	-2.5
45.0	1.6556e-05	2.4814e-10	-10.0	-2.5
45.5	1.6557e-05	2.4809e-10	-10.0	-2.5
46.0	1.6555e-05	2.4766e-10	-10.0	-2.5
46.5	1.6559e-05	2.4806e-10	-10.0	-2.5
47.0	1.6562e-05	2.4763e-10	-10.0	-2.5
47.5	1.6562e-05	2.4831e-10	-10.0	-2.5
48.0	1.6564e-05	2.4838e-10	-10.0	-2.5
48.5	1.6566e-05	2.4796e-10	-10.0	-2.5
49.0	1.6571e-05	2.4836e-10	-10.0	-2.5
49.5	1.6572e-05	2.4823e-10	-10.0	-2.5
50.0	1.6574e-05	2.4816e-10	-10.0	-2.5
50.5	1.6577e-05	2.4855e-10	-10.0	-2.5
51.0	1.6579e-05	2.48e-10	-10.0	-2.5
51.5	1.6582e-05	2.48e-10	-10.0	-2.5
52.0	1.6583e-05	2.4787e-10	-10.0	-2.5
52.5	1.6583e-05	2.4791e-10	-10.0	-2.5
53.0	1.6585e-05	2.4782e-10	-10.0	-2.5
53.5	1.6588e-05	2.4778e-10	-10.0	-2.5
54.0	1.6588e-05	2.4796e-10	-10.0	-2.5
54.5	1.6591e-05	2.4787e-10	-10.0	-2.5
55.0	1.6593e-05	2.4794e-10	-10.0	-2.5
55.5	1.6596e-05	2.484e-10	-10.0	-2.5
56.0	1.6597e-05	2.4858e-10	-10.0	-2.5
56.5	1.6598e-05	2.4825e-10	-10.0	-2.5
57.0	1.6601e-05	2.4829e-10	-10.0	-2.5
57.5	1.6603e-05	2.4803e-10	-10.0	-2.5
58.0	1.6607e-05	2.4798e-10	-10.0	-2.5
58.5	1.6607e-05	2.4805e-10	-10.0	-2.5
59.0	1.6607e-05	2.48e-10	-10.0	-2.5
59.5	1.6606e-05	2.4813e-10	-10.0	-2.5
60.0	1.6608e-05	2.4849e-10	-10.0	-2.5
60.5	1.6611e-05	2.4783e-10	-10.0	-2.5
61.0	1.6612e-05	2.4737e-10	-10.0	-2.5
61.5	1.6614e-05	2.4835e-10	-10.0	-2.5
62.0	1.6616e-05	2.4811e-10	-10.0	-2.5
62.5	1.6615e-05	2.4761e-10	-10.0	-2.5
63.0	1.6618e-05	2.4821e-10	-10.0	-2.5
63.5	1.662e-05	2.477e-10	-10.0	-2.5
64.0	1.6623e-05	2.4827e-10	-10.0	-2.5
64.5	1.6624e-05	2.4784e-10	-10.0	-2.5
65.0	1.6626e-05	2.4761e-10	-10.0	-2.5
65.5	1.6627e-05	2.4807e-10	-10.0	-2.5
66.0	1.6626e-05	2.4832e-10	-10.0	-2.5
66.5	1.6627e-05	2.4823e-10	-10.0	-2.5
67.0	1.663e-05	2.4824e-10	-10.0	-2.5
67.5	1.6631e-05	2.486e-10	-10.0	-2.5
68.0	1.6632e-05	2.4828e-10	-10.0	-2.5
68.5	1.6634e-05	2.4749e-10	-10.0	-2.5
69.0	1.6636e-05	2.4808e-10	-10.0	-2.5
69.5	1.6638e-05	2.4823e-10	-10.0	-2.5
70.0	1.6639e-05	2.4752e-10	-10.0	-2.5
70.5	1.6639e-05	2.4804e-10	-10.0	-2.5
71.0	1.6643e-05	2.4805e-10	-10.0	-2.5
71.5	1.6647e-05	2.4773e-10	-10.0	-2.5
72.0	1.6649e-05	2.4842e-10	-10.0	-2.5
72.5	1.6649e-05	2.4836e-10	-10.0	-2.5
73.0	1.665e-05	2.4818e-10	-10.0	-2.5
73.5	1.6651e-05	2.4804e-10	-10.0	-2.5
74.0	1.6653e-05	2.4775e-10	-10.0	-2.5
74.5	1.6651e-05	2.4786e-10	-10.0	-2.5
75.0	1.6653e-05	2.4796e-10	-10.0	-2.5
75.5	1.6655e-05	2.4837e-10	-10.0	-2.5
76.0	1.6655e-05	2.4754e-10	-10.0	-2.5
76.5	1.6654e-05	2.4785e-10	-10.0	-2.5
77.0	1.6656e-05	2.475e-10	-10.0	-2.5
77.5	1.6657e-05	2.4839e-10	-10.0	-2.5
78.0	1.6662e-05	2.4822e-10	-10.0	-2.5
78.5	1.6666e-05	2.4751e-10	-10.0	-2.5
79.0	1.6669e-05	2.4803e-10	-10.0	-2.5
79.5	1.667e-05	2.4774e-10	-10.0	-2.5
80.0	1.6672e-05	2.4803e-10	-10.0	-2.5
80.5	1.6667e-05	2.4808e-10	-10.0	-2.5
81.0	1.6674e-05	2.4793e-10	-10.0	-2.5
81.5	1.6677e-05	2.4791e-10	-10.0	-2.5
82.0	1.6678e-05	2.4787e-10	-10.0	-2.5
82.5	1.6681e-05	2.4804e-10	-10.0	-2.5
83.0	1.668e-05	2.4785e-10	-10.0	-2.5
83.5	1.6682e-05	2.4798e-10	-10.0	-2.5
84.0	1.6683e-05	2.4794e-10	-10.0	-2.5
84.5	1.6683e-05	2.4797e-10	-10.0	-2.5
85.0	1.6683e-05	2.479e-10	-10.0	-2.5
85.5	1.6685e-05	2.4853e-10	-10.0	-2.5
86.0	1.6687e-05	2.483e-10	-10.0	-2.5
86.5	1.6687e-05	2.4821e-10	-10.0	-2.5
87.0	1.669e-05	2.4841e-10	-10.0	-2.5
87.5	1.669e-05	2.4838e-10	-10.0	-2.5
88.0	1.669e-05	2.4773e-10	-10.0	-2.5
88.5	1.6693e-05	2.4792e-10	-10.0	-2.5
89.0	1.6695e-05	2.4811e-10	-10.0	-2.5
89.5	1.6701e-05	2.4777e-10	-10.0	-2.5
90.0	1.6701e-05	2.4809e-10	-10.0	-2.5
90.5	1.6699e-05	2.4773e-10	-10.0	-2.5
91.0	1.6701e-05	2.4855e-10	-10.0	-2.5
91.5	1.6701e-05	2.481e-10	-10.0	-2.5
92.0	1.6704e-05	2.4873e-10	-10.0	-2.5
92.5	1.6704e-05	2.4823e-10	-10.0	-2.5
93.0	1.6704e-05	2.4807e-10	-10.0	-2.5
93.5	1.6706e-05	2.4765e-10	-10.0	-2.5
94.0	1.6706e-05	2.4807e-10	-10.0	-2.5
94.5	1.6709e-05	2.4752e-10	-10.0	-2.5
95.0	1.6711e-05	2.4803e-10	-10.0	-2.5
95.5	1.6712e-05	2.476e-10	-10.0	-2.5
96.0	1.6712e-05	2.4811e-10	-10.0	-2.5
96.5	1.6713e-05	2.4796e-10	-10.0	-2.5
97.0	1.6714e-05	2.4726e-10	-10.0	-2.5
97.5	1.6715e-05	2.4804e-10	-10.0	-2.5
98.0	1.6718e-05	2.4799e-10	-10.0	-2.5
98.5	1.6719e-05	2.4785e-10	-10.0	-2.5
99.0	1.6719e-05	2.4806e-10	-10.0	-2.5
99.5	1.6721e-05	2.4849e-10	-10.0	-2.5
100.0	1.6722e-05	2.4751e-10	-10.0	-2.5
100.5	1.6724e-05	2.4807e-10	-10.0	-2.5
101.0	1.6724e-05	2.48e-10	-10.0	-2.5
101.5	1.673e-05	2.4759e-10	-10.0	-2.5
102.0	1.673e-05	2.4755e-10	-10.0	-2.5
102.5	1.673e-05	2.4772e-10	-10.0	-2.5
103.0	1.6734e-05	2.476e-10	-10.0	-2.5
103.5	1.6735e-05	2.4776e-10	-10.0	-2.5
104.0	1.6736e-05	2.4795e-10	-10.0	-2.5
104.5	1.6736e-05	2.4758e-10	-10.0	-2.5
105.0	1.6738e-05	2.4797e-10	-10.0	-2.5
105.5	1.674e-05	2.4766e-10	-10.0	-2.5
106.0	1.6742e-05	2.4808e-10	-10.0	-2.5
106.5	1.6742e-05	2.4793e-10	-10.0	-2.5
107.0	1.6745e-05	2.4782e-10	-10.0	-2.5
107.5	1.6744e-05	2.4728e-10	-10.0	-2.5
108.0	1.6748e-05	2.4816e-10	-10.0	-2.5
108.5	1.6749e-05	2.4706e-10	-10.0	-2.5
109.0	1.6752e-05	2.4721e-10	-10.0	-2.5
109.5	1.6752e-05	2.4792e-10	-10.0	-2.5
110.0	1.6752e-05	2.4741e-10	-10.0	-2.5
110.5	1.6753e-05	2.4794e-10	-10.0	-2.5
111.0	1.6754e-05	2.4801e-10	-10.0	-2.5
111.5	1.6754e-05	2.483e-10	-10.0	-2.5
112.0	1.6757e-05	2.48e-10	-10.0	-2.5
112.5	1.6758e-05	2.4797e-10	-10.0	-2.5
113.0	1.6764e-05	2.4813e-10	-10.0	-2.5
113.5	1.6761e-05	2.4723e-10	-10.0	-2.5
114.0	1.6762e-05	2.4834e-10	-10.0	-2.5
114.5	1.6763e-05	2.4806e-10	-10.0	-2.5
115.0	1.6766e-05	2.4812e-10	-10.0	-2.5
115.5	1.6766e-05	2.4809e-10	-10.0	-2.5
116.0	1.6767e-05	2.4729e-10	-10.0	-2.5
116.5	1.6771e-05	2.4846e-10	-10.0	-2.5
117.0	1.6772e-05	2.4751e-10	-10.0	-2.5
117.5	1.6774e-05	2.4758e-10	-10.0	-2.5
118.0	1.6775e-05	2.4813e-10	-10.0	-2.5
118.5	1.6778e-05	2.4808e-10	-10.0	-2.5
119.0	1.6779e-05	4.2031e-10	-10.0	-2.5
119.5	1.6791e-05	4.0643e-10	-10.0	-2.5
120.0	1.6801e-05	4.0207e-10	-10.0	-2.5
120.5	1.6811e-05	3.9779e-10	-10.0	-2.5
121.0	1.6822e-05	3.9303e-10	-10.0	-2.5
121.5	1.6832e-05	3.8879e-10	-10.0	-2.5
122.0	1.684e-05	3.8513e-10	-10.0	-2.5
122.5	1.6855e-05	3.8172e-10	-10.0	-2.5
123.0	1.6862e-05	3.7897e-10	-10.0	-2.5
123.5	1.6876e-05	3.7766e-10	-10.0	-2.5
124.0	1.6885e-05	3.7526e-10	-10.0	-2.5
124.5	1.6894e-05	3.7423e-10	-10.0	-2.5
125.0	1.6909e-05	3.7388e-10	-10.0	-2.5
125.5	1.6919e-05	3.7155e-10	-10.0	-2.5
126.0	1.6929e-05	3.7098e-10	-10.0	-2.5
126.5	1.6937e-05	3.709e-10	-10.0	-2.5
127.0	1.6948e-05	3.6944e-10	-10.0	-2.5
127.5	1.696e-05	3.6821e-10	-10.0	-2.5
128.0	1.6969e-05	3.6799e-10	-10.0	-2.5
128.5	1.6981e-05	3.6696e-10	-10.0	-2.5
129.0	1.699e-05	3.6647e-10	-10.0	-2.5
129.5	1.7e-05	3.6585e-10	-10.0	-2.5
130.0	1.7006e-05	3.6533e-10	-10.0	-2.5
130.5	1.7018e-05	3.6474e-10	-10.0	-2.5
131.0	1.7025e-05	3.6417e-10	-10.0	-2.5
131.5	1.7036e-05	3.6362e-10	-10.0	-2.5
132.0	1.7043e-05	3.6426e-10	-10.0	-2.5
132.5	1.7055e-05	3.6423e-10	-10.0	-2.5
133.0	1.7063e-05	3.6444e-10	-10.0	-2.5
133.5	1.7067e-05	3.6388e-10	-10.0	-2.5
134.0	1.7077e-05	3.6407e-10	-10.0	-2.5
134.5	1.7081e-05	3.6431e-10	-10.0	-2.5
135.0	1.7087e-05	3.6348e-10	-10.0	-2.5
135.5	1.7097e-05	3.6375e-10	-10.0	-2.5
136.0	1.7106e-05	3.6325e-10	-10.0	-2.5
136.5	1.7112e-05	3.6247e-10	-10.0	-2.5
137.0	1.712e-05	3.6265e-10	-10.0	-2.5
137.5	1.7132e-05	3.6267e-10	-10.0	-2.5
138.01	1.7134e-05	3.6234e-10	-10.0	-2.5
138.5	1.7143e-05	3.6149e-10	-10.0	-2.5
139.0	1.7149e-05	3.6166e-10	-10.0	-2.5
139.5	1.7155e-05	3.6051e-10	-10.0	-2.5
140.0	1.7161e-05	3.6046e-10	-10.0	-2.5
140.5	1.7165e-05	3.6024e-10	-10.0	-2.5
141.0	1.7175e-05	3.5977e-10	-10.0	-2.5
141.5	1.718e-05	3.5992e-10	-10.0	-2.5
142.0	1.7184e-05	3.5865e-10	-10.0	-2.5
142.5	1.7194e-05	3.5732e-10	-10.0	-2.5
143.0	1.7199e-05	3.5661e-10	-10.0	-2.5
143.5	1.7206e-05	3.5676e-10	-10.0	-2.5
144.0	1.7209e-05	3.5672e-10	-10.0	-2.5
144.5	1.7213e-05	3.5643e-10	-10.0	-2.5
145.0	1.7219e-05	3.579e-10	-10.0	-2.5
145.5	1.7225e-05	3.5816e-10	-10.0	-2.5
146.0	1.7231e-05	3.5723e-10	-10.0	-2.5
146.5	1.7236e-05	3.5578e-10	-10.0	-2.5
147.0	1.7237e-05	3.5579e-10	-10.0	-2.5
147.5	1.7242e-05	3.5728e-10	-10.0	-2.5
148.0	1.7247e-05	3.5616e-10	-10.0	-2.5
148.5	1.725e-05	3.5604e-10	-10.0	-2.5
149.0	1.7254e-05	3.5642e-10	-10.0	-2.5
149.5	1.7256e-05	3.5506e-10	-10.0	-2.5
150.0	1.7258e-05	3.548e-10	-10.0	-2.5
150.5	1.7266e-05	3.5365e-10	-10.0	-2.5
151.0	1.7272e-05	3.5375e-10	-10.0	-2.5
151.5	1.7275e-05	3.5386e-10	-10.0	-2.5
152.0	1.7279e-05	3.5512e-10	-10.0	-2.5
152.5	1.7283e-05	3.5536e-10	-10.0	-2.5
153.0	1.7289e-05	3.5582e-10	-10.0	-2.5
153.5	1.7292e-05	3.5426e-10	-10.0	-2.5
154.0	1.7296e-05	3.5295e-10	-10.0	-2.5
154.5	1.7299e-05	3.5266e-10	-10.0	-2.5
155.0	1.7301e-05	3.5091e-10	-10.0	-2.5
155.5	1.7304e-05	3.5105e-10	-10.0	-2.5
156.0	1.731e-05	3.5086e-10	-10.0	-2.5
156.5	1.7312e-05	3.508e-10	-10.0	-2.5
157.0	1.7315e-05	3.5037e-10	-10.0	-2.5
157.5	1.7319e-05	3.4956e-10	-10.0	-2.5
158.0	1.7324e-05	3.5025e-10	-10.0	-2.5
158.5	1.733e-05	3.4968e-10	-10.0	-2.5
159.0	1.7329e-05	3.5006e-10	-10.0	-2.5
159.5	1.7332e-05	3.4961e-10	-10.0	-2.5
160.0	1.7336e-05	3.4971e-10	-10.0	-2.5
160.5	1.7337e-05	3.4832e-10	-10.0	-2.5
161.0	1.7339e-05	3.486e-10	-10.0	-2.5
161.5	1.7339e-05	3.4866e-10	-10.0	-2.5
162.0	1.7342e-05	3.4754e-10	-10.0	-2.5
162.5	1.7347e-05	3.4785e-10	-10.0	-2.5
163.0	1.7352e-05	3.4766e-10	-10.0	-2.5
163.5	1.7358e-05	3.4775e-10	-10.0	-2.5
164.0	1.7361e-05	3.4687e-10	-10.0	-2.5
164.5	1.7365e-05	3.4714e-10	-10.0	-2.5
165.0	1.7367e-05	3.4668e-10	-10.0	-2.5
165.5	1.7371e-05	3.4699e-10	-10.0	-2.5
166.0	1.7373e-05	3.4631e-10	-10.0	-2.5
166.5	1.7374e-05	3.4662e-10	-10.0	-2.5
167.0	1.738e-05	3.4582e-10	-10.0	-2.5
167.5	1.7378e-05	3.4548e-10	-10.0	-2.5
168.0	1.7382e-05	3.46e-10	-10.0	-2.5
168.5	1.7388e-05	3.4545e-10	-10.0	-2.5
169.0	1.7388e-05	3.4448e-10	-10.0	-2.5
169.5	1.7395e-05	3.4452e-10	-10.0	-2.5
170.0	1.74e-05	3.4488e-10	-10.0	-2.5
170.5	1.7398e-05	3.4389e-10	-10.0	-2.5
171.0	1.7401e-05	3.4406e-10	-10.0	-2.5
171.5	1.7403e-05	3.4447e-10	-10.0	-2.5
172.0	1.7407e-05	3.4422e-10	-10.0	-2.5
172.5	1.7407e-05	3.4386e-10	-10.0	-2.5
173.0	1.7404e-05	3.4368e-10	-10.0	-2.5
173.5	1.7408e-05	3.4287e-10	-10.0	-2.5
174.0	1.7407e-05	3.4338e-10	-10.0	-2.5
174.5	1.7408e-05	3.4235e-10	-10.0	-2.5
175.0	1.7405e-05	3.4264e-10	-10.0	-2.5
175.5	1.741e-05	3.4302e-10	-10.0	-2.5
176.0	1.7412e-05	3.4242e-10	-10.0	-2.5
176.5	1.7412e-05	3.4214e-10	-10.0	-2.5
177.0	1.7418e-05	3.4206e-10	-10.0	-2.5
177.5	1.7418e-05	3.4175e-10	-10.0	-2.5
178.0	1.7423e-05	3.4066e-10	-10.0	-2.5
178.5	1.7424e-05	3.4182e-10	-10.0	-2.5
179.0	1.742e-05	2.8543e-10	-10.0	-2.5
179.5	1.7421e-05	2.2397e-10	-10.0	-2.5
180.0	1.7421e-05	2.1953e-10	-10.0	-2.5
180.5	1.7421e-05	2.1928e-10	-10.0	-2.5
181.0	1.7416e-05	2.1928e-10	-10.0	-2.5
181.5	1.7414e-05	2.203e-10	-10.0	-2.5
182.0	1.7406e-05	2.1932e-10	-10.0	-2.5
182.5	1.7404e-05	2.2049e-10	-10.0	-2.5
183.0	1.7404e-05	2.2092e-10	-10.0	-2.5
183.5	1.7402e-05	2.2055e-10	-10.0	-2.5
184.0	1.7397e-05	2.2134e-10	-10.0	-2.5
184.5	1.7398e-05	2.2088e-10	-10.0	-2.5
185.0	1.7395e-05	2.2176e-10	-10.0	-2.5
185.5	1.7394e-05	2.2161e-10	-10.0	-2.5
186.0	1.7394e-05	2.2177e-10	-10.0	-2.5
186.5	1.7387e-05	2.2194e-10	-10.0	-2.5
187.0	1.7383e-05	2.2227e-10	-10.0	-2.5
187.5	1.7383e-05	2.2184e-10	-10.0	-2.5
188.0	1.7384e-05	2.2206e-10	-10.0	-2.5
188.5	1.7382e-05	2.2124e-10	-10.0	-2.5
189.0	1.7376e-05	2.2211e-10	-10.0	-2.5
189.5	1.7375e-05	2.2193e-10	-10.0	-2.5
190.0	1.7368e-05	2.2192e-10	-10.0	-2.5
190.5	1.7371e-05	2.2228e-10	-10.0	-2.5
191.0	1.7369e-05	2.2333e-10	-10.0	-2.5
191.5	1.7365e-05	2.2267e-10	-10.0	-2.5
192.0	1.7366e-05	2.2201e-10	-10.0	-2.5
192.5	1.7367e-05	2.2252e-10	-10.0	-2.5
193.0	1.7365e-05	2.2268e-10	-10.0	-2.5
193.5	1.7363e-05	2.2249e-10	-10.0	-2.5
194.0	1.7361e-05	2.2288e-10	-10.0	-2.5
194.5	1.736e-05	2.2274e-10	-10.0	-2.5
195.0	1.7361e-05	2.2314e-10	-10.0	-2.5
195.5	1.7358e-05	2.2226e-10	-10.0	-2.5
196.0	1.7358e-05	2.2274e-10	-10.0	-2.5
196.5	1.7355e-05	2.2344e-10	-10.0	-2.5
197.0	1.7352e-05	2.2353e-10	-10.0	-2.5
197.5	1.7351e-05	2.2299e-10	-10.0	-2.5
198.0	1.735e-05	2.235e-10	-10.0	-2.5
198.5	1.735e-05	2.2338e-10	-10.0	-2.5
199.0	1.7348e-05	2.2267e-10	-10.0	-2.5
199.5	1.7348e-05	2.229e-10	-10.0	-2.5
200.0	1.7346e-05	2.2282e-10	-10.0	-2.5
200.5	1.7349e-05	2.2357e-10	-10.0	-2.5
201.0	1.7346e-05	2.2309e-10	-10.0	-2.5
201.5	1.7345e-05	2.2361e-10	-10.0	-2.5
202.0	1.7343e-05	2.2383e-10	-10.0	-2.5
202.5	1.734e-05	2.2368e-10	-10.0	-2.5
203.0	1.7341e-05	2.2363e-10	-10.0	-2.5
203.5	1.734e-05	2.2375e-10	-10.0	-2.5
204.0	1.7338e-05	2.2384e-10	-10.0	-2.5
204.5	1.7339e-05	2.2385e-10	-10.0	-2.5
205.0	1.7336e-05	2.2402e-10	-10.0	-2.5
205.5	1.7338e-05	2.2412e-10	-10.0	-2.5
206.0	1.7339e-05	2.237e-10	-10.0	-2.5
206.5	1.7336e-05	2.2407e-10	-10.0	-2.5
207.0	1.7336e-05	2.2379e-10	-10.0	-2.5
207.5	1.7334e-05	2.2327e-10	-10.0	-2.5
208.0	1.7333e-05	2.24e-10	-10.0	-2.5
208.5	1.733e-05	2.2425e-10	-10.0	-2.5
209.0	1.7333e-05	2.2484e-10	-10.0	-2.5
209.5	1.7331e-05	2.2416e-10	-10.0	-2.5
210.0	1.7337e-05	2.2439e-10	-10.0	-2.5
210.5	1.7335e-05	2.2461e-10	-10.0	-2.5
211.0	1.7336e-05	2.2404e-10	-10.0	-2.5
211.5	1.7334e-05	2.241e-10	-10.0	-2.5
212.0	1.7332e-05	2.2372e-10	-10.0	-2.5
212.5	1.7332e-05	2.2418e-10	-10.0	-2.5
213.0	1.7333e-05	2.2504e-10	-10.0	-2.5
213.5	1.7332e-05	2.2439e-10	-10.0	-2.5
214.0	1.7333e-05	2.2414e-10	-10.0	-2.5
214.5	1.7333e-05	2.2444e-10	-10.0	-2.5
215.0	1.7333e-05	2.2506e-10	-10.0	-2.5
215.5	1.7333e-05	2.2434e-10	-10.0	-2.5
216.0	1.733e-05	2.2469e-10	-10.0	-2.5
216.5	1.7331e-05	2.2417e-10	-10.0	-2.5
217.0	1.7332e-05	2.2459e-10	-10.0	-2.5
217.5	1.7331e-05	2.2498e-10	-10.0	-2.5
218.0	1.7329e-05	2.2402e-10	-10.0	-2.5
218.5	1.7328e-05	2.2487e-10	-10.0	-2.5
219.0	1.7329e-05	2.249e-10	-10.0	-2.5
219.5	1.7329e-05	2.2466e-10	-10.0	-2.5
220.0	1.7328e-05	2.2439e-10	-10.0	-2.5
220.5	1.7329e-05	2.2484e-10	-10.0	-2.5
221.0	1.733e-05	2.2496e-10	-10.0	-2.5
221.5	1.7329e-05	2.2531e-10	-10.0	-2.5
222.0	1.7331e-05	2.2545e-10	-10.0	-2.5
222.5	1.733e-05	2.2578e-10	-10.0	-2.5
223.0	1.7329e-05	2.2607e-10	-10.0	-2.5
223.5	1.7328e-05	2.2592e-10	-10.0	-2.5
224.0	1.7328e-05	2.2567e-10	-10.0	-2.5
224.5	1.7328e-05	2.259e-10	-10.0	-2.5
225.0	1.7325e-05	2.251e-10	-10.0	-2.5
225.5	1.7325e-05	2.2528e-10	-10.0	-2.5
226.0	1.7327e-05	2.2582e-10	-10.0	-2.5
226.5	1.7329e-05	2.2546e-10	-10.0	-2.5
227.0	1.7327e-05	2.2525e-10	-10.0	-2.5
227.5	1.7327e-05	2.2566e-10	-10.0	-2.5
228.0	1.7324e-05	2.2581e-10	-10.0	-2.5
228.5	1.7326e-05	2.2542e-10	-10.0	-2.5
229.0	1.7328e-05	2.2524e-10	-10.0	-2.5
229.5	1.7327e-05	2.2572e-10	-10.0	-2.5
230.0	1.733e-05	2.2528e-10	-10.0	-2.5
230.5	1.733e-05	2.2527e-10	-10.0	-2.5
231.0	1.733e-05	2.2608e-10	-10.0	-2.5
231.5	1.7327e-05	2.2564e-10	-10.0	-2.5
232.0	1.7329e-05	2.2489e-10	-10.0	-2.5
232.5	1.7328e-05	2.2587e-10	-10.0	-2.5
233.0	1.7324e-05	2.2575e-10	-10.0	-2.5
233.5	1.7325e-05	2.2579e-10	-10.0	-2.5
234.0	1.7329e-05	2.2578e-10	-10.0	-2.5
234.5	1.7329e-05	2.2629e-10	-10.0	-2.5
235.0	1.7331e-05	2.2551e-10	-10.0	-2.5
235.5	1.733e-05	2.2584e-10	-10.0	-2.5
236.0	1.7328e-05	2.2615e-10	-10.0	-2.5
236.5	1.7329e-05	2.2617e-10	-10.0	-2.5
237.0	1.733e-05	2.26e-10	-10.0	-2.5
237.5	1.7328e-05	2.2597e-10	-10.0	-2.5
238.0	1.733e-05	2.2656e-10	-10.0	-2.5
238.5	1.7331e-05	2.2571e-10	-10.0	-2.5
239.0	1.7335e-05	3.2056e-10	-10.0	-2.5
239.5	1.734e-05	3.5332e-10	-10.0	-2.5
240.0	1.7347e-05	3.5605e-10	-10.0	-2.5
240.5	1.7354e-05	3.5546e-10	-10.0	-2.5
241.0	1.736e-05	3.5368e-10	-10.0	-2.5
241.5	1.7363e-05	3.527e-10	-10.0	-2.5
242.0	1.7368e-05	3.511e-10	-10.0	-2.5
242.5	1.7377e-05	3.5015e-10	-10.0	-2.5
243.0	1.7387e-05	3.4814e-10	-10.0	-2.5
243.5	1.7393e-05	3.4664e-10	-10.0	-2.5
244.0	1.7399e-05	3.4647e-10	-10.0	-2.5
244.5	1.7402e-05	3.4542e-10	-10.0	-2.5
245.0	1.7408e-05	3.4568e-10	-10.0	-2.5
245.5	1.7413e-05	3.4455e-10	-10.0	-2.5
246.0	1.7414e-05	3.4362e-10	-10.0	-2.5
246.5	1.7422e-05	3.4403e-10	-10.0	-2.5
247.0	1.7427e-05	3.4368e-10	-10.0	-2.5
247.5	1.7434e-05	3.4334e-10	-10.0	-2.5
248.0	1.744e-05	3.4325e-10	-10.0	-2.5
248.5	1.7445e-05	3.4286e-10	-10.0	-2.5
249.0	1.7447e-05	3.4284e-10	-10.0	-2.5
249.5	1.7455e-05	3.4257e-10	-10.0	-2.5
250.0	1.7461e-05	3.4209e-10	-10.0	-2.5
250.5	1.7463e-05	3.4128e-10	-10.0	-2.5
251.0	1.7467e-05	3.4241e-10	-10.0	-2.5
251.5	1.7471e-05	3.4143e-10	-10.0	-2.5
252.0	1.7476e-05	3.4119e-10	-10.0	-2.5
252.5	1.7477e-05	3.4074e-10	-10.0	-2.5
253.0	1.7483e-05	3.4063e-10	-10.0	-2.5
253.5	1.7482e-05	3.4009e-10	-10.0	-2.5
254.0	1.7484e-05	3.4031e-10	-10.0	-2.5
254.5	1.7493e-05	3.3988e-10	-10.0	-2.5
255.0	1.7498e-05	3.4017e-10	-10.0	-2.5
255.5	1.7498e-05	3.3933e-10	-10.0	-2.5
256.0	1.7501e-05	3.3838e-10	-10.0	-2.5
256.5	1.7503e-05	3.4014e-10	-10.0	-2.5
257.0	1.7508e-05	3.405e-10	-10.0	-2.5
257.5	1.7516e-05	3.4095e-10	-10.0	-2.5
258.0	1.7516e-05	3.3997e-10	-10.0	-2.5
258.5	1.7514e-05	3.4029e-10	-10.0	-2.5
259.0	1.7522e-05	3.4063e-10	-10.0	-2.5
259.5	1.7525e-05	3.4053e-10	-10.0	-2.5
260.0	1.7526e-05	3.3945e-10	-10.0	-2.5
260.5	1.7528e-05	3.3836e-10	-10.0	-2.5
261.0	1.7531e-05	3.3826e-10	-10.0	-2.5
261.5	1.7532e-05	3.3742e-10	-10.0	-2.5
262.0	1.7537e-05	3.3735e-10	-10.0	-2.5
262.5	1.7541e-05	3.369e-10	-10.0	-2.5
263.0	1.7544e-05	3.3672e-10	-10.0	-2.5
263.5	1.7545e-05	3.3678e-10	-10.0	-2.5
264.0	1.7546e-05	3.3651e-10	-10.0	-2.5
264.5	1.7549e-05	3.361e-10	-10.0	-2.5
265.0	1.755e-05	3.3621e-10	-10.0	-2.5
265.5	1.7554e-05	3.3593e-10	-10.0	-2.5
266.0	1.7555e-05	3.3511e-10	-10.0	-2.5
266.5	1.7557e-05	3.3552e-10	-10.0	-2.5
267.0	1.7557e-05	3.3567e-10	-10.0	-2.5
267.5	1.7558e-05	3.3557e-10	-10.0	-2.5
268.0	1.756e-05	3.3544e-10	-10.0	-2.5
268.5	1.7561e-05	3.3528e-10	-10.0	-2.5
269.0	1.7562e-05	3.347e-10	-10.0	-2.5
269.5	1.7563e-05	3.3415e-10	-10.0	-2.5
270.0	1.7569e-05	3.3404e-10	-10.0	-2.5
270.5	1.7571e-05	3.3423e-10	-10.0	-2.5
271.0	1.7573e-05	3.3404e-10	-10.0	-2.5
271.5	1.7578e-05	3.3391e-10	-10.0	-2.5
272.0	1.758e-05	3.3431e-10	-10.0	-2.5
272.5	1.7584e-05	3.3333e-10	-10.0	-2.5
273.0	1.7582e-05	3.3288e-10	-10.0	-2.5
273.5	1.7586e-05	3.3291e-10	-10.0	-2.5
274.0	1.759e-05	3.3345e-10	-10.0	-2.5
274.5	1.7588e-05	3.3306e-10	-10.0	-2.5
275.0	1.759e-05	3.3315e-10	-10.0	-2.5
275.5	1.7593e-05	3.3331e-10	-10.0	-2.5
276.0	1.7596e-05	3.328e-10	-10.0	-2.5
276.5	1.7597e-05	3.3263e-10	-10.0	-2.5
277.0	1.7597e-05	3.3154e-10	-10.0	-2.5
277.5	1.7595e-05	3.3279e-10	-10.0	-2.5
278.0	1.7597e-05	3.3176e-10	-10.0	-2.5
278.5	1.7601e-05	3.3187e-10	-10.0	-2.5
279.0	1.7602e-05	3.3167e-10	-10.0	-2.5
279.5	1.7599e-05	3.3179e-10	-10.0	-2.5
280.0	1.76e-05	3.3213e-10	-10.0	-2.5
280.5	1.7599e-05	3.3194e-10	-10.0	-2.5
281.0	1.76e-05	3.3166e-10	-10.0	-2.5
281.5	1.7603e-05	3.3216e-10	-10.0	-2.5
282.0	1.7602e-05	3.3259e-10	-10.0	-2.5
282.5	1.7601e-05	3.3312e-10	-10.0	-2.5
283.0	1.7602e-05	3.3324e-10	-10.0	-2.5
283.5	1.7605e-05	3.335e-10	-10.0	-2.5
284.0	1.7604e-05	3.3301e-10	-10.0	-2.5
284.5	1.7606e-05	3.3388e-10	-10.0	-2.5
285.0	1.7605e-05	3.3266e-10	-10.0	-2.5
285.5	1.7609e-05	3.3306e-10	-10.0	-2.5
286.0	1.7608e-05	3.3266e-10	-10.0	-2.5
286.5	1.761e-05	3.3265e-10	-10.0	-2.5
287.0	1.7613e-05	3.3232e-10	-10.0	-2.5
287.5	1.7613e-05	3.3283e-10	-10.0	-2.5
288.0	1.7616e-05	3.3254e-10	-10.0	-2.5
288.5	1.7616e-05	3.3181e-10	-10.0	-2.5
289.0	1.7617e-05	3.3162e-10	-10.0	-2.5
289.5	1.7618e-05	3.3255e-10	-10.0	-2.5
290.0	1.7619e-05	3.3211e-10	-10.0	-2.5
290.5	1.7618e-05	3.3228e-10	-10.0	-2.5
291.0	1.7619e-05	3.3209e-10	-10.0	-2.5
291.5	1.7621e-05	3.3137e-10	-10.0	-2.5
292.0	1.762e-05	3.3238e-10	-10.0	-2.5
292.5	1.7618e-05	3.3218e-10	-10.0	-2.5
293.0	1.7621e-05	3.3168e-10	-10.0	-2.5
293.5	1.762e-05	3.3151e-10	-10.0	-2.5
294.0	1.7623e-05	3.317e-10	-10.0	-2.5
294.5	1.7625e-05	3.3142e-10	-10.0	-2.5
295.0	1.7625e-05	3.3065e-10	-10.0	-2.5
295.5	1.7624e-05	3.2985e-10	-10.0	-2.5
296.0	1.7628e-05	3.3046e-10	-10.0	-2.5
296.5	1.7627e-05	3.3124e-10	-10.0	-2.5
297.0	1.7627e-05	3.3013e-10	-10.0	-2.5
297.5	1.7628e-05	3.2856e-10	-10.0	-2.5
298.0	1.763e-05	3.284e-10	-10.0	-2.5
298.5	1.7633e-05	3.2837e-10	-10.0	-2.5
299.0	1.7633e-05	2.8412e-10	-10.0	-2.5
299.5	1.7631e-05	2.1301e-10	-10.0	-2.5
300.0	1.7627e-05	2.0755e-10	-10.0	-2.5
300.5	1.7626e-05	2.0778e-10	-10.0	-2.5
301.0	1.7625e-05	2.0765e-10	-10.0	-2.5
301.5	1.7624e-05	2.0754e-10	-10.0	-2.5
302.0	1.7622e-05	2.0783e-10	-10.0	-2.5
302.5	1.7617e-05	2.0859e-10	-10.0	-2.5
303.0	1.7615e-05	2.0893e-10	-10.0	-2.5
303.5	1.7609e-05	2.0878e-10	-10.0	-2.5
304.0	1.7608e-05	2.0977e-10	-10.0	-2.5
304.5	1.7603e-05	2.0895e-10	-10.0	-2.5
305.0	1.7602e-05	2.0969e-10	-10.0	-2.5
305.5	1.7602e-05	2.1003e-10	-10.0	-2.5
306.0	1.76e-05	2.0989e-10	-10.0	-2.5
306.5	1.7598e-05	2.0985e-10	-10.0	-2.5
307.0	1.7597e-05	2.1034e-10	-10.0	-2.5
307.5	1.7595e-05	2.0981e-10	-10.0	-2.5
308.0	1.7591e-05	2.1068e-10	-10.0	-2.5
308.5	1.7588e-05	2.1063e-10	-10.0	-2.5
309.0	1.7588e-05	2.103e-10	-10.0	-2.5
309.5	1.7586e-05	2.1112e-10	-10.0	-2.5
310.0	1.7584e-05	2.1041e-10	-10.0	-2.5
310.5	1.7583e-05	2.1067e-10	-10.0	-2.5
311.0	1.7582e-05	2.1167e-10	-10.0	-2.5
311.5	1.7583e-05	2.1108e-10	-10.0	-2.5
312.0	1.7579e-05	2.1147e-10	-10.0	-2.5
312.5	1.7578e-05	2.1086e-10	-10.0	-2.5
313.0	1.7575e-05	2.1126e-10	-10.0	-2.5
313.5	1.7576e-05	2.113e-10	-10.0	-2.5
314.0	1.7574e-05	2.1182e-10	-10.0	-2.5
314.5	1.7571e-05	2.11e-10	-10.0	-2.5
315.0	1.757e-05	2.1188e-10	-10.0	-2.5
315.5	1.7568e-05	2.1167e-10	-10.0	-2.5
316.0	1.7568e-05	2.1159e-10	-10.0	-2.5
316.5	1.7565e-05	2.1218e-10	-10.0	-2.5
317.0	1.7565e-05	2.1229e-10	-10.0	-2.5
317.5	1.7565e-05	2.1206e-10	-10.0	-2.5
318.0	1.7562e-05	2.1221e-10	-10.0	-2.5
318.5	1.7562e-05	2.124e-10	-10.0	-2.5
319.0	1.756e-05	2.1231e-10	-10.0	-2.5
319.5	1.7563e-05	2.123e-10	-10.0	-2.5
320.0	1.7561e-05	2.1216e-10	-10.0	-2.5
320.5	1.7562e-05	2.1274e-10	-10.0	-2.5
321.0	1.7562e-05	2.1258e-10	-10.0	-2.5
321.5	1.756e-05	2.1321e-10	-10.0	-2.5
322.0	1.7557e-05	2.1277e-10	-10.0	-2.5
322.5	1.7556e-05	2.1343e-10	-10.0	-2.5
323.0	1.7556e-05	2.1255e-10	-10.0	-2.5
323.5	1.7558e-05	2.1289e-10	-10.0	-2.5
324.0	1.7557e-05	2.1302e-10	-10.0	-2.5
324.5	1.7561e-05	2.1322e-10	-10.0	-2.5
325.0	1.756e-05	2.1281e-10	-10.0	-2.5
325.5	1.7557e-05	2.1311e-10	-10.0	-2.5
326.0	1.7555e-05	2.1306e-10	-10.0	-2.5
326.5	1.7554e-05	2.1346e-10	-10.0	-2.5
327.0	1.7557e-05	2.1327e-10	-10.0	-2.5
327.5	1.7558e-05	2.137e-10	-10.0	-2.5
328.0	1.7556e-05	2.1351e-10	-10.0	-2.5
328.5	1.7559e-05	2.1336e-10	-10.0	-2.5
329.0	1.7559e-05	2.1323e-10	-10.0	-2.5
329.5	1.7556e-05	2.1384e-10	-10.0	-2.5
330.0	1.7555e-05	2.1373e-10	-10.0	-2.5
330.5	1.7555e-05	2.1435e-10	-10.0	-2.5
331.0	1.7553e-05	2.1439e-10	-10.0	-2.5
331.5	1.755e-05	2.1387e-10	-10.0	-2.5
332.0	1.7547e-05	2.138e-10	-10.0	-2.5
332.5	1.7551e-05	2.1444e-10	-10.0	-2.5
333.0	1.7548e-05	2.1448e-10	-10.0	-2.5
333.5	1.7548e-05	2.145e-10	-10.0	-2.5
334.0	1.7548e-05	2.1412e-10	-10.0	-2.5
334.5	1.7546e-05	2.1452e-10	-10.0	-2.5
335.0	1.7546e-05	2.1431e-10	-10.0	-2.5
335.5	1.7548e-05	2.1444e-10	-10.0	-2.5
336.0	1.7548e-05	2.1487e-10	-10.0	-2.5
336.5	1.755e-05	2.1486e-10	-10.0	-2.5
337.0	1.7551e-05	2.1454e-10	-10.0	-2.5
337.5	1.7552e-05	2.1529e-10	-10.0	-2.5
338.0	1.7553e-05	2.1539e-10	-10.0	-2.5
338.5	1.7552e-05	2.149e-10	-10.0	-2.5
339.0	1.7553e-05	2.1528e-10	-10.0	-2.5
339.5	1.7554e-05	2.1485e-10	-10.0	-2.5
340.0	1.7553e-05	2.1463e-10	-10.0	-2.5
340.5	1.7552e-05	2.1507e-10	-10.0	-2.5
341.0	1.7552e-05	2.1502e-10	-10.0	-2.5
341.5	1.7553e-05	2.1526e-10	-10.0	-2.5
342.0	1.7554e-05	2.1548e-10	-10.0	-2.5
342.5	1.7553e-05	2.157e-10	-10.0	-2.5
343.0	1.7553e-05	2.1539e-10	-10.0	-2.5
343.5	1.7551e-05	2.1536e-10	-10.0	-2.5
344.0	1.755e-05	2.1508e-10	-10.0	-2.5
344.5	1.7551e-05	2.1543e-10	-10.0	-2.5
345.0	1.7552e-05	2.1542e-10	-10.0	-2.5
345.5	1.7555e-05	2.1524e-10	-10.0	-2.5
346.0	1.7553e-05	2.1528e-10	-10.0	-2.5
346.5	1.7553e-05	2.155e-10	-10.0	-2.5
347.0	1.7555e-05	2.16e-10	-10.0	-2.5
347.5	1.7557e-05	2.1617e-10	-10.0	-2.5
348.0	1.7556e-05	2.1549e-10	-10.0	-2.5
348.5	1.7556e-05	2.1532e-10	-10.0	-2.5
349.0	1.756e-05	2.1575e-10	-10.0	-2.5
349.5	1.7559e-05	2.1656e-10	-10.0	-2.5
350.0	1.756e-05	2.1586e-10	-10.0	-2.5
350.5	1.7561e-05	2.1584e-10	-10.0	-2.5
351.0	1.7557e-05	2.1593e-10	-10.0	-2.5
351.5	1.7554e-05	2.1582e-10	-10.0	-2.5
352.0	1.7554e-05	2.1593e-10	-10.0	-2.5
352.5	1.7554e-05	2.1651e-10	-10.0	-2.5
353.0	1.7552e-05	2.1637e-10	-10.0	-2.5
353.5	1.7554e-05	2.165e-10	-10.0	-2.5
354.0	1.7555e-05	2.1642e-10	-10.0	-2.5
354.5	1.7554e-05	2.1606e-10	-10.0	-2.5
355.0	1.7555e-05	2.1637e-10	-10.0	-2.5
355.5	1.7552e-05	2.1677e-10	-10.0	-2.5
356.0	1.7553e-05	2.1646e-10	-10.0	-2.5
356.5	1.7551e-05	2.1657e-10	-10.0	-2.5
357.0	1.7554e-05	2.164e-10	-10.0	-2.5
357.5	1.7554e-05	2.1647e-10	-10.0	-2.5
358.0	1.7554e-05	2.1625e-10	-10.0	-2.5
358.5	1.7559e-05	2.1616e-10	-10.0	-2.5
359.0	1.7556e-05	3.0059e-10	-10.0	-2.5
359.5	1.7563e-05	3.425e-10	-10.0	-2.5
360.0	1.7568e-05	3.445e-10	-10.0	-2.5
360.5	1.7576e-05	3.4487e-10	-10.0	-2.5
361.0	1.758e-05	3.4334e-10	-10.0	-2.5
361.5	1.7585e-05	3.4227e-10	-10.0	-2.5
362.0	1.7591e-05	3.4079e-10	-10.0	-2.5
362.5	1.76e-05	3.4025e-10	-10.0	-2.5
363.0	1.7608e-05	3.3814e-10	-10.0	-2.5
363.5	1.761e-05	3.3694e-10	-10.0	-2.5
364.0	1.7614e-05	3.3628e-10	-10.0	-2.5
364.5	1.7616e-05	3.3563e-10	-10.0	-2.5
365.0	1.7622e-05	3.3481e-10	-10.0	-2.5
365.5	1.7628e-05	3.349e-10	-10.0	-2.5
366.0	1.7636e-05	3.3463e-10	-10.0	-2.5
366.5	1.7638e-05	3.3422e-10	-10.0	-2.5
367.0	1.7644e-05	3.332e-10	-10.0	-2.5
367.5	1.7647e-05	3.3286e-10	-10.0	-2.5
368.0	1.7647e-05	3.3273e-10	-10.0	-2.5
368.5	1.765e-05	3.3223e-10	-10.0	-2.5
369.0	1.7655e-05	3.3278e-10	-10.0	-2.5
369.5	1.7659e-05	3.328e-10	-10.0	-2.5
370.0	1.7664e-05	3.3278e-10	-10.0	-2.5
370.5	1.7671e-05	3.3191e-10	-10.0	-2.5
371.0	1.7672e-05	3.3133e-10	-10.0	-2.5
371.5	1.7676e-05	3.3178e-10	-10.0	-2.5
372.0	1.7679e-05	3.3141e-10	-10.0	-2.5
372.5	1.7683e-05	3.3114e-10	-10.0	-2.5
373.0	1.769e-05	3.3015e-10	-10.0	-2.5
373.5	1.7693e-05	3.3022e-10	-10.0	-2.5
374.0	1.7693e-05	3.3023e-10	-10.0	-2.5
374.5	1.7692e-05	3.3045e-10	-10.0	-2.5
375.0	1.7696e-05	3.2989e-10	-10.0	-2.5
375.5	1.7698e-05	3.297e-10	-10.0	-2.5
376.0	1.7699e-05	3.2919e-10	-10.0	-2.5
376.5	1.7698e-05	3.2865e-10	-10.0	-2.5
377.0	1.7702e-05	3.2968e-10	-10.0	-2.5
377.5	1.7711e-05	3.2851e-10	-10.0	-2.5
378.0	1.7714e-05	3.2864e-10	-10.0	-2.5
378.5	1.7716e-05	3.2844e-10	-10.0	-2.5
379.0	1.7715e-05	3.2847e-10	-10.0	-2.5
379.5	1.7713e-05	3.2786e-10	-10.0	-2.5
380.0	1.7716e-05	3.2794e-10	-10.0	-2.5
380.5	1.7716e-05	3.2853e-10	-10.0	-2.5
381.0	1.7715e-05	3.2813e-10	-10.0	-2.5
381.5	1.7718e-05	3.2752e-10	-10.0	-2.5
382.0	1.7722e-05	3.2756e-10	-10.0	-2.5
382.5	1.7723e-05	3.2766e-10	-10.0	-2.5
383.0	1.7724e-05	3.2774e-10	-10.0	-2.5
383.5	1.7728e-05	3.2691e-10	-10.0	-2.5
384.0	1.7727e-05	3.2692e-10	-10.0	-2.5
384.5	1.7733e-05	3.266e-10	-10.0	-2.5
385.0	1.7732e-05	3.2644e-10	-10.0	-2.5
385.5	1.7734e-05	3.2681e-10	-10.0	-2.5
386.0	1.7736e-05	3.2613e-10	-10.0	-2.5
386.5	1.7739e-05	3.2654e-10	-10.0	-2.5
387.0	1.7738e-05	3.2649e-10	-10.0	-2.5
387.5	1.7741e-05	3.2601e-10	-10.0	-2.5
388.0	1.774e-05	3.2518e-10	-10.0	-2.5
388.5	1.7741e-05	3.2543e-10	-10.0	-2.5
389.0	1.7741e-05	3.2559e-10	-10.0	-2.5
389.5	1.7738e-05	3.257e-10	-10.0	-2.5
390.0	1.7738e-05	3.2541e-10	-10.0	-2.5
390.5	1.774e-05	3.2508e-10	-10.0	-2.5
391.0	1.7743e-05	3.2518e-10	-10.0	-2.5
391.5	1.7739e-05	3.2501e-10	-10.0	-2.5
392.0	1.7742e-05	3.2466e-10	-10.0	-2.5
392.5	1.7746e-05	3.2457e-10	-10.0	-2.5
393.0	1.7744e-05	3.2469e-10	-10.0	-2.5
393.5	1.7744e-05	3.2467e-10	-10.0	-2.5
394.0	1.7747e-05	3.243e-10	-10.0	-2.5
394.5	1.7748e-05	3.2438e-10	-10.0	-2.5
395.0	1.7751e-05	3.2434e-10	-10.0	-2.5
395.5	1.7747e-05	3.239e-10	-10.0	-2.5
396.0	1.7748e-05	3.2425e-10	-10.0	-2.5
396.5	1.7748e-05	3.2391e-10	-10.0	-2.5
397.0	1.7748e-05	3.245e-10	-10.0	-2.5
397.5	1.7749e-05	3.2382e-10	-10.0	-2.5
398.0	1.7749e-05	3.2339e-10	-10.0	-2.5
398.5	1.7752e-05	3.2414e-10	-10.0	-2.5
399.0	1.7753e-05	3.2331e-10	-10.0	-2.5
399.5	1.7752e-05	3.229e-10	-10.0	-2.5
400.0	1.7756e-05	3.2334e-10	-10.0	-2.5
400.5	1.7754e-05	3.2254e-10	-10.0	-2.5
401.0	1.7756e-05	3.2256e-10	-10.0	-2.5
401.5	1.7757e-05	3.2284e-10	-10.0	-2.5
402.0	1.7755e-05	3.2265e-10	-10.0	-2.5
402.5	1.7759e-05	3.2305e-10	-10.0	-2.5
403.0	1.776e-05	3.2269e-10	-10.0	-2.5
403.5	1.7762e-05	3.2249e-10	-10.0	-2.5
404.0	1.776e-05	3.2196e-10	-10.0	-2.5
404.5	1.7761e-05	3.2137e-10	-10.0	-2.5
405.0	1.7762e-05	3.2134e-10	-10.0	-2.5
405.5	1.7763e-05	3.2187e-10	-10.0	-2.5
406.0	1.7762e-05	3.2221e-10	-10.0	-2.5
406.5	1.7763e-05	3.2174e-10	-10.0	-2.5
407.0	1.7763e-05	3.2161e-10	-10.0	-2.5
407.5	1.7762e-05	3.2181e-10	-10.0	-2.5
408.0	1.7762e-05	3.2143e-10	-10.0	-2.5
408.5	1.7765e-05	3.2112e-10	-10.0	-2.5
409.0	1.7764e-05	3.2169e-10	-10.0	-2.5
409.5	1.7764e-05	3.2093e-10	-10.0	-2.5
410.0	1.7764e-05	3.2208e-10	-10.0	-2.5
410.5	1.7763e-05	3.2433e-10	-10.0	-2.5
411.0	1.7767e-05	3.2398e-10	-10.0	-2.5
411.5	1.7764e-05	3.2355e-10	-10.0	-2.5
412.0	1.7767e-05	3.2362e-10	-10.0	-2.5
412.5	1.7766e-05	3.2408e-10	-10.0	-2.5
413.0	1.7766e-05	3.2358e-10	-10.0	-2.5
413.5	1.7772e-05	3.228e-10	-10.0	-2.5
414.0	1.7776e-05	3.2343e-10	-10.0	-2.5
414.5	1.7772e-05	3.2323e-10	-10.0	-2.5
415.0	1.777e-05	3.234e-10	-10.0	-2.5
415.5	1.7773e-05	3.2295e-10	-10.0	-2.5
416.0	1.7774e-05	3.2286e-10	-10.0	-2.5
416.5	1.7775e-05	3.2257e-10	-10.0	-2.5
417.0	1.7776e-05	3.2216e-10	-10.0	-2.5
417.5	1.7775e-05	3.221e-10	-10.0	-2.5
418.0	1.7776e-05	3.2287e-10	-10.0	-2.5
418.5	1.7775e-05	3.2243e-10	-10.0	-2.5
419.0	1.7775e-05	2.8876e-10	-10.0	-2.5
419.5	1.7773e-05	2.0704e-10	-10.0	-2.5
420.0	1.7767e-05	2.0067e-10	-10.0	-2.5
420.5	1.7765e-05	2.0005e-10	-10.0	-2.5
421.0	1.776e-05	2.0029e-10	-10.0	-2.5
421.5	1.7761e-05	2.0038e-10	-10.0	-2.5
422.0	1.7759e-05	2.0097e-10	-10.0	-2.5
422.5	1.7755e-05	2.0156e-10	-10.0	-2.5
423.0	1.7759e-05	2.0157e-10	-10.0	-2.5
423.5	1.7754e-05	2.0173e-10	-10.0	-2.5
424.0	1.7751e-05	2.0248e-10	-10.0	-2.5
424.5	1.7753e-05	2.0186e-10	-10.0	-2.5
425.0	1.7747e-05	2.0203e-10	-10.0	-2.5
425.5	1.7744e-05	2.0196e-10	-10.0	-2.5
426.0	1.7741e-05	2.0268e-10	-10.0	-2.5
426.5	1.7739e-05	2.0279e-10	-10.0	-2.5
427.0	1.7736e-05	2.0294e-10	-10.0	-2.5
427.5	1.7738e-05	2.0322e-10	-10.0	-2.5
428.0	1.7736e-05	2.0311e-10	-10.0	-2.5
428.5	1.7736e-05	2.0307e-10	-10.0	-2.5
429.0	1.7732e-05	2.0307e-10	-10.0	-2.5
429.5	1.773e-05	2.0401e-10	-10.0	-2.5
430.0	1.773e-05	2.0379e-10	-10.0	-2.5
430.5	1.7726e-05	2.0369e-10	-10.0	-2.5
431.0	1.7726e-05	2.0402e-10	-10.0	-2.5
431.5	1.7727e-05	2.0401e-10	-10.0	-2.5
432.0	1.7724e-05	2.0388e-10	-10.0	-2.5
432.5	1.7725e-05	2.0432e-10	-10.0	-2.5
433.0	1.7723e-05	2.0423e-10	-10.0	-2.5
433.5	1.7721e-05	2.0416e-10	-10.0	-2.5
434.0	1.772e-05	2.044e-10	-10.0	-2.5
434.5	1.7719e-05	2.0475e-10	-10.0	-2.5
435.0	1.7718e-05	2.0434e-10	-10.0	-2.5
435.5	1.7718e-05	2.0457e-10	-10.0	-2.5
436.0	1.7721e-05	2.0458e-10	-10.0	-2.5
436.5	1.7719e-05	2.0502e-10	-10.0	-2.5
437.0	1.7716e-05	2.053e-10	-10.0	-2.5
437.5	1.7715e-05	2.0467e-10	-10.0	-2.5
438.0	1.7719e-05	2.0484e-10	-10.0	-2.5
438.5	1.7714e-05	2.0518e-10	-10.0	-2.5
439.0	1.7715e-05	2.0592e-10	-10.0	-2.5
439.5	1.7713e-05	2.0567e-10	-10.0	-2.5
440.0	1.7714e-05	2.0542e-10	-10.0	-2.5
440.5	1.7713e-05	2.058e-10	-10.0	-2.5
441.0	1.7712e-05	2.0562e-10	-10.0	-2.5
441.5	1.7713e-05	2.0536e-10	-10.0	-2.5
442.0	1.7713e-05	2.0536e-10	-10.0	-2.5
442.5	1.7709e-05	2.0559e-10	-10.0	-2.5
443.0	1.7709e-05	2.0583e-10	-10.0	-2.5
443.5	1.7706e-05	2.0569e-10	-10.0	-2.5
444.0	1.7706e-05	2.0594e-10	-10.0	-2.5
444.5	1.7704e-05	2.0626e-10	-10.0	-2.5
445.0	1.7706e-05	2.0579e-10	-10.0	-2.5
445.5	1.7705e-05	2.0635e-10	-10.0	-2.5
446.0	1.7705e-05	2.0627e-10	-10.0	-2.5
446.5	1.7709e-05	2.0663e-10	-10.0	-2.5
447.0	1.7706e-05	2.0662e-10	-10.0	-2.5
447.5	1.7707e-05	2.0667e-10	-10.0	-2.5
448.0	1.7709e-05	2.0663e-10	-10.0	-2.5
448.5	1.7709e-05	2.069e-10	-10.0	-2.5
449.0	1.7707e-05	2.0663e-10	-10.0	-2.5
449.5	1.7709e-05	2.0699e-10	-10.0	-2.5
450.0	1.7709e-05	2.0712e-10	-10.0	-2.5
450.5	1.7708e-05	2.0691e-10	-10.0	-2.5
451.0	1.7709e-05	2.0742e-10	-10.0	-2.5
451.5	1.771e-05	2.0671e-10	-10.0	-2.5
452.0	1.7711e-05	2.0708e-10	-10.0	-2.5
452.5	1.771e-05	2.0672e-10	-10.0	-2.5
453.0	1.7709e-05	2.0719e-10	-10.0	-2.5
453.5	1.771e-05	2.0736e-10	-10.0	-2.5
454.0	1.7712e-05	2.0684e-10	-10.0	-2.5
454.5	1.7714e-05	2.0764e-10	-10.0	-2.5
455.0	1.7713e-05	2.0672e-10	-10.0	-2.5
455.5	1.7714e-05	2.0771e-10	-10.0	-2.5
456.0	1.7712e-05	2.0758e-10	-10.0	-2.5
456.5	1.7713e-05	2.078e-10	-10.0	-2.5
457.0	1.7716e-05	2.0769e-10	-10.0	-2.5
457.5	1.7718e-05	2.083e-10	-10.0	-2.5
458.0	1.7715e-05	2.0788e-10	-10.0	-2.5
458.5	1.7714e-05	2.0765e-10	-10.0	-2.5
459.0	1.7714e-05	2.0865e-10	-10.0	-2.5
459.5	1.7713e-05	2.0819e-10	-10.0	-2.5
460.0	1.7717e-05	2.0841e-10	-10.0	-2.5
460.5	1.7718e-05	2.0842e-10	-10.0	-2.5
461.0	1.7721e-05	2.0801e-10	-10.0	-2.5
461.5	1.7721e-05	2.078e-10	-10.0	-2.5
462.0	1.772e-05	2.0857e-10	-10.0	-2.5
462.5	1.7717e-05	2.0816e-10	-10.0	-2.5
463.0	1.7718e-05	2.0844e-10	-10.0	-2.5
463.5	1.7721e-05	2.0857e-10	-10.0	-2.5
464.0	1.7722e-05	2.0875e-10	-10.0	-2.5
464.5	1.7721e-05	2.0859e-10	-10.0	-2.5
465.0	1.7721e-05	2.0829e-10	-10.0	-2.5
465.5	1.7723e-05	2.0808e-10	-10.0	-2.5
466.0	1.7722e-05	2.1013e-10	-10.0	-2.5
466.5	1.7723e-05	2.0883e-10	-10.0	-2.5
467.0	1.7725e-05	2.0909e-10	-10.0	-2.5
467.5	1.7725e-05	2.0875e-10	-10.0	-2.5
468.0	1.7729e-05	2.0964e-10	-10.0	-2.5
468.5	1.7729e-05	2.089e-10	-10.0	-2.5
469.0	1.7728e-05	2.0891e-10	-10.0	-2.5
469.5	1.7725e-05	2.0957e-10	-10.0	-2.5
470.0	1.7727e-05	2.0952e-10	-10.0	-2.5
470.5	1.7728e-05	2.0969e-10	-10.0	-2.5
471.0	1.7726e-05	2.0925e-10	-10.0	-2.5
471.5	1.7729e-05	2.0977e-10	-10.0	-2.5
472.0	1.7727e-05	2.0967e-10	-10.0	-2.5
472.5	1.7728e-05	2.0969e-10	-10.0	-2.5
473.0	1.7729e-05	2.0962e-10	-10.0	-2.5
473.5	1.7728e-05	2.0991e-10	-10.0	-2.5
474.0	1.7728e-05	2.0952e-10	-10.0	-2.5
474.5	1.7727e-05	2.0966e-10	-10.0	-2.5
475.0	1.7729e-05	2.0999e-10	-10.0	-2.5
475.5	1.7729e-05	2.1008e-10	-10.0	-2.5
476.0	1.7727e-05	2.0993e-10	-10.0	-2.5
476.5	1.773e-05	2.1025e-10	-10.0	-2.5
477.0	1.773e-05	2.1049e-10	-10.0	-2.5
477.5	1.773e-05	2.1013e-10	-10.0	-2.5
478.0	1.7732e-05	2.1048e-10	-10.0	-2.5
478.5	1.7734e-05	2.1071e-10	-10.0	-2.5
479.0	1.7734e-05	2.7865e-10	-10.0	-2.5
479.5	1.7739e-05	3.3556e-10	-10.0	-2.5
480.0	1.7743e-05	3.3746e-10	-10.0	-2.5
480.5	1.7747e-05	3.3715e-10	-10.0	-2.5
481.0	1.7751e-05	3.355e-10	-10.0	-2.5
481.5	1.7755e-05	3.3558e-10	-10.0	-2.5
482.0	1.7761e-05	3.3364e-10	-10.0	-2.5
482.5	1.7767e-05	3.3204e-10	-10.0	-2.5
483.0	1.7774e-05	3.3147e-10	-10.0	-2.5
483.5	1.7774e-05	3.3022e-10	-10.0	-2.5
484.0	1.7782e-05	3.2961e-10	-10.0	-2.5
484.5	1.7784e-05	3.2865e-10	-10.0	-2.5
485.0	1.7784e-05	3.2812e-10	-10.0	-2.5
485.5	1.7791e-05	3.2768e-10	-10.0	-2.5
486.0	1.779e-05	3.2748e-10	-10.0	-2.5
486.5	1.7797e-05	3.2676e-10	-10.0	-2.5
487.0	1.7803e-05	3.273e-10	-10.0	-2.5
487.5	1.7806e-05	3.2725e-10	-10.0	-2.5
488.0	1.7811e-05	3.2728e-10	-10.0	-2.5
488.5	1.7812e-05	3.273e-10	-10.0	-2.5
489.0	1.7814e-05	3.2703e-10	-10.0	-2.5
489.5	1.7818e-05	3.2587e-10	-10.0	-2.5
490.0	1.7817e-05	3.2621e-10	-10.0	-2.5
490.5	1.782e-05	3.2541e-10	-10.0	-2.5
491.0	1.782e-05	3.258e-10	-10.0	-2.5
491.5	1.7826e-05	3.2498e-10	-10.0	-2.5
492.0	1.7829e-05	3.2584e-10	-10.0	-2.5
492.5	1.7834e-05	3.2518e-10	-10.0	-2.5
493.0	1.7839e-05	3.2433e-10	-10.0	-2.5
493.5	1.7841e-05	3.2412e-10	-10.0	-2.5
494.0	1.7845e-05	3.2466e-10	-10.0	-2.5
494.5	1.7843e-05	3.2483e-10	-10.0	-2.5
495.0	1.7845e-05	3.2412e-10	-10.0	-2.5
495.5	1.7848e-05	3.2368e-10	-10.0	-2.5
496.0	1.7849e-05	3.2363e-10	-10.0	-2.5
496.5	1.7854e-05	3.2336e-10	-10.0	-2.5
497.0	1.7852e-05	3.2324e-10	-10.0	-2.5
497.5	1.7857e-05	3.2284e-10	-10.0	-2.5
498.0	1.7861e-05	3.2246e-10	-10.0	-2.5
498.5	1.7864e-05	3.236e-10	-10.0	-2.5
499.0	1.7864e-05	3.2295e-10	-10.0	-2.5
499.5	1.7867e-05	3.2274e-10	-10.0	-2.5
500.0	1.7865e-05	3.2271e-10	-10.0	-2.5
500.5	1.787e-05	3.2257e-10	-10.0	-2.5
501.0	1.7869e-05	3.2206e-10	-10.0	-2.5
501.5	1.7869e-05	3.221e-10	-10.0	-2.5
502.0	1.7871e-05	3.214e-10	-10.0	-2.5
502.5	1.7873e-05	3.2104e-10	-10.0	-2.5
503.0	1.7875e-05	3.2047e-10	-10.0	-2.5
503.5	1.7873e-05	3.2118e-10	-10.0	-2.5
504.0	1.7876e-05	3.2118e-10	-10.0	-2.5
504.5	1.7875e-05	3.2138e-10	-10.0	-2.5
505.0	1.7876e-05	3.2011e-10	-10.0	-2.5
505.5	1.7877e-05	3.2027e-10	-10.0	-2.5
506.0	1.7876e-05	3.2021e-10	-10.0	-2.5
506.5	1.7875e-05	3.2047e-10	-10.0	-2.5
507.0	1.7877e-05	3.1959e-10	-10.0	-2.5
507.5	1.7875e-05	3.1983e-10	-10.0	-2.5
508.0	1.7877e-05	3.2032e-10	-10.0	-2.5
508.5	1.7873e-05	3.1995e-10	-10.0	-2.5
509.0	1.7875e-05	3.1992e-10	-10.0	-2.5
509.5	1.788e-05	3.1966e-10	-10.0	-2.5
510.0	1.7881e-05	3.1931e-10	-10.0	-2.5
510.5	1.788e-05	3.1947e-10	-10.0	-2.5
511.0	1.788e-05	3.1902e-10	-10.0	-2.5
511.5	1.7883e-05	3.1929e-10	-10.0	-2.5
512.0	1.7883e-05	3.2025e-10	-10.0	-2.5
512.5	1.7879e-05	3.2182e-10	-10.0	-2.5
513.0	1.7879e-05	3.2173e-10	-10.0	-2.5
513.5	1.7883e-05	3.2213e-10	-10.0	-2.5
514.0	1.7884e-05	3.2181e-10	-10.0	-2.5
514.5	1.7881e-05	3.198e-10	-10.0	-2.5
515.0	1.7883e-05	3.2032e-10	-10.0	-2.5
515.5	1.7878e-05	3.2101e-10	-10.0	-2.5
516.0	1.7878e-05	3.202e-10	-10.0	-2.5
516.5	1.7879e-05	3.1959e-10	-10.0	-2.5
517.0	1.7881e-05	3.19e-10	-10.0	-2.5
517.5	1.7882e-05	3.187e-10	-10.0	-2.5
518.0	1.7882e-05	3.1855e-10	-10.0	-2.5
518.5	1.7885e-05	3.1948e-10	-10.0	-2.5
519.0	1.7885e-05	3.1966e-10	-10.0	-2.5
519.5	1.7883e-05	3.1932e-10	-10.0	-2.5
520.0	1.7884e-05	3.1784e-10	-10.0	-2.5
520.5	1.7883e-05	3.1815e-10	-10.0	-2.5
521.0	1.7883e-05	3.1772e-10	-10.0	-2.5
521.5	1.7883e-05	3.1832e-10	-10.0	-2.5
522.0	1.7885e-05	3.19e-10	-10.0	-2.5
522.5	1.7885e-05	3.1882e-10	-10.0	-2.5
523.0	1.7884e-05	3.1854e-10	-10.0	-2.5
523.5	1.7884e-05	3.1862e-10	-10.0	-2.5
524.0	1.7885e-05	3.1901e-10	-10.0	-2.5
524.5	1.7883e-05	3.1886e-10	-10.0	-2.5
525.0	1.7881e-05	3.1939e-10	-10.0	-2.5
525.5	1.7884e-05	3.1857e-10	-10.0	-2.5
526.0	1.7885e-05	3.1749e-10	-10.0	-2.5
526.5	1.7884e-05	3.1628e-10	-10.0	-2.5
527.0	1.7882e-05	3.1593e-10	-10.0	-2.5
527.5	1.7883e-05	3.1594e-10	-10.0	-2.5
528.0	1.7885e-05	3.1576e-10	-10.0	-2.5
528.5	1.7884e-05	3.1601e-10	-10.0	-2.5
529.0	1.7889e-05	3.1544e-10	-10.0	-2.5
529.5	1.7889e-05	3.1537e-10	-10.0	-2.5
530.0	1.7889e-05	3.1508e-10	-10.0	-2.5
530.5	1.7886e-05	3.1497e-10	-10.0	-2.5
531.0	1.7889e-05	3.1496e-10	-10.0	-2.5
531.5	1.7888e-05	3.1491e-10	-10.0	-2.5
532.0	1.7891e-05	3.1512e-10	-10.0	-2.5
532.5	1.7887e-05	3.1513e-10	-10.0	-2.5
533.0	1.7891e-05	3.1448e-10	-10.0	-2.5
533.5	1.7891e-05	3.139e-10	-10.0	-2.5
534.0	1.7887e-05	3.1381e-10	-10.0	-2.5
534.5	1.789e-05	3.1428e-10	-10.0	-2.5
535.0	1.7893e-05	3.1376e-10	-10.0	-2.5
535.5	1.7893e-05	3.1422e-10	-10.0	-2.5
536.0	1.7892e-05	3.1412e-10	-10.0	-2.5
536.5	1.7893e-05	3.1369e-10	-10.0	-2.5
537.0	1.7891e-05	3.1388e-10	-10.0	-2.5
537.5	1.7892e-05	3.1352e-10	-10.0	-2.5
538.0	1.7892e-05	3.1315e-10	-10.0	-2.5
538.5	1.7895e-05	3.1365e-10	-10.0	-2.5
539.0	1.7893e-05	2.9069e-10	-10.0	-2.5
539.5	1.7891e-05	2.0205e-10	-10.0	-2.5
540.0	1.7888e-05	1.9594e-10	-10.0	-2.5
540.5	1.7882e-05	1.9526e-10	-10.0	-2.5
541.0	1.7879e-05	1.9517e-10	-10.0	-2.5
541.5	1.7877e-05	1.9566e-10	-10.0	-2.5
542.0	1.7873e-05	1.9631e-10	-10.0	-2.5
542.5	1.7873e-05	1.9626e-10	-10.0	-2.5
543.0	1.7871e-05	1.9682e-10	-10.0	-2.5
543.5	1.7871e-05	1.9681e-10	-10.0	-2.5
544.0	1.7868e-05	1.9671e-10	-10.0	-2.5
544.5	1.7866e-05	1.9659e-10	-10.0	-2.5
545.0	1.7863e-05	1.9735e-10	-10.0	-2.5
545.5	1.7859e-05	1.9668e-10	-10.0	-2.5
546.0	1.7859e-05	1.974e-10	-10.0	-2.5
546.5	1.7853e-05	1.9766e-10	-10.0	-2.5
547.0	1.7853e-05	1.9722e-10	-10.0	-2.5
547.5	1.7853e-05	1.9748e-10	-10.0	-2.5
548.0	1.7851e-05	1.9844e-10	-10.0	-2.5
548.5	1.7848e-05	1.9837e-10	-10.0	-2.5
549.0	1.7848e-05	1.9822e-10	-10.0	-2.5
549.5	1.7851e-05	1.9843e-10	-10.0	-2.5
550.0	1.7849e-05	1.9882e-10	-10.0	-2.5
550.5	1.7848e-05	1.9864e-10	-10.0	-2.5
551.0	1.7848e-05	1.99e-10	-10.0	-2.5
551.5	1.7849e-05	1.985e-10	-10.0	-2.5
552.0	1.7848e-05	1.9923e-10	-10.0	-2.5
552.5	1.7849e-05	1.9908e-10	-10.0	-2.5
553.0	1.7847e-05	1.9858e-10	-10.0	-2.5
553.5	1.7844e-05	1.9876e-10	-10.0	-2.5
554.0	1.7843e-05	1.9908e-10	-10.0	-2.5
554.5	1.7843e-05	1.9919e-10	-10.0	-2.5
555.0	1.7842e-05	1.9909e-10	-10.0	-2.5
555.5	1.7842e-05	1.9958e-10	-10.0	-2.5
556.0	1.784e-05	1.9939e-10	-10.0	-2.5
556.5	1.7839e-05	1.9959e-10	-10.0	-2.5
557.0	1.784e-05	1.9935e-10	-10.0	-2.5
557.5	1.7838e-05	1.9915e-10	-10.0	-2.5
558.0	1.784e-05	1.9956e-10	-10.0	-2.5
558.5	1.7837e-05	1.9956e-10	-10.0	-2.5
559.0	1.7838e-05	1.9971e-10	-10.0	-2.5
559.5	1.7838e-05	2.0062e-10	-10.0	-2.5
560.0	1.7839e-05	1.9983e-10	-10.0	-2.5
560.5	1.784e-05	2.0054e-10	-10.0	-2.5
561.0	1.7837e-05	2.0031e-10	-10.0	-2.5
561.5	1.7834e-05	2.0059e-10	-10.0	-2.5
562.0	1.7832e-05	2.0038e-10	-10.0	-2.5
562.5	1.7836e-05	2.0044e-10	-10.0	-2.5
563.0	1.7833e-05	2.0081e-10	-10.0	-2.5
563.5	1.7836e-05	2.0113e-10	-10.0	-2.5
564.0	1.7838e-05	2.0072e-10	-10.0	-2.5
564.5	1.784e-05	2.0128e-10	-10.0	-2.5
565.0	1.7835e-05	2.0125e-10	-10.0	-2.5
565.5	1.7836e-05	2.0156e-10	-10.0	-2.5
566.0	1.7834e-05	2.0086e-10	-10.0	-2.5
566.5	1.7838e-05	2.0095e-10	-10.0	-2.5
567.0	1.7837e-05	2.0106e-10	-10.0	-2.5
567.5	1.7839e-05	2.0098e-10	-10.0	-2.5
568.0	1.7833e-05	2.0104e-10	-10.0	-2.5
568.5	1.7833e-05	2.0135e-10	-10.0	-2.5
569.0	1.7837e-05	2.0146e-10	-10.0	-2.5
569.5	1.7838e-05	2.0251e-10	-10.0	-2.5
570.0	1.7837e-05	2.0134e-10	-10.0	-2.5
570.5	1.7838e-05	2.0146e-10	-10.0	-2.5
571.0	1.7838e-05	2.0161e-10	-10.0	-2.5
571.5	1.7837e-05	2.0178e-10	-10.0	-2.5
572.0	1.7836e-05	2.0217e-10	-10.0	-2.5
572.5	1.7836e-05	2.0217e-10	-10.0	-2.5
573.0	1.7835e-05	2.0284e-10	-10.0	-2.5
573.5	1.7835e-05	2.0204e-10	-10.0	-2.5
574.0	1.7834e-05	2.025e-10	-10.0	-2.5
574.5	1.7836e-05	2.0275e-10	-10.0	-2.5
575.0	1.7837e-05	2.0284e-10	-10.0	-2.5
575.5	1.7834e-05	2.0257e-10	-10.0	-2.5
576.0	1.7831e-05	2.0226e-10	-10.0	-2.5
576.5	1.7832e-05	2.0294e-10	-10.0	-2.5
577.0	1.7832e-05	2.0251e-10	-10.0	-2.5
577.5	1.7829e-05	2.0277e-10	-10.0	-2.5
578.0	1.7834e-05	2.0269e-10	-10.0	-2.5
578.5	1.7831e-05	2.0326e-10	-10.0	-2.5
579.0	1.7829e-05	2.0367e-10	-10.0	-2.5
579.5	1.7833e-05	2.0254e-10	-10.0	-2.5
580.0	1.7835e-05	2.0293e-10	-10.0	-2.5
580.5	1.7833e-05	2.0288e-10	-10.0	-2.5
581.0	1.7835e-05	2.0252e-10	-10.0	-2.5
581.5	1.7836e-05	2.0295e-10	-10.0	-2.5
582.0	1.7835e-05	2.0394e-10	-10.0	-2.5
582.5	1.784e-05	2.0307e-10	-10.0	-2.5
583.0	1.7838e-05	2.0272e-10	-10.0	-2.5
583.5	1.7837e-05	2.0337e-10	-10.0	-2.5
584.0	1.7839e-05	2.0276e-10	-10.0	-2.5
584.5	1.7838e-05	2.0337e-10	-10.0	-2.5
585.0	1.784e-05	2.033e-10	-10.0	-2.5
585.5	1.7839e-05	2.0353e-10	-10.0	-2.5
586.0	1.7841e-05	2.0351e-10	-10.0	-2.5
586.5	1.7841e-05	2.036e-10	-10.0	-2.5
587.0	1.7844e-05	2.037e-10	-10.0	-2.5
587.5	1.7846e-05	2.0302e-10	-10.0	-2.5
588.0	1.7844e-05	2.0403e-10	-10.0	-2.5
588.5	1.7842e-05	2.0379e-10	-10.0	-2.5
589.0	1.7842e-05	2.0351e-10	-10.0	-2.5
589.5	1.7844e-05	2.0435e-10	-10.0	-2.5
590.0	1.7846e-05	2.0431e-10	-10.0	-2.5
590.5	1.7846e-05	2.0429e-10	-10.0	-2.5
591.0	1.7846e-05	2.0456e-10	-10.0	-2.5
591.5	1.7848e-05	2.0411e-10	-10.0	-2.5
592.0	1.7846e-05	2.0456e-10	-10.0	-2.5
592.5	1.7849e-05	2.0466e-10	-10.0	-2.5
593.0	1.785e-05	2.0475e-10	-10.0	-2.5
593.5	1.785e-05	2.0486e-10	-10.0	-2.5
594.0	1.7851e-05	2.0409e-10	-10.0	-2.5
594.5	1.7851e-05	2.0497e-10	-10.0	-2.5
595.0	1.785e-05	2.0459e-10	-10.0	-2.5
595.5	1.7854e-05	2.0439e-10	-10.0	-2.5
596.0	1.7851e-05	2.0569e-10	-10.0	-2.5
596.5	1.7849e-05	2.0521e-10	-10.0	-2.5
597.0	1.7849e-05	2.05e-10	-10.0	-2.5
597.5	1.7852e-05	2.0519e-10	-10.0	-2.5
598.0	1.785e-05	2.0539e-10	-10.0	-2.5
598.5	1.7851e-05	2.0576e-10	-10.0	-2.5
599.0	1.7854e-05	2.0539e-10	-10.0	-2.5
599.5	1.7854e-05	2.0546e-10	-10.0	-2.5
600.0	1.7852e-05	2.0498e-10	-10.0	-2.5
600.5	1.7851e-05	2.0494e-10	-10.0	-2.5
601.0	1.7851e-05	2.0484e-10	-10.0	-2.5
601.5	1.7853e-05	2.0505e-10	-10.0	-2.5
602.0	1.7853e-05	2.0505e-10	-10.0	-2.5
602.5	1.7854e-05	2.0532e-10	-10.0	-2.5
603.0	1.7854e-05	2.0612e-10	-10.0	-2.5
603.5	1.7854e-05	2.0528e-10	-10.0	-2.5
604.0	1.7851e-05	2.0618e-10	-10.0	-2.5
604.5	1.785e-05	2.0541e-10	-10.0	-2.5
605.0	1.7851e-05	2.0547e-10	-10.0	-2.5
605.5	1.7852e-05	2.0567e-10	-10.0	-2.5
606.0	1.785e-05	2.0532e-10	-10.0	-2.5
606.5	1.7851e-05	2.0585e-10	-10.0	-2.5
607.0	1.7852e-05	2.0573e-10	-10.0	-2.5
607.5	1.7854e-05	2.0575e-10	-10.0	-2.5
608.0	1.7854e-05	2.0593e-10	-10.0	-2.5
608.5	1.7856e-05	2.0595e-10	-10.0	-2.5
609.0	1.7857e-05	2.0572e-10	-10.0	-2.5
609.5	1.7859e-05	2.053e-10	-10.0	-2.5
610.0	1.7855e-05	2.0581e-10	-10.0	-2.5
610.5	1.7857e-05	2.0539e-10	-10.0	-2.5
611.0	1.7859e-05	2.059e-10	-10.0	-2.5
611.5	1.7863e-05	2.0587e-10	-10.0	-2.5
612.0	1.7859e-05	2.0624e-10	-10.0	-2.5
