Time (s)	|IDrain (A)|	|IGate (A)	Vdrain(V)	Vgate(V)
0.0	1.7078e-05	1.6047e-11	-10.0	-2.5
1.0	1.7086e-05	1.9124e-10	-10.0	-2.5
1.5	1.7091e-05	2.0206e-10	-10.0	-2.5
2.0	1.7097e-05	2.068e-10	-10.0	-2.5
2.5	1.7098e-05	2.1016e-10	-10.0	-2.5
3.0	1.7104e-05	2.1151e-10	-10.0	-2.5
3.5	1.7107e-05	2.1235e-10	-10.0	-2.5
4.0	1.7111e-05	2.1342e-10	-10.0	-2.5
4.5	1.7114e-05	2.1363e-10	-10.0	-2.5
5.0	1.7116e-05	2.1366e-10	-10.0	-2.5
5.5	1.7122e-05	2.1368e-10	-10.0	-2.5
6.0	1.7123e-05	2.1358e-10	-10.0	-2.5
6.5	1.7128e-05	2.1383e-10	-10.0	-2.5
7.0	1.7131e-05	2.1447e-10	-10.0	-2.5
7.5	1.7133e-05	2.1446e-10	-10.0	-2.5
8.0	1.7136e-05	2.1411e-10	-10.0	-2.5
8.5	1.7138e-05	2.1366e-10	-10.0	-2.5
9.0	1.7142e-05	2.1417e-10	-10.0	-2.5
9.5	1.7146e-05	2.1414e-10	-10.0	-2.5
10.0	1.715e-05	2.1406e-10	-10.0	-2.5
10.5	1.7152e-05	2.1416e-10	-10.0	-2.5
11.0	1.7157e-05	2.1516e-10	-10.0	-2.5
11.5	1.716e-05	2.1443e-10	-10.0	-2.5
12.0	1.7161e-05	2.1502e-10	-10.0	-2.5
12.5	1.7164e-05	2.1415e-10	-10.0	-2.5
13.0	1.7168e-05	2.1444e-10	-10.0	-2.5
13.5	1.717e-05	2.1443e-10	-10.0	-2.5
14.0	1.7175e-05	2.1458e-10	-10.0	-2.5
14.5	1.718e-05	2.1544e-10	-10.0	-2.5
15.0	1.718e-05	2.1443e-10	-10.0	-2.5
15.501	1.7183e-05	2.1496e-10	-10.0	-2.5
16.0	1.7185e-05	2.1564e-10	-10.0	-2.5
16.5	1.7186e-05	2.1488e-10	-10.0	-2.5
17.0	1.7189e-05	2.1508e-10	-10.0	-2.5
17.5	1.7194e-05	2.1549e-10	-10.0	-2.5
18.0	1.7194e-05	2.1502e-10	-10.0	-2.5
18.5	1.7201e-05	2.1555e-10	-10.0	-2.5
19.0	1.7204e-05	2.1529e-10	-10.0	-2.5
19.5	1.7206e-05	2.1517e-10	-10.0	-2.5
20.0	1.7209e-05	2.1526e-10	-10.0	-2.5
20.5	1.7211e-05	2.1617e-10	-10.0	-2.5
21.0	1.7215e-05	2.1567e-10	-10.0	-2.5
21.5	1.7219e-05	2.1548e-10	-10.0	-2.5
22.0	1.722e-05	2.154e-10	-10.0	-2.5
22.5	1.7222e-05	2.1548e-10	-10.0	-2.5
23.0	1.7226e-05	2.1596e-10	-10.0	-2.5
23.5	1.7228e-05	2.1577e-10	-10.0	-2.5
24.0	1.7226e-05	2.1594e-10	-10.0	-2.5
24.5	1.7231e-05	2.1553e-10	-10.0	-2.5
25.0	1.7233e-05	2.1555e-10	-10.0	-2.5
25.5	1.7239e-05	2.1576e-10	-10.0	-2.5
26.0	1.7241e-05	2.1581e-10	-10.0	-2.5
26.5	1.7243e-05	2.1562e-10	-10.0	-2.5
27.0	1.7246e-05	2.1539e-10	-10.0	-2.5
27.5	1.7252e-05	2.1561e-10	-10.0	-2.5
28.0	1.7253e-05	2.1583e-10	-10.0	-2.5
28.5	1.7258e-05	2.159e-10	-10.0	-2.5
29.0	1.7256e-05	2.1558e-10	-10.0	-2.5
29.5	1.7262e-05	2.1601e-10	-10.0	-2.5
30.0	1.7264e-05	2.1546e-10	-10.0	-2.5
30.5	1.7267e-05	2.1594e-10	-10.0	-2.5
31.0	1.7272e-05	2.1539e-10	-10.0	-2.5
31.5	1.7272e-05	2.1617e-10	-10.0	-2.5
32.0	1.7276e-05	2.1546e-10	-10.0	-2.5
32.5	1.7278e-05	2.1562e-10	-10.0	-2.5
33.0	1.728e-05	2.1611e-10	-10.0	-2.5
33.5	1.7278e-05	2.1594e-10	-10.0	-2.5
34.0	1.7283e-05	2.1603e-10	-10.0	-2.5
34.5	1.7287e-05	2.1619e-10	-10.0	-2.5
35.0	1.729e-05	2.1597e-10	-10.0	-2.5
35.5	1.729e-05	2.1591e-10	-10.0	-2.5
36.0	1.7295e-05	2.162e-10	-10.0	-2.5
36.5	1.7297e-05	2.1648e-10	-10.0	-2.5
37.0	1.7299e-05	2.1588e-10	-10.0	-2.5
37.5	1.7302e-05	2.1588e-10	-10.0	-2.5
38.0	1.7305e-05	2.1591e-10	-10.0	-2.5
38.5	1.7309e-05	2.1644e-10	-10.0	-2.5
39.0	1.7313e-05	2.1687e-10	-10.0	-2.5
39.5	1.7312e-05	2.1593e-10	-10.0	-2.5
40.0	1.7315e-05	2.1653e-10	-10.0	-2.5
40.5	1.7319e-05	2.1661e-10	-10.0	-2.5
41.0	1.7319e-05	2.169e-10	-10.0	-2.5
41.5	1.7322e-05	2.1688e-10	-10.0	-2.5
42.0	1.7327e-05	2.1715e-10	-10.0	-2.5
42.5	1.7331e-05	2.1685e-10	-10.0	-2.5
43.0	1.7335e-05	2.1674e-10	-10.0	-2.5
43.5	1.7335e-05	2.1688e-10	-10.0	-2.5
44.0	1.7336e-05	2.1664e-10	-10.0	-2.5
44.5	1.7341e-05	2.1699e-10	-10.0	-2.5
45.0	1.7344e-05	2.1712e-10	-10.0	-2.5
45.5	1.7347e-05	2.1728e-10	-10.0	-2.5
46.0	1.7346e-05	2.1697e-10	-10.0	-2.5
46.5	1.7347e-05	2.171e-10	-10.0	-2.5
47.0	1.7352e-05	2.1708e-10	-10.0	-2.5
47.5	1.7352e-05	2.171e-10	-10.0	-2.5
48.0	1.7355e-05	2.1722e-10	-10.0	-2.5
48.5	1.7359e-05	2.1705e-10	-10.0	-2.5
49.0	1.736e-05	2.1722e-10	-10.0	-2.5
49.5	1.7363e-05	2.179e-10	-10.0	-2.5
50.0	1.7365e-05	2.1741e-10	-10.0	-2.5
50.5	1.7365e-05	2.1765e-10	-10.0	-2.5
51.0	1.7367e-05	2.1717e-10	-10.0	-2.5
51.5	1.7368e-05	2.1656e-10	-10.0	-2.5
52.0	1.7371e-05	2.1741e-10	-10.0	-2.5
52.5	1.7372e-05	2.1678e-10	-10.0	-2.5
53.0	1.7378e-05	2.1735e-10	-10.0	-2.5
53.5	1.7379e-05	2.1761e-10	-10.0	-2.5
54.0	1.7382e-05	2.1748e-10	-10.0	-2.5
54.5	1.7383e-05	2.1755e-10	-10.0	-2.5
55.0	1.7383e-05	2.1773e-10	-10.0	-2.5
55.5	1.7386e-05	2.169e-10	-10.0	-2.5
56.0	1.7391e-05	2.1714e-10	-10.0	-2.5
56.5	1.7391e-05	2.1694e-10	-10.0	-2.5
57.0	1.7393e-05	2.1664e-10	-10.0	-2.5
57.5	1.7397e-05	2.1712e-10	-10.0	-2.5
58.0	1.7399e-05	2.167e-10	-10.0	-2.5
58.5	1.7402e-05	2.1694e-10	-10.0	-2.5
59.0	1.7403e-05	2.1767e-10	-10.0	-2.5
59.5	1.7403e-05	2.1781e-10	-10.0	-2.5
60.0	1.7408e-05	2.1764e-10	-10.0	-2.5
60.5	1.7411e-05	2.1786e-10	-10.0	-2.5
61.0	1.7413e-05	2.1728e-10	-10.0	-2.5
61.5	1.7413e-05	2.1748e-10	-10.0	-2.5
62.0	1.7414e-05	2.1714e-10	-10.0	-2.5
62.5	1.7415e-05	2.1775e-10	-10.0	-2.5
63.0	1.7417e-05	2.1776e-10	-10.0	-2.5
63.5	1.7421e-05	2.1783e-10	-10.0	-2.5
64.0	1.7423e-05	2.1791e-10	-10.0	-2.5
64.5	1.7424e-05	2.1776e-10	-10.0	-2.5
65.0	1.7423e-05	2.1808e-10	-10.0	-2.5
65.5	1.7428e-05	2.1755e-10	-10.0	-2.5
66.0	1.7431e-05	2.1828e-10	-10.0	-2.5
66.5	1.7433e-05	2.1812e-10	-10.0	-2.5
67.0	1.7434e-05	2.1856e-10	-10.0	-2.5
67.5	1.7436e-05	2.1832e-10	-10.0	-2.5
68.0	1.744e-05	2.1833e-10	-10.0	-2.5
68.5	1.744e-05	2.1802e-10	-10.0	-2.5
69.0	1.7445e-05	2.1838e-10	-10.0	-2.5
69.5	1.7442e-05	2.1752e-10	-10.0	-2.5
70.0	1.7447e-05	2.1862e-10	-10.0	-2.5
70.5	1.7446e-05	2.1817e-10	-10.0	-2.5
71.0	1.7447e-05	2.1829e-10	-10.0	-2.5
71.5	1.745e-05	2.1831e-10	-10.0	-2.5
72.0	1.7451e-05	2.1801e-10	-10.0	-2.5
72.5	1.7455e-05	2.1792e-10	-10.0	-2.5
73.0	1.7455e-05	2.1822e-10	-10.0	-2.5
73.5	1.7459e-05	2.1844e-10	-10.0	-2.5
74.0	1.7461e-05	2.1817e-10	-10.0	-2.5
74.5	1.7462e-05	2.1804e-10	-10.0	-2.5
75.0	1.7466e-05	2.1815e-10	-10.0	-2.5
75.5	1.7468e-05	2.1824e-10	-10.0	-2.5
76.0	1.7468e-05	2.1828e-10	-10.0	-2.5
76.5	1.7472e-05	2.187e-10	-10.0	-2.5
77.0	1.7471e-05	2.1833e-10	-10.0	-2.5
77.5	1.7474e-05	2.1821e-10	-10.0	-2.5
78.0	1.7476e-05	2.1808e-10	-10.0	-2.5
78.5	1.7478e-05	2.1823e-10	-10.0	-2.5
79.0	1.7479e-05	2.1859e-10	-10.0	-2.5
79.5	1.7478e-05	2.1839e-10	-10.0	-2.5
80.0	1.748e-05	2.1841e-10	-10.0	-2.5
80.5	1.7485e-05	2.1867e-10	-10.0	-2.5
81.0	1.7487e-05	2.1847e-10	-10.0	-2.5
81.5	1.7491e-05	2.191e-10	-10.0	-2.5
82.0	1.749e-05	2.1911e-10	-10.0	-2.5
82.5	1.7491e-05	2.1842e-10	-10.0	-2.5
83.0	1.7491e-05	2.1922e-10	-10.0	-2.5
83.5	1.7492e-05	2.1887e-10	-10.0	-2.5
84.0	1.7494e-05	2.1967e-10	-10.0	-2.5
84.5	1.7496e-05	2.1907e-10	-10.0	-2.5
85.0	1.7497e-05	2.1966e-10	-10.0	-2.5
85.5	1.75e-05	2.1932e-10	-10.0	-2.5
86.0	1.7501e-05	2.1926e-10	-10.0	-2.5
86.5	1.7503e-05	2.195e-10	-10.0	-2.5
87.0	1.7505e-05	2.1906e-10	-10.0	-2.5
87.5	1.7507e-05	2.1932e-10	-10.0	-2.5
88.0	1.7511e-05	2.1918e-10	-10.0	-2.5
88.5	1.7511e-05	2.1961e-10	-10.0	-2.5
89.0	1.7514e-05	2.1951e-10	-10.0	-2.5
89.5	1.7512e-05	2.1976e-10	-10.0	-2.5
90.0	1.7516e-05	2.1893e-10	-10.0	-2.5
90.5	1.7516e-05	2.1936e-10	-10.0	-2.5
91.0	1.7519e-05	2.1969e-10	-10.0	-2.5
91.5	1.7521e-05	2.1965e-10	-10.0	-2.5
92.0	1.7524e-05	2.1997e-10	-10.0	-2.5
92.5	1.7524e-05	2.1961e-10	-10.0	-2.5
93.0	1.7523e-05	2.1875e-10	-10.0	-2.5
93.5	1.7526e-05	2.1907e-10	-10.0	-2.5
94.0	1.7524e-05	2.1951e-10	-10.0	-2.5
94.5	1.7528e-05	2.1973e-10	-10.0	-2.5
95.0	1.753e-05	2.196e-10	-10.0	-2.5
95.5	1.7531e-05	2.1945e-10	-10.0	-2.5
96.0	1.7533e-05	2.2002e-10	-10.0	-2.5
96.5	1.7537e-05	2.195e-10	-10.0	-2.5
97.0	1.7539e-05	2.1908e-10	-10.0	-2.5
97.5	1.7538e-05	2.1977e-10	-10.0	-2.5
98.0	1.7541e-05	2.1906e-10	-10.0	-2.5
98.5	1.7545e-05	2.2008e-10	-10.0	-2.5
99.0	1.7545e-05	2.2003e-10	-10.0	-2.5
99.5	1.7546e-05	2.1973e-10	-10.0	-2.5
100.0	1.7546e-05	2.1984e-10	-10.0	-2.5
100.5	1.755e-05	2.1923e-10	-10.0	-2.5
101.0	1.7549e-05	2.1921e-10	-10.0	-2.5
101.5	1.7551e-05	2.1972e-10	-10.0	-2.5
102.0	1.7557e-05	2.1968e-10	-10.0	-2.5
102.5	1.756e-05	2.1963e-10	-10.0	-2.5
103.0	1.7559e-05	2.2029e-10	-10.0	-2.5
103.5	1.756e-05	2.2027e-10	-10.0	-2.5
104.0	1.7558e-05	2.1989e-10	-10.0	-2.5
104.5	1.7561e-05	2.2018e-10	-10.0	-2.5
105.0	1.7562e-05	2.2086e-10	-10.0	-2.5
105.5	1.7561e-05	2.2038e-10	-10.0	-2.5
106.0	1.7565e-05	2.2073e-10	-10.0	-2.5
106.5	1.7568e-05	2.2025e-10	-10.0	-2.5
107.0	1.7569e-05	2.1993e-10	-10.0	-2.5
107.5	1.7571e-05	2.2049e-10	-10.0	-2.5
108.0	1.7565e-05	2.2041e-10	-10.0	-2.5
108.5	1.7568e-05	2.2054e-10	-10.0	-2.5
109.0	1.7572e-05	2.2066e-10	-10.0	-2.5
109.5	1.7578e-05	2.2006e-10	-10.0	-2.5
110.0	1.7576e-05	2.2067e-10	-10.0	-2.5
110.5	1.758e-05	2.2065e-10	-10.0	-2.5
111.0	1.7581e-05	2.208e-10	-10.0	-2.5
111.5	1.7582e-05	2.2101e-10	-10.0	-2.5
112.0	1.7584e-05	2.2046e-10	-10.0	-2.5
112.5	1.7585e-05	2.2022e-10	-10.0	-2.5
113.0	1.7589e-05	2.2082e-10	-10.0	-2.5
113.5	1.7591e-05	2.2037e-10	-10.0	-2.5
114.0	1.7591e-05	2.2054e-10	-10.0	-2.5
114.5	1.7589e-05	2.2039e-10	-10.0	-2.5
115.0	1.759e-05	2.2061e-10	-10.0	-2.5
115.5	1.7593e-05	2.2066e-10	-10.0	-2.5
116.0	1.7596e-05	2.2064e-10	-10.0	-2.5
116.5	1.7597e-05	2.2037e-10	-10.0	-2.5
117.0	1.7599e-05	2.2009e-10	-10.0	-2.5
117.5	1.7602e-05	2.2058e-10	-10.0	-2.5
118.0	1.7601e-05	2.2019e-10	-10.0	-2.5
118.5	1.7605e-05	2.2099e-10	-10.0	-2.5
119.0	1.7602e-05	2.2057e-10	-10.0	-2.5
119.5	1.7602e-05	2.567e-10	-10.0	-2.5
120.0	1.7609e-05	3.2265e-10	-10.0	-2.5
120.5	1.7616e-05	3.2687e-10	-10.0	-2.5
121.0	1.762e-05	3.2594e-10	-10.0	-2.5
121.5	1.7624e-05	3.2538e-10	-10.0	-2.5
122.0	1.7631e-05	3.2385e-10	-10.0	-2.5
122.5	1.7639e-05	3.2366e-10	-10.0	-2.5
123.0	1.7644e-05	3.2239e-10	-10.0	-2.5
123.5	1.765e-05	3.2087e-10	-10.0	-2.5
124.0	1.7657e-05	3.1986e-10	-10.0	-2.5
124.5	1.7662e-05	3.1885e-10	-10.0	-2.5
125.0	1.7666e-05	3.1831e-10	-10.0	-2.5
125.5	1.7671e-05	3.1743e-10	-10.0	-2.5
126.0	1.7678e-05	3.1749e-10	-10.0	-2.5
126.5	1.7684e-05	3.1718e-10	-10.0	-2.5
127.0	1.7689e-05	3.162e-10	-10.0	-2.5
127.5	1.7696e-05	3.1603e-10	-10.0	-2.5
128.0	1.7703e-05	3.1609e-10	-10.0	-2.5
128.5	1.7707e-05	3.1596e-10	-10.0	-2.5
129.0	1.7709e-05	3.1562e-10	-10.0	-2.5
129.5	1.7715e-05	3.1591e-10	-10.0	-2.5
130.0	1.772e-05	3.1501e-10	-10.0	-2.5
130.5	1.7724e-05	3.1507e-10	-10.0	-2.5
131.0	1.7731e-05	3.1462e-10	-10.0	-2.5
131.5	1.7735e-05	3.1392e-10	-10.0	-2.5
132.0	1.7739e-05	3.1468e-10	-10.0	-2.5
132.5	1.7746e-05	3.1487e-10	-10.0	-2.5
133.0	1.7749e-05	3.1413e-10	-10.0	-2.5
133.5	1.7753e-05	3.1418e-10	-10.0	-2.5
134.0	1.7756e-05	3.1424e-10	-10.0	-2.5
134.5	1.776e-05	3.1363e-10	-10.0	-2.5
135.0	1.7766e-05	3.13e-10	-10.0	-2.5
135.5	1.7771e-05	3.1398e-10	-10.0	-2.5
136.0	1.7775e-05	3.1333e-10	-10.0	-2.5
136.5	1.7782e-05	3.1311e-10	-10.0	-2.5
137.0	1.7785e-05	3.1328e-10	-10.0	-2.5
137.5	1.7787e-05	3.133e-10	-10.0	-2.5
138.0	1.7793e-05	3.1344e-10	-10.0	-2.5
138.5	1.78e-05	3.1298e-10	-10.0	-2.5
139.0	1.7801e-05	3.1273e-10	-10.0	-2.5
139.5	1.781e-05	3.1237e-10	-10.0	-2.5
140.0	1.7811e-05	3.1246e-10	-10.0	-2.5
140.5	1.7814e-05	3.1262e-10	-10.0	-2.5
141.0	1.7817e-05	3.1277e-10	-10.0	-2.5
141.5	1.7821e-05	3.1179e-10	-10.0	-2.5
142.0	1.7822e-05	3.1238e-10	-10.0	-2.5
142.5	1.7824e-05	3.1221e-10	-10.0	-2.5
143.0	1.7827e-05	3.1202e-10	-10.0	-2.5
143.5	1.7831e-05	3.1183e-10	-10.0	-2.5
144.0	1.7831e-05	3.1113e-10	-10.0	-2.5
144.5	1.7835e-05	3.1176e-10	-10.0	-2.5
145.0	1.7838e-05	3.1135e-10	-10.0	-2.5
145.5	1.7838e-05	3.1232e-10	-10.0	-2.5
146.0	1.7841e-05	3.1236e-10	-10.0	-2.5
146.5	1.7843e-05	3.1176e-10	-10.0	-2.5
147.0	1.7846e-05	3.11e-10	-10.0	-2.5
147.5	1.7849e-05	3.1051e-10	-10.0	-2.5
148.0	1.7852e-05	3.1052e-10	-10.0	-2.5
148.5	1.7857e-05	3.1002e-10	-10.0	-2.5
149.0	1.7858e-05	3.0938e-10	-10.0	-2.5
149.5	1.7859e-05	3.1018e-10	-10.0	-2.5
150.0	1.7863e-05	3.1019e-10	-10.0	-2.5
150.5	1.7865e-05	3.0972e-10	-10.0	-2.5
151.0	1.7867e-05	3.0969e-10	-10.0	-2.5
151.5	1.7871e-05	3.1018e-10	-10.0	-2.5
152.0	1.7872e-05	3.1021e-10	-10.0	-2.5
152.5	1.7874e-05	3.0933e-10	-10.0	-2.5
153.0	1.7877e-05	3.0984e-10	-10.0	-2.5
153.5	1.7878e-05	3.0888e-10	-10.0	-2.5
154.0	1.788e-05	3.0946e-10	-10.0	-2.5
154.5	1.7883e-05	3.0903e-10	-10.0	-2.5
155.0	1.7882e-05	3.0916e-10	-10.0	-2.5
155.5	1.7886e-05	3.0841e-10	-10.0	-2.5
156.0	1.7889e-05	3.0898e-10	-10.0	-2.5
156.5	1.7892e-05	3.0836e-10	-10.0	-2.5
157.0	1.7898e-05	3.091e-10	-10.0	-2.5
157.5	1.7896e-05	3.1117e-10	-10.0	-2.5
158.0	1.7897e-05	3.1119e-10	-10.0	-2.5
158.5	1.7898e-05	3.1086e-10	-10.0	-2.5
159.0	1.7903e-05	3.1144e-10	-10.0	-2.5
159.5	1.7905e-05	3.1024e-10	-10.0	-2.5
160.0	1.7907e-05	3.107e-10	-10.0	-2.5
160.5	1.7907e-05	3.1048e-10	-10.0	-2.5
161.0	1.7907e-05	3.1066e-10	-10.0	-2.5
161.5	1.791e-05	3.1007e-10	-10.0	-2.5
162.0	1.7911e-05	3.1031e-10	-10.0	-2.5
162.5	1.7913e-05	3.1009e-10	-10.0	-2.5
163.0	1.7913e-05	3.0961e-10	-10.0	-2.5
163.5	1.791e-05	3.1007e-10	-10.0	-2.5
164.0	1.7915e-05	3.0971e-10	-10.0	-2.5
164.5	1.7918e-05	3.0947e-10	-10.0	-2.5
165.0	1.792e-05	3.0927e-10	-10.0	-2.5
165.5	1.7921e-05	3.0943e-10	-10.0	-2.5
166.0	1.7924e-05	3.0892e-10	-10.0	-2.5
166.5	1.7927e-05	3.0911e-10	-10.0	-2.5
167.0	1.7926e-05	3.0896e-10	-10.0	-2.5
167.5	1.7928e-05	3.0912e-10	-10.0	-2.5
168.0	1.7931e-05	3.0867e-10	-10.0	-2.5
168.5	1.7931e-05	3.0891e-10	-10.0	-2.5
169.0	1.7933e-05	3.088e-10	-10.0	-2.5
169.5	1.7932e-05	3.0875e-10	-10.0	-2.5
170.0	1.7934e-05	3.0891e-10	-10.0	-2.5
170.5	1.7933e-05	3.0847e-10	-10.0	-2.5
171.0	1.7938e-05	3.084e-10	-10.0	-2.5
171.5	1.7937e-05	3.0837e-10	-10.0	-2.5
172.0	1.7935e-05	3.0784e-10	-10.0	-2.5
172.5	1.7935e-05	3.0802e-10	-10.0	-2.5
173.0	1.7936e-05	3.0808e-10	-10.0	-2.5
173.5	1.7937e-05	3.0806e-10	-10.0	-2.5
174.0	1.7943e-05	3.0789e-10	-10.0	-2.5
174.5	1.7937e-05	3.0763e-10	-10.0	-2.5
175.0	1.7941e-05	3.0782e-10	-10.0	-2.5
175.5	1.7942e-05	3.0737e-10	-10.0	-2.5
176.0	1.7942e-05	3.0724e-10	-10.0	-2.5
176.5	1.7942e-05	3.0683e-10	-10.0	-2.5
177.0	1.794e-05	3.0771e-10	-10.0	-2.5
177.5	1.7941e-05	3.0781e-10	-10.0	-2.5
178.0	1.7941e-05	3.0699e-10	-10.0	-2.5
178.5	1.7946e-05	3.0716e-10	-10.0	-2.5
179.0	1.7944e-05	3.07e-10	-10.0	-2.5
179.5	1.7945e-05	3.0432e-10	-10.0	-2.5
180.0	1.7946e-05	2.1559e-10	-10.0	-2.5
180.5	1.7942e-05	2.07e-10	-10.0	-2.5
181.0	1.794e-05	2.0584e-10	-10.0	-2.5
181.5	1.7941e-05	2.0618e-10	-10.0	-2.5
182.0	1.794e-05	2.0646e-10	-10.0	-2.5
182.5	1.7943e-05	2.0606e-10	-10.0	-2.5
183.0	1.7944e-05	2.064e-10	-10.0	-2.5
183.5	1.7939e-05	2.0681e-10	-10.0	-2.5
184.0	1.794e-05	2.07e-10	-10.0	-2.5
184.5	1.794e-05	2.0748e-10	-10.0	-2.5
185.0	1.7938e-05	2.0762e-10	-10.0	-2.5
185.5	1.7938e-05	2.0749e-10	-10.0	-2.5
186.0	1.7936e-05	2.0754e-10	-10.0	-2.5
186.5	1.7934e-05	2.0774e-10	-10.0	-2.5
187.0	1.7932e-05	2.0767e-10	-10.0	-2.5
187.5	1.7932e-05	2.0809e-10	-10.0	-2.5
188.0	1.7934e-05	2.0767e-10	-10.0	-2.5
188.5	1.7933e-05	2.0806e-10	-10.0	-2.5
189.0	1.793e-05	2.084e-10	-10.0	-2.5
189.5	1.7933e-05	2.0865e-10	-10.0	-2.5
190.0	1.793e-05	2.0884e-10	-10.0	-2.5
190.5	1.7932e-05	2.0822e-10	-10.0	-2.5
191.0	1.7933e-05	2.0869e-10	-10.0	-2.5
191.5	1.793e-05	2.0831e-10	-10.0	-2.5
192.0	1.7928e-05	2.0837e-10	-10.0	-2.5
192.5	1.7929e-05	2.0832e-10	-10.0	-2.5
193.0	1.7929e-05	2.0888e-10	-10.0	-2.5
193.5	1.7928e-05	2.0914e-10	-10.0	-2.5
194.0	1.7926e-05	2.0869e-10	-10.0	-2.5
194.5	1.7925e-05	2.0894e-10	-10.0	-2.5
195.0	1.7926e-05	2.094e-10	-10.0	-2.5
195.5	1.7928e-05	2.0905e-10	-10.0	-2.5
196.0	1.7929e-05	2.0919e-10	-10.0	-2.5
196.5	1.7929e-05	2.0915e-10	-10.0	-2.5
197.0	1.7927e-05	2.0973e-10	-10.0	-2.5
197.5	1.7925e-05	2.0927e-10	-10.0	-2.5
198.0	1.7925e-05	2.0957e-10	-10.0	-2.5
198.5	1.7925e-05	2.1014e-10	-10.0	-2.5
199.0	1.7926e-05	2.0972e-10	-10.0	-2.5
199.5	1.7928e-05	2.0969e-10	-10.0	-2.5
200.0	1.7925e-05	2.1001e-10	-10.0	-2.5
200.5	1.7926e-05	2.0982e-10	-10.0	-2.5
201.0	1.7925e-05	2.099e-10	-10.0	-2.5
201.5	1.7923e-05	2.1033e-10	-10.0	-2.5
202.0	1.7927e-05	2.1017e-10	-10.0	-2.5
202.5	1.7926e-05	2.1021e-10	-10.0	-2.5
203.0	1.7927e-05	2.1039e-10	-10.0	-2.5
203.5	1.7925e-05	2.1071e-10	-10.0	-2.5
204.0	1.7924e-05	2.1091e-10	-10.0	-2.5
204.5	1.7926e-05	2.1086e-10	-10.0	-2.5
205.0	1.7925e-05	2.1033e-10	-10.0	-2.5
205.5	1.7926e-05	2.1025e-10	-10.0	-2.5
206.0	1.7921e-05	2.1063e-10	-10.0	-2.5
206.5	1.7918e-05	2.1079e-10	-10.0	-2.5
207.0	1.7922e-05	2.1096e-10	-10.0	-2.5
207.5	1.792e-05	2.1128e-10	-10.0	-2.5
208.0	1.792e-05	2.1046e-10	-10.0	-2.5
208.5	1.7918e-05	2.1054e-10	-10.0	-2.5
209.0	1.7916e-05	2.1115e-10	-10.0	-2.5
209.5	1.792e-05	2.1113e-10	-10.0	-2.5
210.0	1.792e-05	2.1097e-10	-10.0	-2.5
210.5	1.7921e-05	2.1033e-10	-10.0	-2.5
211.0	1.7924e-05	2.1064e-10	-10.0	-2.5
211.5	1.7923e-05	2.1114e-10	-10.0	-2.5
212.0	1.7923e-05	2.1145e-10	-10.0	-2.5
212.5	1.7926e-05	2.1049e-10	-10.0	-2.5
213.0	1.7924e-05	2.1059e-10	-10.0	-2.5
213.5	1.7925e-05	2.1174e-10	-10.0	-2.5
214.0	1.7928e-05	2.1147e-10	-10.0	-2.5
214.5	1.7929e-05	2.1095e-10	-10.0	-2.5
215.0	1.7927e-05	2.109e-10	-10.0	-2.5
215.5	1.7924e-05	2.1164e-10	-10.0	-2.5
216.0	1.7927e-05	2.1137e-10	-10.0	-2.5
216.5	1.7927e-05	2.113e-10	-10.0	-2.5
217.0	1.7925e-05	2.1159e-10	-10.0	-2.5
217.5	1.7928e-05	2.113e-10	-10.0	-2.5
218.0	1.7929e-05	2.1147e-10	-10.0	-2.5
218.5	1.7928e-05	2.1161e-10	-10.0	-2.5
219.0	1.7928e-05	2.1195e-10	-10.0	-2.5
219.5	1.7928e-05	2.1141e-10	-10.0	-2.5
220.0	1.7934e-05	2.1156e-10	-10.0	-2.5
220.5	1.7937e-05	2.1183e-10	-10.0	-2.5
221.0	1.7936e-05	2.1136e-10	-10.0	-2.5
221.5	1.7935e-05	2.1145e-10	-10.0	-2.5
222.0	1.7934e-05	2.1176e-10	-10.0	-2.5
222.5	1.7933e-05	2.1159e-10	-10.0	-2.5
223.0	1.7935e-05	2.1169e-10	-10.0	-2.5
223.5	1.7933e-05	2.1234e-10	-10.0	-2.5
224.0	1.7934e-05	2.1199e-10	-10.0	-2.5
224.5	1.7933e-05	2.1208e-10	-10.0	-2.5
225.0	1.7934e-05	2.1188e-10	-10.0	-2.5
225.5	1.7936e-05	2.1221e-10	-10.0	-2.5
226.0	1.7937e-05	2.1214e-10	-10.0	-2.5
226.5	1.7937e-05	2.1192e-10	-10.0	-2.5
227.0	1.7937e-05	2.1214e-10	-10.0	-2.5
227.5	1.7938e-05	2.123e-10	-10.0	-2.5
228.0	1.794e-05	2.1259e-10	-10.0	-2.5
228.5	1.7939e-05	2.1246e-10	-10.0	-2.5
229.0	1.7939e-05	2.1227e-10	-10.0	-2.5
229.5	1.7939e-05	2.1278e-10	-10.0	-2.5
230.0	1.7938e-05	2.1242e-10	-10.0	-2.5
230.5	1.7939e-05	2.1243e-10	-10.0	-2.5
231.0	1.7943e-05	2.123e-10	-10.0	-2.5
231.5	1.7944e-05	2.1235e-10	-10.0	-2.5
232.0	1.7942e-05	2.1288e-10	-10.0	-2.5
232.5	1.7942e-05	2.1318e-10	-10.0	-2.5
233.0	1.7942e-05	2.1286e-10	-10.0	-2.5
233.5	1.7942e-05	2.1282e-10	-10.0	-2.5
234.0	1.7943e-05	2.1309e-10	-10.0	-2.5
234.5	1.7945e-05	2.1278e-10	-10.0	-2.5
235.0	1.7944e-05	2.133e-10	-10.0	-2.5
235.5	1.7946e-05	2.1276e-10	-10.0	-2.5
236.0	1.7948e-05	2.1274e-10	-10.0	-2.5
236.5	1.7946e-05	2.1307e-10	-10.0	-2.5
237.0	1.7946e-05	2.1254e-10	-10.0	-2.5
237.5	1.7947e-05	2.1317e-10	-10.0	-2.5
238.0	1.7949e-05	2.133e-10	-10.0	-2.5
238.5	1.795e-05	2.1338e-10	-10.0	-2.5
239.0	1.7951e-05	2.132e-10	-10.0	-2.5
239.5	1.7953e-05	2.3531e-10	-10.0	-2.5
240.0	1.7954e-05	3.1053e-10	-10.0	-2.5
240.5	1.7955e-05	3.1614e-10	-10.0	-2.5
241.0	1.7961e-05	3.1668e-10	-10.0	-2.5
241.5	1.7961e-05	3.1715e-10	-10.0	-2.5
242.0	1.7968e-05	3.1576e-10	-10.0	-2.5
242.5	1.7973e-05	3.1514e-10	-10.0	-2.5
243.0	1.7977e-05	3.1448e-10	-10.0	-2.5
243.5	1.7978e-05	3.1346e-10	-10.0	-2.5
244.0	1.7982e-05	3.1271e-10	-10.0	-2.5
244.5	1.7983e-05	3.1136e-10	-10.0	-2.5
245.0	1.7988e-05	3.1082e-10	-10.0	-2.5
245.5	1.7994e-05	3.1073e-10	-10.0	-2.5
246.0	1.7996e-05	3.0952e-10	-10.0	-2.5
246.5	1.7999e-05	3.0963e-10	-10.0	-2.5
247.0	1.7998e-05	3.0957e-10	-10.0	-2.5
247.5	1.8002e-05	3.0943e-10	-10.0	-2.5
248.0	1.8005e-05	3.0965e-10	-10.0	-2.5
248.5	1.8013e-05	3.0873e-10	-10.0	-2.5
249.0	1.8012e-05	3.0895e-10	-10.0	-2.5
249.5	1.8014e-05	3.093e-10	-10.0	-2.5
250.0	1.8019e-05	3.079e-10	-10.0	-2.5
250.5	1.8021e-05	3.0792e-10	-10.0	-2.5
251.0	1.802e-05	3.0806e-10	-10.0	-2.5
251.5	1.8025e-05	3.0801e-10	-10.0	-2.5
252.0	1.8028e-05	3.0757e-10	-10.0	-2.5
252.5	1.8027e-05	3.078e-10	-10.0	-2.5
253.0	1.8035e-05	3.0738e-10	-10.0	-2.5
253.5	1.8036e-05	3.0733e-10	-10.0	-2.5
254.0	1.8035e-05	3.0739e-10	-10.0	-2.5
254.5	1.8038e-05	3.0627e-10	-10.0	-2.5
255.0	1.8041e-05	3.0666e-10	-10.0	-2.5
255.5	1.8042e-05	3.0596e-10	-10.0	-2.5
256.0	1.8043e-05	3.0686e-10	-10.0	-2.5
256.5	1.8045e-05	3.0599e-10	-10.0	-2.5
257.0	1.8045e-05	3.0623e-10	-10.0	-2.5
257.5	1.8046e-05	3.0618e-10	-10.0	-2.5
258.0	1.8048e-05	3.0613e-10	-10.0	-2.5
258.5	1.805e-05	3.0584e-10	-10.0	-2.5
259.0	1.8054e-05	3.0662e-10	-10.0	-2.5
259.5	1.8056e-05	3.057e-10	-10.0	-2.5
260.0	1.8058e-05	3.056e-10	-10.0	-2.5
260.5	1.8059e-05	3.0495e-10	-10.0	-2.5
261.0	1.8062e-05	3.0536e-10	-10.0	-2.5
261.5	1.8064e-05	3.0506e-10	-10.0	-2.5
262.0	1.8063e-05	3.0516e-10	-10.0	-2.5
262.5	1.8064e-05	3.0456e-10	-10.0	-2.5
263.0	1.8067e-05	3.0455e-10	-10.0	-2.5
263.5	1.807e-05	3.0471e-10	-10.0	-2.5
264.0	1.8067e-05	3.0428e-10	-10.0	-2.5
264.5	1.8071e-05	3.0411e-10	-10.0	-2.5
265.0	1.8073e-05	3.0407e-10	-10.0	-2.5
265.5	1.8072e-05	3.046e-10	-10.0	-2.5
266.0	1.8074e-05	3.0426e-10	-10.0	-2.5
266.5	1.8072e-05	3.0427e-10	-10.0	-2.5
267.0	1.8074e-05	3.0437e-10	-10.0	-2.5
267.5	1.8073e-05	3.0361e-10	-10.0	-2.5
268.0	1.807e-05	3.034e-10	-10.0	-2.5
268.5	1.8076e-05	3.0381e-10	-10.0	-2.5
269.0	1.8075e-05	3.0304e-10	-10.0	-2.5
269.5	1.8078e-05	3.0314e-10	-10.0	-2.5
270.0	1.8081e-05	3.0345e-10	-10.0	-2.5
270.5	1.8081e-05	3.0274e-10	-10.0	-2.5
271.0	1.8085e-05	3.032e-10	-10.0	-2.5
271.5	1.8084e-05	3.0281e-10	-10.0	-2.5
272.0	1.8083e-05	3.0283e-10	-10.0	-2.5
272.5	1.8084e-05	3.0355e-10	-10.0	-2.5
273.0	1.8085e-05	3.0311e-10	-10.0	-2.5
273.5	1.8085e-05	3.0228e-10	-10.0	-2.5
274.0	1.8085e-05	3.0314e-10	-10.0	-2.5
274.5	1.8084e-05	3.0269e-10	-10.0	-2.5
275.0	1.8086e-05	3.0271e-10	-10.0	-2.5
275.5	1.8086e-05	3.0201e-10	-10.0	-2.5
276.0	1.8086e-05	3.0295e-10	-10.0	-2.5
276.5	1.8089e-05	3.0225e-10	-10.0	-2.5
277.0	1.809e-05	3.0231e-10	-10.0	-2.5
277.5	1.809e-05	3.0225e-10	-10.0	-2.5
278.0	1.809e-05	3.0241e-10	-10.0	-2.5
278.5	1.809e-05	3.02e-10	-10.0	-2.5
279.0	1.809e-05	3.019e-10	-10.0	-2.5
279.5	1.8088e-05	3.0209e-10	-10.0	-2.5
280.0	1.8091e-05	3.0223e-10	-10.0	-2.5
280.5	1.8092e-05	3.0176e-10	-10.0	-2.5
281.0	1.8094e-05	3.015e-10	-10.0	-2.5
281.5	1.8093e-05	3.0163e-10	-10.0	-2.5
282.0	1.8092e-05	3.0147e-10	-10.0	-2.5
282.5	1.8093e-05	3.0151e-10	-10.0	-2.5
283.0	1.8094e-05	3.0106e-10	-10.0	-2.5
283.5	1.8094e-05	3.0189e-10	-10.0	-2.5
284.0	1.8095e-05	3.0153e-10	-10.0	-2.5
284.5	1.8094e-05	3.0134e-10	-10.0	-2.5
285.0	1.8099e-05	3.0073e-10	-10.0	-2.5
285.5	1.8098e-05	3.0061e-10	-10.0	-2.5
286.0	1.8102e-05	3.0228e-10	-10.0	-2.5
286.5	1.8095e-05	3.0249e-10	-10.0	-2.5
287.0	1.8101e-05	3.028e-10	-10.0	-2.5
287.5	1.81e-05	3.0241e-10	-10.0	-2.5
288.0	1.8098e-05	3.0207e-10	-10.0	-2.5
288.5	1.8097e-05	3.019e-10	-10.0	-2.5
289.0	1.8097e-05	3.0231e-10	-10.0	-2.5
289.5	1.8095e-05	3.0253e-10	-10.0	-2.5
290.0	1.8093e-05	3.0305e-10	-10.0	-2.5
290.5	1.8091e-05	3.018e-10	-10.0	-2.5
291.0	1.8094e-05	3.016e-10	-10.0	-2.5
291.5	1.8095e-05	3.0145e-10	-10.0	-2.5
292.0	1.8096e-05	3.0182e-10	-10.0	-2.5
292.5	1.8091e-05	3.0192e-10	-10.0	-2.5
293.0	1.8092e-05	3.0223e-10	-10.0	-2.5
293.5	1.8094e-05	3.0218e-10	-10.0	-2.5
294.0	1.8092e-05	3.024e-10	-10.0	-2.5
294.5	1.8095e-05	3.0289e-10	-10.0	-2.5
295.0	1.8098e-05	3.0238e-10	-10.0	-2.5
295.5	1.8098e-05	3.026e-10	-10.0	-2.5
296.0	1.8093e-05	3.018e-10	-10.0	-2.5
296.5	1.8093e-05	3.0178e-10	-10.0	-2.5
297.0	1.8098e-05	3.0195e-10	-10.0	-2.5
297.5	1.8097e-05	3.0123e-10	-10.0	-2.5
298.0	1.8098e-05	3.0199e-10	-10.0	-2.5
298.5	1.8099e-05	3.0177e-10	-10.0	-2.5
299.0	1.81e-05	3.0204e-10	-10.0	-2.5
299.5	1.81e-05	3.013e-10	-10.0	-2.5
300.0	1.8098e-05	2.1157e-10	-10.0	-2.5
300.5	1.8096e-05	2.0246e-10	-10.0	-2.5
301.0	1.8095e-05	2.0159e-10	-10.0	-2.5
301.5	1.8095e-05	2.0159e-10	-10.0	-2.5
302.0	1.809e-05	2.0196e-10	-10.0	-2.5
302.5	1.8088e-05	2.017e-10	-10.0	-2.5
303.0	1.8084e-05	2.0183e-10	-10.0	-2.5
303.5	1.8081e-05	2.0185e-10	-10.0	-2.5
304.0	1.8084e-05	2.0176e-10	-10.0	-2.5
304.5	1.8083e-05	2.0227e-10	-10.0	-2.5
305.0	1.8084e-05	2.0286e-10	-10.0	-2.5
305.5	1.808e-05	2.028e-10	-10.0	-2.5
306.0	1.8075e-05	2.028e-10	-10.0	-2.5
306.5	1.8072e-05	2.0282e-10	-10.0	-2.5
307.0	1.8072e-05	2.0282e-10	-10.0	-2.5
307.5	1.8072e-05	2.0295e-10	-10.0	-2.5
308.0	1.8071e-05	2.0399e-10	-10.0	-2.5
308.5	1.8072e-05	2.0274e-10	-10.0	-2.5
309.0	1.8071e-05	2.0345e-10	-10.0	-2.5
309.5	1.807e-05	2.0379e-10	-10.0	-2.5
310.0	1.8067e-05	2.0367e-10	-10.0	-2.5
310.5	1.8064e-05	2.0399e-10	-10.0	-2.5
311.0	1.8067e-05	2.0425e-10	-10.0	-2.5
311.5	1.8069e-05	2.0422e-10	-10.0	-2.5
312.0	1.8067e-05	2.0445e-10	-10.0	-2.5
312.5	1.8068e-05	2.0474e-10	-10.0	-2.5
313.0	1.8067e-05	2.0454e-10	-10.0	-2.5
313.5	1.8064e-05	2.0471e-10	-10.0	-2.5
314.0	1.8066e-05	2.0446e-10	-10.0	-2.5
314.5	1.8064e-05	2.0427e-10	-10.0	-2.5
315.0	1.8064e-05	2.047e-10	-10.0	-2.5
315.5	1.8063e-05	2.0507e-10	-10.0	-2.5
316.0	1.8068e-05	2.0476e-10	-10.0	-2.5
316.5	1.8066e-05	2.0475e-10	-10.0	-2.5
317.0	1.8063e-05	2.0474e-10	-10.0	-2.5
317.5	1.8062e-05	2.0526e-10	-10.0	-2.5
318.0	1.8059e-05	2.0462e-10	-10.0	-2.5
318.5	1.8062e-05	2.0535e-10	-10.0	-2.5
319.0	1.8061e-05	2.0501e-10	-10.0	-2.5
319.5	1.8059e-05	2.0508e-10	-10.0	-2.5
320.0	1.806e-05	2.0585e-10	-10.0	-2.5
320.5	1.8059e-05	2.059e-10	-10.0	-2.5
321.0	1.8057e-05	2.0517e-10	-10.0	-2.5
321.5	1.806e-05	2.0563e-10	-10.0	-2.5
322.0	1.8061e-05	2.053e-10	-10.0	-2.5
322.5	1.806e-05	2.0521e-10	-10.0	-2.5
323.0	1.8063e-05	2.0552e-10	-10.0	-2.5
323.5	1.8062e-05	2.0525e-10	-10.0	-2.5
324.0	1.806e-05	2.0527e-10	-10.0	-2.5
324.5	1.8063e-05	2.0605e-10	-10.0	-2.5
325.0	1.8059e-05	2.0582e-10	-10.0	-2.5
325.5	1.8061e-05	2.0629e-10	-10.0	-2.5
326.0	1.8056e-05	2.0571e-10	-10.0	-2.5
326.5	1.8056e-05	2.057e-10	-10.0	-2.5
327.0	1.8057e-05	2.0621e-10	-10.0	-2.5
327.5	1.8055e-05	2.0637e-10	-10.0	-2.5
328.0	1.8057e-05	2.0575e-10	-10.0	-2.5
328.5	1.806e-05	2.0541e-10	-10.0	-2.5
329.0	1.8058e-05	2.0653e-10	-10.0	-2.5
329.5	1.8059e-05	2.0582e-10	-10.0	-2.5
330.0	1.8058e-05	2.0626e-10	-10.0	-2.5
330.5	1.8058e-05	2.0656e-10	-10.0	-2.5
331.0	1.8056e-05	2.0651e-10	-10.0	-2.5
331.5	1.806e-05	2.0658e-10	-10.0	-2.5
332.0	1.806e-05	2.0645e-10	-10.0	-2.5
332.5	1.8062e-05	2.0637e-10	-10.0	-2.5
333.0	1.806e-05	2.0625e-10	-10.0	-2.5
333.5	1.8063e-05	2.0642e-10	-10.0	-2.5
334.0	1.8063e-05	2.0632e-10	-10.0	-2.5
334.5	1.806e-05	2.0672e-10	-10.0	-2.5
335.0	1.8058e-05	2.0684e-10	-10.0	-2.5
335.5	1.806e-05	2.065e-10	-10.0	-2.5
336.0	1.8059e-05	2.066e-10	-10.0	-2.5
336.5	1.8062e-05	2.0617e-10	-10.0	-2.5
337.0	1.8061e-05	2.0686e-10	-10.0	-2.5
337.5	1.8061e-05	2.0699e-10	-10.0	-2.5
338.0	1.8063e-05	2.0611e-10	-10.0	-2.5
338.5	1.8063e-05	2.0632e-10	-10.0	-2.5
339.0	1.8061e-05	2.0758e-10	-10.0	-2.5
339.5	1.8065e-05	2.0703e-10	-10.0	-2.5
340.0	1.8065e-05	2.0658e-10	-10.0	-2.5
340.5	1.8062e-05	2.0702e-10	-10.0	-2.5
341.0	1.8065e-05	2.0781e-10	-10.0	-2.5
341.5	1.8066e-05	2.0809e-10	-10.0	-2.5
342.0	1.8064e-05	2.0715e-10	-10.0	-2.5
342.5	1.8067e-05	2.069e-10	-10.0	-2.5
343.0	1.8068e-05	2.0721e-10	-10.0	-2.5
343.5	1.8071e-05	2.0719e-10	-10.0	-2.5
344.0	1.807e-05	2.0772e-10	-10.0	-2.5
344.5	1.8073e-05	2.0763e-10	-10.0	-2.5
345.0	1.8071e-05	2.0728e-10	-10.0	-2.5
345.5	1.8071e-05	2.0729e-10	-10.0	-2.5
346.0	1.8067e-05	2.0769e-10	-10.0	-2.5
346.5	1.8067e-05	2.0755e-10	-10.0	-2.5
347.0	1.8066e-05	2.0779e-10	-10.0	-2.5
347.5	1.8067e-05	2.0737e-10	-10.0	-2.5
348.0	1.8072e-05	2.0763e-10	-10.0	-2.5
348.5	1.807e-05	2.0791e-10	-10.0	-2.5
349.0	1.8071e-05	2.0792e-10	-10.0	-2.5
349.5	1.807e-05	2.0755e-10	-10.0	-2.5
350.0	1.8071e-05	2.0812e-10	-10.0	-2.5
350.5	1.807e-05	2.0861e-10	-10.0	-2.5
351.0	1.8071e-05	2.0815e-10	-10.0	-2.5
351.5	1.8072e-05	2.0825e-10	-10.0	-2.5
352.0	1.8072e-05	2.0811e-10	-10.0	-2.5
352.5	1.8075e-05	2.0883e-10	-10.0	-2.5
353.0	1.8075e-05	2.0832e-10	-10.0	-2.5
353.5	1.8072e-05	2.0818e-10	-10.0	-2.5
354.0	1.8077e-05	2.0862e-10	-10.0	-2.5
354.5	1.8075e-05	2.0866e-10	-10.0	-2.5
355.0	1.8076e-05	2.0829e-10	-10.0	-2.5
355.5	1.8076e-05	2.0928e-10	-10.0	-2.5
356.0	1.8076e-05	2.0834e-10	-10.0	-2.5
356.5	1.8077e-05	2.0888e-10	-10.0	-2.5
357.0	1.8076e-05	2.0862e-10	-10.0	-2.5
357.5	1.8077e-05	2.0876e-10	-10.0	-2.5
358.0	1.808e-05	2.0908e-10	-10.0	-2.5
358.5	1.8079e-05	2.0859e-10	-10.0	-2.5
359.0	1.8081e-05	2.085e-10	-10.0	-2.5
359.5	1.8084e-05	2.2266e-10	-10.0	-2.5
360.0	1.8085e-05	3.0501e-10	-10.0	-2.5
360.5	1.8086e-05	3.1072e-10	-10.0	-2.5
361.0	1.8091e-05	3.1156e-10	-10.0	-2.5
361.5	1.8092e-05	3.1175e-10	-10.0	-2.5
362.0	1.8099e-05	3.1066e-10	-10.0	-2.5
362.5	1.8101e-05	3.103e-10	-10.0	-2.5
363.0	1.8106e-05	3.0971e-10	-10.0	-2.5
363.5	1.8105e-05	3.0813e-10	-10.0	-2.5
364.0	1.8107e-05	3.0744e-10	-10.0	-2.5
364.5	1.8111e-05	3.0632e-10	-10.0	-2.5
365.0	1.811e-05	3.0582e-10	-10.0	-2.5
365.5	1.8114e-05	3.0563e-10	-10.0	-2.5
366.0	1.8115e-05	3.0503e-10	-10.0	-2.5
366.5	1.812e-05	3.0501e-10	-10.0	-2.5
367.0	1.8124e-05	3.0492e-10	-10.0	-2.5
367.5	1.8124e-05	3.0458e-10	-10.0	-2.5
368.0	1.8124e-05	3.0386e-10	-10.0	-2.5
368.5	1.8128e-05	3.0414e-10	-10.0	-2.5
369.0	1.8129e-05	3.0418e-10	-10.0	-2.5
369.5	1.8132e-05	3.0312e-10	-10.0	-2.5
370.0	1.8138e-05	3.0342e-10	-10.0	-2.5
370.5	1.814e-05	3.0333e-10	-10.0	-2.5
371.0	1.8144e-05	3.0309e-10	-10.0	-2.5
371.5	1.8146e-05	3.0323e-10	-10.0	-2.5
372.0	1.8146e-05	3.0314e-10	-10.0	-2.5
372.5	1.8148e-05	3.0256e-10	-10.0	-2.5
373.0	1.8151e-05	3.0273e-10	-10.0	-2.5
373.5	1.8151e-05	3.0237e-10	-10.0	-2.5
374.0	1.8151e-05	3.0205e-10	-10.0	-2.5
374.5	1.8152e-05	3.024e-10	-10.0	-2.5
375.0	1.8156e-05	3.0266e-10	-10.0	-2.5
375.5	1.8155e-05	3.0193e-10	-10.0	-2.5
376.0	1.8155e-05	3.0217e-10	-10.0	-2.5
376.5	1.8158e-05	3.0185e-10	-10.0	-2.5
377.0	1.8161e-05	3.0207e-10	-10.0	-2.5
377.5	1.8164e-05	3.0199e-10	-10.0	-2.5
378.0	1.8164e-05	3.0154e-10	-10.0	-2.5
378.5	1.8167e-05	3.0143e-10	-10.0	-2.5
379.0	1.817e-05	3.0155e-10	-10.0	-2.5
379.5	1.8172e-05	3.012e-10	-10.0	-2.5
380.0	1.8173e-05	3.0101e-10	-10.0	-2.5
380.5	1.8173e-05	3.0113e-10	-10.0	-2.5
381.0	1.8172e-05	3.0065e-10	-10.0	-2.5
381.5	1.8174e-05	3.0071e-10	-10.0	-2.5
382.0	1.8177e-05	3.0073e-10	-10.0	-2.5
382.5	1.8173e-05	3.0066e-10	-10.0	-2.5
383.0	1.8177e-05	3.0026e-10	-10.0	-2.5
383.5	1.8176e-05	3.0027e-10	-10.0	-2.5
384.0	1.818e-05	3.0033e-10	-10.0	-2.5
384.5	1.8182e-05	2.9989e-10	-10.0	-2.5
385.0	1.8178e-05	3.0038e-10	-10.0	-2.5
385.5	1.8181e-05	2.9983e-10	-10.0	-2.5
386.0	1.818e-05	2.9976e-10	-10.0	-2.5
386.5	1.8183e-05	2.9989e-10	-10.0	-2.5
387.0	1.8183e-05	2.9958e-10	-10.0	-2.5
387.5	1.8182e-05	2.9967e-10	-10.0	-2.5
388.0	1.8179e-05	2.9986e-10	-10.0	-2.5
388.5	1.8183e-05	2.9944e-10	-10.0	-2.5
389.0	1.8186e-05	2.9988e-10	-10.0	-2.5
389.5	1.8187e-05	2.9956e-10	-10.0	-2.5
390.0	1.8183e-05	2.9933e-10	-10.0	-2.5
390.5	1.8184e-05	2.9859e-10	-10.0	-2.5
391.0	1.8186e-05	2.9883e-10	-10.0	-2.5
391.5	1.8186e-05	2.9894e-10	-10.0	-2.5
392.0	1.819e-05	2.9865e-10	-10.0	-2.5
392.5	1.8189e-05	2.9828e-10	-10.0	-2.5
393.0	1.8188e-05	2.9871e-10	-10.0	-2.5
393.5	1.819e-05	2.9883e-10	-10.0	-2.5
394.0	1.8187e-05	2.984e-10	-10.0	-2.5
394.5	1.8189e-05	2.9872e-10	-10.0	-2.5
395.0	1.8191e-05	2.9868e-10	-10.0	-2.5
395.5	1.8187e-05	2.9828e-10	-10.0	-2.5
396.0	1.8186e-05	2.9839e-10	-10.0	-2.5
396.5	1.8188e-05	2.9798e-10	-10.0	-2.5
397.0	1.8189e-05	2.9836e-10	-10.0	-2.5
397.5	1.8189e-05	2.978e-10	-10.0	-2.5
398.0	1.8192e-05	2.9794e-10	-10.0	-2.5
398.5	1.819e-05	2.9784e-10	-10.0	-2.5
399.0	1.819e-05	2.9847e-10	-10.0	-2.5
399.5	1.8188e-05	2.9939e-10	-10.0	-2.5
400.0	1.819e-05	2.9998e-10	-10.0	-2.5
400.5	1.8189e-05	2.9863e-10	-10.0	-2.5
401.0	1.8191e-05	2.9744e-10	-10.0	-2.5
401.5	1.8191e-05	2.9781e-10	-10.0	-2.5
402.0	1.8194e-05	2.973e-10	-10.0	-2.5
402.5	1.8197e-05	2.9789e-10	-10.0	-2.5
403.0	1.8195e-05	2.9767e-10	-10.0	-2.5
403.5	1.8198e-05	2.9721e-10	-10.0	-2.5
404.0	1.8198e-05	2.9719e-10	-10.0	-2.5
404.5	1.8198e-05	2.9648e-10	-10.0	-2.5
405.0	1.8201e-05	2.9682e-10	-10.0	-2.5
405.5	1.8199e-05	2.9653e-10	-10.0	-2.5
406.0	1.82e-05	2.966e-10	-10.0	-2.5
406.5	1.8202e-05	2.9648e-10	-10.0	-2.5
407.0	1.8202e-05	2.9611e-10	-10.0	-2.5
407.5	1.8202e-05	2.9674e-10	-10.0	-2.5
408.0	1.8205e-05	2.9721e-10	-10.0	-2.5
408.5	1.8203e-05	2.9653e-10	-10.0	-2.5
409.0	1.8198e-05	2.9592e-10	-10.0	-2.5
409.5	1.8198e-05	2.9577e-10	-10.0	-2.5
410.0	1.8195e-05	2.9671e-10	-10.0	-2.5
410.5	1.8197e-05	2.9581e-10	-10.0	-2.5
411.0	1.8197e-05	2.9636e-10	-10.0	-2.5
411.5	1.8197e-05	2.9601e-10	-10.0	-2.5
412.0	1.8199e-05	2.9607e-10	-10.0	-2.5
412.5	1.82e-05	2.9576e-10	-10.0	-2.5
413.0	1.82e-05	2.9501e-10	-10.0	-2.5
413.5	1.8198e-05	2.9587e-10	-10.0	-2.5
414.0	1.8197e-05	2.952e-10	-10.0	-2.5
414.5	1.82e-05	2.9528e-10	-10.0	-2.5
415.0	1.8196e-05	2.9498e-10	-10.0	-2.5
415.5	1.8194e-05	2.9548e-10	-10.0	-2.5
416.0	1.8192e-05	2.9585e-10	-10.0	-2.5
416.5	1.8194e-05	2.9552e-10	-10.0	-2.5
417.0	1.8198e-05	2.9525e-10	-10.0	-2.5
417.5	1.8196e-05	2.9505e-10	-10.0	-2.5
418.0	1.8191e-05	2.9437e-10	-10.0	-2.5
418.5	1.8195e-05	2.9493e-10	-10.0	-2.5
419.0	1.8191e-05	2.9501e-10	-10.0	-2.5
419.5	1.8194e-05	2.9394e-10	-10.0	-2.5
420.0	1.8192e-05	2.0994e-10	-10.0	-2.5
420.5	1.8191e-05	1.9995e-10	-10.0	-2.5
421.0	1.8187e-05	1.9886e-10	-10.0	-2.5
421.5	1.8189e-05	1.9823e-10	-10.0	-2.5
422.0	1.8188e-05	1.9816e-10	-10.0	-2.5
422.5	1.8189e-05	1.9855e-10	-10.0	-2.5
423.0	1.8187e-05	1.9895e-10	-10.0	-2.5
423.5	1.8183e-05	1.9955e-10	-10.0	-2.5
424.0	1.818e-05	1.9882e-10	-10.0	-2.5
424.5	1.8182e-05	1.9925e-10	-10.0	-2.5
425.0	1.8187e-05	2.0002e-10	-10.0	-2.5
425.5	1.8182e-05	1.9992e-10	-10.0	-2.5
426.0	1.818e-05	1.9956e-10	-10.0	-2.5
426.5	1.818e-05	1.9986e-10	-10.0	-2.5
427.0	1.818e-05	1.9997e-10	-10.0	-2.5
427.5	1.818e-05	1.9985e-10	-10.0	-2.5
428.0	1.8178e-05	2.0007e-10	-10.0	-2.5
428.5	1.8174e-05	1.9982e-10	-10.0	-2.5
429.0	1.8172e-05	2.0071e-10	-10.0	-2.5
429.5	1.8171e-05	2.0011e-10	-10.0	-2.5
430.0	1.8171e-05	2.0033e-10	-10.0	-2.5
430.5	1.8169e-05	2.0099e-10	-10.0	-2.5
431.0	1.8169e-05	2.0099e-10	-10.0	-2.5
431.5	1.8169e-05	2.0079e-10	-10.0	-2.5
432.0	1.817e-05	2.0128e-10	-10.0	-2.5
432.5	1.817e-05	2.0117e-10	-10.0	-2.5
433.0	1.8168e-05	2.0147e-10	-10.0	-2.5
433.5	1.8169e-05	2.0169e-10	-10.0	-2.5
434.0	1.8173e-05	2.0145e-10	-10.0	-2.5
434.5	1.8173e-05	2.013e-10	-10.0	-2.5
435.0	1.8169e-05	2.0115e-10	-10.0	-2.5
435.5	1.817e-05	2.0147e-10	-10.0	-2.5
436.0	1.8172e-05	2.0148e-10	-10.0	-2.5
436.5	1.8173e-05	2.0119e-10	-10.0	-2.5
437.0	1.8171e-05	2.0153e-10	-10.0	-2.5
437.5	1.8172e-05	2.0141e-10	-10.0	-2.5
438.0	1.8172e-05	2.019e-10	-10.0	-2.5
438.5	1.8168e-05	2.02e-10	-10.0	-2.5
439.0	1.8169e-05	2.0191e-10	-10.0	-2.5
439.5	1.8172e-05	2.0202e-10	-10.0	-2.5
440.0	1.817e-05	2.02e-10	-10.0	-2.5
440.5	1.8169e-05	2.019e-10	-10.0	-2.5
441.0	1.8168e-05	2.0249e-10	-10.0	-2.5
441.5	1.8168e-05	2.0263e-10	-10.0	-2.5
442.0	1.8166e-05	2.0263e-10	-10.0	-2.5
442.5	1.8167e-05	2.0221e-10	-10.0	-2.5
443.0	1.8167e-05	2.0231e-10	-10.0	-2.5
443.5	1.817e-05	2.0266e-10	-10.0	-2.5
444.0	1.817e-05	2.0311e-10	-10.0	-2.5
444.5	1.817e-05	2.0306e-10	-10.0	-2.5
445.0	1.8171e-05	2.0238e-10	-10.0	-2.5
445.5	1.817e-05	2.0226e-10	-10.0	-2.5
446.0	1.8169e-05	2.0265e-10	-10.0	-2.5
446.5	1.8168e-05	2.0253e-10	-10.0	-2.5
447.0	1.8169e-05	2.0233e-10	-10.0	-2.5
447.5	1.8169e-05	2.0276e-10	-10.0	-2.5
448.0	1.8166e-05	2.0297e-10	-10.0	-2.5
448.5	1.8166e-05	2.0224e-10	-10.0	-2.5
449.0	1.8168e-05	2.0294e-10	-10.0	-2.5
449.5	1.8167e-05	2.0299e-10	-10.0	-2.5
450.0	1.8167e-05	2.0304e-10	-10.0	-2.5
450.5	1.8169e-05	2.0293e-10	-10.0	-2.5
451.0	1.8169e-05	2.0315e-10	-10.0	-2.5
451.5	1.817e-05	2.031e-10	-10.0	-2.5
452.0	1.8167e-05	2.0357e-10	-10.0	-2.5
452.5	1.8169e-05	2.0304e-10	-10.0	-2.5
453.0	1.8172e-05	2.0267e-10	-10.0	-2.5
453.5	1.8175e-05	2.036e-10	-10.0	-2.5
454.0	1.8172e-05	2.0328e-10	-10.0	-2.5
454.5	1.8174e-05	2.0387e-10	-10.0	-2.5
455.0	1.8177e-05	2.0332e-10	-10.0	-2.5
455.5	1.8178e-05	2.0363e-10	-10.0	-2.5
456.0	1.8177e-05	2.0379e-10	-10.0	-2.5
456.5	1.8176e-05	2.0377e-10	-10.0	-2.5
457.0	1.8175e-05	2.0323e-10	-10.0	-2.5
457.5	1.8181e-05	2.0393e-10	-10.0	-2.5
458.0	1.8179e-05	2.0383e-10	-10.0	-2.5
458.5	1.8178e-05	2.0392e-10	-10.0	-2.5
459.0	1.8181e-05	2.0414e-10	-10.0	-2.5
459.5	1.8183e-05	2.0406e-10	-10.0	-2.5
460.0	1.8184e-05	2.0379e-10	-10.0	-2.5
460.5	1.8182e-05	2.0383e-10	-10.0	-2.5
461.0	1.8183e-05	2.0408e-10	-10.0	-2.5
461.5	1.8181e-05	2.0454e-10	-10.0	-2.5
462.0	1.8183e-05	2.0431e-10	-10.0	-2.5
462.5	1.8181e-05	2.0426e-10	-10.0	-2.5
463.0	1.8185e-05	2.0465e-10	-10.0	-2.5
463.5	1.8184e-05	2.0444e-10	-10.0	-2.5
464.0	1.8182e-05	2.0448e-10	-10.0	-2.5
464.5	1.8182e-05	2.0505e-10	-10.0	-2.5
465.0	1.8183e-05	2.0448e-10	-10.0	-2.5
465.5	1.8188e-05	2.0497e-10	-10.0	-2.5
466.0	1.8187e-05	2.0478e-10	-10.0	-2.5
466.5	1.8186e-05	2.0451e-10	-10.0	-2.5
467.0	1.8187e-05	2.0485e-10	-10.0	-2.5
467.5	1.8187e-05	2.048e-10	-10.0	-2.5
468.0	1.8191e-05	2.0509e-10	-10.0	-2.5
468.5	1.8191e-05	2.0568e-10	-10.0	-2.5
469.0	1.819e-05	2.0569e-10	-10.0	-2.5
469.5	1.8189e-05	2.0577e-10	-10.0	-2.5
470.0	1.8189e-05	2.0498e-10	-10.0	-2.5
470.5	1.8191e-05	2.0541e-10	-10.0	-2.5
471.0	1.8191e-05	2.0507e-10	-10.0	-2.5
471.5	1.8188e-05	2.0551e-10	-10.0	-2.5
472.0	1.819e-05	2.0545e-10	-10.0	-2.5
472.5	1.8191e-05	2.05e-10	-10.0	-2.5
473.0	1.8192e-05	2.0513e-10	-10.0	-2.5
473.5	1.8197e-05	2.0583e-10	-10.0	-2.5
474.0	1.8191e-05	2.0557e-10	-10.0	-2.5
474.5	1.8192e-05	2.0591e-10	-10.0	-2.5
475.0	1.8194e-05	2.0594e-10	-10.0	-2.5
475.5	1.8193e-05	2.0561e-10	-10.0	-2.5
476.0	1.8194e-05	2.0504e-10	-10.0	-2.5
476.5	1.8193e-05	2.0554e-10	-10.0	-2.5
477.0	1.8195e-05	2.0616e-10	-10.0	-2.5
477.5	1.8194e-05	2.0546e-10	-10.0	-2.5
478.0	1.8194e-05	2.0582e-10	-10.0	-2.5
478.5	1.8196e-05	2.0595e-10	-10.0	-2.5
479.0	1.8196e-05	2.0614e-10	-10.0	-2.5
479.5	1.8198e-05	2.1136e-10	-10.0	-2.5
480.0	1.8201e-05	3.0051e-10	-10.0	-2.5
480.5	1.8204e-05	3.0774e-10	-10.0	-2.5
481.0	1.8206e-05	3.082e-10	-10.0	-2.5
481.5	1.8206e-05	3.0827e-10	-10.0	-2.5
482.0	1.8209e-05	3.0707e-10	-10.0	-2.5
482.5	1.8215e-05	3.0695e-10	-10.0	-2.5
483.0	1.8215e-05	3.0615e-10	-10.0	-2.5
483.5	1.8216e-05	3.0501e-10	-10.0	-2.5
484.0	1.8223e-05	3.0495e-10	-10.0	-2.5
484.5	1.8224e-05	3.0369e-10	-10.0	-2.5
485.0	1.8227e-05	3.0337e-10	-10.0	-2.5
485.5	1.8229e-05	3.0223e-10	-10.0	-2.5
486.0	1.8231e-05	3.0244e-10	-10.0	-2.5
486.5	1.8237e-05	3.0202e-10	-10.0	-2.5
487.0	1.8241e-05	3.0176e-10	-10.0	-2.5
487.5	1.8244e-05	3.0133e-10	-10.0	-2.5
488.0	1.8245e-05	3.0057e-10	-10.0	-2.5
488.5	1.8245e-05	3.0103e-10	-10.0	-2.5
489.0	1.8244e-05	3.0079e-10	-10.0	-2.5
489.5	1.8248e-05	3.0019e-10	-10.0	-2.5
490.0	1.8251e-05	3.0035e-10	-10.0	-2.5
490.5	1.8254e-05	3.0088e-10	-10.0	-2.5
491.0	1.8254e-05	3.0024e-10	-10.0	-2.5
491.5	1.8259e-05	2.9975e-10	-10.0	-2.5
492.0	1.8255e-05	2.9973e-10	-10.0	-2.5
492.5	1.8258e-05	2.9949e-10	-10.0	-2.5
493.0	1.8263e-05	2.9866e-10	-10.0	-2.5
493.5	1.8263e-05	2.9991e-10	-10.0	-2.5
494.0	1.8265e-05	2.9915e-10	-10.0	-2.5
494.5	1.8265e-05	2.9915e-10	-10.0	-2.5
495.0	1.8267e-05	2.9836e-10	-10.0	-2.5
495.5	1.8268e-05	2.9879e-10	-10.0	-2.5
496.0	1.827e-05	2.9877e-10	-10.0	-2.5
496.5	1.827e-05	2.9817e-10	-10.0	-2.5
497.0	1.8271e-05	2.9867e-10	-10.0	-2.5
497.5	1.8269e-05	2.982e-10	-10.0	-2.5
498.0	1.8269e-05	2.9785e-10	-10.0	-2.5
498.5	1.8273e-05	2.9816e-10	-10.0	-2.5
499.0	1.8273e-05	2.9795e-10	-10.0	-2.5
499.5	1.8274e-05	2.9835e-10	-10.0	-2.5
500.0	1.828e-05	2.9784e-10	-10.0	-2.5
500.5	1.828e-05	2.9716e-10	-10.0	-2.5
501.0	1.8278e-05	2.9743e-10	-10.0	-2.5
501.5	1.8282e-05	2.9814e-10	-10.0	-2.5
502.0	1.8282e-05	2.9783e-10	-10.0	-2.5
502.5	1.8278e-05	2.9705e-10	-10.0	-2.5
503.0	1.8279e-05	2.9699e-10	-10.0	-2.5
503.5	1.8277e-05	2.9733e-10	-10.0	-2.5
504.0	1.8279e-05	2.9756e-10	-10.0	-2.5
504.5	1.8284e-05	2.9695e-10	-10.0	-2.5
505.0	1.8286e-05	2.969e-10	-10.0	-2.5
505.5	1.8285e-05	2.9718e-10	-10.0	-2.5
506.0	1.8288e-05	2.9672e-10	-10.0	-2.5
506.5	1.829e-05	2.9677e-10	-10.0	-2.5
507.0	1.8289e-05	2.9597e-10	-10.0	-2.5
507.5	1.8289e-05	2.9684e-10	-10.0	-2.5
508.0	1.8291e-05	2.9682e-10	-10.0	-2.5
508.5	1.8287e-05	2.9659e-10	-10.0	-2.5
509.0	1.8287e-05	2.9645e-10	-10.0	-2.5
509.5	1.8286e-05	2.9646e-10	-10.0	-2.5
510.0	1.8286e-05	2.9668e-10	-10.0	-2.5
510.5	1.8284e-05	2.9678e-10	-10.0	-2.5
511.0	1.8279e-05	2.9585e-10	-10.0	-2.5
511.5	1.828e-05	2.9651e-10	-10.0	-2.5
512.0	1.828e-05	2.9641e-10	-10.0	-2.5
512.5	1.8277e-05	2.9553e-10	-10.0	-2.5
513.0	1.8279e-05	2.9545e-10	-10.0	-2.5
513.5	1.8283e-05	2.9568e-10	-10.0	-2.5
514.0	1.8283e-05	2.9517e-10	-10.0	-2.5
514.5	1.8285e-05	2.9559e-10	-10.0	-2.5
515.0	1.8282e-05	2.9475e-10	-10.0	-2.5
515.5	1.8285e-05	2.9539e-10	-10.0	-2.5
516.0	1.8288e-05	2.9536e-10	-10.0	-2.5
516.5	1.8289e-05	2.9489e-10	-10.0	-2.5
517.0	1.8295e-05	2.953e-10	-10.0	-2.5
517.5	1.8298e-05	2.9507e-10	-10.0	-2.5
518.0	1.83e-05	2.9472e-10	-10.0	-2.5
518.5	1.8296e-05	2.9448e-10	-10.0	-2.5
519.0	1.8297e-05	2.9465e-10	-10.0	-2.5
519.5	1.8299e-05	2.9454e-10	-10.0	-2.5
520.0	1.8296e-05	2.9464e-10	-10.0	-2.5
520.5	1.8297e-05	2.9433e-10	-10.0	-2.5
521.0	1.8298e-05	2.9463e-10	-10.0	-2.5
521.5	1.8297e-05	2.947e-10	-10.0	-2.5
522.0	1.8297e-05	2.938e-10	-10.0	-2.5
522.5	1.8298e-05	2.939e-10	-10.0	-2.5
523.0	1.8298e-05	2.9426e-10	-10.0	-2.5
523.5	1.8299e-05	2.941e-10	-10.0	-2.5
524.0	1.8307e-05	2.9416e-10	-10.0	-2.5
524.5	1.8303e-05	2.9426e-10	-10.0	-2.5
525.0	1.8303e-05	2.9481e-10	-10.0	-2.5
525.5	1.8304e-05	2.9321e-10	-10.0	-2.5
526.0	1.8304e-05	2.938e-10	-10.0	-2.5
526.5	1.8305e-05	2.9369e-10	-10.0	-2.5
527.0	1.8308e-05	2.933e-10	-10.0	-2.5
527.5	1.8307e-05	2.9333e-10	-10.0	-2.5
528.0	1.8305e-05	2.9338e-10	-10.0	-2.5
528.5	1.8307e-05	2.9378e-10	-10.0	-2.5
529.0	1.8309e-05	2.938e-10	-10.0	-2.5
529.5	1.8306e-05	2.9378e-10	-10.0	-2.5
530.0	1.8308e-05	2.9329e-10	-10.0	-2.5
530.5	1.8305e-05	2.9271e-10	-10.0	-2.5
531.0	1.8301e-05	2.9314e-10	-10.0	-2.5
531.5	1.8301e-05	2.9325e-10	-10.0	-2.5
532.0	1.83e-05	2.9263e-10	-10.0	-2.5
532.5	1.8305e-05	2.9293e-10	-10.0	-2.5
533.0	1.8306e-05	2.9271e-10	-10.0	-2.5
533.5	1.8299e-05	2.9286e-10	-10.0	-2.5
534.0	1.8303e-05	2.9248e-10	-10.0	-2.5
534.5	1.8304e-05	2.9247e-10	-10.0	-2.5
535.0	1.8304e-05	2.9212e-10	-10.0	-2.5
535.5	1.8304e-05	2.9266e-10	-10.0	-2.5
536.0	1.8302e-05	2.9264e-10	-10.0	-2.5
536.5	1.8305e-05	2.9242e-10	-10.0	-2.5
537.0	1.8305e-05	2.9217e-10	-10.0	-2.5
537.5	1.8303e-05	2.9239e-10	-10.0	-2.5
538.0	1.8305e-05	2.9204e-10	-10.0	-2.5
538.5	1.8303e-05	2.9222e-10	-10.0	-2.5
539.0	1.8301e-05	2.9177e-10	-10.0	-2.5
539.5	1.83e-05	2.9114e-10	-10.0	-2.5
540.0	1.83e-05	2.0834e-10	-10.0	-2.5
540.5	1.8298e-05	1.9751e-10	-10.0	-2.5
541.0	1.8298e-05	1.9575e-10	-10.0	-2.5
541.5	1.8296e-05	1.9584e-10	-10.0	-2.5
542.0	1.8296e-05	1.9632e-10	-10.0	-2.5
542.5	1.8293e-05	1.9628e-10	-10.0	-2.5
543.0	1.8293e-05	1.9622e-10	-10.0	-2.5
543.5	1.8294e-05	1.967e-10	-10.0	-2.5
544.0	1.8295e-05	1.9675e-10	-10.0	-2.5
544.5	1.8292e-05	1.9674e-10	-10.0	-2.5
545.0	1.8291e-05	1.968e-10	-10.0	-2.5
545.5	1.8288e-05	1.9694e-10	-10.0	-2.5
546.0	1.8287e-05	1.9678e-10	-10.0	-2.5
546.5	1.8286e-05	1.9795e-10	-10.0	-2.5
547.0	1.8286e-05	1.9759e-10	-10.0	-2.5
547.5	1.8283e-05	1.9764e-10	-10.0	-2.5
548.0	1.8281e-05	1.9719e-10	-10.0	-2.5
548.5	1.8279e-05	1.9844e-10	-10.0	-2.5
549.0	1.8281e-05	1.9804e-10	-10.0	-2.5
549.5	1.8276e-05	1.9793e-10	-10.0	-2.5
550.0	1.8278e-05	1.9807e-10	-10.0	-2.5
550.5	1.8273e-05	1.9792e-10	-10.0	-2.5
551.0	1.8275e-05	1.9837e-10	-10.0	-2.5
551.5	1.8274e-05	1.9841e-10	-10.0	-2.5
552.0	1.8273e-05	1.9808e-10	-10.0	-2.5
552.5	1.8272e-05	1.9886e-10	-10.0	-2.5
553.0	1.8271e-05	1.9863e-10	-10.0	-2.5
553.5	1.8268e-05	1.9858e-10	-10.0	-2.5
554.0	1.8268e-05	1.9861e-10	-10.0	-2.5
554.5	1.8268e-05	1.989e-10	-10.0	-2.5
555.0	1.8268e-05	1.9916e-10	-10.0	-2.5
555.5	1.8269e-05	1.9883e-10	-10.0	-2.5
556.0	1.8266e-05	1.989e-10	-10.0	-2.5
556.5	1.827e-05	1.9909e-10	-10.0	-2.5
557.0	1.827e-05	1.999e-10	-10.0	-2.5
557.5	1.8268e-05	1.9915e-10	-10.0	-2.5
558.0	1.8268e-05	1.9886e-10	-10.0	-2.5
558.5	1.8268e-05	1.9929e-10	-10.0	-2.5
559.0	1.8271e-05	1.9934e-10	-10.0	-2.5
559.5	1.8269e-05	1.9972e-10	-10.0	-2.5
560.0	1.8269e-05	1.9949e-10	-10.0	-2.5
560.5	1.8268e-05	1.9931e-10	-10.0	-2.5
561.0	1.8267e-05	1.9924e-10	-10.0	-2.5
561.5	1.8269e-05	2.0016e-10	-10.0	-2.5
562.0	1.8269e-05	1.9975e-10	-10.0	-2.5
562.5	1.827e-05	2.0039e-10	-10.0	-2.5
563.0	1.8267e-05	1.9952e-10	-10.0	-2.5
563.5	1.8269e-05	2.0057e-10	-10.0	-2.5
564.0	1.827e-05	2.0035e-10	-10.0	-2.5
564.5	1.8269e-05	2.0035e-10	-10.0	-2.5
565.0	1.8268e-05	2.004e-10	-10.0	-2.5
565.5	1.8267e-05	2.0049e-10	-10.0	-2.5
566.0	1.8269e-05	2.0037e-10	-10.0	-2.5
566.5	1.8267e-05	2.0078e-10	-10.0	-2.5
567.0	1.8267e-05	2.0059e-10	-10.0	-2.5
567.5	1.8267e-05	2.0066e-10	-10.0	-2.5
568.0	1.8269e-05	2.0115e-10	-10.0	-2.5
568.5	1.8268e-05	2.0084e-10	-10.0	-2.5
569.0	1.8269e-05	2.0118e-10	-10.0	-2.5
569.5	1.8266e-05	2.0039e-10	-10.0	-2.5
570.0	1.8267e-05	2.0114e-10	-10.0	-2.5
570.5	1.8268e-05	2.0093e-10	-10.0	-2.5
571.0	1.8269e-05	2.0093e-10	-10.0	-2.5
571.5	1.8269e-05	2.0034e-10	-10.0	-2.5
572.0	1.8269e-05	2.0063e-10	-10.0	-2.5
572.5	1.8272e-05	2.0117e-10	-10.0	-2.5
573.0	1.827e-05	2.01e-10	-10.0	-2.5
573.5	1.827e-05	2.0119e-10	-10.0	-2.5
574.0	1.827e-05	2.0158e-10	-10.0	-2.5
574.5	1.8274e-05	2.0177e-10	-10.0	-2.5
575.0	1.8274e-05	2.0115e-10	-10.0	-2.5
575.5	1.8274e-05	2.0111e-10	-10.0	-2.5
576.0	1.8275e-05	2.0139e-10	-10.0	-2.5
576.5	1.8274e-05	2.0148e-10	-10.0	-2.5
577.0	1.8276e-05	2.0116e-10	-10.0	-2.5
577.5	1.8277e-05	2.0105e-10	-10.0	-2.5
578.0	1.8277e-05	2.0172e-10	-10.0	-2.5
578.5	1.8277e-05	2.0125e-10	-10.0	-2.5
579.0	1.8275e-05	2.0174e-10	-10.0	-2.5
579.5	1.8279e-05	2.0126e-10	-10.0	-2.5
580.0	1.8281e-05	2.0217e-10	-10.0	-2.5
580.5	1.8278e-05	2.0157e-10	-10.0	-2.5
581.0	1.8281e-05	2.0232e-10	-10.0	-2.5
581.5	1.8281e-05	2.0229e-10	-10.0	-2.5
582.0	1.828e-05	2.0244e-10	-10.0	-2.5
582.5	1.8282e-05	2.0231e-10	-10.0	-2.5
583.0	1.8281e-05	2.0206e-10	-10.0	-2.5
583.5	1.828e-05	2.0185e-10	-10.0	-2.5
584.0	1.8281e-05	2.0216e-10	-10.0	-2.5
584.5	1.828e-05	2.0233e-10	-10.0	-2.5
585.0	1.8283e-05	2.0254e-10	-10.0	-2.5
585.5	1.8285e-05	2.0234e-10	-10.0	-2.5
586.0	1.8284e-05	2.0216e-10	-10.0	-2.5
586.5	1.8282e-05	2.0262e-10	-10.0	-2.5
587.0	1.8285e-05	2.0279e-10	-10.0	-2.5
587.5	1.8284e-05	2.0236e-10	-10.0	-2.5
588.0	1.8284e-05	2.0244e-10	-10.0	-2.5
588.5	1.8284e-05	2.0254e-10	-10.0	-2.5
589.0	1.8285e-05	2.0228e-10	-10.0	-2.5
589.5	1.8288e-05	2.0291e-10	-10.0	-2.5
590.0	1.8288e-05	2.0283e-10	-10.0	-2.5
590.5	1.8287e-05	2.0228e-10	-10.0	-2.5
591.0	1.8288e-05	2.0289e-10	-10.0	-2.5
591.5	1.8288e-05	2.0294e-10	-10.0	-2.5
592.0	1.8286e-05	2.029e-10	-10.0	-2.5
592.5	1.8287e-05	2.0342e-10	-10.0	-2.5
593.0	1.8289e-05	2.0281e-10	-10.0	-2.5
593.5	1.829e-05	2.025e-10	-10.0	-2.5
594.0	1.8293e-05	2.0345e-10	-10.0	-2.5
594.5	1.8292e-05	2.0309e-10	-10.0	-2.5
595.0	1.8293e-05	2.0292e-10	-10.0	-2.5
595.5	1.8294e-05	2.03e-10	-10.0	-2.5
596.0	1.8292e-05	2.0305e-10	-10.0	-2.5
596.5	1.8292e-05	2.0332e-10	-10.0	-2.5
597.0	1.8296e-05	2.0286e-10	-10.0	-2.5
597.5	1.8298e-05	2.0329e-10	-10.0	-2.5
598.0	1.8299e-05	2.0328e-10	-10.0	-2.5
598.5	1.8299e-05	2.0322e-10	-10.0	-2.5
599.0	1.8297e-05	2.0356e-10	-10.0	-2.5
599.5	1.8299e-05	2.0361e-10	-10.0	-2.5
600.0	1.8301e-05	2.0352e-10	-10.0	-2.5
600.5	1.8299e-05	2.0323e-10	-10.0	-2.5
601.0	1.8301e-05	2.0339e-10	-10.0	-2.5
601.5	1.8305e-05	2.0332e-10	-10.0	-2.5
602.0	1.8305e-05	2.0363e-10	-10.0	-2.5
602.5	1.8306e-05	2.043e-10	-10.0	-2.5
603.0	1.8303e-05	2.036e-10	-10.0	-2.5
603.5	1.8308e-05	2.0403e-10	-10.0	-2.5
604.0	1.8308e-05	2.037e-10	-10.0	-2.5
604.5	1.8305e-05	2.0395e-10	-10.0	-2.5
605.0	1.8308e-05	2.0351e-10	-10.0	-2.5
605.5	1.8306e-05	2.039e-10	-10.0	-2.5
606.0	1.8308e-05	2.0428e-10	-10.0	-2.5
606.5	1.831e-05	2.0426e-10	-10.0	-2.5
607.0	1.831e-05	2.0378e-10	-10.0	-2.5
607.5	1.8308e-05	2.0422e-10	-10.0	-2.5
608.0	1.8307e-05	2.0413e-10	-10.0	-2.5
