Time (s)	|IDrain (A)|	|IGate (A)	Vdrain(V)	Vgate(V)
0.0	1.7627e-05	6.6808e-11	-10.0	-2.5
1.0	1.7632e-05	1.8351e-10	-10.0	-2.5
1.5	1.7637e-05	1.9584e-10	-10.0	-2.5
2.0	1.7638e-05	2.0118e-10	-10.0	-2.5
2.5	1.764e-05	2.0405e-10	-10.0	-2.5
3.0	1.7643e-05	2.0534e-10	-10.0	-2.5
3.5	1.7648e-05	2.0601e-10	-10.0	-2.5
4.0	1.7655e-05	2.0668e-10	-10.0	-2.5
4.5	1.7659e-05	2.0749e-10	-10.0	-2.5
5.0	1.766e-05	2.0724e-10	-10.0	-2.5
5.5	1.7665e-05	2.0734e-10	-10.0	-2.5
6.0	1.7671e-05	2.0822e-10	-10.0	-2.5
6.5	1.7673e-05	2.0806e-10	-10.0	-2.5
7.0	1.7677e-05	2.0801e-10	-10.0	-2.5
7.5	1.7677e-05	2.0806e-10	-10.0	-2.5
8.0	1.7679e-05	2.0803e-10	-10.0	-2.5
8.5	1.7684e-05	2.0806e-10	-10.0	-2.5
9.0	1.7688e-05	2.0807e-10	-10.0	-2.5
9.5	1.7693e-05	2.0818e-10	-10.0	-2.5
10.0	1.7696e-05	2.0874e-10	-10.0	-2.5
10.5	1.7696e-05	2.0853e-10	-10.0	-2.5
11.0	1.7699e-05	2.0812e-10	-10.0	-2.5
11.5	1.7704e-05	2.0821e-10	-10.0	-2.5
12.0	1.771e-05	2.0865e-10	-10.0	-2.5
12.5	1.7711e-05	2.0857e-10	-10.0	-2.5
13.0	1.7716e-05	2.0838e-10	-10.0	-2.5
13.5	1.7718e-05	2.0892e-10	-10.0	-2.5
14.0	1.7718e-05	2.0936e-10	-10.0	-2.5
14.5	1.7722e-05	2.086e-10	-10.0	-2.5
15.0	1.7726e-05	2.0883e-10	-10.0	-2.5
15.5	1.7727e-05	2.0876e-10	-10.0	-2.5
16.0	1.7728e-05	2.088e-10	-10.0	-2.5
16.5	1.7733e-05	2.087e-10	-10.0	-2.5
17.0	1.7734e-05	2.088e-10	-10.0	-2.5
17.5	1.7737e-05	2.0917e-10	-10.0	-2.5
18.0	1.7738e-05	2.0903e-10	-10.0	-2.5
18.5	1.7743e-05	2.0943e-10	-10.0	-2.5
19.0	1.7745e-05	2.0889e-10	-10.0	-2.5
19.5	1.7746e-05	2.0941e-10	-10.0	-2.5
20.0	1.7749e-05	2.0909e-10	-10.0	-2.5
20.5	1.7751e-05	2.094e-10	-10.0	-2.5
21.0	1.7753e-05	2.0941e-10	-10.0	-2.5
21.5	1.7757e-05	2.091e-10	-10.0	-2.5
22.0	1.7758e-05	2.0902e-10	-10.0	-2.5
22.5	1.7758e-05	2.0915e-10	-10.0	-2.5
23.0	1.776e-05	2.0942e-10	-10.0	-2.5
23.5	1.7764e-05	2.0934e-10	-10.0	-2.5
24.0	1.7767e-05	2.0968e-10	-10.0	-2.5
24.5	1.777e-05	2.0937e-10	-10.0	-2.5
25.0	1.7775e-05	2.0981e-10	-10.0	-2.5
25.5	1.7775e-05	2.0931e-10	-10.0	-2.5
26.0	1.7778e-05	2.0957e-10	-10.0	-2.5
26.5	1.7783e-05	2.1051e-10	-10.0	-2.5
27.0	1.7787e-05	2.0979e-10	-10.0	-2.5
27.5	1.7788e-05	2.101e-10	-10.0	-2.5
28.0	1.7788e-05	2.096e-10	-10.0	-2.5
28.5	1.779e-05	2.099e-10	-10.0	-2.5
29.0	1.7792e-05	2.0983e-10	-10.0	-2.5
29.5	1.7798e-05	2.0986e-10	-10.0	-2.5
30.0	1.7798e-05	2.0909e-10	-10.0	-2.5
30.5	1.78e-05	2.0982e-10	-10.0	-2.5
31.0	1.7802e-05	2.0957e-10	-10.0	-2.5
31.5	1.7805e-05	2.1014e-10	-10.0	-2.5
32.0	1.7807e-05	2.0984e-10	-10.0	-2.5
32.5	1.7808e-05	2.0947e-10	-10.0	-2.5
33.0	1.7815e-05	2.0993e-10	-10.0	-2.5
33.5	1.7821e-05	2.0994e-10	-10.0	-2.5
34.0	1.7822e-05	2.1008e-10	-10.0	-2.5
34.5	1.7824e-05	2.1012e-10	-10.0	-2.5
35.0	1.7828e-05	2.105e-10	-10.0	-2.5
35.5	1.7832e-05	2.1023e-10	-10.0	-2.5
36.0	1.7835e-05	2.1023e-10	-10.0	-2.5
36.5	1.7838e-05	2.1053e-10	-10.0	-2.5
37.0	1.7836e-05	2.101e-10	-10.0	-2.5
37.5	1.7835e-05	2.1016e-10	-10.0	-2.5
38.0	1.7837e-05	2.0948e-10	-10.0	-2.5
38.5	1.784e-05	2.0995e-10	-10.0	-2.5
39.0	1.7841e-05	2.1015e-10	-10.0	-2.5
39.5	1.7845e-05	2.0977e-10	-10.0	-2.5
40.0	1.7849e-05	2.1039e-10	-10.0	-2.5
40.5	1.7853e-05	2.1078e-10	-10.0	-2.5
41.0	1.7851e-05	2.1015e-10	-10.0	-2.5
41.5	1.7858e-05	2.1078e-10	-10.0	-2.5
42.0	1.7857e-05	2.1027e-10	-10.0	-2.5
42.5	1.7859e-05	2.1073e-10	-10.0	-2.5
43.0	1.7863e-05	2.1032e-10	-10.0	-2.5
43.5	1.7863e-05	2.1075e-10	-10.0	-2.5
44.0	1.7866e-05	2.1066e-10	-10.0	-2.5
44.5	1.7868e-05	2.1097e-10	-10.0	-2.5
45.0	1.787e-05	2.1084e-10	-10.0	-2.5
45.5	1.7872e-05	2.1113e-10	-10.0	-2.5
46.0	1.7873e-05	2.1077e-10	-10.0	-2.5
46.5	1.7873e-05	2.1105e-10	-10.0	-2.5
47.0	1.7879e-05	2.1086e-10	-10.0	-2.5
47.5	1.788e-05	2.1066e-10	-10.0	-2.5
48.0	1.7883e-05	2.1095e-10	-10.0	-2.5
48.5	1.7886e-05	2.1064e-10	-10.0	-2.5
49.0	1.7891e-05	2.1106e-10	-10.0	-2.5
49.5	1.7892e-05	2.1125e-10	-10.0	-2.5
50.0	1.7892e-05	2.1148e-10	-10.0	-2.5
50.5	1.7897e-05	2.11e-10	-10.0	-2.5
51.0	1.7896e-05	2.1097e-10	-10.0	-2.5
51.5	1.7897e-05	2.1123e-10	-10.0	-2.5
52.0	1.7899e-05	2.1125e-10	-10.0	-2.5
52.5	1.7906e-05	2.1122e-10	-10.0	-2.5
53.0	1.7905e-05	2.1131e-10	-10.0	-2.5
53.5	1.7907e-05	2.1103e-10	-10.0	-2.5
54.0	1.7906e-05	2.1089e-10	-10.0	-2.5
54.5	1.7912e-05	2.1115e-10	-10.0	-2.5
55.0	1.7913e-05	2.1098e-10	-10.0	-2.5
55.5	1.7917e-05	2.1102e-10	-10.0	-2.5
56.0	1.7918e-05	2.107e-10	-10.0	-2.5
56.5	1.7917e-05	2.1135e-10	-10.0	-2.5
57.0	1.792e-05	2.1155e-10	-10.0	-2.5
57.5	1.7919e-05	2.1128e-10	-10.0	-2.5
58.0	1.7921e-05	2.116e-10	-10.0	-2.5
58.5	1.7923e-05	2.1116e-10	-10.0	-2.5
59.0	1.7927e-05	2.1147e-10	-10.0	-2.5
59.5	1.793e-05	2.114e-10	-10.0	-2.5
60.0	1.7934e-05	2.1147e-10	-10.0	-2.5
60.5	1.7932e-05	2.1201e-10	-10.0	-2.5
61.0	1.7936e-05	2.1121e-10	-10.0	-2.5
61.5	1.7939e-05	2.1212e-10	-10.0	-2.5
62.0	1.7938e-05	2.1203e-10	-10.0	-2.5
62.5	1.7939e-05	2.1201e-10	-10.0	-2.5
63.0	1.7941e-05	2.1166e-10	-10.0	-2.5
63.5	1.7941e-05	2.1198e-10	-10.0	-2.5
64.0	1.7944e-05	2.1186e-10	-10.0	-2.5
64.5	1.7947e-05	2.1211e-10	-10.0	-2.5
65.0	1.7951e-05	2.1233e-10	-10.0	-2.5
65.5	1.7953e-05	2.1197e-10	-10.0	-2.5
66.0	1.7953e-05	2.1198e-10	-10.0	-2.5
66.5	1.7955e-05	2.1231e-10	-10.0	-2.5
67.0	1.7958e-05	2.1185e-10	-10.0	-2.5
67.5	1.796e-05	2.1173e-10	-10.0	-2.5
68.0	1.7961e-05	2.1194e-10	-10.0	-2.5
68.5	1.7963e-05	2.121e-10	-10.0	-2.5
69.0	1.7966e-05	2.1186e-10	-10.0	-2.5
69.5	1.7964e-05	2.1235e-10	-10.0	-2.5
70.0	1.7964e-05	2.1203e-10	-10.0	-2.5
70.5	1.7966e-05	2.1236e-10	-10.0	-2.5
71.0	1.7969e-05	2.1205e-10	-10.0	-2.5
71.5	1.797e-05	2.1191e-10	-10.0	-2.5
72.0	1.7974e-05	2.1201e-10	-10.0	-2.5
72.5	1.7973e-05	2.1221e-10	-10.0	-2.5
73.0	1.7976e-05	2.1213e-10	-10.0	-2.5
73.5	1.7982e-05	2.1223e-10	-10.0	-2.5
74.0	1.7982e-05	2.1225e-10	-10.0	-2.5
74.5	1.7982e-05	2.1177e-10	-10.0	-2.5
75.0	1.7984e-05	2.1234e-10	-10.0	-2.5
75.5	1.7984e-05	2.124e-10	-10.0	-2.5
76.0	1.7986e-05	2.1292e-10	-10.0	-2.5
76.5	1.7986e-05	2.1213e-10	-10.0	-2.5
77.0	1.7988e-05	2.1273e-10	-10.0	-2.5
77.5	1.7991e-05	2.1246e-10	-10.0	-2.5
78.0	1.7993e-05	2.1268e-10	-10.0	-2.5
78.5	1.7993e-05	2.1261e-10	-10.0	-2.5
79.0	1.7993e-05	2.1219e-10	-10.0	-2.5
79.5	1.7994e-05	2.1218e-10	-10.0	-2.5
80.0	1.7998e-05	2.1302e-10	-10.0	-2.5
80.5	1.8e-05	2.1282e-10	-10.0	-2.5
81.0	1.7999e-05	2.1283e-10	-10.0	-2.5
81.5	1.8002e-05	2.1283e-10	-10.0	-2.5
82.0	1.8005e-05	2.127e-10	-10.0	-2.5
82.5	1.8005e-05	2.1233e-10	-10.0	-2.5
83.0	1.8009e-05	2.1283e-10	-10.0	-2.5
83.5	1.8009e-05	2.1219e-10	-10.0	-2.5
84.0	1.8009e-05	2.1243e-10	-10.0	-2.5
84.5	1.8011e-05	2.1264e-10	-10.0	-2.5
85.0	1.8013e-05	2.127e-10	-10.0	-2.5
85.5	1.8014e-05	2.1275e-10	-10.0	-2.5
86.0	1.802e-05	2.132e-10	-10.0	-2.5
86.5	1.802e-05	2.1305e-10	-10.0	-2.5
87.0	1.8021e-05	2.1319e-10	-10.0	-2.5
87.5	1.8022e-05	2.1259e-10	-10.0	-2.5
88.0	1.8028e-05	2.1247e-10	-10.0	-2.5
88.5	1.8027e-05	2.1289e-10	-10.0	-2.5
89.0	1.8026e-05	2.1285e-10	-10.0	-2.5
89.5	1.8027e-05	2.1308e-10	-10.0	-2.5
90.0	1.8031e-05	2.1262e-10	-10.0	-2.5
90.5	1.8034e-05	2.125e-10	-10.0	-2.5
91.0	1.8031e-05	2.1333e-10	-10.0	-2.5
91.5	1.8033e-05	2.1288e-10	-10.0	-2.5
92.0	1.8031e-05	2.1289e-10	-10.0	-2.5
92.5	1.8037e-05	2.1343e-10	-10.0	-2.5
93.0	1.8038e-05	2.1333e-10	-10.0	-2.5
93.5	1.8044e-05	2.1355e-10	-10.0	-2.5
94.0	1.8043e-05	2.1308e-10	-10.0	-2.5
94.5	1.8044e-05	2.1297e-10	-10.0	-2.5
95.0	1.8046e-05	2.1306e-10	-10.0	-2.5
95.5	1.8048e-05	2.1283e-10	-10.0	-2.5
96.0	1.8048e-05	2.1339e-10	-10.0	-2.5
96.5	1.8051e-05	2.1352e-10	-10.0	-2.5
97.0	1.8051e-05	2.1332e-10	-10.0	-2.5
97.5	1.8052e-05	2.1375e-10	-10.0	-2.5
98.0	1.8055e-05	2.1354e-10	-10.0	-2.5
98.5	1.8055e-05	2.1307e-10	-10.0	-2.5
99.0	1.806e-05	2.1371e-10	-10.0	-2.5
99.5	1.8055e-05	2.1362e-10	-10.0	-2.5
100.0	1.8061e-05	2.1297e-10	-10.0	-2.5
100.5	1.8063e-05	2.1364e-10	-10.0	-2.5
101.0	1.8065e-05	2.134e-10	-10.0	-2.5
101.5	1.8062e-05	2.1406e-10	-10.0	-2.5
102.0	1.8063e-05	2.1385e-10	-10.0	-2.5
102.5	1.8066e-05	2.1319e-10	-10.0	-2.5
103.0	1.8065e-05	2.1364e-10	-10.0	-2.5
103.5	1.8068e-05	2.1387e-10	-10.0	-2.5
104.0	1.8068e-05	2.1387e-10	-10.0	-2.5
104.5	1.8071e-05	2.1404e-10	-10.0	-2.5
105.0	1.8073e-05	2.1342e-10	-10.0	-2.5
105.5	1.8074e-05	2.1373e-10	-10.0	-2.5
106.0	1.8075e-05	2.133e-10	-10.0	-2.5
106.5	1.8079e-05	2.1319e-10	-10.0	-2.5
107.0	1.8078e-05	2.1408e-10	-10.0	-2.5
107.5	1.8079e-05	2.1327e-10	-10.0	-2.5
108.0	1.8079e-05	2.1375e-10	-10.0	-2.5
108.5	1.8082e-05	2.1407e-10	-10.0	-2.5
109.0	1.808e-05	2.1339e-10	-10.0	-2.5
109.5	1.8079e-05	2.1417e-10	-10.0	-2.5
110.0	1.808e-05	2.1388e-10	-10.0	-2.5
110.5	1.8084e-05	2.1351e-10	-10.0	-2.5
111.0	1.8087e-05	2.1402e-10	-10.0	-2.5
111.5	1.8089e-05	2.1366e-10	-10.0	-2.5
112.0	1.8088e-05	2.1444e-10	-10.0	-2.5
112.5	1.8088e-05	2.1432e-10	-10.0	-2.5
113.0	1.8089e-05	2.1413e-10	-10.0	-2.5
113.5	1.8093e-05	2.1383e-10	-10.0	-2.5
114.0	1.8092e-05	2.1382e-10	-10.0	-2.5
114.5	1.8096e-05	2.1396e-10	-10.0	-2.5
115.0	1.81e-05	2.1385e-10	-10.0	-2.5
115.5	1.8099e-05	2.1425e-10	-10.0	-2.5
116.0	1.8099e-05	2.1427e-10	-10.0	-2.5
116.5	1.8102e-05	2.1401e-10	-10.0	-2.5
117.0	1.8101e-05	2.1358e-10	-10.0	-2.5
117.5	1.8104e-05	2.1359e-10	-10.0	-2.5
118.0	1.8106e-05	2.1372e-10	-10.0	-2.5
118.5	1.8106e-05	2.1405e-10	-10.0	-2.5
119.0	1.811e-05	2.143e-10	-10.0	-2.5
119.5	1.811e-05	2.1412e-10	-10.0	-2.5
120.0	1.811e-05	2.7056e-10	-10.0	-2.5
120.5	1.8114e-05	2.8634e-10	-10.0	-2.5
121.0	1.8117e-05	2.8889e-10	-10.0	-2.5
121.5	1.8121e-05	2.8873e-10	-10.0	-2.5
122.0	1.8124e-05	2.8927e-10	-10.0	-2.5
122.5	1.8127e-05	2.8888e-10	-10.0	-2.5
123.0	1.8132e-05	2.8878e-10	-10.0	-2.5
123.5	1.8137e-05	2.882e-10	-10.0	-2.5
124.0	1.8139e-05	2.879e-10	-10.0	-2.5
124.5	1.8141e-05	2.867e-10	-10.0	-2.5
125.0	1.8145e-05	2.8666e-10	-10.0	-2.5
125.5	1.815e-05	2.8637e-10	-10.0	-2.5
126.0	1.8153e-05	2.8595e-10	-10.0	-2.5
126.5	1.8158e-05	2.8512e-10	-10.0	-2.5
127.0	1.8158e-05	2.8544e-10	-10.0	-2.5
127.5	1.8162e-05	2.8513e-10	-10.0	-2.5
128.0	1.8168e-05	2.8474e-10	-10.0	-2.5
128.5	1.817e-05	2.8405e-10	-10.0	-2.5
129.0	1.8174e-05	2.8397e-10	-10.0	-2.5
129.5	1.8178e-05	2.8409e-10	-10.0	-2.5
130.0	1.8179e-05	2.8369e-10	-10.0	-2.5
130.5	1.8185e-05	2.8368e-10	-10.0	-2.5
131.0	1.8186e-05	2.8366e-10	-10.0	-2.5
131.5	1.8186e-05	2.8373e-10	-10.0	-2.5
132.0	1.8193e-05	2.8382e-10	-10.0	-2.5
132.5	1.8197e-05	2.834e-10	-10.0	-2.5
133.0	1.8198e-05	2.8318e-10	-10.0	-2.5
133.5	1.8203e-05	2.8328e-10	-10.0	-2.5
134.0	1.8203e-05	2.8301e-10	-10.0	-2.5
134.5	1.8206e-05	2.8222e-10	-10.0	-2.5
135.0	1.8205e-05	2.8266e-10	-10.0	-2.5
135.5	1.8207e-05	2.8248e-10	-10.0	-2.5
136.0	1.8209e-05	2.8228e-10	-10.0	-2.5
136.5	1.8214e-05	2.8243e-10	-10.0	-2.5
137.0	1.8215e-05	2.8256e-10	-10.0	-2.5
137.5	1.8219e-05	2.8233e-10	-10.0	-2.5
138.0	1.8224e-05	2.819e-10	-10.0	-2.5
138.5	1.8222e-05	2.8273e-10	-10.0	-2.5
139.0	1.8226e-05	2.8285e-10	-10.0	-2.5
139.5	1.823e-05	2.8226e-10	-10.0	-2.5
140.0	1.8234e-05	2.816e-10	-10.0	-2.5
140.5	1.8237e-05	2.8211e-10	-10.0	-2.5
141.0	1.8237e-05	2.8288e-10	-10.0	-2.5
141.5	1.8239e-05	2.8169e-10	-10.0	-2.5
142.0	1.8241e-05	2.8186e-10	-10.0	-2.5
142.5	1.8241e-05	2.8139e-10	-10.0	-2.5
143.0	1.8245e-05	2.8173e-10	-10.0	-2.5
143.5	1.8249e-05	2.8161e-10	-10.0	-2.5
144.0	1.8249e-05	2.8166e-10	-10.0	-2.5
144.5	1.8251e-05	2.8184e-10	-10.0	-2.5
145.0	1.8251e-05	2.8179e-10	-10.0	-2.5
145.5	1.8255e-05	2.8152e-10	-10.0	-2.5
146.0	1.8256e-05	2.8127e-10	-10.0	-2.5
146.5	1.826e-05	2.8159e-10	-10.0	-2.5
147.0	1.8263e-05	2.8151e-10	-10.0	-2.5
147.5	1.8265e-05	2.8139e-10	-10.0	-2.5
148.0	1.8267e-05	2.813e-10	-10.0	-2.5
148.5	1.8268e-05	2.8155e-10	-10.0	-2.5
149.0	1.8268e-05	2.8119e-10	-10.0	-2.5
149.5	1.8273e-05	2.8071e-10	-10.0	-2.5
150.0	1.8275e-05	2.8116e-10	-10.0	-2.5
150.5	1.8279e-05	2.8151e-10	-10.0	-2.5
151.0	1.8281e-05	2.8094e-10	-10.0	-2.5
151.5	1.8288e-05	2.8072e-10	-10.0	-2.5
152.0	1.8285e-05	2.8093e-10	-10.0	-2.5
152.5	1.8286e-05	2.8086e-10	-10.0	-2.5
153.0	1.8289e-05	2.8072e-10	-10.0	-2.5
153.5	1.829e-05	2.8045e-10	-10.0	-2.5
154.0	1.829e-05	2.8085e-10	-10.0	-2.5
154.5	1.8294e-05	2.8115e-10	-10.0	-2.5
155.0	1.8297e-05	2.7982e-10	-10.0	-2.5
155.5	1.8298e-05	2.8031e-10	-10.0	-2.5
156.0	1.8301e-05	2.798e-10	-10.0	-2.5
156.5	1.8301e-05	2.8001e-10	-10.0	-2.5
157.0	1.8302e-05	2.8041e-10	-10.0	-2.5
157.5	1.83e-05	2.8058e-10	-10.0	-2.5
158.0	1.8302e-05	2.8004e-10	-10.0	-2.5
158.5	1.8308e-05	2.8075e-10	-10.0	-2.5
159.0	1.8308e-05	2.8006e-10	-10.0	-2.5
159.5	1.8309e-05	2.801e-10	-10.0	-2.5
160.0	1.831e-05	2.8015e-10	-10.0	-2.5
160.5	1.8311e-05	2.7998e-10	-10.0	-2.5
161.0	1.8314e-05	2.7988e-10	-10.0	-2.5
161.5	1.8315e-05	2.7995e-10	-10.0	-2.5
162.0	1.8315e-05	2.7959e-10	-10.0	-2.5
162.5	1.8318e-05	2.7989e-10	-10.0	-2.5
163.0	1.8318e-05	2.7978e-10	-10.0	-2.5
163.5	1.8319e-05	2.7986e-10	-10.0	-2.5
164.0	1.8318e-05	2.7966e-10	-10.0	-2.5
164.5	1.8322e-05	2.7953e-10	-10.0	-2.5
165.0	1.8323e-05	2.7997e-10	-10.0	-2.5
165.5	1.8324e-05	2.7965e-10	-10.0	-2.5
166.0	1.8328e-05	2.7936e-10	-10.0	-2.5
166.5	1.8326e-05	2.7896e-10	-10.0	-2.5
167.0	1.8326e-05	2.7903e-10	-10.0	-2.5
167.5	1.8329e-05	2.7861e-10	-10.0	-2.5
168.0	1.8328e-05	2.7915e-10	-10.0	-2.5
168.5	1.8329e-05	2.7882e-10	-10.0	-2.5
169.0	1.8336e-05	2.791e-10	-10.0	-2.5
169.5	1.8334e-05	2.7897e-10	-10.0	-2.5
170.0	1.8337e-05	2.789e-10	-10.0	-2.5
170.5	1.834e-05	2.7906e-10	-10.0	-2.5
171.0	1.8339e-05	2.7875e-10	-10.0	-2.5
171.5	1.8336e-05	2.7928e-10	-10.0	-2.5
172.0	1.8338e-05	2.7873e-10	-10.0	-2.5
172.5	1.8337e-05	2.7867e-10	-10.0	-2.5
173.0	1.8337e-05	2.785e-10	-10.0	-2.5
173.5	1.8342e-05	2.7878e-10	-10.0	-2.5
174.0	1.8341e-05	2.7855e-10	-10.0	-2.5
174.5	1.834e-05	2.7811e-10	-10.0	-2.5
175.0	1.8341e-05	2.7884e-10	-10.0	-2.5
175.5	1.8342e-05	2.7819e-10	-10.0	-2.5
176.0	1.8342e-05	2.7828e-10	-10.0	-2.5
176.5	1.8344e-05	2.7829e-10	-10.0	-2.5
177.0	1.8344e-05	2.7871e-10	-10.0	-2.5
177.5	1.8349e-05	2.7824e-10	-10.0	-2.5
178.0	1.8346e-05	2.7793e-10	-10.0	-2.5
178.5	1.8349e-05	2.782e-10	-10.0	-2.5
179.0	1.8349e-05	2.7781e-10	-10.0	-2.5
179.5	1.8349e-05	2.7805e-10	-10.0	-2.5
180.0	1.8351e-05	2.5737e-10	-10.0	-2.5
180.5	1.8353e-05	2.1269e-10	-10.0	-2.5
181.0	1.8354e-05	2.0848e-10	-10.0	-2.5
181.5	1.8354e-05	2.0729e-10	-10.0	-2.5
182.0	1.8353e-05	2.0731e-10	-10.0	-2.5
182.5	1.8355e-05	2.0644e-10	-10.0	-2.5
183.0	1.8354e-05	2.068e-10	-10.0	-2.5
183.5	1.835e-05	2.0732e-10	-10.0	-2.5
184.0	1.8355e-05	2.0766e-10	-10.0	-2.5
184.5	1.8355e-05	2.07e-10	-10.0	-2.5
185.0	1.8354e-05	2.0746e-10	-10.0	-2.5
185.5	1.8352e-05	2.0734e-10	-10.0	-2.5
186.0	1.8354e-05	2.0789e-10	-10.0	-2.5
186.5	1.8355e-05	2.0805e-10	-10.0	-2.5
187.0	1.8356e-05	2.0755e-10	-10.0	-2.5
187.5	1.8354e-05	2.0794e-10	-10.0	-2.5
188.0	1.8355e-05	2.0841e-10	-10.0	-2.5
188.5	1.8354e-05	2.0784e-10	-10.0	-2.5
189.0	1.8355e-05	2.0818e-10	-10.0	-2.5
189.5	1.8353e-05	2.0809e-10	-10.0	-2.5
190.0	1.8354e-05	2.0837e-10	-10.0	-2.5
190.5	1.8355e-05	2.0793e-10	-10.0	-2.5
191.0	1.8355e-05	2.0866e-10	-10.0	-2.5
191.5	1.8358e-05	2.0854e-10	-10.0	-2.5
192.0	1.8357e-05	2.0828e-10	-10.0	-2.5
192.5	1.8358e-05	2.0796e-10	-10.0	-2.5
193.0	1.8355e-05	2.0823e-10	-10.0	-2.5
193.5	1.8358e-05	2.0883e-10	-10.0	-2.5
194.0	1.8356e-05	2.0827e-10	-10.0	-2.5
194.5	1.8352e-05	2.0888e-10	-10.0	-2.5
195.0	1.8352e-05	2.088e-10	-10.0	-2.5
195.5	1.8354e-05	2.0914e-10	-10.0	-2.5
196.0	1.8354e-05	2.0922e-10	-10.0	-2.5
196.5	1.8355e-05	2.0867e-10	-10.0	-2.5
197.0	1.8354e-05	2.0899e-10	-10.0	-2.5
197.5	1.8354e-05	2.0932e-10	-10.0	-2.5
198.0	1.8357e-05	2.0893e-10	-10.0	-2.5
198.5	1.8357e-05	2.0879e-10	-10.0	-2.5
199.0	1.8355e-05	2.0894e-10	-10.0	-2.5
199.5	1.8356e-05	2.089e-10	-10.0	-2.5
200.0	1.8356e-05	2.088e-10	-10.0	-2.5
200.5	1.8354e-05	2.0884e-10	-10.0	-2.5
201.0	1.8354e-05	2.0924e-10	-10.0	-2.5
201.5	1.8355e-05	2.0922e-10	-10.0	-2.5
202.0	1.8359e-05	2.0935e-10	-10.0	-2.5
202.5	1.8363e-05	2.0877e-10	-10.0	-2.5
203.0	1.8359e-05	2.0945e-10	-10.0	-2.5
203.5	1.8357e-05	2.0938e-10	-10.0	-2.5
204.0	1.8356e-05	2.0968e-10	-10.0	-2.5
204.5	1.8358e-05	2.0965e-10	-10.0	-2.5
205.0	1.8358e-05	2.0988e-10	-10.0	-2.5
205.5	1.8356e-05	2.0973e-10	-10.0	-2.5
206.0	1.8362e-05	2.0945e-10	-10.0	-2.5
206.5	1.8359e-05	2.0935e-10	-10.0	-2.5
207.0	1.836e-05	2.0973e-10	-10.0	-2.5
207.5	1.836e-05	2.0946e-10	-10.0	-2.5
208.0	1.8357e-05	2.0955e-10	-10.0	-2.5
208.5	1.8362e-05	2.0954e-10	-10.0	-2.5
209.0	1.8361e-05	2.0969e-10	-10.0	-2.5
209.5	1.8361e-05	2.0925e-10	-10.0	-2.5
210.0	1.8359e-05	2.0971e-10	-10.0	-2.5
210.5	1.8362e-05	2.1009e-10	-10.0	-2.5
211.0	1.8361e-05	2.0994e-10	-10.0	-2.5
211.5	1.8359e-05	2.0972e-10	-10.0	-2.5
212.0	1.836e-05	2.1009e-10	-10.0	-2.5
212.5	1.836e-05	2.1025e-10	-10.0	-2.5
213.0	1.8362e-05	2.1002e-10	-10.0	-2.5
213.5	1.8363e-05	2.1058e-10	-10.0	-2.5
214.0	1.8367e-05	2.1056e-10	-10.0	-2.5
214.5	1.8362e-05	2.1011e-10	-10.0	-2.5
215.0	1.8366e-05	2.1019e-10	-10.0	-2.5
215.5	1.8367e-05	2.0966e-10	-10.0	-2.5
216.0	1.8368e-05	2.1049e-10	-10.0	-2.5
216.5	1.8368e-05	2.1004e-10	-10.0	-2.5
217.0	1.8371e-05	2.1063e-10	-10.0	-2.5
217.5	1.8367e-05	2.1038e-10	-10.0	-2.5
218.0	1.8367e-05	2.1047e-10	-10.0	-2.5
218.5	1.8364e-05	2.1061e-10	-10.0	-2.5
219.0	1.8366e-05	2.1059e-10	-10.0	-2.5
219.5	1.8365e-05	2.1046e-10	-10.0	-2.5
220.0	1.8367e-05	2.1029e-10	-10.0	-2.5
220.5	1.8366e-05	2.1042e-10	-10.0	-2.5
221.0	1.8366e-05	2.102e-10	-10.0	-2.5
221.5	1.8369e-05	2.1044e-10	-10.0	-2.5
222.0	1.837e-05	2.1054e-10	-10.0	-2.5
222.5	1.8368e-05	2.1035e-10	-10.0	-2.5
223.0	1.8372e-05	2.1092e-10	-10.0	-2.5
223.5	1.837e-05	2.1042e-10	-10.0	-2.5
224.0	1.8372e-05	2.106e-10	-10.0	-2.5
224.5	1.8369e-05	2.1063e-10	-10.0	-2.5
225.0	1.8367e-05	2.1088e-10	-10.0	-2.5
225.5	1.8371e-05	2.1108e-10	-10.0	-2.5
226.0	1.8371e-05	2.1094e-10	-10.0	-2.5
226.5	1.8371e-05	2.1069e-10	-10.0	-2.5
227.0	1.8368e-05	2.107e-10	-10.0	-2.5
227.5	1.8371e-05	2.1116e-10	-10.0	-2.5
228.0	1.8371e-05	2.1051e-10	-10.0	-2.5
228.5	1.8369e-05	2.1135e-10	-10.0	-2.5
229.0	1.8369e-05	2.1161e-10	-10.0	-2.5
229.5	1.8367e-05	2.1151e-10	-10.0	-2.5
230.0	1.8368e-05	2.1111e-10	-10.0	-2.5
230.5	1.8371e-05	2.1116e-10	-10.0	-2.5
231.0	1.8371e-05	2.1105e-10	-10.0	-2.5
231.5	1.8368e-05	2.1112e-10	-10.0	-2.5
232.0	1.837e-05	2.1057e-10	-10.0	-2.5
232.5	1.8371e-05	2.1097e-10	-10.0	-2.5
233.0	1.8369e-05	2.1154e-10	-10.0	-2.5
233.5	1.8372e-05	2.1161e-10	-10.0	-2.5
234.0	1.8372e-05	2.1166e-10	-10.0	-2.5
234.5	1.8374e-05	2.1136e-10	-10.0	-2.5
235.0	1.8378e-05	2.1131e-10	-10.0	-2.5
235.5	1.8378e-05	2.1154e-10	-10.0	-2.5
236.0	1.8379e-05	2.1137e-10	-10.0	-2.5
236.5	1.838e-05	2.1146e-10	-10.0	-2.5
237.0	1.8382e-05	2.1219e-10	-10.0	-2.5
237.5	1.8381e-05	2.1207e-10	-10.0	-2.5
238.0	1.8382e-05	2.1117e-10	-10.0	-2.5
238.5	1.8383e-05	2.1135e-10	-10.0	-2.5
239.0	1.8382e-05	2.1148e-10	-10.0	-2.5
239.5	1.8384e-05	2.116e-10	-10.0	-2.5
240.0	1.8383e-05	2.5663e-10	-10.0	-2.5
240.5	1.8382e-05	2.8142e-10	-10.0	-2.5
241.0	1.8387e-05	2.8512e-10	-10.0	-2.5
241.5	1.8384e-05	2.8534e-10	-10.0	-2.5
242.0	1.8389e-05	2.8581e-10	-10.0	-2.5
242.5	1.8393e-05	2.854e-10	-10.0	-2.5
243.0	1.8399e-05	2.8527e-10	-10.0	-2.5
243.5	1.8399e-05	2.8466e-10	-10.0	-2.5
244.0	1.84e-05	2.8479e-10	-10.0	-2.5
244.5	1.84e-05	2.839e-10	-10.0	-2.5
245.0	1.8403e-05	2.8349e-10	-10.0	-2.5
245.5	1.8404e-05	2.8359e-10	-10.0	-2.5
246.0	1.8406e-05	2.8315e-10	-10.0	-2.5
246.5	1.8407e-05	2.8254e-10	-10.0	-2.5
247.0	1.8414e-05	2.8212e-10	-10.0	-2.5
247.5	1.8415e-05	2.8266e-10	-10.0	-2.5
248.0	1.8417e-05	2.8142e-10	-10.0	-2.5
248.5	1.8418e-05	2.8186e-10	-10.0	-2.5
249.0	1.8423e-05	2.8115e-10	-10.0	-2.5
249.5	1.8424e-05	2.8139e-10	-10.0	-2.5
250.0	1.8428e-05	2.811e-10	-10.0	-2.5
250.5	1.843e-05	2.8132e-10	-10.0	-2.5
251.0	1.8434e-05	2.8115e-10	-10.0	-2.5
251.5	1.8431e-05	2.8097e-10	-10.0	-2.5
252.0	1.8435e-05	2.8094e-10	-10.0	-2.5
252.5	1.8435e-05	2.8096e-10	-10.0	-2.5
253.0	1.8438e-05	2.805e-10	-10.0	-2.5
253.5	1.8439e-05	2.8099e-10	-10.0	-2.5
254.0	1.8446e-05	2.8084e-10	-10.0	-2.5
254.5	1.8448e-05	2.8096e-10	-10.0	-2.5
255.0	1.8448e-05	2.7987e-10	-10.0	-2.5
255.5	1.8447e-05	2.8037e-10	-10.0	-2.5
256.0	1.8452e-05	2.8014e-10	-10.0	-2.5
256.5	1.8455e-05	2.8052e-10	-10.0	-2.5
257.0	1.8451e-05	2.801e-10	-10.0	-2.5
257.5	1.8453e-05	2.8034e-10	-10.0	-2.5
258.0	1.8456e-05	2.798e-10	-10.0	-2.5
258.5	1.8453e-05	2.7921e-10	-10.0	-2.5
259.0	1.8455e-05	2.8041e-10	-10.0	-2.5
259.5	1.8458e-05	2.8e-10	-10.0	-2.5
260.0	1.8456e-05	2.7928e-10	-10.0	-2.5
260.5	1.8459e-05	2.7979e-10	-10.0	-2.5
261.0	1.8461e-05	2.7966e-10	-10.0	-2.5
261.5	1.8462e-05	2.7974e-10	-10.0	-2.5
262.0	1.8466e-05	2.7886e-10	-10.0	-2.5
262.5	1.8466e-05	2.7905e-10	-10.0	-2.5
263.0	1.8468e-05	2.7947e-10	-10.0	-2.5
263.5	1.847e-05	2.7942e-10	-10.0	-2.5
264.0	1.847e-05	2.7956e-10	-10.0	-2.5
264.5	1.8469e-05	2.7921e-10	-10.0	-2.5
265.0	1.8466e-05	2.7889e-10	-10.0	-2.5
265.5	1.8472e-05	2.7917e-10	-10.0	-2.5
266.0	1.8471e-05	2.7883e-10	-10.0	-2.5
266.5	1.8475e-05	2.7871e-10	-10.0	-2.5
267.0	1.8477e-05	2.7934e-10	-10.0	-2.5
267.5	1.8479e-05	2.7917e-10	-10.0	-2.5
268.0	1.8478e-05	2.7927e-10	-10.0	-2.5
268.5	1.8479e-05	2.7906e-10	-10.0	-2.5
269.0	1.8479e-05	2.787e-10	-10.0	-2.5
269.5	1.8481e-05	2.781e-10	-10.0	-2.5
270.0	1.848e-05	2.7882e-10	-10.0	-2.5
270.5	1.8483e-05	2.7854e-10	-10.0	-2.5
271.0	1.8483e-05	2.7838e-10	-10.0	-2.5
271.5	1.8485e-05	2.7858e-10	-10.0	-2.5
272.0	1.8484e-05	2.7892e-10	-10.0	-2.5
272.5	1.8485e-05	2.7865e-10	-10.0	-2.5
273.0	1.8487e-05	2.7921e-10	-10.0	-2.5
273.5	1.8489e-05	2.786e-10	-10.0	-2.5
274.0	1.8488e-05	2.7842e-10	-10.0	-2.5
274.5	1.8487e-05	2.7869e-10	-10.0	-2.5
275.0	1.849e-05	2.7831e-10	-10.0	-2.5
275.5	1.8489e-05	2.7808e-10	-10.0	-2.5
276.0	1.8488e-05	2.7783e-10	-10.0	-2.5
276.5	1.8493e-05	2.7806e-10	-10.0	-2.5
277.0	1.8493e-05	2.7754e-10	-10.0	-2.5
277.5	1.8493e-05	2.7775e-10	-10.0	-2.5
278.0	1.8495e-05	2.7842e-10	-10.0	-2.5
278.5	1.8494e-05	2.7815e-10	-10.0	-2.5
279.0	1.8495e-05	2.7804e-10	-10.0	-2.5
279.5	1.8495e-05	2.7757e-10	-10.0	-2.5
280.0	1.8494e-05	2.7756e-10	-10.0	-2.5
280.5	1.8497e-05	2.7742e-10	-10.0	-2.5
281.0	1.8501e-05	2.778e-10	-10.0	-2.5
281.5	1.8502e-05	2.7795e-10	-10.0	-2.5
282.0	1.8503e-05	2.7761e-10	-10.0	-2.5
282.5	1.8504e-05	2.7769e-10	-10.0	-2.5
283.0	1.8505e-05	2.7788e-10	-10.0	-2.5
283.5	1.8505e-05	2.7779e-10	-10.0	-2.5
284.0	1.8504e-05	2.772e-10	-10.0	-2.5
284.5	1.8506e-05	2.7733e-10	-10.0	-2.5
285.0	1.8509e-05	2.7763e-10	-10.0	-2.5
285.5	1.851e-05	2.7714e-10	-10.0	-2.5
286.0	1.8509e-05	2.77e-10	-10.0	-2.5
286.5	1.8511e-05	2.7737e-10	-10.0	-2.5
287.0	1.851e-05	2.7741e-10	-10.0	-2.5
287.5	1.8508e-05	2.7729e-10	-10.0	-2.5
288.0	1.8504e-05	2.773e-10	-10.0	-2.5
288.5	1.8504e-05	2.7709e-10	-10.0	-2.5
289.0	1.8502e-05	2.7701e-10	-10.0	-2.5
289.5	1.8505e-05	2.7694e-10	-10.0	-2.5
290.0	1.8507e-05	2.7696e-10	-10.0	-2.5
290.5	1.8507e-05	2.7732e-10	-10.0	-2.5
291.0	1.8503e-05	2.7658e-10	-10.0	-2.5
291.5	1.8506e-05	2.7627e-10	-10.0	-2.5
292.0	1.8504e-05	2.7678e-10	-10.0	-2.5
292.5	1.8503e-05	2.7641e-10	-10.0	-2.5
293.0	1.8508e-05	2.7655e-10	-10.0	-2.5
293.5	1.8509e-05	2.7634e-10	-10.0	-2.5
294.0	1.8508e-05	2.763e-10	-10.0	-2.5
294.5	1.851e-05	2.7677e-10	-10.0	-2.5
295.0	1.851e-05	2.7594e-10	-10.0	-2.5
295.5	1.8509e-05	2.7675e-10	-10.0	-2.5
296.0	1.851e-05	2.7687e-10	-10.0	-2.5
296.5	1.851e-05	2.7643e-10	-10.0	-2.5
297.0	1.8513e-05	2.7599e-10	-10.0	-2.5
297.5	1.8517e-05	2.7646e-10	-10.0	-2.5
298.0	1.8515e-05	2.7606e-10	-10.0	-2.5
298.5	1.8516e-05	2.7642e-10	-10.0	-2.5
299.0	1.852e-05	2.7638e-10	-10.0	-2.5
299.5	1.8517e-05	2.7648e-10	-10.0	-2.5
300.0	1.8515e-05	2.6061e-10	-10.0	-2.5
300.5	1.852e-05	2.1178e-10	-10.0	-2.5
301.0	1.8518e-05	2.0695e-10	-10.0	-2.5
301.5	1.852e-05	2.0621e-10	-10.0	-2.5
302.0	1.8518e-05	2.0548e-10	-10.0	-2.5
302.5	1.8514e-05	2.0534e-10	-10.0	-2.5
303.0	1.8512e-05	2.0587e-10	-10.0	-2.5
303.5	1.8511e-05	2.0511e-10	-10.0	-2.5
304.0	1.8512e-05	2.0553e-10	-10.0	-2.5
304.5	1.8512e-05	2.06e-10	-10.0	-2.5
305.0	1.8506e-05	2.0598e-10	-10.0	-2.5
305.5	1.8506e-05	2.0605e-10	-10.0	-2.5
306.0	1.8509e-05	2.0591e-10	-10.0	-2.5
306.5	1.8509e-05	2.0664e-10	-10.0	-2.5
307.0	1.8512e-05	2.0664e-10	-10.0	-2.5
307.5	1.8509e-05	2.0671e-10	-10.0	-2.5
308.0	1.8509e-05	2.0664e-10	-10.0	-2.5
308.5	1.8509e-05	2.0652e-10	-10.0	-2.5
309.0	1.851e-05	2.0672e-10	-10.0	-2.5
309.5	1.8513e-05	2.0635e-10	-10.0	-2.5
310.0	1.8511e-05	2.0657e-10	-10.0	-2.5
310.5	1.8509e-05	2.0694e-10	-10.0	-2.5
311.0	1.8512e-05	2.0746e-10	-10.0	-2.5
311.5	1.8511e-05	2.0704e-10	-10.0	-2.5
312.0	1.8508e-05	2.0694e-10	-10.0	-2.5
312.5	1.8507e-05	2.0732e-10	-10.0	-2.5
313.0	1.8507e-05	2.0686e-10	-10.0	-2.5
313.5	1.8509e-05	2.073e-10	-10.0	-2.5
314.0	1.8511e-05	2.0743e-10	-10.0	-2.5
314.5	1.8513e-05	2.0731e-10	-10.0	-2.5
315.0	1.8513e-05	2.069e-10	-10.0	-2.5
315.5	1.8513e-05	2.0728e-10	-10.0	-2.5
316.0	1.851e-05	2.0764e-10	-10.0	-2.5
316.5	1.8512e-05	2.0742e-10	-10.0	-2.5
317.0	1.8511e-05	2.077e-10	-10.0	-2.5
317.5	1.8513e-05	2.0775e-10	-10.0	-2.5
318.0	1.8514e-05	2.0799e-10	-10.0	-2.5
318.5	1.8512e-05	2.0769e-10	-10.0	-2.5
319.0	1.8512e-05	2.0773e-10	-10.0	-2.5
319.5	1.8511e-05	2.08e-10	-10.0	-2.5
320.0	1.851e-05	2.079e-10	-10.0	-2.5
320.5	1.8508e-05	2.0784e-10	-10.0	-2.5
321.0	1.8511e-05	2.0769e-10	-10.0	-2.5
321.5	1.851e-05	2.0761e-10	-10.0	-2.5
322.0	1.8508e-05	2.0828e-10	-10.0	-2.5
322.5	1.8509e-05	2.0809e-10	-10.0	-2.5
323.0	1.851e-05	2.0827e-10	-10.0	-2.5
323.5	1.8507e-05	2.0811e-10	-10.0	-2.5
324.0	1.8506e-05	2.0834e-10	-10.0	-2.5
324.5	1.851e-05	2.0835e-10	-10.0	-2.5
325.0	1.851e-05	2.0826e-10	-10.0	-2.5
325.5	1.8506e-05	2.081e-10	-10.0	-2.5
326.0	1.851e-05	2.0804e-10	-10.0	-2.5
326.5	1.8509e-05	2.086e-10	-10.0	-2.5
327.0	1.8505e-05	2.0823e-10	-10.0	-2.5
327.5	1.8507e-05	2.0856e-10	-10.0	-2.5
328.0	1.8507e-05	2.0883e-10	-10.0	-2.5
328.5	1.8507e-05	2.0871e-10	-10.0	-2.5
329.0	1.8505e-05	2.09e-10	-10.0	-2.5
329.5	1.8508e-05	2.0909e-10	-10.0	-2.5
330.0	1.8509e-05	2.0852e-10	-10.0	-2.5
330.5	1.851e-05	2.0879e-10	-10.0	-2.5
331.0	1.851e-05	2.0886e-10	-10.0	-2.5
331.5	1.8515e-05	2.0852e-10	-10.0	-2.5
332.0	1.8509e-05	2.0881e-10	-10.0	-2.5
332.5	1.8511e-05	2.0859e-10	-10.0	-2.5
333.0	1.8512e-05	2.0896e-10	-10.0	-2.5
333.5	1.8511e-05	2.0888e-10	-10.0	-2.5
334.0	1.8512e-05	2.0912e-10	-10.0	-2.5
334.5	1.851e-05	2.0938e-10	-10.0	-2.5
335.0	1.8513e-05	2.0923e-10	-10.0	-2.5
335.5	1.8512e-05	2.0916e-10	-10.0	-2.5
336.0	1.8511e-05	2.0933e-10	-10.0	-2.5
336.5	1.8514e-05	2.0868e-10	-10.0	-2.5
337.0	1.8515e-05	2.0937e-10	-10.0	-2.5
337.5	1.8518e-05	2.0956e-10	-10.0	-2.5
338.0	1.8517e-05	2.0966e-10	-10.0	-2.5
338.5	1.8517e-05	2.0974e-10	-10.0	-2.5
339.0	1.8518e-05	2.0956e-10	-10.0	-2.5
339.5	1.8518e-05	2.0939e-10	-10.0	-2.5
340.0	1.8519e-05	2.0951e-10	-10.0	-2.5
340.5	1.852e-05	2.0995e-10	-10.0	-2.5
341.0	1.8523e-05	2.0997e-10	-10.0	-2.5
341.5	1.8523e-05	2.0946e-10	-10.0	-2.5
342.0	1.8524e-05	2.0945e-10	-10.0	-2.5
342.5	1.8523e-05	2.0993e-10	-10.0	-2.5
343.0	1.852e-05	2.1034e-10	-10.0	-2.5
343.5	1.8527e-05	2.0971e-10	-10.0	-2.5
344.0	1.8525e-05	2.1e-10	-10.0	-2.5
344.5	1.8528e-05	2.1049e-10	-10.0	-2.5
345.0	1.8529e-05	2.0997e-10	-10.0	-2.5
345.5	1.8526e-05	2.0969e-10	-10.0	-2.5
346.0	1.8528e-05	2.1038e-10	-10.0	-2.5
346.5	1.853e-05	2.0961e-10	-10.0	-2.5
347.0	1.853e-05	2.1006e-10	-10.0	-2.5
347.5	1.8532e-05	2.1022e-10	-10.0	-2.5
348.0	1.8532e-05	2.1014e-10	-10.0	-2.5
348.5	1.8533e-05	2.0985e-10	-10.0	-2.5
349.0	1.8532e-05	2.0971e-10	-10.0	-2.5
349.5	1.8535e-05	2.103e-10	-10.0	-2.5
350.0	1.8532e-05	2.105e-10	-10.0	-2.5
350.5	1.8533e-05	2.1043e-10	-10.0	-2.5
351.0	1.8531e-05	2.1025e-10	-10.0	-2.5
351.5	1.8533e-05	2.1028e-10	-10.0	-2.5
352.0	1.8537e-05	2.1035e-10	-10.0	-2.5
352.5	1.8537e-05	2.1004e-10	-10.0	-2.5
353.0	1.8535e-05	2.1017e-10	-10.0	-2.5
353.5	1.8534e-05	2.1001e-10	-10.0	-2.5
354.0	1.8537e-05	2.1066e-10	-10.0	-2.5
354.5	1.8538e-05	2.1003e-10	-10.0	-2.5
355.0	1.8538e-05	2.101e-10	-10.0	-2.5
355.5	1.8537e-05	2.1059e-10	-10.0	-2.5
356.0	1.8538e-05	2.1027e-10	-10.0	-2.5
356.5	1.8541e-05	2.1047e-10	-10.0	-2.5
357.0	1.8539e-05	2.1026e-10	-10.0	-2.5
357.5	1.854e-05	2.1091e-10	-10.0	-2.5
358.0	1.8543e-05	2.103e-10	-10.0	-2.5
358.5	1.8542e-05	2.1098e-10	-10.0	-2.5
359.0	1.8543e-05	2.1055e-10	-10.0	-2.5
359.5	1.854e-05	2.1068e-10	-10.0	-2.5
360.0	1.8544e-05	2.4648e-10	-10.0	-2.5
360.5	1.8548e-05	2.8021e-10	-10.0	-2.5
361.0	1.8552e-05	2.8389e-10	-10.0	-2.5
361.5	1.8548e-05	2.845e-10	-10.0	-2.5
362.0	1.8551e-05	2.849e-10	-10.0	-2.5
362.5	1.8556e-05	2.8443e-10	-10.0	-2.5
363.0	1.856e-05	2.8386e-10	-10.0	-2.5
363.5	1.8559e-05	2.832e-10	-10.0	-2.5
364.0	1.8559e-05	2.8391e-10	-10.0	-2.5
364.5	1.8561e-05	2.8331e-10	-10.0	-2.5
365.0	1.8561e-05	2.8251e-10	-10.0	-2.5
365.5	1.8563e-05	2.8166e-10	-10.0	-2.5
366.0	1.8566e-05	2.8195e-10	-10.0	-2.5
366.5	1.857e-05	2.8101e-10	-10.0	-2.5
367.0	1.857e-05	2.8109e-10	-10.0	-2.5
367.5	1.8566e-05	2.8121e-10	-10.0	-2.5
368.0	1.8573e-05	2.8074e-10	-10.0	-2.5
368.5	1.8571e-05	2.8053e-10	-10.0	-2.5
369.0	1.8576e-05	2.7998e-10	-10.0	-2.5
369.5	1.8575e-05	2.7978e-10	-10.0	-2.5
370.0	1.8576e-05	2.8035e-10	-10.0	-2.5
370.5	1.8577e-05	2.7948e-10	-10.0	-2.5
371.0	1.8581e-05	2.799e-10	-10.0	-2.5
371.5	1.8583e-05	2.7967e-10	-10.0	-2.5
372.0	1.8585e-05	2.798e-10	-10.0	-2.5
372.5	1.8585e-05	2.7948e-10	-10.0	-2.5
373.0	1.8587e-05	2.7979e-10	-10.0	-2.5
373.5	1.8585e-05	2.7917e-10	-10.0	-2.5
374.0	1.8587e-05	2.7966e-10	-10.0	-2.5
374.5	1.8586e-05	2.7948e-10	-10.0	-2.5
375.0	1.8589e-05	2.7877e-10	-10.0	-2.5
375.5	1.8588e-05	2.7881e-10	-10.0	-2.5
376.0	1.8591e-05	2.7918e-10	-10.0	-2.5
376.5	1.859e-05	2.7921e-10	-10.0	-2.5
377.0	1.8592e-05	2.79e-10	-10.0	-2.5
377.5	1.8594e-05	2.7944e-10	-10.0	-2.5
378.0	1.8593e-05	2.7899e-10	-10.0	-2.5
378.5	1.8597e-05	2.7893e-10	-10.0	-2.5
379.0	1.8599e-05	2.7898e-10	-10.0	-2.5
379.5	1.8598e-05	2.7882e-10	-10.0	-2.5
380.0	1.8598e-05	2.7905e-10	-10.0	-2.5
380.5	1.8596e-05	2.7868e-10	-10.0	-2.5
381.0	1.8597e-05	2.7857e-10	-10.0	-2.5
381.5	1.86e-05	2.7834e-10	-10.0	-2.5
382.0	1.86e-05	2.7855e-10	-10.0	-2.5
382.5	1.86e-05	2.7882e-10	-10.0	-2.5
383.0	1.8601e-05	2.7867e-10	-10.0	-2.5
383.5	1.8604e-05	2.7852e-10	-10.0	-2.5
384.0	1.8603e-05	2.7849e-10	-10.0	-2.5
384.5	1.8603e-05	2.7796e-10	-10.0	-2.5
385.0	1.8606e-05	2.7805e-10	-10.0	-2.5
385.5	1.8608e-05	2.7847e-10	-10.0	-2.5
386.0	1.8608e-05	2.7815e-10	-10.0	-2.5
386.5	1.8607e-05	2.7804e-10	-10.0	-2.5
387.0	1.8605e-05	2.7764e-10	-10.0	-2.5
387.5	1.8603e-05	2.7779e-10	-10.0	-2.5
388.0	1.8604e-05	2.7797e-10	-10.0	-2.5
388.5	1.8603e-05	2.7787e-10	-10.0	-2.5
389.0	1.8603e-05	2.779e-10	-10.0	-2.5
389.5	1.8607e-05	2.7781e-10	-10.0	-2.5
390.0	1.8605e-05	2.7758e-10	-10.0	-2.5
390.5	1.8605e-05	2.7763e-10	-10.0	-2.5
391.0	1.8608e-05	2.777e-10	-10.0	-2.5
391.5	1.8605e-05	2.7758e-10	-10.0	-2.5
392.0	1.8607e-05	2.7697e-10	-10.0	-2.5
392.5	1.8608e-05	2.7736e-10	-10.0	-2.5
393.0	1.8609e-05	2.7798e-10	-10.0	-2.5
393.5	1.8609e-05	2.7727e-10	-10.0	-2.5
394.0	1.8608e-05	2.7777e-10	-10.0	-2.5
394.5	1.8612e-05	2.7706e-10	-10.0	-2.5
395.0	1.8614e-05	2.7715e-10	-10.0	-2.5
395.5	1.8613e-05	2.7732e-10	-10.0	-2.5
396.0	1.8615e-05	2.7692e-10	-10.0	-2.5
396.5	1.8614e-05	2.774e-10	-10.0	-2.5
397.0	1.8616e-05	2.767e-10	-10.0	-2.5
397.5	1.8615e-05	2.7753e-10	-10.0	-2.5
398.0	1.8616e-05	2.7707e-10	-10.0	-2.5
398.5	1.8617e-05	2.7698e-10	-10.0	-2.5
399.0	1.8618e-05	2.7702e-10	-10.0	-2.5
399.5	1.8619e-05	2.7708e-10	-10.0	-2.5
400.0	1.8618e-05	2.7717e-10	-10.0	-2.5
400.5	1.8618e-05	2.7724e-10	-10.0	-2.5
401.0	1.8618e-05	2.7689e-10	-10.0	-2.5
401.5	1.862e-05	2.7713e-10	-10.0	-2.5
402.0	1.8617e-05	2.7643e-10	-10.0	-2.5
402.5	1.8621e-05	2.7674e-10	-10.0	-2.5
403.0	1.8619e-05	2.7629e-10	-10.0	-2.5
403.5	1.8622e-05	2.7633e-10	-10.0	-2.5
404.0	1.862e-05	2.7706e-10	-10.0	-2.5
404.5	1.8623e-05	2.7622e-10	-10.0	-2.5
405.0	1.8623e-05	2.7591e-10	-10.0	-2.5
405.5	1.8622e-05	2.762e-10	-10.0	-2.5
406.0	1.8623e-05	2.7593e-10	-10.0	-2.5
406.5	1.8621e-05	2.7603e-10	-10.0	-2.5
407.0	1.8623e-05	2.755e-10	-10.0	-2.5
407.5	1.8624e-05	2.7556e-10	-10.0	-2.5
408.0	1.8625e-05	2.7602e-10	-10.0	-2.5
408.5	1.8625e-05	2.762e-10	-10.0	-2.5
409.0	1.8628e-05	2.7598e-10	-10.0	-2.5
409.5	1.8629e-05	2.7584e-10	-10.0	-2.5
410.0	1.8629e-05	2.7572e-10	-10.0	-2.5
410.5	1.863e-05	2.761e-10	-10.0	-2.5
411.0	1.863e-05	2.7582e-10	-10.0	-2.5
411.5	1.8625e-05	2.7568e-10	-10.0	-2.5
412.0	1.8625e-05	2.7616e-10	-10.0	-2.5
412.5	1.8627e-05	2.7604e-10	-10.0	-2.5
413.0	1.8628e-05	2.7561e-10	-10.0	-2.5
413.5	1.8629e-05	2.7537e-10	-10.0	-2.5
414.0	1.8632e-05	2.7545e-10	-10.0	-2.5
414.5	1.8629e-05	2.7576e-10	-10.0	-2.5
415.0	1.8631e-05	2.7558e-10	-10.0	-2.5
415.5	1.8629e-05	2.7503e-10	-10.0	-2.5
416.0	1.8629e-05	2.7585e-10	-10.0	-2.5
416.5	1.8632e-05	2.7471e-10	-10.0	-2.5
417.0	1.8633e-05	2.7482e-10	-10.0	-2.5
417.5	1.8631e-05	2.7563e-10	-10.0	-2.5
418.0	1.8633e-05	2.7498e-10	-10.0	-2.5
418.5	1.863e-05	2.7466e-10	-10.0	-2.5
419.0	1.8628e-05	2.7552e-10	-10.0	-2.5
419.5	1.8632e-05	2.7551e-10	-10.0	-2.5
420.0	1.8629e-05	2.648e-10	-10.0	-2.5
420.5	1.863e-05	2.1128e-10	-10.0	-2.5
421.0	1.8631e-05	2.06e-10	-10.0	-2.5
421.5	1.8627e-05	2.051e-10	-10.0	-2.5
422.0	1.8628e-05	2.043e-10	-10.0	-2.5
422.5	1.8629e-05	2.0416e-10	-10.0	-2.5
423.0	1.8627e-05	2.0458e-10	-10.0	-2.5
423.5	1.8624e-05	2.0437e-10	-10.0	-2.5
424.0	1.8625e-05	2.0466e-10	-10.0	-2.5
424.5	1.8627e-05	2.0564e-10	-10.0	-2.5
425.0	1.8624e-05	2.0544e-10	-10.0	-2.5
425.5	1.8624e-05	2.0523e-10	-10.0	-2.5
426.0	1.8621e-05	2.0493e-10	-10.0	-2.5
426.5	1.8622e-05	2.0565e-10	-10.0	-2.5
427.0	1.8623e-05	2.0538e-10	-10.0	-2.5
427.5	1.8623e-05	2.0512e-10	-10.0	-2.5
428.0	1.8621e-05	2.0591e-10	-10.0	-2.5
428.5	1.8617e-05	2.0581e-10	-10.0	-2.5
429.0	1.8619e-05	2.0544e-10	-10.0	-2.5
429.5	1.8617e-05	2.0553e-10	-10.0	-2.5
430.0	1.8617e-05	2.0546e-10	-10.0	-2.5
430.5	1.8616e-05	2.0602e-10	-10.0	-2.5
431.0	1.8615e-05	2.0585e-10	-10.0	-2.5
431.5	1.8616e-05	2.0568e-10	-10.0	-2.5
432.0	1.8614e-05	2.0637e-10	-10.0	-2.5
432.5	1.8616e-05	2.0651e-10	-10.0	-2.5
433.0	1.8616e-05	2.0645e-10	-10.0	-2.5
433.5	1.8612e-05	2.0645e-10	-10.0	-2.5
434.0	1.8616e-05	2.0599e-10	-10.0	-2.5
434.5	1.8615e-05	2.0647e-10	-10.0	-2.5
435.0	1.8615e-05	2.0633e-10	-10.0	-2.5
435.5	1.8619e-05	2.0646e-10	-10.0	-2.5
436.0	1.8617e-05	2.0639e-10	-10.0	-2.5
436.5	1.8619e-05	2.068e-10	-10.0	-2.5
437.0	1.862e-05	2.0664e-10	-10.0	-2.5
437.5	1.8617e-05	2.0655e-10	-10.0	-2.5
438.0	1.8617e-05	2.0628e-10	-10.0	-2.5
438.5	1.8616e-05	2.0687e-10	-10.0	-2.5
439.0	1.8619e-05	2.0643e-10	-10.0	-2.5
439.5	1.8617e-05	2.0706e-10	-10.0	-2.5
440.0	1.8618e-05	2.0712e-10	-10.0	-2.5
440.5	1.862e-05	2.0629e-10	-10.0	-2.5
441.0	1.8618e-05	2.0637e-10	-10.0	-2.5
441.5	1.8619e-05	2.0708e-10	-10.0	-2.5
442.0	1.8619e-05	2.0706e-10	-10.0	-2.5
442.5	1.8617e-05	2.0708e-10	-10.0	-2.5
443.0	1.8618e-05	2.074e-10	-10.0	-2.5
443.5	1.8618e-05	2.0756e-10	-10.0	-2.5
444.0	1.8617e-05	2.0723e-10	-10.0	-2.5
444.5	1.8621e-05	2.0778e-10	-10.0	-2.5
445.0	1.862e-05	2.0744e-10	-10.0	-2.5
445.5	1.8614e-05	2.0742e-10	-10.0	-2.5
446.0	1.8616e-05	2.0778e-10	-10.0	-2.5
446.5	1.8616e-05	2.0739e-10	-10.0	-2.5
447.0	1.8616e-05	2.0752e-10	-10.0	-2.5
447.5	1.862e-05	2.0763e-10	-10.0	-2.5
448.0	1.862e-05	2.0788e-10	-10.0	-2.5
448.5	1.862e-05	2.0768e-10	-10.0	-2.5
449.0	1.862e-05	2.0799e-10	-10.0	-2.5
449.5	1.8621e-05	2.0797e-10	-10.0	-2.5
450.0	1.8618e-05	2.0752e-10	-10.0	-2.5
450.5	1.8624e-05	2.0862e-10	-10.0	-2.5
451.0	1.8624e-05	2.0785e-10	-10.0	-2.5
451.5	1.8624e-05	2.0776e-10	-10.0	-2.5
452.0	1.8622e-05	2.0792e-10	-10.0	-2.5
452.5	1.862e-05	2.079e-10	-10.0	-2.5
453.0	1.8622e-05	2.0762e-10	-10.0	-2.5
453.5	1.8625e-05	2.0827e-10	-10.0	-2.5
454.0	1.8622e-05	2.0789e-10	-10.0	-2.5
454.5	1.8625e-05	2.0853e-10	-10.0	-2.5
455.0	1.8627e-05	2.0807e-10	-10.0	-2.5
455.5	1.8625e-05	2.0794e-10	-10.0	-2.5
456.0	1.8624e-05	2.0825e-10	-10.0	-2.5
456.5	1.8623e-05	2.085e-10	-10.0	-2.5
457.0	1.8623e-05	2.0815e-10	-10.0	-2.5
457.5	1.8623e-05	2.09e-10	-10.0	-2.5
458.0	1.8627e-05	2.0853e-10	-10.0	-2.5
458.5	1.8628e-05	2.0866e-10	-10.0	-2.5
459.0	1.8625e-05	2.0888e-10	-10.0	-2.5
459.5	1.8627e-05	2.0902e-10	-10.0	-2.5
460.0	1.8625e-05	2.0829e-10	-10.0	-2.5
460.5	1.8628e-05	2.0894e-10	-10.0	-2.5
461.0	1.8626e-05	2.0845e-10	-10.0	-2.5
461.5	1.8629e-05	2.0907e-10	-10.0	-2.5
462.0	1.863e-05	2.0926e-10	-10.0	-2.5
462.5	1.8629e-05	2.0891e-10	-10.0	-2.5
463.0	1.8627e-05	2.0853e-10	-10.0	-2.5
463.5	1.8626e-05	2.0848e-10	-10.0	-2.5
464.0	1.863e-05	2.0921e-10	-10.0	-2.5
464.5	1.863e-05	2.0931e-10	-10.0	-2.5
465.0	1.8633e-05	2.0858e-10	-10.0	-2.5
465.5	1.8636e-05	2.091e-10	-10.0	-2.5
466.0	1.8635e-05	2.0858e-10	-10.0	-2.5
466.5	1.8634e-05	2.0927e-10	-10.0	-2.5
467.0	1.8634e-05	2.0986e-10	-10.0	-2.5
467.5	1.8636e-05	2.0923e-10	-10.0	-2.5
468.0	1.8638e-05	2.0916e-10	-10.0	-2.5
468.5	1.8637e-05	2.0988e-10	-10.0	-2.5
469.0	1.8638e-05	2.0882e-10	-10.0	-2.5
469.5	1.8635e-05	2.0897e-10	-10.0	-2.5
470.0	1.8638e-05	2.0964e-10	-10.0	-2.5
470.5	1.8638e-05	2.0922e-10	-10.0	-2.5
471.0	1.8639e-05	2.0973e-10	-10.0	-2.5
471.5	1.864e-05	2.0991e-10	-10.0	-2.5
472.0	1.8642e-05	2.0943e-10	-10.0	-2.5
472.5	1.8641e-05	2.0995e-10	-10.0	-2.5
473.0	1.8641e-05	2.0984e-10	-10.0	-2.5
473.5	1.8639e-05	2.0975e-10	-10.0	-2.5
474.0	1.8641e-05	2.0993e-10	-10.0	-2.5
474.5	1.8641e-05	2.0994e-10	-10.0	-2.5
475.0	1.8642e-05	2.0917e-10	-10.0	-2.5
475.5	1.8644e-05	2.0921e-10	-10.0	-2.5
476.0	1.8641e-05	2.0943e-10	-10.0	-2.5
476.5	1.864e-05	2.0983e-10	-10.0	-2.5
477.0	1.8644e-05	2.099e-10	-10.0	-2.5
477.5	1.8644e-05	2.1006e-10	-10.0	-2.5
478.0	1.864e-05	2.1004e-10	-10.0	-2.5
478.5	1.8641e-05	2.1003e-10	-10.0	-2.5
479.0	1.8643e-05	2.1012e-10	-10.0	-2.5
479.5	1.8642e-05	2.096e-10	-10.0	-2.5
480.0	1.8644e-05	2.3982e-10	-10.0	-2.5
480.5	1.8644e-05	2.7849e-10	-10.0	-2.5
481.0	1.8646e-05	2.8272e-10	-10.0	-2.5
481.5	1.8644e-05	2.8301e-10	-10.0	-2.5
482.0	1.8653e-05	2.8368e-10	-10.0	-2.5
482.5	1.8648e-05	2.8341e-10	-10.0	-2.5
483.0	1.8654e-05	2.8301e-10	-10.0	-2.5
483.5	1.8654e-05	2.8301e-10	-10.0	-2.5
484.0	1.8656e-05	2.8266e-10	-10.0	-2.5
484.5	1.8656e-05	2.8192e-10	-10.0	-2.5
485.0	1.8656e-05	2.8181e-10	-10.0	-2.5
485.5	1.8656e-05	2.813e-10	-10.0	-2.5
486.0	1.8661e-05	2.8109e-10	-10.0	-2.5
486.5	1.8663e-05	2.803e-10	-10.0	-2.5
487.0	1.8664e-05	2.803e-10	-10.0	-2.5
487.5	1.8663e-05	2.7983e-10	-10.0	-2.5
488.0	1.867e-05	2.8043e-10	-10.0	-2.5
488.5	1.8669e-05	2.7965e-10	-10.0	-2.5
489.0	1.8672e-05	2.7968e-10	-10.0	-2.5
489.5	1.8673e-05	2.7955e-10	-10.0	-2.5
490.0	1.8676e-05	2.7928e-10	-10.0	-2.5
490.5	1.8677e-05	2.7921e-10	-10.0	-2.5
491.0	1.8679e-05	2.7884e-10	-10.0	-2.5
491.5	1.8678e-05	2.7884e-10	-10.0	-2.5
492.0	1.8679e-05	2.7905e-10	-10.0	-2.5
492.5	1.8679e-05	2.7938e-10	-10.0	-2.5
493.0	1.8679e-05	2.7882e-10	-10.0	-2.5
493.5	1.8682e-05	2.7888e-10	-10.0	-2.5
494.0	1.868e-05	2.7927e-10	-10.0	-2.5
494.5	1.8684e-05	2.7863e-10	-10.0	-2.5
495.0	1.8685e-05	2.79e-10	-10.0	-2.5
495.5	1.8685e-05	2.7817e-10	-10.0	-2.5
496.0	1.8685e-05	2.7922e-10	-10.0	-2.5
496.5	1.8686e-05	2.7869e-10	-10.0	-2.5
497.0	1.8688e-05	2.7863e-10	-10.0	-2.5
497.5	1.8688e-05	2.7828e-10	-10.0	-2.5
498.0	1.8685e-05	2.7842e-10	-10.0	-2.5
498.5	1.8688e-05	2.7888e-10	-10.0	-2.5
499.0	1.8688e-05	2.7819e-10	-10.0	-2.5
499.5	1.869e-05	2.7834e-10	-10.0	-2.5
500.0	1.8692e-05	2.78e-10	-10.0	-2.5
500.5	1.8688e-05	2.7823e-10	-10.0	-2.5
501.0	1.8689e-05	2.7834e-10	-10.0	-2.5
501.5	1.8693e-05	2.7824e-10	-10.0	-2.5
502.0	1.8697e-05	2.7798e-10	-10.0	-2.5
502.5	1.8694e-05	2.783e-10	-10.0	-2.5
503.0	1.8696e-05	2.7801e-10	-10.0	-2.5
503.5	1.8696e-05	2.7784e-10	-10.0	-2.5
504.0	1.8692e-05	2.7761e-10	-10.0	-2.5
504.5	1.8695e-05	2.773e-10	-10.0	-2.5
505.0	1.8694e-05	2.7742e-10	-10.0	-2.5
505.5	1.8697e-05	2.7715e-10	-10.0	-2.5
506.0	1.8695e-05	2.7729e-10	-10.0	-2.5
506.5	1.87e-05	2.773e-10	-10.0	-2.5
507.0	1.87e-05	2.7764e-10	-10.0	-2.5
507.5	1.8702e-05	2.7759e-10	-10.0	-2.5
508.0	1.8699e-05	2.7713e-10	-10.0	-2.5
508.5	1.8701e-05	2.7732e-10	-10.0	-2.5
509.0	1.8707e-05	2.7729e-10	-10.0	-2.5
509.5	1.8701e-05	2.7707e-10	-10.0	-2.5
510.0	1.8705e-05	2.7682e-10	-10.0	-2.5
510.5	1.8702e-05	2.7732e-10	-10.0	-2.5
511.0	1.8699e-05	2.7663e-10	-10.0	-2.5
511.5	1.8702e-05	2.7635e-10	-10.0	-2.5
512.0	1.8699e-05	2.7689e-10	-10.0	-2.5
512.5	1.8702e-05	2.767e-10	-10.0	-2.5
513.0	1.8702e-05	2.7625e-10	-10.0	-2.5
513.5	1.8702e-05	2.7703e-10	-10.0	-2.5
514.0	1.8704e-05	2.7648e-10	-10.0	-2.5
514.5	1.8702e-05	2.7672e-10	-10.0	-2.5
515.0	1.8701e-05	2.7613e-10	-10.0	-2.5
515.5	1.8703e-05	2.7653e-10	-10.0	-2.5
516.0	1.8701e-05	2.7708e-10	-10.0	-2.5
516.5	1.8702e-05	2.7657e-10	-10.0	-2.5
517.0	1.8703e-05	2.767e-10	-10.0	-2.5
517.5	1.8706e-05	2.7678e-10	-10.0	-2.5
518.0	1.8708e-05	2.7606e-10	-10.0	-2.5
518.5	1.8708e-05	2.7634e-10	-10.0	-2.5
519.0	1.8708e-05	2.7632e-10	-10.0	-2.5
519.5	1.8712e-05	2.7661e-10	-10.0	-2.5
520.0	1.871e-05	2.7643e-10	-10.0	-2.5
520.5	1.871e-05	2.7619e-10	-10.0	-2.5
521.0	1.871e-05	2.7641e-10	-10.0	-2.5
521.5	1.871e-05	2.7659e-10	-10.0	-2.5
522.0	1.8711e-05	2.7665e-10	-10.0	-2.5
522.5	1.8713e-05	2.7644e-10	-10.0	-2.5
523.0	1.8715e-05	2.7578e-10	-10.0	-2.5
523.5	1.8716e-05	2.7608e-10	-10.0	-2.5
524.0	1.8718e-05	2.7573e-10	-10.0	-2.5
524.5	1.8718e-05	2.7532e-10	-10.0	-2.5
525.0	1.8714e-05	2.7588e-10	-10.0	-2.5
525.5	1.8717e-05	2.7534e-10	-10.0	-2.5
526.0	1.8716e-05	2.7549e-10	-10.0	-2.5
526.5	1.8713e-05	2.7566e-10	-10.0	-2.5
527.0	1.8715e-05	2.7551e-10	-10.0	-2.5
527.5	1.8712e-05	2.7566e-10	-10.0	-2.5
528.0	1.871e-05	2.7552e-10	-10.0	-2.5
528.5	1.8711e-05	2.7601e-10	-10.0	-2.5
529.0	1.8713e-05	2.7508e-10	-10.0	-2.5
529.5	1.8711e-05	2.7513e-10	-10.0	-2.5
530.0	1.871e-05	2.7526e-10	-10.0	-2.5
530.5	1.8709e-05	2.7615e-10	-10.0	-2.5
531.0	1.8711e-05	2.7549e-10	-10.0	-2.5
531.5	1.8709e-05	2.7482e-10	-10.0	-2.5
532.0	1.8709e-05	2.7559e-10	-10.0	-2.5
532.5	1.8711e-05	2.7555e-10	-10.0	-2.5
533.0	1.8711e-05	2.7525e-10	-10.0	-2.5
533.5	1.871e-05	2.7553e-10	-10.0	-2.5
534.0	1.8707e-05	2.7516e-10	-10.0	-2.5
534.5	1.8712e-05	2.7504e-10	-10.0	-2.5
535.0	1.8715e-05	2.7237e-10	-10.0	-2.5
535.5	1.8715e-05	2.757e-10	-10.0	-2.5
536.0	1.8718e-05	2.7481e-10	-10.0	-2.5
536.5	1.8721e-05	2.7456e-10	-10.0	-2.5
537.0	1.872e-05	2.7501e-10	-10.0	-2.5
537.5	1.872e-05	2.7478e-10	-10.0	-2.5
538.0	1.872e-05	2.7478e-10	-10.0	-2.5
538.5	1.872e-05	2.7484e-10	-10.0	-2.5
539.0	1.8718e-05	2.7446e-10	-10.0	-2.5
539.5	1.8717e-05	2.7502e-10	-10.0	-2.5
540.0	1.8722e-05	2.6831e-10	-10.0	-2.5
540.5	1.8719e-05	2.1188e-10	-10.0	-2.5
541.0	1.8719e-05	2.0549e-10	-10.0	-2.5
541.5	1.8716e-05	2.0438e-10	-10.0	-2.5
542.0	1.8713e-05	2.0421e-10	-10.0	-2.5
542.5	1.8716e-05	2.0447e-10	-10.0	-2.5
543.0	1.8715e-05	2.0415e-10	-10.0	-2.5
543.5	1.8715e-05	2.0478e-10	-10.0	-2.5
544.0	1.871e-05	2.0421e-10	-10.0	-2.5
544.5	1.8711e-05	2.0472e-10	-10.0	-2.5
545.0	1.871e-05	2.0509e-10	-10.0	-2.5
545.5	1.8711e-05	2.0508e-10	-10.0	-2.5
546.0	1.8712e-05	2.05e-10	-10.0	-2.5
546.5	1.8713e-05	2.0496e-10	-10.0	-2.5
547.0	1.8714e-05	2.0504e-10	-10.0	-2.5
547.5	1.8716e-05	2.0563e-10	-10.0	-2.5
548.0	1.8714e-05	2.0555e-10	-10.0	-2.5
548.5	1.8713e-05	2.0549e-10	-10.0	-2.5
549.0	1.8714e-05	2.0575e-10	-10.0	-2.5
549.5	1.8713e-05	2.0558e-10	-10.0	-2.5
550.0	1.8712e-05	2.0541e-10	-10.0	-2.5
550.5	1.871e-05	2.0535e-10	-10.0	-2.5
551.0	1.871e-05	2.0626e-10	-10.0	-2.5
551.5	1.8709e-05	2.0589e-10	-10.0	-2.5
552.0	1.8708e-05	2.0595e-10	-10.0	-2.5
552.5	1.871e-05	2.0606e-10	-10.0	-2.5
553.0	1.8709e-05	2.0646e-10	-10.0	-2.5
553.5	1.8708e-05	2.0604e-10	-10.0	-2.5
554.0	1.8706e-05	2.0634e-10	-10.0	-2.5
554.5	1.8704e-05	2.0606e-10	-10.0	-2.5
555.0	1.8706e-05	2.0619e-10	-10.0	-2.5
555.5	1.8706e-05	2.0602e-10	-10.0	-2.5
556.0	1.8706e-05	2.0613e-10	-10.0	-2.5
556.5	1.8708e-05	2.0609e-10	-10.0	-2.5
557.0	1.8708e-05	2.0633e-10	-10.0	-2.5
557.5	1.8707e-05	2.0635e-10	-10.0	-2.5
558.0	1.8709e-05	2.0681e-10	-10.0	-2.5
558.5	1.8709e-05	2.0639e-10	-10.0	-2.5
559.0	1.8707e-05	2.0636e-10	-10.0	-2.5
559.5	1.871e-05	2.0675e-10	-10.0	-2.5
560.0	1.8711e-05	2.0668e-10	-10.0	-2.5
560.5	1.8713e-05	2.069e-10	-10.0	-2.5
561.0	1.8711e-05	2.0685e-10	-10.0	-2.5
561.5	1.8708e-05	2.0677e-10	-10.0	-2.5
562.0	1.8708e-05	2.0755e-10	-10.0	-2.5
562.5	1.8707e-05	2.0683e-10	-10.0	-2.5
563.0	1.8707e-05	2.0741e-10	-10.0	-2.5
563.5	1.8708e-05	2.0706e-10	-10.0	-2.5
564.0	1.8707e-05	2.0714e-10	-10.0	-2.5
564.5	1.8707e-05	2.0678e-10	-10.0	-2.5
565.0	1.871e-05	2.0755e-10	-10.0	-2.5
565.5	1.8707e-05	2.0725e-10	-10.0	-2.5
566.0	1.8708e-05	2.0747e-10	-10.0	-2.5
566.5	1.8708e-05	2.0742e-10	-10.0	-2.5
567.0	1.8705e-05	2.0745e-10	-10.0	-2.5
567.5	1.8705e-05	2.0723e-10	-10.0	-2.5
568.0	1.8709e-05	2.077e-10	-10.0	-2.5
568.5	1.8705e-05	2.0746e-10	-10.0	-2.5
569.0	1.8708e-05	2.0783e-10	-10.0	-2.5
569.5	1.8709e-05	2.0682e-10	-10.0	-2.5
570.0	1.8708e-05	2.0756e-10	-10.0	-2.5
570.5	1.8712e-05	2.076e-10	-10.0	-2.5
571.0	1.8709e-05	2.0771e-10	-10.0	-2.5
571.5	1.8709e-05	2.0771e-10	-10.0	-2.5
572.0	1.871e-05	2.0777e-10	-10.0	-2.5
572.5	1.8711e-05	2.0849e-10	-10.0	-2.5
573.0	1.871e-05	2.0808e-10	-10.0	-2.5
573.5	1.8713e-05	2.0799e-10	-10.0	-2.5
574.0	1.8707e-05	2.0815e-10	-10.0	-2.5
574.5	1.8713e-05	2.0789e-10	-10.0	-2.5
575.0	1.8711e-05	2.0766e-10	-10.0	-2.5
575.5	1.871e-05	2.0848e-10	-10.0	-2.5
576.0	1.8708e-05	2.0781e-10	-10.0	-2.5
576.5	1.8711e-05	2.086e-10	-10.0	-2.5
577.0	1.8714e-05	2.0807e-10	-10.0	-2.5
577.5	1.8714e-05	2.076e-10	-10.0	-2.5
578.0	1.8715e-05	2.0816e-10	-10.0	-2.5
578.5	1.8716e-05	2.081e-10	-10.0	-2.5
579.0	1.8713e-05	2.0812e-10	-10.0	-2.5
579.5	1.8715e-05	2.0806e-10	-10.0	-2.5
580.0	1.8713e-05	2.0816e-10	-10.0	-2.5
580.5	1.8715e-05	2.0794e-10	-10.0	-2.5
581.0	1.8718e-05	2.0817e-10	-10.0	-2.5
581.5	1.8716e-05	2.0781e-10	-10.0	-2.5
582.0	1.8721e-05	2.0853e-10	-10.0	-2.5
582.5	1.8719e-05	2.0832e-10	-10.0	-2.5
583.0	1.8717e-05	2.0851e-10	-10.0	-2.5
583.5	1.8717e-05	2.0868e-10	-10.0	-2.5
584.0	1.8714e-05	2.0865e-10	-10.0	-2.5
584.5	1.8713e-05	2.0877e-10	-10.0	-2.5
585.0	1.8714e-05	2.0886e-10	-10.0	-2.5
585.5	1.8721e-05	2.0871e-10	-10.0	-2.5
586.0	1.8721e-05	2.0858e-10	-10.0	-2.5
586.5	1.8721e-05	2.0843e-10	-10.0	-2.5
587.0	1.8719e-05	2.0862e-10	-10.0	-2.5
587.5	1.8722e-05	2.0875e-10	-10.0	-2.5
588.0	1.8717e-05	2.0865e-10	-10.0	-2.5
588.5	1.8721e-05	2.0911e-10	-10.0	-2.5
589.0	1.8719e-05	2.0907e-10	-10.0	-2.5
589.5	1.8718e-05	2.0893e-10	-10.0	-2.5
590.0	1.872e-05	2.0863e-10	-10.0	-2.5
590.5	1.8719e-05	2.0873e-10	-10.0	-2.5
591.0	1.8717e-05	2.0848e-10	-10.0	-2.5
591.5	1.872e-05	2.09e-10	-10.0	-2.5
592.0	1.8726e-05	2.0905e-10	-10.0	-2.5
592.5	1.8725e-05	2.0906e-10	-10.0	-2.5
593.0	1.8724e-05	2.0863e-10	-10.0	-2.5
593.5	1.8727e-05	2.0879e-10	-10.0	-2.5
594.0	1.8728e-05	2.0936e-10	-10.0	-2.5
594.5	1.8725e-05	2.0916e-10	-10.0	-2.5
595.0	1.8725e-05	2.0909e-10	-10.0	-2.5
595.5	1.8727e-05	2.0882e-10	-10.0	-2.5
596.0	1.8729e-05	2.0907e-10	-10.0	-2.5
596.5	1.8729e-05	2.0996e-10	-10.0	-2.5
597.0	1.8734e-05	2.0963e-10	-10.0	-2.5
597.5	1.8728e-05	2.0934e-10	-10.0	-2.5
598.0	1.8728e-05	2.0872e-10	-10.0	-2.5
598.5	1.8728e-05	2.0953e-10	-10.0	-2.5
599.0	1.8729e-05	2.0939e-10	-10.0	-2.5
599.5	1.8735e-05	2.0935e-10	-10.0	-2.5
600.0	1.8736e-05	2.0958e-10	-10.0	-2.5
600.5	1.8735e-05	2.0974e-10	-10.0	-2.5
601.0	1.8733e-05	2.0952e-10	-10.0	-2.5
601.5	1.8733e-05	2.0976e-10	-10.0	-2.5
602.0	1.8734e-05	2.0945e-10	-10.0	-2.5
602.5	1.8733e-05	2.09e-10	-10.0	-2.5
603.0	1.8732e-05	2.0997e-10	-10.0	-2.5
603.5	1.8732e-05	2.0964e-10	-10.0	-2.5
