Time (s)	|IDrain (A)|	|IGate (A)	Vdrain(V)	Vgate(V)
0.0	1.8078e-05	9.1462e-11	-10.0	-2.5
1.0	1.8081e-05	1.9404e-10	-10.0	-2.5
1.5	1.8087e-05	2.0322e-10	-10.0	-2.5
2.0	1.809e-05	2.0675e-10	-10.0	-2.5
2.5	1.8093e-05	2.0869e-10	-10.0	-2.5
3.0	1.8096e-05	2.1061e-10	-10.0	-2.5
3.5	1.81e-05	2.1088e-10	-10.0	-2.5
4.0	1.8104e-05	2.1184e-10	-10.0	-2.5
4.5	1.8108e-05	2.1275e-10	-10.0	-2.5
5.0	1.8111e-05	2.123e-10	-10.0	-2.5
5.5	1.8116e-05	2.1318e-10	-10.0	-2.5
6.0	1.8116e-05	2.1238e-10	-10.0	-2.5
6.5	1.8122e-05	2.1289e-10	-10.0	-2.5
7.0	1.8126e-05	2.1291e-10	-10.0	-2.5
7.5	1.8126e-05	2.1289e-10	-10.0	-2.5
8.0	1.8126e-05	2.1276e-10	-10.0	-2.5
8.5	1.8128e-05	2.1359e-10	-10.0	-2.5
9.0	1.8132e-05	2.1314e-10	-10.0	-2.5
9.5	1.8135e-05	2.1291e-10	-10.0	-2.5
10.0	1.8138e-05	2.131e-10	-10.0	-2.5
10.5	1.8141e-05	2.1347e-10	-10.0	-2.5
11.0	1.8146e-05	2.1278e-10	-10.0	-2.5
11.5	1.815e-05	2.1308e-10	-10.0	-2.5
12.0	1.815e-05	2.1279e-10	-10.0	-2.5
12.5	1.8153e-05	2.1309e-10	-10.0	-2.5
13.0	1.8153e-05	2.1381e-10	-10.0	-2.5
13.5	1.8157e-05	2.1354e-10	-10.0	-2.5
14.0	1.8158e-05	2.1349e-10	-10.0	-2.5
14.5	1.816e-05	2.1345e-10	-10.0	-2.5
15.0	1.816e-05	2.13e-10	-10.0	-2.5
15.5	1.8162e-05	2.1379e-10	-10.0	-2.5
16.0	1.8164e-05	2.1408e-10	-10.0	-2.5
16.5	1.8165e-05	2.1369e-10	-10.0	-2.5
17.0	1.8166e-05	2.1377e-10	-10.0	-2.5
17.5	1.8174e-05	2.1371e-10	-10.0	-2.5
18.0	1.8175e-05	2.1366e-10	-10.0	-2.5
18.5	1.8175e-05	2.1322e-10	-10.0	-2.5
19.0	1.8177e-05	2.137e-10	-10.0	-2.5
19.5	1.8176e-05	2.1389e-10	-10.0	-2.5
20.0	1.8178e-05	2.1383e-10	-10.0	-2.5
20.5	1.8183e-05	2.1413e-10	-10.0	-2.5
21.0	1.8186e-05	2.1423e-10	-10.0	-2.5
21.5	1.8187e-05	2.1414e-10	-10.0	-2.5
22.0	1.8186e-05	2.1422e-10	-10.0	-2.5
22.5	1.8188e-05	2.1378e-10	-10.0	-2.5
23.0	1.8191e-05	2.1436e-10	-10.0	-2.5
23.5	1.8194e-05	2.1458e-10	-10.0	-2.5
24.0	1.8198e-05	2.1464e-10	-10.0	-2.5
24.5	1.82e-05	2.1418e-10	-10.0	-2.5
25.0	1.82e-05	2.1402e-10	-10.0	-2.5
25.5	1.8202e-05	2.141e-10	-10.0	-2.5
26.0	1.8204e-05	2.1479e-10	-10.0	-2.5
26.5	1.8208e-05	2.1424e-10	-10.0	-2.5
27.0	1.8211e-05	2.1462e-10	-10.0	-2.5
27.5	1.821e-05	2.1447e-10	-10.0	-2.5
28.0	1.8214e-05	2.144e-10	-10.0	-2.5
28.5	1.8216e-05	2.1481e-10	-10.0	-2.5
29.0	1.8218e-05	2.1524e-10	-10.0	-2.5
29.5	1.8219e-05	2.1461e-10	-10.0	-2.5
30.0	1.8221e-05	2.1497e-10	-10.0	-2.5
30.5	1.8225e-05	2.1461e-10	-10.0	-2.5
31.0	1.8227e-05	2.1485e-10	-10.0	-2.5
31.5	1.8227e-05	2.1462e-10	-10.0	-2.5
32.0	1.823e-05	2.145e-10	-10.0	-2.5
32.5	1.8233e-05	2.1528e-10	-10.0	-2.5
33.0	1.8239e-05	2.1426e-10	-10.0	-2.5
33.5	1.8242e-05	2.1517e-10	-10.0	-2.5
34.0	1.8244e-05	2.146e-10	-10.0	-2.5
34.5	1.8247e-05	2.1515e-10	-10.0	-2.5
35.001	1.825e-05	2.1491e-10	-10.0	-2.5
35.5	1.8252e-05	2.1539e-10	-10.0	-2.5
36.0	1.8252e-05	2.1508e-10	-10.0	-2.5
36.5	1.8253e-05	2.1548e-10	-10.0	-2.5
37.0	1.8253e-05	2.1485e-10	-10.0	-2.5
37.5	1.8256e-05	2.1511e-10	-10.0	-2.5
38.0	1.8256e-05	2.154e-10	-10.0	-2.5
38.5	1.8258e-05	2.1531e-10	-10.0	-2.5
39.0	1.8258e-05	2.1546e-10	-10.0	-2.5
39.5	1.8262e-05	2.1552e-10	-10.0	-2.5
40.0	1.8262e-05	2.1522e-10	-10.0	-2.5
40.5	1.8263e-05	2.1575e-10	-10.0	-2.5
41.0	1.8263e-05	2.1502e-10	-10.0	-2.5
41.5	1.8265e-05	2.1523e-10	-10.0	-2.5
42.0	1.827e-05	2.1601e-10	-10.0	-2.5
42.5	1.8274e-05	2.1573e-10	-10.0	-2.5
43.0	1.8274e-05	2.1549e-10	-10.0	-2.5
43.5	1.8276e-05	2.1531e-10	-10.0	-2.5
44.0	1.8276e-05	2.1525e-10	-10.0	-2.5
44.5	1.8277e-05	2.1503e-10	-10.0	-2.5
45.0	1.828e-05	2.1576e-10	-10.0	-2.5
45.5	1.8282e-05	2.1512e-10	-10.0	-2.5
46.0	1.8282e-05	2.1589e-10	-10.0	-2.5
46.5	1.8285e-05	2.1567e-10	-10.0	-2.5
47.0	1.8285e-05	2.1534e-10	-10.0	-2.5
47.5	1.8292e-05	2.1539e-10	-10.0	-2.5
48.0	1.8292e-05	2.1539e-10	-10.0	-2.5
48.5	1.829e-05	2.1513e-10	-10.0	-2.5
49.0	1.8291e-05	2.1542e-10	-10.0	-2.5
49.5	1.8294e-05	2.1541e-10	-10.0	-2.5
50.0	1.8295e-05	2.1563e-10	-10.0	-2.5
50.5	1.8298e-05	2.1561e-10	-10.0	-2.5
51.0	1.83e-05	2.1565e-10	-10.0	-2.5
51.5	1.8302e-05	2.1568e-10	-10.0	-2.5
52.0	1.8303e-05	2.1597e-10	-10.0	-2.5
52.5	1.8306e-05	2.154e-10	-10.0	-2.5
53.0	1.8309e-05	2.1511e-10	-10.0	-2.5
53.5	1.831e-05	2.1579e-10	-10.0	-2.5
54.0	1.831e-05	2.1571e-10	-10.0	-2.5
54.5	1.8312e-05	2.1609e-10	-10.0	-2.5
55.0	1.8311e-05	2.1554e-10	-10.0	-2.5
55.5	1.8312e-05	2.1593e-10	-10.0	-2.5
56.0	1.8313e-05	2.1566e-10	-10.0	-2.5
56.5	1.8318e-05	2.162e-10	-10.0	-2.5
57.0	1.8318e-05	2.1583e-10	-10.0	-2.5
57.5	1.8323e-05	2.1599e-10	-10.0	-2.5
58.0	1.8326e-05	2.1613e-10	-10.0	-2.5
58.5	1.8324e-05	2.1562e-10	-10.0	-2.5
59.0	1.8324e-05	2.1567e-10	-10.0	-2.5
59.5	1.8328e-05	2.1581e-10	-10.0	-2.5
60.0	1.8326e-05	2.1602e-10	-10.0	-2.5
60.5	1.833e-05	2.1565e-10	-10.0	-2.5
61.0	1.8332e-05	2.1586e-10	-10.0	-2.5
61.5	1.8332e-05	2.1643e-10	-10.0	-2.5
62.0	1.8333e-05	2.1617e-10	-10.0	-2.5
62.5	1.8335e-05	2.1598e-10	-10.0	-2.5
63.0	1.8334e-05	2.1663e-10	-10.0	-2.5
63.5	1.8338e-05	2.1607e-10	-10.0	-2.5
64.0	1.8338e-05	2.1628e-10	-10.0	-2.5
64.5	1.8341e-05	2.1652e-10	-10.0	-2.5
65.0	1.8342e-05	2.1673e-10	-10.0	-2.5
65.5	1.8345e-05	2.1596e-10	-10.0	-2.5
66.0	1.8344e-05	2.1646e-10	-10.0	-2.5
66.5	1.8344e-05	2.1576e-10	-10.0	-2.5
67.0	1.8348e-05	2.1579e-10	-10.0	-2.5
67.5	1.8349e-05	2.1626e-10	-10.0	-2.5
68.0	1.8352e-05	2.1643e-10	-10.0	-2.5
68.5	1.8351e-05	2.1655e-10	-10.0	-2.5
69.0	1.8354e-05	2.1609e-10	-10.0	-2.5
69.5	1.8356e-05	2.159e-10	-10.0	-2.5
70.0	1.8358e-05	2.1645e-10	-10.0	-2.5
70.5	1.8355e-05	2.1607e-10	-10.0	-2.5
71.0	1.8356e-05	2.1644e-10	-10.0	-2.5
71.5	1.8358e-05	2.1601e-10	-10.0	-2.5
72.0	1.836e-05	2.1648e-10	-10.0	-2.5
72.5	1.8362e-05	2.1636e-10	-10.0	-2.5
73.0	1.8364e-05	2.1647e-10	-10.0	-2.5
73.5	1.8362e-05	2.1647e-10	-10.0	-2.5
74.0	1.8366e-05	2.1664e-10	-10.0	-2.5
74.5	1.8367e-05	2.1616e-10	-10.0	-2.5
75.0	1.837e-05	2.1638e-10	-10.0	-2.5
75.5	1.8368e-05	2.1661e-10	-10.0	-2.5
76.0	1.837e-05	2.1642e-10	-10.0	-2.5
76.5	1.8368e-05	2.1624e-10	-10.0	-2.5
77.0	1.8376e-05	2.1649e-10	-10.0	-2.5
77.5	1.8378e-05	2.1665e-10	-10.0	-2.5
78.0	1.8379e-05	2.1673e-10	-10.0	-2.5
78.5	1.8382e-05	2.1684e-10	-10.0	-2.5
79.0	1.8384e-05	2.1622e-10	-10.0	-2.5
79.5	1.8381e-05	2.1631e-10	-10.0	-2.5
80.0	1.8382e-05	2.1612e-10	-10.0	-2.5
80.5	1.8383e-05	2.1659e-10	-10.0	-2.5
81.0	1.8387e-05	2.1653e-10	-10.0	-2.5
81.5	1.8389e-05	2.1664e-10	-10.0	-2.5
82.0	1.8391e-05	2.1708e-10	-10.0	-2.5
82.5	1.839e-05	2.165e-10	-10.0	-2.5
83.0	1.8394e-05	2.1705e-10	-10.0	-2.5
83.5	1.8392e-05	2.1733e-10	-10.0	-2.5
84.0	1.8394e-05	2.17e-10	-10.0	-2.5
84.5	1.8395e-05	2.1687e-10	-10.0	-2.5
85.0	1.8396e-05	2.1688e-10	-10.0	-2.5
85.5	1.8398e-05	2.168e-10	-10.0	-2.5
86.0	1.84e-05	2.1722e-10	-10.0	-2.5
86.5	1.8402e-05	2.169e-10	-10.0	-2.5
87.0	1.8402e-05	2.1652e-10	-10.0	-2.5
87.5	1.8404e-05	2.1716e-10	-10.0	-2.5
88.0	1.8406e-05	2.1718e-10	-10.0	-2.5
88.5	1.8405e-05	2.1696e-10	-10.0	-2.5
89.0	1.8405e-05	2.1714e-10	-10.0	-2.5
89.5	1.8407e-05	2.1734e-10	-10.0	-2.5
90.0	1.8409e-05	2.168e-10	-10.0	-2.5
90.5	1.8411e-05	2.1667e-10	-10.0	-2.5
91.0	1.8414e-05	2.1735e-10	-10.0	-2.5
91.5	1.8415e-05	2.1714e-10	-10.0	-2.5
92.0	1.8416e-05	2.1711e-10	-10.0	-2.5
92.5	1.8415e-05	2.175e-10	-10.0	-2.5
93.0	1.8419e-05	2.1713e-10	-10.0	-2.5
93.5	1.842e-05	2.1779e-10	-10.0	-2.5
94.0	1.842e-05	2.169e-10	-10.0	-2.5
94.5	1.8422e-05	2.1726e-10	-10.0	-2.5
95.0	1.842e-05	2.1756e-10	-10.0	-2.5
95.5	1.8421e-05	2.168e-10	-10.0	-2.5
96.0	1.8427e-05	2.1745e-10	-10.0	-2.5
96.5	1.8429e-05	2.1753e-10	-10.0	-2.5
97.0	1.8427e-05	2.1707e-10	-10.0	-2.5
97.5	1.843e-05	2.1792e-10	-10.0	-2.5
98.0	1.8433e-05	2.1742e-10	-10.0	-2.5
98.5	1.8432e-05	2.1734e-10	-10.0	-2.5
99.0	1.8437e-05	2.1764e-10	-10.0	-2.5
99.5	1.8437e-05	2.1769e-10	-10.0	-2.5
100.0	1.844e-05	2.1723e-10	-10.0	-2.5
100.5	1.8438e-05	2.1736e-10	-10.0	-2.5
101.0	1.8439e-05	2.1746e-10	-10.0	-2.5
101.5	1.8442e-05	2.1772e-10	-10.0	-2.5
102.0	1.8442e-05	2.1796e-10	-10.0	-2.5
102.5	1.8444e-05	2.1775e-10	-10.0	-2.5
103.0	1.8447e-05	2.1788e-10	-10.0	-2.5
103.5	1.8447e-05	2.1765e-10	-10.0	-2.5
104.0	1.8447e-05	2.1782e-10	-10.0	-2.5
104.5	1.8448e-05	2.171e-10	-10.0	-2.5
105.0	1.8449e-05	2.1794e-10	-10.0	-2.5
105.5	1.8451e-05	2.1777e-10	-10.0	-2.5
106.0	1.8453e-05	2.1802e-10	-10.0	-2.5
106.5	1.8454e-05	2.1788e-10	-10.0	-2.5
107.0	1.8452e-05	2.1789e-10	-10.0	-2.5
107.5	1.8454e-05	2.1772e-10	-10.0	-2.5
108.0	1.8455e-05	2.175e-10	-10.0	-2.5
108.5	1.8453e-05	2.1793e-10	-10.0	-2.5
109.0	1.8456e-05	2.1773e-10	-10.0	-2.5
109.5	1.8457e-05	2.1751e-10	-10.0	-2.5
110.0	1.8457e-05	2.1771e-10	-10.0	-2.5
110.5	1.8456e-05	2.1716e-10	-10.0	-2.5
111.0	1.8459e-05	2.182e-10	-10.0	-2.5
111.5	1.846e-05	2.1797e-10	-10.0	-2.5
112.0	1.8461e-05	2.1792e-10	-10.0	-2.5
112.5	1.846e-05	2.1841e-10	-10.0	-2.5
113.0	1.8464e-05	2.183e-10	-10.0	-2.5
113.5	1.8465e-05	2.18e-10	-10.0	-2.5
114.0	1.8468e-05	2.181e-10	-10.0	-2.5
114.5	1.8468e-05	2.1787e-10	-10.0	-2.5
115.0	1.8469e-05	2.1856e-10	-10.0	-2.5
115.5	1.8468e-05	2.1767e-10	-10.0	-2.5
116.0	1.8467e-05	2.1837e-10	-10.0	-2.5
116.5	1.8468e-05	2.1783e-10	-10.0	-2.5
117.0	1.8469e-05	2.1833e-10	-10.0	-2.5
117.5	1.8471e-05	2.1801e-10	-10.0	-2.5
118.0	1.8475e-05	2.1768e-10	-10.0	-2.5
118.5	1.8475e-05	2.1807e-10	-10.0	-2.5
119.0	1.8475e-05	2.4033e-10	-10.0	-2.5
119.5	1.8476e-05	2.6573e-10	-10.0	-2.5
120.0	1.848e-05	2.6772e-10	-10.0	-2.5
120.5	1.848e-05	2.6818e-10	-10.0	-2.5
121.0	1.8486e-05	2.685e-10	-10.0	-2.5
121.5	1.8486e-05	2.6846e-10	-10.0	-2.5
122.0	1.8489e-05	2.6835e-10	-10.0	-2.5
122.5	1.8491e-05	2.6837e-10	-10.0	-2.5
123.0	1.8496e-05	2.6853e-10	-10.0	-2.5
123.5	1.8497e-05	2.6827e-10	-10.0	-2.5
124.0	1.8499e-05	2.6797e-10	-10.0	-2.5
124.5	1.8501e-05	2.6796e-10	-10.0	-2.5
125.0	1.8503e-05	2.6728e-10	-10.0	-2.5
125.5	1.8503e-05	2.6737e-10	-10.0	-2.5
126.0	1.8504e-05	2.6683e-10	-10.0	-2.5
126.5	1.8507e-05	2.6712e-10	-10.0	-2.5
127.0	1.8512e-05	2.6645e-10	-10.0	-2.5
127.5	1.8512e-05	2.6685e-10	-10.0	-2.5
128.0	1.8517e-05	2.6672e-10	-10.0	-2.5
128.5	1.8518e-05	2.6636e-10	-10.0	-2.5
129.0	1.8523e-05	2.664e-10	-10.0	-2.5
129.5	1.852e-05	2.6625e-10	-10.0	-2.5
130.0	1.8525e-05	2.6628e-10	-10.0	-2.5
130.5	1.8528e-05	2.665e-10	-10.0	-2.5
131.0	1.8531e-05	2.6598e-10	-10.0	-2.5
131.5	1.8533e-05	2.6631e-10	-10.0	-2.5
132.0	1.8533e-05	2.657e-10	-10.0	-2.5
132.5	1.8537e-05	2.6607e-10	-10.0	-2.5
133.0	1.8538e-05	2.6653e-10	-10.0	-2.5
133.5	1.8538e-05	2.6538e-10	-10.0	-2.5
134.0	1.854e-05	2.6569e-10	-10.0	-2.5
134.5	1.8537e-05	2.6537e-10	-10.0	-2.5
135.0	1.8539e-05	2.6574e-10	-10.0	-2.5
135.5	1.8541e-05	2.659e-10	-10.0	-2.5
136.0	1.8545e-05	2.653e-10	-10.0	-2.5
136.5	1.8547e-05	2.6507e-10	-10.0	-2.5
137.0	1.8551e-05	2.6539e-10	-10.0	-2.5
137.5	1.8555e-05	2.6592e-10	-10.0	-2.5
138.0	1.8556e-05	2.6506e-10	-10.0	-2.5
138.5	1.8557e-05	2.6495e-10	-10.0	-2.5
139.0	1.8557e-05	2.6532e-10	-10.0	-2.5
139.5	1.8558e-05	2.6471e-10	-10.0	-2.5
140.0	1.8563e-05	2.6485e-10	-10.0	-2.5
140.5	1.8566e-05	2.655e-10	-10.0	-2.5
141.0	1.8566e-05	2.6507e-10	-10.0	-2.5
141.5	1.8567e-05	2.6489e-10	-10.0	-2.5
142.0	1.8569e-05	2.6537e-10	-10.0	-2.5
142.5	1.857e-05	2.6439e-10	-10.0	-2.5
143.0	1.8569e-05	2.6448e-10	-10.0	-2.5
143.5	1.8577e-05	2.6517e-10	-10.0	-2.5
144.0	1.8579e-05	2.6527e-10	-10.0	-2.5
144.5	1.8579e-05	2.6478e-10	-10.0	-2.5
145.0	1.858e-05	2.6521e-10	-10.0	-2.5
145.5	1.858e-05	2.6489e-10	-10.0	-2.5
146.0	1.8582e-05	2.6498e-10	-10.0	-2.5
146.5	1.8581e-05	2.6482e-10	-10.0	-2.5
147.0	1.8583e-05	2.6472e-10	-10.0	-2.5
147.5	1.8585e-05	2.6453e-10	-10.0	-2.5
148.0	1.8592e-05	2.645e-10	-10.0	-2.5
148.5	1.8588e-05	2.6436e-10	-10.0	-2.5
149.0	1.8589e-05	2.6485e-10	-10.0	-2.5
149.5	1.8591e-05	2.6401e-10	-10.0	-2.5
150.0	1.8594e-05	2.6463e-10	-10.0	-2.5
150.5	1.8597e-05	2.6457e-10	-10.0	-2.5
151.0	1.8601e-05	2.6447e-10	-10.0	-2.5
151.5	1.8601e-05	2.6427e-10	-10.0	-2.5
152.0	1.8602e-05	2.6382e-10	-10.0	-2.5
152.5	1.8605e-05	2.6444e-10	-10.0	-2.5
153.0	1.8606e-05	2.6445e-10	-10.0	-2.5
153.5	1.8608e-05	2.647e-10	-10.0	-2.5
154.0	1.861e-05	2.6423e-10	-10.0	-2.5
154.5	1.861e-05	2.6411e-10	-10.0	-2.5
155.0	1.8611e-05	2.6384e-10	-10.0	-2.5
155.5	1.8614e-05	2.6441e-10	-10.0	-2.5
156.0	1.8615e-05	2.6349e-10	-10.0	-2.5
156.5	1.8615e-05	2.643e-10	-10.0	-2.5
157.0	1.8614e-05	2.6404e-10	-10.0	-2.5
157.5	1.8617e-05	2.6374e-10	-10.0	-2.5
158.0	1.8617e-05	2.6383e-10	-10.0	-2.5
158.5	1.8618e-05	2.6414e-10	-10.0	-2.5
159.0	1.8618e-05	2.6365e-10	-10.0	-2.5
159.5	1.8623e-05	2.6393e-10	-10.0	-2.5
160.0	1.8622e-05	2.6397e-10	-10.0	-2.5
160.5	1.8624e-05	2.6442e-10	-10.0	-2.5
161.0	1.8629e-05	2.6388e-10	-10.0	-2.5
161.5	1.863e-05	2.6411e-10	-10.0	-2.5
162.0	1.8632e-05	2.6384e-10	-10.0	-2.5
162.5	1.8632e-05	2.6378e-10	-10.0	-2.5
163.0	1.863e-05	2.6384e-10	-10.0	-2.5
163.5	1.8631e-05	2.6389e-10	-10.0	-2.5
164.0	1.8638e-05	2.6375e-10	-10.0	-2.5
164.5	1.8634e-05	2.6339e-10	-10.0	-2.5
165.0	1.8636e-05	2.6311e-10	-10.0	-2.5
165.5	1.8642e-05	2.6322e-10	-10.0	-2.5
166.0	1.8642e-05	2.6359e-10	-10.0	-2.5
166.5	1.8643e-05	2.6342e-10	-10.0	-2.5
167.0	1.8639e-05	2.6378e-10	-10.0	-2.5
167.5	1.8643e-05	2.6327e-10	-10.0	-2.5
168.0	1.8642e-05	2.6366e-10	-10.0	-2.5
168.5	1.8645e-05	2.6339e-10	-10.0	-2.5
169.0	1.8647e-05	2.6372e-10	-10.0	-2.5
169.5	1.8647e-05	2.6347e-10	-10.0	-2.5
170.0	1.865e-05	2.6342e-10	-10.0	-2.5
170.5	1.8648e-05	2.636e-10	-10.0	-2.5
171.0	1.8651e-05	2.6327e-10	-10.0	-2.5
171.5	1.865e-05	2.636e-10	-10.0	-2.5
172.0	1.8649e-05	2.6311e-10	-10.0	-2.5
172.5	1.865e-05	2.6351e-10	-10.0	-2.5
173.0	1.8654e-05	2.6262e-10	-10.0	-2.5
173.5	1.8658e-05	2.6339e-10	-10.0	-2.5
174.0	1.8654e-05	2.6304e-10	-10.0	-2.5
174.5	1.8656e-05	2.6298e-10	-10.0	-2.5
175.0	1.8656e-05	2.6297e-10	-10.0	-2.5
175.5	1.8658e-05	2.6325e-10	-10.0	-2.5
176.0	1.8659e-05	2.6323e-10	-10.0	-2.5
176.5	1.866e-05	2.628e-10	-10.0	-2.5
177.0	1.8661e-05	2.6331e-10	-10.0	-2.5
177.5	1.8667e-05	2.6302e-10	-10.0	-2.5
178.0	1.8665e-05	2.6295e-10	-10.0	-2.5
178.5	1.8667e-05	2.6278e-10	-10.0	-2.5
179.0	1.867e-05	2.587e-10	-10.0	-2.5
179.5	1.8668e-05	2.2118e-10	-10.0	-2.5
180.0	1.867e-05	2.1637e-10	-10.0	-2.5
180.5	1.8667e-05	2.1529e-10	-10.0	-2.5
181.0	1.8665e-05	2.1521e-10	-10.0	-2.5
181.5	1.8668e-05	2.1468e-10	-10.0	-2.5
182.0	1.8673e-05	2.1432e-10	-10.0	-2.5
182.5	1.867e-05	2.151e-10	-10.0	-2.5
183.0	1.8671e-05	2.1525e-10	-10.0	-2.5
183.5	1.867e-05	2.1473e-10	-10.0	-2.5
184.0	1.867e-05	2.1522e-10	-10.0	-2.5
184.5	1.8667e-05	2.1479e-10	-10.0	-2.5
185.0	1.8672e-05	2.1492e-10	-10.0	-2.5
185.5	1.8672e-05	2.1508e-10	-10.0	-2.5
186.0	1.8671e-05	2.1537e-10	-10.0	-2.5
186.5	1.867e-05	2.145e-10	-10.0	-2.5
187.0	1.8672e-05	2.1538e-10	-10.0	-2.5
187.5	1.8673e-05	2.1532e-10	-10.0	-2.5
188.0	1.8675e-05	2.1588e-10	-10.0	-2.5
188.5	1.8678e-05	2.1533e-10	-10.0	-2.5
189.0	1.8676e-05	2.1527e-10	-10.0	-2.5
189.5	1.8676e-05	2.1541e-10	-10.0	-2.5
190.0	1.8676e-05	2.1542e-10	-10.0	-2.5
190.5	1.8677e-05	2.151e-10	-10.0	-2.5
191.0	1.8678e-05	2.1546e-10	-10.0	-2.5
191.5	1.8678e-05	2.1607e-10	-10.0	-2.5
192.0	1.8674e-05	2.157e-10	-10.0	-2.5
192.5	1.8677e-05	2.159e-10	-10.0	-2.5
193.0	1.8679e-05	2.1572e-10	-10.0	-2.5
193.5	1.8676e-05	2.151e-10	-10.0	-2.5
194.0	1.8678e-05	2.1622e-10	-10.0	-2.5
194.5	1.868e-05	2.1578e-10	-10.0	-2.5
195.0	1.868e-05	2.1573e-10	-10.0	-2.5
195.5	1.8682e-05	2.1571e-10	-10.0	-2.5
196.0	1.868e-05	2.1621e-10	-10.0	-2.5
196.5	1.8679e-05	2.1601e-10	-10.0	-2.5
197.0	1.8679e-05	2.1605e-10	-10.0	-2.5
197.5	1.8681e-05	2.1663e-10	-10.0	-2.5
198.0	1.868e-05	2.1539e-10	-10.0	-2.5
198.5	1.8682e-05	2.1608e-10	-10.0	-2.5
199.0	1.8685e-05	2.1621e-10	-10.0	-2.5
199.5	1.8686e-05	2.1629e-10	-10.0	-2.5
200.0	1.8684e-05	2.1613e-10	-10.0	-2.5
200.5	1.8683e-05	2.1648e-10	-10.0	-2.5
201.0	1.8688e-05	2.1661e-10	-10.0	-2.5
201.5	1.8684e-05	2.1584e-10	-10.0	-2.5
202.0	1.8688e-05	2.1637e-10	-10.0	-2.5
202.5	1.8685e-05	2.1609e-10	-10.0	-2.5
203.0	1.8688e-05	2.1677e-10	-10.0	-2.5
203.5	1.8688e-05	2.1662e-10	-10.0	-2.5
204.0	1.8689e-05	2.163e-10	-10.0	-2.5
204.5	1.8689e-05	2.1581e-10	-10.0	-2.5
205.0	1.8686e-05	2.1676e-10	-10.0	-2.5
205.5	1.8689e-05	2.1622e-10	-10.0	-2.5
206.0	1.869e-05	2.1641e-10	-10.0	-2.5
206.5	1.8688e-05	2.1683e-10	-10.0	-2.5
207.0	1.8687e-05	2.1638e-10	-10.0	-2.5
207.5	1.8687e-05	2.1624e-10	-10.0	-2.5
208.0	1.869e-05	2.1629e-10	-10.0	-2.5
208.5	1.8687e-05	2.1691e-10	-10.0	-2.5
209.0	1.8688e-05	2.1684e-10	-10.0	-2.5
209.5	1.8693e-05	2.1667e-10	-10.0	-2.5
210.0	1.8691e-05	2.1685e-10	-10.0	-2.5
210.5	1.8692e-05	2.1702e-10	-10.0	-2.5
211.0	1.8691e-05	2.1687e-10	-10.0	-2.5
211.5	1.869e-05	2.1696e-10	-10.0	-2.5
212.0	1.8689e-05	2.1698e-10	-10.0	-2.5
212.5	1.8691e-05	2.1699e-10	-10.0	-2.5
213.0	1.8694e-05	2.1691e-10	-10.0	-2.5
213.5	1.8697e-05	2.1662e-10	-10.0	-2.5
214.0	1.8696e-05	2.1659e-10	-10.0	-2.5
214.5	1.8695e-05	2.1664e-10	-10.0	-2.5
215.0	1.8694e-05	2.1701e-10	-10.0	-2.5
215.5	1.87e-05	2.1736e-10	-10.0	-2.5
216.0	1.87e-05	2.1718e-10	-10.0	-2.5
216.5	1.8704e-05	2.1662e-10	-10.0	-2.5
217.0	1.8701e-05	2.1735e-10	-10.0	-2.5
217.5	1.8702e-05	2.1728e-10	-10.0	-2.5
218.0	1.8704e-05	2.1693e-10	-10.0	-2.5
218.5	1.8703e-05	2.1707e-10	-10.0	-2.5
219.0	1.8703e-05	2.1723e-10	-10.0	-2.5
219.5	1.8704e-05	2.1754e-10	-10.0	-2.5
220.0	1.8703e-05	2.1727e-10	-10.0	-2.5
220.5	1.8704e-05	2.1739e-10	-10.0	-2.5
221.0	1.8706e-05	2.1759e-10	-10.0	-2.5
221.5	1.8706e-05	2.1782e-10	-10.0	-2.5
222.0	1.8707e-05	2.1777e-10	-10.0	-2.5
222.5	1.8707e-05	2.1773e-10	-10.0	-2.5
223.0	1.8707e-05	2.1781e-10	-10.0	-2.5
223.5	1.871e-05	2.1795e-10	-10.0	-2.5
224.0	1.871e-05	2.176e-10	-10.0	-2.5
224.5	1.8708e-05	2.1784e-10	-10.0	-2.5
225.0	1.8709e-05	2.173e-10	-10.0	-2.5
225.5	1.8708e-05	2.1757e-10	-10.0	-2.5
226.0	1.8708e-05	2.1793e-10	-10.0	-2.5
226.5	1.8707e-05	2.1803e-10	-10.0	-2.5
227.0	1.8708e-05	2.1773e-10	-10.0	-2.5
227.5	1.8708e-05	2.1784e-10	-10.0	-2.5
228.0	1.8708e-05	2.1776e-10	-10.0	-2.5
228.5	1.8707e-05	2.1804e-10	-10.0	-2.5
229.0	1.871e-05	2.1804e-10	-10.0	-2.5
229.5	1.871e-05	2.1754e-10	-10.0	-2.5
230.0	1.8713e-05	2.1787e-10	-10.0	-2.5
230.5	1.8712e-05	2.1786e-10	-10.0	-2.5
231.0	1.8711e-05	2.1779e-10	-10.0	-2.5
231.5	1.8716e-05	2.186e-10	-10.0	-2.5
232.0	1.8717e-05	2.1822e-10	-10.0	-2.5
232.5	1.8714e-05	2.1814e-10	-10.0	-2.5
233.0	1.8716e-05	2.1791e-10	-10.0	-2.5
233.5	1.872e-05	2.1815e-10	-10.0	-2.5
234.0	1.8719e-05	2.1788e-10	-10.0	-2.5
234.5	1.8719e-05	2.1818e-10	-10.0	-2.5
235.0	1.8721e-05	2.1816e-10	-10.0	-2.5
235.5	1.872e-05	2.1835e-10	-10.0	-2.5
236.0	1.872e-05	2.1762e-10	-10.0	-2.5
236.5	1.8722e-05	2.1838e-10	-10.0	-2.5
237.0	1.8722e-05	2.1779e-10	-10.0	-2.5
237.5	1.872e-05	2.1769e-10	-10.0	-2.5
238.0	1.8718e-05	2.181e-10	-10.0	-2.5
238.5	1.8714e-05	2.1797e-10	-10.0	-2.5
239.0	1.8717e-05	2.3382e-10	-10.0	-2.5
239.5	1.8718e-05	2.6403e-10	-10.0	-2.5
240.0	1.8719e-05	2.6704e-10	-10.0	-2.5
240.5	1.8721e-05	2.6763e-10	-10.0	-2.5
241.0	1.8725e-05	2.6779e-10	-10.0	-2.5
241.5	1.8726e-05	2.6756e-10	-10.0	-2.5
242.0	1.8728e-05	2.679e-10	-10.0	-2.5
242.5	1.8729e-05	2.6782e-10	-10.0	-2.5
243.0	1.8729e-05	2.6744e-10	-10.0	-2.5
243.5	1.8731e-05	2.6746e-10	-10.0	-2.5
244.0	1.8732e-05	2.6707e-10	-10.0	-2.5
244.5	1.8734e-05	2.668e-10	-10.0	-2.5
245.0	1.8736e-05	2.6709e-10	-10.0	-2.5
245.5	1.8735e-05	2.6663e-10	-10.0	-2.5
246.0	1.8739e-05	2.6669e-10	-10.0	-2.5
246.5	1.8738e-05	2.6679e-10	-10.0	-2.5
247.0	1.8741e-05	2.6674e-10	-10.0	-2.5
247.5	1.8744e-05	2.6651e-10	-10.0	-2.5
248.0	1.8744e-05	2.6621e-10	-10.0	-2.5
248.5	1.8746e-05	2.6628e-10	-10.0	-2.5
249.0	1.875e-05	2.6641e-10	-10.0	-2.5
249.5	1.8751e-05	2.66e-10	-10.0	-2.5
250.0	1.8747e-05	2.6594e-10	-10.0	-2.5
250.5	1.8749e-05	2.6566e-10	-10.0	-2.5
251.0	1.875e-05	2.6586e-10	-10.0	-2.5
251.5	1.8751e-05	2.6566e-10	-10.0	-2.5
252.0	1.8756e-05	2.6539e-10	-10.0	-2.5
252.5	1.8755e-05	2.6615e-10	-10.0	-2.5
253.0	1.8758e-05	2.6551e-10	-10.0	-2.5
253.5	1.8759e-05	2.6597e-10	-10.0	-2.5
254.0	1.8762e-05	2.6493e-10	-10.0	-2.5
254.5	1.8764e-05	2.6517e-10	-10.0	-2.5
255.0	1.8765e-05	2.6537e-10	-10.0	-2.5
255.5	1.8763e-05	2.6498e-10	-10.0	-2.5
256.0	1.8767e-05	2.6573e-10	-10.0	-2.5
256.5	1.8769e-05	2.657e-10	-10.0	-2.5
257.0	1.8772e-05	2.6553e-10	-10.0	-2.5
257.5	1.8773e-05	2.6529e-10	-10.0	-2.5
258.0	1.8778e-05	2.6518e-10	-10.0	-2.5
258.5	1.8778e-05	2.65e-10	-10.0	-2.5
259.0	1.8778e-05	2.6521e-10	-10.0	-2.5
259.5	1.8776e-05	2.6491e-10	-10.0	-2.5
260.0	1.8781e-05	2.6479e-10	-10.0	-2.5
260.5	1.8778e-05	2.6521e-10	-10.0	-2.5
261.0	1.8777e-05	2.6507e-10	-10.0	-2.5
261.5	1.8781e-05	2.6534e-10	-10.0	-2.5
262.0	1.8785e-05	2.6479e-10	-10.0	-2.5
262.5	1.8782e-05	2.6483e-10	-10.0	-2.5
263.0	1.8784e-05	2.6505e-10	-10.0	-2.5
263.5	1.8784e-05	2.6477e-10	-10.0	-2.5
264.0	1.8788e-05	2.6439e-10	-10.0	-2.5
264.5	1.8786e-05	2.6493e-10	-10.0	-2.5
265.0	1.8787e-05	2.6453e-10	-10.0	-2.5
265.5	1.8788e-05	2.6441e-10	-10.0	-2.5
266.0	1.8789e-05	2.6485e-10	-10.0	-2.5
266.5	1.879e-05	2.6442e-10	-10.0	-2.5
267.0	1.8793e-05	2.6465e-10	-10.0	-2.5
267.5	1.8795e-05	2.6495e-10	-10.0	-2.5
268.0	1.8798e-05	2.6489e-10	-10.0	-2.5
268.5	1.8799e-05	2.6496e-10	-10.0	-2.5
269.0	1.88e-05	2.643e-10	-10.0	-2.5
269.5	1.8798e-05	2.6437e-10	-10.0	-2.5
270.0	1.8799e-05	2.648e-10	-10.0	-2.5
270.5	1.8801e-05	2.6479e-10	-10.0	-2.5
271.0	1.8803e-05	2.6468e-10	-10.0	-2.5
271.5	1.8805e-05	2.6452e-10	-10.0	-2.5
272.0	1.8804e-05	2.6405e-10	-10.0	-2.5
272.5	1.8809e-05	2.6482e-10	-10.0	-2.5
273.0	1.8808e-05	2.6411e-10	-10.0	-2.5
273.5	1.881e-05	2.6391e-10	-10.0	-2.5
274.0	1.8811e-05	2.6414e-10	-10.0	-2.5
274.5	1.881e-05	2.6438e-10	-10.0	-2.5
275.0	1.8809e-05	2.6405e-10	-10.0	-2.5
275.5	1.8811e-05	2.6383e-10	-10.0	-2.5
276.0	1.881e-05	2.646e-10	-10.0	-2.5
276.5	1.881e-05	2.6395e-10	-10.0	-2.5
277.0	1.8808e-05	2.6395e-10	-10.0	-2.5
277.5	1.8811e-05	2.6391e-10	-10.0	-2.5
278.0	1.8815e-05	2.6432e-10	-10.0	-2.5
278.5	1.8811e-05	2.6405e-10	-10.0	-2.5
279.0	1.8809e-05	2.6421e-10	-10.0	-2.5
279.5	1.8811e-05	2.6413e-10	-10.0	-2.5
280.0	1.8811e-05	2.643e-10	-10.0	-2.5
280.5	1.8812e-05	2.6345e-10	-10.0	-2.5
281.0	1.8811e-05	2.6386e-10	-10.0	-2.5
281.5	1.8814e-05	2.6342e-10	-10.0	-2.5
282.0	1.8815e-05	2.6388e-10	-10.0	-2.5
282.5	1.8811e-05	2.6407e-10	-10.0	-2.5
283.0	1.8814e-05	2.641e-10	-10.0	-2.5
283.5	1.8814e-05	2.6379e-10	-10.0	-2.5
284.0	1.8814e-05	2.6407e-10	-10.0	-2.5
284.5	1.8816e-05	2.6399e-10	-10.0	-2.5
285.0	1.8819e-05	2.64e-10	-10.0	-2.5
285.5	1.8816e-05	2.6303e-10	-10.0	-2.5
286.0	1.8819e-05	2.6323e-10	-10.0	-2.5
286.5	1.8821e-05	2.6387e-10	-10.0	-2.5
287.0	1.8819e-05	2.6337e-10	-10.0	-2.5
287.5	1.8819e-05	2.6329e-10	-10.0	-2.5
288.0	1.882e-05	2.6349e-10	-10.0	-2.5
288.5	1.882e-05	2.6405e-10	-10.0	-2.5
289.0	1.8817e-05	2.6342e-10	-10.0	-2.5
289.5	1.8818e-05	2.6298e-10	-10.0	-2.5
290.0	1.8819e-05	2.6333e-10	-10.0	-2.5
290.5	1.8821e-05	2.6328e-10	-10.0	-2.5
291.0	1.8818e-05	2.636e-10	-10.0	-2.5
291.5	1.8818e-05	2.6352e-10	-10.0	-2.5
292.0	1.8823e-05	2.6337e-10	-10.0	-2.5
292.5	1.8823e-05	2.6335e-10	-10.0	-2.5
293.0	1.8826e-05	2.6365e-10	-10.0	-2.5
293.5	1.8824e-05	2.6315e-10	-10.0	-2.5
294.0	1.8823e-05	2.6332e-10	-10.0	-2.5
294.5	1.8826e-05	2.629e-10	-10.0	-2.5
295.0	1.8827e-05	2.6367e-10	-10.0	-2.5
295.5	1.8829e-05	2.634e-10	-10.0	-2.5
296.0	1.883e-05	2.6335e-10	-10.0	-2.5
296.5	1.883e-05	2.6329e-10	-10.0	-2.5
297.0	1.8829e-05	2.6314e-10	-10.0	-2.5
297.5	1.8829e-05	2.6336e-10	-10.0	-2.5
298.0	1.8831e-05	2.6342e-10	-10.0	-2.5
298.5	1.8833e-05	2.6367e-10	-10.0	-2.5
299.0	1.8831e-05	2.6174e-10	-10.0	-2.5
299.5	1.8831e-05	2.2205e-10	-10.0	-2.5
300.0	1.8835e-05	2.1738e-10	-10.0	-2.5
300.5	1.8834e-05	2.1561e-10	-10.0	-2.5
301.0	1.8835e-05	2.1555e-10	-10.0	-2.5
301.5	1.8835e-05	2.1576e-10	-10.0	-2.5
302.0	1.8833e-05	2.1511e-10	-10.0	-2.5
302.5	1.8833e-05	2.1523e-10	-10.0	-2.5
303.0	1.8835e-05	2.152e-10	-10.0	-2.5
303.5	1.8838e-05	2.147e-10	-10.0	-2.5
304.0	1.8837e-05	2.1535e-10	-10.0	-2.5
304.5	1.8836e-05	2.1544e-10	-10.0	-2.5
305.0	1.8834e-05	2.1544e-10	-10.0	-2.5
305.5	1.8833e-05	2.1574e-10	-10.0	-2.5
306.0	1.8833e-05	2.1641e-10	-10.0	-2.5
306.5	1.8835e-05	2.1593e-10	-10.0	-2.5
307.0	1.8834e-05	2.1558e-10	-10.0	-2.5
307.5	1.8834e-05	2.1585e-10	-10.0	-2.5
308.0	1.8832e-05	2.1546e-10	-10.0	-2.5
308.5	1.8835e-05	2.1527e-10	-10.0	-2.5
309.0	1.8833e-05	2.1612e-10	-10.0	-2.5
309.5	1.8833e-05	2.1578e-10	-10.0	-2.5
310.0	1.8834e-05	2.1628e-10	-10.0	-2.5
310.5	1.8837e-05	2.1607e-10	-10.0	-2.5
311.0	1.8837e-05	2.1605e-10	-10.0	-2.5
311.5	1.8834e-05	2.155e-10	-10.0	-2.5
312.0	1.8834e-05	2.1599e-10	-10.0	-2.5
312.5	1.8834e-05	2.1552e-10	-10.0	-2.5
313.0	1.8835e-05	2.1626e-10	-10.0	-2.5
313.5	1.8835e-05	2.1619e-10	-10.0	-2.5
314.0	1.8836e-05	2.1612e-10	-10.0	-2.5
314.5	1.8839e-05	2.1649e-10	-10.0	-2.5
315.0	1.8839e-05	2.1641e-10	-10.0	-2.5
315.5	1.8841e-05	2.1624e-10	-10.0	-2.5
316.0	1.8842e-05	2.1669e-10	-10.0	-2.5
316.5	1.8841e-05	2.1639e-10	-10.0	-2.5
317.0	1.8841e-05	2.1644e-10	-10.0	-2.5
317.5	1.8841e-05	2.1659e-10	-10.0	-2.5
318.0	1.8842e-05	2.1613e-10	-10.0	-2.5
318.5	1.8844e-05	2.1636e-10	-10.0	-2.5
319.0	1.8843e-05	2.1681e-10	-10.0	-2.5
319.5	1.8844e-05	2.1712e-10	-10.0	-2.5
320.0	1.8844e-05	2.1654e-10	-10.0	-2.5
320.5	1.8846e-05	2.1686e-10	-10.0	-2.5
321.0	1.8845e-05	2.1682e-10	-10.0	-2.5
321.5	1.8843e-05	2.1646e-10	-10.0	-2.5
322.0	1.8843e-05	2.1665e-10	-10.0	-2.5
322.5	1.8844e-05	2.1679e-10	-10.0	-2.5
323.0	1.8846e-05	2.1674e-10	-10.0	-2.5
323.5	1.8848e-05	2.17e-10	-10.0	-2.5
324.0	1.8848e-05	2.1638e-10	-10.0	-2.5
324.5	1.8844e-05	2.1719e-10	-10.0	-2.5
325.0	1.8849e-05	2.1718e-10	-10.0	-2.5
325.5	1.8849e-05	2.1754e-10	-10.0	-2.5
326.0	1.8846e-05	2.1686e-10	-10.0	-2.5
326.5	1.8846e-05	2.1719e-10	-10.0	-2.5
327.0	1.8848e-05	2.1678e-10	-10.0	-2.5
327.5	1.8848e-05	2.1778e-10	-10.0	-2.5
328.0	1.8847e-05	2.1666e-10	-10.0	-2.5
328.5	1.8849e-05	2.169e-10	-10.0	-2.5
329.0	1.8849e-05	2.1723e-10	-10.0	-2.5
329.5	1.8849e-05	2.1687e-10	-10.0	-2.5
330.0	1.8851e-05	2.178e-10	-10.0	-2.5
330.5	1.8851e-05	2.1724e-10	-10.0	-2.5
331.0	1.8848e-05	2.1698e-10	-10.0	-2.5
331.5	1.885e-05	2.1786e-10	-10.0	-2.5
332.0	1.8852e-05	2.1704e-10	-10.0	-2.5
332.5	1.8852e-05	2.1748e-10	-10.0	-2.5
333.0	1.8852e-05	2.1717e-10	-10.0	-2.5
333.5	1.8847e-05	2.171e-10	-10.0	-2.5
334.0	1.8849e-05	2.1738e-10	-10.0	-2.5
334.5	1.8849e-05	2.1746e-10	-10.0	-2.5
335.0	1.8849e-05	2.1753e-10	-10.0	-2.5
335.5	1.8852e-05	2.1727e-10	-10.0	-2.5
336.0	1.8851e-05	2.1733e-10	-10.0	-2.5
336.5	1.8852e-05	2.1731e-10	-10.0	-2.5
337.0	1.8853e-05	2.1737e-10	-10.0	-2.5
337.5	1.8854e-05	2.1762e-10	-10.0	-2.5
338.0	1.8853e-05	2.1748e-10	-10.0	-2.5
338.5	1.8848e-05	2.1741e-10	-10.0	-2.5
339.0	1.8851e-05	2.1772e-10	-10.0	-2.5
339.5	1.8852e-05	2.1752e-10	-10.0	-2.5
340.0	1.8852e-05	2.178e-10	-10.0	-2.5
340.5	1.8855e-05	2.1766e-10	-10.0	-2.5
341.0	1.8849e-05	2.176e-10	-10.0	-2.5
341.5	1.8848e-05	2.173e-10	-10.0	-2.5
342.0	1.8853e-05	2.1736e-10	-10.0	-2.5
342.5	1.8853e-05	2.1783e-10	-10.0	-2.5
343.0	1.8852e-05	2.181e-10	-10.0	-2.5
343.5	1.8852e-05	2.1778e-10	-10.0	-2.5
344.0	1.8855e-05	2.1759e-10	-10.0	-2.5
344.5	1.8858e-05	2.1802e-10	-10.0	-2.5
345.0	1.8855e-05	2.1771e-10	-10.0	-2.5
345.5	1.8855e-05	2.1775e-10	-10.0	-2.5
346.0	1.886e-05	2.18e-10	-10.0	-2.5
346.5	1.886e-05	2.1846e-10	-10.0	-2.5
347.0	1.8861e-05	2.1771e-10	-10.0	-2.5
347.5	1.8863e-05	2.1772e-10	-10.0	-2.5
348.0	1.8864e-05	2.1839e-10	-10.0	-2.5
348.5	1.886e-05	2.1796e-10	-10.0	-2.5
349.0	1.8862e-05	2.1746e-10	-10.0	-2.5
349.5	1.8861e-05	2.1786e-10	-10.0	-2.5
350.0	1.886e-05	2.1835e-10	-10.0	-2.5
350.5	1.8858e-05	2.183e-10	-10.0	-2.5
351.0	1.886e-05	2.1768e-10	-10.0	-2.5
351.5	1.8863e-05	2.1809e-10	-10.0	-2.5
352.0	1.8863e-05	2.1854e-10	-10.0	-2.5
352.5	1.8861e-05	2.1765e-10	-10.0	-2.5
353.0	1.8859e-05	2.1754e-10	-10.0	-2.5
353.5	1.8864e-05	2.1831e-10	-10.0	-2.5
354.0	1.8865e-05	2.1844e-10	-10.0	-2.5
354.5	1.8864e-05	2.1806e-10	-10.0	-2.5
355.0	1.8861e-05	2.1857e-10	-10.0	-2.5
355.5	1.8864e-05	2.1846e-10	-10.0	-2.5
356.0	1.8864e-05	2.1881e-10	-10.0	-2.5
356.5	1.8863e-05	2.1857e-10	-10.0	-2.5
357.0	1.8863e-05	2.1818e-10	-10.0	-2.5
357.5	1.8867e-05	2.1857e-10	-10.0	-2.5
358.0	1.887e-05	2.1892e-10	-10.0	-2.5
358.5	1.8869e-05	2.1851e-10	-10.0	-2.5
359.0	1.8869e-05	2.2916e-10	-10.0	-2.5
359.5	1.887e-05	2.6425e-10	-10.0	-2.5
360.0	1.8872e-05	2.6684e-10	-10.0	-2.5
360.5	1.8872e-05	2.6829e-10	-10.0	-2.5
361.0	1.8872e-05	2.6772e-10	-10.0	-2.5
361.5	1.8873e-05	2.689e-10	-10.0	-2.5
362.0	1.8874e-05	2.6864e-10	-10.0	-2.5
362.5	1.8875e-05	2.6859e-10	-10.0	-2.5
363.0	1.8875e-05	2.6806e-10	-10.0	-2.5
363.5	1.8876e-05	2.6827e-10	-10.0	-2.5
364.0	1.8879e-05	2.6739e-10	-10.0	-2.5
364.5	1.888e-05	2.6763e-10	-10.0	-2.5
365.0	1.8881e-05	2.6744e-10	-10.0	-2.5
365.5	1.8884e-05	2.6687e-10	-10.0	-2.5
366.0	1.8887e-05	2.669e-10	-10.0	-2.5
366.5	1.8884e-05	2.6724e-10	-10.0	-2.5
367.0	1.8883e-05	2.6667e-10	-10.0	-2.5
367.5	1.8885e-05	2.6665e-10	-10.0	-2.5
368.0	1.8888e-05	2.6653e-10	-10.0	-2.5
368.5	1.8885e-05	2.6603e-10	-10.0	-2.5
369.0	1.8886e-05	2.6665e-10	-10.0	-2.5
369.5	1.8889e-05	2.6624e-10	-10.0	-2.5
370.0	1.8889e-05	2.6588e-10	-10.0	-2.5
370.5	1.8891e-05	2.6597e-10	-10.0	-2.5
371.0	1.8894e-05	2.6592e-10	-10.0	-2.5
371.5	1.8893e-05	2.6594e-10	-10.0	-2.5
372.0	1.8893e-05	2.6562e-10	-10.0	-2.5
372.5	1.8891e-05	2.664e-10	-10.0	-2.5
373.0	1.8893e-05	2.6571e-10	-10.0	-2.5
373.5	1.8892e-05	2.6616e-10	-10.0	-2.5
374.0	1.8891e-05	2.6555e-10	-10.0	-2.5
374.5	1.8895e-05	2.6573e-10	-10.0	-2.5
375.0	1.8896e-05	2.6557e-10	-10.0	-2.5
375.5	1.8896e-05	2.6547e-10	-10.0	-2.5
376.0	1.8894e-05	2.6568e-10	-10.0	-2.5
376.5	1.8896e-05	2.6535e-10	-10.0	-2.5
377.0	1.8899e-05	2.6578e-10	-10.0	-2.5
377.5	1.8897e-05	2.6543e-10	-10.0	-2.5
378.0	1.8898e-05	2.655e-10	-10.0	-2.5
378.5	1.8902e-05	2.6551e-10	-10.0	-2.5
379.0	1.8906e-05	2.656e-10	-10.0	-2.5
379.5	1.8903e-05	2.6522e-10	-10.0	-2.5
380.0	1.8908e-05	2.6487e-10	-10.0	-2.5
380.5	1.891e-05	2.6536e-10	-10.0	-2.5
381.0	1.8909e-05	2.6534e-10	-10.0	-2.5
381.5	1.891e-05	2.6496e-10	-10.0	-2.5
382.0	1.891e-05	2.6524e-10	-10.0	-2.5
382.5	1.8913e-05	2.6505e-10	-10.0	-2.5
383.0	1.8917e-05	2.6544e-10	-10.0	-2.5
383.5	1.8914e-05	2.6483e-10	-10.0	-2.5
384.0	1.8916e-05	2.6501e-10	-10.0	-2.5
384.5	1.8912e-05	2.6494e-10	-10.0	-2.5
385.0	1.8914e-05	2.6541e-10	-10.0	-2.5
385.5	1.8916e-05	2.6515e-10	-10.0	-2.5
386.0	1.8917e-05	2.6497e-10	-10.0	-2.5
386.5	1.8918e-05	2.6487e-10	-10.0	-2.5
387.0	1.8915e-05	2.6456e-10	-10.0	-2.5
387.5	1.8914e-05	2.6483e-10	-10.0	-2.5
388.0	1.8917e-05	2.6518e-10	-10.0	-2.5
388.5	1.8918e-05	2.651e-10	-10.0	-2.5
389.0	1.8922e-05	2.652e-10	-10.0	-2.5
389.5	1.8923e-05	2.6495e-10	-10.0	-2.5
390.0	1.8925e-05	2.6472e-10	-10.0	-2.5
390.5	1.8929e-05	2.6471e-10	-10.0	-2.5
391.0	1.8927e-05	2.648e-10	-10.0	-2.5
391.5	1.8927e-05	2.6448e-10	-10.0	-2.5
392.0	1.8929e-05	2.6434e-10	-10.0	-2.5
392.5	1.8931e-05	2.6454e-10	-10.0	-2.5
393.0	1.8931e-05	2.6377e-10	-10.0	-2.5
393.5	1.8931e-05	2.6403e-10	-10.0	-2.5
394.0	1.893e-05	2.6414e-10	-10.0	-2.5
394.5	1.8929e-05	2.6432e-10	-10.0	-2.5
395.0	1.8931e-05	2.6392e-10	-10.0	-2.5
395.5	1.8929e-05	2.6465e-10	-10.0	-2.5
396.0	1.8928e-05	2.6404e-10	-10.0	-2.5
396.5	1.8931e-05	2.6435e-10	-10.0	-2.5
397.0	1.8933e-05	2.6392e-10	-10.0	-2.5
397.5	1.8933e-05	2.644e-10	-10.0	-2.5
398.0	1.8937e-05	2.6455e-10	-10.0	-2.5
398.5	1.8936e-05	2.6443e-10	-10.0	-2.5
399.0	1.894e-05	2.6399e-10	-10.0	-2.5
399.5	1.894e-05	2.6383e-10	-10.0	-2.5
400.0	1.8941e-05	2.6372e-10	-10.0	-2.5
400.5	1.8943e-05	2.639e-10	-10.0	-2.5
401.0	1.8942e-05	2.6397e-10	-10.0	-2.5
401.5	1.8941e-05	2.6366e-10	-10.0	-2.5
402.0	1.8942e-05	2.6431e-10	-10.0	-2.5
402.5	1.8942e-05	2.6405e-10	-10.0	-2.5
403.0	1.894e-05	2.6383e-10	-10.0	-2.5
403.5	1.8944e-05	2.6365e-10	-10.0	-2.5
404.0	1.8944e-05	2.6416e-10	-10.0	-2.5
404.5	1.8944e-05	2.6414e-10	-10.0	-2.5
405.0	1.8946e-05	2.6369e-10	-10.0	-2.5
405.5	1.8947e-05	2.6379e-10	-10.0	-2.5
406.0	1.8948e-05	2.6338e-10	-10.0	-2.5
406.5	1.8949e-05	2.634e-10	-10.0	-2.5
407.0	1.8946e-05	2.6315e-10	-10.0	-2.5
407.5	1.895e-05	2.636e-10	-10.0	-2.5
408.0	1.8949e-05	2.6377e-10	-10.0	-2.5
408.5	1.8949e-05	2.6326e-10	-10.0	-2.5
409.0	1.8952e-05	2.6357e-10	-10.0	-2.5
409.5	1.8955e-05	2.6366e-10	-10.0	-2.5
410.0	1.8954e-05	2.633e-10	-10.0	-2.5
410.5	1.8953e-05	2.6363e-10	-10.0	-2.5
411.0	1.8952e-05	2.6377e-10	-10.0	-2.5
411.5	1.8954e-05	2.6344e-10	-10.0	-2.5
412.0	1.8954e-05	2.6368e-10	-10.0	-2.5
412.5	1.8952e-05	2.633e-10	-10.0	-2.5
413.0	1.8948e-05	2.6378e-10	-10.0	-2.5
413.5	1.8952e-05	2.6373e-10	-10.0	-2.5
414.0	1.895e-05	2.6305e-10	-10.0	-2.5
414.5	1.8951e-05	2.6369e-10	-10.0	-2.5
415.0	1.895e-05	2.6309e-10	-10.0	-2.5
415.5	1.8952e-05	2.6353e-10	-10.0	-2.5
416.0	1.895e-05	2.6305e-10	-10.0	-2.5
416.5	1.8949e-05	2.6307e-10	-10.0	-2.5
417.0	1.8949e-05	2.6404e-10	-10.0	-2.5
417.5	1.8947e-05	2.634e-10	-10.0	-2.5
418.0	1.895e-05	2.629e-10	-10.0	-2.5
418.5	1.895e-05	2.6329e-10	-10.0	-2.5
419.0	1.8951e-05	2.6149e-10	-10.0	-2.5
419.5	1.8951e-05	2.2159e-10	-10.0	-2.5
420.0	1.8951e-05	2.1727e-10	-10.0	-2.5
420.5	1.8951e-05	2.1543e-10	-10.0	-2.5
421.0	1.895e-05	2.1559e-10	-10.0	-2.5
421.5	1.8951e-05	2.1483e-10	-10.0	-2.5
422.0	1.8952e-05	2.1506e-10	-10.0	-2.5
422.5	1.8947e-05	2.1491e-10	-10.0	-2.5
423.0	1.895e-05	2.1491e-10	-10.0	-2.5
423.5	1.8948e-05	2.1505e-10	-10.0	-2.5
424.0	1.8949e-05	2.1493e-10	-10.0	-2.5
424.5	1.8949e-05	2.1518e-10	-10.0	-2.5
425.0	1.895e-05	2.1504e-10	-10.0	-2.5
425.5	1.8951e-05	2.1512e-10	-10.0	-2.5
426.0	1.8951e-05	2.153e-10	-10.0	-2.5
426.5	1.8951e-05	2.1547e-10	-10.0	-2.5
427.0	1.8949e-05	2.1567e-10	-10.0	-2.5
427.5	1.8948e-05	2.1572e-10	-10.0	-2.5
428.0	1.8947e-05	2.1575e-10	-10.0	-2.5
428.5	1.8945e-05	2.1605e-10	-10.0	-2.5
429.0	1.8948e-05	2.1595e-10	-10.0	-2.5
429.5	1.8948e-05	2.1537e-10	-10.0	-2.5
430.0	1.8947e-05	2.1552e-10	-10.0	-2.5
430.5	1.8947e-05	2.1552e-10	-10.0	-2.5
431.0	1.8949e-05	2.1555e-10	-10.0	-2.5
431.5	1.8948e-05	2.1591e-10	-10.0	-2.5
432.0	1.8947e-05	2.1615e-10	-10.0	-2.5
432.5	1.8945e-05	2.1571e-10	-10.0	-2.5
433.0	1.8947e-05	2.1596e-10	-10.0	-2.5
433.5	1.8947e-05	2.1596e-10	-10.0	-2.5
434.0	1.8947e-05	2.1605e-10	-10.0	-2.5
434.5	1.8947e-05	2.1596e-10	-10.0	-2.5
435.0	1.8945e-05	2.1634e-10	-10.0	-2.5
435.5	1.8945e-05	2.1594e-10	-10.0	-2.5
436.0	1.8945e-05	2.1662e-10	-10.0	-2.5
436.5	1.8947e-05	2.1631e-10	-10.0	-2.5
437.0	1.8948e-05	2.1677e-10	-10.0	-2.5
437.5	1.895e-05	2.1679e-10	-10.0	-2.5
438.0	1.8947e-05	2.1659e-10	-10.0	-2.5
438.5	1.895e-05	2.1694e-10	-10.0	-2.5
439.0	1.8952e-05	2.1621e-10	-10.0	-2.5
439.5	1.8949e-05	2.1676e-10	-10.0	-2.5
440.0	1.8949e-05	2.1647e-10	-10.0	-2.5
440.5	1.8951e-05	2.1669e-10	-10.0	-2.5
441.0	1.895e-05	2.1741e-10	-10.0	-2.5
441.5	1.8949e-05	2.1692e-10	-10.0	-2.5
442.0	1.8948e-05	2.1651e-10	-10.0	-2.5
442.5	1.8951e-05	2.1709e-10	-10.0	-2.5
443.0	1.895e-05	2.1705e-10	-10.0	-2.5
443.5	1.8948e-05	2.1679e-10	-10.0	-2.5
444.0	1.8951e-05	2.1689e-10	-10.0	-2.5
444.5	1.8954e-05	2.1722e-10	-10.0	-2.5
445.0	1.8952e-05	2.1724e-10	-10.0	-2.5
445.5	1.895e-05	2.1673e-10	-10.0	-2.5
446.0	1.8952e-05	2.1745e-10	-10.0	-2.5
446.5	1.895e-05	2.1691e-10	-10.0	-2.5
447.0	1.8952e-05	2.174e-10	-10.0	-2.5
447.5	1.8955e-05	2.1697e-10	-10.0	-2.5
448.0	1.8955e-05	2.1753e-10	-10.0	-2.5
448.5	1.8955e-05	2.1743e-10	-10.0	-2.5
449.0	1.8958e-05	2.1771e-10	-10.0	-2.5
449.5	1.8957e-05	2.1707e-10	-10.0	-2.5
450.0	1.8956e-05	2.1766e-10	-10.0	-2.5
450.5	1.8958e-05	2.1727e-10	-10.0	-2.5
451.0	1.8958e-05	2.1694e-10	-10.0	-2.5
451.5	1.8958e-05	2.1732e-10	-10.0	-2.5
452.0	1.8959e-05	2.1696e-10	-10.0	-2.5
452.5	1.8956e-05	2.1663e-10	-10.0	-2.5
453.0	1.8955e-05	2.1747e-10	-10.0	-2.5
453.5	1.8954e-05	2.1711e-10	-10.0	-2.5
454.0	1.8951e-05	2.1764e-10	-10.0	-2.5
454.5	1.8955e-05	2.1768e-10	-10.0	-2.5
455.0	1.8953e-05	2.1713e-10	-10.0	-2.5
455.5	1.8952e-05	2.1746e-10	-10.0	-2.5
456.0	1.8953e-05	2.1747e-10	-10.0	-2.5
456.5	1.8953e-05	2.1812e-10	-10.0	-2.5
457.0	1.8955e-05	2.1739e-10	-10.0	-2.5
457.5	1.8954e-05	2.1767e-10	-10.0	-2.5
458.0	1.8955e-05	2.1796e-10	-10.0	-2.5
458.5	1.8956e-05	2.1801e-10	-10.0	-2.5
459.0	1.8959e-05	2.1783e-10	-10.0	-2.5
459.5	1.8955e-05	2.1797e-10	-10.0	-2.5
460.0	1.8956e-05	2.181e-10	-10.0	-2.5
460.5	1.8957e-05	2.1815e-10	-10.0	-2.5
461.0	1.8956e-05	2.1779e-10	-10.0	-2.5
461.5	1.8954e-05	2.1785e-10	-10.0	-2.5
462.0	1.8954e-05	2.1785e-10	-10.0	-2.5
462.5	1.8956e-05	2.18e-10	-10.0	-2.5
463.0	1.8957e-05	2.1759e-10	-10.0	-2.5
463.5	1.896e-05	2.1808e-10	-10.0	-2.5
464.0	1.8959e-05	2.1706e-10	-10.0	-2.5
464.5	1.8958e-05	2.1781e-10	-10.0	-2.5
465.0	1.8957e-05	2.1786e-10	-10.0	-2.5
465.5	1.896e-05	2.1879e-10	-10.0	-2.5
466.0	1.8962e-05	2.1786e-10	-10.0	-2.5
466.5	1.8963e-05	2.1814e-10	-10.0	-2.5
467.0	1.8963e-05	2.1818e-10	-10.0	-2.5
467.5	1.8963e-05	2.1809e-10	-10.0	-2.5
468.0	1.8963e-05	2.1791e-10	-10.0	-2.5
468.5	1.8961e-05	2.1806e-10	-10.0	-2.5
469.0	1.896e-05	2.18e-10	-10.0	-2.5
469.5	1.8961e-05	2.1774e-10	-10.0	-2.5
470.0	1.8962e-05	2.1814e-10	-10.0	-2.5
470.5	1.8963e-05	2.184e-10	-10.0	-2.5
471.0	1.8962e-05	2.1802e-10	-10.0	-2.5
471.5	1.8961e-05	2.179e-10	-10.0	-2.5
472.0	1.8963e-05	2.1871e-10	-10.0	-2.5
472.5	1.8963e-05	2.1815e-10	-10.0	-2.5
473.0	1.8962e-05	2.182e-10	-10.0	-2.5
473.5	1.896e-05	2.1877e-10	-10.0	-2.5
474.0	1.8964e-05	2.1907e-10	-10.0	-2.5
474.5	1.8959e-05	2.1874e-10	-10.0	-2.5
475.0	1.8957e-05	2.1859e-10	-10.0	-2.5
475.5	1.8958e-05	2.1855e-10	-10.0	-2.5
476.0	1.8961e-05	2.1839e-10	-10.0	-2.5
476.5	1.896e-05	2.1856e-10	-10.0	-2.5
477.0	1.8964e-05	2.1878e-10	-10.0	-2.5
477.5	1.8965e-05	2.1802e-10	-10.0	-2.5
478.0	1.8968e-05	2.1864e-10	-10.0	-2.5
478.5	1.8966e-05	2.1807e-10	-10.0	-2.5
479.0	1.8965e-05	2.2541e-10	-10.0	-2.5
479.5	1.8965e-05	2.6379e-10	-10.0	-2.5
480.0	1.8968e-05	2.6671e-10	-10.0	-2.5
480.5	1.8973e-05	2.6795e-10	-10.0	-2.5
481.0	1.8975e-05	2.6837e-10	-10.0	-2.5
481.5	1.8979e-05	2.6821e-10	-10.0	-2.5
482.0	1.8976e-05	2.6818e-10	-10.0	-2.5
482.5	1.898e-05	2.6799e-10	-10.0	-2.5
483.0	1.898e-05	2.6806e-10	-10.0	-2.5
483.5	1.8981e-05	2.6773e-10	-10.0	-2.5
484.0	1.8985e-05	2.6777e-10	-10.0	-2.5
484.5	1.8986e-05	2.6685e-10	-10.0	-2.5
485.0	1.8983e-05	2.6723e-10	-10.0	-2.5
485.5	1.8986e-05	2.6669e-10	-10.0	-2.5
486.0	1.8986e-05	2.6695e-10	-10.0	-2.5
486.5	1.8987e-05	2.6684e-10	-10.0	-2.5
487.0	1.8988e-05	2.6634e-10	-10.0	-2.5
487.5	1.8988e-05	2.6621e-10	-10.0	-2.5
488.0	1.8989e-05	2.6619e-10	-10.0	-2.5
488.5	1.8992e-05	2.6653e-10	-10.0	-2.5
489.0	1.8992e-05	2.6567e-10	-10.0	-2.5
489.5	1.8991e-05	2.6557e-10	-10.0	-2.5
490.0	1.8992e-05	2.6631e-10	-10.0	-2.5
490.5	1.8994e-05	2.6605e-10	-10.0	-2.5
491.0	1.8997e-05	2.6576e-10	-10.0	-2.5
491.5	1.8997e-05	2.6559e-10	-10.0	-2.5
492.0	1.9e-05	2.6509e-10	-10.0	-2.5
492.5	1.9e-05	2.6589e-10	-10.0	-2.5
493.0	1.9e-05	2.654e-10	-10.0	-2.5
493.5	1.9004e-05	2.6567e-10	-10.0	-2.5
494.0	1.9006e-05	2.6496e-10	-10.0	-2.5
494.5	1.9008e-05	2.65e-10	-10.0	-2.5
495.0	1.9003e-05	2.6476e-10	-10.0	-2.5
495.5	1.9006e-05	2.6542e-10	-10.0	-2.5
496.0	1.9009e-05	2.6512e-10	-10.0	-2.5
496.5	1.9007e-05	2.6531e-10	-10.0	-2.5
497.0	1.9007e-05	2.654e-10	-10.0	-2.5
497.5	1.9006e-05	2.6549e-10	-10.0	-2.5
498.0	1.9006e-05	2.6469e-10	-10.0	-2.5
498.5	1.9008e-05	2.6486e-10	-10.0	-2.5
499.0	1.9008e-05	2.6504e-10	-10.0	-2.5
499.5	1.9009e-05	2.6503e-10	-10.0	-2.5
500.0	1.901e-05	2.6481e-10	-10.0	-2.5
500.5	1.9012e-05	2.6447e-10	-10.0	-2.5
501.0	1.9009e-05	2.6476e-10	-10.0	-2.5
501.5	1.9009e-05	2.6467e-10	-10.0	-2.5
502.0	1.9007e-05	2.6505e-10	-10.0	-2.5
502.5	1.9011e-05	2.6479e-10	-10.0	-2.5
503.0	1.9016e-05	2.6475e-10	-10.0	-2.5
503.5	1.9016e-05	2.6447e-10	-10.0	-2.5
504.0	1.902e-05	2.6452e-10	-10.0	-2.5
504.5	1.9021e-05	2.6482e-10	-10.0	-2.5
505.0	1.9019e-05	2.6508e-10	-10.0	-2.5
505.5	1.9019e-05	2.648e-10	-10.0	-2.5
506.0	1.9019e-05	2.6496e-10	-10.0	-2.5
506.5	1.902e-05	2.6492e-10	-10.0	-2.5
507.0	1.9018e-05	2.6475e-10	-10.0	-2.5
507.5	1.9017e-05	2.6444e-10	-10.0	-2.5
508.0	1.9016e-05	2.6437e-10	-10.0	-2.5
508.5	1.9016e-05	2.6434e-10	-10.0	-2.5
509.0	1.902e-05	2.6493e-10	-10.0	-2.5
509.5	1.9019e-05	2.6438e-10	-10.0	-2.5
510.0	1.902e-05	2.6519e-10	-10.0	-2.5
510.5	1.902e-05	2.6472e-10	-10.0	-2.5
511.0	1.902e-05	2.6442e-10	-10.0	-2.5
511.5	1.9024e-05	2.6493e-10	-10.0	-2.5
512.0	1.9023e-05	2.646e-10	-10.0	-2.5
512.5	1.9022e-05	2.6482e-10	-10.0	-2.5
513.0	1.9023e-05	2.6406e-10	-10.0	-2.5
513.5	1.9024e-05	2.6411e-10	-10.0	-2.5
514.0	1.9028e-05	2.6435e-10	-10.0	-2.5
514.5	1.9027e-05	2.641e-10	-10.0	-2.5
515.0	1.9025e-05	2.641e-10	-10.0	-2.5
515.5	1.9027e-05	2.6407e-10	-10.0	-2.5
516.0	1.9027e-05	2.6421e-10	-10.0	-2.5
516.5	1.903e-05	2.6407e-10	-10.0	-2.5
517.0	1.9031e-05	2.6453e-10	-10.0	-2.5
517.5	1.9029e-05	2.6386e-10	-10.0	-2.5
518.0	1.903e-05	2.6358e-10	-10.0	-2.5
518.5	1.9028e-05	2.6349e-10	-10.0	-2.5
519.0	1.9029e-05	2.6407e-10	-10.0	-2.5
519.5	1.9031e-05	2.6364e-10	-10.0	-2.5
520.0	1.9032e-05	2.6409e-10	-10.0	-2.5
520.5	1.9029e-05	2.6475e-10	-10.0	-2.5
521.0	1.9034e-05	2.6439e-10	-10.0	-2.5
521.5	1.9032e-05	2.6355e-10	-10.0	-2.5
522.0	1.903e-05	2.6429e-10	-10.0	-2.5
522.5	1.9031e-05	2.6364e-10	-10.0	-2.5
523.0	1.9032e-05	2.6404e-10	-10.0	-2.5
523.5	1.9029e-05	2.6376e-10	-10.0	-2.5
524.0	1.903e-05	2.6396e-10	-10.0	-2.5
524.5	1.9032e-05	2.6382e-10	-10.0	-2.5
525.0	1.9035e-05	2.6371e-10	-10.0	-2.5
525.5	1.9034e-05	2.6329e-10	-10.0	-2.5
526.0	1.9033e-05	2.6371e-10	-10.0	-2.5
526.5	1.9033e-05	2.6403e-10	-10.0	-2.5
527.0	1.9033e-05	2.6389e-10	-10.0	-2.5
527.5	1.9037e-05	2.6372e-10	-10.0	-2.5
528.0	1.9035e-05	2.6331e-10	-10.0	-2.5
528.5	1.9035e-05	2.6367e-10	-10.0	-2.5
529.0	1.9038e-05	2.629e-10	-10.0	-2.5
529.5	1.9037e-05	2.6327e-10	-10.0	-2.5
530.0	1.9039e-05	2.6319e-10	-10.0	-2.5
530.5	1.9038e-05	2.6325e-10	-10.0	-2.5
531.0	1.904e-05	2.6398e-10	-10.0	-2.5
531.5	1.9045e-05	2.6322e-10	-10.0	-2.5
532.0	1.9043e-05	2.6297e-10	-10.0	-2.5
532.5	1.9044e-05	2.634e-10	-10.0	-2.5
533.0	1.9043e-05	2.6349e-10	-10.0	-2.5
533.5	1.9041e-05	2.6347e-10	-10.0	-2.5
534.0	1.9041e-05	2.6328e-10	-10.0	-2.5
534.5	1.904e-05	2.6339e-10	-10.0	-2.5
535.0	1.904e-05	2.6312e-10	-10.0	-2.5
535.5	1.904e-05	2.6399e-10	-10.0	-2.5
536.0	1.9041e-05	2.6324e-10	-10.0	-2.5
536.5	1.9041e-05	2.6289e-10	-10.0	-2.5
537.0	1.9043e-05	2.6361e-10	-10.0	-2.5
537.5	1.9044e-05	2.6371e-10	-10.0	-2.5
538.0	1.9042e-05	2.633e-10	-10.0	-2.5
538.5	1.9046e-05	2.636e-10	-10.0	-2.5
539.0	1.9042e-05	2.6197e-10	-10.0	-2.5
539.5	1.9043e-05	2.2291e-10	-10.0	-2.5
540.0	1.9041e-05	2.1764e-10	-10.0	-2.5
540.5	1.9042e-05	2.157e-10	-10.0	-2.5
541.0	1.9039e-05	2.1562e-10	-10.0	-2.5
541.5	1.9037e-05	2.1553e-10	-10.0	-2.5
542.0	1.9039e-05	2.1562e-10	-10.0	-2.5
542.5	1.904e-05	2.1522e-10	-10.0	-2.5
543.0	1.9042e-05	2.161e-10	-10.0	-2.5
543.5	1.9038e-05	2.1538e-10	-10.0	-2.5
544.0	1.904e-05	2.1603e-10	-10.0	-2.5
544.5	1.9037e-05	2.1597e-10	-10.0	-2.5
545.0	1.9038e-05	2.1605e-10	-10.0	-2.5
545.5	1.9036e-05	2.1581e-10	-10.0	-2.5
546.0	1.9038e-05	2.163e-10	-10.0	-2.5
546.5	1.9037e-05	2.1543e-10	-10.0	-2.5
547.0	1.9036e-05	2.1568e-10	-10.0	-2.5
547.5	1.9036e-05	2.1571e-10	-10.0	-2.5
548.0	1.9036e-05	2.1573e-10	-10.0	-2.5
548.5	1.9038e-05	2.1609e-10	-10.0	-2.5
549.0	1.9037e-05	2.1625e-10	-10.0	-2.5
549.5	1.9037e-05	2.1593e-10	-10.0	-2.5
550.0	1.9036e-05	2.1596e-10	-10.0	-2.5
550.5	1.9036e-05	2.1587e-10	-10.0	-2.5
551.0	1.9036e-05	2.1621e-10	-10.0	-2.5
551.5	1.9036e-05	2.1641e-10	-10.0	-2.5
552.0	1.9039e-05	2.1614e-10	-10.0	-2.5
552.5	1.9035e-05	2.1608e-10	-10.0	-2.5
553.0	1.9035e-05	2.1643e-10	-10.0	-2.5
553.5	1.9038e-05	2.1635e-10	-10.0	-2.5
554.0	1.9037e-05	2.1641e-10	-10.0	-2.5
554.5	1.9036e-05	2.171e-10	-10.0	-2.5
555.0	1.9033e-05	2.169e-10	-10.0	-2.5
555.5	1.9031e-05	2.1672e-10	-10.0	-2.5
556.0	1.9032e-05	2.161e-10	-10.0	-2.5
556.5	1.9033e-05	2.1654e-10	-10.0	-2.5
557.0	1.9036e-05	2.17e-10	-10.0	-2.5
557.5	1.9033e-05	2.1666e-10	-10.0	-2.5
558.0	1.9035e-05	2.1684e-10	-10.0	-2.5
558.5	1.9031e-05	2.165e-10	-10.0	-2.5
559.0	1.9034e-05	2.1699e-10	-10.0	-2.5
559.5	1.9034e-05	2.1679e-10	-10.0	-2.5
560.0	1.9035e-05	2.1725e-10	-10.0	-2.5
560.5	1.9031e-05	2.1701e-10	-10.0	-2.5
561.0	1.9032e-05	2.1648e-10	-10.0	-2.5
561.5	1.9031e-05	2.1648e-10	-10.0	-2.5
562.0	1.9032e-05	2.1733e-10	-10.0	-2.5
562.5	1.9033e-05	2.1673e-10	-10.0	-2.5
563.0	1.9033e-05	2.1731e-10	-10.0	-2.5
563.5	1.9034e-05	2.1726e-10	-10.0	-2.5
564.0	1.9033e-05	2.1718e-10	-10.0	-2.5
564.5	1.9035e-05	2.1738e-10	-10.0	-2.5
565.0	1.9034e-05	2.173e-10	-10.0	-2.5
565.5	1.9037e-05	2.1738e-10	-10.0	-2.5
566.0	1.9039e-05	2.1733e-10	-10.0	-2.5
566.5	1.9034e-05	2.1698e-10	-10.0	-2.5
567.0	1.9033e-05	2.1708e-10	-10.0	-2.5
567.5	1.9036e-05	2.1752e-10	-10.0	-2.5
568.0	1.9033e-05	2.1744e-10	-10.0	-2.5
568.5	1.9037e-05	2.1787e-10	-10.0	-2.5
569.0	1.9037e-05	2.1777e-10	-10.0	-2.5
569.5	1.9036e-05	2.1743e-10	-10.0	-2.5
570.0	1.904e-05	2.1737e-10	-10.0	-2.5
570.5	1.904e-05	2.1761e-10	-10.0	-2.5
571.0	1.904e-05	2.1746e-10	-10.0	-2.5
571.5	1.9035e-05	2.1799e-10	-10.0	-2.5
572.0	1.9038e-05	2.1798e-10	-10.0	-2.5
572.5	1.9037e-05	2.1791e-10	-10.0	-2.5
573.0	1.9035e-05	2.1754e-10	-10.0	-2.5
573.5	1.9035e-05	2.1825e-10	-10.0	-2.5
574.0	1.9035e-05	2.1779e-10	-10.0	-2.5
574.5	1.904e-05	2.1805e-10	-10.0	-2.5
575.0	1.9037e-05	2.179e-10	-10.0	-2.5
575.5	1.9035e-05	2.1739e-10	-10.0	-2.5
576.0	1.9033e-05	2.178e-10	-10.0	-2.5
576.5	1.9039e-05	2.1766e-10	-10.0	-2.5
577.0	1.9037e-05	2.1822e-10	-10.0	-2.5
577.5	1.904e-05	2.1794e-10	-10.0	-2.5
578.0	1.9038e-05	2.1833e-10	-10.0	-2.5
578.5	1.9039e-05	2.1799e-10	-10.0	-2.5
579.0	1.9041e-05	2.1879e-10	-10.0	-2.5
579.5	1.9038e-05	2.1794e-10	-10.0	-2.5
580.0	1.9036e-05	2.1826e-10	-10.0	-2.5
580.5	1.9039e-05	2.1852e-10	-10.0	-2.5
581.0	1.904e-05	2.1813e-10	-10.0	-2.5
581.5	1.904e-05	2.1854e-10	-10.0	-2.5
582.0	1.9039e-05	2.1861e-10	-10.0	-2.5
582.5	1.9037e-05	2.1844e-10	-10.0	-2.5
583.0	1.9039e-05	2.1825e-10	-10.0	-2.5
583.5	1.9038e-05	2.1879e-10	-10.0	-2.5
584.0	1.9037e-05	2.1832e-10	-10.0	-2.5
584.5	1.9039e-05	2.1832e-10	-10.0	-2.5
585.0	1.9037e-05	2.1884e-10	-10.0	-2.5
585.5	1.9041e-05	2.1848e-10	-10.0	-2.5
586.0	1.9042e-05	2.1797e-10	-10.0	-2.5
586.5	1.9042e-05	2.1885e-10	-10.0	-2.5
587.0	1.904e-05	2.1863e-10	-10.0	-2.5
587.5	1.9041e-05	2.1839e-10	-10.0	-2.5
588.0	1.9041e-05	2.1885e-10	-10.0	-2.5
588.5	1.9045e-05	2.1831e-10	-10.0	-2.5
589.0	1.9044e-05	2.1875e-10	-10.0	-2.5
589.5	1.9045e-05	2.1845e-10	-10.0	-2.5
590.0	1.9045e-05	2.1908e-10	-10.0	-2.5
590.5	1.9043e-05	2.1839e-10	-10.0	-2.5
591.0	1.9042e-05	2.1862e-10	-10.0	-2.5
591.5	1.9046e-05	2.1886e-10	-10.0	-2.5
592.0	1.9049e-05	2.1908e-10	-10.0	-2.5
592.5	1.9047e-05	2.1925e-10	-10.0	-2.5
593.0	1.905e-05	2.1905e-10	-10.0	-2.5
593.5	1.9046e-05	2.1815e-10	-10.0	-2.5
594.0	1.9048e-05	2.1913e-10	-10.0	-2.5
594.5	1.9047e-05	2.183e-10	-10.0	-2.5
595.0	1.9047e-05	2.1919e-10	-10.0	-2.5
595.5	1.9048e-05	2.1872e-10	-10.0	-2.5
596.0	1.9047e-05	2.189e-10	-10.0	-2.5
596.5	1.9048e-05	2.1875e-10	-10.0	-2.5
597.0	1.9048e-05	2.1894e-10	-10.0	-2.5
597.5	1.9049e-05	2.1887e-10	-10.0	-2.5
598.0	1.9051e-05	2.1906e-10	-10.0	-2.5
598.5	1.9049e-05	2.1897e-10	-10.0	-2.5
599.0	1.9052e-05	2.187e-10	-10.0	-2.5
599.5	1.9048e-05	2.192e-10	-10.0	-2.5
600.0	1.905e-05	2.1915e-10	-10.0	-2.5
600.5	1.905e-05	2.1914e-10	-10.0	-2.5
601.0	1.9051e-05	2.19e-10	-10.0	-2.5
601.5	1.9052e-05	2.1933e-10	-10.0	-2.5
602.0	1.9054e-05	2.1953e-10	-10.0	-2.5
602.5	1.9052e-05	2.1915e-10	-10.0	-2.5
603.0	1.9054e-05	2.1968e-10	-10.0	-2.5
603.5	1.905e-05	2.1893e-10	-10.0	-2.5
604.0	1.9051e-05	2.1914e-10	-10.0	-2.5
604.5	1.9053e-05	2.193e-10	-10.0	-2.5
605.0	1.9053e-05	2.1955e-10	-10.0	-2.5
605.5	1.9053e-05	2.1944e-10	-10.0	-2.5
606.0	1.905e-05	2.1929e-10	-10.0	-2.5
606.5	1.9049e-05	2.1982e-10	-10.0	-2.5
607.0	1.9043e-05	2.195e-10	-10.0	-2.5
607.5	1.9048e-05	2.1955e-10	-10.0	-2.5
608.0	1.905e-05	2.1939e-10	-10.0	-2.5
608.5	1.9054e-05	2.1937e-10	-10.0	-2.5
609.0	1.9056e-05	2.1994e-10	-10.0	-2.5
609.5	1.9055e-05	2.1925e-10	-10.0	-2.5
610.0	1.9056e-05	2.1965e-10	-10.0	-2.5
610.5	1.9057e-05	2.1937e-10	-10.0	-2.5
611.0	1.9055e-05	2.1927e-10	-10.0	-2.5
611.5	1.9055e-05	2.1908e-10	-10.0	-2.5
612.0	1.9054e-05	2.2014e-10	-10.0	-2.5
612.5	1.9053e-05	2.1929e-10	-10.0	-2.5
613.0	1.9052e-05	2.192e-10	-10.0	-2.5
613.5	1.9052e-05	2.1984e-10	-10.0	-2.5
614.0	1.9053e-05	2.2005e-10	-10.0	-2.5
614.5	1.9052e-05	2.1987e-10	-10.0	-2.5
615.0	1.9053e-05	2.1999e-10	-10.0	-2.5
615.5	1.9051e-05	2.1975e-10	-10.0	-2.5
616.0	1.9054e-05	2.1986e-10	-10.0	-2.5
616.5	1.9055e-05	2.2018e-10	-10.0	-2.5
617.0	1.9057e-05	2.1965e-10	-10.0	-2.5
617.5	1.9056e-05	2.2032e-10	-10.0	-2.5
618.0	1.9058e-05	2.2062e-10	-10.0	-2.5
618.5	1.906e-05	2.1985e-10	-10.0	-2.5
619.0	1.9057e-05	2.1951e-10	-10.0	-2.5
619.5	1.9057e-05	2.204e-10	-10.0	-2.5
620.0	1.9057e-05	2.1972e-10	-10.0	-2.5
620.5	1.9059e-05	2.1997e-10	-10.0	-2.5
621.0	1.906e-05	2.2024e-10	-10.0	-2.5
621.5	1.9059e-05	2.2035e-10	-10.0	-2.5
622.0	1.9062e-05	2.2044e-10	-10.0	-2.5
622.5	1.9062e-05	2.1979e-10	-10.0	-2.5
623.0	1.906e-05	2.2014e-10	-10.0	-2.5
