File Name: 03_Sample6_device5_It_150kV_300uA_VDrain1V_VGate20V.dat
File Data: 21/11/2023	11:49:00
Start V: 0
Step V: 0
Stop V: 0
Range V: 200
Delay(ms): 0
Auorange: yes
Sweep type: log
Instrument Meter: SM2614
Time(ms)	Vdrain(V)	Idrain(A)	Vgate(V)	Igate(A)
0.0000E+0	1.0000E+0	7.4486E-7	2.0000E+1	7.0270E-11
1.0000E+3	1.0000E+0	6.8929E-7	2.0000E+1	7.9886E-11
1.5000E+3	1.0000E+0	6.6713E-7	2.0000E+1	7.6138E-11
2.0000E+3	1.0000E+0	6.4554E-7	2.0000E+1	7.3320E-11
2.5000E+3	1.0000E+0	6.5180E-7	2.0000E+1	7.2290E-11
3.0000E+3	1.0000E+0	6.3625E-7	2.0000E+1	7.0474E-11
3.5000E+3	1.0000E+0	6.2206E-7	2.0000E+1	6.9865E-11
4.0000E+3	1.0000E+0	6.1312E-7	2.0000E+1	6.9208E-11
4.5000E+3	1.0000E+0	5.9793E-7	2.0000E+1	6.8578E-11
5.0000E+3	1.0000E+0	5.8640E-7	2.0000E+1	6.7326E-11
5.5000E+3	1.0000E+0	5.8802E-7	2.0000E+1	6.6822E-11
6.0000E+3	1.0000E+0	5.8546E-7	2.0000E+1	6.6214E-11
6.5000E+3	1.0000E+0	5.8158E-7	2.0000E+1	6.4842E-11
7.0000E+3	1.0000E+0	5.7447E-7	2.0000E+1	6.4793E-11
7.5000E+3	1.0000E+0	5.7422E-7	2.0000E+1	6.4726E-11
8.0000E+3	1.0000E+0	5.7222E-7	2.0000E+1	6.4608E-11
8.5000E+3	1.0000E+0	5.6592E-7	2.0000E+1	6.3634E-11
9.0000E+3	1.0000E+0	5.6103E-7	2.0000E+1	6.3430E-11
9.5000E+3	1.0000E+0	5.6316E-7	2.0000E+1	6.3342E-11
1.0000E+4	1.0000E+0	5.6241E-7	2.0000E+1	6.2925E-11
1.0500E+4	1.0000E+0	5.6357E-7	2.0000E+1	6.2591E-11
1.1000E+4	1.0000E+0	5.5647E-7	2.0000E+1	6.2041E-11
1.1500E+4	1.0000E+0	5.4081E-7	2.0000E+1	6.1728E-11
1.2000E+4	1.0000E+0	5.5400E-7	2.0000E+1	6.1411E-11
1.2500E+4	1.0000E+0	5.4886E-7	2.0000E+1	6.0868E-11
1.3000E+4	1.0000E+0	5.5043E-7	2.0000E+1	6.1091E-11
1.3500E+4	1.0000E+0	5.4756E-7	2.0000E+1	6.0370E-11
1.4000E+4	1.0000E+0	5.4746E-7	2.0000E+1	6.0116E-11
1.4500E+4	1.0000E+0	5.3387E-7	2.0000E+1	6.0418E-11
1.5000E+4	1.0000E+0	5.2857E-7	2.0000E+1	5.9609E-11
1.5500E+4	1.0000E+0	5.2952E-7	2.0000E+1	5.9226E-11
1.6000E+4	1.0000E+0	5.2722E-7	2.0000E+1	5.9084E-11
1.6500E+4	1.0000E+0	5.2037E-7	2.0000E+1	5.8871E-11
1.7000E+4	1.0000E+0	5.2317E-7	2.0000E+1	5.8601E-11
1.7500E+4	1.0000E+0	5.1683E-7	2.0000E+1	5.8309E-11
1.8000E+4	1.0000E+0	5.0852E-7	2.0000E+1	5.8502E-11
1.8500E+4	1.0000E+0	5.0728E-7	2.0000E+1	5.8533E-11
1.9000E+4	1.0000E+0	5.0779E-7	2.0000E+1	5.8047E-11
1.9500E+4	1.0000E+0	4.9820E-7	2.0000E+1	5.7992E-11
2.0000E+4	1.0000E+0	5.0010E-7	2.0000E+1	5.7939E-11
2.0500E+4	1.0000E+0	4.9631E-7	2.0000E+1	5.7749E-11
2.1000E+4	1.0000E+0	5.0337E-7	2.0000E+1	5.7274E-11
2.1500E+4	1.0000E+0	5.0875E-7	2.0000E+1	5.7045E-11
2.2000E+4	1.0000E+0	5.0350E-7	2.0000E+1	5.7242E-11
2.2500E+4	1.0000E+0	4.8845E-7	2.0000E+1	5.7254E-11
2.3000E+4	1.0000E+0	5.0568E-7	2.0000E+1	5.7679E-11
2.3500E+4	1.0000E+0	4.8448E-7	2.0000E+1	5.7142E-11
2.4000E+4	1.0000E+0	4.7761E-7	2.0000E+1	5.6889E-11
2.4500E+4	1.0000E+0	4.7932E-7	2.0000E+1	5.6814E-11
2.5000E+4	1.0000E+0	4.8101E-7	2.0000E+1	5.6754E-11
2.5500E+4	1.0000E+0	4.7482E-7	2.0000E+1	5.6531E-11
2.6000E+4	1.0000E+0	4.7725E-7	2.0000E+1	5.7102E-11
2.6500E+4	1.0000E+0	4.7709E-7	2.0000E+1	5.6820E-11
2.7000E+4	1.0000E+0	4.7659E-7	2.0000E+1	5.6921E-11
2.7500E+4	1.0000E+0	4.7433E-7	2.0000E+1	5.6858E-11
2.8000E+4	1.0000E+0	4.8221E-7	2.0000E+1	5.6410E-11
2.8500E+4	1.0000E+0	4.7592E-7	2.0000E+1	5.6856E-11
2.9000E+4	1.0000E+0	4.7769E-7	2.0000E+1	5.6745E-11
2.9500E+4	1.0000E+0	4.8342E-7	2.0000E+1	5.6472E-11
3.0000E+4	1.0000E+0	4.8320E-7	2.0000E+1	5.6961E-11
3.0500E+4	1.0000E+0	4.8837E-7	2.0000E+1	5.6782E-11
3.1000E+4	1.0000E+0	4.7990E-7	2.0000E+1	5.7164E-11
3.1500E+4	1.0000E+0	4.8166E-7	2.0000E+1	5.6586E-11
3.2000E+4	1.0000E+0	4.7761E-7	2.0000E+1	5.6583E-11
3.2500E+4	1.0000E+0	4.7513E-7	2.0000E+1	5.6456E-11
3.3000E+4	1.0000E+0	4.7377E-7	2.0000E+1	5.6574E-11
3.3500E+4	1.0000E+0	4.7500E-7	2.0000E+1	5.6218E-11
3.4000E+4	1.0000E+0	4.6868E-7	2.0000E+1	5.6062E-11
3.4500E+4	1.0000E+0	4.6287E-7	2.0000E+1	5.6644E-11
3.5000E+4	1.0000E+0	4.6269E-7	2.0000E+1	5.6726E-11
3.5500E+4	1.0000E+0	4.6150E-7	2.0000E+1	5.5959E-11
3.6000E+4	1.0000E+0	4.5894E-7	2.0000E+1	5.6367E-11
3.6500E+4	1.0000E+0	4.6898E-7	2.0000E+1	5.6763E-11
3.7000E+4	1.0000E+0	4.5837E-7	2.0000E+1	5.6338E-11
3.7500E+4	1.0000E+0	4.6047E-7	2.0000E+1	5.6254E-11
3.8000E+4	1.0000E+0	4.5702E-7	2.0000E+1	5.6384E-11
3.8500E+4	1.0000E+0	4.5823E-7	2.0000E+1	5.6057E-11
3.9000E+4	1.0000E+0	4.5320E-7	2.0000E+1	5.6070E-11
3.9500E+4	1.0000E+0	4.6027E-7	2.0000E+1	5.6566E-11
4.0000E+4	1.0000E+0	4.5793E-7	2.0000E+1	5.6685E-11
4.0500E+4	1.0000E+0	4.5658E-7	2.0000E+1	5.6037E-11
4.1000E+4	1.0000E+0	4.6041E-7	2.0000E+1	5.5873E-11
4.1500E+4	1.0000E+0	4.6357E-7	2.0000E+1	5.5833E-11
4.2000E+4	1.0000E+0	4.6177E-7	2.0000E+1	5.5975E-11
4.2500E+4	1.0000E+0	4.5884E-7	2.0000E+1	5.6297E-11
4.3000E+4	1.0000E+0	4.5105E-7	2.0000E+1	5.5978E-11
4.3500E+4	1.0000E+0	4.6108E-7	2.0000E+1	5.5604E-11
4.4000E+4	1.0000E+0	4.5435E-7	2.0000E+1	5.6227E-11
4.4500E+4	1.0000E+0	4.5599E-7	2.0000E+1	5.6664E-11
4.5000E+4	1.0000E+0	4.5491E-7	2.0000E+1	5.6708E-11
4.5500E+4	1.0000E+0	4.6112E-7	2.0000E+1	5.6193E-11
4.6000E+4	1.0000E+0	4.4878E-7	2.0000E+1	5.5884E-11
4.6500E+4	1.0000E+0	4.5137E-7	2.0000E+1	5.5913E-11
4.7000E+4	1.0000E+0	4.5753E-7	2.0000E+1	5.5957E-11
4.7500E+4	1.0000E+0	4.5450E-7	2.0000E+1	5.6132E-11
4.8000E+4	1.0000E+0	4.5509E-7	2.0000E+1	5.5970E-11
4.8500E+4	1.0000E+0	4.4849E-7	2.0000E+1	5.5367E-11
4.9000E+4	1.0000E+0	4.4880E-7	2.0000E+1	5.5646E-11
4.9500E+4	1.0000E+0	4.4455E-7	2.0000E+1	5.5423E-11
5.0000E+4	1.0000E+0	4.4930E-7	2.0000E+1	5.5555E-11
5.0500E+4	1.0000E+0	4.5875E-7	2.0000E+1	5.5660E-11
5.1000E+4	1.0000E+0	4.6144E-7	2.0000E+1	5.5778E-11
5.1500E+4	1.0000E+0	4.5736E-7	2.0000E+1	5.5072E-11
5.2000E+4	1.0000E+0	4.6014E-7	2.0000E+1	5.5133E-11
5.2500E+4	1.0000E+0	4.5165E-7	2.0000E+1	5.5661E-11
5.3000E+4	1.0000E+0	4.4955E-7	2.0000E+1	5.5526E-11
5.3500E+4	1.0000E+0	4.4997E-7	2.0000E+1	5.5377E-11
5.4000E+4	1.0000E+0	4.5490E-7	2.0000E+1	5.5431E-11
5.4500E+4	1.0000E+0	4.5504E-7	2.0000E+1	5.5810E-11
5.5000E+4	1.0000E+0	4.6089E-7	2.0000E+1	5.5106E-11
5.5500E+4	1.0000E+0	4.6299E-7	2.0000E+1	5.6153E-11
5.6000E+4	1.0000E+0	4.5479E-7	2.0000E+1	5.6051E-11
5.6500E+4	1.0000E+0	4.5129E-7	2.0000E+1	5.5402E-11
5.7000E+4	1.0000E+0	4.4534E-7	2.0000E+1	5.5145E-11
5.7500E+4	1.0000E+0	4.3982E-7	2.0000E+1	5.5993E-11
5.8000E+4	1.0000E+0	4.4554E-7	2.0000E+1	5.6284E-11
5.8500E+4	1.0000E+0	4.4513E-7	2.0000E+1	5.5869E-11
5.9000E+4	1.0000E+0	4.4621E-7	2.0000E+1	5.6080E-11
5.9500E+4	1.0000E+0	4.4283E-7	2.0000E+1	5.5160E-11
6.0000E+4	1.0000E+0	4.4808E-7	2.0000E+1	5.5741E-11
6.0500E+4	1.0000E+0	4.5693E-7	2.0000E+1	5.5294E-11
6.1000E+4	1.0000E+0	4.5273E-7	2.0000E+1	5.6042E-11
6.1500E+4	1.0000E+0	4.4909E-7	2.0000E+1	5.6099E-11
6.2000E+4	1.0000E+0	4.4311E-7	2.0000E+1	5.5424E-11
6.2500E+4	1.0000E+0	4.4613E-7	2.0000E+1	5.5578E-11
6.3000E+4	1.0000E+0	4.3850E-7	2.0000E+1	5.5581E-11
6.3500E+4	1.0000E+0	4.4236E-7	2.0000E+1	5.5381E-11
6.4000E+4	1.0000E+0	4.4646E-7	2.0000E+1	5.5634E-11
6.4500E+4	1.0000E+0	4.4930E-7	2.0000E+1	5.5116E-11
6.5000E+4	1.0000E+0	4.4209E-7	2.0000E+1	5.6053E-11
6.5500E+4	1.0000E+0	4.4916E-7	2.0000E+1	5.5726E-11
6.6000E+4	1.0000E+0	4.3948E-7	2.0000E+1	5.5865E-11
6.6500E+4	1.0000E+0	4.3576E-7	2.0000E+1	5.5665E-11
6.7000E+4	1.0000E+0	4.4074E-7	2.0000E+1	5.5493E-11
6.7500E+4	1.0000E+0	4.4312E-7	2.0000E+1	5.5778E-11
6.8000E+4	1.0000E+0	4.4112E-7	2.0000E+1	5.6015E-11
6.8500E+4	1.0000E+0	4.4840E-7	2.0000E+1	5.5754E-11
6.9000E+4	1.0000E+0	4.4679E-7	2.0000E+1	5.6034E-11
6.9500E+4	1.0000E+0	4.4680E-7	2.0000E+1	5.5325E-11
7.0000E+4	1.0000E+0	4.4404E-7	2.0000E+1	5.5077E-11
7.0500E+4	1.0000E+0	4.3623E-7	2.0000E+1	5.5767E-11
7.1000E+4	1.0000E+0	4.3287E-7	2.0000E+1	5.4986E-11
7.1500E+4	1.0000E+0	4.3433E-7	2.0000E+1	5.5651E-11
7.2000E+4	1.0000E+0	4.3923E-7	2.0000E+1	5.5540E-11
7.2500E+4	1.0000E+0	4.3472E-7	2.0000E+1	5.5003E-11
7.3000E+4	1.0000E+0	4.3425E-7	2.0000E+1	5.5369E-11
7.3500E+4	1.0000E+0	4.3833E-7	2.0000E+1	5.5680E-11
7.4000E+4	1.0000E+0	4.4241E-7	2.0000E+1	5.5904E-11
7.4500E+4	1.0000E+0	4.3951E-7	2.0000E+1	5.6086E-11
7.5000E+4	1.0000E+0	4.3523E-7	2.0000E+1	5.6032E-11
7.5500E+4	1.0000E+0	4.3900E-7	2.0000E+1	5.5976E-11
7.6000E+4	1.0000E+0	4.4424E-7	2.0000E+1	5.6050E-11
7.6500E+4	1.0000E+0	4.4230E-7	2.0000E+1	5.6040E-11
7.7000E+4	1.0000E+0	4.4317E-7	2.0000E+1	5.5649E-11
7.7500E+4	1.0000E+0	4.4142E-7	2.0000E+1	5.5844E-11
7.8000E+4	1.0000E+0	4.4453E-7	2.0000E+1	5.6096E-11
7.8500E+4	1.0000E+0	4.3850E-7	2.0000E+1	5.5655E-11
7.9000E+4	1.0000E+0	4.4035E-7	2.0000E+1	5.5380E-11
7.9500E+4	1.0000E+0	4.3740E-7	2.0000E+1	5.5490E-11
8.0000E+4	1.0000E+0	4.3593E-7	2.0000E+1	5.5664E-11
8.0500E+4	1.0000E+0	4.3824E-7	2.0000E+1	5.5910E-11
8.1000E+4	1.0000E+0	4.4024E-7	2.0000E+1	5.5401E-11
8.1500E+4	1.0000E+0	4.4055E-7	2.0000E+1	5.5592E-11
8.2000E+4	1.0000E+0	4.3283E-7	2.0000E+1	5.5639E-11
8.2500E+4	1.0000E+0	4.3908E-7	2.0000E+1	5.5802E-11
8.3000E+4	1.0000E+0	4.3446E-7	2.0000E+1	5.5469E-11
8.3500E+4	1.0000E+0	4.3586E-7	2.0000E+1	5.5354E-11
8.4000E+4	1.0000E+0	4.3430E-7	2.0000E+1	5.5875E-11
8.4500E+4	1.0000E+0	4.3126E-7	2.0000E+1	5.5635E-11
8.5000E+4	1.0000E+0	4.3734E-7	2.0000E+1	5.4795E-11
8.5500E+4	1.0000E+0	4.2875E-7	2.0000E+1	5.4932E-11
8.6000E+4	1.0000E+0	4.2816E-7	2.0000E+1	5.4901E-11
8.6500E+4	1.0000E+0	4.3539E-7	2.0000E+1	5.5114E-11
8.7000E+4	1.0000E+0	4.3016E-7	2.0000E+1	5.5516E-11
8.7500E+4	1.0000E+0	4.2556E-7	2.0000E+1	5.4673E-11
8.8000E+4	1.0000E+0	4.3383E-7	2.0000E+1	5.5282E-11
8.8500E+4	1.0000E+0	4.2941E-7	2.0000E+1	5.5085E-11
8.9000E+4	1.0000E+0	4.2655E-7	2.0000E+1	5.4669E-11
8.9500E+4	1.0000E+0	4.3046E-7	2.0000E+1	5.5228E-11
9.0000E+4	1.0000E+0	4.2873E-7	2.0000E+1	5.5449E-11
9.0500E+4	1.0000E+0	4.2833E-7	2.0000E+1	5.5528E-11
9.1000E+4	1.0000E+0	4.3217E-7	2.0000E+1	5.5799E-11
9.1500E+4	1.0000E+0	4.2493E-7	2.0000E+1	5.4895E-11
9.2000E+4	1.0000E+0	4.2204E-7	2.0000E+1	5.4895E-11
9.2500E+4	1.0000E+0	4.1856E-7	2.0000E+1	5.5537E-11
9.3000E+4	1.0000E+0	4.1712E-7	2.0000E+1	5.5194E-11
9.3500E+4	1.0000E+0	4.2728E-7	2.0000E+1	5.5402E-11
9.4000E+4	1.0000E+0	4.2764E-7	2.0000E+1	5.5864E-11
9.4500E+4	1.0000E+0	4.2297E-7	2.0000E+1	5.5453E-11
9.5000E+4	1.0000E+0	4.2784E-7	2.0000E+1	5.5107E-11
9.5500E+4	1.0000E+0	4.2536E-7	2.0000E+1	5.5554E-11
9.6000E+4	1.0000E+0	4.3105E-7	2.0000E+1	5.5953E-11
9.6500E+4	1.0000E+0	4.2414E-7	2.0000E+1	5.5157E-11
9.7000E+4	1.0000E+0	4.2246E-7	2.0000E+1	5.5739E-11
9.7500E+4	1.0000E+0	4.2282E-7	2.0000E+1	5.5733E-11
9.8000E+4	1.0000E+0	4.2428E-7	2.0000E+1	5.5196E-11
9.8500E+4	1.0000E+0	4.2687E-7	2.0000E+1	5.5116E-11
9.9000E+4	1.0000E+0	4.2829E-7	2.0000E+1	5.5326E-11
9.9500E+4	1.0000E+0	4.2019E-7	2.0000E+1	5.5116E-11
1.0000E+5	1.0000E+0	4.2278E-7	2.0000E+1	5.4969E-11
1.0050E+5	1.0000E+0	4.2105E-7	2.0000E+1	5.4978E-11
1.0100E+5	1.0000E+0	4.2023E-7	2.0000E+1	5.5541E-11
1.0150E+5	1.0000E+0	4.2393E-7	2.0000E+1	5.4651E-11
1.0200E+5	1.0000E+0	4.2219E-7	2.0000E+1	5.5072E-11
1.0250E+5	1.0000E+0	4.1647E-7	2.0000E+1	5.5649E-11
1.0300E+5	1.0000E+0	4.1332E-7	2.0000E+1	5.5356E-11
1.0350E+5	1.0000E+0	4.1984E-7	2.0000E+1	5.5780E-11
1.0400E+5	1.0000E+0	4.2120E-7	2.0000E+1	5.4975E-11
1.0450E+5	1.0000E+0	4.2001E-7	2.0000E+1	5.4946E-11
1.0500E+5	1.0000E+0	4.2194E-7	2.0000E+1	5.5498E-11
1.0550E+5	1.0000E+0	4.2058E-7	2.0000E+1	5.4890E-11
1.0600E+5	1.0000E+0	4.2208E-7	2.0000E+1	5.5533E-11
1.0650E+5	1.0000E+0	4.1829E-7	2.0000E+1	5.5740E-11
1.0700E+5	1.0000E+0	4.2348E-7	2.0000E+1	5.5336E-11
1.0750E+5	1.0000E+0	4.2262E-7	2.0000E+1	5.5273E-11
1.0800E+5	1.0000E+0	4.2495E-7	2.0000E+1	5.5199E-11
1.0850E+5	1.0000E+0	4.2479E-7	2.0000E+1	5.4920E-11
1.0900E+5	1.0000E+0	4.2260E-7	2.0000E+1	5.4947E-11
1.0950E+5	1.0000E+0	4.2047E-7	2.0000E+1	5.4677E-11
1.1000E+5	1.0000E+0	4.2548E-7	2.0000E+1	5.5406E-11
1.1050E+5	1.0000E+0	4.1080E-7	2.0000E+1	5.5195E-11
1.1100E+5	1.0000E+0	4.1334E-7	2.0000E+1	3.7714E-9
1.1150E+5	1.0000E+0	4.1293E-7	2.0000E+1	6.5731E-9
1.1200E+5	1.0000E+0	4.1542E-7	2.0000E+1	6.5691E-9
1.1250E+5	1.0000E+0	4.0952E-7	2.0000E+1	6.5657E-9
1.1300E+5	1.0000E+0	4.1848E-7	2.0000E+1	6.5636E-9
1.1350E+5	1.0000E+0	4.2232E-7	2.0000E+1	6.5594E-9
1.1400E+5	1.0000E+0	4.2417E-7	2.0000E+1	6.5558E-9
1.1450E+5	1.0000E+0	4.1736E-7	2.0000E+1	6.5539E-9
1.1500E+5	1.0000E+0	4.2068E-7	2.0000E+1	6.5460E-9
1.1550E+5	1.0000E+0	4.1836E-7	2.0000E+1	6.5452E-9
1.1600E+5	1.0000E+0	4.2344E-7	2.0000E+1	6.5406E-9
1.1650E+5	1.0000E+0	4.1842E-7	2.0000E+1	6.5392E-9
1.1700E+5	1.0000E+0	4.2071E-7	2.0000E+1	6.5352E-9
1.1750E+5	1.0000E+0	4.2477E-7	2.0000E+1	6.5319E-9
1.1800E+5	1.0000E+0	4.1577E-7	2.0000E+1	6.5302E-9
1.1850E+5	1.0000E+0	4.1851E-7	2.0000E+1	6.5270E-9
1.1900E+5	1.0000E+0	4.1746E-7	2.0000E+1	6.5248E-9
1.1950E+5	1.0000E+0	4.1752E-7	2.0000E+1	6.5240E-9
1.2000E+5	1.0000E+0	4.1164E-7	2.0000E+1	6.5202E-9
1.2050E+5	1.0000E+0	4.1147E-7	2.0000E+1	6.5207E-9
1.2100E+5	1.0000E+0	4.0858E-7	2.0000E+1	5.4803E-9
1.2150E+5	1.0000E+0	4.1199E-7	2.0000E+1	8.5118E-11
1.2200E+5	1.0000E+0	4.1272E-7	2.0000E+1	5.7639E-11
1.2250E+5	1.0000E+0	4.0674E-7	2.0000E+1	5.5561E-11
1.2300E+5	1.0000E+0	4.1348E-7	2.0000E+1	5.5059E-11
1.2350E+5	1.0000E+0	4.1456E-7	2.0000E+1	5.4731E-11
1.2400E+5	1.0000E+0	4.1438E-7	2.0000E+1	5.4498E-11
1.2450E+5	1.0000E+0	4.1706E-7	2.0000E+1	5.5083E-11
1.2500E+5	1.0000E+0	4.1207E-7	2.0000E+1	5.4657E-11
1.2550E+5	1.0000E+0	4.1297E-7	2.0000E+1	5.4769E-11
1.2600E+5	1.0000E+0	4.1068E-7	2.0000E+1	5.5232E-11
1.2650E+5	1.0000E+0	4.0787E-7	2.0000E+1	5.4629E-11
1.2700E+5	1.0000E+0	4.0752E-7	2.0000E+1	5.4591E-11
1.2750E+5	1.0000E+0	4.0245E-7	2.0000E+1	5.4697E-11
1.2800E+5	1.0000E+0	4.0990E-7	2.0000E+1	5.4821E-11
1.2850E+5	1.0000E+0	4.0558E-7	2.0000E+1	5.4525E-11
1.2900E+5	1.0000E+0	4.0547E-7	2.0000E+1	5.4939E-11
1.2950E+5	1.0000E+0	4.0604E-7	2.0000E+1	5.4721E-11
1.3000E+5	1.0000E+0	4.0906E-7	2.0000E+1	5.4690E-11
1.3050E+5	1.0000E+0	4.0996E-7	2.0000E+1	5.5045E-11
1.3100E+5	1.0000E+0	4.0445E-7	2.0000E+1	2.7879E-9
1.3150E+5	1.0000E+0	4.0837E-7	2.0000E+1	6.5118E-9
1.3200E+5	1.0000E+0	4.0574E-7	2.0000E+1	6.5073E-9
1.3250E+5	1.0000E+0	4.0943E-7	2.0000E+1	6.5045E-9
1.3300E+5	1.0000E+0	4.0946E-7	2.0000E+1	6.4985E-9
1.3350E+5	1.0000E+0	4.1090E-7	2.0000E+1	6.4915E-9
1.3400E+5	1.0000E+0	4.0742E-7	2.0000E+1	6.4886E-9
1.3450E+5	1.0000E+0	4.1026E-7	2.0000E+1	6.4849E-9
1.3500E+5	1.0000E+0	4.1026E-7	2.0000E+1	6.4869E-9
1.3550E+5	1.0000E+0	4.1241E-7	2.0000E+1	6.4865E-9
1.3600E+5	1.0000E+0	4.1321E-7	2.0000E+1	6.4861E-9
1.3650E+5	1.0000E+0	4.1400E-7	2.0000E+1	6.4857E-9
1.3700E+5	1.0000E+0	4.1041E-7	2.0000E+1	6.4857E-9
1.3750E+5	1.0000E+0	4.1225E-7	2.0000E+1	6.4844E-9
1.3800E+5	1.0000E+0	4.0677E-7	2.0000E+1	6.4855E-9
1.3850E+5	1.0000E+0	4.0560E-7	2.0000E+1	6.4844E-9
1.3900E+5	1.0000E+0	4.0470E-7	2.0000E+1	6.4861E-9
1.3950E+5	1.0000E+0	4.0540E-7	2.0000E+1	6.4862E-9
1.4000E+5	1.0000E+0	4.0138E-7	2.0000E+1	6.4860E-9
1.4050E+5	1.0000E+0	4.0094E-7	2.0000E+1	6.4877E-9
1.4100E+5	1.0000E+0	4.0232E-7	2.0000E+1	6.2592E-9
1.4150E+5	1.0000E+0	4.0623E-7	2.0000E+1	9.0507E-11
1.4200E+5	1.0000E+0	4.0266E-7	2.0000E+1	5.8684E-11
1.4250E+5	1.0000E+0	4.0081E-7	2.0000E+1	5.5187E-11
1.4300E+5	1.0000E+0	3.9866E-7	2.0000E+1	5.4908E-11
1.4350E+5	1.0000E+0	3.9951E-7	2.0000E+1	5.4836E-11
1.4400E+5	1.0000E+0	4.0045E-7	2.0000E+1	5.5069E-11
1.4450E+5	1.0000E+0	4.0118E-7	2.0000E+1	5.4693E-11
1.4500E+5	1.0000E+0	3.9768E-7	2.0000E+1	5.5277E-11
1.4550E+5	1.0000E+0	3.9590E-7	2.0000E+1	5.4926E-11
1.4600E+5	1.0000E+0	3.9400E-7	2.0000E+1	5.5288E-11
1.4650E+5	1.0000E+0	3.9451E-7	2.0000E+1	5.4649E-11
1.4700E+5	1.0000E+0	3.9770E-7	2.0000E+1	5.5093E-11
1.4750E+5	1.0000E+0	3.9405E-7	2.0000E+1	5.4839E-11
1.4800E+5	1.0000E+0	3.9266E-7	2.0000E+1	5.4398E-11
1.4850E+5	1.0000E+0	3.9268E-7	2.0000E+1	5.4683E-11
1.4900E+5	1.0000E+0	3.9098E-7	2.0000E+1	5.4848E-11
1.4950E+5	1.0000E+0	3.9497E-7	2.0000E+1	5.4970E-11
1.5000E+5	1.0000E+0	3.9484E-7	2.0000E+1	5.5569E-11
1.5050E+5	1.0000E+0	3.9129E-7	2.0000E+1	5.4808E-11
1.5100E+5	1.0000E+0	3.9316E-7	2.0000E+1	1.8418E-9
1.5150E+5	1.0000E+0	3.9591E-7	2.0000E+1	6.4832E-9
1.5200E+5	1.0000E+0	3.9368E-7	2.0000E+1	6.4812E-9
1.5250E+5	1.0000E+0	3.9159E-7	2.0000E+1	6.4837E-9
1.5300E+5	1.0000E+0	3.8777E-7	2.0000E+1	6.4820E-9
1.5350E+5	1.0000E+0	3.8956E-7	2.0000E+1	6.4802E-9
1.5400E+5	1.0000E+0	3.8987E-7	2.0000E+1	6.4794E-9
1.5450E+5	1.0000E+0	3.8538E-7	2.0000E+1	6.4779E-9
1.5500E+5	1.0000E+0	3.8529E-7	2.0000E+1	6.4763E-9
1.5550E+5	1.0000E+0	3.8568E-7	2.0000E+1	6.4754E-9
1.5600E+5	1.0000E+0	3.8224E-7	2.0000E+1	6.4750E-9
1.5650E+5	1.0000E+0	3.8050E-7	2.0000E+1	6.4769E-9
1.5700E+5	1.0000E+0	3.8034E-7	2.0000E+1	6.4800E-9
1.5750E+5	1.0000E+0	3.7691E-7	2.0000E+1	6.4789E-9
1.5800E+5	1.0000E+0	3.8109E-7	2.0000E+1	6.4805E-9
1.5850E+5	1.0000E+0	3.7746E-7	2.0000E+1	6.4775E-9
1.5900E+5	1.0000E+0	3.7398E-7	2.0000E+1	6.4794E-9
1.5950E+5	1.0000E+0	3.6873E-7	2.0000E+1	6.4787E-9
1.6000E+5	1.0000E+0	3.6862E-7	2.0000E+1	6.4753E-9
1.6050E+5	1.0000E+0	3.6745E-7	2.0000E+1	6.4754E-9
1.6100E+5	1.0000E+0	3.6817E-7	2.0000E+1	6.4752E-9
1.6150E+5	1.0000E+0	3.6739E-7	2.0000E+1	9.5745E-11
1.6200E+5	1.0000E+0	3.6617E-7	2.0000E+1	5.8476E-11
1.6250E+5	1.0000E+0	3.6241E-7	2.0000E+1	5.5234E-11
1.6300E+5	1.0000E+0	3.5838E-7	2.0000E+1	5.4450E-11
1.6350E+5	1.0000E+0	3.5933E-7	2.0000E+1	5.4374E-11
1.6400E+5	1.0000E+0	3.5527E-7	2.0000E+1	5.4445E-11
1.6450E+5	1.0000E+0	3.5551E-7	2.0000E+1	5.4506E-11
1.6500E+5	1.0000E+0	3.5935E-7	2.0000E+1	5.4454E-11
1.6550E+5	1.0000E+0	3.5801E-7	2.0000E+1	5.4799E-11
1.6600E+5	1.0000E+0	3.5412E-7	2.0000E+1	5.4802E-11
1.6650E+5	1.0000E+0	3.4993E-7	2.0000E+1	5.4517E-11
1.6700E+5	1.0000E+0	3.5043E-7	2.0000E+1	5.4904E-11
1.6750E+5	1.0000E+0	3.4903E-7	2.0000E+1	5.4915E-11
1.6800E+5	1.0000E+0	3.4701E-7	2.0000E+1	5.5033E-11
1.6850E+5	1.0000E+0	3.4971E-7	2.0000E+1	5.4426E-11
1.6900E+5	1.0000E+0	3.4838E-7	2.0000E+1	5.5005E-11
1.6950E+5	1.0000E+0	3.4798E-7	2.0000E+1	5.4874E-11
1.7000E+5	1.0000E+0	3.4455E-7	2.0000E+1	5.4746E-11
1.7050E+5	1.0000E+0	3.4729E-7	2.0000E+1	5.4739E-11
1.7100E+5	1.0000E+0	3.4525E-7	2.0000E+1	9.1124E-10
1.7150E+5	1.0000E+0	3.4322E-7	2.0000E+1	6.4787E-9
1.7200E+5	1.0000E+0	3.4251E-7	2.0000E+1	6.4758E-9
1.7250E+5	1.0000E+0	3.4045E-7	2.0000E+1	6.4745E-9
1.7300E+5	1.0000E+0	3.3595E-7	2.0000E+1	6.4742E-9
1.7350E+5	1.0000E+0	3.3310E-7	2.0000E+1	6.4734E-9
1.7400E+5	1.0000E+0	3.3175E-7	2.0000E+1	6.4709E-9
1.7450E+5	1.0000E+0	3.2835E-7	2.0000E+1	6.4708E-9
1.7500E+5	1.0000E+0	3.2468E-7	2.0000E+1	6.4658E-9
1.7550E+5	1.0000E+0	3.2348E-7	2.0000E+1	6.4614E-9
1.7600E+5	1.0000E+0	3.2444E-7	2.0000E+1	6.4525E-9
1.7650E+5	1.0000E+0	3.2550E-7	2.0000E+1	6.4455E-9
1.7700E+5	1.0000E+0	3.2254E-7	2.0000E+1	6.4392E-9
1.7750E+5	1.0000E+0	3.2142E-7	2.0000E+1	6.4356E-9
1.7800E+5	1.0000E+0	3.1793E-7	2.0000E+1	6.4355E-9
1.7850E+5	1.0000E+0	3.1645E-7	2.0000E+1	6.4372E-9
1.7900E+5	1.0000E+0	3.1207E-7	2.0000E+1	6.4361E-9
1.7950E+5	1.0000E+0	3.1017E-7	2.0000E+1	6.4409E-9
1.8000E+5	1.0000E+0	3.1044E-7	2.0000E+1	6.4411E-9
1.8050E+5	1.0000E+0	3.0919E-7	2.0000E+1	6.4431E-9
1.8100E+5	1.0000E+0	3.0684E-7	2.0000E+1	6.4456E-9
1.8150E+5	1.0000E+0	3.0481E-7	2.0000E+1	1.0345E-10
1.8200E+5	1.0000E+0	3.0114E-7	2.0000E+1	5.9004E-11
1.8250E+5	1.0000E+0	2.9798E-7	2.0000E+1	5.5819E-11
1.8300E+5	1.0000E+0	2.9678E-7	2.0000E+1	5.4900E-11
1.8350E+5	1.0000E+0	2.9454E-7	2.0000E+1	5.5267E-11
1.8400E+5	1.0000E+0	2.9279E-7	2.0000E+1	5.5151E-11
1.8450E+5	1.0000E+0	2.9163E-7	2.0000E+1	5.5105E-11
1.8500E+5	1.0000E+0	2.8982E-7	2.0000E+1	5.5488E-11
1.8550E+5	1.0000E+0	2.8914E-7	2.0000E+1	5.5354E-11
1.8600E+5	1.0000E+0	2.8703E-7	2.0000E+1	5.4923E-11
1.8650E+5	1.0000E+0	2.8410E-7	2.0000E+1	5.4550E-11
1.8700E+5	1.0000E+0	2.8408E-7	2.0000E+1	5.4601E-11
1.8750E+5	1.0000E+0	2.8140E-7	2.0000E+1	5.4995E-11
1.8800E+5	1.0000E+0	2.7879E-7	2.0000E+1	5.4932E-11
1.8850E+5	1.0000E+0	2.7853E-7	2.0000E+1	5.5220E-11
1.8900E+5	1.0000E+0	2.7610E-7	2.0000E+1	5.4936E-11
1.8950E+5	1.0000E+0	2.7557E-7	2.0000E+1	5.4901E-11
1.9000E+5	1.0000E+0	2.7259E-7	2.0000E+1	5.4725E-11
1.9050E+5	1.0000E+0	2.7106E-7	2.0000E+1	5.4669E-11
1.9100E+5	1.0000E+0	2.6804E-7	2.0000E+1	5.4927E-11
1.9150E+5	1.0000E+0	2.6780E-7	2.0000E+1	5.5010E-11
1.9200E+5	1.0000E+0	2.6517E-7	2.0000E+1	5.5234E-11
1.9250E+5	1.0000E+0	2.6596E-7	2.0000E+1	5.5723E-11
1.9300E+5	1.0000E+0	2.6602E-7	2.0000E+1	5.5249E-11
1.9350E+5	1.0000E+0	2.6478E-7	2.0000E+1	5.5362E-11
1.9400E+5	1.0000E+0	2.6396E-7	2.0000E+1	5.6002E-11
1.9450E+5	1.0000E+0	2.6195E-7	2.0000E+1	5.5716E-11
1.9500E+5	1.0000E+0	2.6210E-7	2.0000E+1	5.5497E-11
1.9550E+5	1.0000E+0	2.6025E-7	2.0000E+1	5.6102E-11
1.9600E+5	1.0000E+0	2.5976E-7	2.0000E+1	5.5502E-11
1.9650E+5	1.0000E+0	2.5765E-7	2.0000E+1	5.5232E-11
1.9700E+5	1.0000E+0	2.5749E-7	2.0000E+1	5.5845E-11
1.9750E+5	1.0000E+0	2.5777E-7	2.0000E+1	5.5618E-11
1.9800E+5	1.0000E+0	2.5637E-7	2.0000E+1	5.5864E-11
1.9850E+5	1.0000E+0	2.5504E-7	2.0000E+1	5.5600E-11
1.9900E+5	1.0000E+0	2.5276E-7	2.0000E+1	5.5618E-11
1.9950E+5	1.0000E+0	2.5102E-7	2.0000E+1	5.5841E-11
2.0000E+5	1.0000E+0	2.5107E-7	2.0000E+1	5.5598E-11
2.0050E+5	1.0000E+0	2.4872E-7	2.0000E+1	5.4915E-11
2.0100E+5	1.0000E+0	2.4838E-7	2.0000E+1	5.5575E-11
2.0150E+5	1.0000E+0	2.4635E-7	2.0000E+1	5.4969E-11
2.0200E+5	1.0000E+0	2.4458E-7	2.0000E+1	5.5724E-11
2.0250E+5	1.0000E+0	2.4479E-7	2.0000E+1	5.5095E-11
2.0300E+5	1.0000E+0	2.4302E-7	2.0000E+1	5.5777E-11
2.0350E+5	1.0000E+0	2.4019E-7	2.0000E+1	5.5754E-11
2.0400E+5	1.0000E+0	2.3867E-7	2.0000E+1	5.5878E-11
2.0450E+5	1.0000E+0	2.3759E-7	2.0000E+1	5.5128E-11
2.0500E+5	1.0000E+0	2.3644E-7	2.0000E+1	5.5222E-11
2.0550E+5	1.0000E+0	2.3622E-7	2.0000E+1	5.5257E-11
2.0600E+5	1.0000E+0	2.3409E-7	2.0000E+1	5.4831E-11
2.0650E+5	1.0000E+0	2.3496E-7	2.0000E+1	5.5784E-11
2.0700E+5	1.0000E+0	2.3317E-7	2.0000E+1	5.5901E-11
2.0750E+5	1.0000E+0	2.3126E-7	2.0000E+1	5.5515E-11
2.0800E+5	1.0000E+0	2.3064E-7	2.0000E+1	5.5882E-11
2.0850E+5	1.0000E+0	2.2775E-7	2.0000E+1	5.5382E-11
2.0900E+5	1.0000E+0	2.2665E-7	2.0000E+1	5.5835E-11
2.0950E+5	1.0000E+0	2.2421E-7	2.0000E+1	5.5338E-11
2.1000E+5	1.0000E+0	2.2319E-7	2.0000E+1	5.5398E-11
2.1050E+5	1.0000E+0	2.2154E-7	2.0000E+1	5.4780E-11
2.1100E+5	1.0000E+0	2.2157E-7	2.0000E+1	5.4894E-11
2.1150E+5	1.0000E+0	2.1976E-7	2.0000E+1	5.5363E-11
2.1200E+5	1.0000E+0	2.2000E-7	2.0000E+1	5.4951E-11
2.1250E+5	1.0000E+0	2.2045E-7	2.0000E+1	5.5917E-11
2.1300E+5	1.0000E+0	2.1830E-7	2.0000E+1	5.5357E-11
2.1350E+5	1.0000E+0	2.1789E-7	2.0000E+1	5.5220E-11
2.1400E+5	1.0000E+0	2.1708E-7	2.0000E+1	5.5114E-11
2.1450E+5	1.0000E+0	2.1639E-7	2.0000E+1	5.5739E-11
2.1500E+5	1.0000E+0	2.1604E-7	2.0000E+1	5.5151E-11
2.1550E+5	1.0000E+0	2.1483E-7	2.0000E+1	5.5150E-11
2.1600E+5	1.0000E+0	2.1299E-7	2.0000E+1	5.5491E-11
2.1650E+5	1.0000E+0	2.1276E-7	2.0000E+1	5.5082E-11
2.1700E+5	1.0000E+0	2.1199E-7	2.0000E+1	5.4995E-11
2.1750E+5	1.0000E+0	2.1095E-7	2.0000E+1	5.5440E-11
2.1800E+5	1.0000E+0	2.0788E-7	2.0000E+1	5.6219E-11
2.1850E+5	1.0000E+0	2.0709E-7	2.0000E+1	5.5518E-11
2.1900E+5	1.0000E+0	2.0521E-7	2.0000E+1	5.5277E-11
2.1950E+5	1.0000E+0	2.0388E-7	2.0000E+1	5.5449E-11
2.2000E+5	1.0000E+0	2.0429E-7	2.0000E+1	5.5317E-11
2.2050E+5	1.0000E+0	2.0240E-7	2.0000E+1	5.5528E-11
2.2100E+5	1.0000E+0	2.0282E-7	2.0000E+1	5.5126E-11
2.2150E+5	1.0000E+0	2.0149E-7	2.0000E+1	5.5652E-11
2.2200E+5	1.0000E+0	2.0126E-7	2.0000E+1	5.5066E-11
2.2250E+5	1.0000E+0	1.9907E-7	2.0000E+1	5.5408E-11
2.2300E+5	1.0000E+0	1.9925E-7	2.0000E+1	5.5523E-11
2.2350E+5	1.0000E+0	1.9655E-7	2.0000E+1	5.5959E-11
2.2400E+5	1.0000E+0	1.9808E-7	2.0000E+1	5.5211E-11
2.2450E+5	1.0000E+0	1.9722E-7	2.0000E+1	5.5968E-11
2.2500E+5	1.0000E+0	1.9655E-7	2.0000E+1	5.5356E-11
2.2550E+5	1.0000E+0	1.9644E-7	2.0000E+1	5.5426E-11
2.2600E+5	1.0000E+0	1.9670E-7	2.0000E+1	5.5404E-11
2.2650E+5	1.0000E+0	1.9400E-7	2.0000E+1	5.6289E-11
2.2700E+5	1.0000E+0	1.9306E-7	2.0000E+1	5.5542E-11
2.2750E+5	1.0000E+0	1.9331E-7	2.0000E+1	5.5507E-11
2.2800E+5	1.0000E+0	1.9124E-7	2.0000E+1	5.5397E-11
2.2850E+5	1.0000E+0	1.9012E-7	2.0000E+1	5.5929E-11
2.2900E+5	1.0000E+0	1.8903E-7	2.0000E+1	5.5592E-11
2.2950E+5	1.0000E+0	1.8726E-7	2.0000E+1	5.5550E-11
2.3000E+5	1.0000E+0	1.8607E-7	2.0000E+1	5.5063E-11
2.3050E+5	1.0000E+0	1.8437E-7	2.0000E+1	5.4772E-11
2.3100E+5	1.0000E+0	1.8438E-7	2.0000E+1	5.4925E-11
2.3150E+5	1.0000E+0	1.8299E-7	2.0000E+1	5.4986E-11
