#scan	iMeasureCycle=1	iMux=0	time=0.143	N=492	LocalTime=21/12/2023 14:30:07
#VGate(V)	IGate(A)	time(s)	VDrain(V)	IDrain(A)	time(s)
9.99999	3.7416E-09	0.303291	-1E-05	-3.48E-12	0.303291
9.99999	3.50811E-09	0.424817	-0.5	-3.951E-11	0.424817
9.99999	3.41869E-09	0.545998	-1	-1.0342E-10	0.545998
9.99999	3.37778E-09	0.667193	-1.5	-1.8761E-10	0.667193
9.99999	3.33577E-09	0.788367	-2	-2.7883E-10	0.788367
9.99999	3.33376E-09	0.909552	-2.5	-3.7272E-10	0.909552
9.99999	3.29458E-09	1.030826	-3	-4.6788E-10	1.030826
9.99999	3.28029E-09	1.152029	-3.5	-5.5854E-10	1.152029
9.99999	3.27082E-09	1.273235	-4	-6.4508E-10	1.273235
9.99999	3.27932E-09	1.394418	-4.5	-7.263E-10	1.394418
9.99999	3.25538E-09	1.515646	-5	-8.0518E-10	1.515646
9.99999	3.24482E-09	1.636849	-5.5	-8.7724E-10	1.636849
9.99999	3.2285E-09	1.758065	-6	-9.3961E-10	1.758065
9.99999	3.20467E-09	1.879258	-6.5	-9.9926E-10	1.879258
9.99999	3.21523E-09	2.000492	-7	-1.04742E-09	2.000492
9.99999	3.20035E-09	2.121669	-7.5	-1.09185E-09	2.121669
9.99999	3.1906E-09	2.242842	-8	-1.13369E-09	2.242842
9.99999	3.1823E-09	2.36407	-8.5	-1.16534E-09	2.36407
9.99999	3.16479E-09	2.485288	-9	-1.19754E-09	2.485288
9.99999	3.17568E-09	2.6065	-9.5	-1.22703E-09	2.6065
9.99999	3.16067E-09	2.727705	-10	-1.25409E-09	2.727705
9.99999	3.16099E-09	2.854899	-10.5	-1.27701E-09	2.854899
9.99999	3.16798E-09	2.97614	-11	-1.29693E-09	2.97614
9.99999	3.14864E-09	3.097311	-11.5	-1.31722E-09	3.097311
9.99999	3.12473E-09	3.218512	-12	-1.33352E-09	3.218512
9.99999	3.13323E-09	3.35691	-12.5	-1.356E-09	3.35691
9.99999	3.13324E-09	3.478159	-13	-1.3733E-09	3.478159
9.99999	3.13322E-09	3.599369	-13.5	-1.3878E-09	3.599369
9.99999	3.13148E-09	3.720571	-14	-1.40167E-09	3.720571
9.99999	3.11333E-09	3.856773	-14.5	-1.41786E-09	3.856773
9.99999	3.11726E-09	3.978017	-15	-1.43202E-09	3.978017
9.99999	3.10908E-09	4.099196	-15.5	-1.44379E-09	4.099196
9.99999	3.09821E-09	4.220392	-16	-1.45595E-09	4.220392
9.99999	3.10686E-09	4.358715	-16.5	-1.46839E-09	4.358715
9.99999	3.09294E-09	4.479955	-17	-1.47909E-09	4.479955
9.99999	3.09611E-09	4.601154	-17.5	-1.49377E-09	4.601154
9.99999	3.09117E-09	4.722365	-18	-1.50359E-09	4.722365
9.99999	3.09309E-09	4.859639	-18.5	-1.51668E-09	4.859639
9.99999	3.09361E-09	4.98089	-19	-1.52948E-09	4.98089
9.99999	3.08222E-09	5.102062	-19.5	-1.54218E-09	5.102062
9.99999	3.07652E-09	5.223265	-20	-1.55098E-09	5.223265
9.99999	3.073E-09	5.360577	-20	-1.55796E-09	5.360577
9.99999	3.06687E-09	5.481821	-19.50001	-1.55193E-09	5.481821
9.99999	3.05787E-09	5.603035	-19.00001	-1.5486E-09	5.603035
9.99999	3.06531E-09	5.724245	-18.50001	-1.54791E-09	5.724245
9.99999	3.062E-09	5.86049	-18.00001	-1.54646E-09	5.86049
9.99999	3.04988E-09	5.981838	-17.50001	-1.54199E-09	5.981838
9.99999	3.04743E-09	6.103014	-17.00001	-1.53966E-09	6.103014
9.99999	3.04796E-09	6.224209	-16.50001	-1.53813E-09	6.224209
9.99999	3.04713E-09	6.361438	-16.00001	-1.53395E-09	6.361438
9.99999	3.0417E-09	6.482695	-15.50001	-1.52876E-09	6.482695
9.99999	3.04065E-09	6.603899	-15.00001	-1.52694E-09	6.603899
9.99999	3.02754E-09	6.725095	-14.50001	-1.52143E-09	6.725095
9.99999	3.0328E-09	6.862365	-14.00001	-1.51713E-09	6.862365
9.99999	3.03086E-09	6.983619	-13.50001	-1.51176E-09	6.983619
9.99999	3.02343E-09	7.10479	-13.00001	-1.5024E-09	7.10479
9.99999	3.02279E-09	7.225992	-12.50001	-1.4936E-09	7.225992
9.99999	3.02093E-09	7.364309	-12.00001	-1.48647E-09	7.364309
9.99999	3.0198E-09	7.485575	-11.50001	-1.47674E-09	7.485575
9.99999	3.00427E-09	7.606796	-11.00001	-1.46441E-09	7.606796
9.99999	3.0055E-09	7.728001	-10.50001	-1.45097E-09	7.728001
9.99999	3.01107E-09	7.865251	-10.00001	-1.43518E-09	7.865251
9.99999	2.99392E-09	7.986506	-9.50001	-1.41573E-09	7.986506
9.99999	2.98926E-09	8.107685	-9.00001	-1.39184E-09	8.107685
9.99999	2.99092E-09	8.228897	-8.50001	-1.36625E-09	8.228897
9.99999	2.98957E-09	8.366208	-8.00001	-1.33648E-09	8.366208
9.99999	2.98369E-09	8.487452	-7.50001	-1.29578E-09	8.487452
9.99999	2.96833E-09	8.608654	-7.00001	-1.24957E-09	8.608654
9.99999	2.97727E-09	8.729861	-6.50001	-1.195E-09	8.729861
9.99999	2.95401E-09	8.866491	-6.00001	-1.13108E-09	8.866491
9.99999	2.94874E-09	8.987744	-5.50001	-1.06241E-09	8.987744
9.99999	2.95984E-09	9.108913	-5.00001	-9.8067E-10	9.108913
9.99999	2.9496E-09	9.230107	-4.50001	-8.9227E-10	9.230107
9.99999	2.95154E-09	9.367069	-4.00001	-7.9499E-10	9.367069
9.99999	2.94367E-09	9.488323	-3.50001	-6.9064E-10	9.488323
9.99999	2.92677E-09	9.609541	-3.00001	-5.8018E-10	9.609541
9.99999	2.92986E-09	9.730749	-2.50001	-4.6598E-10	9.730749
9.99999	2.93664E-09	9.868011	-2.00001	-3.4846E-10	9.868011
9.99999	2.93436E-09	9.989276	-1.50001	-2.3323E-10	9.989276
9.99999	2.92942E-09	10.110442	-1.00001	-1.2604E-10	10.110442
9.99999	2.9226E-09	10.23164	-0.50001	-3.933E-11	10.23164
9.99999	2.93714E-09	10.36995	-1E-05	4.54E-12	10.36995
4.99999	1.33586E-09	10.518599	-1E-05	4.88E-12	10.518599
4.99999	1.75458E-09	10.639814	-0.5	-6.267E-11	10.639814
4.99999	1.82709E-09	10.761012	-1	-2.5227E-10	10.761012
4.99999	1.86592E-09	10.883113	-1.5	-5.4339E-10	10.883113
4.99999	1.88754E-09	11.004601	-2	-8.8325E-10	11.004601
4.99999	1.90027E-09	11.125778	-2.5	-1.24102E-09	11.125778
4.99999	1.9099E-09	11.246954	-3	-1.60886E-09	11.246954
4.99999	1.92175E-09	11.370944	-3.5	-1.9765E-09	11.370944
4.99999	1.9255E-09	11.492188	-4	-2.34538E-09	11.492188
4.99999	1.92103E-09	11.640826	-4.50001	-2.70229E-09	11.640826
4.99999	1.93094E-09	11.789408	-5	-3.05652E-09	11.789408
4.99999	1.92788E-09	11.938088	-5.50001	-3.39947E-09	11.938088
4.99999	1.93263E-09	12.086737	-6	-3.73856E-09	12.086737
4.99999	1.92829E-09	12.235307	-6.50001	-4.06196E-09	12.235307
4.99999	1.93087E-09	12.408954	-7	-4.37849E-09	12.408954
4.99999	1.92785E-09	12.557537	-7.5	-4.68726E-09	12.557537
4.99999	1.92517E-09	12.706128	-8	-4.97531E-09	12.706128
4.99999	1.93795E-09	12.874261	-8.50001	-5.2598E-09	12.874261
4.99999	1.92383E-09	13.022899	-9.00001	-5.51982E-09	13.022899
4.99999	1.9242E-09	13.171503	-9.50001	-5.78124E-09	13.171503
4.99999	1.9243E-09	13.320054	-10	-6.03333E-09	13.320054
4.99999	1.92233E-09	13.470189	-10.5	-6.26814E-09	13.470189
4.99999	1.922E-09	13.618929	-11.00001	-6.48343E-09	13.618929
4.99999	1.9216E-09	13.767498	-11.50001	-6.69564E-09	13.767498
4.99999	1.91903E-09	13.916078	-12	-6.89424E-09	13.916078
4.99999	1.9118E-09	14.064673	-12.5	-7.08506E-09	14.064673
4.99999	1.91137E-09	14.21322	-13.00001	-7.25107E-09	14.21322
4.99999	1.91483E-09	14.378946	-13.5	-7.41186E-09	14.378946
4.99999	1.92484E-09	14.527586	-14	-7.546E-09	14.527586
4.99999	1.90354E-09	14.676231	-14.49999	-7.67955E-09	14.676231
4.99999	1.90756E-09	14.824802	-15.00001	-7.81579E-09	14.824802
4.99999	1.9102E-09	14.973954	-15.5	-7.93485E-09	14.973954
4.99999	1.89932E-09	15.12258	-16	-8.03367E-09	15.12258
4.99999	1.89864E-09	15.271146	-16.5	-8.13478E-09	15.271146
4.99999	1.90058E-09	15.419791	-17.00001	-8.22673E-09	15.419791
4.99999	1.91473E-09	15.568505	-17.5	-8.31619E-09	15.568505
4.99999	1.90007E-09	15.717079	-18	-8.39248E-09	15.717079
4.99999	1.90141E-09	15.881684	-18.50001	-8.46911E-09	15.881684
4.99999	1.8899E-09	16.030328	-19.00001	-8.55408E-09	16.030328
4.99999	1.89619E-09	16.178913	-19.5	-8.63572E-09	16.178913
4.99999	1.89721E-09	16.327504	-20.00001	-8.70303E-09	16.327504
4.99999	1.88671E-09	16.448682	-20.00001	-8.71487E-09	16.448682
4.99999	1.89298E-09	16.5699	-19.50001	-8.67039E-09	16.5699
4.99999	1.88528E-09	16.691083	-19.00001	-8.62956E-09	16.691083
4.99999	1.88953E-09	16.812266	-18.50001	-8.55505E-09	16.812266
4.99999	1.88663E-09	16.93346	-18.00001	-8.50029E-09	16.93346
4.99999	1.86964E-09	17.054693	-17.50001	-8.41517E-09	17.054693
4.99999	1.87865E-09	17.175855	-17.00001	-8.33869E-09	17.175855
4.99999	1.8776E-09	17.297089	-16.50001	-8.2643E-09	17.297089
4.99999	1.88386E-09	17.418281	-16.00001	-8.18041E-09	17.418281
4.99999	1.87611E-09	17.539519	-15.50001	-8.09086E-09	17.539519
4.99999	1.86904E-09	17.660721	-15.00001	-7.97648E-09	17.660721
4.99999	1.86712E-09	17.781918	-14.50001	-7.87177E-09	17.781918
4.99999	1.87105E-09	17.90311	-14.00001	-7.7531E-09	17.90311
4.99999	1.87285E-09	18.024353	-13.50001	-7.61775E-09	18.024353
4.99999	1.85972E-09	18.145537	-13.00001	-7.47873E-09	18.145537
4.99999	1.87188E-09	18.266717	-12.50001	-7.32295E-09	18.266717
4.99999	1.85315E-09	18.395957	-12.00001	-7.15653E-09	18.395957
4.99999	1.85702E-09	18.517187	-11.50001	-6.9761E-09	18.517187
4.99999	1.85002E-09	18.638398	-11.00001	-6.77766E-09	18.638398
4.99999	1.85184E-09	18.759589	-10.50001	-6.56686E-09	18.759589
4.99999	1.85546E-09	18.887907	-10.00001	-6.35595E-09	18.887907
4.99999	1.85342E-09	19.009168	-9.50001	-6.11465E-09	19.009168
4.99999	1.84125E-09	19.13035	-9.00001	-5.86498E-09	19.13035
4.99999	1.85027E-09	19.251546	-8.50001	-5.60442E-09	19.251546
4.99999	1.84595E-09	19.390853	-8.00001	-5.33341E-09	19.390853
4.99999	1.84725E-09	19.512111	-7.50001	-5.04249E-09	19.512111
4.99999	1.8437E-09	19.633314	-7.00001	-4.73266E-09	19.633314
4.99999	1.83724E-09	19.754519	-6.50001	-4.41564E-09	19.754519
4.99999	1.84039E-09	19.890779	-6.00001	-4.07666E-09	19.890779
4.99999	1.83404E-09	20.012033	-5.50001	-3.73561E-09	20.012033
4.99999	1.83577E-09	20.133208	-5.00001	-3.37845E-09	20.133208
4.99999	1.83066E-09	20.254412	-4.50001	-3.01155E-09	20.254412
4.99999	1.83179E-09	20.391714	-4.00001	-2.62489E-09	20.391714
4.99999	1.83084E-09	20.512972	-3.50001	-2.23631E-09	20.512972
4.99999	1.82336E-09	20.634176	-3.00001	-1.83831E-09	20.634176
4.99999	1.81924E-09	20.755383	-2.50001	-1.43493E-09	20.755383
4.99999	1.82013E-09	20.89366	-2.00001	-1.03751E-09	20.89366
4.99999	1.81944E-09	21.014916	-1.50001	-6.5016E-10	21.014916
4.99999	1.81756E-09	21.136099	-1.00001	-3.0767E-10	21.136099
4.99999	1.80918E-09	21.257293	-0.50001	-6.77E-11	21.257293
4.99999	1.81167E-09	21.393587	-1E-05	6.82E-12	21.393587
-1E-06	-1.30989E-09	21.542206	-1E-05	5.94E-12	21.542206
-1E-07	-8.6446E-10	21.663404	-0.5	-8.115E-11	21.663404
-1E-07	-7.1575E-10	21.784588	-1	-4.1943E-10	21.784588
-2E-07	-6.371E-10	21.910279	-1.5	-1.02457E-09	21.910279
0	-5.9068E-10	22.031534	-2	-1.74887E-09	22.031534
3E-07	-5.6026E-10	22.152708	-2.5	-2.53966E-09	22.152708
0	-5.3598E-10	22.301372	-3.00001	-3.36281E-09	22.301372
-1E-07	-5.1917E-10	22.450052	-3.5	-4.19518E-09	22.450052
1E-07	-5.0621E-10	22.598697	-4.00001	-5.03957E-09	22.598697
-3E-07	-4.9673E-10	22.747258	-4.5	-5.89437E-09	22.747258
-1E-07	-4.8609E-10	22.933578	-5.00001	-6.74763E-09	22.933578
-1E-07	-4.7805E-10	23.08217	-5.50001	-7.59466E-09	23.08217
0	-4.71E-10	23.230726	-6.00001	-8.43793E-09	23.230726
1E-07	-4.6565E-10	23.396941	-6.5	-9.2759E-09	23.396941
1E-07	-4.602E-10	23.519359	-7	-1.00852E-08	23.519359
1E-07	-4.5483E-10	23.641723	-7.5	-1.0902E-08	23.641723
-2E-07	-4.5195E-10	23.764104	-8	-1.16763E-08	23.764104
-2E-07	-4.5179E-10	23.912747	-8.5	-1.24631E-08	23.912747
1E-07	-4.4345E-10	24.03517	-9	-1.32173E-08	24.03517
0	-4.3724E-10	24.157488	-9.5	-1.39526E-08	24.157488
-1E-07	-4.3378E-10	24.27995	-10	-1.46878E-08	24.27995
0	-4.312E-10	24.414203	-10.5	-1.53907E-08	24.414203
2E-07	-4.2706E-10	24.536603	-11	-1.60697E-08	24.536603
-1E-07	-4.2475E-10	24.658951	-11.5	-1.67229E-08	24.658951
2E-07	-4.2135E-10	24.781309	-12	-1.73507E-08	24.781309
0	-4.2023E-10	24.91543	-12.5	-1.79537E-08	24.91543
0	-4.1976E-10	25.03782	-13	-1.85491E-08	25.03782
-2E-07	-4.1562E-10	25.160158	-13.5	-1.90896E-08	25.160158
-1E-07	-4.1116E-10	25.282515	-14	-1.96298E-08	25.282515
0	-4.1323E-10	25.416358	-14.5	-2.01154E-08	25.416358
-1E-07	-4.0782E-10	25.538762	-15	-2.05862E-08	25.538762
1E-07	-4.0497E-10	25.66114	-15.5	-2.103E-08	25.66114
1E-07	-4.007E-10	25.783488	-16	-2.14749E-08	25.783488
-1E-07	-4.0401E-10	25.917729	-16.5	-2.18763E-08	25.917729
4E-07	-3.9912E-10	26.040133	-17	-2.2264E-08	26.040133
1E-07	-3.9671E-10	26.162448	-17.5	-2.26622E-08	26.162448
1E-07	-3.9461E-10	26.28489	-18	-2.29958E-08	26.28489
2E-07	-3.9258E-10	26.414184	-18.5	-2.33288E-08	26.414184
0	-3.8919E-10	26.536553	-19	-2.36689E-08	26.536553
1E-07	-3.9136E-10	26.658998	-19.5	-2.3979E-08	26.658998
1E-07	-3.8749E-10	26.78132	-20	-2.42792E-08	26.78132
0	-3.8667E-10	26.91453	-20	-2.43194E-08	26.91453
2E-07	-3.8701E-10	27.036928	-19.50001	-2.40739E-08	27.036928
3E-07	-3.8412E-10	27.159239	-19.00001	-2.38279E-08	27.159239
1E-07	-3.8683E-10	27.281584	-18.50001	-2.35357E-08	27.281584
-1E-07	-3.8582E-10	27.415817	-18.00001	-2.32468E-08	27.415817
0	-3.8473E-10	27.538216	-17.50001	-2.29569E-08	27.538216
0	-3.8531E-10	27.660571	-17.00001	-2.26127E-08	27.660571
0	-3.8338E-10	27.782925	-16.50001	-2.22663E-08	27.782925
3E-07	-3.7718E-10	27.920834	-16.00001	-2.19243E-08	27.920834
-1E-07	-3.7754E-10	28.043227	-15.50001	-2.15238E-08	28.043227
1E-07	-3.7855E-10	28.165538	-15.00001	-2.11328E-08	28.165538
-3E-07	-3.7651E-10	28.287892	-14.50001	-2.0713E-08	28.287892
2E-07	-3.7825E-10	28.422752	-14.00001	-2.02613E-08	28.422752
-1E-07	-3.7651E-10	28.545149	-13.50001	-1.97859E-08	28.545149
-1E-07	-3.7833E-10	28.667496	-13.00001	-1.92899E-08	28.667496
1E-07	-3.7581E-10	28.789857	-12.50001	-1.87788E-08	28.789857
1E-07	-3.7661E-10	28.923254	-12.00001	-1.82395E-08	28.923254
1E-07	-3.7384E-10	29.045638	-11.50001	-1.76498E-08	29.045638
2E-07	-3.7375E-10	29.167979	-11.00001	-1.70466E-08	29.167979
1E-07	-3.7663E-10	29.290333	-10.50001	-1.63825E-08	29.290333
3E-07	-3.7489E-10	29.420026	-10.00001	-1.57336E-08	29.420026
1E-07	-3.7407E-10	29.542395	-9.50001	-1.50154E-08	29.542395
0	-3.7511E-10	29.664772	-9.00001	-1.43145E-08	29.664772
1E-07	-3.7929E-10	29.787105	-8.50001	-1.35513E-08	29.787105
0	-3.7755E-10	29.920509	-8.00001	-1.27664E-08	29.920509
0	-3.7219E-10	30.042921	-7.50001	-1.19684E-08	30.042921
0	-3.7229E-10	30.165223	-7.00001	-1.11228E-08	30.165223
2E-07	-3.7091E-10	30.287564	-6.50001	-1.02991E-08	30.287564
1E-07	-3.7385E-10	30.425867	-6.00001	-9.4118E-09	30.425867
2E-07	-3.7296E-10	30.563115	-5.5	-8.50831E-09	30.563115
3E-07	-3.7131E-10	30.684315	-5.00001	-7.60168E-09	30.684315
0	-3.7182E-10	30.805529	-4.50001	-6.67387E-09	30.805529
0	-3.72E-10	30.926723	-4.00001	-5.73117E-09	30.926723
1E-07	-3.7116E-10	31.047964	-3.50001	-4.79557E-09	31.047964
0	-3.7166E-10	31.169138	-3.00001	-3.86345E-09	31.169138
0	-3.7165E-10	31.290343	-2.50001	-2.96085E-09	31.290343
2E-07	-3.723E-10	31.413007	-2.00001	-2.08656E-09	31.413007
0	-3.7139E-10	31.534345	-1.50001	-1.26732E-09	31.534345
-1E-07	-3.7145E-10	31.655572	-1.00001	-5.4896E-10	31.655572
1E-07	-3.698E-10	31.776767	-0.50001	-1.035E-10	31.776767
1E-07	-3.6977E-10	31.913953	-1E-05	6.8E-12	31.913953
-5	-4.72621E-09	32.062624	-1E-05	5.3E-12	32.062624
-5	-4.18618E-09	32.183801	-0.5	-1.016E-10	32.183801
-5	-4.00543E-09	32.304978	-1	-5.4643E-10	32.304978
-5	-3.90306E-09	32.43176	-1.5	-1.31574E-09	32.43176
-5	-3.84751E-09	32.552992	-2	-2.23076E-09	32.552992
-5	-3.79511E-09	32.701564	-2.5	-3.23098E-09	32.701564
-5	-3.76654E-09	32.850121	-3.00001	-4.29068E-09	32.850121
-5	-3.73896E-09	32.998741	-3.50001	-5.3818E-09	32.998741
-5	-3.71089E-09	33.147343	-4	-6.51037E-09	33.147343
-5	-3.69783E-09	33.295945	-4.5	-7.66675E-09	33.295945
-5	-3.66468E-09	33.453889	-5	-8.84264E-09	33.453889
-5	-3.65251E-09	33.596567	-5.50001	-1.00541E-08	33.596567
-5	-3.64428E-09	33.718917	-6	-1.12708E-08	33.718917
-5	-3.62548E-09	33.841388	-6.5	-1.25097E-08	33.841388
-5	-3.62521E-09	33.96373	-7	-1.37322E-08	33.96373
-5	-3.5996E-09	34.08609	-7.5	-1.50038E-08	34.08609
-5	-3.58563E-09	34.208426	-8	-1.62626E-08	34.208426
-5	-3.57817E-09	34.330824	-8.5	-1.75444E-08	34.330824
-5	-3.57295E-09	34.453432	-9	-1.88065E-08	34.453432
-5	-3.55705E-09	34.575809	-9.5	-2.00461E-08	34.575809
-5	-3.54223E-09	34.698166	-10	-2.13656E-08	34.698166
-5	-3.53076E-09	34.820513	-10.5	-2.26418E-08	34.820513
-5	-3.52299E-09	34.942847	-11	-2.38899E-08	34.942847
-5	-3.51823E-09	35.065251	-11.5	-2.51323E-08	35.065251
-5	-3.51542E-09	35.187554	-12	-2.63613E-08	35.187554
-5	-3.50602E-09	35.309893	-12.5	-2.7563E-08	35.309893
-5	-3.49735E-09	35.432426	-13	-2.87416E-08	35.432426
-5	-3.49356E-09	35.554795	-13.5	-2.98818E-08	35.554795
-5	-3.46887E-09	35.677171	-14	-3.10151E-08	35.677171
-5	-3.47063E-09	35.799518	-14.49999	-3.21183E-08	35.799518
-5	-3.46316E-09	35.933024	-15	-3.31861E-08	35.933024
-5	-3.45108E-09	36.055418	-15.5	-3.4236E-08	36.055418
-5	-3.43714E-09	36.177723	-16	-3.52416E-08	36.177723
-5	-3.42936E-09	36.300094	-16.5	-3.62273E-08	36.300094
-5	-3.43434E-09	36.43405	-17	-3.71889E-08	36.43405
-5	-3.4233E-09	36.556443	-17.5	-3.80693E-08	36.556443
-5	-3.41478E-09	36.67881	-18	-3.89686E-08	36.67881
-5	-3.4101E-09	36.801178	-18.5	-3.98032E-08	36.801178
-5	-3.40865E-09	36.935081	-19	-4.06378E-08	36.935081
-5	-3.39387E-09	37.057457	-19.5	-4.14121E-08	37.057457
-5	-3.39045E-09	37.179762	-20	-4.21893E-08	37.179762
-5	-3.39238E-09	37.30214	-20	-4.2229E-08	37.30214
-5	-3.38446E-09	37.436366	-19.50001	-4.16336E-08	37.436366
-5	-3.38067E-09	37.558746	-19.00001	-4.09717E-08	37.558746
-5	-3.37174E-09	37.681124	-18.50001	-4.03309E-08	37.681124
-5	-3.37618E-09	37.80348	-18.00001	-3.95148E-08	37.80348
-5	-3.36476E-09	37.937105	-17.50001	-3.87566E-08	37.937105
-5	-3.3541E-09	38.059488	-17.00001	-3.79403E-08	38.059488
-5	-3.34659E-09	38.181809	-16.50001	-3.7109E-08	38.181809
-5	-3.34814E-09	38.304244	-16.00001	-3.62158E-08	38.304244
-5	-3.33964E-09	38.438057	-15.50001	-3.53241E-08	38.438057
-5	-3.33039E-09	38.560442	-15.00001	-3.44643E-08	38.560442
-5	-3.32352E-09	38.682793	-14.50001	-3.34773E-08	38.682793
-5	-3.3228E-09	38.805159	-14.00001	-3.25333E-08	38.805159
-5	-3.33048E-09	38.939399	-13.50001	-3.14532E-08	38.939399
-5	-3.31911E-09	39.061774	-13.00001	-3.03763E-08	39.061774
-5	-3.32079E-09	39.184129	-12.50001	-2.91827E-08	39.184129
-5	-3.30579E-09	39.306472	-12.00001	-2.80433E-08	39.306472
-5	-3.30133E-09	39.440044	-11.50001	-2.6862E-08	39.440044
-5	-3.30874E-09	39.562418	-11.00001	-2.5633E-08	39.562418
-5	-3.30292E-09	39.684788	-10.50001	-2.44407E-08	39.684788
-5	-3.30237E-09	39.807136	-10.00001	-2.31701E-08	39.807136
-5	-3.3029E-09	39.941059	-9.50001	-2.18607E-08	39.941059
-5	-3.29848E-09	40.063432	-9.00001	-2.05503E-08	40.063432
-5	-3.29344E-09	40.185761	-8.50001	-1.91513E-08	40.185761
-5	-3.2944E-09	40.308102	-8.00001	-1.77807E-08	40.308102
-5	-3.29044E-09	40.44227	-7.50001	-1.6457E-08	40.44227
-5	-3.28877E-09	40.564644	-7.00001	-1.50906E-08	40.564644
-5	-3.27979E-09	40.687015	-6.50001	-1.37919E-08	40.687015
-5	-3.27658E-09	40.809362	-6.00001	-1.24451E-08	40.809362
-5	-3.27724E-09	40.942992	-5.50001	-1.11593E-08	40.942992
-5	-3.27485E-09	41.065383	-5.00001	-9.8617E-09	41.065383
-5	-3.25983E-09	41.202622	-4.50001	-8.52825E-09	41.202622
-5	-3.26192E-09	41.323815	-4.00001	-7.26818E-09	41.323815
-5	-3.26109E-09	41.44507	-3.50001	-6.04745E-09	41.44507
-5	-3.2501E-09	41.56629	-3.00001	-4.83768E-09	41.56629
-5	-3.25422E-09	41.687503	-2.50001	-3.67263E-09	41.687503
-5	-3.24323E-09	41.808706	-2.00001	-2.56953E-09	41.808706
-5	-3.24449E-09	41.935057	-1.50001	-1.53597E-09	41.935057
-5	-3.24317E-09	42.056318	-1.00001	-6.5938E-10	42.056318
-5	-3.23979E-09	42.177489	-0.50001	-1.243E-10	42.177489
-5	-3.23545E-09	42.29869	-1E-05	7.45E-12	42.29869
-10	-8.0298E-09	42.472156	-1E-05	6.72E-12	42.472156
-10	-7.54232E-09	42.611239	-0.5	-1.1959E-10	42.611239
-10	-7.38077E-09	42.735661	-1	-6.1127E-10	42.735661
-10	-7.29503E-09	42.856837	-1.5	-1.46951E-09	42.856837
-10	-7.21839E-09	42.978027	-2	-2.50427E-09	42.978027
-10	-7.15938E-09	43.126571	-2.5	-3.63902E-09	43.126571
-10	-7.10658E-09	43.275158	-3	-4.81906E-09	43.275158
-10	-7.06831E-09	43.448938	-3.50001	-6.0522E-09	43.448938
-10	-7.03632E-09	43.597723	-4.00001	-7.30395E-09	43.597723
-10	-6.98502E-09	43.746413	-4.5	-8.6088E-09	43.746413
-10	-6.98577E-09	43.889011	-5	-9.9549E-09	43.889011
-10	-6.99416E-09	44.011381	-5.5	-1.12972E-08	44.011381
-10	-6.93572E-09	44.133938	-6	-1.26711E-08	44.133938
-10	-6.92108E-09	44.256273	-6.5	-1.40499E-08	44.256273
-10	-6.91084E-09	44.37872	-7	-1.54626E-08	44.37872
-10	-6.879E-09	44.50107	-7.5	-1.6911E-08	44.50107
-10	-6.85917E-09	44.623442	-8	-1.83886E-08	44.623442
-10	-6.85068E-09	44.745786	-8.5	-1.98032E-08	44.745786
-10	-6.83983E-09	44.868108	-9	-2.12835E-08	44.868108
-10	-6.83698E-09	44.990467	-9.5	-2.27564E-08	44.990467
-10	-6.82459E-09	45.112836	-10	-2.4268E-08	45.112836
-10	-6.81069E-09	45.235146	-10.5	-2.58016E-08	45.235146
-10	-6.79566E-09	45.35755	-11	-2.74371E-08	45.35755
-10	-6.78736E-09	45.479906	-11.5	-2.89092E-08	45.479906
-10	-6.76386E-09	45.602279	-12	-3.0441E-08	45.602279
-10	-6.75112E-09	45.724645	-12.5	-3.20576E-08	45.724645
-10	-6.74975E-09	45.847086	-13	-3.37106E-08	45.847086
-10	-6.73999E-09	45.96943	-13.5	-3.53064E-08	45.96943
-10	-6.717E-09	46.091842	-14	-3.68141E-08	46.091842
-10	-6.72272E-09	46.214148	-14.49999	-3.8535E-08	46.214148
-10	-6.71761E-09	46.336511	-15	-4.01516E-08	46.336511
-10	-6.70008E-09	46.458905	-15.5	-4.17511E-08	46.458905
-10	-6.68901E-09	46.581317	-16	-4.33625E-08	46.581317
-10	-6.68552E-09	46.703698	-16.5	-4.48816E-08	46.703698
-10	-6.66608E-09	46.826044	-17	-4.64277E-08	46.826044
-10	-6.66865E-09	46.95658	-17.5	-4.78856E-08	46.95658
-10	-6.66051E-09	47.078951	-18	-4.9326E-08	47.078951
-10	-6.63878E-09	47.201267	-18.5	-5.08301E-08	47.201267
-10	-6.6343E-09	47.323643	-19	-5.22223E-08	47.323643
-10	-6.62668E-09	47.457087	-19.5	-5.35466E-08	47.457087
-10	-6.64477E-09	47.579489	-20	-5.48343E-08	47.579489
-10	-6.63854E-09	47.701833	-20	-5.49118E-08	47.701833
-10	-6.59185E-09	47.824229	-19.50001	-5.40225E-08	47.824229
-10	-6.61319E-09	47.958228	-19.00001	-5.28016E-08	47.958228
-10	-6.6232E-09	48.08064	-18.50001	-5.1598E-08	48.08064
-10	-6.60459E-09	48.203031	-18.00001	-5.0376E-08	48.203031
-10	-6.5809E-09	48.325405	-17.50001	-4.90457E-08	48.325405
-10	-6.62079E-09	48.45901	-17.00001	-4.75723E-08	48.45901
-10	-6.60278E-09	48.58141	-16.50001	-4.631E-08	48.58141
-10	-6.5904E-09	48.703754	-16.00001	-4.48562E-08	48.703754
-10	-6.58307E-09	48.826118	-15.50001	-4.34056E-08	48.826118
-10	-6.57875E-09	48.959869	-15.00001	-4.19001E-08	48.959869
-10	-6.5693E-09	49.082271	-14.50001	-4.03973E-08	49.082271
-10	-6.5942E-09	49.204596	-14.00001	-3.88818E-08	49.204596
-10	-6.5831E-09	49.326934	-13.50001	-3.73306E-08	49.326934
-10	-6.57687E-09	49.461023	-13.00001	-3.57517E-08	49.461023
-10	-6.57805E-09	49.583428	-12.50001	-3.41488E-08	49.583428
-10	-6.56604E-09	49.70578	-12.00001	-3.2534E-08	49.70578
-10	-6.57653E-09	49.828194	-11.50001	-3.09801E-08	49.828194
-10	-6.5677E-09	49.961863	-11.00001	-2.93526E-08	49.961863
-10	-6.56754E-09	50.084261	-10.50001	-2.77231E-08	50.084261
-10	-6.56023E-09	50.206562	-10.00001	-2.61305E-08	50.206562
-10	-6.55515E-09	50.328898	-9.50001	-2.4532E-08	50.328898
-10	-6.54762E-09	50.462918	-9.00001	-2.29423E-08	50.462918
-10	-6.57E-09	50.585313	-8.50001	-2.14012E-08	50.585313
-10	-6.55231E-09	50.707657	-8.00001	-1.98112E-08	50.707657
-10	-6.52351E-09	50.830034	-7.50001	-1.8294E-08	50.830034
-10	-6.54146E-09	50.964102	-7.00001	-1.67612E-08	50.964102
-10	-6.5305E-09	51.086497	-6.50001	-1.52345E-08	51.086497
-10	-6.53899E-09	51.208823	-6.00001	-1.37436E-08	51.208823
-10	-6.54179E-09	51.331171	-5.50001	-1.22567E-08	51.331171
-10	-6.53421E-09	51.465174	-5.00001	-1.08061E-08	51.465174
-10	-6.53015E-09	51.587559	-4.50001	-9.3941E-09	51.587559
-10	-6.52524E-09	51.72484	-4	-7.97512E-09	51.72484
-10	-6.52045E-09	51.846282	-3.50001	-6.60689E-09	51.846282
-10	-6.53014E-09	51.967487	-3.00001	-5.28321E-09	51.967487
-10	-6.52629E-09	52.088971	-2.50001	-3.99301E-09	52.088971
-10	-6.51367E-09	52.210145	-2.00001	-2.77829E-09	52.210145
-10	-6.52087E-09	52.331331	-1.50001	-1.65461E-09	52.331331
-10	-6.50726E-09	52.455291	-1.00001	-7.0437E-10	52.455291
-10	-6.53216E-09	52.576545	-0.50001	-1.3919E-10	52.576545
-10	-6.50671E-09	52.697759	-1E-05	8.09E-12	52.697759
-15.00001	-1.20237E-08	52.840421	-1E-05	7.04E-12	52.840421
-15.00001	-1.1321E-08	52.97293	-0.5	-1.3104E-10	52.97293
-15.00001	-1.11412E-08	53.095343	-1	-6.5872E-10	53.095343
-15.00001	-1.09949E-08	53.217672	-1.5	-1.55491E-09	53.217672
-15.00001	-1.09278E-08	53.34005	-2	-2.65421E-09	53.34005
-15.00001	-1.08256E-08	53.496969	-2.5	-3.85122E-09	53.496969
-15.00001	-1.08394E-08	53.646734	-3	-5.11403E-09	53.646734
-15.00001	-1.07718E-08	53.796455	-3.5	-6.43628E-09	53.796455
-15.00001	-1.07334E-08	53.970314	-4	-7.78146E-09	53.970314
-15.00001	-1.06943E-08	54.114111	-4.50001	-9.1809E-09	54.114111
-15.00001	-1.0661E-08	54.23758	-5	-1.05799E-08	54.23758
-15.00001	-1.0662E-08	54.361118	-5.5	-1.20235E-08	54.361118
-15.00001	-1.06499E-08	54.484667	-6	-1.34591E-08	54.484667
-15.00001	-1.06092E-08	54.608206	-6.5	-1.49528E-08	54.608206
-15.00001	-1.05998E-08	54.73172	-7	-1.64436E-08	54.73172
-15.00001	-1.05761E-08	54.855247	-7.5	-1.79681E-08	54.855247
-15.00001	-1.05631E-08	54.978762	-8	-1.95171E-08	54.978762
-15.00001	-1.05477E-08	55.102337	-8.5	-2.1046E-08	55.102337
-15.00001	-1.05505E-08	55.225808	-9	-2.26009E-08	55.225808
-15.00001	-1.05085E-08	55.349321	-9.5	-2.42061E-08	55.349321
-15.00001	-1.05004E-08	55.47519	-10	-2.57663E-08	55.47519
-15.00001	-1.05043E-08	55.598935	-10.5	-2.73588E-08	55.598935
-15.00001	-1.04848E-08	55.722467	-11	-2.90185E-08	55.722467
-15.00001	-1.04748E-08	55.846005	-11.5	-3.06619E-08	55.846005
-15.00001	-1.04577E-08	55.9758	-12	-3.23455E-08	55.9758
-15.00001	-1.04625E-08	56.099589	-12.5	-3.40399E-08	56.099589
-15.00001	-1.04393E-08	56.223051	-13	-3.57835E-08	56.223051
-15.00001	-1.04179E-08	56.346571	-13.5	-3.75546E-08	56.346571
-15.00001	-1.0415E-08	56.47721	-14	-3.93352E-08	56.47721
-15.00001	-1.04108E-08	56.600931	-14.5	-4.11086E-08	56.600931
-15.00001	-1.04064E-08	56.724456	-15	-4.27959E-08	56.724456
-15.00001	-1.04011E-08	56.847966	-15.5	-4.4719E-08	56.847966
-15.00001	-1.03838E-08	56.977829	-16	-4.66047E-08	56.977829
-15.00001	-1.04092E-08	57.101654	-16.5	-4.84682E-08	57.101654
-15.00001	-1.0369E-08	57.22512	-17	-5.03283E-08	57.22512
-15.00001	-1.03627E-08	57.34863	-17.5	-5.21684E-08	57.34863
-15.00001	-1.03541E-08	57.47906	-18	-5.39637E-08	57.47906
-15.00001	-1.03512E-08	57.602867	-18.5	-5.57336E-08	57.602867
-15.00001	-1.03215E-08	57.726404	-19	-5.75404E-08	57.726404
-15.00001	-1.03354E-08	57.849948	-19.5	-5.93573E-08	57.849948
-15.00001	-1.03314E-08	57.980073	-20	-6.12313E-08	57.980073
-15.00001	-1.0322E-08	58.103851	-20	-6.14067E-08	58.103851
-15.00001	-1.02933E-08	58.227347	-19.50001	-5.99001E-08	58.227347
-15.00001	-1.029E-08	58.350822	-19.00001	-5.8294E-08	58.350822
-15.00001	-1.03321E-08	58.481079	-18.50001	-5.66334E-08	58.481079
-15.00001	-1.02512E-08	58.604875	-18.00001	-5.50413E-08	58.604875
-15.00001	-1.03065E-08	58.728418	-17.50001	-5.32976E-08	58.728418
-15.00001	-1.02963E-08	58.851922	-17.00001	-5.15533E-08	58.851922
-15.00001	-1.02775E-08	58.981907	-16.50001	-4.98472E-08	58.981907
-15.00001	-1.03115E-08	59.105711	-16.00001	-4.80207E-08	59.105711
-15.00001	-1.03139E-08	59.229197	-15.50001	-4.63399E-08	59.229197
-15.00001	-1.03124E-08	59.352687	-15.00001	-4.45876E-08	59.352687
-15.00001	-1.02996E-08	59.48303	-14.50001	-4.278E-08	59.48303
-15.00001	-1.02897E-08	59.606823	-14.00001	-4.10985E-08	59.606823
-15.00001	-1.03257E-08	59.730412	-13.50001	-3.92993E-08	59.730412
-15.00001	-1.02941E-08	59.853958	-13.00001	-3.74577E-08	59.853958
-15.00001	-1.02765E-08	59.983837	-12.50001	-3.57075E-08	59.983837
-15.00001	-1.03047E-08	60.107697	-12.00001	-3.3922E-08	60.107697
-15.00001	-1.02899E-08	60.231213	-11.50001	-3.22469E-08	60.231213
-15.00001	-1.02898E-08	60.354703	-11.00001	-3.05286E-08	60.354703
-15.00001	-1.02894E-08	60.485058	-10.50001	-2.88096E-08	60.485058
-15.00001	-1.03048E-08	60.608853	-10.00001	-2.71179E-08	60.608853
-15.00001	-1.0309E-08	60.732373	-9.50001	-2.54263E-08	60.732373
-15.00001	-1.02836E-08	60.855872	-9.00001	-2.37555E-08	60.855872
-15.00001	-1.03237E-08	60.985987	-8.50001	-2.20901E-08	60.985987
-15.00001	-1.03171E-08	61.109787	-8.00001	-2.04398E-08	61.109787
-15.00001	-1.03466E-08	61.233374	-7.50001	-1.88468E-08	61.233374
-15.00001	-1.03301E-08	61.356864	-7.00001	-1.72593E-08	61.356864
-15.00001	-1.03077E-08	61.487037	-6.50001	-1.5686E-08	61.487037
-15.00001	-1.03139E-08	61.61081	-6.00001	-1.41309E-08	61.61081
-15.00001	-1.02683E-08	61.734327	-5.50001	-1.2616E-08	61.734327
-15.00001	-1.02995E-08	61.857884	-5.00001	-1.10953E-08	61.857884
-15.00001	-1.03222E-08	62.003095	-4.50001	-9.6452E-09	62.003095
-15.00001	-1.0319E-08	62.141538	-4	-8.19649E-09	62.141538
-15.00001	-1.03156E-08	62.263872	-3.50001	-6.79441E-09	62.263872
-15.00001	-1.02961E-08	62.386311	-3.00001	-5.42103E-09	62.386311
-15.00001	-1.0316E-08	62.508681	-2.50001	-4.10264E-09	62.508681
-15.00001	-1.03177E-08	62.63106	-2.00001	-2.85367E-09	62.63106
-15.00001	-1.0306E-08	62.753433	-1.50001	-1.70751E-09	62.753433
-15.00001	-1.02983E-08	62.875801	-1.00001	-7.3541E-10	62.875801
-15.00001	-1.02995E-08	62.998149	-0.50001	-1.4503E-10	62.998149
-15.00001	-1.028E-08	63.12057	-1E-05	9.04E-12	63.12057
