Time (s)	|IDrain (A)|	|IGate (A)	Vdrain(V)	Vgate(V)
0.0	2.0808e-09	6.9973e-09	-10.0	20.0
1.0	1.0954e-09	2.1645e-09	-10.0	19.9
1.5	8.6575e-10	1.6145e-09	-10.0	19.8
2.0	7.2975e-10	1.3189e-09	-10.0	19.7
2.5	6.4397e-10	1.1296e-09	-10.0	19.6
3.0	5.8548e-10	9.9986e-10	-10.0	19.5
3.5	5.3865e-10	9.0043e-10	-10.0	19.4
4.0	5.0393e-10	8.2535e-10	-10.0	19.3
4.5	4.7797e-10	7.6593e-10	-10.0	19.2
5.0	4.5497e-10	7.1789e-10	-10.0	19.1
5.5	4.3534e-10	6.748e-10	-10.0	19.0
6.0	4.1957e-10	6.4184e-10	-10.0	18.9
6.5	4.0875e-10	6.1151e-10	-10.0	18.8
7.0	3.983e-10	5.8473e-10	-10.0	18.7
7.5	3.9006e-10	5.6182e-10	-10.0	18.6
8.0	3.8174e-10	5.3617e-10	-10.0	18.5
8.5	3.7517e-10	5.1404e-10	-10.0	18.4
9.0	3.709e-10	4.9145e-10	-10.0	18.3
9.5	3.6828e-10	4.6254e-10	-10.0	18.2
10.0	3.6951e-10	4.3654e-10	-10.0	18.1
10.5	3.7633e-10	4.0868e-10	-10.0	18.0
11.0	3.9016e-10	3.8242e-10	-10.0	17.9
11.5	4.1413e-10	3.582e-10	-10.0	17.8
12.0	4.4746e-10	3.3664e-10	-10.0	17.7
12.5	4.8979e-10	3.171e-10	-10.0	17.6
13.0	5.3936e-10	3.0034e-10	-10.0	17.5
13.5	5.9782e-10	2.8575e-10	-10.0	17.4
14.0	6.6801e-10	2.7152e-10	-10.0	17.3
14.5	7.4868e-10	2.5796e-10	-10.0	17.2
15.0	8.4503e-10	2.7476e-10	-10.0	17.1
15.5	9.5437e-10	5.3496e-11	-10.0	17.0
16.0	1.0894e-09	2.1654e-10	-10.0	16.9
16.5	1.2385e-09	2.0684e-10	-10.0	16.8
17.0	1.4125e-09	1.955e-10	-10.0	16.7
17.5	1.6066e-09	1.797e-10	-10.0	16.6
18.0	1.8243e-09	1.6904e-10	-10.0	16.5
18.5	2.0698e-09	1.5358e-10	-10.0	16.4
19.0	2.3434e-09	1.4719e-10	-10.0	16.3
19.5	2.6517e-09	1.3603e-10	-10.0	16.2
20.0	2.9969e-09	1.3545e-10	-10.0	16.1
20.5	3.38e-09	1.3327e-10	-10.0	16.0
21.0	3.801e-09	1.3537e-10	-10.0	15.9
21.5	4.266e-09	1.3667e-10	-10.0	15.8
22.0	4.7727e-09	1.3804e-10	-10.0	15.7
22.5	5.3297e-09	1.3755e-10	-10.0	15.6
23.0	5.9465e-09	1.4157e-10	-10.0	15.5
23.5	6.6138e-09	1.4525e-10	-10.0	15.4
24.0	7.327e-09	1.5161e-10	-10.0	15.3
24.5	8.1054e-09	1.5422e-10	-10.0	15.2
25.0	8.9417e-09	1.5303e-10	-10.0	15.1
25.5	9.8466e-09	1.6097e-10	-10.0	15.0
26.0	1.0835e-08	1.6486e-10	-10.0	14.9
26.5	1.1896e-08	1.7167e-10	-10.0	14.8
27.0	1.3035e-08	1.8066e-10	-10.0	14.7
27.5	1.4258e-08	1.8799e-10	-10.0	14.6
28.0	1.5591e-08	1.8851e-10	-10.0	14.5
28.5	1.704e-08	1.9386e-10	-10.0	14.4
29.0	1.8609e-08	1.9603e-10	-10.0	14.3
29.5	2.0296e-08	1.9975e-10	-10.0	14.2
30.0	2.2124e-08	1.971e-10	-10.0	14.1
30.5	2.4124e-08	1.0402e-10	-10.0	14.0
31.0	2.6299e-08	1.0256e-10	-10.0	13.9
31.5	2.8605e-08	2.2929e-10	-10.0	13.8
32.0	3.1207e-08	2.159e-10	-10.0	13.7
32.5	3.4014e-08	1.999e-10	-10.0	13.6
33.0	3.6928e-08	2.5741e-10	-10.0	13.5
33.5	4.0307e-08	2.3488e-10	-10.0	13.4
34.0	4.3909e-08	2.3896e-10	-10.0	13.3
34.5	4.7785e-08	2.4308e-10	-10.0	13.2
35.0	5.204e-08	2.5701e-10	-10.0	13.1
35.5	5.6795e-08	2.6646e-10	-10.0	13.0
36.0	6.1996e-08	2.6024e-10	-10.0	12.9
36.5	6.7684e-08	2.5893e-10	-10.0	12.8
37.0	7.3866e-08	2.6165e-10	-10.0	12.7
37.5	8.063e-08	2.6305e-10	-10.0	12.6
38.0	8.8101e-08	2.6818e-10	-10.0	12.5
38.5	9.6364e-08	2.7747e-10	-10.0	12.4
39.0	1.0493e-07	2.8921e-10	-10.0	12.3
39.5	1.1502e-07	2.4473e-10	-10.0	12.2
40.0	1.2554e-07	2.8893e-10	-10.0	12.1
40.5	1.3744e-07	2.3652e-10	-10.0	12.0
41.0	1.501e-07	2.7423e-10	-10.0	11.9
41.5	1.6387e-07	2.974e-10	-10.0	11.8
42.0	1.7885e-07	2.8836e-10	-10.0	11.7
42.5	1.95e-07	2.882e-10	-10.0	11.6
43.0	2.1275e-07	2.7957e-10	-10.0	11.5
43.5	2.3187e-07	2.9003e-10	-10.0	11.4
44.0	2.5277e-07	2.8904e-10	-10.0	11.3
44.5	2.7567e-07	2.8753e-10	-10.0	11.2
45.0	3.0018e-07	3.1103e-10	-10.0	11.1
45.5	3.2672e-07	3.4902e-10	-10.0	11.0
46.0	3.5645e-07	7.054e-11	-10.0	10.9
46.5	3.8758e-07	2.9282e-10	-10.0	10.8
47.0	4.209e-07	3.0299e-10	-10.0	10.7
47.5	4.5669e-07	2.7835e-10	-10.0	10.6
48.0	4.9487e-07	3.0588e-10	-10.0	10.5
48.5	5.3539e-07	2.995e-10	-10.0	10.4
49.0	5.7873e-07	3.1316e-10	-10.0	10.3
49.5	6.2478e-07	2.963e-10	-10.0	10.2
50.0	6.7384e-07	2.72e-10	-10.0	10.1
50.5	7.2561e-07	2.952e-10	-10.0	10.0
51.0	7.807e-07	2.9263e-10	-10.0	9.9
51.5	8.39e-07	2.8273e-10	-10.0	9.8
52.0	9.0122e-07	2.5505e-10	-10.0	9.7
52.5	9.6626e-07	2.429e-10	-10.0	9.6
53.0	1.0342e-06	2.6267e-10	-10.0	9.5
53.5	1.1072e-06	2.2264e-10	-10.0	9.4
54.0	1.1835e-06	2.6116e-10	-10.0	9.3
54.5	1.2651e-06	2.5587e-10	-10.0	9.2
55.0	1.349e-06	2.6862e-10	-10.0	9.1
55.5	1.4396e-06	2.6313e-10	-10.0	9.0
56.0	1.5328e-06	2.4124e-10	-10.0	8.9
56.5	1.6307e-06	2.5111e-10	-10.0	8.8
57.0	1.7333e-06	2.4598e-10	-10.0	8.7
57.5	1.8405e-06	2.4815e-10	-10.0	8.6
58.0	1.9528e-06	2.5133e-10	-10.0	8.5
58.5	2.0696e-06	2.5343e-10	-10.0	8.4
59.0	2.1906e-06	2.5082e-10	-10.0	8.3
59.5	2.3184e-06	2.2167e-10	-10.0	8.2
60.0	2.4498e-06	2.4248e-10	-10.0	8.1
60.5	2.5851e-06	2.6248e-10	-10.0	8.0
61.0	2.7286e-06	1.0132e-10	-10.0	7.9
61.5	2.8751e-06	2.1578e-10	-10.0	7.8
62.0	3.027e-06	2.3963e-10	-10.0	7.7
62.5	3.1854e-06	2.4096e-10	-10.0	7.6
63.0	3.3476e-06	2.5073e-10	-10.0	7.5
63.5	3.516e-06	2.2742e-10	-10.0	7.4
64.0	3.6884e-06	2.4167e-10	-10.0	7.3
64.5	3.8664e-06	2.2187e-10	-10.0	7.2
65.0	4.0502e-06	2.5198e-10	-10.0	7.1
65.5	4.2382e-06	2.4456e-10	-10.0	7.0
66.0	4.432e-06	2.4094e-10	-10.0	6.9
66.5	4.6313e-06	2.4904e-10	-10.0	6.8
67.0	4.8361e-06	2.5983e-10	-10.0	6.7
67.5	5.0455e-06	2.7134e-10	-10.0	6.6
68.0	5.262e-06	2.4165e-10	-10.0	6.5
68.5	5.4833e-06	2.5502e-10	-10.0	6.4
69.0	5.7105e-06	2.57e-10	-10.0	6.3
69.5	5.9443e-06	2.5729e-10	-10.0	6.2
70.0	6.1838e-06	2.5136e-10	-10.0	6.1
70.5	6.4268e-06	2.7013e-10	-10.0	6.0
71.0	6.6749e-06	2.7724e-10	-10.0	5.9
71.5	6.9288e-06	2.5343e-10	-10.0	5.8
72.0	7.1867e-06	2.6152e-10	-10.0	5.7
72.5	7.4511e-06	2.6367e-10	-10.0	5.6
73.0	7.7208e-06	2.4234e-10	-10.0	5.5
73.5	7.9923e-06	2.9305e-10	-10.0	5.4
74.0	8.2702e-06	2.6496e-10	-10.0	5.3
74.5	8.5539e-06	2.7616e-10	-10.0	5.2
75.0	8.8401e-06	2.4176e-10	-10.0	5.1
75.5	9.1286e-06	2.7144e-10	-10.0	5.0
76.0	9.4263e-06	2.0184e-10	-10.0	4.9
76.5	9.7304e-06	1.8707e-10	-10.0	4.8
77.0	1.0034e-05	2.636e-10	-10.0	4.7
77.5	1.0347e-05	2.3665e-10	-10.0	4.6
78.0	1.0662e-05	2.8344e-10	-10.0	4.5
78.5	1.098e-05	2.6376e-10	-10.0	4.4
79.0	1.1302e-05	2.9181e-10	-10.0	4.3
79.5	1.1628e-05	2.7395e-10	-10.0	4.2
80.0	1.1958e-05	2.7702e-10	-10.0	4.1
80.5	1.2293e-05	2.4896e-10	-10.0	4.0
81.0	1.2629e-05	2.6699e-10	-10.0	3.9
81.5	1.2971e-05	2.8181e-10	-10.0	3.8
82.0	1.3314e-05	2.4228e-10	-10.0	3.7
82.5	1.3661e-05	2.8632e-10	-10.0	3.6
83.0	1.401e-05	2.6185e-10	-10.0	3.5
83.5	1.4364e-05	2.8239e-10	-10.0	3.4
84.0	1.4719e-05	2.6791e-10	-10.0	3.3
84.5	1.5078e-05	2.6229e-10	-10.0	3.2
85.0	1.5436e-05	2.7256e-10	-10.0	3.1
85.5	1.5798e-05	2.8795e-10	-10.0	3.0
86.0	1.6165e-05	2.5547e-10	-10.0	2.9
86.5	1.6531e-05	2.5922e-10	-10.0	2.8
87.0	1.6901e-05	2.8608e-10	-10.0	2.7
87.5	1.7267e-05	2.7648e-10	-10.0	2.6
88.0	1.7643e-05	2.5711e-10	-10.0	2.5
88.5	1.8015e-05	2.6653e-10	-10.0	2.4
89.0	1.8393e-05	2.5041e-10	-10.0	2.3
89.5	1.877e-05	2.6015e-10	-10.0	2.2
90.0	1.9152e-05	2.3958e-10	-10.0	2.1
90.5	1.9537e-05	2.3059e-10	-10.0	2.0
91.0	1.9909e-05	2.7878e-10	-10.0	1.9
91.5	2.0301e-05	1.2988e-10	-10.0	1.8
92.0	2.0683e-05	2.2485e-10	-10.0	1.7
92.5	2.1071e-05	2.0994e-10	-10.0	1.6
93.0	2.1456e-05	1.9864e-10	-10.0	1.5
93.5	2.1847e-05	1.8511e-10	-10.0	1.4
94.0	2.2236e-05	1.6777e-10	-10.0	1.3
94.5	2.2632e-05	1.7592e-10	-10.0	1.2
95.0	2.3028e-05	1.6302e-10	-10.0	1.1
95.5	2.3422e-05	1.6883e-10	-10.0	1.0
96.0	2.3814e-05	1.556e-10	-10.0	0.9
96.5	2.4208e-05	1.5168e-10	-10.0	0.8
97.0	2.4607e-05	1.4052e-10	-10.0	0.7
97.5	2.5003e-05	1.2365e-10	-10.0	0.6
98.0	2.5408e-05	9.2295e-11	-10.0	0.5
98.5	2.5805e-05	7.4823e-11	-10.0	0.4
99.0	2.621e-05	9.2721e-11	-10.0	0.3
99.5	2.6616e-05	7.2205e-11	-10.0	0.2
100.0	2.7014e-05	6.7961e-11	-10.0	0.1
100.5	2.7414e-05	4.287e-11	-10.0	-1.5293e-14
101.0	2.7812e-05	2.6132e-11	-10.0	-0.1
101.5	2.8217e-05	2.6683e-11	-10.0	-0.2
102.0	2.8615e-05	1.1319e-11	-10.0	-0.3
102.5	2.9011e-05	2.4176e-12	-10.0	-0.4
103.0	2.9413e-05	1.096e-11	-10.0	-0.5
103.5	2.9806e-05	2.5984e-11	-10.0	-0.6
104.0	3.0198e-05	4.369e-11	-10.0	-0.7
104.5	3.0597e-05	5.3045e-11	-10.0	-0.8
105.0	3.099e-05	7.0282e-11	-10.0	-0.9
105.5	3.1381e-05	8.2277e-11	-10.0	-1.0
106.0	3.1767e-05	9.0087e-11	-10.0	-1.1
106.5	3.2159e-05	3.9653e-10	-10.0	-1.2
107.0	3.2546e-05	1.2849e-10	-10.0	-1.3
107.5	3.2932e-05	1.4251e-10	-10.0	-1.4
108.0	3.3311e-05	1.4652e-10	-10.0	-1.5
108.5	3.3692e-05	1.645e-10	-10.0	-1.6
109.0	3.4062e-05	1.7955e-10	-10.0	-1.7
109.5	3.4444e-05	1.9387e-10	-10.0	-1.8
110.0	3.4815e-05	2.2014e-10	-10.0	-1.9
110.5	3.5189e-05	2.4064e-10	-10.0	-2.0
111.0	3.556e-05	2.5493e-10	-10.0	-2.1
111.5	3.5931e-05	2.7376e-10	-10.0	-2.2
112.0	3.6301e-05	2.9184e-10	-10.0	-2.3
112.5	3.666e-05	2.8608e-10	-10.0	-2.4
113.0	3.7019e-05	3.2085e-10	-10.0	-2.5
113.5	3.7381e-05	3.4292e-10	-10.0	-2.6
114.0	3.7729e-05	3.5978e-10	-10.0	-2.7
114.5	3.8075e-05	3.5974e-10	-10.0	-2.8
115.0	3.8425e-05	3.9169e-10	-10.0	-2.9
115.5	3.8773e-05	4.2069e-10	-10.0	-3.0
116.0	3.9119e-05	4.2916e-10	-10.0	-3.1
116.5	3.9456e-05	4.3983e-10	-10.0	-3.2
117.0	3.9788e-05	4.5362e-10	-10.0	-3.3
117.5	4.0122e-05	5.0582e-10	-10.0	-3.4
118.0	4.046e-05	5.2617e-10	-10.0	-3.5
118.5	4.0786e-05	5.4395e-10	-10.0	-3.6
119.0	4.1105e-05	5.567e-10	-10.0	-3.7
119.5	4.1426e-05	5.8778e-10	-10.0	-3.8
120.0	4.1742e-05	5.9732e-10	-10.0	-3.9
120.5	4.2057e-05	6.3185e-10	-10.0	-4.0
121.0	4.2362e-05	6.3425e-10	-10.0	-4.1
121.5	4.2678e-05	9.098e-10	-10.0	-4.2
122.0	4.2981e-05	7.0113e-10	-10.0	-4.3
122.5	4.3278e-05	7.3266e-10	-10.0	-4.4
123.0	4.3577e-05	7.3943e-10	-10.0	-4.5
123.5	4.3863e-05	7.8273e-10	-10.0	-4.6
124.0	4.4154e-05	7.8409e-10	-10.0	-4.7
124.5	4.4443e-05	8.3949e-10	-10.0	-4.8
125.0	4.4729e-05	8.52e-10	-10.0	-4.9
125.5	4.5017e-05	8.6931e-10	-10.0	-5.0
126.0	4.5292e-05	9.1037e-10	-10.0	-5.1
126.5	4.5567e-05	9.3599e-10	-10.0	-5.2
127.0	4.5841e-05	9.5315e-10	-10.0	-5.3
127.5	4.611e-05	9.9138e-10	-10.0	-5.4
128.0	4.6369e-05	1.0362e-09	-10.0	-5.5
128.5	4.6625e-05	1.0537e-09	-10.0	-5.6
129.0	4.6878e-05	1.081e-09	-10.0	-5.7
129.5	4.712e-05	1.1158e-09	-10.0	-5.8
130.0	4.7382e-05	1.1322e-09	-10.0	-5.9
130.5	4.7628e-05	1.1657e-09	-10.0	-6.0
131.0	4.787e-05	1.1949e-09	-10.0	-6.1
131.5	4.8106e-05	1.2234e-09	-10.0	-6.2
132.0	4.8342e-05	1.2631e-09	-10.0	-6.3
132.5	4.8568e-05	1.2965e-09	-10.0	-6.4
133.0	4.8792e-05	1.328e-09	-10.0	-6.5
133.5	4.902e-05	1.3721e-09	-10.0	-6.6
134.0	4.9234e-05	1.3873e-09	-10.0	-6.7
134.5	4.945e-05	1.4329e-09	-10.0	-6.8
135.0	4.9666e-05	1.4739e-09	-10.0	-6.9
135.5	4.988e-05	1.5083e-09	-10.0	-7.0
136.0	5.0089e-05	1.5488e-09	-10.0	-7.1
136.5	5.0281e-05	1.6083e-09	-10.0	-7.2
137.0	5.0489e-05	1.8463e-09	-10.0	-7.3
137.5	5.0675e-05	1.6643e-09	-10.0	-7.4
138.0	5.0867e-05	1.6975e-09	-10.0	-7.5
138.5	5.1054e-05	1.7465e-09	-10.0	-7.6
139.0	5.1235e-05	1.8021e-09	-10.0	-7.7
139.5	5.1416e-05	1.8228e-09	-10.0	-7.8
140.0	5.158e-05	1.8583e-09	-10.0	-7.9
140.5	5.1759e-05	1.9051e-09	-10.0	-8.0
141.0	5.1924e-05	1.9648e-09	-10.0	-8.1
141.5	5.2081e-05	1.9739e-09	-10.0	-8.2
142.0	5.2241e-05	2.0307e-09	-10.0	-8.3
142.5	5.2404e-05	2.0669e-09	-10.0	-8.4
143.0	5.255e-05	2.1129e-09	-10.0	-8.5
143.5	5.2706e-05	2.1733e-09	-10.0	-8.6
144.0	5.2856e-05	2.2093e-09	-10.0	-8.7
144.5	5.3005e-05	2.2516e-09	-10.0	-8.8
145.0	5.3153e-05	2.2878e-09	-10.0	-8.9
145.5	5.3291e-05	2.3471e-09	-10.0	-9.0
146.0	5.343e-05	2.3772e-09	-10.0	-9.1
146.5	5.3562e-05	2.4481e-09	-10.0	-9.2
147.0	5.3694e-05	2.4613e-09	-10.0	-9.3
147.5	5.3813e-05	2.5343e-09	-10.0	-9.4
148.0	5.3941e-05	2.5645e-09	-10.0	-9.5
148.5	5.4059e-05	2.6429e-09	-10.0	-9.6
149.0	5.419e-05	2.6805e-09	-10.0	-9.7
149.5	5.4308e-05	2.7125e-09	-10.0	-9.8
150.0	5.4426e-05	2.7776e-09	-10.0	-9.9
150.5	5.4553e-05	2.8293e-09	-10.0	-10.0
151.0	5.4673e-05	2.8779e-09	-10.0	-10.1
151.5	5.4769e-05	2.9329e-09	-10.0	-10.2
152.0	5.4901e-05	3.1961e-09	-10.0	-10.3
152.5	5.5007e-05	3.0199e-09	-10.0	-10.4
153.0	5.5103e-05	3.0802e-09	-10.0	-10.5
153.5	5.5208e-05	3.1287e-09	-10.0	-10.6
154.0	5.5315e-05	3.1833e-09	-10.0	-10.7
154.5	5.5407e-05	3.2401e-09	-10.0	-10.8
155.0	5.55e-05	3.2917e-09	-10.0	-10.9
155.5	5.5601e-05	3.3339e-09	-10.0	-11.0
156.0	5.5698e-05	3.3857e-09	-10.0	-11.1
156.5	5.5793e-05	3.4567e-09	-10.0	-11.2
157.0	5.5883e-05	3.4933e-09	-10.0	-11.3
157.5	5.597e-05	3.5754e-09	-10.0	-11.4
158.0	5.605e-05	3.6165e-09	-10.0	-11.5
158.5	5.614e-05	3.6855e-09	-10.0	-11.6
159.0	5.623e-05	3.7382e-09	-10.0	-11.7
159.5	5.6298e-05	3.8001e-09	-10.0	-11.8
160.0	5.6386e-05	3.8422e-09	-10.0	-11.9
160.5	5.6456e-05	3.9038e-09	-10.0	-12.0
161.0	5.6536e-05	3.9638e-09	-10.0	-12.1
161.5	5.6623e-05	4.0201e-09	-10.0	-12.2
162.0	5.6695e-05	4.074e-09	-10.0	-12.3
162.5	5.6779e-05	4.1435e-09	-10.0	-12.4
163.0	5.6849e-05	4.1911e-09	-10.0	-12.5
163.5	5.6902e-05	4.2728e-09	-10.0	-12.6
164.0	5.6975e-05	4.323e-09	-10.0	-12.7
164.5	5.7039e-05	4.3601e-09	-10.0	-12.8
165.0	5.7102e-05	4.4061e-09	-10.0	-12.9
165.5	5.7162e-05	4.4971e-09	-10.0	-13.0
166.0	5.7243e-05	4.5424e-09	-10.0	-13.1
166.5	5.7305e-05	4.5985e-09	-10.0	-13.2
167.0	5.7368e-05	4.8576e-09	-10.0	-13.3
167.5	5.7428e-05	4.7136e-09	-10.0	-13.4
168.0	5.7479e-05	4.7783e-09	-10.0	-13.5
168.5	5.7536e-05	4.8696e-09	-10.0	-13.6
169.0	5.7584e-05	4.9113e-09	-10.0	-13.7
169.5	5.7627e-05	4.9762e-09	-10.0	-13.8
170.0	5.7671e-05	5.0366e-09	-10.0	-13.9
170.5	5.7727e-05	5.0873e-09	-10.0	-14.0
171.0	5.7782e-05	5.1633e-09	-10.0	-14.1
171.5	5.7842e-05	5.2179e-09	-10.0	-14.2
172.0	5.7882e-05	5.2865e-09	-10.0	-14.3
172.5	5.7925e-05	5.3444e-09	-10.0	-14.4
173.0	5.7966e-05	5.4002e-09	-10.0	-14.5
173.5	5.8017e-05	5.4737e-09	-10.0	-14.6
174.0	5.8062e-05	5.5443e-09	-10.0	-14.7
174.5	5.8112e-05	5.6084e-09	-10.0	-14.8
175.0	5.8151e-05	5.6775e-09	-10.0	-14.9
175.5	5.8196e-05	5.7437e-09	-10.0	-15.0
176.0	5.8133e-05	5.7175e-09	-10.0	-15.0
176.5	5.8189e-05	5.7889e-09	-10.0	-15.1
177.0	5.8051e-05	5.6832e-09	-10.0	-15.0
177.5	5.7901e-05	5.5927e-09	-10.0	-14.9
178.0	5.7767e-05	5.491e-09	-10.0	-14.8
178.5	5.7634e-05	5.408e-09	-10.0	-14.7
179.0	5.7497e-05	5.3457e-09	-10.0	-14.6
179.5	5.7376e-05	5.2576e-09	-10.0	-14.5
180.0	5.725e-05	5.1794e-09	-10.0	-14.4
180.5	5.7122e-05	5.0741e-09	-10.0	-14.3
181.0	5.6997e-05	5.0224e-09	-10.0	-14.2
181.5	5.6876e-05	4.9379e-09	-10.0	-14.1
182.0	5.6742e-05	4.8759e-09	-10.0	-14.0
182.5	5.6619e-05	4.2701e-09	-10.0	-13.9
183.0	5.6485e-05	4.6946e-09	-10.0	-13.8
183.5	5.6357e-05	4.6237e-09	-10.0	-13.7
184.0	5.6226e-05	4.5561e-09	-10.0	-13.6
184.5	5.6102e-05	4.4698e-09	-10.0	-13.5
185.0	5.5969e-05	4.4201e-09	-10.0	-13.4
185.5	5.5859e-05	4.3365e-09	-10.0	-13.3
186.0	5.572e-05	4.2616e-09	-10.0	-13.2
186.5	5.5584e-05	4.1953e-09	-10.0	-13.1
187.0	5.5436e-05	4.1367e-09	-10.0	-13.0
187.5	5.5309e-05	4.0634e-09	-10.0	-12.9
188.0	5.5177e-05	3.9809e-09	-10.0	-12.8
188.5	5.5043e-05	3.9186e-09	-10.0	-12.7
189.0	5.4905e-05	3.8603e-09	-10.0	-12.6
189.5	5.4771e-05	3.7812e-09	-10.0	-12.5
190.0	5.4634e-05	3.7203e-09	-10.0	-12.4
190.5	5.4503e-05	3.6156e-09	-10.0	-12.3
191.0	5.4352e-05	3.593e-09	-10.0	-12.2
191.5	5.4194e-05	3.5184e-09	-10.0	-12.1
192.0	5.4053e-05	3.472e-09	-10.0	-12.0
192.5	5.3911e-05	3.4112e-09	-10.0	-11.9
193.0	5.3766e-05	3.3285e-09	-10.0	-11.8
193.5	5.3624e-05	3.285e-09	-10.0	-11.7
194.0	5.3466e-05	3.2116e-09	-10.0	-11.6
194.5	5.331e-05	3.1493e-09	-10.0	-11.5
195.0	5.3158e-05	3.0904e-09	-10.0	-11.4
195.5	5.2995e-05	3.0325e-09	-10.0	-11.3
196.0	5.2838e-05	2.9723e-09	-10.0	-11.2
196.5	5.2683e-05	2.9014e-09	-10.0	-11.1
197.0	5.2519e-05	2.8494e-09	-10.0	-11.0
197.5	5.2359e-05	2.2818e-09	-10.0	-10.9
198.0	5.22e-05	2.7272e-09	-10.0	-10.8
198.5	5.2031e-05	2.675e-09	-10.0	-10.7
199.0	5.1853e-05	2.6176e-09	-10.0	-10.6
199.5	5.1687e-05	2.5389e-09	-10.0	-10.5
200.0	5.1512e-05	2.4886e-09	-10.0	-10.4
200.5	5.134e-05	2.4496e-09	-10.0	-10.3
201.0	5.1169e-05	2.3836e-09	-10.0	-10.2
201.5	5.0988e-05	2.3333e-09	-10.0	-10.1
202.0	5.08e-05	2.2697e-09	-10.0	-10.0
202.5	5.0617e-05	2.2236e-09	-10.0	-9.9
203.0	5.043e-05	2.1625e-09	-10.0	-9.8
203.5	5.0245e-05	2.112e-09	-10.0	-9.7
204.0	5.0055e-05	2.0493e-09	-10.0	-9.6
204.5	4.9864e-05	1.9969e-09	-10.0	-9.5
205.0	4.9683e-05	1.9236e-09	-10.0	-9.4
205.5	4.9484e-05	1.8829e-09	-10.0	-9.3
206.0	4.9285e-05	1.8211e-09	-10.0	-9.2
206.5	4.9089e-05	1.7719e-09	-10.0	-9.1
207.0	4.8881e-05	1.72e-09	-10.0	-9.0
207.5	4.8678e-05	1.6524e-09	-10.0	-8.9
208.0	4.8467e-05	1.611e-09	-10.0	-8.8
208.5	4.826e-05	1.5403e-09	-10.0	-8.7
209.0	4.8047e-05	1.4744e-09	-10.0	-8.6
209.5	4.7828e-05	1.4327e-09	-10.0	-8.5
210.0	4.7604e-05	1.3719e-09	-10.0	-8.4
210.5	4.7387e-05	1.3223e-09	-10.0	-8.3
211.0	4.7154e-05	1.2797e-09	-10.0	-8.2
211.5	4.6922e-05	1.2267e-09	-10.0	-8.1
212.0	4.6694e-05	1.1697e-09	-10.0	-8.0
212.5	4.6459e-05	6.9769e-10	-10.0	-7.9
213.0	4.6217e-05	1.0684e-09	-10.0	-7.8
213.5	4.5979e-05	1.0293e-09	-10.0	-7.7
214.0	4.5735e-05	9.6602e-10	-10.0	-7.6
214.5	4.5485e-05	9.1744e-10	-10.0	-7.5
215.0	4.5238e-05	8.7089e-10	-10.0	-7.4
215.5	4.4983e-05	8.3667e-10	-10.0	-7.3
216.0	4.4725e-05	7.799e-10	-10.0	-7.2
216.5	4.4464e-05	7.415e-10	-10.0	-7.1
217.0	4.4204e-05	6.9738e-10	-10.0	-7.0
217.5	4.3927e-05	6.6346e-10	-10.0	-6.9
218.0	4.3662e-05	5.9556e-10	-10.0	-6.8
218.5	4.3382e-05	5.5405e-10	-10.0	-6.7
219.0	4.3107e-05	5.2038e-10	-10.0	-6.6
219.5	4.2833e-05	4.9689e-10	-10.0	-6.5
220.0	4.2559e-05	4.6054e-10	-10.0	-6.4
220.5	4.2262e-05	4.1504e-10	-10.0	-6.3
221.0	4.1975e-05	3.8964e-10	-10.0	-6.2
221.5	4.1684e-05	3.5531e-10	-10.0	-6.1
222.0	4.1383e-05	3.3677e-10	-10.0	-6.0
222.5	4.1093e-05	3.0451e-10	-10.0	-5.9
223.0	4.079e-05	2.8915e-10	-10.0	-5.8
223.5	4.0486e-05	2.4506e-10	-10.0	-5.7
224.0	4.0179e-05	2.3798e-10	-10.0	-5.6
224.5	3.9868e-05	2.0737e-10	-10.0	-5.5
225.0	3.9552e-05	1.8585e-10	-10.0	-5.4
225.5	3.9242e-05	1.6397e-10	-10.0	-5.3
226.0	3.8918e-05	1.3787e-10	-10.0	-5.2
226.5	3.8599e-05	1.006e-10	-10.0	-5.1
227.0	3.8275e-05	9.9857e-11	-10.0	-5.0
227.5	3.7955e-05	7.2794e-11	-10.0	-4.9
228.0	3.7618e-05	2.6313e-10	-10.0	-4.8
228.5	3.729e-05	3.9771e-11	-10.0	-4.7
229.0	3.6963e-05	2.4661e-11	-10.0	-4.6
229.5	3.6622e-05	9.7322e-12	-10.0	-4.5
230.0	3.6291e-05	1.8404e-11	-10.0	-4.4
230.5	3.5949e-05	6.0977e-11	-10.0	-4.3
231.0	3.5597e-05	5.6158e-11	-10.0	-4.2
231.5	3.5258e-05	6.9752e-11	-10.0	-4.1
232.0	3.4912e-05	1.0583e-10	-10.0	-4.0
232.5	3.456e-05	1.077e-10	-10.0	-3.9
233.0	3.4211e-05	1.4234e-10	-10.0	-3.8
233.5	3.3857e-05	1.536e-10	-10.0	-3.7
234.0	3.3505e-05	1.1483e-10	-10.0	-3.6
234.5	3.3141e-05	1.777e-10	-10.0	-3.5
235.0	3.2785e-05	1.8973e-10	-10.0	-3.4
235.5	3.2421e-05	2.1945e-10	-10.0	-3.3
236.0	3.2058e-05	2.0153e-10	-10.0	-3.2
236.5	3.1689e-05	2.3039e-10	-10.0	-3.1
237.0	3.1329e-05	2.2532e-10	-10.0	-3.0
237.5	3.0961e-05	2.446e-10	-10.0	-2.9
238.0	3.0594e-05	2.5812e-10	-10.0	-2.8
238.5	3.0223e-05	2.4801e-10	-10.0	-2.7
239.0	2.9851e-05	2.7692e-10	-10.0	-2.6
239.5	2.9476e-05	2.8781e-10	-10.0	-2.5
240.0	2.9097e-05	2.9344e-10	-10.0	-2.4
240.5	2.8719e-05	2.9651e-10	-10.0	-2.3
241.0	2.8343e-05	3.2505e-10	-10.0	-2.2
241.5	2.797e-05	3.3102e-10	-10.0	-2.1
242.0	2.759e-05	3.229e-10	-10.0	-2.0
242.5	2.7217e-05	3.4961e-10	-10.0	-1.9
243.0	2.6834e-05	6.7255e-10	-10.0	-1.8
243.5	2.6456e-05	3.5793e-10	-10.0	-1.7
244.0	2.6077e-05	3.589e-10	-10.0	-1.6
244.5	2.5691e-05	3.5512e-10	-10.0	-1.5
245.0	2.5311e-05	3.8126e-10	-10.0	-1.4
245.5	2.4927e-05	3.9579e-10	-10.0	-1.3
246.0	2.4549e-05	3.7926e-10	-10.0	-1.2
246.5	2.4167e-05	4.0509e-10	-10.0	-1.1
247.0	2.3788e-05	3.8348e-10	-10.0	-1.0
247.5	2.3405e-05	4.2086e-10	-10.0	-0.9
248.0	2.3023e-05	4.1473e-10	-10.0	-0.8
248.5	2.2643e-05	3.9573e-10	-10.0	-0.7
249.0	2.2262e-05	3.9816e-10	-10.0	-0.6
249.5	2.188e-05	4.4248e-10	-10.0	-0.5
250.0	2.1499e-05	4.3488e-10	-10.0	-0.4
250.5	2.1116e-05	4.3968e-10	-10.0	-0.3
251.0	2.074e-05	4.22e-10	-10.0	-0.2
251.5	2.0358e-05	4.5519e-10	-10.0	-0.1
252.0	1.9979e-05	4.3963e-10	-10.0	-3.6554e-14
252.5	1.9604e-05	4.4664e-10	-10.0	0.1
253.0	1.9225e-05	4.3872e-10	-10.0	0.2
253.5	1.8851e-05	4.2842e-10	-10.0	0.3
254.0	1.8477e-05	4.6077e-10	-10.0	0.4
254.5	1.8107e-05	4.4237e-10	-10.0	0.5
255.0	1.7735e-05	4.5977e-10	-10.0	0.6
255.5	1.7365e-05	4.5714e-10	-10.0	0.7
256.0	1.6996e-05	4.5127e-10	-10.0	0.8
256.5	1.6632e-05	4.6461e-10	-10.0	0.9
257.0	1.6269e-05	4.5997e-10	-10.0	1.0
257.5	1.5911e-05	4.6807e-10	-10.0	1.1
258.0	1.5548e-05	8.1545e-10	-10.0	1.2
258.5	1.5187e-05	4.7114e-10	-10.0	1.3
259.0	1.4833e-05	4.7603e-10	-10.0	1.4
259.5	1.4478e-05	4.8608e-10	-10.0	1.5
260.0	1.4124e-05	4.7306e-10	-10.0	1.6
260.5	1.3777e-05	4.6751e-10	-10.0	1.7
261.0	1.3431e-05	4.7586e-10	-10.0	1.8
261.5	1.3087e-05	4.6828e-10	-10.0	1.9
262.0	1.2747e-05	4.7385e-10	-10.0	2.0
262.5	1.2403e-05	4.9981e-10	-10.0	2.1
263.0	1.2068e-05	4.855e-10	-10.0	2.2
263.5	1.1735e-05	4.8904e-10	-10.0	2.3
264.0	1.1406e-05	4.9303e-10	-10.0	2.4
264.5	1.108e-05	4.9736e-10	-10.0	2.5
265.0	1.0757e-05	5.182e-10	-10.0	2.6
265.5	1.044e-05	5.0261e-10	-10.0	2.7
266.0	1.0126e-05	4.9297e-10	-10.0	2.8
266.5	9.8173e-06	4.9573e-10	-10.0	2.9
267.0	9.5095e-06	5.0768e-10	-10.0	3.0
267.5	9.2101e-06	4.9054e-10	-10.0	3.1
268.0	8.9134e-06	5.0613e-10	-10.0	3.2
268.5	8.6223e-06	5.0144e-10	-10.0	3.3
269.0	8.3359e-06	5.0208e-10	-10.0	3.4
269.5	8.0555e-06	4.9834e-10	-10.0	3.5
270.0	7.781e-06	5.0405e-10	-10.0	3.6
270.5	7.5111e-06	5.101e-10	-10.0	3.7
271.0	7.2457e-06	5.083e-10	-10.0	3.8
271.5	6.9873e-06	5.1419e-10	-10.0	3.9
272.0	6.7336e-06	4.9987e-10	-10.0	4.0
272.5	6.4859e-06	5.1961e-10	-10.0	4.1
273.0	6.2496e-06	4.9754e-10	-10.0	4.2
273.5	6.0038e-06	9.2671e-10	-10.0	4.3
274.0	5.7731e-06	5.2042e-10	-10.0	4.4
274.5	5.5495e-06	5.4609e-10	-10.0	4.5
275.0	5.329e-06	5.1841e-10	-10.0	4.6
275.5	5.1159e-06	5.1739e-10	-10.0	4.7
276.0	4.9075e-06	5.1599e-10	-10.0	4.8
276.5	4.7032e-06	5.3845e-10	-10.0	4.9
277.0	4.5043e-06	5.2979e-10	-10.0	5.0
277.5	4.3126e-06	5.4262e-10	-10.0	5.1
278.0	4.126e-06	5.5013e-10	-10.0	5.2
278.5	3.945e-06	5.3445e-10	-10.0	5.3
279.0	3.7695e-06	5.5143e-10	-10.0	5.4
279.5	3.5996e-06	5.4044e-10	-10.0	5.5
280.0	3.4351e-06	5.5882e-10	-10.0	5.6
280.5	3.2774e-06	5.3499e-10	-10.0	5.7
281.0	3.1227e-06	5.4721e-10	-10.0	5.8
281.5	2.9739e-06	5.6568e-10	-10.0	5.9
282.0	2.8306e-06	5.7094e-10	-10.0	6.0
282.5	2.6922e-06	5.7385e-10	-10.0	6.1
283.0	2.5587e-06	5.7578e-10	-10.0	6.2
283.5	2.4307e-06	5.574e-10	-10.0	6.3
284.0	2.3069e-06	5.7968e-10	-10.0	6.4
284.5	2.1885e-06	5.6718e-10	-10.0	6.5
285.0	2.0734e-06	5.7512e-10	-10.0	6.6
285.5	1.9626e-06	5.9705e-10	-10.0	6.7
286.0	1.8566e-06	5.7219e-10	-10.0	6.8
286.5	1.7551e-06	5.7051e-10	-10.0	6.9
287.0	1.6579e-06	5.8608e-10	-10.0	7.0
287.5	1.5648e-06	5.882e-10	-10.0	7.1
288.0	1.4786e-06	5.7343e-10	-10.0	7.2
288.5	1.3911e-06	9.488e-10	-10.0	7.3
289.0	1.3102e-06	5.8513e-10	-10.0	7.4
289.5	1.2326e-06	5.8457e-10	-10.0	7.5
290.0	1.1594e-06	5.7788e-10	-10.0	7.6
290.5	1.0897e-06	5.7878e-10	-10.0	7.7
291.0	1.0234e-06	5.8092e-10	-10.0	7.8
291.5	9.6058e-07	5.8293e-10	-10.0	7.9
292.0	9.0024e-07	5.8722e-10	-10.0	8.0
292.5	8.4339e-07	5.8616e-10	-10.0	8.1
293.0	7.8876e-07	5.9445e-10	-10.0	8.2
293.5	7.3808e-07	5.867e-10	-10.0	8.3
294.0	6.9001e-07	5.7139e-10	-10.0	8.4
294.5	6.4453e-07	5.7372e-10	-10.0	8.5
295.0	6.0112e-07	5.715e-10	-10.0	8.6
295.5	5.6064e-07	5.6995e-10	-10.0	8.7
296.0	5.2228e-07	5.7688e-10	-10.0	8.8
296.5	4.8624e-07	5.727e-10	-10.0	8.9
297.0	4.5244e-07	5.558e-10	-10.0	9.0
297.5	4.204e-07	5.7455e-10	-10.0	9.1
298.0	3.9065e-07	5.6176e-10	-10.0	9.2
298.5	3.6301e-07	5.6431e-10	-10.0	9.3
299.0	3.3718e-07	5.5269e-10	-10.0	9.4
299.5	3.1285e-07	5.6112e-10	-10.0	9.5
300.0	2.8985e-07	5.6688e-10	-10.0	9.6
300.5	2.6872e-07	5.6927e-10	-10.0	9.7
301.0	2.4896e-07	5.4941e-10	-10.0	9.8
301.5	2.3064e-07	5.7126e-10	-10.0	9.9
302.0	2.1367e-07	5.5908e-10	-10.0	10.0
302.5	1.9787e-07	5.5907e-10	-10.0	10.1
303.0	1.8341e-07	5.5378e-10	-10.0	10.2
303.5	1.6933e-07	9.4725e-10	-10.0	10.3
304.0	1.5668e-07	5.5007e-10	-10.0	10.4
304.5	1.4485e-07	5.4493e-10	-10.0	10.5
305.0	1.3392e-07	5.6514e-10	-10.0	10.6
305.5	1.2396e-07	5.5862e-10	-10.0	10.7
306.0	1.146e-07	5.5877e-10	-10.0	10.8
306.5	1.0609e-07	5.625e-10	-10.0	10.9
307.0	9.8661e-08	5.5989e-10	-10.0	11.0
307.5	9.1016e-08	7.3209e-10	-10.0	11.1
308.0	8.4216e-08	5.6181e-10	-10.0	11.2
308.5	7.7928e-08	5.557e-10	-10.0	11.3
309.0	7.2116e-08	5.6181e-10	-10.0	11.4
309.5	6.6753e-08	5.7843e-10	-10.0	11.5
310.0	6.1767e-08	5.686e-10	-10.0	11.6
310.5	5.7182e-08	5.6978e-10	-10.0	11.7
311.0	5.3046e-08	5.768e-10	-10.0	11.8
311.5	4.9173e-08	5.7939e-10	-10.0	11.9
312.0	4.5588e-08	5.8319e-10	-10.0	12.0
312.5	4.2292e-08	5.7824e-10	-10.0	12.1
313.0	3.9266e-08	5.7874e-10	-10.0	12.2
313.5	3.6408e-08	5.9164e-10	-10.0	12.3
314.0	3.3787e-08	5.9947e-10	-10.0	12.4
314.5	3.1373e-08	5.9481e-10	-10.0	12.5
315.0	2.9151e-08	5.9658e-10	-10.0	12.6
315.5	2.7052e-08	6.0289e-10	-10.0	12.7
316.0	2.5116e-08	6.1451e-10	-10.0	12.8
316.5	2.3319e-08	6.1987e-10	-10.0	12.9
317.0	2.1643e-08	6.1112e-10	-10.0	13.0
317.5	2.0104e-08	6.168e-10	-10.0	13.1
318.0	1.8656e-08	6.2023e-10	-10.0	13.2
318.5	1.7332e-08	5.9418e-10	-10.0	13.3
319.0	1.5978e-08	1.0671e-09	-10.0	13.4
319.5	1.4816e-08	6.4364e-10	-10.0	13.5
320.0	1.3713e-08	6.4501e-10	-10.0	13.6
320.5	1.2676e-08	6.5267e-10	-10.0	13.7
321.0	1.1721e-08	6.5163e-10	-10.0	13.8
321.5	1.0818e-08	6.5882e-10	-10.0	13.9
322.0	9.9797e-09	6.6241e-10	-10.0	14.0
322.5	9.2033e-09	6.72e-10	-10.0	14.1
323.0	8.4865e-09	6.7518e-10	-10.0	14.2
323.5	7.8183e-09	6.8069e-10	-10.0	14.3
324.0	7.1955e-09	6.8708e-10	-10.0	14.4
324.5	6.6056e-09	6.9156e-10	-10.0	14.5
325.0	6.0712e-09	6.9204e-10	-10.0	14.6
325.5	5.563e-09	7.006e-10	-10.0	14.7
326.0	5.0984e-09	7.0328e-10	-10.0	14.8
326.5	4.6724e-09	7.0814e-10	-10.0	14.9
327.0	4.2763e-09	7.0659e-10	-10.0	15.0
327.5	3.9161e-09	7.0955e-10	-10.0	15.1
328.0	3.5764e-09	7.1147e-10	-10.0	15.2
328.5	3.269e-09	7.1191e-10	-10.0	15.3
329.0	2.9862e-09	7.1012e-10	-10.0	15.4
329.5	2.7242e-09	7.1365e-10	-10.0	15.5
330.0	2.4777e-09	7.1437e-10	-10.0	15.6
330.5	2.2582e-09	7.1321e-10	-10.0	15.7
331.0	2.059e-09	7.136e-10	-10.0	15.8
331.5	1.8743e-09	7.1458e-10	-10.0	15.9
332.0	1.707e-09	7.1236e-10	-10.0	16.0
332.5	1.5571e-09	7.1158e-10	-10.0	16.1
333.0	1.4192e-09	7.1394e-10	-10.0	16.2
333.5	1.2943e-09	7.0181e-10	-10.0	16.3
334.0	1.1924e-09	8.4893e-10	-10.0	16.4
334.5	1.089e-09	7.0807e-10	-10.0	16.5
335.0	1.0023e-09	7.0359e-10	-10.0	16.6
335.5	9.2396e-10	6.9936e-10	-10.0	16.7
336.0	8.5549e-10	6.974e-10	-10.0	16.8
336.5	7.9483e-10	6.9181e-10	-10.0	16.9
337.0	7.4101e-10	6.8704e-10	-10.0	17.0
337.5	6.96e-10	6.8301e-10	-10.0	17.1
338.0	6.5375e-10	6.7719e-10	-10.0	17.2
338.5	6.1692e-10	6.7267e-10	-10.0	17.3
339.0	5.8685e-10	6.6483e-10	-10.0	17.4
339.5	5.6007e-10	6.5847e-10	-10.0	17.5
340.0	5.3605e-10	6.5148e-10	-10.0	17.6
340.5	5.1638e-10	6.453e-10	-10.0	17.7
341.0	5.0042e-10	6.3707e-10	-10.0	17.8
341.5	4.8648e-10	6.3247e-10	-10.0	17.9
342.0	4.7469e-10	6.264e-10	-10.0	18.0
342.5	4.6436e-10	6.2161e-10	-10.0	18.1
343.0	4.5517e-10	6.1401e-10	-10.0	18.2
343.5	4.4802e-10	6.0821e-10	-10.0	18.3
344.0	4.4237e-10	6.0296e-10	-10.0	18.4
344.5	4.3662e-10	5.9726e-10	-10.0	18.5
345.0	4.3207e-10	5.9313e-10	-10.0	18.6
345.5	4.2882e-10	5.8862e-10	-10.0	18.7
346.0	4.2599e-10	5.8393e-10	-10.0	18.8
346.5	4.2356e-10	5.8155e-10	-10.0	18.9
347.0	4.2138e-10	5.7746e-10	-10.0	19.0
347.5	4.187e-10	5.7474e-10	-10.0	19.1
348.0	4.1618e-10	5.7153e-10	-10.0	19.2
348.5	4.1463e-10	5.6791e-10	-10.0	19.3
349.0	4.138e-10	6.2721e-10	-10.0	19.4
349.5	4.1192e-10	5.6359e-10	-10.0	19.5
350.0	4.1213e-10	5.625e-10	-10.0	19.6
350.5	4.1009e-10	5.6056e-10	-10.0	19.7
351.0	4.0971e-10	5.5824e-10	-10.0	19.8
351.5	4.0764e-10	5.5618e-10	-10.0	19.9
352.0	4.0763e-10	5.5485e-10	-10.0	20.0
352.5	4.059e-10	5.4772e-10	-10.0	20.0
