Time (s)	|IDrain (A)|	|IGate (A)	Vdrain(V)	Vgate(V)
0.0	1.8931e-07	2.0693e-09	-10.0	10.0
1.0	2.0623e-07	1.0946e-09	-10.0	10.0
1.5	2.143e-07	9.7649e-10	-10.0	10.0
2.0	2.2114e-07	9.0898e-10	-10.0	10.0
2.5	2.2721e-07	8.5962e-10	-10.0	10.0
3.0	2.3237e-07	8.3463e-10	-10.0	10.0
3.5	2.3714e-07	8.0616e-10	-10.0	10.0
4.0	2.413e-07	8.0073e-10	-10.0	10.0
4.5	2.4538e-07	7.8906e-10	-10.0	10.0
5.0	2.4917e-07	7.7589e-10	-10.0	10.0
5.5	2.5291e-07	7.5846e-10	-10.0	10.0
6.0	2.5609e-07	7.659e-10	-10.0	10.0
6.5	2.5932e-07	7.576e-10	-10.0	10.0
7.0	2.6249e-07	7.505e-10	-10.0	10.0
7.5	2.6529e-07	7.4413e-10	-10.0	10.0
8.0	2.6797e-07	7.2944e-10	-10.0	10.0
8.5	2.7058e-07	7.3759e-10	-10.0	10.0
9.0	2.732e-07	7.362e-10	-10.0	10.0
9.5	2.7569e-07	7.3003e-10	-10.0	10.0
10.0	2.7798e-07	7.1794e-10	-10.0	10.0
10.5	2.8013e-07	7.1883e-10	-10.0	10.0
11.0	2.8238e-07	7.2586e-10	-10.0	10.0
11.5	2.8449e-07	7.1239e-10	-10.0	10.0
12.0	2.8645e-07	7.2733e-10	-10.0	10.0
12.5	2.8846e-07	7.1669e-10	-10.0	10.0
13.0	2.9038e-07	7.2208e-10	-10.0	10.0
13.5	2.9228e-07	7.0056e-10	-10.0	10.0
14.0	2.9425e-07	7.1023e-10	-10.0	10.0
14.5	2.9612e-07	7.1255e-10	-10.0	10.0
15.0	2.9792e-07	7.1286e-10	-10.0	10.0
15.5	2.9959e-07	6.9241e-10	-10.0	10.0
16.0	3.0138e-07	7.0334e-10	-10.0	10.0
16.5	3.0293e-07	7.0154e-10	-10.0	10.0
17.0	3.0469e-07	7.1822e-10	-10.0	10.0
17.5	3.0601e-07	7.1473e-10	-10.0	10.0
18.0	3.0763e-07	7.1119e-10	-10.0	10.0
18.5	3.0905e-07	7.0706e-10	-10.0	10.0
19.0	3.1055e-07	7.1581e-10	-10.0	10.0
19.5	3.1199e-07	7.0541e-10	-10.0	10.0
20.0	3.1354e-07	6.9599e-10	-10.0	10.0
20.5	3.1504e-07	7.1045e-10	-10.0	10.0
21.0	3.1645e-07	7.0763e-10	-10.0	10.0
21.5	3.1765e-07	6.9118e-10	-10.0	10.0
22.0	3.1918e-07	7.0693e-10	-10.0	10.0
22.5	3.2042e-07	7.0914e-10	-10.0	10.0
23.0	3.2176e-07	7.0415e-10	-10.0	10.0
23.5	3.2299e-07	6.9247e-10	-10.0	10.0
24.0	3.2406e-07	6.9292e-10	-10.0	10.0
24.5	3.2534e-07	6.9237e-10	-10.0	10.0
25.0	3.2649e-07	6.9913e-10	-10.0	10.0
25.5	3.2756e-07	7.1028e-10	-10.0	10.0
26.0	3.2883e-07	6.9373e-10	-10.0	10.0
26.5	3.2987e-07	6.8892e-10	-10.0	10.0
27.0	3.31e-07	6.8655e-10	-10.0	10.0
27.5	3.3199e-07	7.0532e-10	-10.0	10.0
28.0	3.3331e-07	6.9427e-10	-10.0	10.0
28.5	3.3428e-07	6.9296e-10	-10.0	10.0
29.0	3.3546e-07	6.9785e-10	-10.0	10.0
29.5	3.3645e-07	6.9067e-10	-10.0	10.0
30.0	3.3785e-07	6.9886e-10	-10.0	10.0
30.5	3.3879e-07	6.9414e-10	-10.0	10.0
31.0	3.3999e-07	6.8058e-10	-10.0	10.0
31.5	3.4117e-07	6.9996e-10	-10.0	10.0
32.0	3.4215e-07	6.9733e-10	-10.0	10.0
32.5	3.4318e-07	6.8991e-10	-10.0	10.0
33.0	3.4416e-07	6.7522e-10	-10.0	10.0
33.5	3.4515e-07	6.8615e-10	-10.0	10.0
34.0	3.4629e-07	6.9025e-10	-10.0	10.0
34.5	3.4729e-07	6.8994e-10	-10.0	10.0
35.0	3.4836e-07	6.975e-10	-10.0	10.0
35.5	3.4926e-07	6.8228e-10	-10.0	10.0
36.0	3.5018e-07	6.946e-10	-10.0	10.0
36.5	3.5138e-07	6.8781e-10	-10.0	10.0
37.0	3.525e-07	6.8708e-10	-10.0	10.0
37.5	3.5345e-07	6.7485e-10	-10.0	10.0
38.0	3.544e-07	6.7323e-10	-10.0	10.0
38.5	3.5546e-07	6.8922e-10	-10.0	10.0
39.0	3.5621e-07	6.799e-10	-10.0	10.0
39.5	3.5717e-07	6.8546e-10	-10.0	10.0
40.0	3.5813e-07	6.7531e-10	-10.0	10.0
40.5	3.5923e-07	6.8898e-10	-10.0	10.0
41.0	3.6023e-07	6.7292e-10	-10.0	10.0
41.5	3.6097e-07	6.8126e-10	-10.0	10.0
42.0	3.6182e-07	6.7693e-10	-10.0	10.0
42.5	3.6256e-07	6.7665e-10	-10.0	10.0
43.0	3.6342e-07	6.8518e-10	-10.0	10.0
43.5	3.6457e-07	6.8389e-10	-10.0	10.0
44.0	3.6522e-07	6.8569e-10	-10.0	10.0
44.5	3.663e-07	6.8056e-10	-10.0	10.0
45.0	3.6701e-07	6.8477e-10	-10.0	10.0
45.5	3.6808e-07	6.865e-10	-10.0	10.0
46.0	3.6868e-07	6.8306e-10	-10.0	10.0
46.5	3.6965e-07	6.787e-10	-10.0	10.0
47.0	3.7034e-07	6.8888e-10	-10.0	10.0
47.5	3.7146e-07	6.8623e-10	-10.0	10.0
48.0	3.7223e-07	6.7888e-10	-10.0	10.0
48.5	3.7269e-07	6.9375e-10	-10.0	10.0
49.0	3.7373e-07	6.7781e-10	-10.0	10.0
49.5	3.7467e-07	6.7591e-10	-10.0	10.0
50.0	3.7571e-07	6.8704e-10	-10.0	10.0
50.5	3.7678e-07	6.7413e-10	-10.0	10.0
51.0	3.7753e-07	6.8621e-10	-10.0	10.0
51.5	3.7858e-07	6.8147e-10	-10.0	10.0
52.0	3.7923e-07	6.7372e-10	-10.0	10.0
52.5	3.8007e-07	6.7638e-10	-10.0	10.0
53.0	3.8109e-07	6.8967e-10	-10.0	10.0
53.5	3.8202e-07	6.8474e-10	-10.0	10.0
54.0	3.8282e-07	6.6308e-10	-10.0	10.0
54.5	3.8352e-07	6.6737e-10	-10.0	10.0
55.0	3.8441e-07	6.8225e-10	-10.0	10.0
55.5	3.8498e-07	6.6667e-10	-10.0	10.0
56.0	3.8563e-07	6.682e-10	-10.0	10.0
56.5	3.8631e-07	6.686e-10	-10.0	10.0
57.0	3.8714e-07	6.7798e-10	-10.0	10.0
57.5	3.8796e-07	6.8364e-10	-10.0	10.0
58.0	3.888e-07	6.7603e-10	-10.0	10.0
58.5	3.8971e-07	6.7795e-10	-10.0	10.0
59.0	3.9065e-07	6.8231e-10	-10.0	10.0
59.5	3.912e-07	6.7415e-10	-10.0	10.0
60.0	3.9213e-07	6.7622e-10	-10.0	10.0
60.5	3.9278e-07	6.7275e-10	-10.0	10.0
61.0	3.935e-07	6.7686e-10	-10.0	10.0
61.5	3.9424e-07	6.8341e-10	-10.0	10.0
62.0	3.9504e-07	6.8057e-10	-10.0	10.0
62.5	3.958e-07	6.9773e-10	-10.0	10.0
63.0	3.9641e-07	6.7993e-10	-10.0	10.0
63.5	3.9723e-07	6.7091e-10	-10.0	10.0
64.0	3.9812e-07	6.6683e-10	-10.0	10.0
64.5	3.9888e-07	6.5246e-10	-10.0	10.0
65.0	3.9925e-07	6.7357e-10	-10.0	10.0
65.5	4.0004e-07	6.6713e-10	-10.0	10.0
66.0	4.0075e-07	6.8548e-10	-10.0	10.0
66.5	4.0156e-07	6.6772e-10	-10.0	10.0
67.0	4.0219e-07	6.8015e-10	-10.0	10.0
67.5	4.0321e-07	6.7633e-10	-10.0	10.0
68.0	4.037e-07	6.7477e-10	-10.0	10.0
68.5	4.0456e-07	6.6276e-10	-10.0	10.0
69.0	4.0512e-07	6.6366e-10	-10.0	10.0
69.5	4.0575e-07	6.8528e-10	-10.0	10.0
70.0	4.0667e-07	6.693e-10	-10.0	10.0
70.5	4.0736e-07	6.7581e-10	-10.0	10.0
71.0	4.0825e-07	6.6911e-10	-10.0	10.0
71.5	4.0868e-07	6.6852e-10	-10.0	10.0
72.0	4.0949e-07	6.6991e-10	-10.0	10.0
72.5	4.1018e-07	6.6578e-10	-10.0	10.0
73.0	4.1107e-07	7.0152e-10	-10.0	10.0
73.5	4.1176e-07	6.8235e-10	-10.0	10.0
74.0	4.1241e-07	6.4781e-10	-10.0	10.0
74.5	4.1317e-07	6.7104e-10	-10.0	10.0
75.0	4.1392e-07	6.6108e-10	-10.0	10.0
75.5	4.1442e-07	6.8928e-10	-10.0	10.0
76.0	4.1516e-07	6.7424e-10	-10.0	10.0
76.5	4.1577e-07	6.5051e-10	-10.0	10.0
77.0	4.1648e-07	6.6708e-10	-10.0	10.0
77.5	4.171e-07	6.65e-10	-10.0	10.0
78.0	4.1775e-07	7.0585e-10	-10.0	10.0
78.5	4.1838e-07	6.5333e-10	-10.0	10.0
79.0	4.191e-07	6.7733e-10	-10.0	10.0
79.5	4.2009e-07	6.6048e-10	-10.0	10.0
80.0	4.2052e-07	6.7365e-10	-10.0	10.0
80.5	4.2113e-07	6.6885e-10	-10.0	10.0
81.0	4.2197e-07	6.6203e-10	-10.0	10.0
81.5	4.2258e-07	6.722e-10	-10.0	10.0
82.0	4.2342e-07	6.6456e-10	-10.0	10.0
82.5	4.2414e-07	6.579e-10	-10.0	10.0
83.0	4.2473e-07	6.8224e-10	-10.0	10.0
83.5	4.2571e-07	6.6059e-10	-10.0	10.0
84.0	4.2634e-07	6.7092e-10	-10.0	10.0
84.5	4.2712e-07	6.6816e-10	-10.0	10.0
85.0	4.2748e-07	6.5843e-10	-10.0	10.0
85.5	4.2807e-07	6.5905e-10	-10.0	10.0
86.0	4.2871e-07	6.7931e-10	-10.0	10.0
86.5	4.2942e-07	6.6868e-10	-10.0	10.0
87.0	4.299e-07	6.6631e-10	-10.0	10.0
87.5	4.3027e-07	6.7484e-10	-10.0	10.0
88.0	4.3129e-07	6.5383e-10	-10.0	10.0
88.5	4.3223e-07	6.6798e-10	-10.0	10.0
89.0	4.3282e-07	6.8461e-10	-10.0	10.0
89.5	4.3343e-07	6.5491e-10	-10.0	10.0
90.0	4.3407e-07	6.4753e-10	-10.0	10.0
90.5	4.3475e-07	6.5547e-10	-10.0	10.0
91.0	4.3551e-07	6.4429e-10	-10.0	10.0
91.5	4.3582e-07	6.7548e-10	-10.0	10.0
92.0	4.3652e-07	6.4906e-10	-10.0	10.0
92.5	4.3722e-07	6.6348e-10	-10.0	10.0
93.0	4.3774e-07	6.6497e-10	-10.0	10.0
93.5	4.381e-07	6.6597e-10	-10.0	10.0
94.0	4.3893e-07	6.6557e-10	-10.0	10.0
94.5	4.3939e-07	6.7128e-10	-10.0	10.0
95.0	4.3994e-07	6.6041e-10	-10.0	10.0
95.5	4.4053e-07	6.6561e-10	-10.0	10.0
96.0	4.413e-07	6.5332e-10	-10.0	10.0
96.5	4.4183e-07	6.5431e-10	-10.0	10.0
97.0	4.4274e-07	6.6436e-10	-10.0	10.0
97.5	4.4338e-07	6.7075e-10	-10.0	10.0
98.0	4.4399e-07	6.6184e-10	-10.0	10.0
98.5	4.4464e-07	6.7177e-10	-10.0	10.0
99.0	4.4527e-07	6.624e-10	-10.0	10.0
99.5	4.4597e-07	6.6277e-10	-10.0	10.0
100.0	4.4677e-07	6.5689e-10	-10.0	10.0
100.5	4.4721e-07	6.738e-10	-10.0	10.0
101.0	4.4792e-07	6.5305e-10	-10.0	10.0
101.5	4.4845e-07	6.6572e-10	-10.0	10.0
102.0	4.4905e-07	6.6364e-10	-10.0	10.0
102.5	4.4981e-07	6.5904e-10	-10.0	10.0
103.0	4.5034e-07	6.5759e-10	-10.0	10.0
103.5	4.5097e-07	6.533e-10	-10.0	10.0
104.0	4.5161e-07	6.5268e-10	-10.0	10.0
104.5	4.5221e-07	6.6051e-10	-10.0	10.0
105.0	4.526e-07	6.5182e-10	-10.0	10.0
105.5	4.5322e-07	6.5872e-10	-10.0	10.0
106.0	4.5377e-07	6.6916e-10	-10.0	10.0
106.5	4.5426e-07	6.7361e-10	-10.0	10.0
107.0	4.552e-07	6.5801e-10	-10.0	10.0
107.5	4.5576e-07	6.5608e-10	-10.0	10.0
108.0	4.5631e-07	6.5637e-10	-10.0	10.0
108.5	4.5703e-07	6.5958e-10	-10.0	10.0
109.0	4.5751e-07	6.6274e-10	-10.0	10.0
109.5	4.583e-07	6.5694e-10	-10.0	10.0
110.0	4.5861e-07	6.626e-10	-10.0	10.0
110.5	4.5918e-07	6.4895e-10	-10.0	10.0
111.0	4.5995e-07	6.6051e-10	-10.0	10.0
111.5	4.6064e-07	6.6639e-10	-10.0	10.0
112.0	4.6149e-07	6.5958e-10	-10.0	10.0
112.5	4.6189e-07	6.5291e-10	-10.0	10.0
113.0	4.6282e-07	6.6187e-10	-10.0	10.0
113.5	4.6312e-07	6.6868e-10	-10.0	10.0
114.0	4.6351e-07	6.6884e-10	-10.0	10.0
114.5	4.6412e-07	6.5168e-10	-10.0	10.0
115.0	4.6481e-07	6.4219e-10	-10.0	10.0
115.5	4.6557e-07	6.5845e-10	-10.0	10.0
116.0	4.6606e-07	6.6543e-10	-10.0	10.0
116.5	4.6667e-07	6.6297e-10	-10.0	10.0
117.0	4.6723e-07	6.5211e-10	-10.0	10.0
117.5	4.6806e-07	6.4913e-10	-10.0	10.0
118.0	4.6849e-07	6.6294e-10	-10.0	10.0
118.5	4.6926e-07	6.5525e-10	-10.0	10.0
119.0	4.6973e-07	6.6014e-10	-10.0	10.0
119.5	4.6906e-07	1.8967e-09	-10.0	10.0
120.0	4.6804e-07	1.9088e-09	-10.0	10.0
120.5	4.6751e-07	1.9131e-09	-10.0	10.0
121.0	4.6578e-07	1.906e-09	-10.0	10.0
121.5	4.6545e-07	1.8919e-09	-10.0	10.0
122.0	4.6453e-07	1.8987e-09	-10.0	10.0
122.5	4.638e-07	1.8765e-09	-10.0	10.0
123.0	4.6321e-07	1.8705e-09	-10.0	10.0
123.5	4.6279e-07	1.8635e-09	-10.0	10.0
124.0	4.6227e-07	1.8634e-09	-10.0	10.0
124.5	4.619e-07	1.8497e-09	-10.0	10.0
125.0	4.6123e-07	1.8474e-09	-10.0	10.0
125.5	4.6086e-07	1.8424e-09	-10.0	10.0
126.0	4.5986e-07	1.8469e-09	-10.0	10.0
126.5	4.5975e-07	1.8301e-09	-10.0	10.0
127.0	4.5913e-07	1.8351e-09	-10.0	10.0
127.5	4.5833e-07	1.8359e-09	-10.0	10.0
128.0	4.5835e-07	1.8208e-09	-10.0	10.0
128.5	4.5795e-07	1.8271e-09	-10.0	10.0
129.0	4.573e-07	1.8189e-09	-10.0	10.0
129.5	4.5712e-07	1.8181e-09	-10.0	10.0
130.0	4.5688e-07	1.812e-09	-10.0	10.0
130.5	4.5642e-07	1.8033e-09	-10.0	10.0
131.0	4.5633e-07	1.8009e-09	-10.0	10.0
131.5	4.5583e-07	1.795e-09	-10.0	10.0
132.0	4.5565e-07	1.8032e-09	-10.0	10.0
132.5	4.5522e-07	1.7999e-09	-10.0	10.0
133.0	4.5504e-07	1.7846e-09	-10.0	10.0
133.5	4.5506e-07	1.7909e-09	-10.0	10.0
134.0	4.552e-07	1.7982e-09	-10.0	10.0
134.5	4.5492e-07	1.7784e-09	-10.0	10.0
135.0	4.5433e-07	1.7757e-09	-10.0	10.0
135.5	4.5425e-07	1.7787e-09	-10.0	10.0
136.0	4.5408e-07	1.7764e-09	-10.0	10.0
136.5	4.5336e-07	1.7813e-09	-10.0	10.0
137.0	4.5315e-07	1.7664e-09	-10.0	10.0
137.5	4.5298e-07	1.766e-09	-10.0	10.0
138.0	4.5235e-07	1.7682e-09	-10.0	10.0
138.5	4.5191e-07	1.7582e-09	-10.0	10.0
139.0	4.5158e-07	1.755e-09	-10.0	10.0
139.5	4.5084e-07	1.756e-09	-10.0	10.0
140.0	4.5028e-07	1.7507e-09	-10.0	10.0
140.5	4.5e-07	1.7655e-09	-10.0	10.0
141.0	4.4966e-07	1.7441e-09	-10.0	10.0
141.5	4.4989e-07	1.7455e-09	-10.0	10.0
142.0	4.4964e-07	1.743e-09	-10.0	10.0
142.5	4.4961e-07	1.7554e-09	-10.0	10.0
143.0	4.4914e-07	1.7595e-09	-10.0	10.0
143.5	4.4877e-07	1.744e-09	-10.0	10.0
144.0	4.4878e-07	1.725e-09	-10.0	10.0
144.5	4.4833e-07	1.7424e-09	-10.0	10.0
145.0	4.4802e-07	1.7314e-09	-10.0	10.0
145.5	4.4773e-07	1.7297e-09	-10.0	10.0
146.0	4.4761e-07	1.7264e-09	-10.0	10.0
146.5	4.4726e-07	1.7236e-09	-10.0	10.0
147.0	4.4734e-07	1.7258e-09	-10.0	10.0
147.5	4.4712e-07	1.7118e-09	-10.0	10.0
148.0	4.4706e-07	1.7071e-09	-10.0	10.0
148.5	4.4683e-07	1.7152e-09	-10.0	10.0
149.0	4.4667e-07	1.7035e-09	-10.0	10.0
149.5	4.4599e-07	1.7e-09	-10.0	10.0
150.0	4.4553e-07	1.7059e-09	-10.0	10.0
150.5	4.4534e-07	1.7005e-09	-10.0	10.0
151.0	4.4518e-07	1.7022e-09	-10.0	10.0
151.5	4.4489e-07	1.6939e-09	-10.0	10.0
152.0	4.4513e-07	1.6908e-09	-10.0	10.0
152.5	4.4477e-07	1.6928e-09	-10.0	10.0
153.0	4.4429e-07	1.7073e-09	-10.0	10.0
153.5	4.4396e-07	1.6831e-09	-10.0	10.0
154.0	4.434e-07	1.685e-09	-10.0	10.0
154.5	4.4322e-07	1.6804e-09	-10.0	10.0
155.0	4.4294e-07	1.6705e-09	-10.0	10.0
155.5	4.4257e-07	1.6843e-09	-10.0	10.0
156.0	4.4245e-07	1.6836e-09	-10.0	10.0
156.5	4.4181e-07	1.6781e-09	-10.0	10.0
157.0	4.4152e-07	1.6667e-09	-10.0	10.0
157.5	4.4119e-07	1.6847e-09	-10.0	10.0
158.0	4.4087e-07	1.6742e-09	-10.0	10.0
158.5	4.4101e-07	1.6789e-09	-10.0	10.0
159.0	4.4091e-07	1.671e-09	-10.0	10.0
159.5	4.4065e-07	1.6681e-09	-10.0	10.0
160.0	4.4058e-07	1.6721e-09	-10.0	10.0
160.5	4.401e-07	1.6541e-09	-10.0	10.0
161.0	4.3974e-07	1.6564e-09	-10.0	10.0
161.5	4.3958e-07	1.6758e-09	-10.0	10.0
162.0	4.3938e-07	1.6674e-09	-10.0	10.0
162.5	4.3937e-07	1.6559e-09	-10.0	10.0
163.0	4.3865e-07	1.6425e-09	-10.0	10.0
163.5	4.3859e-07	1.6446e-09	-10.0	10.0
164.0	4.3856e-07	1.6454e-09	-10.0	10.0
164.5	4.38e-07	1.6529e-09	-10.0	10.0
165.0	4.3763e-07	1.6521e-09	-10.0	10.0
165.5	4.3743e-07	1.6499e-09	-10.0	10.0
166.0	4.3718e-07	1.6482e-09	-10.0	10.0
166.5	4.3708e-07	1.638e-09	-10.0	10.0
167.0	4.369e-07	1.6428e-09	-10.0	10.0
167.5	4.3648e-07	1.641e-09	-10.0	10.0
168.0	4.3629e-07	1.6352e-09	-10.0	10.0
168.5	4.357e-07	1.6267e-09	-10.0	10.0
169.0	4.3543e-07	1.6358e-09	-10.0	10.0
169.5	4.3536e-07	1.6333e-09	-10.0	10.0
170.0	4.3478e-07	1.6338e-09	-10.0	10.0
170.5	4.3471e-07	1.6383e-09	-10.0	10.0
171.0	4.341e-07	1.6343e-09	-10.0	10.0
171.5	4.3357e-07	1.6247e-09	-10.0	10.0
172.0	4.336e-07	1.6161e-09	-10.0	10.0
172.5	4.3341e-07	1.6096e-09	-10.0	10.0
173.0	4.3307e-07	1.6228e-09	-10.0	10.0
173.5	4.3283e-07	1.6254e-09	-10.0	10.0
174.0	4.327e-07	1.6149e-09	-10.0	10.0
174.5	4.3216e-07	1.6142e-09	-10.0	10.0
175.0	4.3171e-07	1.5986e-09	-10.0	10.0
175.5	4.3137e-07	1.6196e-09	-10.0	10.0
176.0	4.3114e-07	1.6096e-09	-10.0	10.0
176.5	4.3033e-07	1.6155e-09	-10.0	10.0
177.0	4.3024e-07	1.6094e-09	-10.0	10.0
177.5	4.2963e-07	1.6005e-09	-10.0	10.0
178.0	4.2952e-07	1.6057e-09	-10.0	10.0
178.5	4.291e-07	1.6077e-09	-10.0	10.0
179.0	4.2885e-07	1.6143e-09	-10.0	10.0
179.5	4.292e-07	5.8637e-10	-10.0	10.0
180.0	4.3051e-07	5.0574e-10	-10.0	10.0
180.5	4.3167e-07	4.9807e-10	-10.0	10.0
181.0	4.3264e-07	4.9084e-10	-10.0	10.0
181.5	4.3383e-07	4.9098e-10	-10.0	10.0
182.0	4.3476e-07	4.8949e-10	-10.0	10.0
182.5	4.3531e-07	4.8274e-10	-10.0	10.0
183.0	4.3638e-07	4.9127e-10	-10.0	10.0
183.5	4.3693e-07	4.8809e-10	-10.0	10.0
184.0	4.3779e-07	4.8937e-10	-10.0	10.0
184.5	4.3831e-07	4.755e-10	-10.0	10.0
185.0	4.3943e-07	4.8911e-10	-10.0	10.0
185.5	4.401e-07	4.8593e-10	-10.0	10.0
186.0	4.4083e-07	4.7528e-10	-10.0	10.0
186.5	4.4171e-07	4.7941e-10	-10.0	10.0
187.0	4.4251e-07	4.7639e-10	-10.0	10.0
187.5	4.4317e-07	4.8879e-10	-10.0	10.0
188.0	4.4385e-07	4.7865e-10	-10.0	10.0
188.5	4.4455e-07	4.8794e-10	-10.0	10.0
189.0	4.4546e-07	4.8759e-10	-10.0	10.0
189.5	4.46e-07	4.8821e-10	-10.0	10.0
190.0	4.4654e-07	4.8677e-10	-10.0	10.0
190.5	4.4729e-07	4.7714e-10	-10.0	10.0
191.0	4.4777e-07	4.9104e-10	-10.0	10.0
191.5	4.4874e-07	4.8443e-10	-10.0	10.0
192.0	4.4934e-07	4.8115e-10	-10.0	10.0
192.5	4.5022e-07	4.8242e-10	-10.0	10.0
193.0	4.5066e-07	4.8382e-10	-10.0	10.0
193.5	4.5129e-07	4.8036e-10	-10.0	10.0
194.0	4.5185e-07	4.9101e-10	-10.0	10.0
194.5	4.524e-07	4.8073e-10	-10.0	10.0
195.0	4.5315e-07	4.9321e-10	-10.0	10.0
195.5	4.5379e-07	4.8263e-10	-10.0	10.0
196.0	4.5421e-07	4.9117e-10	-10.0	10.0
196.5	4.5513e-07	4.7933e-10	-10.0	10.0
197.0	4.5578e-07	4.8202e-10	-10.0	10.0
197.5	4.5631e-07	4.8985e-10	-10.0	10.0
198.0	4.5679e-07	4.9109e-10	-10.0	10.0
198.5	4.5756e-07	4.8205e-10	-10.0	10.0
199.0	4.5836e-07	4.9004e-10	-10.0	10.0
199.5	4.5885e-07	4.7949e-10	-10.0	10.0
200.0	4.5917e-07	4.8577e-10	-10.0	10.0
200.5	4.5985e-07	4.7901e-10	-10.0	10.0
201.0	4.603e-07	4.9378e-10	-10.0	10.0
201.5	4.6078e-07	4.9549e-10	-10.0	10.0
202.0	4.6157e-07	4.8326e-10	-10.0	10.0
202.5	4.6223e-07	4.8433e-10	-10.0	10.0
203.0	4.6274e-07	4.9248e-10	-10.0	10.0
203.5	4.6332e-07	4.9648e-10	-10.0	10.0
204.0	4.638e-07	4.8224e-10	-10.0	10.0
204.5	4.646e-07	4.9378e-10	-10.0	10.0
205.0	4.6519e-07	4.9589e-10	-10.0	10.0
205.5	4.6582e-07	4.9126e-10	-10.0	10.0
206.0	4.663e-07	5.0051e-10	-10.0	10.0
206.5	4.6686e-07	4.9089e-10	-10.0	10.0
207.0	4.6737e-07	4.8625e-10	-10.0	10.0
207.5	4.6771e-07	5.0894e-10	-10.0	10.0
208.0	4.6842e-07	4.7961e-10	-10.0	10.0
208.5	4.6899e-07	4.9743e-10	-10.0	10.0
209.0	4.6976e-07	4.9899e-10	-10.0	10.0
209.5	4.7008e-07	5.0322e-10	-10.0	10.0
210.0	4.708e-07	5.0347e-10	-10.0	10.0
210.5	4.7107e-07	5.0612e-10	-10.0	10.0
211.0	4.7174e-07	4.8839e-10	-10.0	10.0
211.5	4.7244e-07	5.0782e-10	-10.0	10.0
212.0	4.7293e-07	4.8898e-10	-10.0	10.0
212.5	4.736e-07	4.9764e-10	-10.0	10.0
213.0	4.7426e-07	4.9393e-10	-10.0	10.0
213.5	4.7461e-07	4.9506e-10	-10.0	10.0
214.0	4.7514e-07	5.0131e-10	-10.0	10.0
214.5	4.7552e-07	4.9938e-10	-10.0	10.0
215.0	4.7592e-07	4.9547e-10	-10.0	10.0
215.5	4.7663e-07	4.9662e-10	-10.0	10.0
216.0	4.7729e-07	5.0408e-10	-10.0	10.0
216.5	4.7765e-07	4.9719e-10	-10.0	10.0
217.0	4.7828e-07	5.0571e-10	-10.0	10.0
217.5	4.7883e-07	4.9604e-10	-10.0	10.0
218.0	4.7944e-07	5.0574e-10	-10.0	10.0
218.5	4.7986e-07	5.0603e-10	-10.0	10.0
219.0	4.8077e-07	4.9689e-10	-10.0	10.0
219.5	4.8105e-07	4.9806e-10	-10.0	10.0
220.0	4.8159e-07	5.1204e-10	-10.0	10.0
220.5	4.823e-07	5.0616e-10	-10.0	10.0
221.0	4.8262e-07	5.1134e-10	-10.0	10.0
221.5	4.8305e-07	5.0844e-10	-10.0	10.0
222.0	4.8368e-07	5.0551e-10	-10.0	10.0
222.5	4.839e-07	5.0661e-10	-10.0	10.0
223.0	4.8469e-07	5.1235e-10	-10.0	10.0
223.5	4.8559e-07	5.1185e-10	-10.0	10.0
224.0	4.8616e-07	5.0978e-10	-10.0	10.0
224.5	4.8694e-07	5.052e-10	-10.0	10.0
225.0	4.873e-07	4.9224e-10	-10.0	10.0
225.5	4.8804e-07	5.1446e-10	-10.0	10.0
226.0	4.8841e-07	5.1259e-10	-10.0	10.0
226.5	4.8899e-07	5.1108e-10	-10.0	10.0
227.0	4.8934e-07	5.2149e-10	-10.0	10.0
227.5	4.9005e-07	5.0794e-10	-10.0	10.0
228.0	4.9066e-07	5.136e-10	-10.0	10.0
228.5	4.9114e-07	5.1079e-10	-10.0	10.0
229.0	4.916e-07	5.1775e-10	-10.0	10.0
229.5	4.9192e-07	5.1244e-10	-10.0	10.0
230.0	4.9255e-07	5.1004e-10	-10.0	10.0
230.5	4.9321e-07	5.1107e-10	-10.0	10.0
231.0	4.9393e-07	5.1302e-10	-10.0	10.0
231.5	4.947e-07	5.1987e-10	-10.0	10.0
232.0	4.9513e-07	5.1272e-10	-10.0	10.0
232.5	4.9545e-07	5.2677e-10	-10.0	10.0
233.0	4.9586e-07	5.2142e-10	-10.0	10.0
233.5	4.9641e-07	5.2393e-10	-10.0	10.0
234.0	4.9711e-07	5.2017e-10	-10.0	10.0
234.5	4.975e-07	5.1632e-10	-10.0	10.0
235.0	4.9804e-07	5.1554e-10	-10.0	10.0
235.5	4.9852e-07	5.163e-10	-10.0	10.0
236.0	4.9918e-07	5.2862e-10	-10.0	10.0
236.5	4.9968e-07	5.1614e-10	-10.0	10.0
237.0	5.0022e-07	5.2908e-10	-10.0	10.0
237.5	5.0075e-07	5.1756e-10	-10.0	10.0
238.0	5.0109e-07	5.2054e-10	-10.0	10.0
238.5	5.0141e-07	5.0881e-10	-10.0	10.0
239.0	5.019e-07	5.1936e-10	-10.0	10.0
239.5	5.0183e-07	1.576e-09	-10.0	10.0
240.0	5.0073e-07	1.6173e-09	-10.0	10.0
240.5	4.9972e-07	1.6094e-09	-10.0	10.0
241.0	4.9883e-07	1.6049e-09	-10.0	10.0
241.5	4.9778e-07	1.6114e-09	-10.0	10.0
242.0	4.9674e-07	1.6106e-09	-10.0	10.0
242.5	4.9523e-07	1.6301e-09	-10.0	10.0
243.0	4.9481e-07	1.6034e-09	-10.0	10.0
243.5	4.9435e-07	1.6115e-09	-10.0	10.0
244.0	4.9285e-07	1.6227e-09	-10.0	10.0
244.5	4.9165e-07	1.6185e-09	-10.0	10.0
245.0	4.9128e-07	1.6077e-09	-10.0	10.0
245.5	4.9069e-07	1.6197e-09	-10.0	10.0
246.0	4.9018e-07	1.6024e-09	-10.0	10.0
246.5	4.9018e-07	1.6073e-09	-10.0	10.0
247.0	4.8911e-07	1.6012e-09	-10.0	10.0
247.5	4.8853e-07	1.6106e-09	-10.0	10.0
248.0	4.8803e-07	1.6013e-09	-10.0	10.0
248.5	4.8713e-07	1.6027e-09	-10.0	10.0
249.0	4.8624e-07	1.6046e-09	-10.0	10.0
249.5	4.8591e-07	1.5982e-09	-10.0	10.0
250.0	4.8544e-07	1.6017e-09	-10.0	10.0
250.5	4.8471e-07	1.5887e-09	-10.0	10.0
251.0	4.842e-07	1.6041e-09	-10.0	10.0
251.5	4.8367e-07	1.5927e-09	-10.0	10.0
252.0	4.8344e-07	1.5949e-09	-10.0	10.0
252.5	4.827e-07	1.5921e-09	-10.0	10.0
253.0	4.8211e-07	1.6026e-09	-10.0	10.0
253.5	4.815e-07	1.5941e-09	-10.0	10.0
254.0	4.8087e-07	1.5769e-09	-10.0	10.0
254.5	4.802e-07	1.599e-09	-10.0	10.0
255.0	4.7991e-07	1.5934e-09	-10.0	10.0
255.5	4.7951e-07	1.5902e-09	-10.0	10.0
256.0	4.7881e-07	1.5893e-09	-10.0	10.0
256.5	4.7797e-07	1.5874e-09	-10.0	10.0
257.0	4.7767e-07	1.5876e-09	-10.0	10.0
257.5	4.7693e-07	1.5886e-09	-10.0	10.0
258.0	4.7672e-07	1.5715e-09	-10.0	10.0
258.5	4.7612e-07	1.5771e-09	-10.0	10.0
259.0	4.7516e-07	1.5729e-09	-10.0	10.0
259.5	4.7469e-07	1.5794e-09	-10.0	10.0
260.0	4.7419e-07	1.5747e-09	-10.0	10.0
260.5	4.7362e-07	1.5771e-09	-10.0	10.0
261.0	4.7253e-07	1.5729e-09	-10.0	10.0
261.5	4.7196e-07	1.5725e-09	-10.0	10.0
262.0	4.7218e-07	1.5657e-09	-10.0	10.0
262.5	4.7164e-07	1.5726e-09	-10.0	10.0
263.0	4.7102e-07	1.5681e-09	-10.0	10.0
263.5	4.7043e-07	1.5684e-09	-10.0	10.0
264.0	4.7001e-07	1.561e-09	-10.0	10.0
264.5	4.6945e-07	1.5719e-09	-10.0	10.0
265.0	4.6885e-07	1.5637e-09	-10.0	10.0
265.5	4.6824e-07	1.5665e-09	-10.0	10.0
266.0	4.6782e-07	1.5615e-09	-10.0	10.0
266.5	4.6732e-07	1.5569e-09	-10.0	10.0
267.0	4.665e-07	1.56e-09	-10.0	10.0
267.5	4.6593e-07	1.5606e-09	-10.0	10.0
268.0	4.6549e-07	1.5592e-09	-10.0	10.0
268.5	4.6506e-07	1.5595e-09	-10.0	10.0
269.0	4.6452e-07	1.5609e-09	-10.0	10.0
269.5	4.643e-07	1.5419e-09	-10.0	10.0
270.0	4.6431e-07	1.5576e-09	-10.0	10.0
270.5	4.6362e-07	1.5595e-09	-10.0	10.0
271.0	4.631e-07	1.5513e-09	-10.0	10.0
271.5	4.625e-07	1.5585e-09	-10.0	10.0
272.0	4.6187e-07	1.5495e-09	-10.0	10.0
272.5	4.6108e-07	1.5482e-09	-10.0	10.0
273.0	4.6075e-07	1.5424e-09	-10.0	10.0
273.5	4.6049e-07	1.5389e-09	-10.0	10.0
274.0	4.6e-07	1.5439e-09	-10.0	10.0
274.5	4.5957e-07	1.54e-09	-10.0	10.0
275.0	4.5904e-07	1.5429e-09	-10.0	10.0
275.5	4.5892e-07	1.5456e-09	-10.0	10.0
276.0	4.5843e-07	1.5318e-09	-10.0	10.0
276.5	4.5745e-07	1.5453e-09	-10.0	10.0
277.0	4.5714e-07	1.5435e-09	-10.0	10.0
277.5	4.5688e-07	1.5377e-09	-10.0	10.0
278.0	4.5626e-07	1.5386e-09	-10.0	10.0
278.5	4.5579e-07	1.5384e-09	-10.0	10.0
279.0	4.5551e-07	1.5278e-09	-10.0	10.0
279.5	4.5477e-07	1.5246e-09	-10.0	10.0
280.0	4.5397e-07	1.5297e-09	-10.0	10.0
280.5	4.5336e-07	1.5309e-09	-10.0	10.0
281.0	4.5265e-07	1.5339e-09	-10.0	10.0
281.5	4.5245e-07	1.5363e-09	-10.0	10.0
282.0	4.5226e-07	1.5328e-09	-10.0	10.0
282.5	4.5215e-07	1.5308e-09	-10.0	10.0
283.0	4.5156e-07	1.5232e-09	-10.0	10.0
283.5	4.5125e-07	1.5281e-09	-10.0	10.0
284.0	4.5095e-07	1.5342e-09	-10.0	10.0
284.5	4.5041e-07	1.5208e-09	-10.0	10.0
285.0	4.4999e-07	1.5223e-09	-10.0	10.0
285.5	4.4976e-07	1.5152e-09	-10.0	10.0
286.0	4.4921e-07	1.5128e-09	-10.0	10.0
286.5	4.4874e-07	1.5156e-09	-10.0	10.0
287.0	4.482e-07	1.5187e-09	-10.0	10.0
287.5	4.4789e-07	1.5182e-09	-10.0	10.0
288.0	4.4727e-07	1.5085e-09	-10.0	10.0
288.5	4.4708e-07	1.5152e-09	-10.0	10.0
289.0	4.465e-07	1.5219e-09	-10.0	10.0
289.5	4.4598e-07	1.5154e-09	-10.0	10.0
290.0	4.455e-07	1.5071e-09	-10.0	10.0
290.5	4.4511e-07	1.5074e-09	-10.0	10.0
291.0	4.4447e-07	1.5021e-09	-10.0	10.0
291.5	4.4422e-07	1.5252e-09	-10.0	10.0
292.0	4.4365e-07	1.5182e-09	-10.0	10.0
292.5	4.4311e-07	1.5083e-09	-10.0	10.0
293.0	4.427e-07	1.5006e-09	-10.0	10.0
293.5	4.423e-07	1.5075e-09	-10.0	10.0
294.0	4.419e-07	1.4978e-09	-10.0	10.0
294.5	4.4063e-07	1.5089e-09	-10.0	10.0
295.0	4.403e-07	1.5112e-09	-10.0	10.0
295.5	4.398e-07	1.5057e-09	-10.0	10.0
296.0	4.3966e-07	1.501e-09	-10.0	10.0
296.5	4.391e-07	1.5033e-09	-10.0	10.0
297.0	4.3862e-07	1.4953e-09	-10.0	10.0
297.5	4.3839e-07	1.5001e-09	-10.0	10.0
298.0	4.3798e-07	1.4952e-09	-10.0	10.0
298.5	4.3791e-07	1.4972e-09	-10.0	10.0
299.0	4.3769e-07	1.4973e-09	-10.0	10.0
299.5	4.3796e-07	5.4001e-10	-10.0	10.0
300.0	4.3904e-07	4.5614e-10	-10.0	10.0
300.5	4.3997e-07	4.5049e-10	-10.0	10.0
301.0	4.4073e-07	4.5155e-10	-10.0	10.0
301.5	4.4138e-07	4.4011e-10	-10.0	10.0
302.0	4.4222e-07	4.4038e-10	-10.0	10.0
302.5	4.4303e-07	4.3946e-10	-10.0	10.0
303.0	4.4419e-07	4.3289e-10	-10.0	10.0
303.5	4.4467e-07	4.3462e-10	-10.0	10.0
304.0	4.4553e-07	4.2936e-10	-10.0	10.0
304.5	4.462e-07	4.3508e-10	-10.0	10.0
305.0	4.4698e-07	4.3127e-10	-10.0	10.0
305.5	4.4749e-07	4.434e-10	-10.0	10.0
306.0	4.4836e-07	4.3672e-10	-10.0	10.0
306.5	4.4879e-07	4.3663e-10	-10.0	10.0
307.0	4.4948e-07	4.2588e-10	-10.0	10.0
307.5	4.4993e-07	4.3092e-10	-10.0	10.0
308.0	4.5068e-07	4.4041e-10	-10.0	10.0
308.5	4.5126e-07	4.3238e-10	-10.0	10.0
309.0	4.5156e-07	4.2891e-10	-10.0	10.0
309.5	4.524e-07	4.3795e-10	-10.0	10.0
310.0	4.5309e-07	4.3741e-10	-10.0	10.0
310.5	4.5386e-07	4.3389e-10	-10.0	10.0
311.0	4.5446e-07	4.4727e-10	-10.0	10.0
311.5	4.5482e-07	4.3636e-10	-10.0	10.0
312.0	4.554e-07	4.4356e-10	-10.0	10.0
312.5	4.5614e-07	4.4141e-10	-10.0	10.0
313.0	4.5734e-07	4.3419e-10	-10.0	10.0
313.5	4.577e-07	4.4387e-10	-10.0	10.0
314.0	4.5812e-07	4.3613e-10	-10.0	10.0
314.5	4.586e-07	4.4123e-10	-10.0	10.0
315.0	4.5894e-07	4.4379e-10	-10.0	10.0
315.5	4.5965e-07	4.4063e-10	-10.0	10.0
316.0	4.6003e-07	4.3585e-10	-10.0	10.0
316.5	4.6074e-07	4.4683e-10	-10.0	10.0
317.0	4.6135e-07	4.3724e-10	-10.0	10.0
317.5	4.6206e-07	4.4959e-10	-10.0	10.0
318.0	4.6278e-07	4.3876e-10	-10.0	10.0
318.5	4.6321e-07	4.4646e-10	-10.0	10.0
319.0	4.6399e-07	4.411e-10	-10.0	10.0
319.5	4.6452e-07	4.4919e-10	-10.0	10.0
320.0	4.6514e-07	4.4419e-10	-10.0	10.0
320.5	4.6593e-07	4.3879e-10	-10.0	10.0
321.0	4.6622e-07	4.5448e-10	-10.0	10.0
321.5	4.6659e-07	4.4246e-10	-10.0	10.0
322.0	4.6705e-07	4.4507e-10	-10.0	10.0
322.5	4.6742e-07	4.4652e-10	-10.0	10.0
323.0	4.6783e-07	4.5471e-10	-10.0	10.0
323.5	4.6847e-07	4.5211e-10	-10.0	10.0
324.0	4.6878e-07	4.5313e-10	-10.0	10.0
324.5	4.6933e-07	4.4687e-10	-10.0	10.0
325.0	4.7013e-07	4.508e-10	-10.0	10.0
325.5	4.7045e-07	4.5049e-10	-10.0	10.0
326.0	4.7117e-07	4.5279e-10	-10.0	10.0
326.5	4.7187e-07	4.5047e-10	-10.0	10.0
327.0	4.7242e-07	4.5064e-10	-10.0	10.0
327.5	4.7291e-07	4.5083e-10	-10.0	10.0
328.0	4.7365e-07	4.5505e-10	-10.0	10.0
328.5	4.7398e-07	4.5042e-10	-10.0	10.0
329.0	4.7426e-07	4.6288e-10	-10.0	10.0
329.5	4.7505e-07	4.6185e-10	-10.0	10.0
330.0	4.756e-07	4.5937e-10	-10.0	10.0
330.5	4.759e-07	4.5948e-10	-10.0	10.0
331.0	4.7664e-07	4.6129e-10	-10.0	10.0
331.5	4.7687e-07	4.5674e-10	-10.0	10.0
332.0	4.775e-07	4.6243e-10	-10.0	10.0
332.5	4.778e-07	4.5621e-10	-10.0	10.0
333.0	4.7805e-07	4.5706e-10	-10.0	10.0
333.5	4.7852e-07	4.5916e-10	-10.0	10.0
334.0	4.7919e-07	4.6397e-10	-10.0	10.0
334.5	4.7977e-07	4.6866e-10	-10.0	10.0
335.0	4.8015e-07	4.679e-10	-10.0	10.0
335.5	4.8056e-07	4.6665e-10	-10.0	10.0
336.0	4.8132e-07	4.6168e-10	-10.0	10.0
336.5	4.8165e-07	4.6236e-10	-10.0	10.0
337.0	4.8232e-07	4.6899e-10	-10.0	10.0
337.5	4.8269e-07	4.649e-10	-10.0	10.0
338.0	4.8352e-07	4.7088e-10	-10.0	10.0
338.5	4.8391e-07	4.5445e-10	-10.0	10.0
339.0	4.8437e-07	4.6449e-10	-10.0	10.0
339.5	4.8473e-07	4.6719e-10	-10.0	10.0
340.0	4.8534e-07	4.6529e-10	-10.0	10.0
340.5	4.8573e-07	4.7793e-10	-10.0	10.0
341.0	4.8595e-07	4.743e-10	-10.0	10.0
341.5	4.8663e-07	4.699e-10	-10.0	10.0
342.0	4.8722e-07	4.7128e-10	-10.0	10.0
342.5	4.8768e-07	4.6703e-10	-10.0	10.0
343.0	4.882e-07	4.6907e-10	-10.0	10.0
343.5	4.8836e-07	4.7559e-10	-10.0	10.0
344.0	4.8889e-07	4.7731e-10	-10.0	10.0
344.5	4.8924e-07	4.6967e-10	-10.0	10.0
345.0	4.8994e-07	4.7838e-10	-10.0	10.0
345.5	4.9038e-07	4.7302e-10	-10.0	10.0
346.0	4.9079e-07	4.7623e-10	-10.0	10.0
346.5	4.9132e-07	4.8345e-10	-10.0	10.0
347.0	4.9169e-07	4.9315e-10	-10.0	10.0
347.5	4.9229e-07	4.7043e-10	-10.0	10.0
348.0	4.9282e-07	4.5914e-10	-10.0	10.0
348.5	4.9308e-07	4.8059e-10	-10.0	10.0
349.0	4.9373e-07	4.874e-10	-10.0	10.0
349.5	4.945e-07	4.7471e-10	-10.0	10.0
350.0	4.9484e-07	4.7577e-10	-10.0	10.0
350.5	4.9541e-07	4.9241e-10	-10.0	10.0
351.0	4.9602e-07	4.8493e-10	-10.0	10.0
351.5	4.9661e-07	4.8217e-10	-10.0	10.0
352.0	4.9698e-07	4.9548e-10	-10.0	10.0
352.5	4.9757e-07	4.7666e-10	-10.0	10.0
353.0	4.9786e-07	4.8367e-10	-10.0	10.0
353.5	4.9817e-07	4.7814e-10	-10.0	10.0
354.0	4.9826e-07	4.8753e-10	-10.0	10.0
354.5	4.9872e-07	4.859e-10	-10.0	10.0
355.0	4.9925e-07	4.9622e-10	-10.0	10.0
355.5	4.9987e-07	4.9185e-10	-10.0	10.0
356.0	5.004e-07	4.8159e-10	-10.0	10.0
356.5	5.0074e-07	4.8869e-10	-10.0	10.0
357.0	5.0172e-07	4.9418e-10	-10.0	10.0
357.5	5.0206e-07	4.9036e-10	-10.0	10.0
358.0	5.0206e-07	4.9028e-10	-10.0	10.0
358.5	5.0254e-07	4.8941e-10	-10.0	10.0
359.0	5.0308e-07	4.9049e-10	-10.0	10.0
359.5	5.026e-07	1.5044e-09	-10.0	10.0
360.0	5.0086e-07	1.5465e-09	-10.0	10.0
360.5	4.9933e-07	1.5498e-09	-10.0	10.0
361.0	4.978e-07	1.5479e-09	-10.0	10.0
361.5	4.9703e-07	1.5417e-09	-10.0	10.0
362.0	4.9583e-07	1.5467e-09	-10.0	10.0
362.5	4.9483e-07	1.5389e-09	-10.0	10.0
363.0	4.9388e-07	1.548e-09	-10.0	10.0
363.5	4.9309e-07	1.5516e-09	-10.0	10.0
364.0	4.9203e-07	1.5603e-09	-10.0	10.0
364.5	4.9116e-07	1.5483e-09	-10.0	10.0
365.0	4.8993e-07	1.5474e-09	-10.0	10.0
365.5	4.8955e-07	1.5453e-09	-10.0	10.0
366.0	4.8849e-07	1.5532e-09	-10.0	10.0
366.5	4.8752e-07	1.5417e-09	-10.0	10.0
367.0	4.8652e-07	1.5433e-09	-10.0	10.0
367.5	4.8557e-07	1.5445e-09	-10.0	10.0
368.0	4.8448e-07	1.5435e-09	-10.0	10.0
368.5	4.8361e-07	1.5397e-09	-10.0	10.0
369.0	4.8275e-07	1.5577e-09	-10.0	10.0
369.5	4.8222e-07	1.5335e-09	-10.0	10.0
370.0	4.8161e-07	1.5553e-09	-10.0	10.0
370.5	4.8129e-07	1.5389e-09	-10.0	10.0
371.0	4.8059e-07	1.5538e-09	-10.0	10.0
371.5	4.7982e-07	1.5381e-09	-10.0	10.0
372.0	4.7884e-07	1.5428e-09	-10.0	10.0
372.5	4.7867e-07	1.5436e-09	-10.0	10.0
373.0	4.7747e-07	1.5348e-09	-10.0	10.0
373.5	4.7662e-07	1.5258e-09	-10.0	10.0
374.0	4.7556e-07	1.5363e-09	-10.0	10.0
374.5	4.7515e-07	1.5304e-09	-10.0	10.0
375.0	4.7474e-07	1.5231e-09	-10.0	10.0
375.5	4.7433e-07	1.5241e-09	-10.0	10.0
376.0	4.7331e-07	1.5395e-09	-10.0	10.0
376.5	4.7255e-07	1.548e-09	-10.0	10.0
377.0	4.7192e-07	1.5359e-09	-10.0	10.0
377.5	4.7136e-07	1.5248e-09	-10.0	10.0
378.0	4.7053e-07	1.5168e-09	-10.0	10.0
378.5	4.6969e-07	1.5132e-09	-10.0	10.0
379.0	4.6913e-07	1.5298e-09	-10.0	10.0
379.5	4.6854e-07	1.5255e-09	-10.0	10.0
380.0	4.6795e-07	1.528e-09	-10.0	10.0
380.5	4.6733e-07	1.529e-09	-10.0	10.0
381.0	4.6607e-07	1.5135e-09	-10.0	10.0
381.5	4.6553e-07	1.5251e-09	-10.0	10.0
382.0	4.6509e-07	1.5133e-09	-10.0	10.0
382.5	4.6457e-07	1.5169e-09	-10.0	10.0
383.0	4.6384e-07	1.5155e-09	-10.0	10.0
383.5	4.6267e-07	1.5183e-09	-10.0	10.0
384.0	4.6209e-07	1.5133e-09	-10.0	10.0
384.5	4.6116e-07	1.5317e-09	-10.0	10.0
385.0	4.6078e-07	1.501e-09	-10.0	10.0
385.5	4.6003e-07	1.5127e-09	-10.0	10.0
386.0	4.5934e-07	1.5242e-09	-10.0	10.0
386.5	4.5896e-07	1.5237e-09	-10.0	10.0
387.0	4.5832e-07	1.508e-09	-10.0	10.0
387.5	4.5776e-07	1.5082e-09	-10.0	10.0
388.0	4.5707e-07	1.509e-09	-10.0	10.0
388.5	4.5695e-07	1.5112e-09	-10.0	10.0
389.0	4.5651e-07	1.5085e-09	-10.0	10.0
389.5	4.5637e-07	1.5017e-09	-10.0	10.0
390.0	4.5567e-07	1.5037e-09	-10.0	10.0
390.5	4.551e-07	1.5152e-09	-10.0	10.0
391.0	4.534e-07	1.5039e-09	-10.0	10.0
391.5	4.5272e-07	1.4934e-09	-10.0	10.0
392.0	4.523e-07	1.5002e-09	-10.0	10.0
392.5	4.5233e-07	1.5012e-09	-10.0	10.0
393.0	4.5203e-07	1.4984e-09	-10.0	10.0
393.5	4.5157e-07	1.4946e-09	-10.0	10.0
394.0	4.5094e-07	1.5006e-09	-10.0	10.0
394.5	4.5032e-07	1.4945e-09	-10.0	10.0
395.0	4.4965e-07	1.5029e-09	-10.0	10.0
395.5	4.4922e-07	1.4913e-09	-10.0	10.0
396.0	4.4856e-07	1.5121e-09	-10.0	10.0
396.5	4.4775e-07	1.4976e-09	-10.0	10.0
397.0	4.474e-07	1.4995e-09	-10.0	10.0
397.5	4.4639e-07	1.4946e-09	-10.0	10.0
398.0	4.456e-07	1.4981e-09	-10.0	10.0
398.5	4.4501e-07	1.4943e-09	-10.0	10.0
399.0	4.44e-07	1.4962e-09	-10.0	10.0
399.5	4.4369e-07	1.4985e-09	-10.0	10.0
400.0	4.4315e-07	1.4919e-09	-10.0	10.0
400.5	4.4237e-07	1.5097e-09	-10.0	10.0
401.0	4.4176e-07	1.4868e-09	-10.0	10.0
401.5	4.4093e-07	1.4931e-09	-10.0	10.0
402.0	4.4044e-07	1.4933e-09	-10.0	10.0
402.5	4.3981e-07	1.4956e-09	-10.0	10.0
403.0	4.3933e-07	1.49e-09	-10.0	10.0
403.5	4.3845e-07	1.4883e-09	-10.0	10.0
404.0	4.3767e-07	1.4727e-09	-10.0	10.0
404.5	4.3637e-07	1.4853e-09	-10.0	10.0
405.0	4.3599e-07	1.4848e-09	-10.0	10.0
405.5	4.3544e-07	1.4835e-09	-10.0	10.0
406.0	4.3444e-07	1.4913e-09	-10.0	10.0
406.5	4.3412e-07	1.4866e-09	-10.0	10.0
407.0	4.3359e-07	1.4773e-09	-10.0	10.0
407.5	4.3273e-07	1.4837e-09	-10.0	10.0
408.0	4.3251e-07	1.4886e-09	-10.0	10.0
408.5	4.3189e-07	1.4862e-09	-10.0	10.0
409.0	4.3158e-07	1.4874e-09	-10.0	10.0
409.5	4.3083e-07	1.4761e-09	-10.0	10.0
410.0	4.3022e-07	1.4747e-09	-10.0	10.0
410.5	4.2994e-07	1.4773e-09	-10.0	10.0
411.0	4.2959e-07	1.4748e-09	-10.0	10.0
411.5	4.2931e-07	1.4811e-09	-10.0	10.0
412.0	4.2878e-07	1.4766e-09	-10.0	10.0
412.5	4.2814e-07	1.4669e-09	-10.0	10.0
413.0	4.2731e-07	1.4859e-09	-10.0	10.0
413.5	4.2688e-07	1.4755e-09	-10.0	10.0
414.0	4.2633e-07	1.4817e-09	-10.0	10.0
414.5	4.2597e-07	1.4813e-09	-10.0	10.0
415.0	4.2535e-07	1.4714e-09	-10.0	10.0
415.5	4.2507e-07	1.4652e-09	-10.0	10.0
416.0	4.2452e-07	1.4716e-09	-10.0	10.0
416.5	4.2379e-07	1.456e-09	-10.0	10.0
417.0	4.2371e-07	1.4678e-09	-10.0	10.0
417.5	4.2337e-07	1.465e-09	-10.0	10.0
418.0	4.2282e-07	1.4739e-09	-10.0	10.0
418.5	4.2257e-07	1.4675e-09	-10.0	10.0
419.0	4.2197e-07	1.4744e-09	-10.0	10.0
419.5	4.222e-07	5.9173e-10	-10.0	10.0
420.0	4.2327e-07	4.5975e-10	-10.0	10.0
420.5	4.2413e-07	4.4822e-10	-10.0	10.0
421.0	4.2471e-07	4.4226e-10	-10.0	10.0
421.5	4.2546e-07	4.5105e-10	-10.0	10.0
422.0	4.2628e-07	4.3308e-10	-10.0	10.0
422.5	4.2709e-07	4.3492e-10	-10.0	10.0
423.0	4.278e-07	4.3465e-10	-10.0	10.0
423.5	4.2839e-07	4.2885e-10	-10.0	10.0
424.0	4.2908e-07	4.3317e-10	-10.0	10.0
424.5	4.2991e-07	4.3324e-10	-10.0	10.0
425.0	4.3058e-07	4.199e-10	-10.0	10.0
425.5	4.3114e-07	4.2724e-10	-10.0	10.0
426.0	4.3172e-07	4.3141e-10	-10.0	10.0
426.5	4.3254e-07	4.3207e-10	-10.0	10.0
427.0	4.3319e-07	4.4492e-10	-10.0	10.0
427.5	4.3408e-07	4.2729e-10	-10.0	10.0
428.0	4.3465e-07	4.3851e-10	-10.0	10.0
428.5	4.3487e-07	4.3286e-10	-10.0	10.0
429.0	4.3586e-07	4.3342e-10	-10.0	10.0
429.5	4.361e-07	4.3775e-10	-10.0	10.0
430.0	4.3644e-07	4.3497e-10	-10.0	10.0
430.5	4.3685e-07	4.301e-10	-10.0	10.0
431.0	4.3739e-07	4.282e-10	-10.0	10.0
431.5	4.3828e-07	4.3949e-10	-10.0	10.0
432.0	4.3896e-07	4.3189e-10	-10.0	10.0
432.5	4.3927e-07	4.3958e-10	-10.0	10.0
433.0	4.3965e-07	4.3789e-10	-10.0	10.0
433.5	4.4027e-07	4.4259e-10	-10.0	10.0
434.0	4.4068e-07	4.4741e-10	-10.0	10.0
434.5	4.4129e-07	4.379e-10	-10.0	10.0
435.0	4.4162e-07	4.4754e-10	-10.0	10.0
435.5	4.4232e-07	4.4217e-10	-10.0	10.0
436.0	4.4293e-07	4.3983e-10	-10.0	10.0
436.5	4.4355e-07	4.4278e-10	-10.0	10.0
437.0	4.4396e-07	4.5305e-10	-10.0	10.0
437.5	4.4458e-07	4.4037e-10	-10.0	10.0
438.0	4.4508e-07	4.4557e-10	-10.0	10.0
438.5	4.4577e-07	4.4531e-10	-10.0	10.0
439.0	4.4615e-07	4.5143e-10	-10.0	10.0
439.5	4.4672e-07	4.5327e-10	-10.0	10.0
440.0	4.474e-07	4.5006e-10	-10.0	10.0
440.5	4.4798e-07	4.4349e-10	-10.0	10.0
441.0	4.4851e-07	4.5141e-10	-10.0	10.0
441.5	4.4875e-07	4.5064e-10	-10.0	10.0
442.0	4.4912e-07	4.4882e-10	-10.0	10.0
442.5	4.4958e-07	4.4874e-10	-10.0	10.0
443.0	4.5044e-07	4.4426e-10	-10.0	10.0
443.5	4.5114e-07	4.4808e-10	-10.0	10.0
444.0	4.518e-07	4.5057e-10	-10.0	10.0
444.5	4.5207e-07	4.653e-10	-10.0	10.0
445.0	4.5265e-07	4.5979e-10	-10.0	10.0
445.5	4.5301e-07	4.6456e-10	-10.0	10.0
446.0	4.5353e-07	4.672e-10	-10.0	10.0
446.5	4.5379e-07	4.6587e-10	-10.0	10.0
447.0	4.5411e-07	4.6176e-10	-10.0	10.0
447.5	4.5486e-07	4.6185e-10	-10.0	10.0
448.0	4.5509e-07	4.6001e-10	-10.0	10.0
448.5	4.5586e-07	4.4949e-10	-10.0	10.0
449.0	4.5639e-07	4.6476e-10	-10.0	10.0
449.5	4.5698e-07	4.4806e-10	-10.0	10.0
450.0	4.5736e-07	4.5815e-10	-10.0	10.0
450.5	4.5792e-07	4.6316e-10	-10.0	10.0
451.0	4.5809e-07	4.6971e-10	-10.0	10.0
451.5	4.5873e-07	4.7142e-10	-10.0	10.0
452.0	4.5924e-07	4.5761e-10	-10.0	10.0
452.5	4.5962e-07	4.6553e-10	-10.0	10.0
453.0	4.6015e-07	4.6442e-10	-10.0	10.0
453.5	4.6069e-07	4.6956e-10	-10.0	10.0
454.0	4.6099e-07	4.6459e-10	-10.0	10.0
454.5	4.6135e-07	4.7293e-10	-10.0	10.0
455.0	4.6194e-07	4.7349e-10	-10.0	10.0
455.5	4.6239e-07	4.6615e-10	-10.0	10.0
456.0	4.6294e-07	4.74e-10	-10.0	10.0
456.5	4.6378e-07	4.6328e-10	-10.0	10.0
457.0	4.6444e-07	4.8038e-10	-10.0	10.0
457.5	4.6449e-07	4.7533e-10	-10.0	10.0
458.0	4.6501e-07	4.7262e-10	-10.0	10.0
458.5	4.6591e-07	4.6706e-10	-10.0	10.0
459.0	4.6612e-07	4.7804e-10	-10.0	10.0
459.5	4.6645e-07	4.7588e-10	-10.0	10.0
460.0	4.6685e-07	4.5627e-10	-10.0	10.0
460.5	4.6738e-07	4.7736e-10	-10.0	10.0
461.0	4.6797e-07	4.7558e-10	-10.0	10.0
461.5	4.6811e-07	4.8052e-10	-10.0	10.0
462.0	4.6845e-07	4.8423e-10	-10.0	10.0
462.5	4.6903e-07	4.6787e-10	-10.0	10.0
463.0	4.6948e-07	4.7484e-10	-10.0	10.0
463.5	4.7006e-07	4.7961e-10	-10.0	10.0
464.0	4.7025e-07	4.7568e-10	-10.0	10.0
464.5	4.7067e-07	4.8887e-10	-10.0	10.0
465.0	4.7132e-07	4.8043e-10	-10.0	10.0
465.5	4.7179e-07	4.8734e-10	-10.0	10.0
466.0	4.7228e-07	4.8578e-10	-10.0	10.0
466.5	4.7272e-07	4.8499e-10	-10.0	10.0
467.0	4.7328e-07	4.8422e-10	-10.0	10.0
467.5	4.7425e-07	4.8015e-10	-10.0	10.0
468.0	4.7472e-07	4.7715e-10	-10.0	10.0
468.5	4.7496e-07	4.8982e-10	-10.0	10.0
469.0	4.7533e-07	4.8572e-10	-10.0	10.0
469.5	4.7572e-07	4.8781e-10	-10.0	10.0
470.0	4.7628e-07	4.761e-10	-10.0	10.0
470.5	4.7639e-07	4.8308e-10	-10.0	10.0
471.0	4.7702e-07	4.814e-10	-10.0	10.0
471.5	4.779e-07	4.832e-10	-10.0	10.0
472.0	4.7813e-07	4.9158e-10	-10.0	10.0
472.5	4.7871e-07	4.9044e-10	-10.0	10.0
473.0	4.7898e-07	4.9394e-10	-10.0	10.0
473.5	4.7918e-07	4.9466e-10	-10.0	10.0
474.0	4.7959e-07	4.9739e-10	-10.0	10.0
474.5	4.7965e-07	4.9372e-10	-10.0	10.0
475.0	4.8029e-07	4.8955e-10	-10.0	10.0
475.5	4.8056e-07	4.9256e-10	-10.0	10.0
476.0	4.8106e-07	4.8818e-10	-10.0	10.0
476.5	4.8149e-07	4.9584e-10	-10.0	10.0
477.0	4.8189e-07	4.9524e-10	-10.0	10.0
477.5	4.8225e-07	4.9328e-10	-10.0	10.0
478.0	4.8283e-07	4.9873e-10	-10.0	10.0
478.5	4.8319e-07	5.0835e-10	-10.0	10.0
479.0	4.8361e-07	4.8934e-10	-10.0	10.0
479.5	4.8292e-07	1.4808e-09	-10.0	10.0
480.0	4.8154e-07	1.5152e-09	-10.0	10.0
480.5	4.8051e-07	1.531e-09	-10.0	10.0
481.0	4.7926e-07	1.5272e-09	-10.0	10.0
481.5	4.7792e-07	1.5406e-09	-10.0	10.0
482.0	4.7681e-07	1.5341e-09	-10.0	10.0
482.5	4.7603e-07	1.5233e-09	-10.0	10.0
483.0	4.7487e-07	1.5419e-09	-10.0	10.0
483.5	4.7356e-07	1.5314e-09	-10.0	10.0
484.0	4.7237e-07	1.5384e-09	-10.0	10.0
484.5	4.713e-07	1.5398e-09	-10.0	10.0
485.0	4.6991e-07	1.5382e-09	-10.0	10.0
485.5	4.6893e-07	1.5424e-09	-10.0	10.0
486.0	4.6786e-07	1.5335e-09	-10.0	10.0
486.5	4.6713e-07	1.5467e-09	-10.0	10.0
487.0	4.6663e-07	1.5445e-09	-10.0	10.0
487.5	4.6578e-07	1.5369e-09	-10.0	10.0
488.0	4.6476e-07	1.5358e-09	-10.0	10.0
488.5	4.6385e-07	1.5388e-09	-10.0	10.0
489.0	4.63e-07	1.5215e-09	-10.0	10.0
489.5	4.6194e-07	1.5356e-09	-10.0	10.0
490.0	4.6132e-07	1.5408e-09	-10.0	10.0
490.5	4.5966e-07	1.5261e-09	-10.0	10.0
491.0	4.5846e-07	1.5331e-09	-10.0	10.0
491.5	4.5765e-07	1.5364e-09	-10.0	10.0
492.0	4.5731e-07	1.5314e-09	-10.0	10.0
492.5	4.568e-07	1.5214e-09	-10.0	10.0
493.0	4.561e-07	1.5138e-09	-10.0	10.0
493.5	4.553e-07	1.5117e-09	-10.0	10.0
494.0	4.5432e-07	1.5387e-09	-10.0	10.0
494.5	4.5361e-07	1.5261e-09	-10.0	10.0
495.0	4.5239e-07	1.5224e-09	-10.0	10.0
495.5	4.5118e-07	1.5208e-09	-10.0	10.0
496.0	4.502e-07	1.5287e-09	-10.0	10.0
496.5	4.4982e-07	1.5191e-09	-10.0	10.0
497.0	4.4947e-07	1.522e-09	-10.0	10.0
497.5	4.4863e-07	1.5257e-09	-10.0	10.0
498.0	4.4795e-07	1.5138e-09	-10.0	10.0
498.5	4.4727e-07	1.5082e-09	-10.0	10.0
499.0	4.4638e-07	1.5316e-09	-10.0	10.0
499.5	4.4542e-07	1.509e-09	-10.0	10.0
500.0	4.447e-07	1.5243e-09	-10.0	10.0
500.5	4.4424e-07	1.5133e-09	-10.0	10.0
501.0	4.4359e-07	1.5099e-09	-10.0	10.0
501.5	4.426e-07	1.5179e-09	-10.0	10.0
502.0	4.4203e-07	1.5124e-09	-10.0	10.0
502.5	4.4188e-07	1.5079e-09	-10.0	10.0
503.0	4.4099e-07	1.5135e-09	-10.0	10.0
503.5	4.402e-07	1.5105e-09	-10.0	10.0
504.0	4.3934e-07	1.505e-09	-10.0	10.0
504.5	4.3883e-07	1.5245e-09	-10.0	10.0
505.0	4.3798e-07	1.5143e-09	-10.0	10.0
505.5	4.3736e-07	1.5241e-09	-10.0	10.0
506.0	4.3628e-07	1.5024e-09	-10.0	10.0
506.5	4.3529e-07	1.5151e-09	-10.0	10.0
507.0	4.347e-07	1.5029e-09	-10.0	10.0
507.5	4.3409e-07	1.5061e-09	-10.0	10.0
508.0	4.3333e-07	1.5067e-09	-10.0	10.0
508.5	4.3245e-07	1.5e-09	-10.0	10.0
509.0	4.3184e-07	1.5083e-09	-10.0	10.0
509.5	4.3079e-07	1.4997e-09	-10.0	10.0
510.0	4.2983e-07	1.4987e-09	-10.0	10.0
510.5	4.2934e-07	1.5045e-09	-10.0	10.0
511.0	4.2848e-07	1.5071e-09	-10.0	10.0
511.5	4.2786e-07	1.4867e-09	-10.0	10.0
512.0	4.2748e-07	1.4987e-09	-10.0	10.0
512.5	4.2655e-07	1.4863e-09	-10.0	10.0
513.0	4.2634e-07	1.4912e-09	-10.0	10.0
513.5	4.2576e-07	1.4982e-09	-10.0	10.0
514.0	4.2554e-07	1.4935e-09	-10.0	10.0
514.5	4.2494e-07	1.496e-09	-10.0	10.0
515.0	4.2364e-07	1.4919e-09	-10.0	10.0
515.5	4.2294e-07	1.4913e-09	-10.0	10.0
516.0	4.2295e-07	1.4857e-09	-10.0	10.0
516.5	4.2237e-07	1.4825e-09	-10.0	10.0
517.0	4.217e-07	1.4854e-09	-10.0	10.0
517.5	4.2073e-07	1.4812e-09	-10.0	10.0
518.0	4.2009e-07	1.4936e-09	-10.0	10.0
518.5	4.192e-07	1.4963e-09	-10.0	10.0
519.0	4.1841e-07	1.4891e-09	-10.0	10.0
519.5	4.177e-07	1.4854e-09	-10.0	10.0
520.0	4.1737e-07	1.4923e-09	-10.0	10.0
520.5	4.1711e-07	1.4828e-09	-10.0	10.0
521.0	4.1603e-07	1.486e-09	-10.0	10.0
521.5	4.1543e-07	1.4887e-09	-10.0	10.0
522.0	4.1448e-07	1.4909e-09	-10.0	10.0
522.5	4.1426e-07	1.4848e-09	-10.0	10.0
523.0	4.1393e-07	1.4865e-09	-10.0	10.0
523.5	4.1314e-07	1.4879e-09	-10.0	10.0
524.0	4.1226e-07	1.4856e-09	-10.0	10.0
524.5	4.1152e-07	1.4794e-09	-10.0	10.0
525.0	4.1017e-07	1.4947e-09	-10.0	10.0
525.5	4.0954e-07	1.486e-09	-10.0	10.0
526.0	4.0882e-07	1.489e-09	-10.0	10.0
526.5	4.0795e-07	1.4769e-09	-10.0	10.0
527.0	4.0763e-07	1.4798e-09	-10.0	10.0
527.5	4.0707e-07	1.4755e-09	-10.0	10.0
528.0	4.0675e-07	1.4856e-09	-10.0	10.0
528.5	4.0629e-07	1.476e-09	-10.0	10.0
529.0	4.0603e-07	1.4786e-09	-10.0	10.0
529.5	4.0565e-07	1.4768e-09	-10.0	10.0
530.0	4.0519e-07	1.4774e-09	-10.0	10.0
530.5	4.0458e-07	1.4739e-09	-10.0	10.0
531.0	4.0394e-07	1.4789e-09	-10.0	10.0
531.5	4.034e-07	1.4757e-09	-10.0	10.0
532.0	4.0284e-07	1.4696e-09	-10.0	10.0
532.5	4.026e-07	1.4814e-09	-10.0	10.0
533.0	4.0206e-07	1.4741e-09	-10.0	10.0
533.5	4.0165e-07	1.4776e-09	-10.0	10.0
534.0	4.0129e-07	1.4667e-09	-10.0	10.0
534.5	4.0072e-07	1.4637e-09	-10.0	10.0
535.0	4.0014e-07	1.4787e-09	-10.0	10.0
535.5	3.9987e-07	1.4669e-09	-10.0	10.0
536.0	3.988e-07	1.4731e-09	-10.0	10.0
536.5	3.9848e-07	1.4725e-09	-10.0	10.0
