Time (s)	|IDrain (A)|	|IGate (A)	Vdrain(V)	Vgate(V)
0.0	1.4406e-09	4.762e-09	-10.0	15.0
1.0	7.7122e-10	1.6219e-09	-10.0	14.9
1.5	5.9633e-10	1.1957e-09	-10.0	14.8
2.0	4.8986e-10	9.3719e-10	-10.0	14.7
2.5	4.1568e-10	7.6405e-10	-10.0	14.6
3.0	3.5938e-10	6.4398e-10	-10.0	14.5
3.5	3.1823e-10	5.5418e-10	-10.0	14.4
4.0	2.8747e-10	4.8696e-10	-10.0	14.3
4.5	2.6271e-10	4.3421e-10	-10.0	14.2
5.0	2.4333e-10	3.9102e-10	-10.0	14.1
5.5	2.2677e-10	3.5522e-10	-10.0	14.0
6.0	2.1271e-10	3.244e-10	-10.0	13.9
6.5	2.0117e-10	2.9883e-10	-10.0	13.8
7.0	1.9172e-10	2.781e-10	-10.0	13.7
7.5	1.8271e-10	2.5836e-10	-10.0	13.6
8.0	1.7584e-10	2.422e-10	-10.0	13.5
8.5	1.689e-10	2.2736e-10	-10.0	13.4
9.0	1.6325e-10	2.1518e-10	-10.0	13.3
9.5	1.5789e-10	2.0234e-10	-10.0	13.2
10.0	1.5342e-10	1.9265e-10	-10.0	13.1
10.5	1.4975e-10	1.8432e-10	-10.0	13.0
11.0	1.4675e-10	1.7651e-10	-10.0	12.9
11.5	1.4453e-10	1.6771e-10	-10.0	12.8
12.0	1.4312e-10	1.6051e-10	-10.0	12.7
12.5	1.4345e-10	1.5291e-10	-10.0	12.6
13.0	1.4312e-10	1.468e-10	-10.0	12.5
13.5	1.4446e-10	1.3997e-10	-10.0	12.4
14.0	1.4805e-10	1.3441e-10	-10.0	12.3
14.5	1.5279e-10	1.2708e-10	-10.0	12.2
15.0	1.6454e-10	1.3661e-10	-10.0	12.1
15.5	1.6463e-10	9.0694e-12	-10.0	12.0
16.0	1.8848e-10	1.0564e-10	-10.0	11.9
16.5	2.1146e-10	9.7176e-11	-10.0	11.8
17.0	2.4604e-10	8.6374e-11	-10.0	11.7
17.5	2.9218e-10	7.4183e-11	-10.0	11.6
18.0	3.626e-10	6.0432e-11	-10.0	11.5
18.5	4.6665e-10	4.4368e-11	-10.0	11.4
19.0	5.8472e-10	2.6286e-11	-10.0	11.3
19.5	7.391e-10	1.0602e-11	-10.0	11.2
20.0	9.421e-10	5.9879e-12	-10.0	11.1
20.5	1.2009e-09	2.0713e-11	-10.0	11.0
21.0	1.531e-09	3.428e-11	-10.0	10.9
21.5	1.9436e-09	4.8119e-11	-10.0	10.8
22.0	2.4978e-09	6.5283e-11	-10.0	10.7
22.5	3.158e-09	8.0234e-11	-10.0	10.6
23.0	3.9727e-09	9.3886e-11	-10.0	10.5
23.5	5.0112e-09	1.0512e-10	-10.0	10.4
24.0	6.2091e-09	1.1271e-10	-10.0	10.3
24.5	7.6492e-09	1.1771e-10	-10.0	10.2
25.0	9.3979e-09	1.1978e-10	-10.0	10.1
25.5	1.1484e-08	1.1964e-10	-10.0	10.0
26.0	1.3968e-08	1.1808e-10	-10.0	9.9
26.5	1.6924e-08	1.1672e-10	-10.0	9.8
27.0	2.0352e-08	1.1478e-10	-10.0	9.7
27.5	2.4261e-08	1.1204e-10	-10.0	9.6
28.0	2.8818e-08	1.084e-10	-10.0	9.5
28.5	3.3993e-08	1.0556e-10	-10.0	9.4
29.0	3.9803e-08	1.0168e-10	-10.0	9.3
29.5	4.6382e-08	9.8245e-11	-10.0	9.2
30.0	5.3907e-08	9.1968e-11	-10.0	9.1
30.5	6.2444e-08	1.6214e-10	-10.0	9.0
31.0	7.194e-08	1.59e-10	-10.0	8.9
31.5	8.2628e-08	8.0675e-11	-10.0	8.8
32.0	9.4544e-08	7.514e-11	-10.0	8.7
32.5	1.0752e-07	6.7265e-11	-10.0	8.6
33.0	1.2253e-07	9.6647e-11	-10.0	8.5
33.5	1.3887e-07	5.9253e-11	-10.0	8.4
34.0	1.5725e-07	5.4582e-11	-10.0	8.3
34.5	1.7733e-07	4.9947e-11	-10.0	8.2
35.0	1.996e-07	4.7052e-11	-10.0	8.1
35.5	2.2386e-07	4.1345e-11	-10.0	8.0
36.0	2.5019e-07	3.7955e-11	-10.0	7.9
36.5	2.7871e-07	3.3453e-11	-10.0	7.8
37.0	3.0957e-07	3.0774e-11	-10.0	7.7
37.5	3.4331e-07	2.7504e-11	-10.0	7.6
38.0	3.8042e-07	2.3539e-11	-10.0	7.5
38.5	4.203e-07	2.0944e-11	-10.0	7.4
39.0	4.628e-07	1.8255e-11	-10.0	7.3
39.5	5.0908e-07	1.5786e-11	-10.0	7.2
40.0	5.5848e-07	1.284e-11	-10.0	7.1
40.5	6.1166e-07	1.1241e-11	-10.0	7.0
41.0	6.6803e-07	7.503e-12	-10.0	6.9
41.5	7.2859e-07	7.6246e-12	-10.0	6.8
42.0	7.9254e-07	6.516e-12	-10.0	6.7
42.5	8.6102e-07	3.1936e-12	-10.0	6.6
43.0	9.3319e-07	3.5727e-12	-10.0	6.5
43.5	1.0099e-06	2.7549e-12	-10.0	6.4
44.0	1.0911e-06	2.1225e-11	-10.0	6.3
44.5	1.1766e-06	2.0266e-13	-10.0	6.2
45.0	1.2674e-06	5.4837e-14	-10.0	6.1
45.5	1.3616e-06	2.2467e-11	-10.0	6.0
46.0	1.4634e-06	3.3312e-10	-10.0	5.9
46.5	1.5682e-06	2.2042e-12	-10.0	5.8
47.0	1.6792e-06	6.8545e-13	-10.0	5.7
47.5	1.7949e-06	2.346e-12	-10.0	5.6
48.0	1.9169e-06	2.5892e-12	-10.0	5.5
48.5	2.0442e-06	1.7011e-12	-10.0	5.4
49.0	2.1759e-06	1.359e-12	-10.0	5.3
49.5	2.3154e-06	3.4678e-12	-10.0	5.2
50.0	2.4596e-06	1.2291e-12	-10.0	5.1
50.5	2.6097e-06	5.1975e-13	-10.0	5.0
51.0	2.7673e-06	4.8518e-13	-10.0	4.9
51.5	2.9307e-06	6.6042e-13	-10.0	4.8
52.0	3.1009e-06	6.9022e-13	-10.0	4.7
52.5	3.2772e-06	1.7989e-12	-10.0	4.6
53.0	3.4603e-06	1.6904e-12	-10.0	4.5
53.5	3.6506e-06	1.2207e-12	-10.0	4.4
54.0	3.8489e-06	2.2268e-12	-10.0	4.3
54.5	4.0541e-06	3.1805e-12	-10.0	4.2
55.0	4.268e-06	3.8445e-12	-10.0	4.1
55.5	4.489e-06	6.3753e-12	-10.0	4.0
56.0	4.7175e-06	6.7842e-12	-10.0	3.9
56.5	4.9554e-06	7.0393e-12	-10.0	3.8
57.0	5.2002e-06	7.7426e-12	-10.0	3.7
57.5	5.4585e-06	8.62e-12	-10.0	3.6
58.0	5.7221e-06	6.5958e-12	-10.0	3.5
58.5	5.9934e-06	8.6546e-12	-10.0	3.4
59.0	6.274e-06	1.1144e-11	-10.0	3.3
59.5	6.5612e-06	9.414e-12	-10.0	3.2
60.0	6.8573e-06	1.1469e-11	-10.0	3.1
60.5	7.161e-06	4.3273e-12	-10.0	3.0
61.0	7.4785e-06	2.666e-10	-10.0	2.9
61.5	7.802e-06	1.6722e-11	-10.0	2.8
62.0	8.1356e-06	1.7467e-11	-10.0	2.7
62.5	8.4771e-06	2.2446e-11	-10.0	2.6
63.0	8.827e-06	2.5518e-11	-10.0	2.5
63.5	9.1884e-06	3.1081e-11	-10.0	2.4
64.0	9.5576e-06	3.5613e-11	-10.0	2.3
64.5	9.9336e-06	4.0941e-11	-10.0	2.2
65.0	1.0318e-05	4.6229e-11	-10.0	2.1
65.5	1.0719e-05	7.279e-11	-10.0	2.0
66.0	1.112e-05	6.5827e-11	-10.0	1.9
66.5	1.1528e-05	7.2295e-11	-10.0	1.8
67.0	1.1941e-05	7.7058e-11	-10.0	1.7
67.5	1.2362e-05	8.1236e-11	-10.0	1.6
68.0	1.2791e-05	8.6238e-11	-10.0	1.5
68.5	1.3225e-05	8.9974e-11	-10.0	1.4
69.0	1.3664e-05	9.0116e-11	-10.0	1.3
69.5	1.4111e-05	9.4436e-11	-10.0	1.2
70.0	1.4564e-05	9.5038e-11	-10.0	1.1
70.5	1.5022e-05	9.3159e-11	-10.0	1.0
71.0	1.5486e-05	9.0256e-11	-10.0	0.9
71.5	1.5953e-05	8.8671e-11	-10.0	0.8
72.0	1.6428e-05	8.7262e-11	-10.0	0.7
72.5	1.6907e-05	8.6019e-11	-10.0	0.6
73.0	1.7393e-05	8.5452e-11	-10.0	0.5
73.5	1.7881e-05	8.8478e-11	-10.0	0.4
74.0	1.8378e-05	8.4609e-11	-10.0	0.3
74.5	1.8873e-05	8.3699e-11	-10.0	0.2
75.0	1.9374e-05	8.2823e-11	-10.0	0.1
75.5	1.9871e-05	7.9398e-11	-10.0	3.6554e-14
76.0	2.0379e-05	4.0714e-10	-10.0	-0.1
76.5	2.089e-05	8.2102e-11	-10.0	-0.2
77.0	2.1403e-05	7.8025e-11	-10.0	-0.3
77.5	2.1919e-05	7.7462e-11	-10.0	-0.4
78.0	2.2444e-05	7.5587e-11	-10.0	-0.5
78.5	2.2969e-05	7.6119e-11	-10.0	-0.6
79.0	2.3495e-05	7.5326e-11	-10.0	-0.7
79.5	2.4025e-05	7.2799e-11	-10.0	-0.8
80.0	2.4556e-05	7.333e-11	-10.0	-0.9
80.5	2.5088e-05	7.2731e-11	-10.0	-1.0
81.0	2.5621e-05	7.1718e-11	-10.0	-1.1
81.5	2.616e-05	7.2782e-11	-10.0	-1.2
82.0	2.6697e-05	7.4818e-11	-10.0	-1.3
82.5	2.7237e-05	7.1666e-11	-10.0	-1.4
83.0	2.7776e-05	7.257e-11	-10.0	-1.5
83.5	2.8315e-05	7.1595e-11	-10.0	-1.6
84.0	2.8855e-05	7.2066e-11	-10.0	-1.7
84.5	2.9401e-05	7.297e-11	-10.0	-1.8
85.0	2.9947e-05	7.4114e-11	-10.0	-1.9
85.5	3.0486e-05	7.6181e-11	-10.0	-2.0
86.0	3.1035e-05	7.5594e-11	-10.0	-2.1
86.5	3.1585e-05	7.6328e-11	-10.0	-2.2
87.0	3.2133e-05	7.6149e-11	-10.0	-2.3
87.5	3.2674e-05	7.6715e-11	-10.0	-2.4
88.0	3.322e-05	7.7056e-11	-10.0	-2.5
88.5	3.3763e-05	8.137e-11	-10.0	-2.6
89.0	3.4305e-05	7.9216e-11	-10.0	-2.7
89.5	3.4851e-05	8.2514e-11	-10.0	-2.8
90.0	3.5405e-05	8.1056e-11	-10.0	-2.9
90.5	3.5944e-05	8.3613e-11	-10.0	-3.0
91.0	3.6481e-05	7.0584e-11	-10.0	-3.1
91.5	3.7037e-05	3.7573e-10	-10.0	-3.2
92.0	3.7581e-05	9.0556e-11	-10.0	-3.3
92.5	3.8122e-05	9.0274e-11	-10.0	-3.4
93.0	3.8661e-05	9.0463e-11	-10.0	-3.5
93.5	3.9191e-05	9.3674e-11	-10.0	-3.6
94.0	3.9733e-05	1.231e-10	-10.0	-3.7
94.5	4.0268e-05	9.6684e-11	-10.0	-3.8
95.0	4.0797e-05	9.7928e-11	-10.0	-3.9
95.5	4.1342e-05	9.7945e-11	-10.0	-4.0
96.0	4.188e-05	1.0224e-10	-10.0	-4.1
96.5	4.2403e-05	1.0178e-10	-10.0	-4.2
97.0	4.2941e-05	1.0242e-10	-10.0	-4.3
97.5	4.3471e-05	1.0564e-10	-10.0	-4.4
98.0	4.3993e-05	1.0719e-10	-10.0	-4.5
98.5	4.4515e-05	1.0994e-10	-10.0	-4.6
99.0	4.504e-05	1.109e-10	-10.0	-4.7
99.5	4.5559e-05	1.1305e-10	-10.0	-4.8
100.0	4.6077e-05	1.1519e-10	-10.0	-4.9
100.5	4.6586e-05	1.1604e-10	-10.0	-5.0
101.0	4.7095e-05	1.1925e-10	-10.0	-5.1
101.5	4.7604e-05	1.2126e-10	-10.0	-5.2
102.0	4.81e-05	1.2276e-10	-10.0	-5.3
102.5	4.86e-05	1.2635e-10	-10.0	-5.4
103.0	4.9094e-05	1.2694e-10	-10.0	-5.5
103.5	4.9587e-05	1.2942e-10	-10.0	-5.6
104.0	5.0065e-05	1.3483e-10	-10.0	-5.7
104.5	5.0547e-05	1.3774e-10	-10.0	-5.8
105.0	5.1025e-05	1.3899e-10	-10.0	-5.9
105.5	5.1496e-05	1.4192e-10	-10.0	-6.0
106.0	5.1955e-05	1.3917e-10	-10.0	-6.1
106.5	5.2415e-05	4.0512e-10	-10.0	-6.2
107.0	5.2871e-05	1.4967e-10	-10.0	-6.3
107.5	5.3317e-05	1.5334e-10	-10.0	-6.4
108.0	5.3765e-05	1.5516e-10	-10.0	-6.5
108.5	5.4204e-05	1.5681e-10	-10.0	-6.6
109.0	5.463e-05	1.6111e-10	-10.0	-6.7
109.5	5.5053e-05	1.6592e-10	-10.0	-6.8
110.0	5.5478e-05	1.691e-10	-10.0	-6.9
110.5	5.5895e-05	1.7195e-10	-10.0	-7.0
111.0	5.6305e-05	1.7474e-10	-10.0	-7.1
111.5	5.6698e-05	1.7739e-10	-10.0	-7.2
112.0	5.7091e-05	1.7958e-10	-10.0	-7.3
112.5	5.7469e-05	1.8276e-10	-10.0	-7.4
113.0	5.7845e-05	1.8751e-10	-10.0	-7.5
113.5	5.8209e-05	1.9133e-10	-10.0	-7.6
114.0	5.8562e-05	1.9694e-10	-10.0	-7.7
114.5	5.8906e-05	2.0179e-10	-10.0	-7.8
115.0	5.9237e-05	2.034e-10	-10.0	-7.9
115.5	5.9568e-05	2.135e-10	-10.0	-8.0
116.0	5.9881e-05	2.1352e-10	-10.0	-8.1
116.5	6.0189e-05	2.1599e-10	-10.0	-8.2
117.0	6.0478e-05	2.2167e-10	-10.0	-8.3
117.5	6.0775e-05	2.2417e-10	-10.0	-8.4
118.0	6.1046e-05	2.2868e-10	-10.0	-8.5
118.5	6.1323e-05	2.34e-10	-10.0	-8.6
119.0	6.1587e-05	2.3582e-10	-10.0	-8.7
119.5	6.1831e-05	2.4215e-10	-10.0	-8.8
120.0	6.2074e-05	2.4646e-10	-10.0	-8.9
120.5	6.2314e-05	2.5097e-10	-10.0	-9.0
121.0	6.2532e-05	2.5291e-10	-10.0	-9.1
121.5	6.2763e-05	5.0367e-10	-10.0	-9.2
122.0	6.2975e-05	2.6845e-10	-10.0	-9.3
122.5	6.3183e-05	2.7665e-10	-10.0	-9.4
123.0	6.3386e-05	2.7916e-10	-10.0	-9.5
123.5	6.358e-05	2.8267e-10	-10.0	-9.6
124.0	6.377e-05	2.8557e-10	-10.0	-9.7
124.5	6.3962e-05	2.9402e-10	-10.0	-9.8
125.0	6.4142e-05	3.0372e-10	-10.0	-9.9
125.5	6.4312e-05	3.046e-10	-10.0	-10.0
126.0	6.4483e-05	3.0986e-10	-10.0	-10.1
126.5	6.4644e-05	3.1878e-10	-10.0	-10.2
127.0	6.4798e-05	3.2278e-10	-10.0	-10.3
127.5	6.4949e-05	3.2679e-10	-10.0	-10.4
128.0	6.5094e-05	3.3422e-10	-10.0	-10.5
128.5	6.5231e-05	3.4086e-10	-10.0	-10.6
129.0	6.5384e-05	3.5006e-10	-10.0	-10.7
129.5	6.551e-05	3.5612e-10	-10.0	-10.8
130.0	6.5642e-05	3.624e-10	-10.0	-10.9
130.5	6.5762e-05	3.6746e-10	-10.0	-11.0
131.0	6.5884e-05	3.7465e-10	-10.0	-11.1
131.5	6.5986e-05	3.8007e-10	-10.0	-11.2
132.0	6.6107e-05	3.8434e-10	-10.0	-11.3
132.5	6.6214e-05	3.9368e-10	-10.0	-11.4
133.0	6.6319e-05	4.0186e-10	-10.0	-11.5
133.5	6.6431e-05	4.0862e-10	-10.0	-11.6
134.0	6.6513e-05	4.1273e-10	-10.0	-11.7
134.5	6.6621e-05	4.1716e-10	-10.0	-11.8
135.0	6.6704e-05	4.2677e-10	-10.0	-11.9
135.5	6.68e-05	4.3497e-10	-10.0	-12.0
136.0	6.6887e-05	4.4489e-10	-10.0	-12.1
136.5	6.6962e-05	4.4717e-10	-10.0	-12.2
137.0	6.7043e-05	7.1332e-10	-10.0	-12.3
137.5	6.7126e-05	4.6947e-10	-10.0	-12.4
138.0	6.7203e-05	4.7908e-10	-10.0	-12.5
138.5	6.7273e-05	4.8717e-10	-10.0	-12.6
139.0	6.7329e-05	4.9341e-10	-10.0	-12.7
139.5	6.7408e-05	5.0152e-10	-10.0	-12.8
140.0	6.747e-05	5.0876e-10	-10.0	-12.9
140.5	6.7527e-05	5.1698e-10	-10.0	-13.0
141.0	6.7586e-05	5.2365e-10	-10.0	-13.1
141.5	6.7638e-05	5.3112e-10	-10.0	-13.2
142.0	6.7706e-05	5.4106e-10	-10.0	-13.3
142.5	6.7753e-05	5.4799e-10	-10.0	-13.4
143.0	6.7791e-05	5.5794e-10	-10.0	-13.5
143.5	6.784e-05	5.6912e-10	-10.0	-13.6
144.0	6.789e-05	5.7814e-10	-10.0	-13.7
144.5	6.794e-05	5.8831e-10	-10.0	-13.8
145.0	6.799e-05	5.9696e-10	-10.0	-13.9
145.5	6.8035e-05	6.102e-10	-10.0	-14.0
146.0	6.8068e-05	6.2088e-10	-10.0	-14.1
146.5	6.8102e-05	6.301e-10	-10.0	-14.2
147.0	6.8139e-05	6.404e-10	-10.0	-14.3
147.5	6.8172e-05	6.5334e-10	-10.0	-14.4
148.0	6.8191e-05	6.5589e-10	-10.0	-14.5
148.5	6.8224e-05	6.6917e-10	-10.0	-14.6
149.0	6.826e-05	6.7943e-10	-10.0	-14.7
149.5	6.8288e-05	6.8978e-10	-10.0	-14.8
150.0	6.8315e-05	6.9904e-10	-10.0	-14.9
150.5	6.8333e-05	7.4142e-10	-10.0	-15.0
151.0	6.8302e-05	7.7339e-10	-10.0	-15.0
151.5	6.8319e-05	7.9613e-10	-10.0	-15.1
152.0	6.8213e-05	2.409e-10	-10.0	-15.0
152.5	6.8107e-05	5.3541e-10	-10.0	-14.9
153.0	6.8011e-05	5.1103e-10	-10.0	-14.8
153.5	6.7914e-05	4.9813e-10	-10.0	-14.7
154.0	6.7808e-05	4.8171e-10	-10.0	-14.6
154.5	6.771e-05	4.7633e-10	-10.0	-14.5
155.0	6.7601e-05	4.6215e-10	-10.0	-14.4
155.5	6.7494e-05	4.4625e-10	-10.0	-14.3
156.0	6.7383e-05	4.3541e-10	-10.0	-14.2
156.5	6.7284e-05	4.2659e-10	-10.0	-14.1
157.0	6.7188e-05	4.1871e-10	-10.0	-14.0
157.5	6.7073e-05	4.0829e-10	-10.0	-13.9
158.0	6.6968e-05	3.9978e-10	-10.0	-13.8
158.5	6.6855e-05	3.9009e-10	-10.0	-13.7
159.0	6.6743e-05	3.776e-10	-10.0	-13.6
159.5	6.6625e-05	3.7391e-10	-10.0	-13.5
160.0	6.6503e-05	3.655e-10	-10.0	-13.4
160.5	6.6404e-05	3.4326e-10	-10.0	-13.3
161.0	6.629e-05	3.3428e-10	-10.0	-13.2
161.5	6.6161e-05	3.2585e-10	-10.0	-13.1
162.0	6.6045e-05	3.1663e-10	-10.0	-13.0
162.5	6.593e-05	3.1115e-10	-10.0	-12.9
163.0	6.5801e-05	3.0329e-10	-10.0	-12.8
163.5	6.5668e-05	2.9577e-10	-10.0	-12.7
164.0	6.5541e-05	2.8937e-10	-10.0	-12.6
164.5	6.5404e-05	2.8103e-10	-10.0	-12.5
165.0	6.5258e-05	2.7272e-10	-10.0	-12.4
165.5	6.5122e-05	2.6348e-10	-10.0	-12.3
166.0	6.4974e-05	2.5907e-10	-10.0	-12.2
166.5	6.4832e-05	2.5461e-10	-10.0	-12.1
167.0	6.4687e-05	6.839e-12	-10.0	-12.0
167.5	6.4537e-05	2.3734e-10	-10.0	-11.9
168.0	6.4379e-05	2.3166e-10	-10.0	-11.8
168.5	6.4216e-05	2.2583e-10	-10.0	-11.7
169.0	6.4064e-05	2.1856e-10	-10.0	-11.6
169.5	6.3897e-05	2.1287e-10	-10.0	-11.5
170.0	6.3723e-05	2.1112e-10	-10.0	-11.4
170.5	6.355e-05	2.0086e-10	-10.0	-11.3
171.0	6.3371e-05	1.9531e-10	-10.0	-11.2
171.5	6.3204e-05	1.925e-10	-10.0	-11.1
172.0	6.3016e-05	1.8455e-10	-10.0	-11.0
172.5	6.2841e-05	1.8279e-10	-10.0	-10.9
173.0	6.2649e-05	1.7399e-10	-10.0	-10.8
173.5	6.2459e-05	1.6917e-10	-10.0	-10.7
174.0	6.2266e-05	1.5898e-10	-10.0	-10.6
174.5	6.2069e-05	1.5381e-10	-10.0	-10.5
175.0	6.1859e-05	1.4566e-10	-10.0	-10.4
175.5	6.1657e-05	1.4116e-10	-10.0	-10.3
176.0	6.1432e-05	1.3291e-10	-10.0	-10.2
176.5	6.1214e-05	1.2726e-10	-10.0	-10.1
177.0	6.0988e-05	1.222e-10	-10.0	-10.0
177.5	6.0753e-05	1.1553e-10	-10.0	-9.9
178.0	6.0517e-05	1.0839e-10	-10.0	-9.8
178.5	6.0276e-05	1.0465e-10	-10.0	-9.7
179.0	6.0025e-05	1.0121e-10	-10.0	-9.6
179.5	5.9782e-05	9.7184e-11	-10.0	-9.5
180.0	5.9512e-05	8.7193e-11	-10.0	-9.4
180.5	5.9263e-05	8.231e-11	-10.0	-9.3
181.0	5.8992e-05	7.937e-11	-10.0	-9.2
181.5	5.8711e-05	7.2904e-11	-10.0	-9.1
182.0	5.8425e-05	8.0386e-11	-10.0	-9.0
182.5	5.8123e-05	1.7764e-10	-10.0	-8.9
183.0	5.7826e-05	6.0962e-11	-10.0	-8.8
183.5	5.752e-05	5.9075e-11	-10.0	-8.7
184.0	5.72e-05	5.1861e-11	-10.0	-8.6
184.5	5.6865e-05	4.4119e-11	-10.0	-8.5
185.0	5.6531e-05	4.23e-11	-10.0	-8.4
185.5	5.6192e-05	3.4518e-11	-10.0	-8.3
186.0	5.5847e-05	3.0352e-11	-10.0	-8.2
186.5	5.5487e-05	2.7636e-11	-10.0	-8.1
187.0	5.5126e-05	2.2843e-11	-10.0	-8.0
187.5	5.4747e-05	1.9771e-11	-10.0	-7.9
188.0	5.4356e-05	1.7757e-11	-10.0	-7.8
188.5	5.3974e-05	1.2426e-11	-10.0	-7.7
189.0	5.3573e-05	1.1035e-11	-10.0	-7.6
189.5	5.3171e-05	5.6887e-12	-10.0	-7.5
190.0	5.2753e-05	2.0528e-12	-10.0	-7.4
190.5	5.2326e-05	5.6028e-13	-10.0	-7.3
191.0	5.1894e-05	5.9629e-12	-10.0	-7.2
191.5	5.1462e-05	8.9467e-12	-10.0	-7.1
192.0	5.1015e-05	1.2651e-11	-10.0	-7.0
192.5	5.0568e-05	1.5541e-11	-10.0	-6.9
193.0	5.0104e-05	2.0561e-11	-10.0	-6.8
193.5	4.9644e-05	2.252e-11	-10.0	-6.7
194.0	4.9178e-05	2.5929e-11	-10.0	-6.6
194.5	4.8703e-05	3.0317e-11	-10.0	-6.5
195.0	4.8228e-05	3.2346e-11	-10.0	-6.4
195.5	4.7748e-05	3.5312e-11	-10.0	-6.3
196.0	4.7261e-05	3.7689e-11	-10.0	-6.2
196.5	4.6772e-05	4.2831e-11	-10.0	-6.1
197.0	4.6276e-05	4.004e-11	-10.0	-6.0
197.5	4.5771e-05	3.184e-10	-10.0	-5.9
198.0	4.5278e-05	4.9396e-11	-10.0	-5.8
198.5	4.4764e-05	5.1984e-11	-10.0	-5.7
199.0	4.4253e-05	5.4378e-11	-10.0	-5.6
199.5	4.3744e-05	5.649e-11	-10.0	-5.5
200.0	4.3221e-05	5.8078e-11	-10.0	-5.4
200.5	4.2711e-05	6.3146e-11	-10.0	-5.3
201.0	4.2198e-05	6.5118e-11	-10.0	-5.2
201.5	4.1672e-05	6.5645e-11	-10.0	-5.1
202.0	4.1142e-05	7.0363e-11	-10.0	-5.0
202.5	4.0621e-05	7.3529e-11	-10.0	-4.9
203.0	4.0089e-05	7.4208e-11	-10.0	-4.8
203.5	3.9559e-05	8.0146e-11	-10.0	-4.7
204.0	3.9032e-05	7.9079e-11	-10.0	-4.6
204.5	3.8495e-05	8.4164e-11	-10.0	-4.5
205.0	3.7959e-05	8.1731e-11	-10.0	-4.4
205.5	3.7424e-05	8.5526e-11	-10.0	-4.3
206.0	3.6884e-05	9.0947e-11	-10.0	-4.2
206.5	3.6352e-05	9.122e-11	-10.0	-4.1
207.0	3.5814e-05	9.3683e-11	-10.0	-4.0
207.5	3.528e-05	9.7604e-11	-10.0	-3.9
208.0	3.4746e-05	9.7831e-11	-10.0	-3.8
208.5	3.4208e-05	1.0193e-10	-10.0	-3.7
209.0	3.3675e-05	1.0281e-10	-10.0	-3.6
209.5	3.313e-05	1.0694e-10	-10.0	-3.5
210.0	3.2596e-05	1.0592e-10	-10.0	-3.4
210.5	3.2053e-05	1.0892e-10	-10.0	-3.3
211.0	3.1517e-05	1.1268e-10	-10.0	-3.2
211.5	3.0978e-05	1.149e-10	-10.0	-3.1
212.0	3.0451e-05	1.1419e-10	-10.0	-3.0
212.5	2.991e-05	4.65e-10	-10.0	-2.9
213.0	2.9374e-05	1.2199e-10	-10.0	-2.8
213.5	2.8838e-05	1.2198e-10	-10.0	-2.7
214.0	2.8307e-05	1.2398e-10	-10.0	-2.6
214.5	2.7774e-05	1.2646e-10	-10.0	-2.5
215.0	2.7243e-05	1.3193e-10	-10.0	-2.4
215.5	2.6715e-05	1.3494e-10	-10.0	-2.3
216.0	2.6187e-05	1.3789e-10	-10.0	-2.2
216.5	2.5653e-05	1.4227e-10	-10.0	-2.1
217.0	2.5125e-05	1.424e-10	-10.0	-2.0
217.5	2.4601e-05	1.4476e-10	-10.0	-1.9
218.0	2.4078e-05	1.5262e-10	-10.0	-1.8
218.5	2.3562e-05	1.5217e-10	-10.0	-1.7
219.0	2.3043e-05	1.5876e-10	-10.0	-1.6
219.5	2.2526e-05	1.6135e-10	-10.0	-1.5
220.0	2.2009e-05	1.6467e-10	-10.0	-1.4
220.5	2.1498e-05	1.6896e-10	-10.0	-1.3
221.0	2.0992e-05	1.7759e-10	-10.0	-1.2
221.5	2.0487e-05	1.7951e-10	-10.0	-1.1
222.0	1.9981e-05	1.8656e-10	-10.0	-1.0
222.5	1.9486e-05	1.8927e-10	-10.0	-0.9
223.0	1.8985e-05	1.9628e-10	-10.0	-0.8
223.5	1.8494e-05	2.0069e-10	-10.0	-0.7
224.0	1.8001e-05	2.0552e-10	-10.0	-0.6
224.5	1.752e-05	2.1081e-10	-10.0	-0.5
225.0	1.7038e-05	2.1435e-10	-10.0	-0.4
225.5	1.6557e-05	2.1798e-10	-10.0	-0.3
226.0	1.6085e-05	2.2208e-10	-10.0	-0.2
226.5	1.5616e-05	2.2511e-10	-10.0	-0.1
227.0	1.5153e-05	2.2515e-10	-10.0	-3.6554e-14
227.5	1.47e-05	2.0867e-10	-10.0	0.1
228.0	1.4241e-05	5.3408e-10	-10.0	0.2
228.5	1.3795e-05	2.3166e-10	-10.0	0.3
229.0	1.3351e-05	2.2991e-10	-10.0	0.4
229.5	1.2915e-05	2.3006e-10	-10.0	0.5
230.0	1.2482e-05	2.2834e-10	-10.0	0.6
230.5	1.2057e-05	2.2492e-10	-10.0	0.7
231.0	1.1633e-05	2.2553e-10	-10.0	0.8
231.5	1.1217e-05	2.2422e-10	-10.0	0.9
232.0	1.0807e-05	2.2193e-10	-10.0	1.0
232.5	1.04e-05	2.2378e-10	-10.0	1.1
233.0	1.0005e-05	2.1864e-10	-10.0	1.2
233.5	9.6101e-06	2.4359e-10	-10.0	1.3
234.0	9.2197e-06	2.2674e-10	-10.0	1.4
234.5	8.835e-06	2.1327e-10	-10.0	1.5
235.0	8.4598e-06	2.1102e-10	-10.0	1.6
235.5	8.0886e-06	2.1178e-10	-10.0	1.7
236.0	7.7252e-06	2.084e-10	-10.0	1.8
236.5	7.3721e-06	2.0403e-10	-10.0	1.9
237.0	7.0265e-06	2.0633e-10	-10.0	2.0
237.5	6.6856e-06	2.0361e-10	-10.0	2.1
238.0	6.3586e-06	2.0311e-10	-10.0	2.2
238.5	6.0437e-06	1.9853e-10	-10.0	2.3
239.0	5.7387e-06	2.0028e-10	-10.0	2.4
239.5	5.4468e-06	1.9872e-10	-10.0	2.5
240.0	5.1654e-06	1.9616e-10	-10.0	2.6
240.5	4.8955e-06	1.9511e-10	-10.0	2.7
241.0	4.6365e-06	1.9591e-10	-10.0	2.8
241.5	4.3854e-06	1.9554e-10	-10.0	2.9
242.0	4.1458e-06	1.9661e-10	-10.0	3.0
242.5	3.9192e-06	1.9233e-10	-10.0	3.1
243.0	3.6963e-06	5.2016e-10	-10.0	3.2
243.5	3.4866e-06	1.9302e-10	-10.0	3.3
244.0	3.2848e-06	1.9401e-10	-10.0	3.4
244.5	3.0923e-06	1.9135e-10	-10.0	3.5
245.0	2.9095e-06	1.9221e-10	-10.0	3.6
245.5	2.7349e-06	1.9472e-10	-10.0	3.7
246.0	2.5691e-06	1.939e-10	-10.0	3.8
246.5	2.4114e-06	1.951e-10	-10.0	3.9
247.0	2.2617e-06	1.9538e-10	-10.0	4.0
247.5	2.1191e-06	1.9506e-10	-10.0	4.1
248.0	1.984e-06	1.954e-10	-10.0	4.2
248.5	1.855e-06	1.9393e-10	-10.0	4.3
249.0	1.7335e-06	1.9667e-10	-10.0	4.4
249.5	1.6185e-06	1.9604e-10	-10.0	4.5
250.0	1.5087e-06	1.9883e-10	-10.0	4.6
250.5	1.4053e-06	1.9933e-10	-10.0	4.7
251.0	1.3075e-06	1.9933e-10	-10.0	4.8
251.5	1.2153e-06	2.0123e-10	-10.0	4.9
252.0	1.1282e-06	2.0037e-10	-10.0	5.0
252.5	1.0457e-06	2.0246e-10	-10.0	5.1
253.0	9.697e-07	2.0597e-10	-10.0	5.2
253.5	8.9599e-07	2.2482e-10	-10.0	5.3
254.0	8.2823e-07	2.0869e-10	-10.0	5.4
254.5	7.6426e-07	2.1186e-10	-10.0	5.5
255.0	7.0384e-07	2.1516e-10	-10.0	5.6
255.5	6.4749e-07	2.1617e-10	-10.0	5.7
256.0	5.9485e-07	2.1871e-10	-10.0	5.8
256.5	5.4565e-07	2.2182e-10	-10.0	5.9
257.0	4.9998e-07	2.249e-10	-10.0	6.0
257.5	4.5807e-07	2.2824e-10	-10.0	6.1
258.0	4.1764e-07	7.0166e-10	-10.0	6.2
258.5	3.8106e-07	2.3706e-10	-10.0	6.3
259.0	3.4684e-07	2.4188e-10	-10.0	6.4
259.5	3.1591e-07	2.4441e-10	-10.0	6.5
260.0	2.8674e-07	2.4997e-10	-10.0	6.6
260.5	2.6017e-07	2.5714e-10	-10.0	6.7
261.0	2.3515e-07	2.595e-10	-10.0	6.8
261.5	2.125e-07	2.6491e-10	-10.0	6.9
262.0	1.916e-07	2.7261e-10	-10.0	7.0
262.5	1.723e-07	2.8243e-10	-10.0	7.1
263.0	1.5483e-07	2.8946e-10	-10.0	7.2
263.5	1.3865e-07	2.9731e-10	-10.0	7.3
264.0	1.2383e-07	3.0746e-10	-10.0	7.4
264.5	1.1023e-07	3.1662e-10	-10.0	7.5
265.0	9.8445e-08	3.2693e-10	-10.0	7.6
265.5	8.6947e-08	5.9321e-10	-10.0	7.7
266.0	7.7023e-08	3.4769e-10	-10.0	7.8
266.5	6.7988e-08	3.5639e-10	-10.0	7.9
267.0	5.9833e-08	3.6622e-10	-10.0	8.0
267.5	5.253e-08	3.7842e-10	-10.0	8.1
268.0	4.5878e-08	3.8967e-10	-10.0	8.2
268.5	3.9886e-08	3.9715e-10	-10.0	8.3
269.0	3.4712e-08	4.0758e-10	-10.0	8.4
269.5	3.0111e-08	4.1476e-10	-10.0	8.5
270.0	2.5999e-08	4.2356e-10	-10.0	8.6
270.5	2.2314e-08	4.3e-10	-10.0	8.7
271.0	1.9202e-08	4.3363e-10	-10.0	8.8
271.5	1.647e-08	4.3797e-10	-10.0	8.9
272.0	1.4024e-08	4.4107e-10	-10.0	9.0
272.5	1.1922e-08	4.4134e-10	-10.0	9.1
273.0	1.0145e-08	4.0653e-10	-10.0	9.2
273.5	8.5081e-09	6.2487e-10	-10.0	9.3
274.0	7.1268e-09	4.4408e-10	-10.0	9.4
274.5	5.9678e-09	4.3639e-10	-10.0	9.5
275.0	4.9365e-09	4.2964e-10	-10.0	9.6
275.5	4.0947e-09	4.2286e-10	-10.0	9.7
276.0	3.3686e-09	4.1634e-10	-10.0	9.8
276.5	2.7811e-09	4.0881e-10	-10.0	9.9
277.0	2.2873e-09	4.0333e-10	-10.0	10.0
277.5	1.8637e-09	3.9424e-10	-10.0	10.1
278.0	1.5159e-09	3.866e-10	-10.0	10.2
278.5	1.2368e-09	3.7723e-10	-10.0	10.3
279.0	1.0237e-09	3.6917e-10	-10.0	10.4
279.5	8.3905e-10	3.597e-10	-10.0	10.5
280.0	6.9165e-10	3.5153e-10	-10.0	10.6
280.5	5.7497e-10	3.445e-10	-10.0	10.7
281.0	4.7945e-10	3.3641e-10	-10.0	10.8
281.5	4.0858e-10	3.2761e-10	-10.0	10.9
282.0	3.5291e-10	3.2016e-10	-10.0	11.0
282.5	3.0792e-10	3.1442e-10	-10.0	11.1
283.0	2.6978e-10	3.0693e-10	-10.0	11.2
283.5	2.3973e-10	3.0106e-10	-10.0	11.3
284.0	2.1776e-10	2.958e-10	-10.0	11.4
284.5	2.0056e-10	2.9217e-10	-10.0	11.5
285.0	1.8748e-10	2.8716e-10	-10.0	11.6
285.5	1.7866e-10	2.8265e-10	-10.0	11.7
286.0	1.7184e-10	2.7807e-10	-10.0	11.8
286.5	1.6748e-10	2.7734e-10	-10.0	11.9
287.0	1.6309e-10	2.7193e-10	-10.0	12.0
287.5	1.5978e-10	2.6777e-10	-10.0	12.1
288.0	1.5375e-10	2.6655e-10	-10.0	12.2
288.5	1.6366e-10	3.4184e-10	-10.0	12.3
289.0	1.5443e-10	2.6182e-10	-10.0	12.4
289.5	1.5307e-10	2.578e-10	-10.0	12.5
290.0	1.5182e-10	2.5632e-10	-10.0	12.6
290.5	1.5096e-10	2.564e-10	-10.0	12.7
291.0	1.494e-10	2.5541e-10	-10.0	12.8
291.5	1.4924e-10	2.5404e-10	-10.0	12.9
292.0	1.4863e-10	2.5427e-10	-10.0	13.0
292.5	1.4827e-10	2.5042e-10	-10.0	13.1
293.0	1.4805e-10	2.5152e-10	-10.0	13.2
293.5	1.475e-10	2.4871e-10	-10.0	13.3
294.0	1.4677e-10	2.4759e-10	-10.0	13.4
294.5	1.4623e-10	2.4529e-10	-10.0	13.5
295.0	1.454e-10	2.4433e-10	-10.0	13.6
295.5	1.4518e-10	2.448e-10	-10.0	13.7
296.0	1.4485e-10	2.4261e-10	-10.0	13.8
296.5	1.4431e-10	2.4995e-10	-10.0	13.9
297.0	1.4409e-10	2.4215e-10	-10.0	14.0
297.5	1.4398e-10	2.3979e-10	-10.0	14.1
298.0	1.4348e-10	2.4188e-10	-10.0	14.2
298.5	1.4358e-10	2.4124e-10	-10.0	14.3
299.0	1.4323e-10	2.4355e-10	-10.0	14.4
299.5	1.4265e-10	2.4143e-10	-10.0	14.5
300.0	1.4225e-10	2.4377e-10	-10.0	14.6
300.5	1.4238e-10	2.4123e-10	-10.0	14.7
301.0	1.4225e-10	2.3475e-10	-10.0	14.8
301.5	1.4204e-10	2.3321e-10	-10.0	14.9
302.0	1.423e-10	2.3996e-10	-10.0	15.0
302.5	1.248e-10	2.4563e-10	-10.0	15.0
