Time (s)	|IDrain (A)|	|IGate (A)	Vdrain(V)	Vgate(V)
0.0	3.1798e-05	1.0511e-10	-10.0	-2.5
1.0	3.1746e-05	8.7321e-11	-10.0	-2.5
1.5	3.1723e-05	8.6776e-11	-10.0	-2.5
2.0	3.1699e-05	8.6504e-11	-10.0	-2.5
2.5	3.1673e-05	8.4192e-11	-10.0	-2.5
3.0	3.1654e-05	8.4075e-11	-10.0	-2.5
3.5	3.1643e-05	8.5379e-11	-10.0	-2.5
4.0	3.1625e-05	8.243e-11	-10.0	-2.5
4.5	3.1609e-05	8.2874e-11	-10.0	-2.5
5.0	3.1602e-05	8.2744e-11	-10.0	-2.5
5.5	3.1589e-05	8.3829e-11	-10.0	-2.5
6.0	3.1579e-05	8.3373e-11	-10.0	-2.5
6.5	3.1568e-05	8.411e-11	-10.0	-2.5
7.0	3.1553e-05	8.2278e-11	-10.0	-2.5
7.5	3.1543e-05	8.4118e-11	-10.0	-2.5
8.0	3.153e-05	8.432e-11	-10.0	-2.5
8.5	3.1517e-05	8.3953e-11	-10.0	-2.5
9.0	3.1507e-05	8.3265e-11	-10.0	-2.5
9.5	3.1494e-05	8.6123e-11	-10.0	-2.5
10.0	3.1482e-05	8.556e-11	-10.0	-2.5
10.5	3.1478e-05	8.4962e-11	-10.0	-2.5
11.0	3.1465e-05	8.509e-11	-10.0	-2.5
11.5	3.1455e-05	8.6632e-11	-10.0	-2.5
12.0	3.1446e-05	8.5435e-11	-10.0	-2.5
12.5	3.1436e-05	8.7115e-11	-10.0	-2.5
13.0	3.1431e-05	8.7411e-11	-10.0	-2.5
13.5	3.1419e-05	8.5708e-11	-10.0	-2.5
14.0	3.1411e-05	8.7768e-11	-10.0	-2.5
14.5	3.1401e-05	8.7348e-11	-10.0	-2.5
15.0	3.1394e-05	8.8315e-11	-10.0	-2.5
15.5	3.139e-05	8.6253e-11	-10.0	-2.5
16.0	3.1383e-05	8.876e-11	-10.0	-2.5
16.5	3.1375e-05	8.7787e-11	-10.0	-2.5
17.0	3.1366e-05	8.9905e-11	-10.0	-2.5
17.5	3.1363e-05	8.7765e-11	-10.0	-2.5
18.0	3.1356e-05	8.7486e-11	-10.0	-2.5
18.5	3.1354e-05	8.8462e-11	-10.0	-2.5
19.0	3.1341e-05	9.0532e-11	-10.0	-2.5
19.5	3.1332e-05	8.9058e-11	-10.0	-2.5
20.0	3.1328e-05	8.9514e-11	-10.0	-2.5
20.5	3.132e-05	8.8581e-11	-10.0	-2.5
21.0	3.1315e-05	9.0001e-11	-10.0	-2.5
21.5	3.1306e-05	9.0139e-11	-10.0	-2.5
22.0	3.13e-05	8.9511e-11	-10.0	-2.5
22.5	3.1292e-05	9.1215e-11	-10.0	-2.5
23.0	3.1288e-05	8.9635e-11	-10.0	-2.5
23.5	3.1281e-05	9.0238e-11	-10.0	-2.5
24.0	3.128e-05	9.1147e-11	-10.0	-2.5
24.5	3.1273e-05	9.0055e-11	-10.0	-2.5
25.0	3.1265e-05	9.0963e-11	-10.0	-2.5
25.5	3.1256e-05	9.0561e-11	-10.0	-2.5
26.0	3.1249e-05	8.9597e-11	-10.0	-2.5
26.5	3.1247e-05	9.0773e-11	-10.0	-2.5
27.0	3.1242e-05	8.9693e-11	-10.0	-2.5
27.5	3.1238e-05	9.0588e-11	-10.0	-2.5
28.0	3.1229e-05	9.0557e-11	-10.0	-2.5
28.5	3.1226e-05	9.1873e-11	-10.0	-2.5
29.0	3.1216e-05	9.0401e-11	-10.0	-2.5
29.5	3.1212e-05	9.2413e-11	-10.0	-2.5
30.0	3.1206e-05	9.1262e-11	-10.0	-2.5
30.5	3.1201e-05	9.1964e-11	-10.0	-2.5
31.0	3.1197e-05	9.1521e-11	-10.0	-2.5
31.5	3.1197e-05	9.2858e-11	-10.0	-2.5
32.0	3.1189e-05	8.9437e-11	-10.0	-2.5
32.5	3.1184e-05	9.4237e-11	-10.0	-2.5
33.0	3.1183e-05	9.0307e-11	-10.0	-2.5
33.5	3.1172e-05	9.3049e-11	-10.0	-2.5
34.0	3.1164e-05	8.9504e-11	-10.0	-2.5
34.5	3.116e-05	9.3814e-11	-10.0	-2.5
35.0	3.115e-05	9.3557e-11	-10.0	-2.5
35.5	3.1151e-05	9.316e-11	-10.0	-2.5
36.0	3.1148e-05	9.4351e-11	-10.0	-2.5
36.5	3.1143e-05	9.2629e-11	-10.0	-2.5
37.0	3.1142e-05	9.2345e-11	-10.0	-2.5
37.5	3.1137e-05	9.4959e-11	-10.0	-2.5
38.0	3.1132e-05	9.2708e-11	-10.0	-2.5
38.5	3.1128e-05	9.3421e-11	-10.0	-2.5
39.0	3.1117e-05	9.416e-11	-10.0	-2.5
39.5	3.1115e-05	9.0888e-11	-10.0	-2.5
40.0	3.1113e-05	9.3925e-11	-10.0	-2.5
40.5	3.1107e-05	9.3772e-11	-10.0	-2.5
41.0	3.1103e-05	9.3411e-11	-10.0	-2.5
41.5	3.1096e-05	9.2697e-11	-10.0	-2.5
42.0	3.1096e-05	9.4645e-11	-10.0	-2.5
42.5	3.1091e-05	9.0425e-11	-10.0	-2.5
43.0	3.1087e-05	9.3602e-11	-10.0	-2.5
43.5	3.1087e-05	9.4861e-11	-10.0	-2.5
44.0	3.1084e-05	9.4039e-11	-10.0	-2.5
44.5	3.1077e-05	9.3526e-11	-10.0	-2.5
45.0	3.1077e-05	9.4438e-11	-10.0	-2.5
45.5	3.1075e-05	9.4784e-11	-10.0	-2.5
46.0	3.1071e-05	9.5149e-11	-10.0	-2.5
46.5	3.1067e-05	9.3219e-11	-10.0	-2.5
47.0	3.1062e-05	9.6095e-11	-10.0	-2.5
47.5	3.1059e-05	9.4307e-11	-10.0	-2.5
48.0	3.1056e-05	9.3385e-11	-10.0	-2.5
48.5	3.1057e-05	9.4619e-11	-10.0	-2.5
49.0	3.1054e-05	9.4693e-11	-10.0	-2.5
49.5	3.1051e-05	9.5463e-11	-10.0	-2.5
50.0	3.1043e-05	9.4301e-11	-10.0	-2.5
50.5	3.1035e-05	9.5689e-11	-10.0	-2.5
51.0	3.1034e-05	9.6242e-11	-10.0	-2.5
51.5	3.103e-05	9.3169e-11	-10.0	-2.5
52.0	3.1029e-05	9.8332e-11	-10.0	-2.5
52.5	3.1018e-05	9.3765e-11	-10.0	-2.5
53.0	3.1018e-05	9.4143e-11	-10.0	-2.5
53.5	3.1018e-05	9.4778e-11	-10.0	-2.5
54.0	3.1012e-05	9.5499e-11	-10.0	-2.5
54.5	3.1005e-05	9.5798e-11	-10.0	-2.5
55.0	3.101e-05	9.6299e-11	-10.0	-2.5
55.5	3.1003e-05	9.5819e-11	-10.0	-2.5
56.0	3.0999e-05	9.5152e-11	-10.0	-2.5
56.5	3.1001e-05	9.5469e-11	-10.0	-2.5
57.0	3.0994e-05	9.419e-11	-10.0	-2.5
57.5	3.0991e-05	9.684e-11	-10.0	-2.5
58.0	3.0987e-05	9.5715e-11	-10.0	-2.5
58.5	3.0987e-05	9.4634e-11	-10.0	-2.5
59.0	3.0983e-05	9.5958e-11	-10.0	-2.5
59.5	3.0978e-05	9.6449e-11	-10.0	-2.5
60.0	3.0978e-05	9.6082e-11	-10.0	-2.5
60.5	3.0973e-05	9.5506e-11	-10.0	-2.5
61.0	3.0971e-05	9.5518e-11	-10.0	-2.5
61.5	3.0968e-05	9.5503e-11	-10.0	-2.5
62.0	3.0962e-05	9.6557e-11	-10.0	-2.5
62.5	3.096e-05	9.6736e-11	-10.0	-2.5
63.0	3.0955e-05	9.6335e-11	-10.0	-2.5
63.5	3.0953e-05	9.7921e-11	-10.0	-2.5
64.0	3.0953e-05	9.7122e-11	-10.0	-2.5
64.5	3.0948e-05	9.6024e-11	-10.0	-2.5
65.0	3.0947e-05	9.5892e-11	-10.0	-2.5
65.5	3.0948e-05	9.5015e-11	-10.0	-2.5
66.0	3.0942e-05	9.4902e-11	-10.0	-2.5
66.5	3.094e-05	9.7127e-11	-10.0	-2.5
67.0	3.0939e-05	9.6192e-11	-10.0	-2.5
67.5	3.0936e-05	9.6591e-11	-10.0	-2.5
68.0	3.0935e-05	9.5339e-11	-10.0	-2.5
68.5	3.0936e-05	9.5508e-11	-10.0	-2.5
69.0	3.0934e-05	9.7158e-11	-10.0	-2.5
69.5	3.0932e-05	9.755e-11	-10.0	-2.5
70.0	3.0928e-05	9.572e-11	-10.0	-2.5
70.5	3.0926e-05	9.8088e-11	-10.0	-2.5
71.0	3.092e-05	9.6126e-11	-10.0	-2.5
71.5	3.092e-05	9.7641e-11	-10.0	-2.5
72.0	3.0918e-05	9.673e-11	-10.0	-2.5
72.5	3.0916e-05	9.7557e-11	-10.0	-2.5
73.0	3.0908e-05	9.6577e-11	-10.0	-2.5
73.5	3.0908e-05	9.6619e-11	-10.0	-2.5
74.0	3.0903e-05	9.6463e-11	-10.0	-2.5
74.5	3.0899e-05	9.6626e-11	-10.0	-2.5
75.0	3.0899e-05	9.7377e-11	-10.0	-2.5
75.5	3.0894e-05	9.6434e-11	-10.0	-2.5
76.0	3.0891e-05	9.8404e-11	-10.0	-2.5
76.5	3.0891e-05	9.6354e-11	-10.0	-2.5
77.0	3.089e-05	9.914e-11	-10.0	-2.5
77.5	3.0887e-05	9.7619e-11	-10.0	-2.5
78.0	3.0884e-05	9.8006e-11	-10.0	-2.5
78.5	3.0879e-05	9.631e-11	-10.0	-2.5
79.0	3.0873e-05	9.5574e-11	-10.0	-2.5
79.5	3.0873e-05	9.5952e-11	-10.0	-2.5
80.0	3.0872e-05	9.8338e-11	-10.0	-2.5
80.5	3.0868e-05	9.6965e-11	-10.0	-2.5
81.0	3.0869e-05	9.5855e-11	-10.0	-2.5
81.5	3.0867e-05	9.7303e-11	-10.0	-2.5
82.0	3.0861e-05	9.7109e-11	-10.0	-2.5
82.5	3.0861e-05	9.7358e-11	-10.0	-2.5
83.0	3.0862e-05	9.748e-11	-10.0	-2.5
83.5	3.0858e-05	9.7101e-11	-10.0	-2.5
84.0	3.0857e-05	9.7297e-11	-10.0	-2.5
84.5	3.0855e-05	9.7771e-11	-10.0	-2.5
85.0	3.0852e-05	9.851e-11	-10.0	-2.5
85.5	3.0852e-05	9.9391e-11	-10.0	-2.5
86.0	3.0847e-05	9.8732e-11	-10.0	-2.5
86.5	3.0843e-05	9.8861e-11	-10.0	-2.5
87.0	3.0839e-05	9.9175e-11	-10.0	-2.5
87.5	3.0838e-05	9.7524e-11	-10.0	-2.5
88.0	3.0833e-05	9.9404e-11	-10.0	-2.5
88.5	3.0833e-05	9.8118e-11	-10.0	-2.5
89.0	3.0834e-05	9.9316e-11	-10.0	-2.5
89.5	3.0828e-05	9.7846e-11	-10.0	-2.5
90.0	3.0829e-05	9.7214e-11	-10.0	-2.5
90.5	3.0827e-05	9.8499e-11	-10.0	-2.5
91.0	3.0823e-05	9.8922e-11	-10.0	-2.5
91.5	3.0822e-05	9.9193e-11	-10.0	-2.5
92.0	3.0819e-05	9.6914e-11	-10.0	-2.5
92.5	3.0816e-05	9.8298e-11	-10.0	-2.5
93.0	3.0811e-05	9.9628e-11	-10.0	-2.5
93.5	3.0806e-05	9.8294e-11	-10.0	-2.5
94.0	3.0807e-05	9.8362e-11	-10.0	-2.5
94.5	3.0804e-05	9.9392e-11	-10.0	-2.5
95.0	3.0803e-05	9.8666e-11	-10.0	-2.5
95.5	3.0799e-05	9.8127e-11	-10.0	-2.5
96.0	3.0795e-05	9.861e-11	-10.0	-2.5
96.5	3.0792e-05	9.7803e-11	-10.0	-2.5
97.0	3.0787e-05	9.9099e-11	-10.0	-2.5
97.5	3.0787e-05	9.8973e-11	-10.0	-2.5
98.0	3.0785e-05	9.8819e-11	-10.0	-2.5
98.5	3.0788e-05	9.8232e-11	-10.0	-2.5
99.0	3.0786e-05	9.673e-11	-10.0	-2.5
99.5	3.0788e-05	9.8368e-11	-10.0	-2.5
100.0	3.0782e-05	9.8831e-11	-10.0	-2.5
100.5	3.0781e-05	1.0064e-10	-10.0	-2.5
101.0	3.0778e-05	9.8709e-11	-10.0	-2.5
101.5	3.0777e-05	9.8679e-11	-10.0	-2.5
102.0	3.0777e-05	9.8379e-11	-10.0	-2.5
102.5	3.0773e-05	9.9663e-11	-10.0	-2.5
103.0	3.0772e-05	9.9261e-11	-10.0	-2.5
103.5	3.0774e-05	9.873e-11	-10.0	-2.5
104.0	3.0771e-05	9.8256e-11	-10.0	-2.5
104.5	3.0772e-05	9.7549e-11	-10.0	-2.5
105.0	3.0771e-05	9.9529e-11	-10.0	-2.5
105.5	3.077e-05	9.9168e-11	-10.0	-2.5
106.0	3.0773e-05	9.854e-11	-10.0	-2.5
106.5	3.0768e-05	9.9481e-11	-10.0	-2.5
107.0	3.0768e-05	9.9961e-11	-10.0	-2.5
107.5	3.0766e-05	9.909e-11	-10.0	-2.5
108.0	3.0763e-05	1.002e-10	-10.0	-2.5
108.5	3.0763e-05	1.0089e-10	-10.0	-2.5
109.0	3.0761e-05	9.7749e-11	-10.0	-2.5
109.5	3.0759e-05	9.9407e-11	-10.0	-2.5
110.0	3.076e-05	1.0066e-10	-10.0	-2.5
110.5	3.0755e-05	1.0075e-10	-10.0	-2.5
111.0	3.0749e-05	1.009e-10	-10.0	-2.5
111.5	3.0748e-05	1.0064e-10	-10.0	-2.5
112.0	3.0746e-05	9.9693e-11	-10.0	-2.5
112.5	3.0747e-05	9.9341e-11	-10.0	-2.5
113.0	3.0749e-05	9.9096e-11	-10.0	-2.5
113.5	3.0748e-05	1.0211e-10	-10.0	-2.5
114.0	3.0745e-05	1.0024e-10	-10.0	-2.5
114.5	3.074e-05	9.971e-11	-10.0	-2.5
115.0	3.0746e-05	9.952e-11	-10.0	-2.5
115.5	3.0739e-05	9.9531e-11	-10.0	-2.5
116.0	3.074e-05	9.9385e-11	-10.0	-2.5
116.5	3.0736e-05	1.0034e-10	-10.0	-2.5
117.0	3.0732e-05	1.0067e-10	-10.0	-2.5
117.5	3.0733e-05	1.01e-10	-10.0	-2.5
118.0	3.0734e-05	1.0079e-10	-10.0	-2.5
118.5	3.0728e-05	9.9758e-11	-10.0	-2.5
119.0	3.073e-05	1.0054e-10	-10.0	-2.5
119.5	3.0726e-05	3.7105e-11	-10.0	-2.5
120.0	3.0719e-05	9.6749e-11	-10.0	-2.5
120.5	3.0716e-05	8.626e-11	-10.0	-2.5
121.0	3.0709e-05	7.8059e-11	-10.0	-2.5
121.5	3.0702e-05	7.641e-11	-10.0	-2.5
122.0	3.0697e-05	7.195e-11	-10.0	-2.5
122.5	3.0696e-05	7.1135e-11	-10.0	-2.5
123.0	3.0693e-05	6.9732e-11	-10.0	-2.5
123.5	3.0687e-05	6.7533e-11	-10.0	-2.5
124.0	3.0682e-05	6.5975e-11	-10.0	-2.5
124.5	3.0677e-05	6.6962e-11	-10.0	-2.5
125.0	3.0672e-05	6.518e-11	-10.0	-2.5
125.5	3.0669e-05	6.4391e-11	-10.0	-2.5
126.0	3.0663e-05	6.5317e-11	-10.0	-2.5
126.5	3.066e-05	6.5274e-11	-10.0	-2.5
127.0	3.0651e-05	6.4555e-11	-10.0	-2.5
127.5	3.0646e-05	6.2356e-11	-10.0	-2.5
128.0	3.0639e-05	6.4982e-11	-10.0	-2.5
128.5	3.0639e-05	6.3009e-11	-10.0	-2.5
129.0	3.0633e-05	6.2667e-11	-10.0	-2.5
129.5	3.063e-05	6.2552e-11	-10.0	-2.5
130.0	3.0628e-05	6.2341e-11	-10.0	-2.5
130.5	3.0621e-05	6.1352e-11	-10.0	-2.5
131.0	3.0617e-05	6.1471e-11	-10.0	-2.5
131.5	3.0608e-05	6.2547e-11	-10.0	-2.5
132.0	3.0607e-05	6.189e-11	-10.0	-2.5
132.5	3.0598e-05	6.1523e-11	-10.0	-2.5
133.0	3.0596e-05	6.341e-11	-10.0	-2.5
133.5	3.0589e-05	6.1907e-11	-10.0	-2.5
134.0	3.0578e-05	6.1761e-11	-10.0	-2.5
134.5	3.0571e-05	6.1302e-11	-10.0	-2.5
135.0	3.0565e-05	6.3067e-11	-10.0	-2.5
135.5	3.0562e-05	6.1897e-11	-10.0	-2.5
136.0	3.0554e-05	6.0157e-11	-10.0	-2.5
136.5	3.055e-05	6.1971e-11	-10.0	-2.5
137.0	3.0546e-05	5.9767e-11	-10.0	-2.5
137.5	3.0534e-05	6.0166e-11	-10.0	-2.5
138.0	3.0532e-05	6.1085e-11	-10.0	-2.5
138.5	3.0526e-05	6.1207e-11	-10.0	-2.5
139.0	3.0522e-05	6.0236e-11	-10.0	-2.5
139.5	3.0513e-05	6.1352e-11	-10.0	-2.5
140.0	3.0511e-05	6.1653e-11	-10.0	-2.5
140.5	3.0503e-05	6.0016e-11	-10.0	-2.5
141.0	3.0497e-05	5.8819e-11	-10.0	-2.5
141.5	3.0489e-05	6.0271e-11	-10.0	-2.5
142.0	3.0481e-05	5.9396e-11	-10.0	-2.5
142.5	3.048e-05	5.9137e-11	-10.0	-2.5
143.0	3.047e-05	5.8522e-11	-10.0	-2.5
143.5	3.0469e-05	5.8588e-11	-10.0	-2.5
144.0	3.0462e-05	5.7608e-11	-10.0	-2.5
144.5	3.0453e-05	5.8509e-11	-10.0	-2.5
145.0	3.0449e-05	6.013e-11	-10.0	-2.5
145.5	3.0441e-05	5.793e-11	-10.0	-2.5
146.0	3.0431e-05	5.8734e-11	-10.0	-2.5
146.5	3.0422e-05	6.1104e-11	-10.0	-2.5
147.0	3.0413e-05	5.7464e-11	-10.0	-2.5
147.5	3.0411e-05	5.9758e-11	-10.0	-2.5
148.0	3.0407e-05	5.9936e-11	-10.0	-2.5
148.5	3.0405e-05	5.8597e-11	-10.0	-2.5
149.0	3.0396e-05	5.8452e-11	-10.0	-2.5
149.5	3.0387e-05	5.8832e-11	-10.0	-2.5
150.0	3.0378e-05	5.7753e-11	-10.0	-2.5
150.5	3.0373e-05	5.9292e-11	-10.0	-2.5
151.0	3.0362e-05	5.8541e-11	-10.0	-2.5
151.5	3.0353e-05	5.6672e-11	-10.0	-2.5
152.0	3.035e-05	5.8832e-11	-10.0	-2.5
152.5	3.0347e-05	5.8425e-11	-10.0	-2.5
153.0	3.034e-05	5.9959e-11	-10.0	-2.5
153.5	3.033e-05	5.6927e-11	-10.0	-2.5
154.0	3.0324e-05	5.7402e-11	-10.0	-2.5
154.5	3.0316e-05	5.8334e-11	-10.0	-2.5
155.0	3.0312e-05	6.035e-11	-10.0	-2.5
155.5	3.0303e-05	5.7607e-11	-10.0	-2.5
156.0	3.0288e-05	5.7986e-11	-10.0	-2.5
156.5	3.0289e-05	5.7857e-11	-10.0	-2.5
157.0	3.0286e-05	5.8122e-11	-10.0	-2.5
157.5	3.0278e-05	5.9657e-11	-10.0	-2.5
158.0	3.0265e-05	5.9502e-11	-10.0	-2.5
158.5	3.0261e-05	5.7585e-11	-10.0	-2.5
159.0	3.0257e-05	5.6971e-11	-10.0	-2.5
159.5	3.0251e-05	5.8541e-11	-10.0	-2.5
160.0	3.0246e-05	5.8154e-11	-10.0	-2.5
160.5	3.0232e-05	5.7139e-11	-10.0	-2.5
161.0	3.0228e-05	5.7332e-11	-10.0	-2.5
161.5	3.0219e-05	5.77e-11	-10.0	-2.5
162.0	3.0217e-05	5.8405e-11	-10.0	-2.5
162.5	3.0208e-05	5.6699e-11	-10.0	-2.5
163.0	3.0201e-05	5.6989e-11	-10.0	-2.5
163.5	3.0193e-05	5.8538e-11	-10.0	-2.5
164.0	3.0183e-05	5.6513e-11	-10.0	-2.5
164.5	3.018e-05	5.5778e-11	-10.0	-2.5
165.0	3.017e-05	5.9042e-11	-10.0	-2.5
165.5	3.0164e-05	5.7148e-11	-10.0	-2.5
166.0	3.0159e-05	5.792e-11	-10.0	-2.5
166.5	3.0151e-05	5.8583e-11	-10.0	-2.5
167.0	3.0147e-05	5.8813e-11	-10.0	-2.5
167.5	3.0139e-05	5.7682e-11	-10.0	-2.5
168.0	3.0134e-05	5.9651e-11	-10.0	-2.5
168.5	3.0127e-05	5.9305e-11	-10.0	-2.5
169.0	3.0114e-05	5.9845e-11	-10.0	-2.5
169.5	3.0114e-05	5.6657e-11	-10.0	-2.5
170.0	3.0104e-05	5.7533e-11	-10.0	-2.5
170.5	3.01e-05	5.9699e-11	-10.0	-2.5
171.0	3.0092e-05	5.8106e-11	-10.0	-2.5
171.5	3.0084e-05	5.9645e-11	-10.0	-2.5
172.0	3.0076e-05	5.6143e-11	-10.0	-2.5
172.5	3.0067e-05	5.6415e-11	-10.0	-2.5
173.0	3.0058e-05	5.8403e-11	-10.0	-2.5
173.5	3.0054e-05	5.8162e-11	-10.0	-2.5
174.0	3.0044e-05	5.6819e-11	-10.0	-2.5
174.5	3.004e-05	5.827e-11	-10.0	-2.5
175.0	3.0029e-05	5.877e-11	-10.0	-2.5
175.5	3.0025e-05	5.7912e-11	-10.0	-2.5
176.0	3.0016e-05	6.0562e-11	-10.0	-2.5
176.5	3.0012e-05	5.8277e-11	-10.0	-2.5
177.0	3.0006e-05	5.9373e-11	-10.0	-2.5
177.5	2.9997e-05	5.9465e-11	-10.0	-2.5
178.0	2.9996e-05	5.8328e-11	-10.0	-2.5
178.5	2.9989e-05	5.8334e-11	-10.0	-2.5
179.0	2.9982e-05	5.944e-11	-10.0	-2.5
179.5	2.9973e-05	2.9019e-11	-10.0	-2.5
180.0	2.9966e-05	9.5598e-11	-10.0	-2.5
180.5	2.9963e-05	1.007e-10	-10.0	-2.5
181.0	2.9962e-05	9.9104e-11	-10.0	-2.5
181.5	2.9954e-05	9.9598e-11	-10.0	-2.5
182.0	2.995e-05	9.9645e-11	-10.0	-2.5
182.5	2.9945e-05	9.9157e-11	-10.0	-2.5
183.0	2.9941e-05	9.8254e-11	-10.0	-2.5
183.5	2.9937e-05	9.8828e-11	-10.0	-2.5
184.0	2.9933e-05	9.6031e-11	-10.0	-2.5
184.5	2.9929e-05	9.9176e-11	-10.0	-2.5
185.0	2.9928e-05	9.8289e-11	-10.0	-2.5
185.5	2.9924e-05	9.9484e-11	-10.0	-2.5
186.0	2.9927e-05	9.6713e-11	-10.0	-2.5
186.5	2.9924e-05	9.7151e-11	-10.0	-2.5
187.0	2.9923e-05	9.8635e-11	-10.0	-2.5
187.5	2.9922e-05	9.755e-11	-10.0	-2.5
188.0	2.9917e-05	9.7734e-11	-10.0	-2.5
188.5	2.9913e-05	9.6873e-11	-10.0	-2.5
189.0	2.9911e-05	9.6966e-11	-10.0	-2.5
189.5	2.9908e-05	9.5801e-11	-10.0	-2.5
190.0	2.9905e-05	9.6523e-11	-10.0	-2.5
190.5	2.9905e-05	9.4889e-11	-10.0	-2.5
191.0	2.9906e-05	9.5686e-11	-10.0	-2.5
191.5	2.9903e-05	9.529e-11	-10.0	-2.5
192.0	2.9901e-05	9.661e-11	-10.0	-2.5
192.5	2.9898e-05	9.495e-11	-10.0	-2.5
193.0	2.9894e-05	9.4125e-11	-10.0	-2.5
193.5	2.9892e-05	9.3901e-11	-10.0	-2.5
194.0	2.9886e-05	9.3564e-11	-10.0	-2.5
194.5	2.9886e-05	9.5166e-11	-10.0	-2.5
195.0	2.9882e-05	9.4217e-11	-10.0	-2.5
195.5	2.9885e-05	9.3342e-11	-10.0	-2.5
196.0	2.9881e-05	9.6451e-11	-10.0	-2.5
196.5	2.9881e-05	9.5354e-11	-10.0	-2.5
197.0	2.9878e-05	9.3529e-11	-10.0	-2.5
197.5	2.9877e-05	9.571e-11	-10.0	-2.5
198.0	2.9877e-05	9.3672e-11	-10.0	-2.5
198.5	2.9874e-05	9.5779e-11	-10.0	-2.5
199.0	2.9872e-05	9.5366e-11	-10.0	-2.5
199.5	2.9868e-05	9.7038e-11	-10.0	-2.5
200.0	2.9869e-05	9.5222e-11	-10.0	-2.5
200.5	2.9864e-05	9.5381e-11	-10.0	-2.5
201.0	2.9866e-05	9.5202e-11	-10.0	-2.5
201.5	2.9863e-05	9.3226e-11	-10.0	-2.5
202.0	2.986e-05	9.5248e-11	-10.0	-2.5
202.5	2.9862e-05	9.5199e-11	-10.0	-2.5
203.0	2.9859e-05	9.4589e-11	-10.0	-2.5
203.5	2.9854e-05	9.5255e-11	-10.0	-2.5
204.0	2.9855e-05	9.4832e-11	-10.0	-2.5
204.5	2.9855e-05	9.5027e-11	-10.0	-2.5
205.0	2.9851e-05	9.4409e-11	-10.0	-2.5
205.5	2.9851e-05	9.3024e-11	-10.0	-2.5
206.0	2.985e-05	9.4606e-11	-10.0	-2.5
206.5	2.9849e-05	9.5357e-11	-10.0	-2.5
207.0	2.9847e-05	9.5776e-11	-10.0	-2.5
207.5	2.9849e-05	9.44e-11	-10.0	-2.5
208.0	2.9849e-05	9.3503e-11	-10.0	-2.5
208.5	2.9846e-05	9.153e-11	-10.0	-2.5
209.0	2.9845e-05	9.5003e-11	-10.0	-2.5
209.5	2.9846e-05	9.4605e-11	-10.0	-2.5
210.0	2.9844e-05	9.3635e-11	-10.0	-2.5
210.5	2.9841e-05	9.6088e-11	-10.0	-2.5
211.0	2.9836e-05	9.2763e-11	-10.0	-2.5
211.5	2.9837e-05	9.4411e-11	-10.0	-2.5
212.0	2.9836e-05	9.3641e-11	-10.0	-2.5
212.5	2.9838e-05	9.432e-11	-10.0	-2.5
213.0	2.9837e-05	9.4638e-11	-10.0	-2.5
213.5	2.9837e-05	9.3176e-11	-10.0	-2.5
214.0	2.9838e-05	9.7264e-11	-10.0	-2.5
214.5	2.9834e-05	9.3561e-11	-10.0	-2.5
215.0	2.9837e-05	9.4156e-11	-10.0	-2.5
215.5	2.984e-05	9.5761e-11	-10.0	-2.5
216.0	2.9834e-05	9.6222e-11	-10.0	-2.5
216.5	2.9834e-05	9.5136e-11	-10.0	-2.5
217.0	2.9833e-05	9.5335e-11	-10.0	-2.5
217.5	2.9833e-05	9.546e-11	-10.0	-2.5
218.0	2.9832e-05	9.4711e-11	-10.0	-2.5
218.5	2.983e-05	9.3744e-11	-10.0	-2.5
219.0	2.9827e-05	9.5644e-11	-10.0	-2.5
219.5	2.9825e-05	9.4929e-11	-10.0	-2.5
220.0	2.9823e-05	9.4093e-11	-10.0	-2.5
220.5	2.9819e-05	9.5086e-11	-10.0	-2.5
221.0	2.9818e-05	9.4739e-11	-10.0	-2.5
221.5	2.9816e-05	9.3902e-11	-10.0	-2.5
222.0	2.9816e-05	9.4335e-11	-10.0	-2.5
222.5	2.9814e-05	9.5136e-11	-10.0	-2.5
223.0	2.9815e-05	9.4943e-11	-10.0	-2.5
223.5	2.9812e-05	9.4438e-11	-10.0	-2.5
224.0	2.9811e-05	9.5347e-11	-10.0	-2.5
224.5	2.9809e-05	9.6838e-11	-10.0	-2.5
225.0	2.9813e-05	9.5266e-11	-10.0	-2.5
225.5	2.9814e-05	9.2981e-11	-10.0	-2.5
226.0	2.9812e-05	9.3069e-11	-10.0	-2.5
226.5	2.9812e-05	9.5075e-11	-10.0	-2.5
227.0	2.9807e-05	9.3498e-11	-10.0	-2.5
227.5	2.9807e-05	9.4456e-11	-10.0	-2.5
228.0	2.9807e-05	9.5204e-11	-10.0	-2.5
228.5	2.9802e-05	9.5519e-11	-10.0	-2.5
229.0	2.98e-05	9.4823e-11	-10.0	-2.5
229.5	2.9803e-05	9.4999e-11	-10.0	-2.5
230.0	2.9802e-05	9.2547e-11	-10.0	-2.5
230.5	2.9797e-05	9.3352e-11	-10.0	-2.5
231.0	2.9794e-05	9.3687e-11	-10.0	-2.5
231.5	2.9791e-05	9.4197e-11	-10.0	-2.5
232.0	2.9798e-05	9.5809e-11	-10.0	-2.5
232.5	2.9797e-05	9.3504e-11	-10.0	-2.5
233.0	2.9796e-05	9.4134e-11	-10.0	-2.5
233.5	2.9792e-05	9.4486e-11	-10.0	-2.5
234.0	2.9796e-05	9.645e-11	-10.0	-2.5
234.5	2.9796e-05	9.3753e-11	-10.0	-2.5
235.0	2.9801e-05	9.338e-11	-10.0	-2.5
235.5	2.9798e-05	9.4731e-11	-10.0	-2.5
236.0	2.9801e-05	9.5447e-11	-10.0	-2.5
236.5	2.9801e-05	9.3721e-11	-10.0	-2.5
237.0	2.9798e-05	9.5437e-11	-10.0	-2.5
237.5	2.9795e-05	9.5439e-11	-10.0	-2.5
238.0	2.9795e-05	9.4268e-11	-10.0	-2.5
238.5	2.9798e-05	9.6137e-11	-10.0	-2.5
239.0	2.9793e-05	9.6033e-11	-10.0	-2.5
239.5	2.9789e-05	1.5511e-11	-10.0	-2.5
240.0	2.9792e-05	6.7924e-11	-10.0	-2.5
240.5	2.9787e-05	7.0064e-11	-10.0	-2.5
241.0	2.9784e-05	6.9455e-11	-10.0	-2.5
241.5	2.9776e-05	6.8399e-11	-10.0	-2.5
242.0	2.9773e-05	6.766e-11	-10.0	-2.5
242.5	2.9765e-05	6.5928e-11	-10.0	-2.5
243.0	2.9767e-05	6.5944e-11	-10.0	-2.5
243.5	2.9758e-05	6.5631e-11	-10.0	-2.5
244.0	2.976e-05	6.5697e-11	-10.0	-2.5
244.5	2.9756e-05	6.4328e-11	-10.0	-2.5
245.0	2.9748e-05	6.5535e-11	-10.0	-2.5
245.5	2.9744e-05	6.4098e-11	-10.0	-2.5
246.0	2.9738e-05	6.4304e-11	-10.0	-2.5
246.5	2.9732e-05	6.3131e-11	-10.0	-2.5
247.0	2.9728e-05	6.4087e-11	-10.0	-2.5
247.5	2.9722e-05	6.2347e-11	-10.0	-2.5
248.0	2.9719e-05	6.2991e-11	-10.0	-2.5
248.5	2.9715e-05	6.2818e-11	-10.0	-2.5
249.0	2.9709e-05	6.1866e-11	-10.0	-2.5
249.5	2.9705e-05	6.1761e-11	-10.0	-2.5
250.0	2.9698e-05	6.2818e-11	-10.0	-2.5
250.5	2.9697e-05	6.2174e-11	-10.0	-2.5
251.0	2.9691e-05	6.0571e-11	-10.0	-2.5
251.5	2.9683e-05	6.3332e-11	-10.0	-2.5
252.0	2.9679e-05	6.1374e-11	-10.0	-2.5
252.5	2.9676e-05	6.0713e-11	-10.0	-2.5
253.0	2.9666e-05	6.0481e-11	-10.0	-2.5
253.5	2.966e-05	6.2443e-11	-10.0	-2.5
254.0	2.966e-05	6.1176e-11	-10.0	-2.5
254.5	2.9651e-05	6.2866e-11	-10.0	-2.5
255.0	2.9645e-05	6.0852e-11	-10.0	-2.5
255.5	2.9642e-05	6.0528e-11	-10.0	-2.5
256.0	2.9635e-05	6.1789e-11	-10.0	-2.5
256.5	2.963e-05	6.2735e-11	-10.0	-2.5
257.0	2.9623e-05	5.9992e-11	-10.0	-2.5
257.5	2.9615e-05	6.2138e-11	-10.0	-2.5
258.0	2.9612e-05	6.0881e-11	-10.0	-2.5
258.5	2.9602e-05	6.0745e-11	-10.0	-2.5
259.0	2.9595e-05	5.9249e-11	-10.0	-2.5
259.5	2.9592e-05	6.0954e-11	-10.0	-2.5
260.0	2.9587e-05	6.1284e-11	-10.0	-2.5
260.5	2.9584e-05	6.0362e-11	-10.0	-2.5
261.0	2.9577e-05	6.0803e-11	-10.0	-2.5
261.5	2.9572e-05	6.037e-11	-10.0	-2.5
262.0	2.9562e-05	6.0434e-11	-10.0	-2.5
262.5	2.9554e-05	6.1057e-11	-10.0	-2.5
263.0	2.9546e-05	6.0288e-11	-10.0	-2.5
263.5	2.9541e-05	5.8392e-11	-10.0	-2.5
264.0	2.9537e-05	6.053e-11	-10.0	-2.5
264.5	2.9529e-05	5.9185e-11	-10.0	-2.5
265.0	2.952e-05	6.0039e-11	-10.0	-2.5
265.5	2.9518e-05	5.9885e-11	-10.0	-2.5
266.0	2.951e-05	6.0561e-11	-10.0	-2.5
266.5	2.9501e-05	5.9936e-11	-10.0	-2.5
267.0	2.9494e-05	5.9141e-11	-10.0	-2.5
267.5	2.9494e-05	5.9848e-11	-10.0	-2.5
268.0	2.9488e-05	6.0576e-11	-10.0	-2.5
268.5	2.9482e-05	5.8968e-11	-10.0	-2.5
269.0	2.9477e-05	5.8669e-11	-10.0	-2.5
269.5	2.9473e-05	5.9017e-11	-10.0	-2.5
270.0	2.9466e-05	5.8511e-11	-10.0	-2.5
270.5	2.9461e-05	6.0737e-11	-10.0	-2.5
271.0	2.9455e-05	5.995e-11	-10.0	-2.5
271.5	2.9452e-05	6.0389e-11	-10.0	-2.5
272.0	2.9447e-05	6.0495e-11	-10.0	-2.5
272.5	2.9443e-05	6.0335e-11	-10.0	-2.5
273.0	2.9439e-05	6.1276e-11	-10.0	-2.5
273.5	2.9435e-05	6.0275e-11	-10.0	-2.5
274.0	2.9433e-05	5.9558e-11	-10.0	-2.5
274.5	2.9423e-05	5.9463e-11	-10.0	-2.5
275.0	2.9416e-05	6.1425e-11	-10.0	-2.5
275.5	2.9407e-05	5.8609e-11	-10.0	-2.5
276.0	2.9401e-05	5.9915e-11	-10.0	-2.5
276.5	2.9397e-05	5.8044e-11	-10.0	-2.5
277.0	2.9389e-05	6.1268e-11	-10.0	-2.5
277.5	2.9381e-05	5.8801e-11	-10.0	-2.5
278.0	2.9378e-05	5.9345e-11	-10.0	-2.5
278.5	2.9368e-05	5.9347e-11	-10.0	-2.5
279.0	2.9362e-05	5.9943e-11	-10.0	-2.5
279.5	2.9358e-05	6.0215e-11	-10.0	-2.5
280.0	2.9351e-05	5.9801e-11	-10.0	-2.5
280.5	2.9343e-05	5.9267e-11	-10.0	-2.5
281.0	2.9334e-05	6.0569e-11	-10.0	-2.5
281.5	2.9335e-05	5.9543e-11	-10.0	-2.5
282.0	2.9326e-05	5.9917e-11	-10.0	-2.5
282.5	2.9323e-05	5.9302e-11	-10.0	-2.5
283.0	2.9316e-05	5.9371e-11	-10.0	-2.5
283.5	2.9308e-05	6.0483e-11	-10.0	-2.5
284.0	2.9304e-05	5.8433e-11	-10.0	-2.5
284.5	2.9296e-05	5.8436e-11	-10.0	-2.5
285.0	2.9288e-05	6.1459e-11	-10.0	-2.5
285.5	2.9285e-05	6.0564e-11	-10.0	-2.5
286.0	2.9277e-05	5.9367e-11	-10.0	-2.5
286.5	2.9275e-05	6.0356e-11	-10.0	-2.5
287.0	2.9266e-05	6.0624e-11	-10.0	-2.5
287.5	2.926e-05	5.906e-11	-10.0	-2.5
288.0	2.9256e-05	5.8327e-11	-10.0	-2.5
288.5	2.9248e-05	5.9954e-11	-10.0	-2.5
289.0	2.9245e-05	5.9836e-11	-10.0	-2.5
289.5	2.9235e-05	5.8391e-11	-10.0	-2.5
290.0	2.923e-05	6.0263e-11	-10.0	-2.5
290.5	2.9222e-05	6.0371e-11	-10.0	-2.5
291.0	2.9218e-05	6.0507e-11	-10.0	-2.5
291.5	2.9209e-05	6.0221e-11	-10.0	-2.5
292.0	2.9203e-05	6.0353e-11	-10.0	-2.5
292.5	2.9195e-05	6.0375e-11	-10.0	-2.5
293.0	2.9188e-05	6.0409e-11	-10.0	-2.5
293.5	2.918e-05	6.1563e-11	-10.0	-2.5
294.0	2.9176e-05	6.068e-11	-10.0	-2.5
294.5	2.9167e-05	6.021e-11	-10.0	-2.5
295.0	2.9163e-05	6.1051e-11	-10.0	-2.5
295.5	2.9158e-05	6.0331e-11	-10.0	-2.5
296.0	2.9152e-05	6.1942e-11	-10.0	-2.5
296.5	2.9146e-05	5.9772e-11	-10.0	-2.5
297.0	2.9138e-05	5.9258e-11	-10.0	-2.5
297.5	2.9136e-05	6.1095e-11	-10.0	-2.5
298.0	2.9125e-05	6.0688e-11	-10.0	-2.5
298.5	2.912e-05	6.0157e-11	-10.0	-2.5
299.0	2.9106e-05	5.9912e-11	-10.0	-2.5
299.5	2.9098e-05	4.1612e-11	-10.0	-2.5
300.0	2.9098e-05	9.4017e-11	-10.0	-2.5
300.5	2.9097e-05	9.7724e-11	-10.0	-2.5
301.0	2.9093e-05	9.7843e-11	-10.0	-2.5
301.5	2.9093e-05	9.707e-11	-10.0	-2.5
302.0	2.9086e-05	9.5244e-11	-10.0	-2.5
302.5	2.9084e-05	9.6169e-11	-10.0	-2.5
303.0	2.9082e-05	9.799e-11	-10.0	-2.5
303.5	2.9079e-05	9.4031e-11	-10.0	-2.5
304.0	2.908e-05	9.4777e-11	-10.0	-2.5
304.5	2.9077e-05	9.2945e-11	-10.0	-2.5
305.0	2.9078e-05	9.3408e-11	-10.0	-2.5
305.5	2.9074e-05	9.4492e-11	-10.0	-2.5
306.0	2.9075e-05	9.5433e-11	-10.0	-2.5
306.5	2.907e-05	9.3253e-11	-10.0	-2.5
307.0	2.9067e-05	9.3775e-11	-10.0	-2.5
307.5	2.9064e-05	9.1797e-11	-10.0	-2.5
308.0	2.9064e-05	9.3135e-11	-10.0	-2.5
308.5	2.9065e-05	9.3683e-11	-10.0	-2.5
309.0	2.9065e-05	9.5984e-11	-10.0	-2.5
309.5	2.9061e-05	9.2548e-11	-10.0	-2.5
310.0	2.9058e-05	9.3235e-11	-10.0	-2.5
310.5	2.9055e-05	9.2957e-11	-10.0	-2.5
311.0	2.9062e-05	9.3125e-11	-10.0	-2.5
311.5	2.9053e-05	9.1231e-11	-10.0	-2.5
312.0	2.9055e-05	9.143e-11	-10.0	-2.5
312.5	2.9055e-05	9.2294e-11	-10.0	-2.5
313.0	2.9052e-05	9.2258e-11	-10.0	-2.5
313.5	2.9053e-05	9.3291e-11	-10.0	-2.5
314.0	2.9049e-05	9.2034e-11	-10.0	-2.5
314.5	2.9046e-05	9.2738e-11	-10.0	-2.5
315.0	2.9053e-05	9.2206e-11	-10.0	-2.5
315.5	2.9051e-05	9.3439e-11	-10.0	-2.5
316.0	2.9049e-05	9.1042e-11	-10.0	-2.5
316.5	2.9051e-05	9.2957e-11	-10.0	-2.5
317.0	2.9048e-05	9.2391e-11	-10.0	-2.5
317.5	2.9045e-05	9.0059e-11	-10.0	-2.5
318.0	2.9043e-05	9.2035e-11	-10.0	-2.5
318.5	2.9042e-05	9.1661e-11	-10.0	-2.5
319.0	2.9039e-05	9.1841e-11	-10.0	-2.5
319.5	2.9038e-05	9.2041e-11	-10.0	-2.5
320.0	2.9038e-05	9.0816e-11	-10.0	-2.5
320.5	2.9036e-05	9.1791e-11	-10.0	-2.5
321.0	2.9037e-05	9.1815e-11	-10.0	-2.5
321.5	2.9035e-05	9.1891e-11	-10.0	-2.5
322.0	2.9037e-05	9.2366e-11	-10.0	-2.5
322.5	2.9039e-05	9.2256e-11	-10.0	-2.5
323.0	2.9036e-05	9.2139e-11	-10.0	-2.5
323.5	2.9034e-05	9.0649e-11	-10.0	-2.5
324.0	2.9034e-05	8.8851e-11	-10.0	-2.5
324.5	2.9038e-05	9.2483e-11	-10.0	-2.5
325.0	2.9037e-05	9.2014e-11	-10.0	-2.5
325.5	2.9033e-05	9.1381e-11	-10.0	-2.5
326.0	2.9027e-05	9.1829e-11	-10.0	-2.5
326.5	2.9029e-05	9.1205e-11	-10.0	-2.5
327.0	2.9034e-05	8.9468e-11	-10.0	-2.5
327.5	2.9033e-05	9.3214e-11	-10.0	-2.5
328.0	2.9032e-05	9.2168e-11	-10.0	-2.5
328.5	2.9032e-05	8.9285e-11	-10.0	-2.5
329.0	2.9031e-05	9.1217e-11	-10.0	-2.5
329.5	2.9033e-05	9.066e-11	-10.0	-2.5
330.0	2.9028e-05	8.8939e-11	-10.0	-2.5
330.5	2.903e-05	9.135e-11	-10.0	-2.5
331.0	2.9029e-05	8.945e-11	-10.0	-2.5
331.5	2.9027e-05	9.046e-11	-10.0	-2.5
332.0	2.9026e-05	9.1127e-11	-10.0	-2.5
332.5	2.9027e-05	9.0836e-11	-10.0	-2.5
333.0	2.9026e-05	9.1553e-11	-10.0	-2.5
333.5	2.9023e-05	9.1893e-11	-10.0	-2.5
334.0	2.9024e-05	9.2721e-11	-10.0	-2.5
334.5	2.9025e-05	9.1176e-11	-10.0	-2.5
335.0	2.9024e-05	9.0386e-11	-10.0	-2.5
335.5	2.9026e-05	9.2341e-11	-10.0	-2.5
336.0	2.9027e-05	9.0367e-11	-10.0	-2.5
336.5	2.9026e-05	8.8575e-11	-10.0	-2.5
337.0	2.9024e-05	9.1709e-11	-10.0	-2.5
337.5	2.9021e-05	9.2198e-11	-10.0	-2.5
338.0	2.9022e-05	9.0497e-11	-10.0	-2.5
338.5	2.9021e-05	9.0494e-11	-10.0	-2.5
339.0	2.9021e-05	9.2118e-11	-10.0	-2.5
339.5	2.9024e-05	8.9135e-11	-10.0	-2.5
340.0	2.9023e-05	8.8491e-11	-10.0	-2.5
340.5	2.9023e-05	9.0946e-11	-10.0	-2.5
341.0	2.9025e-05	8.9006e-11	-10.0	-2.5
341.5	2.9022e-05	9.1286e-11	-10.0	-2.5
342.0	2.9025e-05	8.922e-11	-10.0	-2.5
342.5	2.9024e-05	9.061e-11	-10.0	-2.5
343.0	2.903e-05	9.1845e-11	-10.0	-2.5
343.5	2.9025e-05	9.1435e-11	-10.0	-2.5
344.0	2.9023e-05	9.1568e-11	-10.0	-2.5
344.5	2.9028e-05	9.0779e-11	-10.0	-2.5
345.0	2.9025e-05	8.9207e-11	-10.0	-2.5
345.5	2.9028e-05	9.1871e-11	-10.0	-2.5
346.0	2.9031e-05	9.4069e-11	-10.0	-2.5
346.5	2.9035e-05	9.1903e-11	-10.0	-2.5
347.0	2.9036e-05	9.1277e-11	-10.0	-2.5
347.5	2.9029e-05	9.1577e-11	-10.0	-2.5
348.0	2.9026e-05	9.0977e-11	-10.0	-2.5
348.5	2.9031e-05	8.9163e-11	-10.0	-2.5
349.0	2.903e-05	9.0835e-11	-10.0	-2.5
349.5	2.9028e-05	8.9468e-11	-10.0	-2.5
350.0	2.903e-05	9.3378e-11	-10.0	-2.5
350.5	2.9036e-05	9.0618e-11	-10.0	-2.5
351.0	2.9032e-05	9.1881e-11	-10.0	-2.5
351.5	2.9033e-05	9.2488e-11	-10.0	-2.5
352.0	2.9033e-05	9.1523e-11	-10.0	-2.5
352.5	2.903e-05	8.9475e-11	-10.0	-2.5
353.0	2.9027e-05	9.1445e-11	-10.0	-2.5
353.5	2.9028e-05	9.0896e-11	-10.0	-2.5
354.0	2.9027e-05	9.2351e-11	-10.0	-2.5
354.5	2.9026e-05	9.2331e-11	-10.0	-2.5
355.0	2.9027e-05	9.1685e-11	-10.0	-2.5
355.5	2.9027e-05	9.0728e-11	-10.0	-2.5
356.0	2.903e-05	9.239e-11	-10.0	-2.5
356.5	2.9027e-05	9.0445e-11	-10.0	-2.5
357.0	2.9027e-05	9.1937e-11	-10.0	-2.5
357.5	2.9027e-05	9.0295e-11	-10.0	-2.5
358.0	2.9027e-05	9.0642e-11	-10.0	-2.5
358.5	2.9029e-05	9.2632e-11	-10.0	-2.5
359.0	2.9031e-05	9.1282e-11	-10.0	-2.5
359.5	2.9025e-05	3.0651e-11	-10.0	-2.5
360.0	2.9025e-05	7.0161e-11	-10.0	-2.5
360.5	2.9023e-05	7.2149e-11	-10.0	-2.5
361.0	2.9015e-05	7.0665e-11	-10.0	-2.5
361.5	2.9012e-05	7.0065e-11	-10.0	-2.5
362.0	2.901e-05	7.2368e-11	-10.0	-2.5
362.5	2.9005e-05	6.9506e-11	-10.0	-2.5
363.0	2.9004e-05	6.8022e-11	-10.0	-2.5
363.5	2.9001e-05	6.7203e-11	-10.0	-2.5
364.0	2.8998e-05	6.8365e-11	-10.0	-2.5
364.5	2.8995e-05	6.8314e-11	-10.0	-2.5
365.0	2.8988e-05	6.6993e-11	-10.0	-2.5
365.5	2.8982e-05	6.6646e-11	-10.0	-2.5
366.0	2.898e-05	6.7681e-11	-10.0	-2.5
366.5	2.8979e-05	6.5433e-11	-10.0	-2.5
367.0	2.8976e-05	6.3533e-11	-10.0	-2.5
367.5	2.8972e-05	6.3986e-11	-10.0	-2.5
368.0	2.8968e-05	6.5337e-11	-10.0	-2.5
368.5	2.8963e-05	6.5155e-11	-10.0	-2.5
369.0	2.896e-05	6.5508e-11	-10.0	-2.5
369.5	2.8958e-05	6.403e-11	-10.0	-2.5
370.0	2.895e-05	6.4201e-11	-10.0	-2.5
370.5	2.895e-05	6.4639e-11	-10.0	-2.5
371.0	2.8946e-05	6.4168e-11	-10.0	-2.5
371.5	2.8939e-05	6.4771e-11	-10.0	-2.5
372.0	2.8935e-05	6.3237e-11	-10.0	-2.5
372.5	2.893e-05	6.4233e-11	-10.0	-2.5
373.0	2.893e-05	6.3934e-11	-10.0	-2.5
373.5	2.8925e-05	6.4237e-11	-10.0	-2.5
374.0	2.8918e-05	6.2722e-11	-10.0	-2.5
374.5	2.8915e-05	6.3889e-11	-10.0	-2.5
375.0	2.8908e-05	6.2877e-11	-10.0	-2.5
375.5	2.8905e-05	6.2939e-11	-10.0	-2.5
376.0	2.89e-05	6.3423e-11	-10.0	-2.5
376.5	2.8894e-05	6.247e-11	-10.0	-2.5
377.0	2.889e-05	6.3407e-11	-10.0	-2.5
377.5	2.8885e-05	6.4776e-11	-10.0	-2.5
378.0	2.8875e-05	6.2197e-11	-10.0	-2.5
378.5	2.8874e-05	6.2904e-11	-10.0	-2.5
379.0	2.8864e-05	6.3146e-11	-10.0	-2.5
379.5	2.886e-05	6.2401e-11	-10.0	-2.5
380.0	2.8858e-05	6.1995e-11	-10.0	-2.5
380.5	2.8851e-05	6.223e-11	-10.0	-2.5
381.0	2.8846e-05	6.2177e-11	-10.0	-2.5
381.5	2.8842e-05	6.1382e-11	-10.0	-2.5
382.0	2.8835e-05	6.279e-11	-10.0	-2.5
382.5	2.8833e-05	6.1637e-11	-10.0	-2.5
383.0	2.8825e-05	6.291e-11	-10.0	-2.5
383.5	2.8819e-05	6.2301e-11	-10.0	-2.5
384.0	2.8811e-05	6.3295e-11	-10.0	-2.5
384.5	2.8807e-05	6.3041e-11	-10.0	-2.5
385.0	2.8799e-05	6.2944e-11	-10.0	-2.5
385.5	2.8797e-05	6.2338e-11	-10.0	-2.5
386.0	2.8788e-05	6.2336e-11	-10.0	-2.5
386.5	2.8786e-05	6.243e-11	-10.0	-2.5
387.0	2.8779e-05	6.0694e-11	-10.0	-2.5
387.5	2.8774e-05	6.2646e-11	-10.0	-2.5
388.0	2.8767e-05	6.0747e-11	-10.0	-2.5
388.5	2.8759e-05	6.3417e-11	-10.0	-2.5
389.0	2.8752e-05	6.1814e-11	-10.0	-2.5
389.5	2.8748e-05	6.0556e-11	-10.0	-2.5
390.0	2.8744e-05	6.3406e-11	-10.0	-2.5
390.5	2.8735e-05	6.217e-11	-10.0	-2.5
391.0	2.8731e-05	6.06e-11	-10.0	-2.5
391.5	2.8722e-05	6.2042e-11	-10.0	-2.5
392.0	2.8714e-05	6.0896e-11	-10.0	-2.5
392.5	2.8707e-05	6.1902e-11	-10.0	-2.5
393.0	2.8704e-05	6.2869e-11	-10.0	-2.5
393.5	2.87e-05	6.0661e-11	-10.0	-2.5
394.0	2.8695e-05	6.1109e-11	-10.0	-2.5
394.5	2.869e-05	6.0812e-11	-10.0	-2.5
395.0	2.8684e-05	6.109e-11	-10.0	-2.5
395.5	2.8678e-05	6.1071e-11	-10.0	-2.5
396.0	2.8673e-05	6.2095e-11	-10.0	-2.5
396.5	2.8667e-05	6.1855e-11	-10.0	-2.5
397.0	2.8662e-05	6.232e-11	-10.0	-2.5
397.5	2.8654e-05	6.0601e-11	-10.0	-2.5
398.0	2.8647e-05	6.2345e-11	-10.0	-2.5
398.5	2.8642e-05	6.3087e-11	-10.0	-2.5
399.0	2.8641e-05	6.1271e-11	-10.0	-2.5
399.5	2.8634e-05	6.4112e-11	-10.0	-2.5
400.0	2.8626e-05	6.1881e-11	-10.0	-2.5
400.5	2.8627e-05	6.317e-11	-10.0	-2.5
401.0	2.862e-05	6.125e-11	-10.0	-2.5
401.5	2.8615e-05	6.001e-11	-10.0	-2.5
402.0	2.8606e-05	6.1101e-11	-10.0	-2.5
402.5	2.8605e-05	6.0768e-11	-10.0	-2.5
403.0	2.8594e-05	6.0329e-11	-10.0	-2.5
403.5	2.859e-05	6.2367e-11	-10.0	-2.5
404.0	2.8587e-05	6.2474e-11	-10.0	-2.5
404.5	2.8579e-05	6.1533e-11	-10.0	-2.5
405.0	2.857e-05	6.1511e-11	-10.0	-2.5
405.5	2.8562e-05	6.1808e-11	-10.0	-2.5
406.0	2.8559e-05	6.1802e-11	-10.0	-2.5
406.5	2.8551e-05	6.2097e-11	-10.0	-2.5
407.0	2.8545e-05	6.101e-11	-10.0	-2.5
407.5	2.8539e-05	6.1376e-11	-10.0	-2.5
408.0	2.8531e-05	6.2715e-11	-10.0	-2.5
408.5	2.8524e-05	6.2493e-11	-10.0	-2.5
409.0	2.8516e-05	6.4257e-11	-10.0	-2.5
409.5	2.8517e-05	6.2561e-11	-10.0	-2.5
410.0	2.8515e-05	6.2274e-11	-10.0	-2.5
410.5	2.8508e-05	6.2766e-11	-10.0	-2.5
411.0	2.85e-05	6.1884e-11	-10.0	-2.5
411.5	2.849e-05	6.0142e-11	-10.0	-2.5
412.0	2.8487e-05	6.1243e-11	-10.0	-2.5
412.5	2.8481e-05	6.3598e-11	-10.0	-2.5
413.0	2.848e-05	6.3319e-11	-10.0	-2.5
413.5	2.8472e-05	6.5043e-11	-10.0	-2.5
414.0	2.8466e-05	6.3107e-11	-10.0	-2.5
414.5	2.8465e-05	6.2563e-11	-10.0	-2.5
415.0	2.8455e-05	6.233e-11	-10.0	-2.5
415.5	2.8452e-05	6.2989e-11	-10.0	-2.5
416.0	2.8449e-05	6.1649e-11	-10.0	-2.5
416.5	2.8439e-05	6.3691e-11	-10.0	-2.5
417.0	2.843e-05	6.3982e-11	-10.0	-2.5
417.5	2.8424e-05	6.297e-11	-10.0	-2.5
418.0	2.8416e-05	6.3406e-11	-10.0	-2.5
418.5	2.8412e-05	6.3887e-11	-10.0	-2.5
419.0	2.8409e-05	6.241e-11	-10.0	-2.5
419.5	2.8403e-05	5.8386e-11	-10.0	-2.5
420.0	2.8404e-05	9.3236e-11	-10.0	-2.5
420.5	2.8399e-05	9.5266e-11	-10.0	-2.5
421.0	2.8398e-05	9.3156e-11	-10.0	-2.5
421.5	2.8399e-05	9.5274e-11	-10.0	-2.5
422.0	2.8394e-05	9.2648e-11	-10.0	-2.5
422.5	2.839e-05	9.1419e-11	-10.0	-2.5
423.0	2.8387e-05	8.9856e-11	-10.0	-2.5
423.5	2.8379e-05	9.2354e-11	-10.0	-2.5
424.0	2.8378e-05	9.1259e-11	-10.0	-2.5
424.5	2.8381e-05	9.0811e-11	-10.0	-2.5
425.0	2.8381e-05	9.0505e-11	-10.0	-2.5
425.5	2.8379e-05	9.0352e-11	-10.0	-2.5
426.0	2.8378e-05	9.305e-11	-10.0	-2.5
426.5	2.838e-05	9.0544e-11	-10.0	-2.5
427.0	2.838e-05	9.0264e-11	-10.0	-2.5
427.5	2.837e-05	8.8779e-11	-10.0	-2.5
428.0	2.8368e-05	8.9693e-11	-10.0	-2.5
428.5	2.8367e-05	8.9531e-11	-10.0	-2.5
429.0	2.8366e-05	8.9165e-11	-10.0	-2.5
429.5	2.8371e-05	8.8113e-11	-10.0	-2.5
430.0	2.8366e-05	8.7975e-11	-10.0	-2.5
430.5	2.8369e-05	8.9532e-11	-10.0	-2.5
431.0	2.8365e-05	8.8095e-11	-10.0	-2.5
431.5	2.8364e-05	8.9141e-11	-10.0	-2.5
432.0	2.8361e-05	8.9896e-11	-10.0	-2.5
432.5	2.8362e-05	8.9676e-11	-10.0	-2.5
433.0	2.836e-05	8.9935e-11	-10.0	-2.5
433.5	2.836e-05	8.9421e-11	-10.0	-2.5
434.0	2.8362e-05	8.8408e-11	-10.0	-2.5
434.5	2.8362e-05	8.8158e-11	-10.0	-2.5
435.0	2.8358e-05	8.9724e-11	-10.0	-2.5
435.5	2.8358e-05	8.7893e-11	-10.0	-2.5
436.0	2.8357e-05	8.8806e-11	-10.0	-2.5
436.5	2.8357e-05	8.9335e-11	-10.0	-2.5
437.0	2.8355e-05	8.8519e-11	-10.0	-2.5
437.5	2.8354e-05	8.8003e-11	-10.0	-2.5
438.0	2.8356e-05	8.8267e-11	-10.0	-2.5
438.5	2.8355e-05	8.8669e-11	-10.0	-2.5
439.0	2.8358e-05	8.8844e-11	-10.0	-2.5
439.5	2.8359e-05	8.7804e-11	-10.0	-2.5
440.0	2.8356e-05	8.8567e-11	-10.0	-2.5
440.5	2.8361e-05	9.0344e-11	-10.0	-2.5
441.0	2.8359e-05	8.7304e-11	-10.0	-2.5
441.5	2.8353e-05	8.8544e-11	-10.0	-2.5
442.0	2.8354e-05	8.4693e-11	-10.0	-2.5
442.5	2.8356e-05	8.8921e-11	-10.0	-2.5
443.0	2.8352e-05	8.7683e-11	-10.0	-2.5
443.5	2.8355e-05	8.63e-11	-10.0	-2.5
444.0	2.8356e-05	8.7684e-11	-10.0	-2.5
444.5	2.8356e-05	8.8011e-11	-10.0	-2.5
445.0	2.8359e-05	8.8413e-11	-10.0	-2.5
445.5	2.8359e-05	8.8093e-11	-10.0	-2.5
446.0	2.8357e-05	8.6453e-11	-10.0	-2.5
446.5	2.8358e-05	8.78e-11	-10.0	-2.5
447.0	2.8357e-05	8.7382e-11	-10.0	-2.5
447.5	2.836e-05	8.6902e-11	-10.0	-2.5
448.0	2.8359e-05	8.8798e-11	-10.0	-2.5
448.5	2.8358e-05	8.8427e-11	-10.0	-2.5
449.0	2.8362e-05	8.9251e-11	-10.0	-2.5
449.5	2.8361e-05	8.854e-11	-10.0	-2.5
450.0	2.8361e-05	8.9334e-11	-10.0	-2.5
450.5	2.8359e-05	8.7044e-11	-10.0	-2.5
451.0	2.836e-05	9.0667e-11	-10.0	-2.5
451.5	2.836e-05	8.8252e-11	-10.0	-2.5
452.0	2.8354e-05	8.7233e-11	-10.0	-2.5
452.5	2.8351e-05	8.847e-11	-10.0	-2.5
453.0	2.8352e-05	8.8471e-11	-10.0	-2.5
453.5	2.8355e-05	8.7604e-11	-10.0	-2.5
454.0	2.8351e-05	8.8465e-11	-10.0	-2.5
454.5	2.8354e-05	8.8685e-11	-10.0	-2.5
455.0	2.8353e-05	8.8878e-11	-10.0	-2.5
455.5	2.8354e-05	8.9352e-11	-10.0	-2.5
456.0	2.8357e-05	8.7606e-11	-10.0	-2.5
456.5	2.8355e-05	8.9675e-11	-10.0	-2.5
457.0	2.8358e-05	8.7855e-11	-10.0	-2.5
457.5	2.8357e-05	8.9357e-11	-10.0	-2.5
458.0	2.8358e-05	8.9371e-11	-10.0	-2.5
458.5	2.8356e-05	8.7628e-11	-10.0	-2.5
459.0	2.8355e-05	8.8702e-11	-10.0	-2.5
459.5	2.8356e-05	8.7119e-11	-10.0	-2.5
460.0	2.8354e-05	8.8396e-11	-10.0	-2.5
460.5	2.8351e-05	8.8773e-11	-10.0	-2.5
461.0	2.8353e-05	8.9533e-11	-10.0	-2.5
461.5	2.8354e-05	8.8303e-11	-10.0	-2.5
462.0	2.8354e-05	8.8417e-11	-10.0	-2.5
462.5	2.8353e-05	8.9916e-11	-10.0	-2.5
463.0	2.8354e-05	8.8546e-11	-10.0	-2.5
463.5	2.835e-05	8.752e-11	-10.0	-2.5
464.0	2.8355e-05	8.8742e-11	-10.0	-2.5
464.5	2.8351e-05	8.8043e-11	-10.0	-2.5
465.0	2.8354e-05	8.7546e-11	-10.0	-2.5
465.5	2.8352e-05	8.8244e-11	-10.0	-2.5
466.0	2.8356e-05	8.8615e-11	-10.0	-2.5
466.5	2.8355e-05	8.7475e-11	-10.0	-2.5
467.0	2.8351e-05	8.9508e-11	-10.0	-2.5
467.5	2.8353e-05	8.6379e-11	-10.0	-2.5
468.0	2.8352e-05	8.7622e-11	-10.0	-2.5
468.5	2.8353e-05	8.7664e-11	-10.0	-2.5
469.0	2.8358e-05	8.8971e-11	-10.0	-2.5
469.5	2.8359e-05	8.8613e-11	-10.0	-2.5
470.0	2.8356e-05	8.6237e-11	-10.0	-2.5
470.5	2.8357e-05	8.9726e-11	-10.0	-2.5
471.0	2.8357e-05	8.905e-11	-10.0	-2.5
471.5	2.8353e-05	8.7459e-11	-10.0	-2.5
472.0	2.8354e-05	8.745e-11	-10.0	-2.5
472.5	2.8351e-05	8.9098e-11	-10.0	-2.5
473.0	2.835e-05	8.7913e-11	-10.0	-2.5
473.5	2.8349e-05	8.916e-11	-10.0	-2.5
474.0	2.8359e-05	8.7601e-11	-10.0	-2.5
474.5	2.8357e-05	9.0668e-11	-10.0	-2.5
475.0	2.8356e-05	8.9227e-11	-10.0	-2.5
475.5	2.8358e-05	8.8688e-11	-10.0	-2.5
476.0	2.8355e-05	8.6813e-11	-10.0	-2.5
476.5	2.8353e-05	8.8706e-11	-10.0	-2.5
477.0	2.8358e-05	8.9753e-11	-10.0	-2.5
477.5	2.8356e-05	8.7568e-11	-10.0	-2.5
478.0	2.8359e-05	8.6737e-11	-10.0	-2.5
478.5	2.8362e-05	8.805e-11	-10.0	-2.5
479.0	2.8365e-05	8.9226e-11	-10.0	-2.5
479.5	2.8361e-05	4.7448e-11	-10.0	-2.5
480.0	2.8359e-05	7.1038e-11	-10.0	-2.5
480.5	2.8357e-05	7.2745e-11	-10.0	-2.5
481.0	2.8356e-05	7.2917e-11	-10.0	-2.5
481.5	2.8352e-05	7.3744e-11	-10.0	-2.5
482.0	2.835e-05	7.2383e-11	-10.0	-2.5
482.5	2.8344e-05	7.0564e-11	-10.0	-2.5
483.0	2.8344e-05	7.1247e-11	-10.0	-2.5
483.5	2.8341e-05	7.0254e-11	-10.0	-2.5
484.0	2.8334e-05	7.1157e-11	-10.0	-2.5
484.5	2.8327e-05	6.9426e-11	-10.0	-2.5
485.0	2.8324e-05	6.7871e-11	-10.0	-2.5
485.5	2.8322e-05	6.9386e-11	-10.0	-2.5
486.0	2.832e-05	6.868e-11	-10.0	-2.5
486.5	2.8317e-05	6.8874e-11	-10.0	-2.5
487.0	2.8313e-05	6.8294e-11	-10.0	-2.5
487.5	2.8308e-05	6.768e-11	-10.0	-2.5
488.0	2.8304e-05	6.8945e-11	-10.0	-2.5
488.5	2.8297e-05	6.6934e-11	-10.0	-2.5
489.0	2.8299e-05	6.7259e-11	-10.0	-2.5
489.5	2.8297e-05	6.6029e-11	-10.0	-2.5
490.0	2.829e-05	6.6614e-11	-10.0	-2.5
490.5	2.829e-05	6.5955e-11	-10.0	-2.5
491.0	2.828e-05	6.7866e-11	-10.0	-2.5
491.5	2.8278e-05	6.5777e-11	-10.0	-2.5
492.0	2.8273e-05	6.7151e-11	-10.0	-2.5
492.5	2.827e-05	6.6872e-11	-10.0	-2.5
493.0	2.8265e-05	6.6083e-11	-10.0	-2.5
493.5	2.8265e-05	6.4816e-11	-10.0	-2.5
494.0	2.8261e-05	6.6346e-11	-10.0	-2.5
494.5	2.8261e-05	6.5647e-11	-10.0	-2.5
495.0	2.8253e-05	6.426e-11	-10.0	-2.5
495.5	2.825e-05	6.593e-11	-10.0	-2.5
496.0	2.824e-05	6.6582e-11	-10.0	-2.5
496.5	2.8239e-05	6.5782e-11	-10.0	-2.5
497.0	2.8234e-05	6.6657e-11	-10.0	-2.5
497.5	2.8229e-05	6.5862e-11	-10.0	-2.5
498.0	2.8224e-05	6.5646e-11	-10.0	-2.5
498.5	2.822e-05	6.6147e-11	-10.0	-2.5
499.0	2.8211e-05	6.4949e-11	-10.0	-2.5
499.5	2.8208e-05	6.3994e-11	-10.0	-2.5
500.0	2.8204e-05	6.5038e-11	-10.0	-2.5
500.5	2.8195e-05	6.4366e-11	-10.0	-2.5
501.0	2.8191e-05	6.3467e-11	-10.0	-2.5
501.5	2.8187e-05	6.4391e-11	-10.0	-2.5
502.0	2.818e-05	6.3725e-11	-10.0	-2.5
502.5	2.8175e-05	6.3651e-11	-10.0	-2.5
503.0	2.8172e-05	6.4163e-11	-10.0	-2.5
503.5	2.8163e-05	6.1898e-11	-10.0	-2.5
504.0	2.8159e-05	6.2983e-11	-10.0	-2.5
504.5	2.8157e-05	6.4937e-11	-10.0	-2.5
505.0	2.8156e-05	6.3659e-11	-10.0	-2.5
505.5	2.8145e-05	6.5045e-11	-10.0	-2.5
506.0	2.8144e-05	6.4108e-11	-10.0	-2.5
506.5	2.814e-05	6.3832e-11	-10.0	-2.5
507.0	2.8135e-05	6.4571e-11	-10.0	-2.5
507.5	2.8127e-05	6.3515e-11	-10.0	-2.5
508.0	2.8125e-05	6.4706e-11	-10.0	-2.5
508.5	2.8117e-05	6.3711e-11	-10.0	-2.5
509.0	2.8116e-05	6.4661e-11	-10.0	-2.5
509.5	2.8108e-05	6.5255e-11	-10.0	-2.5
510.0	2.8103e-05	6.4241e-11	-10.0	-2.5
510.5	2.8097e-05	6.2292e-11	-10.0	-2.5
511.0	2.8092e-05	6.4923e-11	-10.0	-2.5
511.5	2.8087e-05	6.4322e-11	-10.0	-2.5
512.0	2.8082e-05	6.3789e-11	-10.0	-2.5
512.5	2.8077e-05	6.4381e-11	-10.0	-2.5
513.0	2.8071e-05	6.4282e-11	-10.0	-2.5
513.5	2.8065e-05	6.4768e-11	-10.0	-2.5
514.0	2.8059e-05	6.2584e-11	-10.0	-2.5
514.5	2.8059e-05	6.3405e-11	-10.0	-2.5
515.0	2.8054e-05	6.3534e-11	-10.0	-2.5
515.5	2.8045e-05	6.3436e-11	-10.0	-2.5
516.0	2.8044e-05	6.2872e-11	-10.0	-2.5
516.5	2.8036e-05	6.4095e-11	-10.0	-2.5
517.0	2.8029e-05	6.3531e-11	-10.0	-2.5
517.5	2.8022e-05	6.4318e-11	-10.0	-2.5
518.0	2.802e-05	6.3049e-11	-10.0	-2.5
518.5	2.8014e-05	6.2962e-11	-10.0	-2.5
519.0	2.8006e-05	6.4777e-11	-10.0	-2.5
519.5	2.8002e-05	6.4483e-11	-10.0	-2.5
520.0	2.7994e-05	6.4042e-11	-10.0	-2.5
520.5	2.7991e-05	6.3188e-11	-10.0	-2.5
521.0	2.7984e-05	6.3267e-11	-10.0	-2.5
521.5	2.7976e-05	6.346e-11	-10.0	-2.5
522.0	2.7976e-05	6.3757e-11	-10.0	-2.5
522.5	2.7972e-05	6.4684e-11	-10.0	-2.5
523.0	2.7966e-05	6.3959e-11	-10.0	-2.5
523.5	2.7962e-05	6.4321e-11	-10.0	-2.5
524.0	2.7957e-05	6.4871e-11	-10.0	-2.5
524.5	2.7954e-05	6.4194e-11	-10.0	-2.5
525.0	2.7947e-05	6.5243e-11	-10.0	-2.5
525.5	2.7937e-05	6.2223e-11	-10.0	-2.5
526.0	2.7934e-05	6.3395e-11	-10.0	-2.5
526.5	2.7929e-05	6.4735e-11	-10.0	-2.5
527.0	2.7925e-05	6.4079e-11	-10.0	-2.5
527.5	2.7918e-05	6.3987e-11	-10.0	-2.5
528.0	2.7911e-05	6.4788e-11	-10.0	-2.5
528.5	2.7904e-05	6.3876e-11	-10.0	-2.5
529.0	2.7898e-05	6.4119e-11	-10.0	-2.5
529.5	2.7895e-05	6.5776e-11	-10.0	-2.5
530.0	2.7887e-05	6.2484e-11	-10.0	-2.5
530.5	2.7885e-05	6.5101e-11	-10.0	-2.5
531.0	2.7874e-05	6.5867e-11	-10.0	-2.5
531.5	2.7871e-05	6.2842e-11	-10.0	-2.5
532.0	2.7869e-05	6.3781e-11	-10.0	-2.5
532.5	2.7863e-05	6.2805e-11	-10.0	-2.5
533.0	2.7857e-05	6.4454e-11	-10.0	-2.5
533.5	2.7858e-05	6.5248e-11	-10.0	-2.5
534.0	2.7849e-05	6.446e-11	-10.0	-2.5
534.5	2.7843e-05	6.3231e-11	-10.0	-2.5
535.0	2.7838e-05	6.3403e-11	-10.0	-2.5
535.5	2.7835e-05	6.3966e-11	-10.0	-2.5
536.0	2.7828e-05	6.4591e-11	-10.0	-2.5
536.5	2.7825e-05	6.5293e-11	-10.0	-2.5
537.0	2.7818e-05	6.4708e-11	-10.0	-2.5
537.5	2.7815e-05	6.5675e-11	-10.0	-2.5
538.0	2.7811e-05	6.4788e-11	-10.0	-2.5
538.5	2.7806e-05	6.4355e-11	-10.0	-2.5
539.0	2.7801e-05	6.4702e-11	-10.0	-2.5
539.5	2.7797e-05	6.2721e-11	-10.0	-2.5
540.0	2.7791e-05	9.3573e-11	-10.0	-2.5
540.5	2.7792e-05	9.3173e-11	-10.0	-2.5
541.0	2.7784e-05	9.1391e-11	-10.0	-2.5
541.5	2.7783e-05	9.1149e-11	-10.0	-2.5
542.0	2.778e-05	9.1416e-11	-10.0	-2.5
542.5	2.7775e-05	9.0799e-11	-10.0	-2.5
543.0	2.7778e-05	9.015e-11	-10.0	-2.5
543.5	2.7777e-05	8.9165e-11	-10.0	-2.5
544.0	2.7776e-05	9.0163e-11	-10.0	-2.5
544.5	2.7776e-05	8.8429e-11	-10.0	-2.5
545.0	2.7774e-05	8.9612e-11	-10.0	-2.5
545.5	2.7771e-05	8.9603e-11	-10.0	-2.5
546.0	2.777e-05	8.9548e-11	-10.0	-2.5
546.5	2.7772e-05	8.7527e-11	-10.0	-2.5
547.0	2.7773e-05	8.8197e-11	-10.0	-2.5
547.5	2.7771e-05	8.6739e-11	-10.0	-2.5
548.0	2.7769e-05	8.8342e-11	-10.0	-2.5
548.5	2.777e-05	8.7604e-11	-10.0	-2.5
549.0	2.7771e-05	8.7029e-11	-10.0	-2.5
549.5	2.7768e-05	8.7683e-11	-10.0	-2.5
550.0	2.7767e-05	8.671e-11	-10.0	-2.5
550.5	2.7768e-05	8.6443e-11	-10.0	-2.5
551.0	2.7769e-05	8.6863e-11	-10.0	-2.5
551.5	2.7764e-05	8.7328e-11	-10.0	-2.5
552.0	2.7761e-05	8.6472e-11	-10.0	-2.5
552.5	2.7764e-05	8.8375e-11	-10.0	-2.5
553.0	2.776e-05	8.5232e-11	-10.0	-2.5
553.5	2.7767e-05	8.6756e-11	-10.0	-2.5
554.0	2.7764e-05	8.6595e-11	-10.0	-2.5
554.5	2.7764e-05	8.7675e-11	-10.0	-2.5
555.0	2.7764e-05	8.6666e-11	-10.0	-2.5
555.5	2.7764e-05	8.5051e-11	-10.0	-2.5
556.0	2.7765e-05	8.5315e-11	-10.0	-2.5
556.5	2.7763e-05	8.5925e-11	-10.0	-2.5
557.0	2.7766e-05	8.6581e-11	-10.0	-2.5
557.5	2.7766e-05	8.7012e-11	-10.0	-2.5
558.0	2.7764e-05	8.8391e-11	-10.0	-2.5
558.5	2.7766e-05	8.5837e-11	-10.0	-2.5
559.0	2.7763e-05	8.5082e-11	-10.0	-2.5
559.5	2.7759e-05	8.7279e-11	-10.0	-2.5
560.0	2.7761e-05	8.4424e-11	-10.0	-2.5
560.5	2.7762e-05	8.6422e-11	-10.0	-2.5
561.0	2.7755e-05	8.6435e-11	-10.0	-2.5
561.5	2.7755e-05	8.6198e-11	-10.0	-2.5
562.0	2.776e-05	8.4713e-11	-10.0	-2.5
562.5	2.7761e-05	8.448e-11	-10.0	-2.5
563.0	2.7761e-05	8.6082e-11	-10.0	-2.5
563.5	2.7758e-05	8.3735e-11	-10.0	-2.5
564.0	2.7759e-05	8.5218e-11	-10.0	-2.5
564.5	2.7759e-05	8.5533e-11	-10.0	-2.5
565.0	2.7757e-05	8.4988e-11	-10.0	-2.5
565.5	2.7759e-05	8.5024e-11	-10.0	-2.5
566.0	2.776e-05	8.455e-11	-10.0	-2.5
566.5	2.7755e-05	8.6572e-11	-10.0	-2.5
567.0	2.7759e-05	8.4364e-11	-10.0	-2.5
567.5	2.7757e-05	8.4454e-11	-10.0	-2.5
568.0	2.7758e-05	8.5416e-11	-10.0	-2.5
568.5	2.7756e-05	8.5994e-11	-10.0	-2.5
569.0	2.7759e-05	8.5169e-11	-10.0	-2.5
569.5	2.7758e-05	8.5082e-11	-10.0	-2.5
570.0	2.7762e-05	8.5763e-11	-10.0	-2.5
570.5	2.7765e-05	8.5449e-11	-10.0	-2.5
571.0	2.7769e-05	8.564e-11	-10.0	-2.5
571.5	2.7768e-05	8.6218e-11	-10.0	-2.5
572.0	2.7766e-05	8.4403e-11	-10.0	-2.5
572.5	2.7763e-05	8.6625e-11	-10.0	-2.5
573.0	2.776e-05	8.536e-11	-10.0	-2.5
573.5	2.776e-05	8.7417e-11	-10.0	-2.5
574.0	2.7761e-05	8.34e-11	-10.0	-2.5
574.5	2.7762e-05	8.5427e-11	-10.0	-2.5
575.0	2.7759e-05	8.5268e-11	-10.0	-2.5
575.5	2.7761e-05	8.5499e-11	-10.0	-2.5
576.0	2.7763e-05	8.652e-11	-10.0	-2.5
576.5	2.7765e-05	8.4778e-11	-10.0	-2.5
577.0	2.7767e-05	8.6643e-11	-10.0	-2.5
577.5	2.7768e-05	8.5286e-11	-10.0	-2.5
578.0	2.7766e-05	8.5481e-11	-10.0	-2.5
578.5	2.7766e-05	8.5547e-11	-10.0	-2.5
579.0	2.7765e-05	8.4405e-11	-10.0	-2.5
579.5	2.7763e-05	8.6294e-11	-10.0	-2.5
580.0	2.7768e-05	8.738e-11	-10.0	-2.5
580.5	2.7771e-05	8.5216e-11	-10.0	-2.5
581.0	2.777e-05	8.8002e-11	-10.0	-2.5
581.5	2.7773e-05	8.5278e-11	-10.0	-2.5
582.0	2.777e-05	8.6254e-11	-10.0	-2.5
582.5	2.777e-05	8.52e-11	-10.0	-2.5
583.0	2.7768e-05	8.6238e-11	-10.0	-2.5
583.5	2.7771e-05	8.6712e-11	-10.0	-2.5
584.0	2.7772e-05	8.5809e-11	-10.0	-2.5
584.5	2.7775e-05	8.6354e-11	-10.0	-2.5
585.0	2.7773e-05	8.543e-11	-10.0	-2.5
585.5	2.7772e-05	8.6441e-11	-10.0	-2.5
586.0	2.7773e-05	8.5208e-11	-10.0	-2.5
586.5	2.7773e-05	8.7814e-11	-10.0	-2.5
587.0	2.7776e-05	8.4946e-11	-10.0	-2.5
587.5	2.7778e-05	8.5601e-11	-10.0	-2.5
588.0	2.7775e-05	8.6685e-11	-10.0	-2.5
588.5	2.7777e-05	8.7352e-11	-10.0	-2.5
589.0	2.7783e-05	8.4453e-11	-10.0	-2.5
589.5	2.7779e-05	8.4518e-11	-10.0	-2.5
590.0	2.7781e-05	8.5266e-11	-10.0	-2.5
590.5	2.7783e-05	8.459e-11	-10.0	-2.5
591.0	2.778e-05	8.6279e-11	-10.0	-2.5
591.5	2.778e-05	8.6974e-11	-10.0	-2.5
592.0	2.7781e-05	8.5952e-11	-10.0	-2.5
592.5	2.778e-05	8.5e-11	-10.0	-2.5
593.0	2.7783e-05	8.5257e-11	-10.0	-2.5
593.5	2.7783e-05	8.604e-11	-10.0	-2.5
594.0	2.7781e-05	8.5694e-11	-10.0	-2.5
594.5	2.778e-05	8.5946e-11	-10.0	-2.5
595.0	2.7782e-05	8.6652e-11	-10.0	-2.5
595.5	2.7781e-05	8.5479e-11	-10.0	-2.5
596.0	2.778e-05	8.5502e-11	-10.0	-2.5
596.5	2.7783e-05	8.5793e-11	-10.0	-2.5
597.0	2.7784e-05	8.4525e-11	-10.0	-2.5
597.5	2.7784e-05	8.7178e-11	-10.0	-2.5
598.0	2.7784e-05	8.4668e-11	-10.0	-2.5
598.5	2.7788e-05	8.6282e-11	-10.0	-2.5
599.0	2.7789e-05	8.5175e-11	-10.0	-2.5
