File Name: prova_7_noRad.dat
File Data: 10/11/2023	12:03:30
Start V: 0
Step V: 0
Stop V: 0
Range V: 20
Delay(ms): 0
Auorange: yes
Sweep type: log
Instrument Meter: SM2614
Time(ms)	Vdrain(V)	Idrain(A)	Vgate(V)	Igate(A)
0.0000E+0	1.0000E+0	7.6766E-10	-5.0000E+1	-2.2382E-8
7.0000E+2	1.0000E+0	5.9355E-10	-4.9500E+1	-1.9262E-8
1.2000E+3	1.0000E+0	4.7960E-10	-4.9000E+1	-1.8511E-8
1.7000E+3	1.0000E+0	3.7741E-10	-4.8500E+1	-1.8053E-8
2.2000E+3	1.0000E+0	3.0677E-10	-4.8000E+1	-1.7648E-8
2.7000E+3	1.0000E+0	2.5908E-10	-4.7500E+1	-1.7399E-8
3.2000E+3	1.0000E+0	2.2494E-10	-4.7000E+1	-1.7133E-8
3.7000E+3	1.0000E+0	1.6399E-10	-4.6500E+1	-1.6636E-8
4.2000E+3	1.0000E+0	1.1553E-10	-4.6000E+1	-1.6253E-8
4.7000E+3	1.0000E+0	9.5000E-11	-4.5500E+1	-1.5747E-8
5.2000E+3	1.0000E+0	7.2026E-11	-4.5000E+1	-1.5675E-8
5.7000E+3	1.0000E+0	5.4442E-11	-4.4500E+1	-1.5230E-8
6.2000E+3	1.0000E+0	4.2551E-11	-4.4000E+1	-1.5228E-8
6.7000E+3	1.0000E+0	3.1071E-11	-4.3500E+1	-1.5053E-8
7.2000E+3	1.0000E+0	2.1310E-11	-4.3000E+1	-1.4764E-8
7.7000E+3	1.0000E+0	1.4141E-11	-4.2500E+1	-1.4424E-8
8.2000E+3	1.0000E+0	6.6280E-12	-4.2000E+1	-1.4097E-8
8.7000E+3	1.0000E+0	1.2910E-12	-4.1500E+1	-1.3874E-8
9.2000E+3	1.0000E+0	-5.8377E-12	-4.1000E+1	-1.3633E-8
9.7000E+3	1.0000E+0	-1.1601E-11	-4.0500E+1	-1.3402E-8
1.0200E+4	1.0000E+0	-1.6190E-11	-4.0000E+1	-1.3244E-8
1.0700E+4	1.0000E+0	-1.7960E-11	-3.9500E+1	-1.2986E-8
1.1200E+4	1.0000E+0	-1.9647E-11	-3.9000E+1	-1.2735E-8
1.1700E+4	1.0000E+0	-2.1073E-11	-3.8500E+1	-1.2622E-8
1.2200E+4	1.0000E+0	-2.2402E-11	-3.8000E+1	-1.2339E-8
1.2700E+4	1.0000E+0	-2.3467E-11	-3.7500E+1	-1.2109E-8
1.3200E+4	1.0000E+0	-2.4550E-11	-3.7000E+1	-1.1977E-8
1.3700E+4	1.0000E+0	-2.5359E-11	-3.6500E+1	-1.1771E-8
1.4200E+4	1.0000E+0	-2.6232E-11	-3.6000E+1	-1.1513E-8
1.4700E+4	1.0000E+0	-2.7935E-11	-3.5500E+1	-1.1432E-8
1.5200E+4	1.0000E+0	-2.1061E-11	-3.5000E+1	-1.1094E-8
1.5700E+4	1.0000E+0	-4.4236E-11	-3.4500E+1	-1.0836E-8
1.6200E+4	1.0000E+0	-2.7733E-11	-3.4000E+1	-1.0800E-8
1.6700E+4	1.0000E+0	-3.1242E-11	-3.3500E+1	-1.0676E-8
1.7200E+4	1.0000E+0	-3.2530E-11	-3.3000E+1	-1.0484E-8
1.7700E+4	1.0000E+0	-4.0902E-11	-3.2500E+1	-1.0311E-8
1.8200E+4	1.0000E+0	-3.9990E-11	-3.2000E+1	-1.0117E-8
1.8700E+4	1.0000E+0	-4.1127E-11	-3.1500E+1	-9.9299E-9
1.9200E+4	1.0000E+0	-3.9532E-11	-3.1000E+1	-9.7776E-9
1.9700E+4	1.0000E+0	-3.9370E-11	-3.0500E+1	-9.5212E-9
2.0200E+4	1.0000E+0	-4.0762E-11	-3.0000E+1	-9.2970E-9
2.0700E+4	1.0000E+0	-4.1431E-11	-2.9500E+1	-9.0995E-9
2.1200E+4	1.0000E+0	-4.2136E-11	-2.9000E+1	-9.0181E-9
2.1700E+4	1.0000E+0	-4.2684E-11	-2.8500E+1	-8.8508E-9
2.2200E+4	1.0000E+0	-4.3195E-11	-2.8000E+1	-8.6102E-9
2.2700E+4	1.0000E+0	-4.3783E-11	-2.7500E+1	-8.4621E-9
2.3200E+4	1.0000E+0	-4.4432E-11	-2.7000E+1	-8.3891E-9
2.3700E+4	1.0000E+0	-4.4985E-11	-2.6500E+1	-8.2130E-9
2.4200E+4	1.0000E+0	-4.5742E-11	-2.6000E+1	-8.0231E-9
2.4700E+4	1.0000E+0	-4.5347E-11	-2.5500E+1	-7.9546E-9
2.5200E+4	1.0000E+0	-4.6537E-11	-2.5000E+1	-7.7580E-9
2.5700E+4	1.0000E+0	-4.0808E-11	-2.4500E+1	-7.6424E-9
2.6200E+4	1.0000E+0	-5.2308E-11	-2.4000E+1	-7.5704E-9
2.6700E+4	1.0000E+0	-5.0577E-11	-2.3500E+1	-7.4934E-9
2.7200E+4	1.0000E+0	-4.9950E-11	-2.3000E+1	-7.3957E-9
2.7700E+4	1.0000E+0	-5.1748E-11	-2.2500E+1	-7.2156E-9
2.8200E+4	1.0000E+0	-5.2530E-11	-2.2000E+1	-7.0480E-9
2.8700E+4	1.0000E+0	-5.3877E-11	-2.1500E+1	-6.8344E-9
2.9200E+4	1.0000E+0	-5.5275E-11	-2.1000E+1	-6.6510E-9
2.9700E+4	1.0000E+0	-5.7236E-11	-2.0500E+1	-6.5165E-9
3.0200E+4	1.0000E+0	-5.2769E-11	-2.0000E+1	-6.3690E-9
3.0700E+4	1.0000E+0	-7.3807E-11	-1.9500E+1	-5.9238E-9
3.1200E+4	1.0000E+0	-6.2567E-11	-1.9000E+1	-6.0904E-9
3.1700E+4	1.0000E+0	-6.4181E-11	-1.8500E+1	-5.9811E-9
3.2200E+4	1.0000E+0	-6.6154E-11	-1.8000E+1	-5.8228E-9
3.2700E+4	1.0000E+0	-6.9507E-11	-1.7500E+1	-5.8117E-9
3.3200E+4	1.0000E+0	-7.1664E-11	-1.7000E+1	-5.6348E-9
3.3700E+4	1.0000E+0	-7.2998E-11	-1.6500E+1	-5.5436E-9
3.4200E+4	1.0000E+0	-7.4407E-11	-1.6000E+1	-5.3737E-9
3.4700E+4	1.0000E+0	-7.5532E-11	-1.5500E+1	-5.2655E-9
3.5200E+4	1.0000E+0	-7.6474E-11	-1.5000E+1	-5.0703E-9
3.5700E+4	1.0000E+0	-7.8028E-11	-1.4500E+1	-4.9303E-9
3.6200E+4	1.0000E+0	-7.9563E-11	-1.4000E+1	-4.7953E-9
3.6700E+4	1.0000E+0	-8.0719E-11	-1.3500E+1	-4.6152E-9
3.7200E+4	1.0000E+0	-8.4765E-11	-1.3000E+1	-4.4567E-9
3.7700E+4	1.0000E+0	-8.5213E-11	-1.2500E+1	-4.3179E-9
3.8200E+4	1.0000E+0	-8.4156E-11	-1.2000E+1	-4.1831E-9
3.8700E+4	1.0000E+0	-8.4013E-11	-1.1500E+1	-4.0119E-9
3.9200E+4	1.0000E+0	-8.4557E-11	-1.1000E+1	-3.8561E-9
3.9700E+4	1.0000E+0	-8.4329E-11	-1.0500E+1	-3.7059E-9
4.0200E+4	1.0000E+0	-8.4883E-11	-1.0000E+1	-3.5696E-9
4.0700E+4	1.0000E+0	-8.5524E-11	-9.5000E+0	-3.4034E-9
4.1200E+4	1.0000E+0	-8.7173E-11	-9.0000E+0	-3.1891E-9
4.1700E+4	1.0000E+0	-8.6286E-11	-8.5000E+0	-3.0324E-9
4.2200E+4	1.0000E+0	-8.5685E-11	-8.0000E+0	-2.8410E-9
4.2700E+4	1.0000E+0	-8.2954E-11	-7.5000E+0	-2.6714E-9
4.3200E+4	1.0000E+0	-8.1035E-11	-7.0000E+0	-2.4948E-9
4.3700E+4	1.0000E+0	-7.9132E-11	-6.5000E+0	-2.3109E-9
4.4200E+4	1.0000E+0	-7.8578E-11	-6.0000E+0	-2.1531E-9
4.4700E+4	1.0000E+0	-7.7835E-11	-5.5000E+0	-1.9760E-9
4.5200E+4	1.0000E+0	-7.1874E-11	-5.0000E+0	-1.7895E-9
4.5700E+4	1.0000E+0	-8.8844E-11	-4.5000E+0	-1.2449E-9
4.6200E+4	1.0000E+0	-7.7938E-11	-4.0000E+0	-1.4082E-9
4.6700E+4	1.0000E+0	-7.6224E-11	-3.5000E+0	-1.2002E-9
4.7200E+4	1.0000E+0	-7.6418E-11	-3.0000E+0	-9.8616E-10
4.7700E+4	1.0000E+0	-7.7393E-11	-2.5000E+0	-7.6838E-10
4.8200E+4	1.0000E+0	-7.6993E-11	-2.0000E+0	-5.4835E-10
4.8700E+4	1.0000E+0	-7.5235E-11	-1.5000E+0	-3.4041E-10
4.9200E+4	1.0000E+0	-7.4737E-11	-1.0000E+0	-1.8215E-10
4.9700E+4	1.0000E+0	-7.5170E-11	-5.0000E-1	-3.4496E-11
5.0200E+4	1.0000E+0	-7.5381E-11	0.0000E+0	1.1149E-10
5.0700E+4	1.0000E+0	-7.5591E-11	5.0000E-1	2.7390E-10
5.1200E+4	1.0000E+0	-7.6892E-11	1.0000E+0	4.5764E-10
5.1700E+4	1.0000E+0	-7.7313E-11	1.5000E+0	6.4796E-10
5.2200E+4	1.0000E+0	-7.7589E-11	2.0000E+0	8.4362E-10
5.2700E+4	1.0000E+0	-7.8698E-11	2.5000E+0	1.0443E-9
5.3200E+4	1.0000E+0	-8.2879E-11	3.0000E+0	1.2542E-9
5.3700E+4	1.0000E+0	-9.8798E-11	3.5000E+0	1.4858E-9
5.4200E+4	1.0000E+0	-7.9616E-11	4.0000E+0	1.6812E-9
5.4700E+4	1.0000E+0	-7.8006E-11	4.5000E+0	1.8915E-9
5.5200E+4	1.0000E+0	-7.7339E-11	5.0000E+0	2.1182E-9
5.5700E+4	1.0000E+0	-7.7243E-11	5.5000E+0	2.4014E-9
5.6200E+4	1.0000E+0	-7.7405E-11	6.0000E+0	2.6281E-9
5.6700E+4	1.0000E+0	-7.7725E-11	6.5000E+0	2.8483E-9
5.7200E+4	1.0000E+0	-7.7637E-11	7.0000E+0	3.0723E-9
5.7700E+4	1.0000E+0	-7.7821E-11	7.5000E+0	3.2913E-9
5.8200E+4	1.0000E+0	-7.7574E-11	8.0000E+0	3.4955E-9
5.8700E+4	1.0000E+0	-7.7783E-11	8.5000E+0	3.6989E-9
5.9200E+4	1.0000E+0	-7.8309E-11	9.0000E+0	3.9031E-9
5.9700E+4	1.0000E+0	-7.8567E-11	9.5000E+0	4.1201E-9
6.0200E+4	1.0000E+0	-7.8342E-11	1.0000E+1	4.3264E-9
6.0700E+4	1.0000E+0	-7.0618E-11	1.0500E+1	4.5379E-9
6.1200E+4	1.0000E+0	-9.1217E-11	1.1000E+1	4.7879E-9
6.1700E+4	1.0000E+0	-7.8856E-11	1.1500E+1	4.9493E-9
6.2200E+4	1.0000E+0	-7.9471E-11	1.2000E+1	5.1852E-9
6.2700E+4	1.0000E+0	-7.9616E-11	1.2500E+1	5.4004E-9
6.3200E+4	1.0000E+0	-7.9910E-11	1.3000E+1	5.5913E-9
6.3700E+4	1.0000E+0	-7.9569E-11	1.3500E+1	5.8063E-9
6.4200E+4	1.0000E+0	-7.9614E-11	1.4000E+1	5.9982E-9
6.4700E+4	1.0000E+0	-7.9772E-11	1.4500E+1	6.1988E-9
6.5200E+4	1.0000E+0	-7.9855E-11	1.5000E+1	6.3748E-9
6.5700E+4	1.0000E+0	-7.9992E-11	1.5500E+1	6.5759E-9
6.6200E+4	1.0000E+0	-8.0479E-11	1.6000E+1	6.7674E-9
6.6700E+4	1.0000E+0	-8.0996E-11	1.6500E+1	6.9178E-9
6.7200E+4	1.0000E+0	-8.0970E-11	1.7000E+1	7.0989E-9
6.7700E+4	1.0000E+0	-8.1042E-11	1.7500E+1	7.2639E-9
6.8200E+4	1.0000E+0	-8.1644E-11	1.8000E+1	7.4254E-9
6.8700E+4	1.0000E+0	-8.7727E-11	1.8500E+1	7.7061E-9
6.9200E+4	1.0000E+0	-9.9809E-11	1.9000E+1	7.9125E-9
6.9700E+4	1.0000E+0	-1.1151E-10	1.9500E+1	8.1136E-9
7.0200E+4	1.0000E+0	-1.1619E-10	2.0000E+1	8.3513E-9
7.0700E+4	1.0000E+0	-1.1576E-10	2.0500E+1	8.4676E-9
7.1200E+4	1.0000E+0	-1.1210E-10	2.1000E+1	8.6802E-9
7.1700E+4	1.0000E+0	-1.0618E-10	2.1500E+1	8.8287E-9
7.2200E+4	1.0000E+0	-1.0771E-10	2.2000E+1	9.0203E-9
7.2700E+4	1.0000E+0	-1.0288E-10	2.2500E+1	9.2246E-9
7.3200E+4	1.0000E+0	-1.0185E-10	2.3000E+1	9.4113E-9
7.3700E+4	1.0000E+0	-1.0164E-10	2.3500E+1	9.7313E-9
7.4200E+4	1.0000E+0	-9.9094E-11	2.4000E+1	9.8010E-9
7.4700E+4	1.0000E+0	-9.1686E-11	2.4500E+1	9.9626E-9
7.5200E+4	1.0000E+0	-9.0227E-11	2.5000E+1	1.0135E-8
7.5700E+4	1.0000E+0	-8.1711E-11	2.5500E+1	1.0343E-8
7.6200E+4	1.0000E+0	-9.9596E-11	2.6000E+1	1.0503E-8
7.6700E+4	1.0000E+0	-8.4487E-11	2.6500E+1	1.0616E-8
7.7200E+4	1.0000E+0	-8.3092E-11	2.7000E+1	1.0892E-8
7.7700E+4	1.0000E+0	-8.2560E-11	2.7500E+1	1.1042E-8
7.8200E+4	1.0000E+0	-8.9876E-11	2.8000E+1	1.1239E-8
7.8700E+4	1.0000E+0	-9.4980E-11	2.8500E+1	1.1573E-8
7.9200E+4	1.0000E+0	-9.1647E-11	2.9000E+1	1.1789E-8
7.9700E+4	1.0000E+0	-8.6824E-11	2.9500E+1	1.2041E-8
8.0200E+4	1.0000E+0	-9.4997E-11	3.0000E+1	1.2362E-8
8.0700E+4	1.0000E+0	-8.5151E-11	3.0500E+1	1.2389E-8
8.1200E+4	1.0000E+0	-8.9945E-11	3.1000E+1	1.2711E-8
8.1700E+4	1.0000E+0	-9.5712E-11	3.1500E+1	1.2908E-8
8.2200E+4	1.0000E+0	-1.0993E-10	3.2000E+1	1.2979E-8
8.2700E+4	1.0000E+0	-9.1800E-11	3.2500E+1	1.3380E-8
8.3200E+4	1.0000E+0	-8.9167E-11	3.3000E+1	1.3454E-8
