Time (s)	|IDrain (A)|	|IGate (A)	Vdrain(V)	Vgate(V)
0.0	1.413e-05	3.393e-10	-10.0	-2.5
1.0	1.4128e-05	1.8037e-10	-10.0	-2.5
1.5	1.413e-05	1.4604e-10	-10.0	-2.5
2.0	1.4129e-05	1.2349e-10	-10.0	-2.5
2.5	1.4129e-05	1.1237e-10	-10.0	-2.5
3.0	1.4127e-05	1.0583e-10	-10.0	-2.5
3.5	1.4128e-05	1.0371e-10	-10.0	-2.5
4.0	1.413e-05	1.0493e-10	-10.0	-2.5
4.5	1.4129e-05	1.0767e-10	-10.0	-2.5
5.0	1.413e-05	1.1071e-10	-10.0	-2.5
5.501	1.4131e-05	1.147e-10	-10.0	-2.5
6.0	1.4132e-05	1.1909e-10	-10.0	-2.5
6.5	1.4134e-05	1.2236e-10	-10.0	-2.5
7.0	1.4134e-05	1.2715e-10	-10.0	-2.5
7.5	1.4131e-05	1.3131e-10	-10.0	-2.5
8.0	1.4133e-05	1.3565e-10	-10.0	-2.5
8.5	1.4133e-05	1.3948e-10	-10.0	-2.5
9.0	1.4134e-05	1.4325e-10	-10.0	-2.5
9.5	1.4133e-05	1.4579e-10	-10.0	-2.5
10.0	1.4134e-05	1.4827e-10	-10.0	-2.5
10.5	1.4135e-05	1.5037e-10	-10.0	-2.5
11.0	1.4133e-05	1.5289e-10	-10.0	-2.5
11.5	1.4134e-05	1.5499e-10	-10.0	-2.5
12.0	1.4135e-05	1.5722e-10	-10.0	-2.5
12.5	1.4135e-05	1.584e-10	-10.0	-2.5
13.0	1.4134e-05	1.5988e-10	-10.0	-2.5
13.5	1.4134e-05	1.6118e-10	-10.0	-2.5
14.0	1.4136e-05	1.6369e-10	-10.0	-2.5
14.5	1.4136e-05	1.6557e-10	-10.0	-2.5
15.0	1.4139e-05	1.6581e-10	-10.0	-2.5
15.5	1.4138e-05	1.674e-10	-10.0	-2.5
16.0	1.4139e-05	1.679e-10	-10.0	-2.5
16.5	1.4138e-05	1.6756e-10	-10.0	-2.5
17.0	1.4139e-05	1.6895e-10	-10.0	-2.5
17.5	1.4139e-05	1.686e-10	-10.0	-2.5
18.0	1.414e-05	1.7004e-10	-10.0	-2.5
18.5	1.4141e-05	1.7062e-10	-10.0	-2.5
19.0	1.4142e-05	1.7085e-10	-10.0	-2.5
19.5	1.4143e-05	1.7113e-10	-10.0	-2.5
20.0	1.4142e-05	1.7181e-10	-10.0	-2.5
20.5	1.4142e-05	1.7236e-10	-10.0	-2.5
21.0	1.4143e-05	1.725e-10	-10.0	-2.5
21.5	1.4144e-05	1.7356e-10	-10.0	-2.5
22.0	1.4144e-05	1.7328e-10	-10.0	-2.5
22.5	1.4144e-05	1.7428e-10	-10.0	-2.5
23.0	1.4144e-05	1.7342e-10	-10.0	-2.5
23.5	1.4144e-05	1.7469e-10	-10.0	-2.5
24.0	1.4145e-05	1.7478e-10	-10.0	-2.5
24.5	1.4146e-05	1.7453e-10	-10.0	-2.5
25.0	1.4147e-05	1.7495e-10	-10.0	-2.5
25.5	1.4144e-05	1.7535e-10	-10.0	-2.5
26.0	1.4147e-05	1.758e-10	-10.0	-2.5
26.5	1.4145e-05	1.753e-10	-10.0	-2.5
27.0	1.4148e-05	1.7582e-10	-10.0	-2.5
27.5	1.4147e-05	1.7826e-10	-10.0	-2.5
28.0	1.4149e-05	1.77e-10	-10.0	-2.5
28.5	1.415e-05	1.7819e-10	-10.0	-2.5
29.0	1.4149e-05	1.7882e-10	-10.0	-2.5
29.5	1.4148e-05	1.7944e-10	-10.0	-2.5
30.0	1.415e-05	1.7953e-10	-10.0	-2.5
30.5	1.4151e-05	1.7969e-10	-10.0	-2.5
31.0	1.4152e-05	1.7866e-10	-10.0	-2.5
31.5	1.4152e-05	1.7825e-10	-10.0	-2.5
32.0	1.4153e-05	1.7863e-10	-10.0	-2.5
32.5	1.4156e-05	1.7929e-10	-10.0	-2.5
33.0	1.4152e-05	1.7917e-10	-10.0	-2.5
33.5	1.4153e-05	1.7994e-10	-10.0	-2.5
34.0	1.4152e-05	1.7978e-10	-10.0	-2.5
34.5	1.415e-05	1.8004e-10	-10.0	-2.5
35.0	1.415e-05	1.8129e-10	-10.0	-2.5
35.5	1.4153e-05	1.8132e-10	-10.0	-2.5
36.0	1.4154e-05	1.8081e-10	-10.0	-2.5
36.5	1.4156e-05	1.8144e-10	-10.0	-2.5
37.0	1.4156e-05	1.8107e-10	-10.0	-2.5
37.5	1.4155e-05	1.8079e-10	-10.0	-2.5
38.0	1.4158e-05	1.8192e-10	-10.0	-2.5
38.5	1.4157e-05	1.8276e-10	-10.0	-2.5
39.0	1.4158e-05	1.8296e-10	-10.0	-2.5
39.5	1.4156e-05	1.8319e-10	-10.0	-2.5
40.0	1.4157e-05	1.8283e-10	-10.0	-2.5
40.5	1.4157e-05	1.8402e-10	-10.0	-2.5
41.0	1.4156e-05	1.8408e-10	-10.0	-2.5
41.5	1.4158e-05	1.8379e-10	-10.0	-2.5
42.0	1.4157e-05	1.8411e-10	-10.0	-2.5
42.5	1.4158e-05	1.8437e-10	-10.0	-2.5
43.0	1.416e-05	1.8481e-10	-10.0	-2.5
43.5	1.4163e-05	1.8393e-10	-10.0	-2.5
44.0	1.4163e-05	1.8469e-10	-10.0	-2.5
44.5	1.4161e-05	1.8376e-10	-10.0	-2.5
45.0	1.416e-05	1.837e-10	-10.0	-2.5
45.5	1.4163e-05	1.8386e-10	-10.0	-2.5
46.0	1.4161e-05	1.832e-10	-10.0	-2.5
46.5	1.4161e-05	1.8415e-10	-10.0	-2.5
47.0	1.4162e-05	1.8465e-10	-10.0	-2.5
47.5	1.4161e-05	1.8519e-10	-10.0	-2.5
48.0	1.4164e-05	1.8516e-10	-10.0	-2.5
48.5	1.4163e-05	1.855e-10	-10.0	-2.5
49.0	1.4163e-05	1.8608e-10	-10.0	-2.5
49.5	1.4164e-05	1.8501e-10	-10.0	-2.5
50.0	1.4164e-05	1.8543e-10	-10.0	-2.5
50.5	1.4167e-05	1.8468e-10	-10.0	-2.5
51.0	1.4166e-05	1.8462e-10	-10.0	-2.5
51.5	1.417e-05	1.8502e-10	-10.0	-2.5
52.0	1.4168e-05	1.8593e-10	-10.0	-2.5
52.5	1.4171e-05	1.8582e-10	-10.0	-2.5
53.0	1.4171e-05	1.856e-10	-10.0	-2.5
53.5	1.4171e-05	1.8583e-10	-10.0	-2.5
54.0	1.4171e-05	1.8685e-10	-10.0	-2.5
54.5	1.4169e-05	1.8731e-10	-10.0	-2.5
55.0	1.417e-05	1.8566e-10	-10.0	-2.5
55.5	1.4169e-05	1.8627e-10	-10.0	-2.5
56.0	1.417e-05	1.8618e-10	-10.0	-2.5
56.5	1.4172e-05	1.8656e-10	-10.0	-2.5
57.0	1.4171e-05	1.8693e-10	-10.0	-2.5
57.5	1.4173e-05	1.8693e-10	-10.0	-2.5
58.0	1.4173e-05	1.8746e-10	-10.0	-2.5
58.5	1.4174e-05	1.8694e-10	-10.0	-2.5
59.0	1.4172e-05	1.8756e-10	-10.0	-2.5
59.5	1.4173e-05	1.8689e-10	-10.0	-2.5
60.0	1.4175e-05	1.8748e-10	-10.0	-2.5
60.5	1.4177e-05	1.8761e-10	-10.0	-2.5
61.0	1.4178e-05	1.8754e-10	-10.0	-2.5
61.5	1.4177e-05	1.8811e-10	-10.0	-2.5
62.0	1.4177e-05	1.8814e-10	-10.0	-2.5
62.5	1.4177e-05	1.8829e-10	-10.0	-2.5
63.0	1.4177e-05	1.882e-10	-10.0	-2.5
63.5	1.4176e-05	1.8987e-10	-10.0	-2.5
64.0	1.4178e-05	1.8938e-10	-10.0	-2.5
64.5	1.4178e-05	1.8965e-10	-10.0	-2.5
65.0	1.4176e-05	1.9041e-10	-10.0	-2.5
65.5	1.4177e-05	1.8996e-10	-10.0	-2.5
66.0	1.4176e-05	1.8964e-10	-10.0	-2.5
66.5	1.4179e-05	1.8996e-10	-10.0	-2.5
67.0	1.418e-05	1.8965e-10	-10.0	-2.5
67.5	1.4182e-05	1.909e-10	-10.0	-2.5
68.0	1.4183e-05	1.908e-10	-10.0	-2.5
68.5	1.4181e-05	1.9107e-10	-10.0	-2.5
69.0	1.4181e-05	1.9143e-10	-10.0	-2.5
69.5	1.4182e-05	1.9182e-10	-10.0	-2.5
70.0	1.4182e-05	1.9246e-10	-10.0	-2.5
70.5	1.418e-05	1.9309e-10	-10.0	-2.5
71.0	1.418e-05	1.9243e-10	-10.0	-2.5
71.5	1.4182e-05	1.9337e-10	-10.0	-2.5
72.0	1.4183e-05	1.9419e-10	-10.0	-2.5
72.5	1.4181e-05	1.9475e-10	-10.0	-2.5
73.0	1.4183e-05	1.9412e-10	-10.0	-2.5
73.5	1.4183e-05	1.9387e-10	-10.0	-2.5
74.0	1.4182e-05	1.9426e-10	-10.0	-2.5
74.5	1.4183e-05	1.9316e-10	-10.0	-2.5
75.0	1.4185e-05	1.9419e-10	-10.0	-2.5
75.5	1.4186e-05	1.9468e-10	-10.0	-2.5
76.0	1.4185e-05	1.9556e-10	-10.0	-2.5
76.5	1.4186e-05	1.9488e-10	-10.0	-2.5
77.0	1.4187e-05	1.9451e-10	-10.0	-2.5
77.5	1.4187e-05	1.9475e-10	-10.0	-2.5
78.0	1.4186e-05	1.9454e-10	-10.0	-2.5
78.5	1.4187e-05	1.9486e-10	-10.0	-2.5
79.0	1.4188e-05	1.9471e-10	-10.0	-2.5
79.5	1.4188e-05	1.9466e-10	-10.0	-2.5
80.0	1.4191e-05	1.9469e-10	-10.0	-2.5
80.5	1.4192e-05	1.9482e-10	-10.0	-2.5
81.0	1.4189e-05	1.9438e-10	-10.0	-2.5
81.5	1.419e-05	1.9493e-10	-10.0	-2.5
82.0	1.4191e-05	1.9438e-10	-10.0	-2.5
82.5	1.4191e-05	1.9532e-10	-10.0	-2.5
83.0	1.4193e-05	1.9519e-10	-10.0	-2.5
83.5	1.4191e-05	1.9577e-10	-10.0	-2.5
84.0	1.419e-05	1.9593e-10	-10.0	-2.5
84.5	1.4192e-05	1.9594e-10	-10.0	-2.5
85.0	1.4193e-05	1.9579e-10	-10.0	-2.5
85.5	1.4193e-05	1.9522e-10	-10.0	-2.5
86.0	1.4194e-05	1.9666e-10	-10.0	-2.5
86.5	1.4192e-05	1.96e-10	-10.0	-2.5
87.0	1.4194e-05	1.9583e-10	-10.0	-2.5
87.5	1.4194e-05	1.96e-10	-10.0	-2.5
88.0	1.4195e-05	1.9598e-10	-10.0	-2.5
88.5	1.4196e-05	1.9597e-10	-10.0	-2.5
89.0	1.4196e-05	1.9676e-10	-10.0	-2.5
89.5	1.4198e-05	1.964e-10	-10.0	-2.5
90.0	1.4198e-05	1.9708e-10	-10.0	-2.5
90.5	1.4196e-05	1.9701e-10	-10.0	-2.5
91.0	1.4197e-05	1.9676e-10	-10.0	-2.5
91.5	1.4199e-05	1.9711e-10	-10.0	-2.5
92.0	1.4199e-05	1.9822e-10	-10.0	-2.5
92.5	1.4198e-05	1.9806e-10	-10.0	-2.5
93.0	1.4198e-05	1.9787e-10	-10.0	-2.5
93.5	1.42e-05	1.9846e-10	-10.0	-2.5
94.0	1.42e-05	1.9822e-10	-10.0	-2.5
94.5	1.42e-05	1.9842e-10	-10.0	-2.5
95.0	1.4203e-05	1.9886e-10	-10.0	-2.5
95.5	1.4203e-05	1.9755e-10	-10.0	-2.5
96.0	1.4203e-05	1.98e-10	-10.0	-2.5
96.5	1.4203e-05	1.9902e-10	-10.0	-2.5
97.0	1.4202e-05	1.9852e-10	-10.0	-2.5
97.5	1.4204e-05	1.9948e-10	-10.0	-2.5
98.0	1.4203e-05	2.0037e-10	-10.0	-2.5
98.5	1.4204e-05	1.9986e-10	-10.0	-2.5
99.0	1.4202e-05	1.9973e-10	-10.0	-2.5
99.5	1.4203e-05	1.987e-10	-10.0	-2.5
100.0	1.4203e-05	1.9907e-10	-10.0	-2.5
100.5	1.4203e-05	1.995e-10	-10.0	-2.5
101.0	1.4207e-05	1.9999e-10	-10.0	-2.5
101.5	1.4206e-05	1.9994e-10	-10.0	-2.5
102.0	1.4206e-05	2.0046e-10	-10.0	-2.5
102.5	1.4206e-05	2.0035e-10	-10.0	-2.5
103.0	1.4205e-05	2.0042e-10	-10.0	-2.5
103.5	1.4208e-05	2.0029e-10	-10.0	-2.5
104.0	1.4206e-05	2.0072e-10	-10.0	-2.5
104.5	1.4209e-05	2.0129e-10	-10.0	-2.5
105.0	1.4206e-05	2.0039e-10	-10.0	-2.5
105.5	1.4209e-05	2.0159e-10	-10.0	-2.5
106.0	1.4208e-05	2.0167e-10	-10.0	-2.5
106.5	1.421e-05	2.0132e-10	-10.0	-2.5
107.0	1.421e-05	2.0181e-10	-10.0	-2.5
107.5	1.4211e-05	2.0194e-10	-10.0	-2.5
108.0	1.4209e-05	2.0168e-10	-10.0	-2.5
108.5	1.4211e-05	2.0144e-10	-10.0	-2.5
109.0	1.4212e-05	2.0251e-10	-10.0	-2.5
109.5	1.4211e-05	2.0196e-10	-10.0	-2.5
110.0	1.4211e-05	2.0241e-10	-10.0	-2.5
110.5	1.421e-05	2.0316e-10	-10.0	-2.5
111.0	1.4211e-05	2.0302e-10	-10.0	-2.5
111.5	1.4212e-05	2.0278e-10	-10.0	-2.5
112.0	1.4214e-05	2.0257e-10	-10.0	-2.5
112.5	1.4213e-05	2.0357e-10	-10.0	-2.5
113.0	1.4213e-05	2.037e-10	-10.0	-2.5
113.5	1.4215e-05	2.0381e-10	-10.0	-2.5
114.0	1.4216e-05	2.026e-10	-10.0	-2.5
114.5	1.4215e-05	2.005e-10	-10.0	-2.5
115.0	1.4214e-05	2.0362e-10	-10.0	-2.5
115.5	1.4215e-05	2.0393e-10	-10.0	-2.5
116.0	1.4217e-05	2.0429e-10	-10.0	-2.5
116.5	1.4216e-05	2.0446e-10	-10.0	-2.5
117.0	1.4218e-05	2.0418e-10	-10.0	-2.5
117.5	1.4219e-05	2.0475e-10	-10.0	-2.5
118.0	1.4218e-05	2.0532e-10	-10.0	-2.5
118.5	1.4217e-05	2.0477e-10	-10.0	-2.5
119.0	1.422e-05	6.1219e-11	-10.0	-2.5
119.5	1.4223e-05	5.7188e-11	-10.0	-2.5
120.0	1.4226e-05	4.5277e-11	-10.0	-2.5
120.5	1.4232e-05	3.5323e-11	-10.0	-2.5
121.0	1.4237e-05	2.3367e-11	-10.0	-2.5
121.5	1.4242e-05	1.6835e-11	-10.0	-2.5
122.0	1.4243e-05	8.1611e-12	-10.0	-2.5
122.5	1.4248e-05	1.837e-12	-10.0	-2.5
123.0	1.4249e-05	1.7703e-12	-10.0	-2.5
123.5	1.4252e-05	5.7817e-12	-10.0	-2.5
124.0	1.4254e-05	9.898e-12	-10.0	-2.5
124.5	1.4259e-05	1.2333e-11	-10.0	-2.5
125.0	1.4262e-05	1.5614e-11	-10.0	-2.5
125.5	1.4265e-05	1.8362e-11	-10.0	-2.5
126.0	1.4267e-05	1.9959e-11	-10.0	-2.5
126.5	1.4271e-05	2.1919e-11	-10.0	-2.5
127.0	1.4275e-05	2.4333e-11	-10.0	-2.5
127.5	1.4279e-05	2.5997e-11	-10.0	-2.5
128.0	1.4281e-05	2.7809e-11	-10.0	-2.5
128.5	1.4282e-05	2.7671e-11	-10.0	-2.5
129.0	1.4287e-05	3.122e-11	-10.0	-2.5
129.5	1.429e-05	3.2955e-11	-10.0	-2.5
130.0	1.4292e-05	3.4759e-11	-10.0	-2.5
130.5	1.4295e-05	3.6039e-11	-10.0	-2.5
131.0	1.4294e-05	3.6515e-11	-10.0	-2.5
131.5	1.4297e-05	3.7228e-11	-10.0	-2.5
132.0	1.4299e-05	3.8092e-11	-10.0	-2.5
132.5	1.43e-05	3.8154e-11	-10.0	-2.5
133.0	1.4302e-05	3.9049e-11	-10.0	-2.5
133.5	1.4303e-05	4.0479e-11	-10.0	-2.5
134.0	1.4307e-05	4.075e-11	-10.0	-2.5
134.5	1.4311e-05	4.1882e-11	-10.0	-2.5
135.0	1.4313e-05	4.3318e-11	-10.0	-2.5
135.5	1.4312e-05	4.4154e-11	-10.0	-2.5
136.0	1.4314e-05	4.5193e-11	-10.0	-2.5
136.5	1.4316e-05	4.5171e-11	-10.0	-2.5
137.0	1.4318e-05	4.6186e-11	-10.0	-2.5
137.5	1.4318e-05	4.7084e-11	-10.0	-2.5
138.0	1.432e-05	4.744e-11	-10.0	-2.5
138.5	1.4321e-05	4.8633e-11	-10.0	-2.5
139.0	1.4322e-05	4.9196e-11	-10.0	-2.5
139.5	1.4323e-05	4.8562e-11	-10.0	-2.5
140.0	1.4325e-05	4.9776e-11	-10.0	-2.5
140.5	1.4323e-05	5.1283e-11	-10.0	-2.5
141.0	1.4324e-05	5.1574e-11	-10.0	-2.5
141.5	1.4326e-05	5.2602e-11	-10.0	-2.5
142.0	1.4326e-05	5.3843e-11	-10.0	-2.5
142.5	1.4327e-05	5.5416e-11	-10.0	-2.5
143.0	1.4327e-05	5.6688e-11	-10.0	-2.5
143.5	1.433e-05	5.7133e-11	-10.0	-2.5
144.0	1.433e-05	5.7644e-11	-10.0	-2.5
144.5	1.4329e-05	5.8385e-11	-10.0	-2.5
145.0	1.4331e-05	5.8078e-11	-10.0	-2.5
145.5	1.4332e-05	5.8832e-11	-10.0	-2.5
146.0	1.4331e-05	5.8522e-11	-10.0	-2.5
146.5	1.4334e-05	6.0662e-11	-10.0	-2.5
147.0	1.4334e-05	5.9032e-11	-10.0	-2.5
147.5	1.4332e-05	6.0566e-11	-10.0	-2.5
148.0	1.4336e-05	6.213e-11	-10.0	-2.5
148.5	1.4335e-05	6.2019e-11	-10.0	-2.5
149.0	1.4335e-05	6.2029e-11	-10.0	-2.5
149.5	1.4336e-05	6.1071e-11	-10.0	-2.5
150.0	1.4337e-05	6.2718e-11	-10.0	-2.5
150.5	1.4338e-05	6.3091e-11	-10.0	-2.5
151.0	1.434e-05	6.2264e-11	-10.0	-2.5
151.5	1.4336e-05	6.3229e-11	-10.0	-2.5
152.0	1.4337e-05	6.3187e-11	-10.0	-2.5
152.5	1.4337e-05	6.3622e-11	-10.0	-2.5
153.0	1.4337e-05	6.5958e-11	-10.0	-2.5
153.5	1.4339e-05	6.487e-11	-10.0	-2.5
154.0	1.4338e-05	6.4126e-11	-10.0	-2.5
154.5	1.4341e-05	6.5223e-11	-10.0	-2.5
155.0	1.4342e-05	6.5384e-11	-10.0	-2.5
155.5	1.434e-05	6.537e-11	-10.0	-2.5
156.0	1.4341e-05	6.5839e-11	-10.0	-2.5
156.5	1.4346e-05	6.6721e-11	-10.0	-2.5
157.0	1.4346e-05	6.8977e-11	-10.0	-2.5
157.5	1.4345e-05	6.8378e-11	-10.0	-2.5
158.0	1.4346e-05	6.8463e-11	-10.0	-2.5
158.5	1.4346e-05	6.9165e-11	-10.0	-2.5
159.0	1.4347e-05	6.9084e-11	-10.0	-2.5
159.5	1.4344e-05	6.9947e-11	-10.0	-2.5
160.0	1.4345e-05	7.0829e-11	-10.0	-2.5
160.5	1.4345e-05	7.1254e-11	-10.0	-2.5
161.0	1.4346e-05	7.1513e-11	-10.0	-2.5
161.5	1.4346e-05	7.1607e-11	-10.0	-2.5
162.0	1.4346e-05	7.2868e-11	-10.0	-2.5
162.5	1.4348e-05	7.2542e-11	-10.0	-2.5
163.0	1.4348e-05	7.2906e-11	-10.0	-2.5
163.5	1.4348e-05	7.3377e-11	-10.0	-2.5
164.0	1.4347e-05	7.3042e-11	-10.0	-2.5
164.5	1.4347e-05	7.3477e-11	-10.0	-2.5
165.0	1.4347e-05	7.5684e-11	-10.0	-2.5
165.5	1.4346e-05	7.5041e-11	-10.0	-2.5
166.0	1.4347e-05	7.4333e-11	-10.0	-2.5
166.5	1.4348e-05	7.6595e-11	-10.0	-2.5
167.0	1.4347e-05	7.6797e-11	-10.0	-2.5
167.5	1.4347e-05	7.7796e-11	-10.0	-2.5
168.0	1.4348e-05	7.6786e-11	-10.0	-2.5
168.5	1.4347e-05	7.7256e-11	-10.0	-2.5
169.0	1.4347e-05	7.7596e-11	-10.0	-2.5
169.5	1.4348e-05	7.8337e-11	-10.0	-2.5
170.0	1.4348e-05	7.9373e-11	-10.0	-2.5
170.5	1.4348e-05	8.1719e-11	-10.0	-2.5
171.0	1.435e-05	8.208e-11	-10.0	-2.5
171.5	1.435e-05	8.0975e-11	-10.0	-2.5
172.0	1.4348e-05	8.2061e-11	-10.0	-2.5
172.5	1.435e-05	8.1507e-11	-10.0	-2.5
173.0	1.4349e-05	8.4281e-11	-10.0	-2.5
173.5	1.4351e-05	8.5114e-11	-10.0	-2.5
174.0	1.4354e-05	8.5194e-11	-10.0	-2.5
174.5	1.4354e-05	8.5321e-11	-10.0	-2.5
175.0	1.4355e-05	8.5564e-11	-10.0	-2.5
175.5	1.4353e-05	8.6341e-11	-10.0	-2.5
176.0	1.4353e-05	8.5918e-11	-10.0	-2.5
176.5	1.4352e-05	8.7824e-11	-10.0	-2.5
177.0	1.4354e-05	8.9457e-11	-10.0	-2.5
177.5	1.4354e-05	8.9214e-11	-10.0	-2.5
178.0	1.4354e-05	8.8747e-11	-10.0	-2.5
178.5	1.435e-05	8.8588e-11	-10.0	-2.5
179.0	1.4356e-05	2.929e-10	-10.0	-2.5
179.5	1.4352e-05	3.0853e-10	-10.0	-2.5
180.0	1.4351e-05	3.054e-10	-10.0	-2.5
180.5	1.4348e-05	3.0217e-10	-10.0	-2.5
181.0	1.4346e-05	2.9454e-10	-10.0	-2.5
181.5	1.4344e-05	2.9635e-10	-10.0	-2.5
182.0	1.4345e-05	2.9309e-10	-10.0	-2.5
182.5	1.4344e-05	2.9131e-10	-10.0	-2.5
183.0	1.4342e-05	2.8794e-10	-10.0	-2.5
183.5	1.4341e-05	2.8685e-10	-10.0	-2.5
184.0	1.4338e-05	2.8338e-10	-10.0	-2.5
184.5	1.4337e-05	2.8215e-10	-10.0	-2.5
185.0	1.4338e-05	2.7941e-10	-10.0	-2.5
185.5	1.4338e-05	2.776e-10	-10.0	-2.5
186.0	1.4335e-05	2.7503e-10	-10.0	-2.5
186.5	1.4337e-05	2.7434e-10	-10.0	-2.5
187.0	1.4335e-05	2.7317e-10	-10.0	-2.5
187.5	1.4337e-05	2.7232e-10	-10.0	-2.5
188.0	1.4335e-05	2.7129e-10	-10.0	-2.5
188.5	1.4334e-05	2.6946e-10	-10.0	-2.5
189.0	1.4336e-05	2.6811e-10	-10.0	-2.5
189.5	1.4335e-05	2.6749e-10	-10.0	-2.5
190.0	1.4334e-05	2.6637e-10	-10.0	-2.5
190.5	1.4333e-05	2.6627e-10	-10.0	-2.5
191.0	1.4331e-05	2.6493e-10	-10.0	-2.5
191.5	1.4333e-05	2.6451e-10	-10.0	-2.5
192.0	1.433e-05	2.6319e-10	-10.0	-2.5
192.5	1.433e-05	2.6321e-10	-10.0	-2.5
193.0	1.4331e-05	2.6317e-10	-10.0	-2.5
193.5	1.4332e-05	2.622e-10	-10.0	-2.5
194.0	1.433e-05	2.6301e-10	-10.0	-2.5
194.5	1.433e-05	2.6203e-10	-10.0	-2.5
195.0	1.4331e-05	2.6233e-10	-10.0	-2.5
195.5	1.4331e-05	2.6074e-10	-10.0	-2.5
196.0	1.4331e-05	2.6031e-10	-10.0	-2.5
196.5	1.4331e-05	2.593e-10	-10.0	-2.5
197.0	1.4333e-05	2.5904e-10	-10.0	-2.5
197.5	1.4332e-05	2.5877e-10	-10.0	-2.5
198.0	1.4331e-05	2.574e-10	-10.0	-2.5
198.5	1.4334e-05	2.5809e-10	-10.0	-2.5
199.0	1.4334e-05	2.572e-10	-10.0	-2.5
199.5	1.4334e-05	2.5742e-10	-10.0	-2.5
200.0	1.4336e-05	2.5745e-10	-10.0	-2.5
200.5	1.4335e-05	2.5702e-10	-10.0	-2.5
201.0	1.4335e-05	2.5617e-10	-10.0	-2.5
201.5	1.4335e-05	2.567e-10	-10.0	-2.5
202.0	1.4337e-05	2.568e-10	-10.0	-2.5
202.5	1.4337e-05	2.5791e-10	-10.0	-2.5
203.0	1.434e-05	2.5655e-10	-10.0	-2.5
203.5	1.434e-05	2.5691e-10	-10.0	-2.5
204.0	1.434e-05	2.5624e-10	-10.0	-2.5
204.5	1.4342e-05	2.5647e-10	-10.0	-2.5
205.0	1.4343e-05	2.5692e-10	-10.0	-2.5
205.5	1.4345e-05	2.5762e-10	-10.0	-2.5
206.0	1.4344e-05	2.5658e-10	-10.0	-2.5
206.5	1.4345e-05	2.5764e-10	-10.0	-2.5
207.0	1.4347e-05	2.5762e-10	-10.0	-2.5
207.5	1.4347e-05	2.5686e-10	-10.0	-2.5
208.0	1.4347e-05	2.5664e-10	-10.0	-2.5
208.5	1.4348e-05	2.5827e-10	-10.0	-2.5
209.0	1.4348e-05	2.5729e-10	-10.0	-2.5
209.5	1.4347e-05	2.5778e-10	-10.0	-2.5
210.0	1.435e-05	2.5819e-10	-10.0	-2.5
210.5	1.435e-05	2.5838e-10	-10.0	-2.5
211.0	1.4351e-05	2.579e-10	-10.0	-2.5
211.5	1.4351e-05	2.5902e-10	-10.0	-2.5
212.0	1.4352e-05	2.5747e-10	-10.0	-2.5
212.5	1.4354e-05	2.5867e-10	-10.0	-2.5
213.0	1.4352e-05	2.5781e-10	-10.0	-2.5
213.5	1.4351e-05	2.5961e-10	-10.0	-2.5
214.0	1.4354e-05	2.5872e-10	-10.0	-2.5
214.5	1.4353e-05	2.5875e-10	-10.0	-2.5
215.0	1.4354e-05	2.5921e-10	-10.0	-2.5
215.5	1.4356e-05	2.5824e-10	-10.0	-2.5
216.0	1.4357e-05	2.5917e-10	-10.0	-2.5
216.5	1.4357e-05	2.5994e-10	-10.0	-2.5
217.0	1.4359e-05	2.6025e-10	-10.0	-2.5
217.5	1.4359e-05	2.6024e-10	-10.0	-2.5
218.0	1.4358e-05	2.5981e-10	-10.0	-2.5
218.5	1.4358e-05	2.6041e-10	-10.0	-2.5
219.0	1.436e-05	2.6096e-10	-10.0	-2.5
219.5	1.4362e-05	2.6166e-10	-10.0	-2.5
220.0	1.4361e-05	2.6084e-10	-10.0	-2.5
220.5	1.4361e-05	2.61e-10	-10.0	-2.5
221.0	1.4362e-05	2.6133e-10	-10.0	-2.5
221.5	1.4362e-05	2.6152e-10	-10.0	-2.5
222.0	1.4363e-05	2.626e-10	-10.0	-2.5
222.5	1.4363e-05	2.6263e-10	-10.0	-2.5
223.0	1.4366e-05	2.6252e-10	-10.0	-2.5
223.5	1.4365e-05	2.6215e-10	-10.0	-2.5
224.0	1.4365e-05	2.622e-10	-10.0	-2.5
224.5	1.4365e-05	2.6232e-10	-10.0	-2.5
225.0	1.4367e-05	2.628e-10	-10.0	-2.5
225.5	1.437e-05	2.6241e-10	-10.0	-2.5
226.0	1.4374e-05	2.6295e-10	-10.0	-2.5
226.5	1.4374e-05	2.6269e-10	-10.0	-2.5
227.0	1.4374e-05	2.6322e-10	-10.0	-2.5
227.5	1.4374e-05	2.6246e-10	-10.0	-2.5
228.0	1.4374e-05	2.6391e-10	-10.0	-2.5
228.5	1.4375e-05	2.63e-10	-10.0	-2.5
229.0	1.4376e-05	2.6384e-10	-10.0	-2.5
229.5	1.4374e-05	2.6347e-10	-10.0	-2.5
230.0	1.4375e-05	2.6335e-10	-10.0	-2.5
230.5	1.4377e-05	2.6433e-10	-10.0	-2.5
231.0	1.4377e-05	2.6307e-10	-10.0	-2.5
231.5	1.4379e-05	2.6315e-10	-10.0	-2.5
232.0	1.4378e-05	2.6429e-10	-10.0	-2.5
232.5	1.438e-05	2.6452e-10	-10.0	-2.5
233.0	1.438e-05	2.6516e-10	-10.0	-2.5
233.5	1.4381e-05	2.6525e-10	-10.0	-2.5
234.0	1.438e-05	2.6548e-10	-10.0	-2.5
234.5	1.4381e-05	2.6493e-10	-10.0	-2.5
235.0	1.4383e-05	2.6513e-10	-10.0	-2.5
235.5	1.4383e-05	2.6549e-10	-10.0	-2.5
236.0	1.4385e-05	2.6546e-10	-10.0	-2.5
236.5	1.4387e-05	2.665e-10	-10.0	-2.5
237.0	1.4387e-05	2.6574e-10	-10.0	-2.5
237.5	1.4388e-05	2.6574e-10	-10.0	-2.5
238.0	1.4391e-05	2.6614e-10	-10.0	-2.5
238.5	1.4389e-05	2.6722e-10	-10.0	-2.5
239.0	1.4407e-05	3.1542e-11	-10.0	-2.5
239.5	1.4398e-05	8.0209e-11	-10.0	-2.5
240.0	1.4402e-05	4.5211e-11	-10.0	-2.5
240.5	1.4401e-05	4.8416e-11	-10.0	-2.5
241.0	1.4404e-05	5.253e-11	-10.0	-2.5
241.5	1.4408e-05	5.7288e-11	-10.0	-2.5
242.0	1.4409e-05	6.0935e-11	-10.0	-2.5
242.5	1.4411e-05	6.5227e-11	-10.0	-2.5
243.0	1.4411e-05	6.8115e-11	-10.0	-2.5
243.5	1.4416e-05	7.09e-11	-10.0	-2.5
244.0	1.4416e-05	7.5283e-11	-10.0	-2.5
244.5	1.4421e-05	7.8938e-11	-10.0	-2.5
245.0	1.4421e-05	8.1809e-11	-10.0	-2.5
245.5	1.442e-05	8.3411e-11	-10.0	-2.5
246.0	1.4422e-05	8.499e-11	-10.0	-2.5
246.5	1.4428e-05	8.9911e-11	-10.0	-2.5
247.0	1.4427e-05	9.1947e-11	-10.0	-2.5
247.5	1.4429e-05	9.3734e-11	-10.0	-2.5
248.0	1.443e-05	9.6509e-11	-10.0	-2.5
248.5	1.4433e-05	9.7385e-11	-10.0	-2.5
249.0	1.4433e-05	9.9488e-11	-10.0	-2.5
249.5	1.4435e-05	9.9461e-11	-10.0	-2.5
250.0	1.4434e-05	1.0126e-10	-10.0	-2.5
250.5	1.4436e-05	1.0344e-10	-10.0	-2.5
251.0	1.4437e-05	1.0319e-10	-10.0	-2.5
251.5	1.4437e-05	1.0391e-10	-10.0	-2.5
252.0	1.4435e-05	1.0657e-10	-10.0	-2.5
252.5	1.4435e-05	1.0701e-10	-10.0	-2.5
253.0	1.4439e-05	1.0719e-10	-10.0	-2.5
253.5	1.444e-05	1.0759e-10	-10.0	-2.5
254.0	1.444e-05	1.0918e-10	-10.0	-2.5
254.5	1.444e-05	1.1067e-10	-10.0	-2.5
255.0	1.4442e-05	1.1222e-10	-10.0	-2.5
255.5	1.4442e-05	1.1096e-10	-10.0	-2.5
256.0	1.4443e-05	1.1224e-10	-10.0	-2.5
256.5	1.4444e-05	1.1098e-10	-10.0	-2.5
257.0	1.4443e-05	1.1324e-10	-10.0	-2.5
257.5	1.4445e-05	1.1297e-10	-10.0	-2.5
258.0	1.4444e-05	1.1349e-10	-10.0	-2.5
258.5	1.4445e-05	1.1282e-10	-10.0	-2.5
259.0	1.4445e-05	1.1317e-10	-10.0	-2.5
259.5	1.4445e-05	1.1279e-10	-10.0	-2.5
260.0	1.4448e-05	1.1389e-10	-10.0	-2.5
260.5	1.4446e-05	1.148e-10	-10.0	-2.5
261.0	1.4447e-05	1.1451e-10	-10.0	-2.5
261.5	1.4448e-05	1.1652e-10	-10.0	-2.5
262.0	1.4447e-05	1.169e-10	-10.0	-2.5
262.5	1.4446e-05	1.1609e-10	-10.0	-2.5
263.0	1.4448e-05	1.1618e-10	-10.0	-2.5
263.5	1.4448e-05	1.1719e-10	-10.0	-2.5
264.0	1.4449e-05	1.1619e-10	-10.0	-2.5
264.5	1.4449e-05	1.2073e-10	-10.0	-2.5
265.0	1.4449e-05	1.2261e-10	-10.0	-2.5
265.5	1.4448e-05	1.2072e-10	-10.0	-2.5
266.0	1.4445e-05	1.2068e-10	-10.0	-2.5
266.5	1.4447e-05	1.2073e-10	-10.0	-2.5
267.0	1.445e-05	1.233e-10	-10.0	-2.5
267.5	1.4447e-05	1.2286e-10	-10.0	-2.5
268.0	1.4448e-05	1.2453e-10	-10.0	-2.5
268.5	1.4446e-05	1.2307e-10	-10.0	-2.5
269.0	1.4447e-05	1.2267e-10	-10.0	-2.5
269.5	1.4446e-05	1.2408e-10	-10.0	-2.5
270.0	1.4447e-05	1.2233e-10	-10.0	-2.5
270.5	1.4448e-05	1.2166e-10	-10.0	-2.5
271.0	1.4445e-05	1.2242e-10	-10.0	-2.5
271.5	1.4446e-05	1.2321e-10	-10.0	-2.5
272.0	1.4444e-05	1.2349e-10	-10.0	-2.5
272.5	1.4446e-05	1.2231e-10	-10.0	-2.5
273.0	1.4448e-05	1.2316e-10	-10.0	-2.5
273.5	1.4447e-05	1.2386e-10	-10.0	-2.5
274.0	1.4447e-05	1.2445e-10	-10.0	-2.5
274.5	1.4447e-05	1.2216e-10	-10.0	-2.5
275.0	1.4449e-05	1.2253e-10	-10.0	-2.5
275.5	1.4447e-05	1.2355e-10	-10.0	-2.5
276.0	1.4446e-05	1.2547e-10	-10.0	-2.5
276.5	1.4445e-05	1.2614e-10	-10.0	-2.5
277.0	1.4448e-05	1.2663e-10	-10.0	-2.5
277.5	1.4443e-05	1.2768e-10	-10.0	-2.5
278.0	1.4443e-05	1.2782e-10	-10.0	-2.5
278.5	1.4443e-05	1.2612e-10	-10.0	-2.5
279.0	1.444e-05	1.2649e-10	-10.0	-2.5
279.5	1.444e-05	1.2711e-10	-10.0	-2.5
280.0	1.4441e-05	1.2668e-10	-10.0	-2.5
280.5	1.444e-05	1.258e-10	-10.0	-2.5
281.0	1.4439e-05	1.2552e-10	-10.0	-2.5
281.5	1.444e-05	1.2621e-10	-10.0	-2.5
282.0	1.444e-05	1.2507e-10	-10.0	-2.5
282.5	1.444e-05	1.264e-10	-10.0	-2.5
283.0	1.444e-05	1.2803e-10	-10.0	-2.5
283.5	1.4441e-05	1.2676e-10	-10.0	-2.5
284.0	1.444e-05	1.2719e-10	-10.0	-2.5
284.5	1.4441e-05	1.2909e-10	-10.0	-2.5
285.0	1.444e-05	1.2846e-10	-10.0	-2.5
285.5	1.444e-05	1.2855e-10	-10.0	-2.5
286.0	1.4442e-05	1.3266e-10	-10.0	-2.5
286.5	1.4443e-05	1.3158e-10	-10.0	-2.5
287.0	1.4443e-05	1.3246e-10	-10.0	-2.5
287.5	1.4442e-05	1.3311e-10	-10.0	-2.5
288.0	1.4441e-05	1.3317e-10	-10.0	-2.5
288.5	1.4443e-05	1.3149e-10	-10.0	-2.5
289.0	1.4442e-05	1.3186e-10	-10.0	-2.5
289.5	1.4442e-05	1.3111e-10	-10.0	-2.5
290.0	1.4444e-05	1.3093e-10	-10.0	-2.5
290.5	1.4443e-05	1.3156e-10	-10.0	-2.5
291.0	1.4444e-05	1.3396e-10	-10.0	-2.5
291.5	1.4442e-05	1.3264e-10	-10.0	-2.5
292.0	1.4441e-05	1.3425e-10	-10.0	-2.5
292.5	1.4441e-05	1.3521e-10	-10.0	-2.5
293.0	1.4443e-05	1.3444e-10	-10.0	-2.5
293.5	1.4441e-05	1.3487e-10	-10.0	-2.5
294.0	1.4442e-05	1.3558e-10	-10.0	-2.5
294.5	1.4442e-05	1.3526e-10	-10.0	-2.5
295.0	1.4443e-05	1.3489e-10	-10.0	-2.5
295.5	1.4442e-05	1.3583e-10	-10.0	-2.5
296.0	1.4443e-05	1.3381e-10	-10.0	-2.5
296.5	1.4442e-05	1.3527e-10	-10.0	-2.5
297.0	1.4444e-05	1.3639e-10	-10.0	-2.5
297.5	1.4442e-05	1.3563e-10	-10.0	-2.5
298.0	1.4441e-05	1.355e-10	-10.0	-2.5
298.5	1.4441e-05	1.3586e-10	-10.0	-2.5
299.0	1.4448e-05	3.1454e-10	-10.0	-2.5
299.5	1.4439e-05	3.5776e-10	-10.0	-2.5
300.0	1.4439e-05	3.4746e-10	-10.0	-2.5
300.5	1.4435e-05	3.4442e-10	-10.0	-2.5
301.0	1.4435e-05	3.4179e-10	-10.0	-2.5
301.5	1.4433e-05	3.3905e-10	-10.0	-2.5
302.0	1.4433e-05	3.3698e-10	-10.0	-2.5
302.5	1.4432e-05	3.3484e-10	-10.0	-2.5
303.0	1.4432e-05	3.3218e-10	-10.0	-2.5
303.5	1.443e-05	3.3044e-10	-10.0	-2.5
304.0	1.443e-05	3.2895e-10	-10.0	-2.5
304.5	1.4428e-05	3.2638e-10	-10.0	-2.5
305.0	1.4428e-05	3.2333e-10	-10.0	-2.5
305.5	1.4425e-05	3.2134e-10	-10.0	-2.5
306.0	1.4426e-05	3.1881e-10	-10.0	-2.5
306.5	1.4427e-05	3.5078e-10	-10.0	-2.5
307.0	1.4425e-05	3.1727e-10	-10.0	-2.5
307.5	1.4426e-05	3.1441e-10	-10.0	-2.5
308.0	1.4425e-05	3.1427e-10	-10.0	-2.5
308.5	1.4427e-05	3.1217e-10	-10.0	-2.5
309.0	1.4427e-05	3.1114e-10	-10.0	-2.5
309.5	1.4425e-05	3.0946e-10	-10.0	-2.5
310.0	1.4426e-05	3.0804e-10	-10.0	-2.5
310.5	1.4425e-05	3.0704e-10	-10.0	-2.5
311.0	1.4425e-05	3.0585e-10	-10.0	-2.5
311.5	1.4428e-05	3.052e-10	-10.0	-2.5
312.0	1.4428e-05	3.0398e-10	-10.0	-2.5
312.5	1.4425e-05	3.0407e-10	-10.0	-2.5
313.0	1.4427e-05	3.0298e-10	-10.0	-2.5
313.5	1.4427e-05	3.035e-10	-10.0	-2.5
314.0	1.4429e-05	3.0247e-10	-10.0	-2.5
314.5	1.4428e-05	3.0229e-10	-10.0	-2.5
315.0	1.4429e-05	3.0143e-10	-10.0	-2.5
315.5	1.4428e-05	3.0095e-10	-10.0	-2.5
316.0	1.443e-05	3.0198e-10	-10.0	-2.5
316.5	1.4432e-05	3.0056e-10	-10.0	-2.5
317.0	1.4432e-05	3.0056e-10	-10.0	-2.5
317.5	1.4432e-05	3.0112e-10	-10.0	-2.5
318.0	1.4435e-05	3.011e-10	-10.0	-2.5
318.5	1.4434e-05	3.0006e-10	-10.0	-2.5
319.0	1.4435e-05	3.0064e-10	-10.0	-2.5
319.5	1.4437e-05	2.9965e-10	-10.0	-2.5
320.0	1.4438e-05	3.0056e-10	-10.0	-2.5
320.5	1.4438e-05	2.9987e-10	-10.0	-2.5
321.0	1.4438e-05	3.0005e-10	-10.0	-2.5
321.5	1.4439e-05	2.9967e-10	-10.0	-2.5
322.0	1.4442e-05	2.9911e-10	-10.0	-2.5
322.5	1.444e-05	2.9936e-10	-10.0	-2.5
323.0	1.4442e-05	2.9798e-10	-10.0	-2.5
323.5	1.4443e-05	2.9947e-10	-10.0	-2.5
324.0	1.4444e-05	2.9885e-10	-10.0	-2.5
324.5	1.4445e-05	2.982e-10	-10.0	-2.5
325.0	1.4445e-05	2.9841e-10	-10.0	-2.5
325.5	1.4446e-05	2.9829e-10	-10.0	-2.5
326.0	1.4447e-05	2.9839e-10	-10.0	-2.5
326.5	1.445e-05	2.9888e-10	-10.0	-2.5
327.0	1.4451e-05	2.9831e-10	-10.0	-2.5
327.5	1.4452e-05	2.9781e-10	-10.0	-2.5
328.0	1.4449e-05	2.9834e-10	-10.0	-2.5
328.5	1.4449e-05	2.9913e-10	-10.0	-2.5
329.0	1.4451e-05	2.9803e-10	-10.0	-2.5
329.5	1.445e-05	2.9944e-10	-10.0	-2.5
330.0	1.4455e-05	2.9829e-10	-10.0	-2.5
330.5	1.4455e-05	2.9858e-10	-10.0	-2.5
331.0	1.4456e-05	2.9884e-10	-10.0	-2.5
331.5	1.4456e-05	2.9902e-10	-10.0	-2.5
332.0	1.4457e-05	2.9877e-10	-10.0	-2.5
332.5	1.4458e-05	2.9931e-10	-10.0	-2.5
333.0	1.4458e-05	2.9881e-10	-10.0	-2.5
333.5	1.4459e-05	2.9933e-10	-10.0	-2.5
334.0	1.4459e-05	2.9729e-10	-10.0	-2.5
334.5	1.4459e-05	2.9921e-10	-10.0	-2.5
335.0	1.446e-05	2.9975e-10	-10.0	-2.5
335.5	1.4461e-05	2.9856e-10	-10.0	-2.5
336.0	1.4462e-05	2.991e-10	-10.0	-2.5
336.5	1.4463e-05	2.9989e-10	-10.0	-2.5
337.0	1.4465e-05	2.9874e-10	-10.0	-2.5
337.5	1.4466e-05	2.9963e-10	-10.0	-2.5
338.0	1.4465e-05	2.9942e-10	-10.0	-2.5
338.5	1.4467e-05	3.0035e-10	-10.0	-2.5
339.0	1.4468e-05	3.0015e-10	-10.0	-2.5
339.5	1.4468e-05	2.9985e-10	-10.0	-2.5
340.0	1.4469e-05	2.9931e-10	-10.0	-2.5
340.5	1.4472e-05	3.0065e-10	-10.0	-2.5
341.0	1.4473e-05	3.0066e-10	-10.0	-2.5
341.5	1.4473e-05	3.0356e-10	-10.0	-2.5
342.0	1.4473e-05	3.0119e-10	-10.0	-2.5
342.5	1.4475e-05	3.0086e-10	-10.0	-2.5
343.0	1.4476e-05	3.0021e-10	-10.0	-2.5
343.5	1.4476e-05	3.0126e-10	-10.0	-2.5
344.0	1.4478e-05	3.004e-10	-10.0	-2.5
344.5	1.4477e-05	3.0135e-10	-10.0	-2.5
345.0	1.4478e-05	3.0172e-10	-10.0	-2.5
345.5	1.448e-05	3.0171e-10	-10.0	-2.5
346.0	1.4481e-05	3.029e-10	-10.0	-2.5
346.5	1.448e-05	3.0359e-10	-10.0	-2.5
347.0	1.4482e-05	3.0238e-10	-10.0	-2.5
347.5	1.4483e-05	3.0229e-10	-10.0	-2.5
348.0	1.4485e-05	3.0266e-10	-10.0	-2.5
348.5	1.4489e-05	2.7822e-10	-10.0	-2.5
349.0	1.4483e-05	3.0395e-10	-10.0	-2.5
349.5	1.4486e-05	3.0266e-10	-10.0	-2.5
350.0	1.4486e-05	3.0361e-10	-10.0	-2.5
350.5	1.4487e-05	3.038e-10	-10.0	-2.5
351.0	1.449e-05	3.0289e-10	-10.0	-2.5
351.5	1.449e-05	3.033e-10	-10.0	-2.5
352.0	1.449e-05	3.0335e-10	-10.0	-2.5
352.5	1.4491e-05	3.0367e-10	-10.0	-2.5
353.0	1.449e-05	3.0352e-10	-10.0	-2.5
353.5	1.449e-05	3.0257e-10	-10.0	-2.5
354.0	1.449e-05	3.0288e-10	-10.0	-2.5
354.5	1.449e-05	3.0407e-10	-10.0	-2.5
355.0	1.4491e-05	3.046e-10	-10.0	-2.5
355.5	1.4493e-05	3.0476e-10	-10.0	-2.5
356.0	1.4493e-05	3.045e-10	-10.0	-2.5
356.5	1.4494e-05	3.0395e-10	-10.0	-2.5
357.0	1.4494e-05	3.0451e-10	-10.0	-2.5
357.5	1.4496e-05	3.0381e-10	-10.0	-2.5
358.0	1.4497e-05	3.0498e-10	-10.0	-2.5
358.5	1.4499e-05	3.0532e-10	-10.0	-2.5
359.0	1.4509e-05	6.001e-11	-10.0	-2.5
359.5	1.4504e-05	8.6875e-11	-10.0	-2.5
360.0	1.4506e-05	9.0828e-11	-10.0	-2.5
360.5	1.4511e-05	9.4335e-11	-10.0	-2.5
361.0	1.4511e-05	9.8119e-11	-10.0	-2.5
361.5	1.4514e-05	1.0242e-10	-10.0	-2.5
362.0	1.4513e-05	1.1198e-10	-10.0	-2.5
362.5	1.4516e-05	1.1131e-10	-10.0	-2.5
363.0	1.4518e-05	1.1507e-10	-10.0	-2.5
363.5	1.452e-05	1.1829e-10	-10.0	-2.5
364.0	1.4522e-05	1.2284e-10	-10.0	-2.5
364.5	1.4521e-05	1.2516e-10	-10.0	-2.5
365.0	1.4525e-05	1.2882e-10	-10.0	-2.5
365.5	1.4526e-05	1.2989e-10	-10.0	-2.5
366.0	1.4527e-05	1.3276e-10	-10.0	-2.5
366.5	1.4526e-05	1.3425e-10	-10.0	-2.5
367.0	1.4529e-05	1.3586e-10	-10.0	-2.5
367.5	1.453e-05	1.3867e-10	-10.0	-2.5
368.0	1.4532e-05	1.3968e-10	-10.0	-2.5
368.5	1.4533e-05	1.4017e-10	-10.0	-2.5
369.0	1.4532e-05	1.4263e-10	-10.0	-2.5
369.5	1.4534e-05	1.4477e-10	-10.0	-2.5
370.0	1.4536e-05	1.4572e-10	-10.0	-2.5
370.5	1.4534e-05	1.4703e-10	-10.0	-2.5
371.0	1.4534e-05	1.4805e-10	-10.0	-2.5
371.5	1.4536e-05	1.4924e-10	-10.0	-2.5
372.0	1.4538e-05	1.5026e-10	-10.0	-2.5
372.5	1.4537e-05	1.5201e-10	-10.0	-2.5
373.0	1.4536e-05	1.521e-10	-10.0	-2.5
373.5	1.4537e-05	1.5241e-10	-10.0	-2.5
374.0	1.4538e-05	1.5392e-10	-10.0	-2.5
374.5	1.4539e-05	1.5631e-10	-10.0	-2.5
375.0	1.4541e-05	1.5633e-10	-10.0	-2.5
375.5	1.4537e-05	1.5706e-10	-10.0	-2.5
376.0	1.4538e-05	1.568e-10	-10.0	-2.5
376.5	1.4538e-05	1.5848e-10	-10.0	-2.5
377.0	1.4537e-05	1.5926e-10	-10.0	-2.5
377.5	1.4537e-05	1.5976e-10	-10.0	-2.5
378.0	1.4538e-05	1.604e-10	-10.0	-2.5
378.5	1.4539e-05	1.6025e-10	-10.0	-2.5
379.0	1.454e-05	1.6039e-10	-10.0	-2.5
379.5	1.454e-05	1.6051e-10	-10.0	-2.5
380.0	1.4541e-05	1.6175e-10	-10.0	-2.5
380.5	1.454e-05	1.6276e-10	-10.0	-2.5
381.0	1.4537e-05	1.6228e-10	-10.0	-2.5
381.5	1.4538e-05	1.6254e-10	-10.0	-2.5
382.0	1.4538e-05	1.6409e-10	-10.0	-2.5
382.5	1.4537e-05	1.6336e-10	-10.0	-2.5
383.0	1.4538e-05	1.634e-10	-10.0	-2.5
383.5	1.4539e-05	1.6387e-10	-10.0	-2.5
384.0	1.4537e-05	1.653e-10	-10.0	-2.5
384.5	1.4537e-05	1.6494e-10	-10.0	-2.5
385.0	1.4537e-05	1.6445e-10	-10.0	-2.5
385.5	1.4535e-05	1.6439e-10	-10.0	-2.5
386.0	1.4535e-05	1.639e-10	-10.0	-2.5
386.5	1.4535e-05	1.6437e-10	-10.0	-2.5
387.0	1.4533e-05	1.646e-10	-10.0	-2.5
387.5	1.4533e-05	1.6415e-10	-10.0	-2.5
388.0	1.4533e-05	1.6449e-10	-10.0	-2.5
388.5	1.4534e-05	1.6485e-10	-10.0	-2.5
389.0	1.4535e-05	1.6521e-10	-10.0	-2.5
389.5	1.4533e-05	1.6402e-10	-10.0	-2.5
390.0	1.4534e-05	1.6489e-10	-10.0	-2.5
390.5	1.4534e-05	1.6559e-10	-10.0	-2.5
391.0	1.4534e-05	1.6597e-10	-10.0	-2.5
391.5	1.4533e-05	1.6571e-10	-10.0	-2.5
392.0	1.4533e-05	1.6565e-10	-10.0	-2.5
392.5	1.4532e-05	1.6601e-10	-10.0	-2.5
393.0	1.4531e-05	1.6663e-10	-10.0	-2.5
393.5	1.453e-05	1.6669e-10	-10.0	-2.5
394.0	1.4531e-05	1.6691e-10	-10.0	-2.5
394.5	1.453e-05	1.6752e-10	-10.0	-2.5
395.0	1.4526e-05	1.6768e-10	-10.0	-2.5
395.5	1.453e-05	1.6833e-10	-10.0	-2.5
396.0	1.4528e-05	1.6758e-10	-10.0	-2.5
396.5	1.4529e-05	1.6839e-10	-10.0	-2.5
397.0	1.4528e-05	1.6859e-10	-10.0	-2.5
397.5	1.4528e-05	1.689e-10	-10.0	-2.5
398.0	1.4527e-05	1.6812e-10	-10.0	-2.5
398.5	1.4526e-05	1.6891e-10	-10.0	-2.5
399.0	1.4526e-05	1.6918e-10	-10.0	-2.5
399.5	1.4524e-05	1.6884e-10	-10.0	-2.5
400.0	1.4524e-05	1.6812e-10	-10.0	-2.5
400.5	1.4525e-05	1.6829e-10	-10.0	-2.5
401.0	1.4526e-05	1.6897e-10	-10.0	-2.5
401.5	1.4521e-05	1.6838e-10	-10.0	-2.5
402.0	1.4523e-05	1.6801e-10	-10.0	-2.5
402.5	1.4522e-05	1.6768e-10	-10.0	-2.5
403.0	1.4522e-05	1.6767e-10	-10.0	-2.5
403.5	1.4523e-05	1.6826e-10	-10.0	-2.5
404.0	1.4521e-05	1.6859e-10	-10.0	-2.5
404.5	1.452e-05	1.6886e-10	-10.0	-2.5
405.0	1.4521e-05	1.6917e-10	-10.0	-2.5
405.5	1.4521e-05	1.6944e-10	-10.0	-2.5
406.0	1.4522e-05	1.6933e-10	-10.0	-2.5
406.5	1.4521e-05	1.6938e-10	-10.0	-2.5
407.0	1.4522e-05	1.6829e-10	-10.0	-2.5
407.5	1.4523e-05	1.6812e-10	-10.0	-2.5
408.0	1.4521e-05	1.6946e-10	-10.0	-2.5
408.5	1.4521e-05	1.7052e-10	-10.0	-2.5
409.0	1.452e-05	1.7013e-10	-10.0	-2.5
409.5	1.452e-05	1.6927e-10	-10.0	-2.5
410.0	1.4518e-05	1.7021e-10	-10.0	-2.5
410.5	1.4517e-05	1.706e-10	-10.0	-2.5
411.0	1.4516e-05	1.7061e-10	-10.0	-2.5
411.5	1.4519e-05	1.7083e-10	-10.0	-2.5
412.0	1.4518e-05	1.7016e-10	-10.0	-2.5
412.5	1.4517e-05	1.7057e-10	-10.0	-2.5
413.0	1.4515e-05	1.6938e-10	-10.0	-2.5
413.5	1.4516e-05	1.6898e-10	-10.0	-2.5
414.0	1.4516e-05	1.6997e-10	-10.0	-2.5
414.5	1.4517e-05	1.6975e-10	-10.0	-2.5
415.0	1.4517e-05	1.7085e-10	-10.0	-2.5
415.5	1.4516e-05	1.6965e-10	-10.0	-2.5
416.0	1.4519e-05	1.7125e-10	-10.0	-2.5
416.5	1.4518e-05	1.7062e-10	-10.0	-2.5
417.0	1.452e-05	1.7172e-10	-10.0	-2.5
417.5	1.4519e-05	1.7216e-10	-10.0	-2.5
418.0	1.4519e-05	1.7167e-10	-10.0	-2.5
418.5	1.4519e-05	1.7135e-10	-10.0	-2.5
419.0	1.4528e-05	3.4255e-10	-10.0	-2.5
419.5	1.4514e-05	3.8301e-10	-10.0	-2.5
420.0	1.4512e-05	3.7868e-10	-10.0	-2.5
420.5	1.4509e-05	3.7682e-10	-10.0	-2.5
421.0	1.4507e-05	3.7419e-10	-10.0	-2.5
421.5	1.4507e-05	3.7206e-10	-10.0	-2.5
422.0	1.4504e-05	3.6905e-10	-10.0	-2.5
422.5	1.4504e-05	3.6663e-10	-10.0	-2.5
423.0	1.4502e-05	3.6518e-10	-10.0	-2.5
423.5	1.4503e-05	3.6206e-10	-10.0	-2.5
424.0	1.4504e-05	3.5914e-10	-10.0	-2.5
424.5	1.4504e-05	3.5621e-10	-10.0	-2.5
425.0	1.4504e-05	3.5525e-10	-10.0	-2.5
425.5	1.4505e-05	3.523e-10	-10.0	-2.5
426.0	1.4503e-05	3.521e-10	-10.0	-2.5
426.5	1.4507e-05	3.4876e-10	-10.0	-2.5
427.0	1.4504e-05	3.4835e-10	-10.0	-2.5
427.5	1.4505e-05	3.4593e-10	-10.0	-2.5
428.0	1.4505e-05	3.4529e-10	-10.0	-2.5
428.5	1.4504e-05	3.4322e-10	-10.0	-2.5
429.0	1.4506e-05	3.4216e-10	-10.0	-2.5
429.5	1.4503e-05	3.4203e-10	-10.0	-2.5
430.0	1.4505e-05	3.3998e-10	-10.0	-2.5
430.5	1.4506e-05	3.3851e-10	-10.0	-2.5
431.0	1.4507e-05	3.3768e-10	-10.0	-2.5
431.5	1.4507e-05	3.3734e-10	-10.0	-2.5
432.0	1.4506e-05	3.3595e-10	-10.0	-2.5
432.5	1.4506e-05	3.3601e-10	-10.0	-2.5
433.0	1.4505e-05	3.3502e-10	-10.0	-2.5
433.5	1.4507e-05	3.3443e-10	-10.0	-2.5
434.0	1.4509e-05	3.3354e-10	-10.0	-2.5
434.5	1.451e-05	3.3435e-10	-10.0	-2.5
435.0	1.4511e-05	3.3372e-10	-10.0	-2.5
435.5	1.4512e-05	3.3234e-10	-10.0	-2.5
436.0	1.4513e-05	3.3264e-10	-10.0	-2.5
436.5	1.4513e-05	3.3174e-10	-10.0	-2.5
437.0	1.4512e-05	3.3123e-10	-10.0	-2.5
437.5	1.4514e-05	3.3142e-10	-10.0	-2.5
438.0	1.4515e-05	3.3043e-10	-10.0	-2.5
438.5	1.4515e-05	3.3127e-10	-10.0	-2.5
439.0	1.4516e-05	3.3052e-10	-10.0	-2.5
439.5	1.4517e-05	3.3003e-10	-10.0	-2.5
440.0	1.4517e-05	3.3016e-10	-10.0	-2.5
440.5	1.4517e-05	3.2893e-10	-10.0	-2.5
441.0	1.4517e-05	3.2967e-10	-10.0	-2.5
441.5	1.4519e-05	3.2955e-10	-10.0	-2.5
442.0	1.4522e-05	3.29e-10	-10.0	-2.5
442.5	1.4522e-05	3.2864e-10	-10.0	-2.5
443.0	1.4522e-05	3.2911e-10	-10.0	-2.5
443.5	1.4524e-05	3.2867e-10	-10.0	-2.5
444.0	1.4523e-05	3.2806e-10	-10.0	-2.5
444.5	1.4524e-05	3.2844e-10	-10.0	-2.5
445.0	1.4526e-05	3.2782e-10	-10.0	-2.5
445.5	1.4527e-05	3.2785e-10	-10.0	-2.5
446.0	1.4527e-05	3.2796e-10	-10.0	-2.5
446.5	1.4527e-05	3.2817e-10	-10.0	-2.5
447.0	1.4526e-05	3.2762e-10	-10.0	-2.5
447.5	1.4528e-05	3.2757e-10	-10.0	-2.5
448.0	1.4528e-05	3.2765e-10	-10.0	-2.5
448.5	1.4528e-05	3.2808e-10	-10.0	-2.5
449.0	1.4528e-05	3.2829e-10	-10.0	-2.5
449.5	1.4528e-05	3.2771e-10	-10.0	-2.5
450.0	1.453e-05	3.2759e-10	-10.0	-2.5
450.5	1.453e-05	3.2769e-10	-10.0	-2.5
451.0	1.4531e-05	3.2821e-10	-10.0	-2.5
451.5	1.4533e-05	3.2848e-10	-10.0	-2.5
452.0	1.4534e-05	3.2801e-10	-10.0	-2.5
452.5	1.4533e-05	3.2751e-10	-10.0	-2.5
453.0	1.4534e-05	3.2806e-10	-10.0	-2.5
453.5	1.4537e-05	3.2804e-10	-10.0	-2.5
454.0	1.4538e-05	3.2794e-10	-10.0	-2.5
454.5	1.4541e-05	3.2777e-10	-10.0	-2.5
455.0	1.4543e-05	3.2908e-10	-10.0	-2.5
455.5	1.4542e-05	3.2926e-10	-10.0	-2.5
456.0	1.4543e-05	3.29e-10	-10.0	-2.5
456.5	1.4545e-05	3.3021e-10	-10.0	-2.5
457.0	1.4545e-05	3.296e-10	-10.0	-2.5
457.5	1.4545e-05	3.2947e-10	-10.0	-2.5
458.0	1.4545e-05	3.2983e-10	-10.0	-2.5
458.5	1.4547e-05	3.2978e-10	-10.0	-2.5
459.0	1.4547e-05	3.3006e-10	-10.0	-2.5
459.5	1.4548e-05	3.3041e-10	-10.0	-2.5
460.0	1.4546e-05	3.3002e-10	-10.0	-2.5
460.5	1.455e-05	3.2974e-10	-10.0	-2.5
461.0	1.4553e-05	3.3008e-10	-10.0	-2.5
461.5	1.4555e-05	3.3071e-10	-10.0	-2.5
462.0	1.4556e-05	3.3157e-10	-10.0	-2.5
462.5	1.4557e-05	3.3136e-10	-10.0	-2.5
463.0	1.4559e-05	3.3067e-10	-10.0	-2.5
463.5	1.4559e-05	3.3078e-10	-10.0	-2.5
464.0	1.4558e-05	3.3125e-10	-10.0	-2.5
464.5	1.4558e-05	3.3124e-10	-10.0	-2.5
465.0	1.456e-05	3.3181e-10	-10.0	-2.5
465.5	1.4559e-05	3.3159e-10	-10.0	-2.5
466.0	1.4562e-05	3.3243e-10	-10.0	-2.5
466.5	1.4561e-05	3.3183e-10	-10.0	-2.5
467.0	1.4564e-05	3.3325e-10	-10.0	-2.5
467.5	1.4565e-05	3.3251e-10	-10.0	-2.5
468.0	1.4565e-05	3.325e-10	-10.0	-2.5
468.5	1.4568e-05	3.3322e-10	-10.0	-2.5
469.0	1.4567e-05	3.3283e-10	-10.0	-2.5
469.5	1.4568e-05	3.3376e-10	-10.0	-2.5
470.0	1.4569e-05	3.3285e-10	-10.0	-2.5
470.5	1.4571e-05	3.3368e-10	-10.0	-2.5
471.0	1.4573e-05	3.3312e-10	-10.0	-2.5
471.5	1.4575e-05	3.3404e-10	-10.0	-2.5
472.0	1.4576e-05	3.3397e-10	-10.0	-2.5
472.5	1.4575e-05	3.3397e-10	-10.0	-2.5
473.0	1.4577e-05	3.3386e-10	-10.0	-2.5
473.5	1.4577e-05	3.3454e-10	-10.0	-2.5
474.0	1.4576e-05	3.3436e-10	-10.0	-2.5
474.5	1.4579e-05	3.34e-10	-10.0	-2.5
475.0	1.4579e-05	3.3518e-10	-10.0	-2.5
475.5	1.4581e-05	3.3391e-10	-10.0	-2.5
476.0	1.4581e-05	3.3436e-10	-10.0	-2.5
476.5	1.4582e-05	3.3459e-10	-10.0	-2.5
477.0	1.4582e-05	3.3452e-10	-10.0	-2.5
477.5	1.4583e-05	3.3479e-10	-10.0	-2.5
478.0	1.4583e-05	3.3503e-10	-10.0	-2.5
478.5	1.4584e-05	3.352e-10	-10.0	-2.5
479.0	1.4596e-05	1.0819e-10	-10.0	-2.5
479.5	1.4592e-05	1.3299e-10	-10.0	-2.5
480.0	1.4593e-05	1.2242e-10	-10.0	-2.5
480.5	1.4596e-05	1.2748e-10	-10.0	-2.5
481.0	1.4601e-05	1.2911e-10	-10.0	-2.5
481.5	1.4602e-05	1.1069e-10	-10.0	-2.5
482.0	1.4604e-05	1.3691e-10	-10.0	-2.5
482.5	1.4604e-05	1.4141e-10	-10.0	-2.5
483.0	1.4606e-05	1.4262e-10	-10.0	-2.5
483.5	1.4607e-05	1.473e-10	-10.0	-2.5
484.0	1.4608e-05	1.4662e-10	-10.0	-2.5
484.5	1.4608e-05	1.5117e-10	-10.0	-2.5
485.0	1.4608e-05	1.537e-10	-10.0	-2.5
485.5	1.4612e-05	1.5497e-10	-10.0	-2.5
486.0	1.4614e-05	1.5761e-10	-10.0	-2.5
486.5	1.4619e-05	1.5929e-10	-10.0	-2.5
487.0	1.4616e-05	1.6216e-10	-10.0	-2.5
487.5	1.4616e-05	1.6385e-10	-10.0	-2.5
488.0	1.4618e-05	1.4876e-10	-10.0	-2.5
488.5	1.4616e-05	1.6766e-10	-10.0	-2.5
489.0	1.4617e-05	1.6821e-10	-10.0	-2.5
489.5	1.4616e-05	1.6998e-10	-10.0	-2.5
490.0	1.4618e-05	1.7169e-10	-10.0	-2.5
490.5	1.4619e-05	1.7384e-10	-10.0	-2.5
491.0	1.4621e-05	1.7505e-10	-10.0	-2.5
491.5	1.4633e-05	1.328e-10	-10.0	-2.5
492.0	1.4633e-05	1.8441e-10	-10.0	-2.5
492.5	1.464e-05	1.5098e-10	-10.0	-2.5
493.0	1.4628e-05	2.1857e-10	-10.0	-2.5
493.5	1.4623e-05	2.1547e-10	-10.0	-2.5
494.0	1.4623e-05	1.8142e-10	-10.0	-2.5
494.5	1.4634e-05	1.8087e-10	-10.0	-2.5
495.0	1.4622e-05	1.9927e-10	-10.0	-2.5
495.5	1.4621e-05	1.8215e-10	-10.0	-2.5
496.0	1.462e-05	1.8268e-10	-10.0	-2.5
496.5	1.4621e-05	1.8408e-10	-10.0	-2.5
497.0	1.462e-05	1.8638e-10	-10.0	-2.5
497.5	1.462e-05	1.8653e-10	-10.0	-2.5
498.0	1.4619e-05	1.8636e-10	-10.0	-2.5
498.5	1.4622e-05	1.6927e-10	-10.0	-2.5
499.0	1.4618e-05	1.8781e-10	-10.0	-2.5
499.5	1.462e-05	1.881e-10	-10.0	-2.5
500.0	1.4619e-05	1.8761e-10	-10.0	-2.5
500.5	1.462e-05	1.8767e-10	-10.0	-2.5
501.0	1.4621e-05	1.8848e-10	-10.0	-2.5
501.5	1.4619e-05	1.8841e-10	-10.0	-2.5
502.0	1.462e-05	1.8842e-10	-10.0	-2.5
502.5	1.462e-05	1.89e-10	-10.0	-2.5
503.0	1.4618e-05	1.8945e-10	-10.0	-2.5
503.5	1.4616e-05	1.8958e-10	-10.0	-2.5
504.0	1.4615e-05	1.8996e-10	-10.0	-2.5
504.5	1.4615e-05	1.9085e-10	-10.0	-2.5
505.0	1.4617e-05	1.898e-10	-10.0	-2.5
505.5	1.4615e-05	1.9128e-10	-10.0	-2.5
506.0	1.4615e-05	1.9142e-10	-10.0	-2.5
506.5	1.4614e-05	1.9147e-10	-10.0	-2.5
507.0	1.4614e-05	1.9262e-10	-10.0	-2.5
507.5	1.4614e-05	1.9055e-10	-10.0	-2.5
508.0	1.4613e-05	1.9315e-10	-10.0	-2.5
508.5	1.4614e-05	1.9124e-10	-10.0	-2.5
509.0	1.4613e-05	1.9238e-10	-10.0	-2.5
509.5	1.4612e-05	1.9132e-10	-10.0	-2.5
510.0	1.4611e-05	1.9036e-10	-10.0	-2.5
510.5	1.461e-05	1.9085e-10	-10.0	-2.5
511.0	1.4612e-05	1.9337e-10	-10.0	-2.5
511.5	1.4611e-05	1.9343e-10	-10.0	-2.5
512.0	1.461e-05	1.9272e-10	-10.0	-2.5
512.5	1.4609e-05	1.9339e-10	-10.0	-2.5
513.0	1.4609e-05	1.9365e-10	-10.0	-2.5
513.5	1.461e-05	1.9342e-10	-10.0	-2.5
514.0	1.4612e-05	1.9462e-10	-10.0	-2.5
514.5	1.4612e-05	1.9423e-10	-10.0	-2.5
515.0	1.461e-05	1.9433e-10	-10.0	-2.5
515.5	1.4611e-05	1.9422e-10	-10.0	-2.5
516.0	1.461e-05	1.9356e-10	-10.0	-2.5
516.5	1.4609e-05	1.9395e-10	-10.0	-2.5
517.0	1.4607e-05	1.9444e-10	-10.0	-2.5
517.5	1.4607e-05	1.947e-10	-10.0	-2.5
518.0	1.4605e-05	1.9458e-10	-10.0	-2.5
518.5	1.4605e-05	1.9446e-10	-10.0	-2.5
519.0	1.4603e-05	1.953e-10	-10.0	-2.5
519.5	1.4603e-05	1.9421e-10	-10.0	-2.5
520.0	1.4604e-05	1.9545e-10	-10.0	-2.5
520.5	1.4602e-05	1.9517e-10	-10.0	-2.5
521.0	1.4602e-05	1.9568e-10	-10.0	-2.5
521.5	1.4604e-05	1.958e-10	-10.0	-2.5
522.0	1.4602e-05	1.9465e-10	-10.0	-2.5
522.5	1.4602e-05	1.9529e-10	-10.0	-2.5
523.0	1.4597e-05	1.9534e-10	-10.0	-2.5
523.5	1.4596e-05	1.9443e-10	-10.0	-2.5
524.0	1.4597e-05	1.932e-10	-10.0	-2.5
524.5	1.4595e-05	1.9065e-10	-10.0	-2.5
525.0	1.4595e-05	1.9058e-10	-10.0	-2.5
525.5	1.4594e-05	1.9027e-10	-10.0	-2.5
526.0	1.4596e-05	1.9013e-10	-10.0	-2.5
526.5	1.4594e-05	1.8813e-10	-10.0	-2.5
527.0	1.459e-05	1.9163e-10	-10.0	-2.5
527.5	1.459e-05	1.9245e-10	-10.0	-2.5
528.0	1.459e-05	1.9257e-10	-10.0	-2.5
528.5	1.4591e-05	1.945e-10	-10.0	-2.5
529.0	1.4591e-05	1.9604e-10	-10.0	-2.5
529.5	1.4592e-05	1.9513e-10	-10.0	-2.5
530.0	1.459e-05	1.9577e-10	-10.0	-2.5
530.5	1.459e-05	1.961e-10	-10.0	-2.5
531.0	1.4589e-05	1.963e-10	-10.0	-2.5
531.5	1.459e-05	1.9672e-10	-10.0	-2.5
532.0	1.4589e-05	1.9748e-10	-10.0	-2.5
532.5	1.4589e-05	1.9587e-10	-10.0	-2.5
533.0	1.4588e-05	1.963e-10	-10.0	-2.5
533.5	1.4587e-05	1.9729e-10	-10.0	-2.5
534.0	1.4585e-05	1.972e-10	-10.0	-2.5
534.5	1.4589e-05	1.9726e-10	-10.0	-2.5
535.0	1.4589e-05	1.9708e-10	-10.0	-2.5
535.5	1.4588e-05	1.9658e-10	-10.0	-2.5
536.0	1.4589e-05	1.9682e-10	-10.0	-2.5
536.5	1.4588e-05	1.9673e-10	-10.0	-2.5
537.0	1.4588e-05	1.9716e-10	-10.0	-2.5
537.5	1.4587e-05	1.97e-10	-10.0	-2.5
538.0	1.4589e-05	1.9731e-10	-10.0	-2.5
538.5	1.4588e-05	1.9743e-10	-10.0	-2.5
539.0	1.4601e-05	3.479e-10	-10.0	-2.5
539.5	1.4585e-05	4.0633e-10	-10.0	-2.5
540.0	1.4583e-05	4.0364e-10	-10.0	-2.5
540.5	1.4582e-05	4.0206e-10	-10.0	-2.5
541.0	1.458e-05	3.9924e-10	-10.0	-2.5
541.5	1.4579e-05	3.9595e-10	-10.0	-2.5
542.0	1.4578e-05	3.9312e-10	-10.0	-2.5
542.5	1.4576e-05	3.9191e-10	-10.0	-2.5
543.0	1.4575e-05	3.883e-10	-10.0	-2.5
543.5	1.4574e-05	3.8597e-10	-10.0	-2.5
544.0	1.4574e-05	3.8383e-10	-10.0	-2.5
544.5	1.4573e-05	3.8235e-10	-10.0	-2.5
545.0	1.4573e-05	3.802e-10	-10.0	-2.5
545.5	1.4571e-05	3.7693e-10	-10.0	-2.5
546.0	1.457e-05	3.7578e-10	-10.0	-2.5
546.5	1.4571e-05	3.7386e-10	-10.0	-2.5
547.0	1.4574e-05	3.7178e-10	-10.0	-2.5
547.5	1.4576e-05	3.7145e-10	-10.0	-2.5
548.0	1.4574e-05	3.6877e-10	-10.0	-2.5
548.5	1.4575e-05	3.6841e-10	-10.0	-2.5
549.0	1.4575e-05	3.6686e-10	-10.0	-2.5
549.5	1.4577e-05	3.6552e-10	-10.0	-2.5
550.0	1.4577e-05	3.6394e-10	-10.0	-2.5
550.5	1.4576e-05	3.6249e-10	-10.0	-2.5
551.0	1.4578e-05	3.6267e-10	-10.0	-2.5
551.5	1.4578e-05	3.6147e-10	-10.0	-2.5
552.0	1.4578e-05	3.6081e-10	-10.0	-2.5
552.5	1.4577e-05	3.598e-10	-10.0	-2.5
553.0	1.4577e-05	3.5885e-10	-10.0	-2.5
553.5	1.4578e-05	3.5761e-10	-10.0	-2.5
554.0	1.4577e-05	3.5695e-10	-10.0	-2.5
554.5	1.4576e-05	3.5644e-10	-10.0	-2.5
555.0	1.4577e-05	3.5561e-10	-10.0	-2.5
555.5	1.4578e-05	3.549e-10	-10.0	-2.5
556.0	1.4578e-05	3.5385e-10	-10.0	-2.5
556.5	1.4578e-05	3.5365e-10	-10.0	-2.5
557.0	1.4579e-05	3.5305e-10	-10.0	-2.5
557.5	1.4578e-05	3.5327e-10	-10.0	-2.5
558.0	1.4579e-05	3.5391e-10	-10.0	-2.5
558.5	1.4581e-05	3.5321e-10	-10.0	-2.5
559.0	1.4582e-05	3.5245e-10	-10.0	-2.5
559.5	1.4586e-05	3.527e-10	-10.0	-2.5
560.0	1.4587e-05	3.516e-10	-10.0	-2.5
560.5	1.4587e-05	3.5128e-10	-10.0	-2.5
561.0	1.4587e-05	3.4958e-10	-10.0	-2.5
561.5	1.4589e-05	3.5066e-10	-10.0	-2.5
562.0	1.4589e-05	3.5131e-10	-10.0	-2.5
562.5	1.459e-05	3.5076e-10	-10.0	-2.5
563.0	1.4589e-05	3.5089e-10	-10.0	-2.5
563.5	1.4589e-05	3.5059e-10	-10.0	-2.5
564.0	1.4591e-05	3.5025e-10	-10.0	-2.5
564.5	1.4591e-05	3.5005e-10	-10.0	-2.5
565.0	1.4594e-05	3.4867e-10	-10.0	-2.5
565.5	1.4596e-05	3.4917e-10	-10.0	-2.5
566.0	1.4597e-05	3.4996e-10	-10.0	-2.5
566.5	1.4596e-05	3.501e-10	-10.0	-2.5
567.0	1.4597e-05	3.4946e-10	-10.0	-2.5
567.5	1.4598e-05	3.4959e-10	-10.0	-2.5
568.0	1.4599e-05	3.4911e-10	-10.0	-2.5
568.5	1.4599e-05	3.486e-10	-10.0	-2.5
569.0	1.46e-05	3.4945e-10	-10.0	-2.5
569.5	1.4602e-05	3.4878e-10	-10.0	-2.5
570.0	1.4601e-05	3.4799e-10	-10.0	-2.5
570.5	1.4604e-05	3.4902e-10	-10.0	-2.5
571.0	1.4605e-05	3.486e-10	-10.0	-2.5
571.5	1.4606e-05	3.4952e-10	-10.0	-2.5
572.0	1.4607e-05	3.4908e-10	-10.0	-2.5
572.5	1.4608e-05	3.4988e-10	-10.0	-2.5
573.0	1.4608e-05	3.4934e-10	-10.0	-2.5
573.5	1.4608e-05	3.5018e-10	-10.0	-2.5
574.0	1.4609e-05	3.4898e-10	-10.0	-2.5
574.5	1.4611e-05	3.4967e-10	-10.0	-2.5
575.0	1.4611e-05	3.4983e-10	-10.0	-2.5
575.5	1.4611e-05	3.4955e-10	-10.0	-2.5
576.0	1.4611e-05	3.4984e-10	-10.0	-2.5
576.5	1.4613e-05	3.4939e-10	-10.0	-2.5
577.0	1.4615e-05	3.4993e-10	-10.0	-2.5
577.5	1.4614e-05	3.5005e-10	-10.0	-2.5
578.0	1.4612e-05	3.5078e-10	-10.0	-2.5
578.5	1.4613e-05	3.4968e-10	-10.0	-2.5
579.0	1.4614e-05	3.5041e-10	-10.0	-2.5
579.5	1.4614e-05	3.5042e-10	-10.0	-2.5
580.0	1.4618e-05	3.5088e-10	-10.0	-2.5
580.5	1.4618e-05	3.514e-10	-10.0	-2.5
581.0	1.4622e-05	3.5144e-10	-10.0	-2.5
581.5	1.4622e-05	3.5099e-10	-10.0	-2.5
582.0	1.4622e-05	3.5128e-10	-10.0	-2.5
582.5	1.4624e-05	3.5115e-10	-10.0	-2.5
583.0	1.4625e-05	3.5125e-10	-10.0	-2.5
583.5	1.4627e-05	3.5172e-10	-10.0	-2.5
584.0	1.4626e-05	3.52e-10	-10.0	-2.5
584.5	1.4626e-05	3.5161e-10	-10.0	-2.5
585.0	1.4627e-05	3.5189e-10	-10.0	-2.5
585.5	1.4628e-05	3.5188e-10	-10.0	-2.5
586.0	1.463e-05	3.5139e-10	-10.0	-2.5
586.5	1.4628e-05	3.5275e-10	-10.0	-2.5
587.0	1.463e-05	3.5195e-10	-10.0	-2.5
587.5	1.4633e-05	3.5192e-10	-10.0	-2.5
588.0	1.4633e-05	3.522e-10	-10.0	-2.5
588.5	1.4633e-05	3.5205e-10	-10.0	-2.5
589.0	1.4636e-05	3.5287e-10	-10.0	-2.5
589.5	1.4637e-05	3.5217e-10	-10.0	-2.5
590.0	1.4638e-05	3.5307e-10	-10.0	-2.5
590.5	1.4639e-05	3.5223e-10	-10.0	-2.5
591.0	1.4638e-05	3.5325e-10	-10.0	-2.5
591.5	1.464e-05	3.5344e-10	-10.0	-2.5
592.0	1.4641e-05	3.5376e-10	-10.0	-2.5
592.5	1.4642e-05	3.5415e-10	-10.0	-2.5
593.0	1.4642e-05	3.5519e-10	-10.0	-2.5
593.5	1.4643e-05	3.5401e-10	-10.0	-2.5
594.0	1.4644e-05	3.5516e-10	-10.0	-2.5
594.5	1.4645e-05	3.5466e-10	-10.0	-2.5
595.0	1.4645e-05	3.5543e-10	-10.0	-2.5
595.5	1.4645e-05	3.5463e-10	-10.0	-2.5
596.0	1.4645e-05	3.5537e-10	-10.0	-2.5
596.5	1.4648e-05	3.5496e-10	-10.0	-2.5
597.0	1.4649e-05	3.5522e-10	-10.0	-2.5
597.5	1.465e-05	3.557e-10	-10.0	-2.5
598.0	1.465e-05	3.5534e-10	-10.0	-2.5
598.5	1.465e-05	3.5597e-10	-10.0	-2.5
599.0	1.4649e-05	3.5518e-10	-10.0	-2.5
599.5	1.465e-05	3.558e-10	-10.0	-2.5
600.0	1.4652e-05	3.5603e-10	-10.0	-2.5
600.5	1.4652e-05	3.5627e-10	-10.0	-2.5
601.0	1.4653e-05	3.5692e-10	-10.0	-2.5
601.5	1.4653e-05	3.576e-10	-10.0	-2.5
602.0	1.4653e-05	3.5704e-10	-10.0	-2.5
602.5	1.4654e-05	3.57e-10	-10.0	-2.5
603.0	1.4656e-05	3.5734e-10	-10.0	-2.5
603.5	1.4656e-05	3.57e-10	-10.0	-2.5
604.0	1.4656e-05	3.5726e-10	-10.0	-2.5
604.5	1.4656e-05	3.5696e-10	-10.0	-2.5
605.0	1.4656e-05	3.5781e-10	-10.0	-2.5
605.5	1.4657e-05	3.577e-10	-10.0	-2.5
606.0	1.4658e-05	3.5747e-10	-10.0	-2.5
606.5	1.466e-05	3.5744e-10	-10.0	-2.5
607.0	1.4663e-05	3.5765e-10	-10.0	-2.5
607.5	1.4663e-05	3.5859e-10	-10.0	-2.5
608.0	1.4662e-05	3.5837e-10	-10.0	-2.5
608.5	1.4663e-05	3.5779e-10	-10.0	-2.5
