Time (s)	|IDrain (A)|	|IGate (A)	Vdrain(V)	Vgate(V)
0.0	1.428e-05	8.158e-10	-10.0	-2.5
1.0	1.4281e-05	6.3695e-10	-10.0	-2.5
1.5	1.4283e-05	5.8509e-10	-10.0	-2.5
2.0	1.4286e-05	5.4737e-10	-10.0	-2.5
2.5	1.4287e-05	5.1831e-10	-10.0	-2.5
3.0	1.4288e-05	4.9711e-10	-10.0	-2.5
3.5	1.429e-05	4.805e-10	-10.0	-2.5
4.0	1.4291e-05	4.6571e-10	-10.0	-2.5
4.5	1.4292e-05	4.53e-10	-10.0	-2.5
5.0	1.4297e-05	4.4517e-10	-10.0	-2.5
5.5	1.43e-05	4.3484e-10	-10.0	-2.5
6.0	1.4303e-05	4.2842e-10	-10.0	-2.5
6.5	1.4304e-05	4.2119e-10	-10.0	-2.5
7.0	1.4306e-05	4.165e-10	-10.0	-2.5
7.5	1.4308e-05	4.1168e-10	-10.0	-2.5
8.0	1.4309e-05	4.0721e-10	-10.0	-2.5
8.5	1.4311e-05	4.0309e-10	-10.0	-2.5
9.0	1.4313e-05	4.0002e-10	-10.0	-2.5
9.5	1.4315e-05	3.9525e-10	-10.0	-2.5
10.0	1.4314e-05	3.9341e-10	-10.0	-2.5
10.5	1.4316e-05	3.9089e-10	-10.0	-2.5
11.0	1.4318e-05	3.8792e-10	-10.0	-2.5
11.5	1.4319e-05	3.8529e-10	-10.0	-2.5
12.0	1.4322e-05	3.8235e-10	-10.0	-2.5
12.5	1.4324e-05	3.8136e-10	-10.0	-2.5
13.0	1.4326e-05	3.7967e-10	-10.0	-2.5
13.5	1.433e-05	3.786e-10	-10.0	-2.5
14.0	1.4332e-05	3.767e-10	-10.0	-2.5
14.5	1.4333e-05	3.7615e-10	-10.0	-2.5
15.0	1.4334e-05	3.7479e-10	-10.0	-2.5
15.5	1.4336e-05	3.7351e-10	-10.0	-2.5
16.0	1.434e-05	3.7299e-10	-10.0	-2.5
16.5	1.4341e-05	3.7182e-10	-10.0	-2.5
17.0	1.4341e-05	3.7067e-10	-10.0	-2.5
17.5	1.4343e-05	3.6994e-10	-10.0	-2.5
18.0	1.4346e-05	3.7064e-10	-10.0	-2.5
18.5	1.4348e-05	3.6867e-10	-10.0	-2.5
19.0	1.4352e-05	3.6818e-10	-10.0	-2.5
19.5	1.4354e-05	3.6773e-10	-10.0	-2.5
20.0	1.4354e-05	3.6686e-10	-10.0	-2.5
20.5	1.4356e-05	3.6721e-10	-10.0	-2.5
21.0	1.4357e-05	3.6664e-10	-10.0	-2.5
21.5	1.4359e-05	3.6593e-10	-10.0	-2.5
22.0	1.436e-05	3.6485e-10	-10.0	-2.5
22.5	1.4364e-05	3.6529e-10	-10.0	-2.5
23.0	1.4364e-05	3.6412e-10	-10.0	-2.5
23.5	1.4367e-05	3.6495e-10	-10.0	-2.5
24.0	1.4367e-05	3.6404e-10	-10.0	-2.5
24.5	1.437e-05	3.6352e-10	-10.0	-2.5
25.0	1.437e-05	3.6383e-10	-10.0	-2.5
25.5	1.4372e-05	3.6326e-10	-10.0	-2.5
26.0	1.4374e-05	3.6356e-10	-10.0	-2.5
26.5	1.4376e-05	3.6281e-10	-10.0	-2.5
27.0	1.4378e-05	3.6308e-10	-10.0	-2.5
27.5	1.4377e-05	3.6349e-10	-10.0	-2.5
28.0	1.4381e-05	3.63e-10	-10.0	-2.5
28.5	1.4381e-05	3.6366e-10	-10.0	-2.5
29.0	1.4384e-05	3.6196e-10	-10.0	-2.5
29.5	1.4386e-05	3.6269e-10	-10.0	-2.5
30.0	1.4386e-05	3.6217e-10	-10.0	-2.5
30.5	1.4388e-05	3.6206e-10	-10.0	-2.5
31.0	1.4389e-05	3.6324e-10	-10.0	-2.5
31.5	1.4393e-05	3.6227e-10	-10.0	-2.5
32.0	1.4394e-05	3.631e-10	-10.0	-2.5
32.5	1.4397e-05	3.6182e-10	-10.0	-2.5
33.0	1.4397e-05	3.6281e-10	-10.0	-2.5
33.5	1.4398e-05	3.6115e-10	-10.0	-2.5
34.0	1.4399e-05	3.6186e-10	-10.0	-2.5
34.5	1.4401e-05	3.6355e-10	-10.0	-2.5
35.0	1.4401e-05	3.6285e-10	-10.0	-2.5
35.5	1.4405e-05	3.6256e-10	-10.0	-2.5
36.0	1.4406e-05	3.6217e-10	-10.0	-2.5
36.5	1.4406e-05	3.63e-10	-10.0	-2.5
37.0	1.4407e-05	3.6304e-10	-10.0	-2.5
37.5	1.4409e-05	3.6254e-10	-10.0	-2.5
38.0	1.441e-05	3.6275e-10	-10.0	-2.5
38.5	1.441e-05	3.6324e-10	-10.0	-2.5
39.0	1.4414e-05	3.6323e-10	-10.0	-2.5
39.5	1.4414e-05	3.6321e-10	-10.0	-2.5
40.0	1.4415e-05	3.6285e-10	-10.0	-2.5
40.5	1.4416e-05	3.6175e-10	-10.0	-2.5
41.0	1.442e-05	3.6211e-10	-10.0	-2.5
41.5	1.4419e-05	3.6237e-10	-10.0	-2.5
42.0	1.4421e-05	3.6296e-10	-10.0	-2.5
42.5	1.4422e-05	3.6265e-10	-10.0	-2.5
43.0	1.4425e-05	3.6291e-10	-10.0	-2.5
43.5	1.4428e-05	3.6082e-10	-10.0	-2.5
44.0	1.443e-05	3.6237e-10	-10.0	-2.5
44.5	1.4429e-05	3.6188e-10	-10.0	-2.5
45.0	1.4431e-05	3.6246e-10	-10.0	-2.5
45.5	1.4433e-05	3.63e-10	-10.0	-2.5
46.0	1.4435e-05	3.6348e-10	-10.0	-2.5
46.5	1.4435e-05	3.6245e-10	-10.0	-2.5
47.0	1.4437e-05	3.6282e-10	-10.0	-2.5
47.5	1.4439e-05	3.6265e-10	-10.0	-2.5
48.0	1.4441e-05	3.6248e-10	-10.0	-2.5
48.5	1.4441e-05	3.6284e-10	-10.0	-2.5
49.0	1.4442e-05	3.6274e-10	-10.0	-2.5
49.5	1.4443e-05	3.6269e-10	-10.0	-2.5
50.0	1.4445e-05	3.633e-10	-10.0	-2.5
50.5	1.4445e-05	3.6299e-10	-10.0	-2.5
51.0	1.4447e-05	3.6414e-10	-10.0	-2.5
51.5	1.445e-05	3.6359e-10	-10.0	-2.5
52.0	1.445e-05	3.6339e-10	-10.0	-2.5
52.5	1.4452e-05	3.6281e-10	-10.0	-2.5
53.0	1.4453e-05	3.6447e-10	-10.0	-2.5
53.5	1.4455e-05	3.638e-10	-10.0	-2.5
54.0	1.4457e-05	3.6391e-10	-10.0	-2.5
54.5	1.4456e-05	3.6294e-10	-10.0	-2.5
55.0	1.4456e-05	3.6333e-10	-10.0	-2.5
55.5	1.4459e-05	3.6403e-10	-10.0	-2.5
56.0	1.4462e-05	3.644e-10	-10.0	-2.5
56.5	1.4463e-05	3.6488e-10	-10.0	-2.5
57.0	1.4463e-05	3.6393e-10	-10.0	-2.5
57.5	1.4464e-05	3.6424e-10	-10.0	-2.5
58.0	1.4467e-05	3.6417e-10	-10.0	-2.5
58.5	1.4466e-05	3.6416e-10	-10.0	-2.5
59.0	1.4467e-05	3.645e-10	-10.0	-2.5
59.5	1.4471e-05	3.6461e-10	-10.0	-2.5
60.0	1.447e-05	3.6526e-10	-10.0	-2.5
60.5	1.4473e-05	3.641e-10	-10.0	-2.5
61.0	1.4473e-05	3.6491e-10	-10.0	-2.5
61.5	1.4473e-05	3.6487e-10	-10.0	-2.5
62.0	1.4474e-05	3.652e-10	-10.0	-2.5
62.5	1.4475e-05	3.6539e-10	-10.0	-2.5
63.0	1.4478e-05	3.6527e-10	-10.0	-2.5
63.5	1.4478e-05	3.6525e-10	-10.0	-2.5
64.0	1.4479e-05	3.6513e-10	-10.0	-2.5
64.5	1.4481e-05	3.6466e-10	-10.0	-2.5
65.0	1.448e-05	3.6523e-10	-10.0	-2.5
65.5	1.4484e-05	3.6559e-10	-10.0	-2.5
66.0	1.4484e-05	3.6475e-10	-10.0	-2.5
66.5	1.4484e-05	3.6497e-10	-10.0	-2.5
67.0	1.4486e-05	3.6525e-10	-10.0	-2.5
67.5	1.4487e-05	3.6504e-10	-10.0	-2.5
68.0	1.4488e-05	3.6501e-10	-10.0	-2.5
68.5	1.4488e-05	3.656e-10	-10.0	-2.5
69.0	1.449e-05	3.6562e-10	-10.0	-2.5
69.5	1.4491e-05	3.6661e-10	-10.0	-2.5
70.0	1.4494e-05	3.6502e-10	-10.0	-2.5
70.5	1.4494e-05	3.6583e-10	-10.0	-2.5
71.0	1.4495e-05	3.6496e-10	-10.0	-2.5
71.5	1.4495e-05	3.6643e-10	-10.0	-2.5
72.0	1.4496e-05	3.6538e-10	-10.0	-2.5
72.5	1.4497e-05	3.6485e-10	-10.0	-2.5
73.0	1.4499e-05	3.6575e-10	-10.0	-2.5
73.5	1.4498e-05	3.6609e-10	-10.0	-2.5
74.0	1.45e-05	3.6562e-10	-10.0	-2.5
74.5	1.4501e-05	3.6601e-10	-10.0	-2.5
75.0	1.4503e-05	3.6654e-10	-10.0	-2.5
75.5	1.4503e-05	3.6658e-10	-10.0	-2.5
76.0	1.4505e-05	3.665e-10	-10.0	-2.5
76.5	1.4505e-05	3.6709e-10	-10.0	-2.5
77.0	1.4507e-05	3.6697e-10	-10.0	-2.5
77.5	1.4509e-05	3.6745e-10	-10.0	-2.5
78.0	1.451e-05	3.6758e-10	-10.0	-2.5
78.5	1.451e-05	3.6778e-10	-10.0	-2.5
79.0	1.4512e-05	3.674e-10	-10.0	-2.5
79.5	1.4513e-05	3.6784e-10	-10.0	-2.5
80.0	1.4515e-05	3.6738e-10	-10.0	-2.5
80.5	1.4514e-05	3.674e-10	-10.0	-2.5
81.0	1.4516e-05	3.6819e-10	-10.0	-2.5
81.5	1.4516e-05	3.6825e-10	-10.0	-2.5
82.0	1.4515e-05	3.679e-10	-10.0	-2.5
82.5	1.4517e-05	3.6859e-10	-10.0	-2.5
83.0	1.4517e-05	3.688e-10	-10.0	-2.5
83.5	1.4519e-05	3.6808e-10	-10.0	-2.5
84.0	1.452e-05	3.6835e-10	-10.0	-2.5
84.5	1.4521e-05	3.679e-10	-10.0	-2.5
85.0	1.4523e-05	3.6862e-10	-10.0	-2.5
85.5	1.4524e-05	3.6825e-10	-10.0	-2.5
86.0	1.4524e-05	3.6862e-10	-10.0	-2.5
86.5	1.4525e-05	3.6842e-10	-10.0	-2.5
87.0	1.4527e-05	3.6953e-10	-10.0	-2.5
87.5	1.4528e-05	3.6842e-10	-10.0	-2.5
88.0	1.4528e-05	3.6825e-10	-10.0	-2.5
88.5	1.4529e-05	3.6917e-10	-10.0	-2.5
89.0	1.4529e-05	3.6982e-10	-10.0	-2.5
89.5	1.4531e-05	3.6966e-10	-10.0	-2.5
90.0	1.4532e-05	3.6919e-10	-10.0	-2.5
90.5	1.4534e-05	3.7023e-10	-10.0	-2.5
91.0	1.4536e-05	3.6948e-10	-10.0	-2.5
91.5	1.4535e-05	3.7013e-10	-10.0	-2.5
92.0	1.4537e-05	3.7095e-10	-10.0	-2.5
92.5	1.4534e-05	3.7036e-10	-10.0	-2.5
93.0	1.4535e-05	3.7073e-10	-10.0	-2.5
93.5	1.4535e-05	3.6972e-10	-10.0	-2.5
94.0	1.4537e-05	3.7095e-10	-10.0	-2.5
94.5	1.4538e-05	3.6962e-10	-10.0	-2.5
95.0	1.4538e-05	3.7023e-10	-10.0	-2.5
95.5	1.454e-05	3.7076e-10	-10.0	-2.5
96.0	1.4541e-05	3.7072e-10	-10.0	-2.5
96.5	1.4541e-05	3.7113e-10	-10.0	-2.5
97.0	1.4541e-05	3.7097e-10	-10.0	-2.5
97.5	1.4542e-05	3.7053e-10	-10.0	-2.5
98.0	1.4542e-05	3.7129e-10	-10.0	-2.5
98.5	1.4546e-05	3.7078e-10	-10.0	-2.5
99.0	1.4547e-05	3.7043e-10	-10.0	-2.5
99.5	1.4548e-05	3.711e-10	-10.0	-2.5
100.0	1.4548e-05	3.72e-10	-10.0	-2.5
100.5	1.4551e-05	3.7081e-10	-10.0	-2.5
101.0	1.4551e-05	3.7195e-10	-10.0	-2.5
101.5	1.4553e-05	3.7105e-10	-10.0	-2.5
102.0	1.4552e-05	3.7212e-10	-10.0	-2.5
102.5	1.4552e-05	3.7255e-10	-10.0	-2.5
103.0	1.4552e-05	3.7241e-10	-10.0	-2.5
103.5	1.4555e-05	3.718e-10	-10.0	-2.5
104.0	1.4555e-05	3.7227e-10	-10.0	-2.5
104.5	1.4554e-05	3.7184e-10	-10.0	-2.5
105.0	1.4557e-05	3.7211e-10	-10.0	-2.5
105.5	1.4556e-05	3.7273e-10	-10.0	-2.5
106.0	1.456e-05	3.7215e-10	-10.0	-2.5
106.5	1.4561e-05	3.7377e-10	-10.0	-2.5
107.0	1.4561e-05	3.7307e-10	-10.0	-2.5
107.5	1.4561e-05	3.7307e-10	-10.0	-2.5
108.0	1.4563e-05	3.7246e-10	-10.0	-2.5
108.5	1.4562e-05	3.7389e-10	-10.0	-2.5
109.0	1.4564e-05	3.7427e-10	-10.0	-2.5
109.5	1.4564e-05	3.7347e-10	-10.0	-2.5
110.0	1.4566e-05	3.7436e-10	-10.0	-2.5
110.5	1.4567e-05	3.743e-10	-10.0	-2.5
111.0	1.4567e-05	3.7386e-10	-10.0	-2.5
111.5	1.457e-05	3.7435e-10	-10.0	-2.5
112.0	1.457e-05	3.7346e-10	-10.0	-2.5
112.5	1.457e-05	3.7496e-10	-10.0	-2.5
113.0	1.4571e-05	3.7442e-10	-10.0	-2.5
113.5	1.457e-05	3.7395e-10	-10.0	-2.5
114.0	1.457e-05	3.7468e-10	-10.0	-2.5
114.5	1.4571e-05	3.7455e-10	-10.0	-2.5
115.0	1.4571e-05	3.7542e-10	-10.0	-2.5
115.5	1.4571e-05	3.7523e-10	-10.0	-2.5
116.0	1.4571e-05	3.7482e-10	-10.0	-2.5
116.5	1.4572e-05	3.7414e-10	-10.0	-2.5
117.0	1.4573e-05	3.752e-10	-10.0	-2.5
117.5	1.4576e-05	3.7532e-10	-10.0	-2.5
118.0	1.4574e-05	3.7496e-10	-10.0	-2.5
118.5	1.4577e-05	3.7542e-10	-10.0	-2.5
119.0	1.4595e-05	1.8411e-10	-10.0	-2.5
119.5	1.4598e-05	2.0577e-10	-10.0	-2.5
120.0	1.4599e-05	2.2277e-10	-10.0	-2.5
120.5	1.46e-05	2.1349e-10	-10.0	-2.5
121.0	1.46e-05	2.1645e-10	-10.0	-2.5
121.5	1.4604e-05	2.1932e-10	-10.0	-2.5
122.0	1.4605e-05	2.2393e-10	-10.0	-2.5
122.5	1.4609e-05	2.2371e-10	-10.0	-2.5
123.0	1.4611e-05	2.2662e-10	-10.0	-2.5
123.5	1.4611e-05	2.3454e-10	-10.0	-2.5
124.0	1.4613e-05	2.3359e-10	-10.0	-2.5
124.5	1.4613e-05	2.3621e-10	-10.0	-2.5
125.0	1.4615e-05	2.2436e-10	-10.0	-2.5
125.5	1.4617e-05	2.4061e-10	-10.0	-2.5
126.0	1.4618e-05	2.4322e-10	-10.0	-2.5
126.5	1.462e-05	2.42e-10	-10.0	-2.5
127.0	1.4617e-05	2.4653e-10	-10.0	-2.5
127.5	1.4622e-05	2.4607e-10	-10.0	-2.5
128.0	1.4625e-05	2.4728e-10	-10.0	-2.5
128.5	1.4622e-05	2.4938e-10	-10.0	-2.5
129.0	1.4625e-05	2.4586e-10	-10.0	-2.5
129.5	1.4625e-05	2.5263e-10	-10.0	-2.5
130.0	1.4625e-05	2.5502e-10	-10.0	-2.5
130.5	1.4625e-05	2.5327e-10	-10.0	-2.5
131.0	1.4626e-05	2.5351e-10	-10.0	-2.5
131.5	1.4631e-05	2.5509e-10	-10.0	-2.5
132.0	1.4632e-05	2.5584e-10	-10.0	-2.5
132.5	1.4633e-05	2.5896e-10	-10.0	-2.5
133.0	1.4633e-05	2.5703e-10	-10.0	-2.5
133.5	1.4633e-05	2.5814e-10	-10.0	-2.5
134.0	1.4633e-05	2.6014e-10	-10.0	-2.5
134.5	1.4632e-05	2.5694e-10	-10.0	-2.5
135.0	1.4635e-05	2.6032e-10	-10.0	-2.5
135.5	1.4635e-05	2.6017e-10	-10.0	-2.5
136.0	1.4635e-05	2.6227e-10	-10.0	-2.5
136.5	1.4632e-05	2.6233e-10	-10.0	-2.5
137.0	1.4634e-05	2.606e-10	-10.0	-2.5
137.5	1.4636e-05	2.6328e-10	-10.0	-2.5
138.0	1.4637e-05	2.6175e-10	-10.0	-2.5
138.5	1.4639e-05	2.6244e-10	-10.0	-2.5
139.0	1.464e-05	2.6874e-10	-10.0	-2.5
139.5	1.464e-05	2.5827e-10	-10.0	-2.5
140.0	1.4638e-05	2.6162e-10	-10.0	-2.5
140.5	1.4638e-05	2.6163e-10	-10.0	-2.5
141.0	1.4637e-05	2.6213e-10	-10.0	-2.5
141.5	1.4637e-05	2.6311e-10	-10.0	-2.5
142.0	1.4638e-05	2.6089e-10	-10.0	-2.5
142.5	1.4637e-05	2.6052e-10	-10.0	-2.5
143.0	1.4636e-05	2.6006e-10	-10.0	-2.5
143.5	1.4637e-05	2.6149e-10	-10.0	-2.5
144.0	1.4636e-05	2.6019e-10	-10.0	-2.5
144.5	1.464e-05	2.6009e-10	-10.0	-2.5
145.0	1.4639e-05	2.6003e-10	-10.0	-2.5
145.5	1.4637e-05	2.7383e-10	-10.0	-2.5
146.0	1.4639e-05	2.5986e-10	-10.0	-2.5
146.5	1.4638e-05	2.6341e-10	-10.0	-2.5
147.0	1.4638e-05	2.5015e-10	-10.0	-2.5
147.5	1.4641e-05	2.6113e-10	-10.0	-2.5
148.0	1.4641e-05	2.6334e-10	-10.0	-2.5
148.5	1.464e-05	2.6532e-10	-10.0	-2.5
149.0	1.4641e-05	2.6486e-10	-10.0	-2.5
149.5	1.464e-05	2.6275e-10	-10.0	-2.5
150.0	1.464e-05	2.6195e-10	-10.0	-2.5
150.5	1.4641e-05	2.6326e-10	-10.0	-2.5
151.0	1.4641e-05	2.6199e-10	-10.0	-2.5
151.5	1.4642e-05	2.7621e-10	-10.0	-2.5
152.0	1.4642e-05	2.6517e-10	-10.0	-2.5
152.5	1.4642e-05	2.6141e-10	-10.0	-2.5
153.0	1.464e-05	2.6502e-10	-10.0	-2.5
153.5	1.4639e-05	2.6084e-10	-10.0	-2.5
154.0	1.4639e-05	2.6409e-10	-10.0	-2.5
154.5	1.4634e-05	2.6555e-10	-10.0	-2.5
155.0	1.4636e-05	2.6344e-10	-10.0	-2.5
155.5	1.4634e-05	2.6399e-10	-10.0	-2.5
156.0	1.4635e-05	2.6101e-10	-10.0	-2.5
156.5	1.4635e-05	2.6489e-10	-10.0	-2.5
157.0	1.4628e-05	2.662e-10	-10.0	-2.5
157.5	1.462e-05	2.6373e-10	-10.0	-2.5
158.0	1.4621e-05	2.6262e-10	-10.0	-2.5
158.5	1.4621e-05	2.6412e-10	-10.0	-2.5
159.0	1.462e-05	2.6377e-10	-10.0	-2.5
159.5	1.4619e-05	2.6386e-10	-10.0	-2.5
160.0	1.4619e-05	2.6304e-10	-10.0	-2.5
160.5	1.4619e-05	2.6328e-10	-10.0	-2.5
161.0	1.4619e-05	2.6214e-10	-10.0	-2.5
161.5	1.4618e-05	2.6107e-10	-10.0	-2.5
162.0	1.462e-05	2.5955e-10	-10.0	-2.5
162.5	1.4619e-05	2.5938e-10	-10.0	-2.5
163.0	1.462e-05	2.5861e-10	-10.0	-2.5
163.5	1.4619e-05	2.5822e-10	-10.0	-2.5
164.0	1.4619e-05	2.5762e-10	-10.0	-2.5
164.5	1.4615e-05	2.5721e-10	-10.0	-2.5
165.0	1.4617e-05	2.5723e-10	-10.0	-2.5
165.5	1.4616e-05	2.579e-10	-10.0	-2.5
166.0	1.4617e-05	2.5561e-10	-10.0	-2.5
166.5	1.4612e-05	2.5508e-10	-10.0	-2.5
167.0	1.4612e-05	2.5481e-10	-10.0	-2.5
167.5	1.4611e-05	2.5379e-10	-10.0	-2.5
168.0	1.4612e-05	2.5225e-10	-10.0	-2.5
168.5	1.4613e-05	2.4945e-10	-10.0	-2.5
169.0	1.4612e-05	2.5117e-10	-10.0	-2.5
169.5	1.4612e-05	2.5273e-10	-10.0	-2.5
170.0	1.4612e-05	2.5234e-10	-10.0	-2.5
170.5	1.4612e-05	2.526e-10	-10.0	-2.5
171.0	1.4611e-05	2.5321e-10	-10.0	-2.5
171.5	1.4612e-05	2.5353e-10	-10.0	-2.5
172.0	1.4609e-05	2.4871e-10	-10.0	-2.5
172.5	1.4608e-05	2.4758e-10	-10.0	-2.5
173.0	1.461e-05	2.4717e-10	-10.0	-2.5
173.5	1.4607e-05	2.4785e-10	-10.0	-2.5
174.0	1.4611e-05	2.4565e-10	-10.0	-2.5
174.5	1.4607e-05	2.4733e-10	-10.0	-2.5
175.0	1.4609e-05	2.4741e-10	-10.0	-2.5
175.5	1.461e-05	2.4908e-10	-10.0	-2.5
176.0	1.461e-05	2.4882e-10	-10.0	-2.5
176.5	1.4609e-05	2.5032e-10	-10.0	-2.5
177.0	1.461e-05	2.4924e-10	-10.0	-2.5
177.5	1.4611e-05	2.4991e-10	-10.0	-2.5
178.0	1.461e-05	2.46e-10	-10.0	-2.5
178.5	1.4609e-05	2.4661e-10	-10.0	-2.5
179.0	1.4613e-05	2.9728e-10	-10.0	-2.5
179.5	1.4605e-05	4.3726e-10	-10.0	-2.5
180.0	1.4603e-05	4.217e-10	-10.0	-2.5
180.5	1.4602e-05	4.2056e-10	-10.0	-2.5
181.0	1.4602e-05	4.1715e-10	-10.0	-2.5
181.5	1.4601e-05	4.1657e-10	-10.0	-2.5
182.0	1.4599e-05	4.13e-10	-10.0	-2.5
182.5	1.4599e-05	4.1037e-10	-10.0	-2.5
183.0	1.4598e-05	4.0802e-10	-10.0	-2.5
183.5	1.4597e-05	4.0648e-10	-10.0	-2.5
184.0	1.4597e-05	4.0446e-10	-10.0	-2.5
184.5	1.4595e-05	4.032e-10	-10.0	-2.5
185.0	1.4598e-05	4.0127e-10	-10.0	-2.5
185.5	1.4598e-05	3.9887e-10	-10.0	-2.5
186.0	1.4595e-05	3.9751e-10	-10.0	-2.5
186.5	1.4594e-05	3.9585e-10	-10.0	-2.5
187.0	1.4593e-05	3.937e-10	-10.0	-2.5
187.5	1.4592e-05	3.9269e-10	-10.0	-2.5
188.0	1.4592e-05	3.913e-10	-10.0	-2.5
188.5	1.4593e-05	3.8971e-10	-10.0	-2.5
189.0	1.4592e-05	3.888e-10	-10.0	-2.5
189.5	1.4593e-05	3.8766e-10	-10.0	-2.5
190.0	1.4592e-05	3.8564e-10	-10.0	-2.5
190.5	1.4594e-05	3.8499e-10	-10.0	-2.5
191.0	1.4592e-05	3.8272e-10	-10.0	-2.5
191.5	1.4591e-05	3.815e-10	-10.0	-2.5
192.0	1.4592e-05	3.8292e-10	-10.0	-2.5
192.5	1.4592e-05	3.8231e-10	-10.0	-2.5
193.0	1.4592e-05	3.8212e-10	-10.0	-2.5
193.5	1.4591e-05	3.8067e-10	-10.0	-2.5
194.0	1.4592e-05	3.8097e-10	-10.0	-2.5
194.5	1.4592e-05	3.8106e-10	-10.0	-2.5
195.0	1.4591e-05	3.7917e-10	-10.0	-2.5
195.5	1.4591e-05	3.797e-10	-10.0	-2.5
196.0	1.4592e-05	3.7905e-10	-10.0	-2.5
196.5	1.4592e-05	3.7911e-10	-10.0	-2.5
197.0	1.4592e-05	3.781e-10	-10.0	-2.5
197.5	1.4592e-05	3.7751e-10	-10.0	-2.5
198.0	1.4592e-05	3.7816e-10	-10.0	-2.5
198.5	1.4593e-05	3.7753e-10	-10.0	-2.5
199.0	1.4593e-05	3.7791e-10	-10.0	-2.5
199.5	1.4596e-05	3.7765e-10	-10.0	-2.5
200.0	1.4596e-05	3.774e-10	-10.0	-2.5
200.5	1.4597e-05	3.762e-10	-10.0	-2.5
201.0	1.46e-05	3.7644e-10	-10.0	-2.5
201.5	1.4598e-05	3.7672e-10	-10.0	-2.5
202.0	1.46e-05	3.7596e-10	-10.0	-2.5
202.5	1.46e-05	3.765e-10	-10.0	-2.5
203.0	1.46e-05	3.7597e-10	-10.0	-2.5
203.5	1.4599e-05	3.7629e-10	-10.0	-2.5
204.0	1.46e-05	3.7474e-10	-10.0	-2.5
204.5	1.4601e-05	3.7564e-10	-10.0	-2.5
205.0	1.4602e-05	3.7584e-10	-10.0	-2.5
205.5	1.4602e-05	3.7548e-10	-10.0	-2.5
206.0	1.4605e-05	3.75e-10	-10.0	-2.5
206.5	1.4606e-05	3.7618e-10	-10.0	-2.5
207.0	1.4605e-05	3.7582e-10	-10.0	-2.5
207.5	1.4606e-05	3.7541e-10	-10.0	-2.5
208.0	1.4606e-05	3.7567e-10	-10.0	-2.5
208.5	1.4607e-05	3.7596e-10	-10.0	-2.5
209.0	1.4608e-05	3.7544e-10	-10.0	-2.5
209.5	1.4608e-05	3.7598e-10	-10.0	-2.5
210.0	1.4607e-05	3.7642e-10	-10.0	-2.5
210.5	1.4609e-05	3.76e-10	-10.0	-2.5
211.0	1.4609e-05	3.7662e-10	-10.0	-2.5
211.5	1.4608e-05	3.7607e-10	-10.0	-2.5
212.0	1.4608e-05	3.7665e-10	-10.0	-2.5
212.5	1.4609e-05	3.7597e-10	-10.0	-2.5
213.0	1.4609e-05	3.7548e-10	-10.0	-2.5
213.5	1.4611e-05	3.7573e-10	-10.0	-2.5
214.0	1.4613e-05	3.7596e-10	-10.0	-2.5
214.5	1.4614e-05	3.7621e-10	-10.0	-2.5
215.0	1.4614e-05	3.7612e-10	-10.0	-2.5
215.5	1.4613e-05	3.7495e-10	-10.0	-2.5
216.0	1.4615e-05	3.7598e-10	-10.0	-2.5
216.5	1.4615e-05	3.7589e-10	-10.0	-2.5
217.0	1.4615e-05	3.7564e-10	-10.0	-2.5
217.5	1.4617e-05	3.7591e-10	-10.0	-2.5
218.0	1.462e-05	3.7527e-10	-10.0	-2.5
218.5	1.4619e-05	3.7525e-10	-10.0	-2.5
219.0	1.462e-05	3.7598e-10	-10.0	-2.5
219.5	1.462e-05	3.7569e-10	-10.0	-2.5
220.0	1.4621e-05	3.7479e-10	-10.0	-2.5
220.5	1.4623e-05	3.7577e-10	-10.0	-2.5
221.0	1.4624e-05	3.757e-10	-10.0	-2.5
221.5	1.4625e-05	3.7555e-10	-10.0	-2.5
222.0	1.4626e-05	3.7611e-10	-10.0	-2.5
222.5	1.4628e-05	3.7623e-10	-10.0	-2.5
223.0	1.4628e-05	3.7577e-10	-10.0	-2.5
223.5	1.4628e-05	3.7588e-10	-10.0	-2.5
224.0	1.4628e-05	3.7653e-10	-10.0	-2.5
224.5	1.4627e-05	3.7612e-10	-10.0	-2.5
225.0	1.4629e-05	3.7714e-10	-10.0	-2.5
225.5	1.463e-05	3.7675e-10	-10.0	-2.5
226.0	1.463e-05	3.773e-10	-10.0	-2.5
226.5	1.4631e-05	3.777e-10	-10.0	-2.5
227.0	1.463e-05	3.7713e-10	-10.0	-2.5
227.5	1.4631e-05	3.7734e-10	-10.0	-2.5
228.0	1.4631e-05	3.7702e-10	-10.0	-2.5
228.5	1.4633e-05	3.7792e-10	-10.0	-2.5
229.0	1.4633e-05	3.7671e-10	-10.0	-2.5
229.5	1.4633e-05	3.7697e-10	-10.0	-2.5
230.0	1.4635e-05	3.7695e-10	-10.0	-2.5
230.5	1.4635e-05	3.769e-10	-10.0	-2.5
231.0	1.4637e-05	3.7755e-10	-10.0	-2.5
231.5	1.4639e-05	3.7711e-10	-10.0	-2.5
232.0	1.4639e-05	3.7793e-10	-10.0	-2.5
232.5	1.464e-05	3.7831e-10	-10.0	-2.5
233.0	1.4641e-05	3.7775e-10	-10.0	-2.5
233.5	1.4643e-05	3.784e-10	-10.0	-2.5
234.0	1.4642e-05	3.7761e-10	-10.0	-2.5
234.5	1.4645e-05	3.7706e-10	-10.0	-2.5
235.0	1.4646e-05	3.777e-10	-10.0	-2.5
235.5	1.4647e-05	3.7802e-10	-10.0	-2.5
236.0	1.4647e-05	3.7838e-10	-10.0	-2.5
236.5	1.465e-05	3.7826e-10	-10.0	-2.5
237.0	1.4649e-05	3.7809e-10	-10.0	-2.5
237.5	1.4649e-05	3.7821e-10	-10.0	-2.5
238.0	1.465e-05	3.7825e-10	-10.0	-2.5
238.5	1.465e-05	3.786e-10	-10.0	-2.5
239.0	1.4657e-05	2.3533e-10	-10.0	-2.5
239.5	1.4652e-05	1.9498e-10	-10.0	-2.5
240.0	1.4655e-05	1.9161e-10	-10.0	-2.5
240.5	1.4656e-05	1.9611e-10	-10.0	-2.5
241.0	1.4658e-05	1.9816e-10	-10.0	-2.5
241.5	1.4661e-05	2.0226e-10	-10.0	-2.5
242.0	1.4664e-05	2.0528e-10	-10.0	-2.5
242.5	1.4665e-05	2.0844e-10	-10.0	-2.5
243.0	1.4666e-05	2.11e-10	-10.0	-2.5
243.5	1.4666e-05	2.1335e-10	-10.0	-2.5
244.0	1.4666e-05	2.1627e-10	-10.0	-2.5
244.5	1.4667e-05	2.196e-10	-10.0	-2.5
245.0	1.4669e-05	2.2146e-10	-10.0	-2.5
245.5	1.4669e-05	2.2315e-10	-10.0	-2.5
246.0	1.4669e-05	2.2451e-10	-10.0	-2.5
246.5	1.4673e-05	2.2708e-10	-10.0	-2.5
247.0	1.4674e-05	2.2825e-10	-10.0	-2.5
247.5	1.4673e-05	2.2958e-10	-10.0	-2.5
248.0	1.4673e-05	2.31e-10	-10.0	-2.5
248.5	1.4675e-05	2.3287e-10	-10.0	-2.5
249.0	1.4674e-05	2.3342e-10	-10.0	-2.5
249.5	1.4674e-05	2.3519e-10	-10.0	-2.5
250.0	1.4676e-05	2.36e-10	-10.0	-2.5
250.5	1.4677e-05	2.3812e-10	-10.0	-2.5
251.0	1.4678e-05	2.3876e-10	-10.0	-2.5
251.5	1.4678e-05	2.3936e-10	-10.0	-2.5
252.0	1.4679e-05	2.3962e-10	-10.0	-2.5
252.5	1.468e-05	2.412e-10	-10.0	-2.5
253.0	1.4679e-05	2.4199e-10	-10.0	-2.5
253.5	1.4678e-05	2.4265e-10	-10.0	-2.5
254.0	1.4681e-05	2.4291e-10	-10.0	-2.5
254.5	1.4678e-05	2.4358e-10	-10.0	-2.5
255.0	1.4681e-05	2.4466e-10	-10.0	-2.5
255.5	1.4681e-05	2.4536e-10	-10.0	-2.5
256.0	1.468e-05	2.462e-10	-10.0	-2.5
256.5	1.4681e-05	2.4684e-10	-10.0	-2.5
257.0	1.4682e-05	2.464e-10	-10.0	-2.5
257.5	1.4681e-05	2.477e-10	-10.0	-2.5
258.0	1.4676e-05	2.4872e-10	-10.0	-2.5
258.5	1.4677e-05	2.4908e-10	-10.0	-2.5
259.0	1.4676e-05	2.4848e-10	-10.0	-2.5
259.5	1.4679e-05	2.4922e-10	-10.0	-2.5
260.0	1.468e-05	2.4895e-10	-10.0	-2.5
260.5	1.4679e-05	2.4946e-10	-10.0	-2.5
261.0	1.4678e-05	2.4985e-10	-10.0	-2.5
261.5	1.4674e-05	2.5043e-10	-10.0	-2.5
262.0	1.4677e-05	2.5098e-10	-10.0	-2.5
262.5	1.4676e-05	2.5115e-10	-10.0	-2.5
263.0	1.4675e-05	2.5103e-10	-10.0	-2.5
263.5	1.4676e-05	2.5098e-10	-10.0	-2.5
264.0	1.4675e-05	2.513e-10	-10.0	-2.5
264.5	1.4675e-05	2.5014e-10	-10.0	-2.5
265.0	1.4675e-05	2.5058e-10	-10.0	-2.5
265.5	1.4676e-05	2.513e-10	-10.0	-2.5
266.0	1.4673e-05	2.5104e-10	-10.0	-2.5
266.5	1.4674e-05	2.5118e-10	-10.0	-2.5
267.0	1.4673e-05	2.5137e-10	-10.0	-2.5
267.5	1.4673e-05	2.518e-10	-10.0	-2.5
268.0	1.4671e-05	2.523e-10	-10.0	-2.5
268.5	1.467e-05	2.523e-10	-10.0	-2.5
269.0	1.467e-05	2.533e-10	-10.0	-2.5
269.5	1.4668e-05	2.5239e-10	-10.0	-2.5
270.0	1.467e-05	2.5196e-10	-10.0	-2.5
270.5	1.4665e-05	2.5195e-10	-10.0	-2.5
271.0	1.4665e-05	2.5176e-10	-10.0	-2.5
271.5	1.4665e-05	2.5314e-10	-10.0	-2.5
272.0	1.4661e-05	2.5229e-10	-10.0	-2.5
272.5	1.466e-05	2.5273e-10	-10.0	-2.5
273.0	1.4663e-05	2.5197e-10	-10.0	-2.5
273.5	1.4663e-05	2.5239e-10	-10.0	-2.5
274.0	1.4663e-05	2.5203e-10	-10.0	-2.5
274.5	1.466e-05	2.5326e-10	-10.0	-2.5
275.0	1.4659e-05	2.5269e-10	-10.0	-2.5
275.5	1.466e-05	2.5217e-10	-10.0	-2.5
276.0	1.4657e-05	2.5401e-10	-10.0	-2.5
276.5	1.4657e-05	2.5307e-10	-10.0	-2.5
277.0	1.4657e-05	2.5349e-10	-10.0	-2.5
277.5	1.466e-05	2.5466e-10	-10.0	-2.5
278.0	1.4655e-05	2.5334e-10	-10.0	-2.5
278.5	1.4657e-05	2.5352e-10	-10.0	-2.5
279.0	1.4657e-05	2.5329e-10	-10.0	-2.5
279.5	1.4655e-05	2.5324e-10	-10.0	-2.5
280.0	1.4654e-05	2.5313e-10	-10.0	-2.5
280.5	1.4654e-05	2.5482e-10	-10.0	-2.5
281.0	1.4652e-05	2.5452e-10	-10.0	-2.5
281.5	1.4653e-05	2.5466e-10	-10.0	-2.5
282.0	1.465e-05	2.5393e-10	-10.0	-2.5
282.5	1.465e-05	2.5438e-10	-10.0	-2.5
283.0	1.4651e-05	2.5495e-10	-10.0	-2.5
283.5	1.4649e-05	2.5379e-10	-10.0	-2.5
284.0	1.465e-05	2.5404e-10	-10.0	-2.5
284.5	1.465e-05	2.5264e-10	-10.0	-2.5
285.0	1.465e-05	2.5278e-10	-10.0	-2.5
285.5	1.4649e-05	2.5369e-10	-10.0	-2.5
286.0	1.4649e-05	2.5422e-10	-10.0	-2.5
286.5	1.4647e-05	2.5364e-10	-10.0	-2.5
287.0	1.4648e-05	2.5391e-10	-10.0	-2.5
287.5	1.4646e-05	2.5447e-10	-10.0	-2.5
288.0	1.4646e-05	2.5392e-10	-10.0	-2.5
288.5	1.4646e-05	2.5355e-10	-10.0	-2.5
289.0	1.4646e-05	2.5345e-10	-10.0	-2.5
289.5	1.4646e-05	2.5373e-10	-10.0	-2.5
290.0	1.4645e-05	2.541e-10	-10.0	-2.5
290.5	1.4643e-05	2.5375e-10	-10.0	-2.5
291.0	1.4644e-05	2.5389e-10	-10.0	-2.5
291.5	1.4644e-05	2.534e-10	-10.0	-2.5
292.0	1.4642e-05	2.5366e-10	-10.0	-2.5
292.5	1.4641e-05	2.545e-10	-10.0	-2.5
293.0	1.4643e-05	2.5365e-10	-10.0	-2.5
293.5	1.4645e-05	2.5379e-10	-10.0	-2.5
294.0	1.4642e-05	2.5367e-10	-10.0	-2.5
294.5	1.4642e-05	2.5378e-10	-10.0	-2.5
295.0	1.4641e-05	2.543e-10	-10.0	-2.5
295.5	1.4638e-05	2.54e-10	-10.0	-2.5
296.0	1.4641e-05	2.5347e-10	-10.0	-2.5
296.5	1.464e-05	2.5361e-10	-10.0	-2.5
297.0	1.4639e-05	2.5376e-10	-10.0	-2.5
297.5	1.4641e-05	2.5282e-10	-10.0	-2.5
298.0	1.4641e-05	2.5321e-10	-10.0	-2.5
298.5	1.4641e-05	2.5356e-10	-10.0	-2.5
299.0	1.4646e-05	2.8013e-10	-10.0	-2.5
299.5	1.4637e-05	4.6276e-10	-10.0	-2.5
300.0	1.4636e-05	4.3511e-10	-10.0	-2.5
300.5	1.4635e-05	4.3345e-10	-10.0	-2.5
301.0	1.4635e-05	4.317e-10	-10.0	-2.5
301.5	1.4632e-05	4.2934e-10	-10.0	-2.5
302.0	1.463e-05	4.275e-10	-10.0	-2.5
302.5	1.4628e-05	4.2414e-10	-10.0	-2.5
303.0	1.463e-05	4.2197e-10	-10.0	-2.5
303.5	1.4629e-05	4.2e-10	-10.0	-2.5
304.0	1.4627e-05	4.1744e-10	-10.0	-2.5
304.5	1.4625e-05	4.1482e-10	-10.0	-2.5
305.0	1.4626e-05	4.1374e-10	-10.0	-2.5
305.5	1.4628e-05	4.1172e-10	-10.0	-2.5
306.0	1.4628e-05	4.1083e-10	-10.0	-2.5
306.5	1.4627e-05	4.0777e-10	-10.0	-2.5
307.0	1.4626e-05	4.0767e-10	-10.0	-2.5
307.5	1.4627e-05	4.0573e-10	-10.0	-2.5
308.0	1.4627e-05	4.0394e-10	-10.0	-2.5
308.5	1.4628e-05	4.0289e-10	-10.0	-2.5
309.0	1.4628e-05	4.014e-10	-10.0	-2.5
309.5	1.4626e-05	3.9951e-10	-10.0	-2.5
310.0	1.4626e-05	3.9936e-10	-10.0	-2.5
310.5	1.4629e-05	3.9885e-10	-10.0	-2.5
311.0	1.4629e-05	3.9789e-10	-10.0	-2.5
311.5	1.4631e-05	3.9681e-10	-10.0	-2.5
312.0	1.4629e-05	3.9526e-10	-10.0	-2.5
312.5	1.4631e-05	3.9542e-10	-10.0	-2.5
313.0	1.4631e-05	3.9455e-10	-10.0	-2.5
313.5	1.4634e-05	3.9414e-10	-10.0	-2.5
314.0	1.4637e-05	3.9281e-10	-10.0	-2.5
314.5	1.4636e-05	3.9178e-10	-10.0	-2.5
315.0	1.4635e-05	3.9164e-10	-10.0	-2.5
315.5	1.4637e-05	3.9143e-10	-10.0	-2.5
316.0	1.4637e-05	3.907e-10	-10.0	-2.5
316.5	1.4634e-05	3.9069e-10	-10.0	-2.5
317.0	1.4635e-05	3.9006e-10	-10.0	-2.5
317.5	1.4636e-05	3.8904e-10	-10.0	-2.5
318.0	1.4635e-05	3.8815e-10	-10.0	-2.5
318.5	1.4637e-05	3.8824e-10	-10.0	-2.5
319.0	1.4637e-05	3.8847e-10	-10.0	-2.5
319.5	1.4638e-05	3.8812e-10	-10.0	-2.5
320.0	1.4639e-05	3.8677e-10	-10.0	-2.5
320.5	1.4638e-05	3.8664e-10	-10.0	-2.5
321.0	1.4638e-05	3.8622e-10	-10.0	-2.5
321.5	1.4639e-05	3.8557e-10	-10.0	-2.5
322.0	1.464e-05	3.8604e-10	-10.0	-2.5
322.5	1.4639e-05	3.856e-10	-10.0	-2.5
323.0	1.4641e-05	3.8605e-10	-10.0	-2.5
323.5	1.464e-05	3.8508e-10	-10.0	-2.5
324.0	1.4644e-05	3.8506e-10	-10.0	-2.5
324.5	1.4645e-05	3.8493e-10	-10.0	-2.5
325.0	1.4645e-05	3.8556e-10	-10.0	-2.5
325.5	1.4644e-05	3.8552e-10	-10.0	-2.5
326.0	1.4646e-05	3.8512e-10	-10.0	-2.5
326.5	1.4647e-05	3.8517e-10	-10.0	-2.5
327.0	1.4649e-05	3.8481e-10	-10.0	-2.5
327.5	1.4649e-05	3.8444e-10	-10.0	-2.5
328.0	1.4648e-05	3.849e-10	-10.0	-2.5
328.5	1.4649e-05	3.8588e-10	-10.0	-2.5
329.0	1.4648e-05	3.8538e-10	-10.0	-2.5
329.5	1.4649e-05	3.8562e-10	-10.0	-2.5
330.0	1.4649e-05	3.8533e-10	-10.0	-2.5
330.5	1.4653e-05	3.8557e-10	-10.0	-2.5
331.0	1.4653e-05	3.8642e-10	-10.0	-2.5
331.5	1.4652e-05	3.8574e-10	-10.0	-2.5
332.0	1.4654e-05	3.8562e-10	-10.0	-2.5
332.5	1.4654e-05	3.8495e-10	-10.0	-2.5
333.0	1.4654e-05	3.8613e-10	-10.0	-2.5
333.5	1.4656e-05	3.8562e-10	-10.0	-2.5
334.0	1.4655e-05	3.8543e-10	-10.0	-2.5
334.5	1.4657e-05	3.8625e-10	-10.0	-2.5
335.0	1.4656e-05	3.8533e-10	-10.0	-2.5
335.5	1.4656e-05	3.8586e-10	-10.0	-2.5
336.0	1.4658e-05	3.8617e-10	-10.0	-2.5
336.5	1.4656e-05	3.8659e-10	-10.0	-2.5
337.0	1.4657e-05	3.8609e-10	-10.0	-2.5
337.5	1.4659e-05	3.8651e-10	-10.0	-2.5
338.0	1.4657e-05	3.8708e-10	-10.0	-2.5
338.5	1.4659e-05	3.8664e-10	-10.0	-2.5
339.0	1.4658e-05	3.8564e-10	-10.0	-2.5
339.5	1.4659e-05	3.8668e-10	-10.0	-2.5
340.0	1.4657e-05	3.861e-10	-10.0	-2.5
340.5	1.466e-05	3.8701e-10	-10.0	-2.5
341.0	1.4663e-05	3.8575e-10	-10.0	-2.5
341.5	1.4661e-05	3.8619e-10	-10.0	-2.5
342.0	1.4663e-05	3.8672e-10	-10.0	-2.5
342.5	1.4665e-05	3.8723e-10	-10.0	-2.5
343.0	1.4665e-05	3.8726e-10	-10.0	-2.5
343.5	1.4665e-05	3.8754e-10	-10.0	-2.5
344.0	1.4666e-05	3.8634e-10	-10.0	-2.5
344.5	1.4667e-05	3.872e-10	-10.0	-2.5
345.0	1.4667e-05	3.8706e-10	-10.0	-2.5
345.5	1.4667e-05	3.8651e-10	-10.0	-2.5
346.0	1.467e-05	3.8729e-10	-10.0	-2.5
346.5	1.467e-05	3.8727e-10	-10.0	-2.5
347.0	1.4669e-05	3.8718e-10	-10.0	-2.5
347.5	1.4671e-05	3.8683e-10	-10.0	-2.5
348.0	1.4672e-05	3.8591e-10	-10.0	-2.5
348.5	1.4674e-05	3.8636e-10	-10.0	-2.5
349.0	1.4673e-05	3.8709e-10	-10.0	-2.5
349.5	1.4674e-05	3.8716e-10	-10.0	-2.5
350.0	1.4676e-05	3.8711e-10	-10.0	-2.5
350.5	1.4674e-05	3.884e-10	-10.0	-2.5
351.0	1.4676e-05	3.8714e-10	-10.0	-2.5
351.5	1.4678e-05	3.8697e-10	-10.0	-2.5
352.0	1.468e-05	3.8694e-10	-10.0	-2.5
352.5	1.4681e-05	3.8775e-10	-10.0	-2.5
353.0	1.4682e-05	3.8771e-10	-10.0	-2.5
353.5	1.4682e-05	3.8713e-10	-10.0	-2.5
354.0	1.4681e-05	3.881e-10	-10.0	-2.5
354.5	1.4683e-05	3.8852e-10	-10.0	-2.5
355.0	1.4683e-05	3.8844e-10	-10.0	-2.5
355.5	1.4685e-05	3.8846e-10	-10.0	-2.5
356.0	1.4686e-05	3.8865e-10	-10.0	-2.5
356.5	1.4688e-05	3.8861e-10	-10.0	-2.5
357.0	1.4688e-05	3.8947e-10	-10.0	-2.5
357.5	1.4688e-05	3.8912e-10	-10.0	-2.5
358.0	1.4689e-05	3.8884e-10	-10.0	-2.5
358.5	1.4689e-05	3.8918e-10	-10.0	-2.5
359.0	1.4705e-05	2.769e-10	-10.0	-2.5
359.5	1.4708e-05	2.1189e-10	-10.0	-2.5
360.0	1.4708e-05	2.068e-10	-10.0	-2.5
360.5	1.4705e-05	2.0851e-10	-10.0	-2.5
361.0	1.4696e-05	2.1439e-10	-10.0	-2.5
361.5	1.4697e-05	2.2865e-10	-10.0	-2.5
362.0	1.4696e-05	2.1564e-10	-10.0	-2.5
362.5	1.4698e-05	2.1762e-10	-10.0	-2.5
363.0	1.4699e-05	2.2009e-10	-10.0	-2.5
363.5	1.4702e-05	2.2441e-10	-10.0	-2.5
364.0	1.4704e-05	2.269e-10	-10.0	-2.5
364.5	1.4704e-05	2.287e-10	-10.0	-2.5
365.0	1.4704e-05	2.3062e-10	-10.0	-2.5
365.5	1.4705e-05	2.3256e-10	-10.0	-2.5
366.0	1.4705e-05	2.338e-10	-10.0	-2.5
366.5	1.4707e-05	2.3654e-10	-10.0	-2.5
367.0	1.4707e-05	2.3764e-10	-10.0	-2.5
367.5	1.4708e-05	2.3973e-10	-10.0	-2.5
368.0	1.4708e-05	2.4085e-10	-10.0	-2.5
368.5	1.4707e-05	2.4298e-10	-10.0	-2.5
369.0	1.4707e-05	2.4353e-10	-10.0	-2.5
369.5	1.4708e-05	2.4538e-10	-10.0	-2.5
370.0	1.4709e-05	2.4724e-10	-10.0	-2.5
370.5	1.471e-05	2.4823e-10	-10.0	-2.5
371.0	1.471e-05	2.4867e-10	-10.0	-2.5
371.5	1.4709e-05	2.505e-10	-10.0	-2.5
372.0	1.4707e-05	2.5065e-10	-10.0	-2.5
372.5	1.4707e-05	2.5222e-10	-10.0	-2.5
373.0	1.4707e-05	2.5227e-10	-10.0	-2.5
373.5	1.4708e-05	2.5221e-10	-10.0	-2.5
374.0	1.4709e-05	2.5293e-10	-10.0	-2.5
374.5	1.4707e-05	2.5369e-10	-10.0	-2.5
375.0	1.4708e-05	2.5508e-10	-10.0	-2.5
375.5	1.4709e-05	2.5546e-10	-10.0	-2.5
376.0	1.471e-05	2.5692e-10	-10.0	-2.5
376.5	1.4709e-05	2.5714e-10	-10.0	-2.5
377.0	1.4709e-05	2.5651e-10	-10.0	-2.5
377.5	1.471e-05	2.5715e-10	-10.0	-2.5
378.0	1.4708e-05	2.5775e-10	-10.0	-2.5
378.5	1.4707e-05	2.5864e-10	-10.0	-2.5
379.0	1.4707e-05	2.5958e-10	-10.0	-2.5
379.5	1.4707e-05	2.5904e-10	-10.0	-2.5
380.0	1.4708e-05	2.5864e-10	-10.0	-2.5
380.5	1.4709e-05	2.5966e-10	-10.0	-2.5
381.0	1.4707e-05	2.6009e-10	-10.0	-2.5
381.5	1.4706e-05	2.5959e-10	-10.0	-2.5
382.0	1.4704e-05	2.6048e-10	-10.0	-2.5
382.5	1.4707e-05	2.6084e-10	-10.0	-2.5
383.0	1.4706e-05	2.6096e-10	-10.0	-2.5
383.5	1.4708e-05	2.6115e-10	-10.0	-2.5
384.0	1.4706e-05	2.6118e-10	-10.0	-2.5
384.5	1.4708e-05	2.612e-10	-10.0	-2.5
385.0	1.4707e-05	2.6209e-10	-10.0	-2.5
385.5	1.4707e-05	2.6138e-10	-10.0	-2.5
386.0	1.4705e-05	2.6204e-10	-10.0	-2.5
386.5	1.4706e-05	2.6142e-10	-10.0	-2.5
387.0	1.4706e-05	2.6266e-10	-10.0	-2.5
387.5	1.4706e-05	2.623e-10	-10.0	-2.5
388.0	1.4706e-05	2.6145e-10	-10.0	-2.5
388.5	1.4705e-05	2.6289e-10	-10.0	-2.5
389.0	1.4705e-05	2.6239e-10	-10.0	-2.5
389.5	1.4705e-05	2.6232e-10	-10.0	-2.5
390.0	1.4703e-05	2.6173e-10	-10.0	-2.5
390.5	1.4704e-05	2.6243e-10	-10.0	-2.5
391.0	1.4703e-05	2.6122e-10	-10.0	-2.5
391.5	1.4704e-05	2.6196e-10	-10.0	-2.5
392.0	1.4705e-05	2.6193e-10	-10.0	-2.5
392.5	1.4702e-05	2.6226e-10	-10.0	-2.5
393.0	1.47e-05	2.6245e-10	-10.0	-2.5
393.5	1.47e-05	2.6139e-10	-10.0	-2.5
394.0	1.4699e-05	2.6209e-10	-10.0	-2.5
394.5	1.4699e-05	2.6197e-10	-10.0	-2.5
395.0	1.4697e-05	2.6224e-10	-10.0	-2.5
395.5	1.4698e-05	2.6083e-10	-10.0	-2.5
396.0	1.4698e-05	2.6221e-10	-10.0	-2.5
396.5	1.4696e-05	2.625e-10	-10.0	-2.5
397.0	1.4695e-05	2.6236e-10	-10.0	-2.5
397.5	1.4694e-05	2.626e-10	-10.0	-2.5
398.0	1.4695e-05	2.6171e-10	-10.0	-2.5
398.5	1.4694e-05	2.6248e-10	-10.0	-2.5
399.0	1.4693e-05	2.6271e-10	-10.0	-2.5
399.5	1.4693e-05	2.6311e-10	-10.0	-2.5
400.0	1.4693e-05	2.6286e-10	-10.0	-2.5
400.5	1.4693e-05	2.6269e-10	-10.0	-2.5
401.0	1.469e-05	2.6335e-10	-10.0	-2.5
401.5	1.4688e-05	2.6273e-10	-10.0	-2.5
402.0	1.4689e-05	2.6313e-10	-10.0	-2.5
402.5	1.4689e-05	2.6305e-10	-10.0	-2.5
403.0	1.4689e-05	2.6245e-10	-10.0	-2.5
403.5	1.4691e-05	2.6254e-10	-10.0	-2.5
404.0	1.4691e-05	2.6208e-10	-10.0	-2.5
404.5	1.4691e-05	2.6269e-10	-10.0	-2.5
405.0	1.4689e-05	2.621e-10	-10.0	-2.5
405.5	1.469e-05	2.6245e-10	-10.0	-2.5
406.0	1.4687e-05	2.6321e-10	-10.0	-2.5
406.5	1.4686e-05	2.6198e-10	-10.0	-2.5
407.0	1.4687e-05	2.6272e-10	-10.0	-2.5
407.5	1.4684e-05	2.6161e-10	-10.0	-2.5
408.0	1.4683e-05	2.6192e-10	-10.0	-2.5
408.5	1.4684e-05	2.6253e-10	-10.0	-2.5
409.0	1.4683e-05	2.6102e-10	-10.0	-2.5
409.5	1.4682e-05	2.6179e-10	-10.0	-2.5
410.0	1.4683e-05	2.6235e-10	-10.0	-2.5
410.5	1.4682e-05	2.6308e-10	-10.0	-2.5
411.0	1.468e-05	2.6317e-10	-10.0	-2.5
411.5	1.4681e-05	2.6295e-10	-10.0	-2.5
412.0	1.4681e-05	2.6314e-10	-10.0	-2.5
412.5	1.4679e-05	2.625e-10	-10.0	-2.5
413.0	1.4678e-05	2.619e-10	-10.0	-2.5
413.5	1.4677e-05	2.633e-10	-10.0	-2.5
414.0	1.4676e-05	2.6276e-10	-10.0	-2.5
414.5	1.4673e-05	2.6208e-10	-10.0	-2.5
415.0	1.4672e-05	2.6232e-10	-10.0	-2.5
415.5	1.4673e-05	2.6081e-10	-10.0	-2.5
416.0	1.467e-05	2.6122e-10	-10.0	-2.5
416.5	1.4669e-05	2.6332e-10	-10.0	-2.5
417.0	1.4669e-05	2.6283e-10	-10.0	-2.5
417.5	1.4666e-05	2.6684e-10	-10.0	-2.5
418.0	1.4665e-05	2.6815e-10	-10.0	-2.5
418.5	1.4666e-05	2.6997e-10	-10.0	-2.5
419.0	1.4674e-05	2.8638e-10	-10.0	-2.5
419.5	1.4682e-05	4.4278e-10	-10.0	-2.5
420.0	1.4682e-05	4.456e-10	-10.0	-2.5
420.5	1.4679e-05	4.4542e-10	-10.0	-2.5
421.0	1.468e-05	4.4146e-10	-10.0	-2.5
421.5	1.4678e-05	4.3949e-10	-10.0	-2.5
422.0	1.4675e-05	4.3767e-10	-10.0	-2.5
422.5	1.4674e-05	4.357e-10	-10.0	-2.5
423.0	1.4674e-05	4.3409e-10	-10.0	-2.5
423.5	1.4658e-05	4.7332e-10	-10.0	-2.5
424.0	1.4656e-05	4.2632e-10	-10.0	-2.5
424.5	1.4657e-05	4.2464e-10	-10.0	-2.5
425.0	1.4654e-05	4.2248e-10	-10.0	-2.5
425.5	1.4654e-05	4.2047e-10	-10.0	-2.5
426.0	1.4655e-05	4.1915e-10	-10.0	-2.5
426.5	1.4656e-05	4.1793e-10	-10.0	-2.5
427.0	1.4655e-05	4.1574e-10	-10.0	-2.5
427.5	1.4655e-05	4.1422e-10	-10.0	-2.5
428.0	1.4656e-05	4.1272e-10	-10.0	-2.5
428.5	1.4655e-05	4.1134e-10	-10.0	-2.5
429.0	1.4655e-05	4.104e-10	-10.0	-2.5
429.5	1.4655e-05	4.081e-10	-10.0	-2.5
430.0	1.4653e-05	4.0765e-10	-10.0	-2.5
430.5	1.4654e-05	4.0697e-10	-10.0	-2.5
431.0	1.4654e-05	4.0631e-10	-10.0	-2.5
431.5	1.4655e-05	4.0518e-10	-10.0	-2.5
432.0	1.4654e-05	4.0509e-10	-10.0	-2.5
432.5	1.4655e-05	4.0347e-10	-10.0	-2.5
433.0	1.4657e-05	4.0224e-10	-10.0	-2.5
433.5	1.4657e-05	4.0197e-10	-10.0	-2.5
434.0	1.4657e-05	4.0079e-10	-10.0	-2.5
434.5	1.4655e-05	4.0052e-10	-10.0	-2.5
435.0	1.4654e-05	3.9937e-10	-10.0	-2.5
435.5	1.4656e-05	3.9946e-10	-10.0	-2.5
436.0	1.4655e-05	3.9798e-10	-10.0	-2.5
436.5	1.4656e-05	3.9792e-10	-10.0	-2.5
437.0	1.4657e-05	3.972e-10	-10.0	-2.5
437.5	1.4659e-05	3.9702e-10	-10.0	-2.5
438.0	1.4659e-05	3.9632e-10	-10.0	-2.5
438.5	1.466e-05	3.9632e-10	-10.0	-2.5
439.0	1.4659e-05	3.9536e-10	-10.0	-2.5
439.5	1.4658e-05	3.9476e-10	-10.0	-2.5
440.0	1.4661e-05	3.9525e-10	-10.0	-2.5
440.5	1.4662e-05	3.9405e-10	-10.0	-2.5
441.0	1.4663e-05	3.9423e-10	-10.0	-2.5
441.5	1.4662e-05	3.9436e-10	-10.0	-2.5
442.0	1.4663e-05	3.9348e-10	-10.0	-2.5
442.5	1.4665e-05	3.9301e-10	-10.0	-2.5
443.0	1.4666e-05	3.9258e-10	-10.0	-2.5
443.5	1.4664e-05	3.929e-10	-10.0	-2.5
444.0	1.4666e-05	3.9269e-10	-10.0	-2.5
444.5	1.4667e-05	3.9204e-10	-10.0	-2.5
445.0	1.4668e-05	3.9129e-10	-10.0	-2.5
445.5	1.4668e-05	3.9173e-10	-10.0	-2.5
446.0	1.4669e-05	3.9169e-10	-10.0	-2.5
446.5	1.467e-05	3.925e-10	-10.0	-2.5
447.0	1.4671e-05	3.9174e-10	-10.0	-2.5
447.5	1.4669e-05	3.9205e-10	-10.0	-2.5
448.0	1.467e-05	3.9182e-10	-10.0	-2.5
448.5	1.4671e-05	3.9192e-10	-10.0	-2.5
449.0	1.4671e-05	3.9192e-10	-10.0	-2.5
449.5	1.4671e-05	3.9155e-10	-10.0	-2.5
450.0	1.4674e-05	3.9122e-10	-10.0	-2.5
450.5	1.4674e-05	3.9249e-10	-10.0	-2.5
451.0	1.4673e-05	3.9234e-10	-10.0	-2.5
451.5	1.4676e-05	3.921e-10	-10.0	-2.5
452.0	1.4675e-05	3.9147e-10	-10.0	-2.5
452.5	1.4678e-05	3.9256e-10	-10.0	-2.5
453.0	1.4679e-05	3.9175e-10	-10.0	-2.5
453.5	1.4679e-05	3.926e-10	-10.0	-2.5
454.0	1.468e-05	3.9247e-10	-10.0	-2.5
454.5	1.4681e-05	3.9191e-10	-10.0	-2.5
455.0	1.4681e-05	3.9218e-10	-10.0	-2.5
455.5	1.4682e-05	3.9189e-10	-10.0	-2.5
456.0	1.4682e-05	3.9324e-10	-10.0	-2.5
456.5	1.4681e-05	3.9351e-10	-10.0	-2.5
457.0	1.4684e-05	3.9349e-10	-10.0	-2.5
457.5	1.4685e-05	3.9199e-10	-10.0	-2.5
458.0	1.4686e-05	3.9247e-10	-10.0	-2.5
458.5	1.4686e-05	3.9333e-10	-10.0	-2.5
459.0	1.4689e-05	3.9277e-10	-10.0	-2.5
459.5	1.4687e-05	3.9271e-10	-10.0	-2.5
460.0	1.4689e-05	3.9314e-10	-10.0	-2.5
460.5	1.4691e-05	3.9336e-10	-10.0	-2.5
461.0	1.469e-05	3.9287e-10	-10.0	-2.5
461.5	1.4689e-05	3.9293e-10	-10.0	-2.5
462.0	1.4691e-05	3.9275e-10	-10.0	-2.5
462.5	1.4691e-05	3.93e-10	-10.0	-2.5
463.0	1.469e-05	3.9338e-10	-10.0	-2.5
463.5	1.469e-05	3.935e-10	-10.0	-2.5
464.0	1.4693e-05	3.9303e-10	-10.0	-2.5
464.5	1.4691e-05	3.9446e-10	-10.0	-2.5
465.0	1.4692e-05	3.9318e-10	-10.0	-2.5
465.5	1.4694e-05	3.937e-10	-10.0	-2.5
466.0	1.4694e-05	3.9425e-10	-10.0	-2.5
466.5	1.4694e-05	3.9426e-10	-10.0	-2.5
467.0	1.4697e-05	3.9376e-10	-10.0	-2.5
467.5	1.47e-05	3.9376e-10	-10.0	-2.5
468.0	1.4699e-05	3.9444e-10	-10.0	-2.5
468.5	1.4699e-05	3.9472e-10	-10.0	-2.5
469.0	1.4701e-05	3.9377e-10	-10.0	-2.5
469.5	1.4701e-05	3.9456e-10	-10.0	-2.5
470.0	1.4702e-05	3.9418e-10	-10.0	-2.5
470.5	1.4704e-05	3.9413e-10	-10.0	-2.5
471.0	1.4705e-05	3.9493e-10	-10.0	-2.5
471.5	1.4705e-05	3.9544e-10	-10.0	-2.5
472.0	1.4707e-05	3.9467e-10	-10.0	-2.5
472.5	1.4707e-05	3.9434e-10	-10.0	-2.5
473.0	1.4707e-05	3.9492e-10	-10.0	-2.5
473.5	1.4707e-05	3.9494e-10	-10.0	-2.5
474.0	1.471e-05	3.9395e-10	-10.0	-2.5
474.5	1.4711e-05	3.9426e-10	-10.0	-2.5
475.0	1.4711e-05	3.9535e-10	-10.0	-2.5
475.5	1.4711e-05	3.9474e-10	-10.0	-2.5
476.0	1.4713e-05	3.9565e-10	-10.0	-2.5
476.5	1.4713e-05	3.9548e-10	-10.0	-2.5
477.0	1.4712e-05	3.9532e-10	-10.0	-2.5
477.5	1.4712e-05	3.9664e-10	-10.0	-2.5
478.0	1.4714e-05	3.9581e-10	-10.0	-2.5
478.5	1.4715e-05	3.9602e-10	-10.0	-2.5
479.0	1.4723e-05	2.8621e-10	-10.0	-2.5
479.5	1.4722e-05	2.2775e-10	-10.0	-2.5
480.0	1.4722e-05	2.2914e-10	-10.0	-2.5
480.5	1.4722e-05	2.3144e-10	-10.0	-2.5
481.0	1.4724e-05	2.3482e-10	-10.0	-2.5
481.5	1.4725e-05	2.3713e-10	-10.0	-2.5
482.0	1.4726e-05	2.4116e-10	-10.0	-2.5
482.5	1.4728e-05	2.4356e-10	-10.0	-2.5
483.0	1.4728e-05	2.4682e-10	-10.0	-2.5
483.5	1.4729e-05	2.4898e-10	-10.0	-2.5
484.0	1.4729e-05	2.5191e-10	-10.0	-2.5
484.5	1.4732e-05	2.5466e-10	-10.0	-2.5
485.0	1.4729e-05	2.5679e-10	-10.0	-2.5
485.5	1.4731e-05	2.5808e-10	-10.0	-2.5
486.0	1.4731e-05	2.6182e-10	-10.0	-2.5
486.5	1.4732e-05	2.6253e-10	-10.0	-2.5
487.0	1.4732e-05	2.6432e-10	-10.0	-2.5
487.5	1.4732e-05	2.6558e-10	-10.0	-2.5
488.0	1.4735e-05	2.6598e-10	-10.0	-2.5
488.5	1.4736e-05	2.6757e-10	-10.0	-2.5
489.0	1.4735e-05	2.7024e-10	-10.0	-2.5
489.5	1.4736e-05	2.711e-10	-10.0	-2.5
490.0	1.4735e-05	2.6894e-10	-10.0	-2.5
490.5	1.4736e-05	2.7211e-10	-10.0	-2.5
491.0	1.4736e-05	2.7415e-10	-10.0	-2.5
491.5	1.4737e-05	2.7492e-10	-10.0	-2.5
492.0	1.4738e-05	2.767e-10	-10.0	-2.5
492.5	1.4738e-05	2.7541e-10	-10.0	-2.5
493.0	1.4735e-05	2.7763e-10	-10.0	-2.5
493.5	1.4737e-05	2.772e-10	-10.0	-2.5
494.0	1.4736e-05	2.785e-10	-10.0	-2.5
494.5	1.4735e-05	2.7951e-10	-10.0	-2.5
495.0	1.4734e-05	2.7857e-10	-10.0	-2.5
495.5	1.4734e-05	2.7855e-10	-10.0	-2.5
496.0	1.4734e-05	2.7796e-10	-10.0	-2.5
496.5	1.4734e-05	2.7932e-10	-10.0	-2.5
497.0	1.4737e-05	2.7897e-10	-10.0	-2.5
497.5	1.4736e-05	2.8193e-10	-10.0	-2.5
498.0	1.4736e-05	2.8119e-10	-10.0	-2.5
498.5	1.4734e-05	2.8073e-10	-10.0	-2.5
499.0	1.4733e-05	2.824e-10	-10.0	-2.5
499.5	1.4732e-05	2.8242e-10	-10.0	-2.5
500.0	1.4732e-05	2.8217e-10	-10.0	-2.5
500.5	1.4732e-05	2.8291e-10	-10.0	-2.5
501.0	1.4731e-05	2.8336e-10	-10.0	-2.5
501.5	1.4729e-05	2.8325e-10	-10.0	-2.5
502.0	1.4728e-05	2.8446e-10	-10.0	-2.5
502.5	1.4727e-05	2.8486e-10	-10.0	-2.5
503.0	1.4728e-05	2.8492e-10	-10.0	-2.5
503.5	1.4729e-05	2.8438e-10	-10.0	-2.5
504.0	1.4728e-05	2.8493e-10	-10.0	-2.5
504.5	1.4728e-05	2.8494e-10	-10.0	-2.5
505.0	1.4727e-05	2.8614e-10	-10.0	-2.5
505.5	1.4728e-05	2.8606e-10	-10.0	-2.5
506.0	1.4727e-05	2.8651e-10	-10.0	-2.5
506.5	1.4726e-05	2.8711e-10	-10.0	-2.5
507.0	1.4724e-05	2.8679e-10	-10.0	-2.5
507.5	1.4725e-05	2.8705e-10	-10.0	-2.5
508.0	1.4727e-05	2.8635e-10	-10.0	-2.5
508.5	1.4724e-05	2.8698e-10	-10.0	-2.5
509.0	1.4724e-05	2.8743e-10	-10.0	-2.5
509.5	1.4725e-05	2.871e-10	-10.0	-2.5
510.0	1.4725e-05	2.889e-10	-10.0	-2.5
510.5	1.4725e-05	2.8915e-10	-10.0	-2.5
511.0	1.4723e-05	2.8857e-10	-10.0	-2.5
511.5	1.4722e-05	2.8771e-10	-10.0	-2.5
512.0	1.4723e-05	2.8802e-10	-10.0	-2.5
512.5	1.472e-05	2.8938e-10	-10.0	-2.5
513.0	1.4718e-05	2.8838e-10	-10.0	-2.5
513.5	1.4718e-05	2.8828e-10	-10.0	-2.5
514.0	1.4716e-05	2.892e-10	-10.0	-2.5
514.5	1.4717e-05	2.8787e-10	-10.0	-2.5
515.0	1.4716e-05	2.8786e-10	-10.0	-2.5
515.5	1.4715e-05	2.8897e-10	-10.0	-2.5
516.0	1.4717e-05	2.8828e-10	-10.0	-2.5
516.5	1.4713e-05	2.8821e-10	-10.0	-2.5
517.0	1.4715e-05	2.8839e-10	-10.0	-2.5
517.5	1.4716e-05	2.8847e-10	-10.0	-2.5
518.0	1.4715e-05	2.8891e-10	-10.0	-2.5
518.5	1.4716e-05	2.8867e-10	-10.0	-2.5
519.0	1.4712e-05	2.8922e-10	-10.0	-2.5
519.5	1.4713e-05	2.8934e-10	-10.0	-2.5
520.0	1.4713e-05	2.8912e-10	-10.0	-2.5
520.5	1.4711e-05	2.8957e-10	-10.0	-2.5
521.0	1.4711e-05	2.9026e-10	-10.0	-2.5
521.5	1.471e-05	2.8921e-10	-10.0	-2.5
522.0	1.4708e-05	2.8936e-10	-10.0	-2.5
522.5	1.4711e-05	2.8941e-10	-10.0	-2.5
523.0	1.471e-05	2.888e-10	-10.0	-2.5
523.5	1.4708e-05	2.8928e-10	-10.0	-2.5
524.0	1.4708e-05	2.8835e-10	-10.0	-2.5
524.5	1.4708e-05	2.8856e-10	-10.0	-2.5
525.0	1.4704e-05	2.8869e-10	-10.0	-2.5
525.5	1.4707e-05	2.8951e-10	-10.0	-2.5
526.0	1.4706e-05	2.8918e-10	-10.0	-2.5
526.5	1.4704e-05	2.8859e-10	-10.0	-2.5
527.0	1.4703e-05	2.8766e-10	-10.0	-2.5
527.5	1.4701e-05	2.8823e-10	-10.0	-2.5
528.0	1.47e-05	2.8674e-10	-10.0	-2.5
528.5	1.4701e-05	2.8802e-10	-10.0	-2.5
529.0	1.47e-05	2.8802e-10	-10.0	-2.5
529.5	1.4699e-05	2.882e-10	-10.0	-2.5
530.0	1.4695e-05	2.8808e-10	-10.0	-2.5
530.5	1.4694e-05	2.8783e-10	-10.0	-2.5
531.0	1.4696e-05	2.8751e-10	-10.0	-2.5
531.5	1.4697e-05	2.8889e-10	-10.0	-2.5
532.0	1.4697e-05	2.8893e-10	-10.0	-2.5
532.5	1.4697e-05	2.8901e-10	-10.0	-2.5
533.0	1.4694e-05	2.8836e-10	-10.0	-2.5
533.5	1.4693e-05	2.8773e-10	-10.0	-2.5
534.0	1.4693e-05	2.8733e-10	-10.0	-2.5
534.5	1.4696e-05	2.8673e-10	-10.0	-2.5
535.0	1.4696e-05	2.8799e-10	-10.0	-2.5
535.5	1.4695e-05	2.8713e-10	-10.0	-2.5
536.0	1.4697e-05	2.8742e-10	-10.0	-2.5
536.5	1.4695e-05	2.875e-10	-10.0	-2.5
537.0	1.4691e-05	2.8682e-10	-10.0	-2.5
537.5	1.4692e-05	2.8633e-10	-10.0	-2.5
538.0	1.4693e-05	2.8559e-10	-10.0	-2.5
538.5	1.4691e-05	2.8574e-10	-10.0	-2.5
539.0	1.4696e-05	2.8719e-10	-10.0	-2.5
539.5	1.4701e-05	4.443e-10	-10.0	-2.5
540.0	1.4699e-05	4.4868e-10	-10.0	-2.5
540.5	1.47e-05	4.4836e-10	-10.0	-2.5
541.0	1.469e-05	4.5641e-10	-10.0	-2.5
541.5	1.4683e-05	4.4268e-10	-10.0	-2.5
542.0	1.4681e-05	4.4043e-10	-10.0	-2.5
542.5	1.4682e-05	4.3729e-10	-10.0	-2.5
543.0	1.468e-05	4.352e-10	-10.0	-2.5
543.5	1.468e-05	4.3466e-10	-10.0	-2.5
544.0	1.468e-05	4.3166e-10	-10.0	-2.5
544.5	1.4681e-05	4.3074e-10	-10.0	-2.5
545.0	1.4683e-05	4.2877e-10	-10.0	-2.5
545.5	1.4682e-05	4.2732e-10	-10.0	-2.5
546.0	1.4681e-05	4.2528e-10	-10.0	-2.5
546.5	1.4683e-05	4.2418e-10	-10.0	-2.5
547.0	1.4681e-05	4.2296e-10	-10.0	-2.5
547.5	1.468e-05	4.2162e-10	-10.0	-2.5
548.0	1.468e-05	4.2048e-10	-10.0	-2.5
548.5	1.4679e-05	4.1919e-10	-10.0	-2.5
549.0	1.4681e-05	4.1768e-10	-10.0	-2.5
549.5	1.4681e-05	4.176e-10	-10.0	-2.5
550.0	1.4683e-05	4.1558e-10	-10.0	-2.5
550.5	1.468e-05	4.1513e-10	-10.0	-2.5
551.0	1.4679e-05	4.1367e-10	-10.0	-2.5
551.5	1.4681e-05	4.1273e-10	-10.0	-2.5
552.0	1.4681e-05	4.1277e-10	-10.0	-2.5
552.5	1.4681e-05	4.0893e-10	-10.0	-2.5
553.0	1.4681e-05	4.0952e-10	-10.0	-2.5
553.5	1.4681e-05	4.0773e-10	-10.0	-2.5
554.0	1.468e-05	4.0814e-10	-10.0	-2.5
554.5	1.468e-05	4.0776e-10	-10.0	-2.5
555.0	1.4681e-05	4.0697e-10	-10.0	-2.5
555.5	1.4683e-05	4.0621e-10	-10.0	-2.5
556.0	1.4683e-05	4.0641e-10	-10.0	-2.5
556.5	1.4682e-05	4.0556e-10	-10.0	-2.5
557.0	1.4681e-05	4.0478e-10	-10.0	-2.5
557.5	1.4684e-05	4.0539e-10	-10.0	-2.5
558.0	1.4686e-05	4.0442e-10	-10.0	-2.5
558.5	1.4686e-05	4.0407e-10	-10.0	-2.5
559.0	1.4687e-05	4.0362e-10	-10.0	-2.5
559.5	1.4687e-05	4.0266e-10	-10.0	-2.5
560.0	1.4686e-05	4.0139e-10	-10.0	-2.5
560.5	1.4686e-05	4.0247e-10	-10.0	-2.5
561.0	1.4687e-05	4.0258e-10	-10.0	-2.5
561.5	1.4688e-05	4.0191e-10	-10.0	-2.5
562.0	1.4689e-05	4.0301e-10	-10.0	-2.5
562.5	1.469e-05	4.0216e-10	-10.0	-2.5
563.0	1.4691e-05	4.0208e-10	-10.0	-2.5
563.5	1.4693e-05	4.0249e-10	-10.0	-2.5
564.0	1.469e-05	4.0143e-10	-10.0	-2.5
564.5	1.4694e-05	4.0174e-10	-10.0	-2.5
565.0	1.4693e-05	4.034e-10	-10.0	-2.5
565.5	1.4693e-05	4.0288e-10	-10.0	-2.5
566.0	1.4692e-05	4.0373e-10	-10.0	-2.5
566.5	1.4695e-05	4.0174e-10	-10.0	-2.5
567.0	1.4696e-05	4.0243e-10	-10.0	-2.5
567.5	1.4695e-05	4.0223e-10	-10.0	-2.5
568.0	1.4696e-05	4.0173e-10	-10.0	-2.5
568.5	1.4697e-05	4.0235e-10	-10.0	-2.5
569.0	1.4698e-05	4.0189e-10	-10.0	-2.5
569.5	1.47e-05	4.0248e-10	-10.0	-2.5
570.0	1.4699e-05	4.0156e-10	-10.0	-2.5
570.5	1.4698e-05	4.0171e-10	-10.0	-2.5
571.0	1.4701e-05	4.0248e-10	-10.0	-2.5
571.5	1.4698e-05	4.0199e-10	-10.0	-2.5
572.0	1.47e-05	4.0212e-10	-10.0	-2.5
572.5	1.47e-05	4.0225e-10	-10.0	-2.5
573.0	1.4704e-05	4.0239e-10	-10.0	-2.5
573.5	1.4703e-05	4.0204e-10	-10.0	-2.5
574.0	1.4703e-05	4.0262e-10	-10.0	-2.5
574.5	1.4704e-05	4.029e-10	-10.0	-2.5
575.0	1.4705e-05	4.0254e-10	-10.0	-2.5
575.5	1.4705e-05	4.0223e-10	-10.0	-2.5
576.0	1.4706e-05	4.0139e-10	-10.0	-2.5
576.5	1.4704e-05	4.0174e-10	-10.0	-2.5
577.0	1.4706e-05	4.0369e-10	-10.0	-2.5
577.5	1.471e-05	4.0226e-10	-10.0	-2.5
578.0	1.4708e-05	4.0278e-10	-10.0	-2.5
578.5	1.471e-05	4.0194e-10	-10.0	-2.5
579.0	1.4709e-05	4.0193e-10	-10.0	-2.5
579.5	1.4711e-05	4.0318e-10	-10.0	-2.5
580.0	1.4712e-05	4.0352e-10	-10.0	-2.5
580.5	1.4712e-05	4.0201e-10	-10.0	-2.5
581.0	1.4714e-05	4.0276e-10	-10.0	-2.5
581.5	1.4714e-05	4.0326e-10	-10.0	-2.5
582.0	1.4714e-05	4.0413e-10	-10.0	-2.5
582.5	1.4717e-05	4.0298e-10	-10.0	-2.5
583.0	1.4716e-05	4.0357e-10	-10.0	-2.5
583.5	1.4716e-05	4.0384e-10	-10.0	-2.5
584.0	1.4717e-05	4.0502e-10	-10.0	-2.5
584.5	1.4716e-05	4.0364e-10	-10.0	-2.5
585.0	1.472e-05	4.0364e-10	-10.0	-2.5
585.5	1.4719e-05	4.0462e-10	-10.0	-2.5
586.0	1.472e-05	4.0473e-10	-10.0	-2.5
586.5	1.4721e-05	4.0452e-10	-10.0	-2.5
587.0	1.4722e-05	4.0472e-10	-10.0	-2.5
587.5	1.4722e-05	4.0581e-10	-10.0	-2.5
588.0	1.4724e-05	4.0418e-10	-10.0	-2.5
588.5	1.4726e-05	4.0483e-10	-10.0	-2.5
589.0	1.4726e-05	4.0399e-10	-10.0	-2.5
589.5	1.4727e-05	4.044e-10	-10.0	-2.5
590.0	1.4727e-05	4.0482e-10	-10.0	-2.5
590.5	1.4728e-05	4.0495e-10	-10.0	-2.5
591.0	1.4728e-05	4.0506e-10	-10.0	-2.5
591.5	1.4731e-05	4.05e-10	-10.0	-2.5
592.0	1.4731e-05	4.0589e-10	-10.0	-2.5
592.5	1.473e-05	4.0505e-10	-10.0	-2.5
593.0	1.4733e-05	4.0609e-10	-10.0	-2.5
593.5	1.4732e-05	4.0585e-10	-10.0	-2.5
594.0	1.4735e-05	4.05e-10	-10.0	-2.5
594.5	1.4734e-05	4.0585e-10	-10.0	-2.5
595.0	1.4733e-05	4.051e-10	-10.0	-2.5
595.5	1.4733e-05	4.0548e-10	-10.0	-2.5
596.0	1.4734e-05	4.0555e-10	-10.0	-2.5
596.5	1.4735e-05	4.0597e-10	-10.0	-2.5
597.0	1.4736e-05	4.0577e-10	-10.0	-2.5
597.5	1.4739e-05	4.064e-10	-10.0	-2.5
598.0	1.4737e-05	4.0613e-10	-10.0	-2.5
598.5	1.4738e-05	4.0695e-10	-10.0	-2.5
599.0	1.474e-05	4.0651e-10	-10.0	-2.5
599.5	1.4738e-05	4.0627e-10	-10.0	-2.5
600.0	1.4738e-05	4.077e-10	-10.0	-2.5
600.5	1.4739e-05	4.0677e-10	-10.0	-2.5
601.0	1.4739e-05	4.0708e-10	-10.0	-2.5
601.5	1.4742e-05	4.0734e-10	-10.0	-2.5
602.0	1.4741e-05	4.0704e-10	-10.0	-2.5
602.5	1.4744e-05	4.0663e-10	-10.0	-2.5
603.0	1.4745e-05	4.0632e-10	-10.0	-2.5
603.5	1.4746e-05	4.0721e-10	-10.0	-2.5
604.0	1.4746e-05	4.0618e-10	-10.0	-2.5
604.5	1.4748e-05	4.0666e-10	-10.0	-2.5
605.0	1.4747e-05	4.0553e-10	-10.0	-2.5
605.5	1.4746e-05	4.0622e-10	-10.0	-2.5
606.0	1.4748e-05	4.0653e-10	-10.0	-2.5
606.5	1.4748e-05	4.0656e-10	-10.0	-2.5
607.0	1.4748e-05	4.0601e-10	-10.0	-2.5
607.5	1.475e-05	4.0704e-10	-10.0	-2.5
608.0	1.4752e-05	4.0765e-10	-10.0	-2.5
608.5	1.4751e-05	4.0847e-10	-10.0	-2.5
609.0	1.4751e-05	4.07e-10	-10.0	-2.5
609.5	1.475e-05	4.0872e-10	-10.0	-2.5
610.0	1.475e-05	4.0833e-10	-10.0	-2.5
610.5	1.4752e-05	4.0865e-10	-10.0	-2.5
611.0	1.4752e-05	4.0876e-10	-10.0	-2.5
611.5	1.4754e-05	4.0873e-10	-10.0	-2.5
612.0	1.4754e-05	4.0818e-10	-10.0	-2.5
612.5	1.4753e-05	4.0913e-10	-10.0	-2.5
613.0	1.4756e-05	4.0859e-10	-10.0	-2.5
613.5	1.4756e-05	4.0938e-10	-10.0	-2.5
614.0	1.4757e-05	4.0932e-10	-10.0	-2.5
614.5	1.476e-05	4.0872e-10	-10.0	-2.5
615.0	1.4759e-05	4.0952e-10	-10.0	-2.5
615.5	1.4761e-05	4.0951e-10	-10.0	-2.5
616.0	1.476e-05	4.0933e-10	-10.0	-2.5
616.5	1.4763e-05	4.0973e-10	-10.0	-2.5
617.0	1.4762e-05	4.0986e-10	-10.0	-2.5
617.5	1.4763e-05	4.1075e-10	-10.0	-2.5
618.0	1.4761e-05	4.1048e-10	-10.0	-2.5
618.5	1.4765e-05	4.0982e-10	-10.0	-2.5
619.0	1.4764e-05	4.0991e-10	-10.0	-2.5
619.5	1.4766e-05	4.0972e-10	-10.0	-2.5
620.0	1.4767e-05	4.0991e-10	-10.0	-2.5
620.5	1.4766e-05	4.097e-10	-10.0	-2.5
621.0	1.4767e-05	4.1033e-10	-10.0	-2.5
621.5	1.4767e-05	4.1e-10	-10.0	-2.5
622.0	1.4768e-05	4.1013e-10	-10.0	-2.5
622.5	1.4767e-05	4.1039e-10	-10.0	-2.5
623.0	1.4769e-05	4.1025e-10	-10.0	-2.5
623.5	1.4769e-05	4.101e-10	-10.0	-2.5
624.0	1.477e-05	4.104e-10	-10.0	-2.5
624.5	1.4769e-05	4.1088e-10	-10.0	-2.5
625.0	1.477e-05	4.1071e-10	-10.0	-2.5
625.5	1.4771e-05	4.1163e-10	-10.0	-2.5
626.0	1.4772e-05	4.1148e-10	-10.0	-2.5
626.5	1.4772e-05	4.1159e-10	-10.0	-2.5
627.0	1.4773e-05	4.1222e-10	-10.0	-2.5
627.5	1.4773e-05	4.1148e-10	-10.0	-2.5
628.0	1.4773e-05	4.1267e-10	-10.0	-2.5
628.5	1.4774e-05	4.1173e-10	-10.0	-2.5
629.0	1.4775e-05	4.1249e-10	-10.0	-2.5
629.5	1.4776e-05	4.1156e-10	-10.0	-2.5
630.0	1.4776e-05	4.1223e-10	-10.0	-2.5
630.5	1.4778e-05	4.1239e-10	-10.0	-2.5
631.0	1.4777e-05	4.1284e-10	-10.0	-2.5
631.5	1.4778e-05	4.1274e-10	-10.0	-2.5
632.0	1.4781e-05	4.1204e-10	-10.0	-2.5
632.5	1.4781e-05	4.1424e-10	-10.0	-2.5
633.0	1.4782e-05	4.1265e-10	-10.0	-2.5
633.5	1.4782e-05	4.131e-10	-10.0	-2.5
634.0	1.4786e-05	4.1359e-10	-10.0	-2.5
634.5	1.4786e-05	4.131e-10	-10.0	-2.5
635.0	1.4787e-05	4.1281e-10	-10.0	-2.5
635.5	1.4788e-05	4.1348e-10	-10.0	-2.5
636.0	1.4789e-05	4.1345e-10	-10.0	-2.5
636.5	1.4789e-05	4.1294e-10	-10.0	-2.5
637.0	1.4786e-05	4.1354e-10	-10.0	-2.5
